55
-101 508 -38 438 136 -201 -527 -659 -27 79 153 -358 -49 256 528 -577 962 442 -99 727 -828 566 396 -97 462 -423 -588 465 856 23 866 76 992 143 803 -880 967 405 -221 725 -568 -803 189 -117 -586 754 813 235 737 598 -838 -531 -268 340 -54
-125 -82 -223 -335 402 -614 -479 -134 433 318 982 -96 970 317 115 -839 -146 -871 -609 96 805 201 -971 -771 707 -686 -7 -573 -586 261 -428 615 155 -507 -752 -72 -416 -861 -193 238 -380 -168 -443 99 827 -450 -201 -631 590 427 -853 775 -257 -997 -529
772 970 985 709 942 598 -70 -52 -506 -917 391 -726 604 -18 245 725 803 -72 -542 449 -335 -859 -403 371 662 295 -93 -347 278 411 -990 594 -556 -29 859 33 828 515 -951 846 509 359 697 -125 -14 -255 181 135 428 737 -560 45 158 780 336
829 212 -81 -445 15 -176 -147 448 595 -494 580 220 30 -348 -130 -203 575 687 115 -658 576 -418 652 423 -200 77 514 -600 349 -451 725 554 -698 935 105 -574 -497 -998 570 -997 550 -749 288 -962 -494 72 973 -831 931 113 116 730 -892 227 596
718 -531 298 753 171 773 -429 -460 206 -827 -973 -952 -831 -536 439 694 -203 -338 186 -997 -888 736 380 -956 -46 -498 -955 76 338 707 246 444 304 394 327 593 -241 -262 -573 -612 801 781 525 738 966 -546 -227 -188 659 33 -198 -615 827 924 726
854 -211 -109 129 -368 -87 882 746 521 144 -365 265 -26 -169 -321 514 881 887 -143 -841 234 -891 454 270 -792 -567 -159 -839 -450 -275 91 -968 -520 132 -665 -233 500 -476 -524 -923 -658 -591 -197 531 -524 104 88 820 472 21 -218 167 500 -559 -413
510 439 -613 -189 539 -722 450 144 -858 734 -84 -114 589 -899 -778 -387 -103 208 -311 999 -440 -609 437 202 684 -843 317 -144 816 -300 -546 633 -222 -843 669 -390 -238 812 -436 -673 -747 -182 41 988 374 781 -460 -527 874 -766 970 -980 -162 -981 -830
776 -592 59 -940 690 534 157 -575 -659 -194 -491 99 -340 -796 -482 929 -20 -503 -685 911 -972 774 281 80 5 -3 -535 873 -725 648 716 708 -602 -191 47 669 322 685 949 -515 -415 -234 604 -288 -773 -301 -41 645 364 294 -725 -718 636 -94 22
-703 -772 102 665 843 -69 331 -650 -193 648 -362 -364 894 738 -630 767 455 -21 77 -99 -950 -660 293 -292 -613 -782 -849 646 -795 -570 156 758 473 -342 -631 -219 402 -418 -151 -83 645 499 465 -961 250 -521 -481 -897 -335 -433 872 -147 436 -717 445
-945 -521 -318 -951 -615 -770 631 442 -769 -980 83 441 -799 -445 138 920 -491 -932 746 7 627 -556 -699 946 -407 -878 -625 -597 527 1 -797 -289 213 302 881 -488 968 -304 -766 -321 -765 910 -244 459 -318 897 -688 -662 258 904 -799 171 469 994 -737
758 625 -628 -479 569 648 -186 -878 703 -174 -972 642 -737 -762 526 -67 831 1000 548 584 -990 12 802 -265 981 408 636 -308 658 296 -234 -709 -865 -837 -637 -759 39 635 232 530 818 154 -901 -119 -429 936 989 842 286 -976 482 -501 52 994 -23
-574 -52 828 -564 400 -80 -527 534 -309 -415 -165 -5 585 488 -659 -775 -904 -982 273 745 -710 583 -15 -862 -210 624 -831 -390 -934 450 169 969 660 83 0 29 -464 264 691 340 -908 -959 -170 -327 919 -863 -623 -882 423 -979 -996 -526 170 241 -187
271 765 -567 926 882 616 35 20 696 -862 287 -599 -494 -48 -145 147 -123 -327 897 814 -687 390 -410 -676 -997 101 -226 -147 360 972 -62 -455 -679 458 -962 330 -162 -375 -327 343 152 480 146 -293 848 965 265 373 -915 480 -457 72 -891 -630 -214
402 324 916 465 -663 210 -604 65 113 372 26 274 427 -415 -30 265 216 559 -254 418 683 -311 -62 -375 -676 0 -677 70 -264 -996 280 -685 -90 620 249 -134 -91 561 439 880 704 -844 -350 -935 -220 975 -523 -346 -472 -609 -677 -766 -933 276 -565
628 -708 530 863 -303 754 199 -29 -94 -164 -39 392 222 19 331 -360 -268 -389 812 899 807 408 861 -456 -139 -690 -563 -272 -250 160 -173 245 -818 -38 -58 -816 751 -693 492 495 574 585 -930 693 287 440 484 -661 -32 934 -910 20 -800 -915 14
159 474 -980 685 -395 2 -609 -262 802 -550 -710 -702 -47 865 901 -50 -624 761 -239 -98 -781 915 73 -609 -108 313 867 -247 312 888 278 663 284 713 -666 755 -194 -406 58 -803 -696 -691 -657 280 952 -196 213 -654 971 488 183 510 711 973 248
576 -680 755 313 244 -94 -860 -489 -421 709 -123 -95 995 671 -686 -825 -127 -133 299 798 -546 -985 -363 -336 -356 147 974 16 -589 -59 -911 987 -852 26 -398 -342 744 -425 -202 148 -530 -803 482 736 529 923 -417 -280 -518 557 359 394 806 51 335
88 942 -116 -912 607 -817 417 -845 -364 262 -530 -711 -822 426 -421 -76 817 -59 345 838 872 320 -361 52 643 -629 644 -10 -489 406 63 30 738 -578 -565 978 -151 631 -210 712 521 -670 984 413 78 620 321 -815 738 -893 667 883 -819 -218 311
-299 442 632 -637 139 651 -992 769 -250 787 -960 -669 935 65 879 -334 -910 -676 389 653 -543 -22 -925 158 161 507 413 -183 301 -366 -251 -961 -282 979 -123 -913 -244 -377 889 347 -357 -899 -906 840 -556 -452 -197 351 -393 -573 -157 -16 858 -847 771
535 -951 432 358 791 378 -629 -941 -830 -533 625 247 -470 827 -590 -667 -398 -95 230 -377 -194 349 381 -321 -823 233 33 606 -58 -52 -73 -416 46 -597 805 -941 -441 -836 -259 194 69 72 -9 546 10 -564 -34 -8 554 -323 304 -284 458 613 -439
111 598 -866 489 -948 -415 234 705 750 -873 -787 -642 -746 -545 168 252 663 -612 258 539 -727 867 -508 -785 549 678 402 801 -461 543 849 403 302 440 89 -783 337 903 489 451 -767 600 -862 -625 854 274 1 -757 966 -997 -196 576 768 807 -361
-582 -94 -660 563 -724 104 -623 197 656 130 -315 -737 12 416 603 -403 -560 -516 -797 189 -436 -76 260 -340 543 995 -138 553 842 844 124 -919 834 -926 -130 -746 -44 -666 629 -492 435 -739 -753 322 -226 -259 914 -903 717 -75 -787 -363 -583 -186 -150
-292 -565 -846 -560 335 556 -288 549 -707 524 184 545 511 -449 -351 -451 883 -783 -92 858 552 -262 -355 -529 530 749 -2 -710 -229 330 -704 -633 -553 -348 23 -18 -862 924 -432 -329 -296 924 -86 -311 256 -736 -50 463 -378 174 92 -340 19 6 403
-970 -452 -859 653 349 -172 -972 -555 831 223 -771 150 68 -508 861 65 -588 -963 -571 -38 -103 -338 -454 656 -1 -528 -67 -169 775 217 165 -844 -437 -934 -680 804 188 -635 521 -471 535 -808 -741 -318 -922 874 -45 -506 -926 -95 827 765 630 878 131
-261 703 886 610 90 -400 333 -197 579 771 577 507 760 553 672 302 -719 -494 872 -623 -687 -553 -743 2 452 660 952 19 743 868 115 -738 628 629 -964 -845 521 -165 884 -420 116 -560 757 897 445 -215 -885 903 -752 612 -272 -652 581 541 -28
-706 862 191 134 417 -164 -105 -191 -737 750 -107 133 -799 200 172 -432 76 -756 -535 -599 -113 823 -96 153 633 -486 145 -729 775 -620 298 79 -629 1000 358 -930 984 -256 739 844 -214 190 257 -250 -830 939 374 710 959 366 351 770 936 -230 913
-177 198 980 990 527 799 928 274 750 -531 -697 573 -284 13 471 -501 328 -29 743 -769 498 890 -667 -929 -5 -183 -17 152 36 -303 -150 -799 479 692 418 974 317 512 -162 811 805 488 639 360 -722 131 -795 -76 -695 61 382 -110 -882 -964 460
-823 546 -226 530 -761 -398 -514 -53 453 -578 165 -970 213 -27 413 -350 407 -88 -288 -638 380 -434 -193 -962 -478 -332 -898 -234 734 574 45 546 -856 767 -638 155 -432 881 -910 -720 -642 -399 -322 438 231 90 938 -432 60 348 -711 134 204 713 -28
261 329 540 -23 -781 -360 -314 -272 -19 786 710 121 -721 -872 884 -799 799 307 139 420 38 -983 545 -324 556 -84 -748 -537 575 -980 34 551 784 157 -731 -766 346 771 697 -230 -337 569 555 567 -799 -238 625 720 602 646 592 -295 -199 318 -275
599 394 -869 612 -674 864 737 -866 811 81 849 -109 958 814 67 28 -610 45 546 323 241 -138 -990 -375 627 518 333 -860 -893 -973 762 -621 798 -723 -193 -960 323 109 829 -319 -491 -99 314 -38 15 836 -195 738 -687 684 -303 -304 -695 -255 -100
-349 -515 -8 266 987 -891 73 -318 -505 421 -453 -582 220 -600 731 -282 -210 -440 -200 380 286 170 702 -269 -655 -633 366 -502 376 -716 -810 293 897 -781 -286 545 -486 834 -210 -407 925 466 902 -79 204 -862 77 592 714 969 -441 555 292 -61 -221
-245 -598 -205 344 240 -754 -890 -630 176 824 -296 105 120 -717 304 -57 787 856 -474 692 168 325 -475 408 -723 -327 -644 300 666 782 -354 -507 249 980 681 13 777 70 -396 -864 -79 491 97 945 -591 748 -126 -537 693 973 -297 743 -413 9 486
-353 691 286 -332 -565 222 690 111 136 511 -399 -450 531 999 -348 -848 -99 -323 960 625 -978 561 -840 683 -686 177 -945 297 -732 -587 862 -313 726 389 -146 -619 -390 779 19 -630 16 723 -570 -922 -771 -961 173 287 260 294 840 -291 4 -964 -117
865 29 29 -861 992 -97 -349 295 173 -526 104 -707 532 876 -507 565 548 66 -888 278 276 430 -316 -13 758 297 818 -566 248 -266 934 505 887 555 973 -403 -450 636 -767 776 93 502 -433 -434 533 -891 -672 -355 815 -494 35 -202 -564 492 796
-228 791 577 917 -504 647 -134 -462 166 305 -927 -269 -224 410 -593 -445 630 -103 -954 -514 -42 -421 8 -609 -755 224 -205 198 202 -397 -183 -695 -853 -792 816 690 999 -403 -142 -746 -889 579 -878 405 -271 -810 -52 861 -845 -713 695 -951 713 251 155
631 187 556 569 -665 869 397 -309 -800 516 779 1000 844 522 191 -92 -540 -673 16 162 950 628 -362 -649 946 485 -727 -115 229 458 -872 720 -340 649 -315 -600 666 -628 -579 -380 516 -853 -266 -273 714 -954 -687 594 -480 114 542 278 -565 -563 607
468 -825 -722 341 411 -332 -818 -938 108 994 -291 -607 837 865 -205 728 -631 315 244 395 393 45 207 246 273 -400 -189 704 369 -826 159 -892 150 -480 452 -627 821 -627 920 -773 899 604 -294 674 -732 530 -770 161 -962 -761 964 -512 -695 -533 9
-142 -331 -778 329 986 -808 -131 46 698 563 -367 634 87 -769 625 -578 648 -151 351 -843 974 824 -672 -656 -707 183 429 590 167 835 135 167 58 -382 -137 -171 -880 -114 -844 -560 -59 925 -835 356 -826 -738 950 -14 -12 -766 79 496 -377 757 112
-355 111 -312 -815 245 -282 12 -891 -611 882 364 823 812 406 -409 -547 -249 200 905 -823 87 -515 694 -177 280 -255 210 -224 481 -797 -960 772 59 892 916 -665 -401 864 -905 -790 289 -259 7 74 -589 -672 664 398 951 920 219 -23 -411 -734 650
-688 -427 947 685 214 602 756 -340 834 -100 -233 -511 242 975 264 72 489 -955 655 743 -204 -387 770 276 106 38 -824 -712 401 -636 -616 -146 -882 109 495 -681 948 -79 336 -675 958 276 -59 -238 -73 -598 -428 772 -650 477 702 -577 -408 -370 -655
560 21 -298 252 -846 -123 -713 -813 -345 891 324 -536 -541 335 617 697 216 826 905 378 986 -822 418 855 431 -714 447 -149 -907 283 970 207 -753 596 -965 474 -3 -312 -190 950 -472 -227 781 -525 -329 -869 -154 -139 -800 -52 924 -343 -898 15 -995
213 -292 -261 -803 749 -101 193 597 337 -906 666 443 -925 -273 -145 713 951 -651 -776 -163 964 549 -356 -275 -249 986 839 596 710 467 554 493 -222 -209 699 971 -843 -665 -451 -573 363 152 -101 472 798 -245 -322 -64 425 739 -1 263 574 483 117
912 -173 -39 303 659 -202 -213 -370 840 722 780 -118 447 -710 -149 -971 -311 737 473 -468 966 -372 -203 601 444 208 933 70 528 -843 -413 428 -267 444 690 -919 -962 477 347 -400 65 -296 -840 -230 -197 -659 -308 -421 970 568 478 992 490 -12 -384
-189 111 -384 80 -479 460 -866 -6 -509 431 -216 -89 -392 377 -674 -25 772 333 218 903 -47 243 -331 974 -428 778 -494 -470 107 904 -8 146 -558 927 893 487 260 -433 109 -36 -385 -223 874 255 -688 695 685 467 606 -322 -869 11 -222 989 -124
165 292 957 68 -415 -207 436 -196 -915 -200 -417 -229 334 -108 -36 -987 -947 -717 2 -298 635 726 989 -272 531 545 377 15 699 -158 715 190 -187 -306 39 531 -136 -969 -911 -859 694 -614 547 318 -886 -892 88 -309 401 -651 531 720 834 204 -753
72 410 -382 371 -566 296 -796 -479 936 786 967 -324 -687 722 -272 548 -506 897 -949 528 -934 -577 297 422 306 428 -937 -295 380 997 857 -240 796 862 -331 -673 720 -440 -676 996 -779 -464 899 193 -284 308 -240 529 100 -254 -111 8 -109 815 965
955 -641 945 -114 137 174 378 -850 853 -963 -431 -290 -351 -810 191 894 216 -502 210 -954 216 14 769 603 -133 -541 845 670 -175 541 736 -322 763 -235 -970 526 262 890 292 -976 -799 -222 969 849 589 14 -737 -722 -383 -197 862 820 247 -203 894
-858 55 822 966 -985 925 732 918 -841 -439 -807 717 -470 483 484 72 852 -23 -100 936 449 -345 589 175 849 674 459 150 320 -863 363 -754 180 -840 -879 145 -705 114 4 612 21 -262 110 700 55 -954 464 73 -450 529 386 867 755 -748 279
-208 -662 -192 -833 720 -672 -438 -986 -859 -391 659 570 -142 -564 275 -375 -578 -213 354 -151 789 -295 -685 242 492 720 237 -282 399 395 134 640 360 622 -721 -390 -802 854 -538 456 824 986 892 -62 -916 -256 692 -688 -103 -995 -28 973 -451 84 -276
350 180 64 -800 364 -130 -131 99 -852 779 336 -638 -720 165 150 -230 695 -390 282 23 271 805 176 -374 -949 552 63 -187 367 -8 476 438 -488 213 -831 -897 -343 245 396 -274 -832 -660 515 -370 -361 617 -538 -360 742 160 -883 -969 37 -785 208
-441 687 -752 166 -23 -77 -726 180 -858 -956 628 -489 -275 320 -985 45 59 -930 911 718 -714 784 638 -840 -394 808 -99 984 -975 -217 544 916 -703 17 -428 644 -845 -996 -25 386 607 -298 388 -809 111 934 -198 500 -658 -517 392 866 831 -830 456
401 599 -29 229 -995 600 -598 -118 127 -325 -173 760 -736 488 750 675 -712 85 563 -774 580 441 -417 -655 -523 748 620 -563 -475 317 -290 -181 -779 63 -630 29 -830 97 305 -382 23 473 -86 273 507 188 -82 2 154 -804 349 -471 594 206 -930
655 -108 -601 803 -785 714 -716 -5 810 616 530 -527 392 -85 848 337 124 -786 591 43 -798 -325 194 208 439 -418 -952 89 933 -11 -796 -552 746 -972 741 -106 452 278 -953 299 -181 893 693 523 -229 474 616 -178 -84 328 241 824 559 -909 783
71 -40 -954 -386 924 -333 -14 716 -944 -540 -838 -391 -201 431 -741 202 290 -944 714 -118 -130 -855 533 382 474 -154 -149 179 -457 -179 -361 839 -232 -105 295 816 888 -346 44 -131 -198 -301 778 -57 348 -715 831 131 -811 639 -191 -713 365 -954 399
-682 508 -179 -311 -230 250 -592 652 205 790 -550 37 804 498 963 839 169 -325 41 -168 -205 -809 -279 469 -412 615 346 -314 -145 236 359 829 163 -234 -217 -409 89 -841 939 773 998 -58 -141 -716 -995 367 -227 -664 -75 -985 59 184 385 14 495
