56
-549 370 741 474 -794 -294 -725 -827 -559 -509 -424 -72 -874 552 -179 876 940 299 -594 379 824 722 858 -366 -494 220 -619 -256 -797 -910 804 177 -856 -600 116 596 502 626 -217 295 -614 195 -100 -988 -757 865 250 485 383 597 -312 -844 950 -338 -900 -339
759 -475 639 516 -474 395 -214 -61 -322 -866 -193 92 160 298 -171 29 216 -99 -703 865 617 99 -466 -797 -651 -448 -358 -835 -182 -500 236 -802 220 904 149 778 -773 879 322 524 -639 -265 -245 -345 938 -41 -613 554 -688 658 429 -831 -94 -190 -129 1000
801 -624 134 859 247 944 -994 -872 516 -823 -133 134 246 625 -15 927 -844 184 636 905 871 923 -803 546 182 921 -894 -295 -420 226 -143 858 120 283 -64 97 -335 221 -812 896 292 -546 437 379 92 -937 -822 -303 -836 -620 390 357 875 -69 942 362
893 772 757 573 490 7 359 12 670 850 574 85 -163 -151 148 -103 -400 -584 -682 591 -769 165 497 -476 -35 -528 77 -752 699 -852 738 757 -518 -809 442 -735 -47 -363 53 770 -154 235 339 -983 413 -217 -862 -441 715 541 788 452 -987 -275 763 -962
186 -544 -540 -834 73 -544 -594 247 -79 -249 581 168 -509 -192 656 -95 501 506 -445 562 390 -741 -591 510 778 -31 209 -722 289 -636 44 899 -584 55 273 -221 683 525 885 5 117 -952 -470 919 -858 -676 -997 204 271 226 769 52 -19 -871 -619 419
-864 -105 -285 451 -505 -210 55 -555 746 409 38 -109 -540 997 492 -127 11 -307 -371 -926 604 349 474 -569 856 408 659 338 965 -171 451 105 -766 788 -676 245 -196 783 608 -294 -42 -789 393 -927 -728 862 -90 -559 518 -438 -366 445 363 -121 674 615
-93 528 987 881 530 -861 670 -140 372 956 65 314 -398 667 380 549 -963 -815 316 387 603 650 839 825 459 -748 -563 236 118 911 343 446 996 444 686 741 56 39 -581 264 -342 -895 -633 451 287 870 -514 843 -714 -930 452 -213 961 351 324 -437
334 -321 465 658 -334 -633 43 786 -47 35 49 450 -260 -458 -163 154 775 -854 544 999 -971 -859 -790 -130 515 -345 934 989 -833 -624 624 413 547 702 500 52 -559 -460 212 263 684 -809 630 604 -896 322 -696 269 352 -727 465 -695 378 -38 -587 -652
-279 -97 164 -753 551 -336 175 -526 13 -922 -88 966 680 -710 390 47 -743 476 -382 54 58 384 385 277 -24 -238 -931 -292 497 586 -782 289 556 427 643 -365 559 -747 -794 -305 -432 -806 227 203 -276 -706 868 432 -178 743 -87 102 -275 820 -533 -985
-556 -358 -6 277 927 -342 198 -73 -913 222 694 382 906 498 -23 -937 818 -865 679 185 992 -542 578 -307 893 108 -626 526 749 658 107 -954 376 -635 715 -216 -298 284 484 908 375 -659 -301 468 -324 -166 619 -306 -923 824 153 866 808 -613 469 -597
-38 -2 487 802 94 -657 179 550 823 470 19 488 -836 645 -736 -509 -681 -341 525 377 -615 -45 416 680 -946 554 -163 -325 -104 -930 640 621 -709 -607 -681 -856 372 -291 442 587 7 785 184 -133 -525 -838 -625 -592 -844 157 760 896 501 224 -372 649
-672 -520 887 952 724 -147 -920 183 -926 954 -287 -318 596 705 -974 -534 -775 732 588 -557 257 -211 -188 -664 226 -170 791 -113 -459 -139 -188 790 -320 967 -709 220 705 -2 -768 333 -541 173 -405 405 -288 32 -433 -346 660 -248 37 -379 265 -716 692 142
-204 523 95 856 -452 -42 812 418 994 -213 -852 -499 817 -781 684 -364 -316 -419 -777 -411 494 748 -490 -797 -358 203 997 -379 959 833 -462 -730 -545 336 21 -129 557 615 -585 530 473 279 800 397 -22 -190 -719 -306 534 575 -678 54 561 42 -662 -266
-481 73 177 -698 -824 -934 611 197 -441 -456 -629 858 -130 -740 89 489 842 -337 74 449 -929 45 2 -254 -528 -410 921 -805 -3 911 687 -30 233 -603 -147 -499 38 369 618 -627 544 615 -106 875 179 89 -730 235 281 -856 973 -20 244 170 -620 -943
-940 -345 -698 -678 694 -835 90 667 650 676 -579 -930 271 -4 -293 -571 -3 -430 -726 375 334 -254 -732 556 -375 502 -161 -508 701 76 218 -95 775 -523 -922 581 752 -518 -754 981 855 -535 -427 93 454 718 955 430 -350 605 -437 -910 84 603 644 -288
784 844 -590 27 223 742 552 949 -115 -219 557 785 368 -168 -480 -603 -973 377 696 734 -321 970 77 942 373 187 173 656 506 152 460 -228 175 606 491 -266 364 894 -29 -351 761 -934 -898 -287 -503 829 19 -258 259 312 -324 -92 -146 -42 933 -617
-216 528 772 164 179 -707 879 355 332 -175 -370 569 906 7 -530 970 208 505 -673 -165 -177 -772 -693 -940 91 745 788 -172 183 485 424 352 -481 -62 -429 -956 -365 -82 -254 794 523 137 399 375 -484 -987 -34 770 517 -218 -77 -495 262 -712 -115 -836
-962 80 643 -574 -18 395 -102 -166 -880 -622 816 -670 142 -737 -824 -61 -704 -135 338 -186 -986 43 -602 -49 -403 -284 733 360 306 519 412 505 -159 -366 766 242 -200 -853 525 -261 29 -921 589 -141 -408 388 821 -204 878 726 -149 72 -148 -705 138 -123
236 -633 467 -589 -393 -132 701 -977 647 626 90 -696 760 59 -920 966 938 178 -160 -502 949 -814 686 801 314 -269 414 -686 -750 580 639 791 566 -668 -409 632 698 538 -13 962 -266 -363 505 119 786 -194 380 -913 877 890 -53 653 154 219 726 460
-248 949 30 968 -803 814 -615 329 -466 575 222 -871 -643 -745 -861 -393 -64 239 -144 548 346 56 143 -21 472 992 803 510 954 -428 -942 -485 -533 -833 465 749 -417 -863 842 671 -887 395 -100 571 -586 22 384 -607 841 387 -13 899 852 -579 -556 413
607 843 268 -142 825 753 -219 49 -72 -938 553 822 -50 561 904 -323 218 524 949 -446 -104 107 382 644 230 -10 -346 -392 804 481 48 137 -280 -691 -934 -4 -885 -505 116 658 -589 30 347 -841 621 658 -617 424 -874 824 189 -190 151 -422 2 -76
-725 -469 237 -730 -113 424 774 323 21 -262 -111 514 404 -40 -974 -669 -641 -294 -196 164 -384 776 106 371 -975 752 -936 -290 135 119 -801 -282 748 871 -725 -222 -601 998 715 -32 122 279 -763 -138 312 442 227 199 -927 -498 430 609 -933 535 197 -365
-305 682 -470 -629 317 -954 -935 -275 172 -787 918 160 402 415 -30 -621 -820 -249 633 -499 -884 927 444 -222 956 -945 646 945 483 -573 477 778 -845 -902 118 -115 987 250 757 -162 -496 81 -288 -940 -973 935 -881 192 847 -129 467 379 -190 156 752 -567
502 -943 -8 649 -614 -992 581 -882 -911 -829 -702 616 951 -711 646 27 940 873 383 -78 78 50 -857 -580 983 803 502 -908 -480 678 819 -98 368 -889 -600 -131 454 770 961 -46 -705 -310 -288 -673 -844 214 817 -86 -749 -825 5 -19 984 -76 669 858
-361 342 -171 379 281 320 586 -985 849 85 -278 -303 266 -691 550 203 -97 -637 422 152 630 86 -679 -642 -934 -449 -313 202 -317 562 502 -194 340 -35 -379 245 705 493 -215 -552 187 320 913 -71 -390 -698 952 252 -667 -752 -90 965 81 -421 483 860
212 -666 778 -499 -75 286 -763 -724 -366 155 -805 -826 -148 -381 194 -445 -13 444 179 376 810 -705 -887 -967 503 -744 613 843 -439 330 962 -201 950 159 -720 -102 144 -291 -673 921 -188 356 57 98 319 -860 -740 494 -692 636 -286 -205 382 493 -49 -442
391 541 455 221 -445 727 -134 -461 788 991 205 -156 -838 -861 6 392 975 686 676 -963 604 -506 -728 -772 316 -91 -828 -578 -709 820 -82 376 -6 211 -208 545 18 -730 976 -556 -223 74 -921 608 294 645 433 -819 726 490 -64 -918 457 -868 -84 770
260 426 667 237 771 569 281 -622 227 -785 180 -439 -103 -805 -393 -258 579 467 433 -477 -903 -443 625 893 862 911 -911 238 441 -855 -804 899 315 544 -548 -93 -948 734 884 -952 -857 -635 -153 -246 -450 -629 -892 -922 -773 766 -305 -994 469 -424 732 123
-661 -770 -566 829 -352 483 -150 227 -205 -406 891 37 697 -584 -732 302 634 488 -659 184 -955 696 -230 320 -496 928 420 216 -960 -93 694 -949 993 990 161 299 466 -307 -675 -202 417 -19 156 151 -562 -516 380 -343 -17 -116 474 54 304 423 -627 110
-828 925 -970 819 668 808 114 177 19 -928 -919 -421 -620 683 -186 -304 -424 -628 -701 941 800 540 -463 860 -277 742 497 -310 -156 684 130 918 652 -200 -521 -252 415 829 516 -286 725 -869 -827 258 920 65 -133 582 733 -740 676 234 -719 -658 86 -613
-607 970 -777 -58 998 -4 924 -821 -789 -330 973 -625 92 -716 -527 -415 285 113 267 852 -796 978 416 123 -236 -383 -717 932 -441 -908 911 811 -153 -309 81 -49 377 -439 -992 641 -426 -454 538 552 167 -653 284 -30 -595 -762 45 -603 491 -668 7 -812
400 45 36 -915 -460 372 289 623 991 -418 -943 -552 177 -743 -191 861 -399 -616 -173 -941 69 -196 -823 457 -886 -385 320 329 33 282 -121 100 118 -985 778 -886 974 352 287 -69 653 854 988 599 722 -290 -973 -975 15 -154 -980 -125 728 837 653 907
-649 -880 744 35 426 72 353 303 298 -175 123 -241 376 238 574 19 182 -88 -26 846 256 -290 11 452 501 869 825 -915 118 -368 220 699 617 508 841 -248 -822 -126 363 681 -593 -624 -871 575 807 993 -639 76 942 599 -861 482 -897 523 956 759
-617 -980 174 -43 -46 -205 -360 158 4 -505 -41 -276 -90 -772 -167 -602 -598 359 -999 -241 317 -596 -4 -215 473 936 39 743 948 731 -261 -800 488 -3 846 430 -592 -703 503 -698 59 662 358 227 -528 -870 -690 283 -257 -806 31 -781 -864 325 -732 734
-566 687 134 865 481 -384 219 834 541 -676 719 414 916 686 -867 185 739 29 922 224 -242 -463 910 -917 -671 814 -33 31 -958 -49 540 336 -490 -882 484 259 -404 -816 641 -495 682 -370 884 23 530 -275 -771 -502 656 271 486 57 -573 403 -530 731
53 119 -835 -25 -279 -18 -103 322 -144 188 -12 -238 -776 733 -257 -447 -782 -266 -480 -594 14 644 555 302 -107 977 960 -128 -733 -267 -879 -691 975 520 925 622 -808 709 -178 -600 -898 379 -36 -350 -39 893 860 87 618 457 456 -745 -403 -538 -756 -584
935 710 -998 -486 178 -373 -517 -265 706 806 259 -903 739 154 -353 966 241 207 -386 375 228 -621 -55 -954 214 -709 241 677 -702 -313 259 -868 698 579 -854 -326 -267 41 -239 -803 -525 740 435 -612 863 608 -575 -799 -208 29 431 308 -917 915 -516 659
-391 143 141 702 785 683 -987 -482 193 -965 178 741 -178 -973 86 657 -602 743 -639 91 -978 43 920 220 781 -375 -860 430 356 656 569 -848 392 -759 897 -396 990 -651 -635 -605 -223 -765 615 -736 -525 -498 -865 361 -626 546 800 -167 998 575 374 -613
701 -730 271 -790 -702 944 371 -141 903 926 -191 108 957 587 -857 -914 -562 206 -211 -483 -409 140 -193 808 -48 986 966 -996 -439 272 401 611 -701 345 805 665 89 614 382 -833 713 -382 -959 -183 -254 368 -80 307 667 833 -440 464 -466 -606 -469 322
-592 419 645 -954 -291 354 -3 630 628 837 -6 -206 -131 118 879 -135 -301 -344 -556 -831 -318 888 -285 70 -275 -720 220 511 -340 -251 -539 -148 -911 -785 466 763 981 457 973 346 -12 158 402 -825 434 -684 489 -556 936 853 -512 614 -753 -265 325 -868
-216 -66 205 -340 517 -665 -60 -343 -856 645 -767 -751 -266 -7 869 -157 423 730 848 -818 -116 132 704 740 -515 -788 -312 509 -673 -623 -199 808 815 -545 943 284 -610 -210 -790 -179 344 183 -842 650 514 -554 -70 -13 -944 -182 -486 -279 -192 714 -391 -579
646 -526 271 -134 37 -629 259 814 711 680 677 -701 -823 -772 507 -531 998 745 -891 732 95 484 -737 544 147 -907 -13 -420 -991 330 200 -76 -953 -342 -357 -416 -987 -57 968 -301 -908 573 -795 133 -932 55 875 43 662 704 -190 -487 -465 -473 8 862
-122 -868 318 717 419 -456 -432 -708 371 -695 894 197 -60 -758 -69 -406 105 865 513 -619 -678 833 127 -467 -356 -304 -351 -891 -728 371 -198 -97 -613 6 -991 382 906 648 85 57 159 898 -755 -981 -876 -744 -543 -905 395 504 -129 -616 -969 864 -709 983
-453 -68 -154 950 589 -323 -919 25 -825 -491 -354 900 266 318 -661 559 782 986 -836 775 315 -843 941 -130 45 -745 353 -862 -728 598 -335 -869 904 825 -476 782 690 -137 -505 335 -115 301 954 -13 -185 -882 -169 291 422 596 -513 556 731 965 323 100
-940 530 396 887 -529 -535 87 -305 70 410 -559 -830 284 -650 410 853 -254 -477 -983 -97 758 -308 365 -8 696 -59 570 -96 762 173 -760 -4 -476 188 324 -949 354 348 433 422 986 -28 -273 -570 -883 -626 566 960 266 714 -145 427 505 -308 255 -302
-53 65 -687 -539 -309 559 143 -662 -127 -22 -803 481 675 -638 -190 -155 -744 986 179 -706 -565 -796 -530 771 712 -361 176 -612 182 98 -173 134 689 -869 -360 752 -205 -496 877 -93 270 -929 -549 -354 -280 289 -66 159 500 449 -734 829 -23 762 -746 -270
-687 286 -928 70 -32 275 429 647 -801 7 371 -59 244 789 -779 -423 448 0 -14 550 532 -404 -822 632 -735 284 -674 -376 955 357 -333 369 -871 658 -349 397 443 -527 -560 -103 -24 490 -267 -936 -284 -944 -165 -446 -294 800 -731 -659 427 231 -887 68
-733 -624 604 -13 517 634 -824 469 -893 -905 -388 -283 -100 -687 96 -912 -847 824 -620 780 821 599 820 -974 -159 36 74 -218 -222 -699 -160 279 -160 -560 304 946 651 -597 -902 609 52 851 -591 -879 469 120 898 -751 206 804 690 358 -531 -788 -156 -452
-695 -209 819 470 427 412 274 -90 410 -831 238 -919 2 -130 300 713 127 -329 292 774 572 -232 -647 -241 130 -61 468 -822 -417 725 605 19 -538 246 -170 433 28 703 755 -156 -218 806 -503 507 -596 325 338 -478 -22 345 -53 -984 -285 614 490 574
514 -216 -609 172 751 -460 149 814 -277 -835 -27 603 -232 -158 -440 982 -553 52 311 765 111 646 -815 927 -25 -691 -120 -469 432 -233 648 643 -926 984 901 -385 50 207 640 254 668 967 -139 24 -93 -39 -44 879 162 -193 -853 -861 494 -205 -628 772
-214 678 -528 290 -602 -563 -680 -815 790 -698 -69 -919 -726 -648 449 -935 623 8 602 -309 113 8 940 -413 443 74 -984 177 493 -462 -328 -74 -168 -343 135 -494 -790 -898 -68 -4 97 487 645 572 -243 53 652 -702 -362 261 296 73 198 931 627 710
-379 -183 787 -822 -864 918 -328 -649 949 -999 705 64 526 -836 -149 616 -505 -354 -697 524 350 -7 486 989 -10 386 -509 614 -585 -258 622 -580 -715 -319 -671 883 -901 722 704 -435 -171 155 -926 957 279 61 -570 986 46 640 -668 -897 -880 -665 914 943
194 -446 735 566 150 893 335 -70 -833 -154 916 0 -605 -708 -219 203 651 275 -946 -432 602 755 659 -91 280 336 -254 -808 -262 -779 -844 -757 127 -278 624 -548 665 -300 -195 275 118 619 641 -939 -789 -857 250 -10 268 147 184 587 -646 804 -922 541
521 -541 -109 442 861 326 -319 245 609 653 -886 270 803 727 -823 204 -113 -59 492 822 599 -10 -316 -255 -772 130 182 -221 891 739 -14 967 -489 557 -339 -630 -946 862 989 2 795 335 -432 910 984 -597 921 839 -370 87 -679 -250 -757 943 -218 -912
110 146 922 -660 -383 -685 59 166 -381 -863 386 -197 -958 64 490 -300 498 -794 424 672 -532 -830 593 -774 -778 342 -404 -998 315 -907 -492 71 407 295 -342 554 -816 618 70 -114 -700 -669 -921 -381 444 -766 -689 945 90 707 -60 -294 900 945 676 -775
12 -299 -184 -570 -645 220 835 -677 -806 118 -712 -415 -819 843 -634 611 -932 -88 -527 404 -273 23 -819 461 -202 13 -839 126 882 924 -666 -586 612 361 -653 430 -1 -456 71 -753 -132 -13 -951 324 651 826 639 -678 -560 -460 50 835 402 867 314 -422
