14
-344 865 -740 23 518 -35 -5 -578 -932 -369 -445 -177 794 298
-521 261 -467 363 -700 705 325 -590 -250 138 -78 283 -950 661
-290 120 -898 700 -733 221 -283 766 -67 -281 -745 100 -950 521
-636 -965 542 21 777 -13 180 500 91 -61 -162 626 801 406
61 57 -290 982 -356 -920 -501 -973 -489 -145 -205 768 809 26
-72 651 -797 -552 -108 279 -120 -586 -6 -680 -251 29 -54 794
-594 245 -829 30 852 -988 -878 -911 242 376 857 -773 -681 -836
220 209 910 -758 -108 -712 -840 558 -426 743 811 850 -914 -169
132 -469 469 218 409 559 81 69 -359 226 -741 -261 708 -36
684 -953 -297 -296 -911 -651 -49 -165 -994 -66 671 127 927 -113
269 -148 -183 709 -266 34 878 -25 690 5 -880 -321 -894 181
333 -42 -762 120 120 -53 715 -602 -7 336 689 322 -54 786
-69 -944 -78 50 -416 -9 127 821 942 133 -468 724 94 121
514 -991 770 769 763 103 315 -80 -591 844 -536 108 21 262
