140
-70 -892 109 307 974 816 6 -215 -219 -184 992 -916 -740 49 245 -31 676 -967 472 815 -255 -69 294 159 592 507 -136 835 -280 446 309 320 474 -503 -924 921 35 309 -368 -839 -688 972 -76 941 528 547 -875 92 245 -237 863 131 -492 261 311 705 877 714 -736 -868 20 -684 -102 -481 -595 -123 468 -431 -857 -606 -430 -942 -609 -301 698 964 789 938 -72 -732 955 189 977 -317 618 545 852 998 -593 117 -948 358 -589 -327 -477 981 824 458 -495 734 639 539 242 455 870 -176 293 -970 -562 602 112 493 -533 890 -895 627 -571 -460 -384 -575 -852 -654 -96 182 312 -367 420 679 -98 -388 126 -666 718 -620 -350 109 -183 -967 650 -777
-863 -857 -205 -68 696 -769 -460 295 -758 -639 -306 -346 -201 899 735 14 -552 -255 -159 104 -557 433 943 -821 -406 929 -408 39 -35 255 172 619 560 501 -509 -988 599 -528 -899 899 -547 -677 -188 186 -44 909 221 -30 615 843 510 -340 924 139 41 978 -203 326 679 -279 -331 -439 -704 998 991 665 -682 -438 -726 -64 -95 -5 818 -984 645 -704 -728 307 -705 744 -279 -635 783 -104 60 174 928 64 804 216 -590 -120 -555 457 -39 -788 -28 917 -546 -47 -489 -812 531 -781 652 -277 -12 12 822 618 681 563 625 642 -888 415 -681 -144 743 -937 619 -390 655 -889 146 932 -500 -335 673 927 -527 -419 -574 208 616 654 496 249 -825 -221
658 102 -930 -585 -267 -123 509 854 17 243 787 540 733 -161 641 -965 -65 -258 -756 -88 332 778 337 -957 -51 -425 -44 546 770 -908 689 505 145 762 915 951 -153 53 370 128 -161 731 -329 819 768 -115 412 759 496 362 -434 -89 -185 378 -844 662 414 -290 794 865 486 -606 -138 -352 -283 -181 747 -471 428 -605 427 225 404 -482 312 -593 822 88 -429 223 -663 429 -730 -448 -106 36 605 123 40 -823 -306 -592 -48 -139 937 287 20 637 171 703 167 596 -659 958 260 -738 249 678 -364 50 716 264 -561 -678 359 -856 -49 890 -784 453 -944 -181 229 -253 883 819 -896 -137 226 227 326 270 446 541 250 -374 867 847 -65 -501
110 -128 42 502 -523 -186 -363 -44 324 514 928 169 -168 -167 -269 878 -844 -337 654 -210 -271 -606 81 -69 -77 -928 -441 -950 -234 582 -131 -767 855 -889 -767 -997 207 565 -90 38 -678 -817 451 -822 -346 374 155 -91 -217 958 759 -841 567 -434 991 456 -229 275 313 977 -784 -505 -648 -658 420 -358 101 -691 482 -6 -101 243 -699 149 -356 508 -963 472 177 -964 -400 530 911 119 375 858 -11 -774 761 -503 114 692 598 662 675 644 937 -323 -422 -896 145 -309 -582 -129 105 -600 767 484 -798 161 699 -569 994 -32 794 -47 422 -117 247 341 867 294 567 406 -534 854 -365 424 810 148 980 375 544 -215 -633 -82 -903 956 -528 -683
632 405 410 362 -894 653 172 474 902 -859 248 -548 715 303 797 -501 -334 940 780 718 235 -701 -489 -666 -189 -949 869 -509 330 709 -653 627 195 -759 884 56 -508 540 41 933 941 747 -36 -955 150 86 134 952 913 -228 -911 -614 575 126 39 178 591 483 297 52 64 856 -20 -45 887 -943 893 23 76 -351 613 374 -145 -958 664 803 296 -735 -648 -544 620 -119 -778 -448 347 842 -424 846 -537 438 374 836 831 408 -17 -615 -343 -847 968 649 -322 80 916 -622 430 -243 992 649 -459 915 597 -761 -346 792 720 -300 579 186 510 734 703 -281 577 438 -966 -887 832 -841 92 -916 250 -92 605 -803 -293 668 -432 -863 -377 765
448 64 691 514 579 604 -45 26 -37 354 -642 295 -965 811 557 -289 503 639 723 819 -572 823 -553 -198 526 637 -836 -663 -584 -270 81 -671 -482 236 196 821 183 250 738 -202 439 70 -790 -355 -928 822 -81 116 -72 -722 540 -671 645 869 209 -784 -75 834 -100 -772 -837 244 707 298 -941 795 430 867 839 -442 386 971 -614 794 999 -942 97 811 315 199 962 970 431 -684 -636 827 31 -70 -682 -974 -657 -582 27 -854 -383 -964 851 562 595 -144 -202 -956 438 -833 617 962 -135 -116 242 -929 483 -819 -616 216 720 -48 -524 877 851 428 -892 64 -919 -571 206 -151 -946 443 -558 3 281 16 -328 919 130 900 552 -749 -363 -177
-696 -282 -866 554 688 346 851 -182 -551 -401 833 298 -444 816 -657 436 184 340 367 -245 419 756 899 744 -447 -44 172 64 490 -17 -995 -914 -458 419 -754 -158 492 -186 428 -523 -152 -380 -274 424 330 -730 435 -216 123 641 -905 560 -629 -632 949 -772 -442 494 -267 885 197 28 -666 333 880 731 327 137 209 -161 -304 -554 -476 -847 -242 585 -70 631 155 -969 -611 241 443 302 -530 -925 -702 -722 -342 138 -124 -328 -85 -35 53 913 -853 -78 -258 -782 595 -519 -703 96 897 889 580 275 -8 -939 25 -219 -559 59 974 57 -608 -439 -896 -523 -191 -404 651 573 -879 742 508 -195 -103 811 231 -861 309 -631 -412 -441 -429 -991 -492 -504
-297 70 450 197 -84 385 -475 -76 -380 526 450 -958 848 -681 -306 -952 -533 -581 -608 -298 336 395 965 -945 -99 145 -418 -448 -625 141 -300 78 -788 -995 587 -197 -272 760 340 917 -321 55 -484 315 682 -176 34 541 700 993 -778 -801 580 -570 797 985 -147 983 625 -914 568 -32 917 -201 -149 -274 -410 -932 -45 -637 941 -946 -11 -857 818 852 -45 -485 442 159 -758 250 752 -580 -153 207 578 342 -294 109 882 -250 -990 959 701 -264 -168 93 -823 -613 552 -9 -233 196 170 -735 -264 -353 -881 -996 299 372 327 -532 788 -894 463 235 -919 -5 -297 -247 790 -773 242 686 -928 -299 -73 -370 -682 572 36 184 772 844 914 -133 -943 867
-189 358 409 543 808 -566 -75 836 431 -131 -955 378 586 -658 -337 -319 -629 560 -479 -734 267 710 -861 964 58 825 24 24 -752 777 -541 881 338 253 -969 947 928 904 -298 551 -884 683 715 -856 -571 -415 339 -451 -143 -726 -587 -173 73 856 -701 695 -354 -512 104 445 665 653 -703 559 -768 -73 -711 -427 -411 -742 29 -162 -152 951 910 745 -963 100 148 914 -952 -512 207 588 149 567 985 -889 -12 -290 840 -321 753 -692 -608 -527 -846 -954 724 698 -247 661 -100 -707 233 469 -653 609 454 877 -552 869 149 -74 -908 -991 -638 25 -661 410 177 970 -741 17 44 411 290 762 -789 958 812 -348 289 -117 -775 -55 899 490 861 195
-749 334 17 -7 -597 239 -504 -123 950 497 -516 244 -856 230 -826 361 493 765 428 142 335 -955 -780 664 305 450 -425 565 776 42 161 -891 474 861 69 -125 414 -241 -403 142 -13 -908 991 664 -979 534 924 778 106 102 162 -654 -334 -147 -207 -406 -195 109 -422 -954 -466 -503 -222 570 877 605 775 -251 -781 -277 -518 -226 446 -492 10 -198 580 -816 514 391 373 -566 -360 409 105 746 214 -370 -696 848 -283 -801 -760 858 437 165 193 -558 -598 422 493 -617 -767 155 -933 -921 64 -817 -958 598 -149 -58 450 -899 914 -553 -889 -590 -600 344 119 -353 -946 676 123 -926 974 -260 266 -447 324 -473 976 -57 614 855 -131 511 -779 826
-166 -180 379 -679 -921 -141 -12 -719 -976 790 -726 -997 798 846 -56 74 25 -636 -864 -975 859 -292 -776 798 624 -322 862 -73 -278 -670 989 -16 848 952 168 -106 -42 705 -877 -566 632 -99 -79 541 337 -878 919 -955 -616 -555 -529 761 169 -663 -598 783 626 -303 893 -929 548 -797 524 -444 409 332 388 -561 741 -838 -815 503 -684 -519 -528 -575 243 -275 623 -409 475 -807 -255 744 -824 -758 589 381 -151 308 -26 -45 352 -921 -138 602 -968 -404 -749 953 662 898 -333 -213 -969 -961 -740 650 217 -779 852 -922 775 372 -41 -414 348 341 791 -36 -903 -806 334 -361 177 -496 223 183 -991 78 282 -888 493 381 -770 -469 870 -541 -776 173
-153 -403 522 -170 -225 153 983 -117 425 -835 283 -575 502 -504 600 575 829 -189 283 -466 -679 -460 156 -928 -48 -545 372 650 -77 -424 473 463 -783 -183 165 -374 -457 -468 -347 -201 -94 -969 877 -305 485 -654 -247 767 -714 725 -834 -668 -686 850 -178 228 -799 -916 -662 604 500 211 -253 -398 475 749 409 550 -541 355 420 -182 -916 -731 -655 11 329 11 148 -438 417 777 -132 940 994 -659 -924 -278 277 -55 -907 646 812 39 793 -949 312 238 746 -321 456 176 425 -200 315 829 571 887 439 88 349 -42 498 -221 121 986 -611 809 641 549 -96 776 -585 139 -336 218 479 718 461 254 -420 -120 -455 -616 -537 260 483 177 399 -806
561 412 -854 -523 28 119 -327 147 -491 794 889 472 230 -881 -410 -561 259 270 394 687 -194 323 -493 -955 -726 -82 787 308 520 -201 209 -714 -67 556 -739 -435 949 -775 192 -614 -832 -205 -991 -919 362 -319 -844 87 953 119 958 -207 -305 -752 579 -917 751 487 -256 42 653 66 -347 831 798 -788 -694 848 559 206 178 -652 -207 -359 -611 698 -639 -78 -505 -921 -170 810 -514 378 980 -535 449 750 -515 679 195 779 -345 -537 -753 -839 -391 -416 726 675 783 -344 -333 484 -195 271 -832 -800 383 -970 -414 -959 -17 -37 62 -579 256 418 -97 832 -377 385 -768 -132 394 -408 -301 553 320 -53 -908 -774 488 -707 -168 -482 -362 731 -881 -369
-552 114 -104 -213 -201 -210 308 909 -872 -512 578 936 530 -694 -86 -561 -486 538 -75 387 -406 -654 -183 729 -496 -544 723 775 626 -481 861 -388 -512 -328 95 825 -990 -266 -879 -704 672 -411 -754 -553 816 230 -747 809 714 -510 745 473 440 -136 553 -44 -663 677 -87 882 -476 -385 -929 952 -870 -546 -758 -514 -140 -921 395 -392 -372 567 856 979 -105 -424 86 -242 383 -413 -156 546 255 34 375 639 536 176 335 820 -991 -192 248 -118 -293 -521 -548 126 754 -281 278 746 -913 553 34 -65 -662 181 320 993 -339 977 888 -721 228 820 119 -595 977 534 551 528 -756 -826 -115 309 55 -201 747 -354 -641 296 646 -550 558 -417 642 32
-834 -303 -519 72 152 336 -790 -762 -854 737 910 -124 103 -935 454 842 -247 -748 -31 285 834 482 666 -143 -625 623 -227 748 637 477 138 -183 534 655 978 982 -412 468 462 763 -490 -209 -384 -554 -624 543 -239 823 -916 688 -407 -619 639 -835 -931 -308 -761 895 866 356 -112 215 -593 847 54 484 -319 238 -732 -558 777 368 -661 -529 -928 121 -386 -437 858 -53 538 27 120 -493 -13 458 -889 -686 -822 -947 -809 630 795 -607 -714 -11 -430 -684 -790 758 -435 268 -451 796 61 -56 -526 383 86 609 343 968 390 988 883 633 738 -705 942 -857 332 -467 -336 582 -431 416 -991 847 -194 98 64 -336 259 936 672 864 784 700 780 173
364 -587 -854 -572 -524 933 845 909 -608 -113 -667 -640 -831 514 -846 151 -377 359 550 962 767 851 56 97 -582 57 -204 978 -984 -81 -673 439 51 955 633 -413 921 411 907 -207 529 494 -672 -384 -866 -847 64 -625 305 90 280 -815 -472 283 -891 -803 629 -429 -546 198 234 135 -302 369 -848 -72 -346 760 631 -207 -751 522 -584 416 -765 -884 182 366 -897 -911 243 -51 634 17 910 141 252 89 313 -358 -253 494 953 -458 -954 -433 -616 671 -313 455 532 -692 242 892 -294 -871 226 311 -915 60 -317 896 -288 -668 178 229 4 926 848 -314 -502 387 -171 -719 426 -271 306 -571 -596 627 687 -459 -492 544 -653 -277 523 -114 465 614
904 640 927 -511 557 243 -462 -143 -66 801 614 -437 268 144 842 880 -528 811 104 -537 883 -374 209 -491 9 -656 759 107 303 641 -60 -165 -998 -818 -296 696 -978 -657 96 554 -752 939 113 283 -29 231 -123 -543 414 409 -100 344 15 327 307 603 41 753 -142 111 -455 24 79 365 935 -823 -959 -807 -697 -38 -977 -61 526 640 854 90 -734 459 -375 56 -197 143 -157 142 -602 -449 -904 -548 680 775 57 381 -162 -890 -169 -595 291 -218 398 -424 12 730 -109 -207 -195 -172 -599 827 62 -144 -820 -424 -8 432 -272 347 -406 308 -12 732 -440 -59 -608 -696 402 -353 -306 433 291 265 661 393 896 754 -17 7 48 618 845 -956
347 -86 -191 -27 811 593 -40 -107 815 476 650 701 -337 -896 218 147 777 791 345 -691 506 -619 167 128 -472 -346 -583 -86 -580 503 -58 -857 77 -499 -709 804 -153 -299 -369 -674 -517 873 928 -650 -48 220 300 339 -857 -173 732 532 172 303 59 -911 952 619 612 540 435 -226 553 -630 87 -274 64 120 -463 -542 360 -85 -48 577 601 648 -689 412 57 957 559 917 891 874 381 -5 -526 63 -700 659 -316 -460 -85 -380 -198 783 767 -369 -317 -475 155 -646 -169 -736 531 -361 585 361 801 -859 -202 -349 -698 -29 -949 324 -542 -84 -749 176 15 -572 -515 819 760 125 -164 -581 215 -394 -792 -64 -741 -159 401 -847 664 800 788 -515
41 779 759 490 416 704 -546 405 974 -9 -416 -954 287 289 -845 943 988 925 -285 -206 292 -714 738 -612 564 732 -134 594 -413 -914 -594 -986 -917 -543 238 -58 -287 -240 361 993 246 -208 -163 -329 902 -642 138 844 957 359 -860 -56 -327 -493 -777 254 -725 -33 -827 -537 -89 -74 411 459 539 -676 -158 715 989 -377 -415 -323 764 -550 207 789 312 -609 838 765 -738 816 -285 401 -612 289 826 265 611 -34 -393 -652 442 -851 591 621 -578 -800 405 -963 -665 -599 -968 -35 166 -678 -247 -971 603 -360 907 -426 803 -501 -413 465 655 -539 -785 -814 -512 572 435 -788 -898 -378 -866 2 775 -432 379 959 -332 587 -748 -893 375 787 64 651
-815 557 765 -692 257 -947 -151 -405 615 129 -886 236 -122 62 142 37 151 357 -644 -514 314 561 -983 231 648 447 631 53 100 507 -952 139 48 -829 -544 -622 -421 890 440 -971 248 331 255 331 -454 -200 251 977 -133 734 -435 515 28 406 547 951 631 43 -457 311 -608 -301 -940 -679 618 -339 88 844 565 613 869 -415 997 -10 818 612 591 -99 143 389 156 5 -299 -792 208 -203 -852 -91 196 -126 550 -932 -33 -414 -248 873 -61 143 -855 -961 516 -317 -397 757 179 -410 919 -454 -519 -638 109 22 -657 -193 -167 -514 74 -928 440 419 708 392 -550 -552 69 906 -982 -705 113 -883 200 735 347 456 -761 211 391 863 306 -142
-404 -678 -134 -410 -520 -994 -277 731 -450 -309 -803 -522 -789 18 485 320 23 656 -165 494 -954 -229 -857 142 -770 887 -267 -464 50 246 -505 734 -499 -38 137 762 123 -792 -816 579 -255 -901 -324 -749 653 498 -307 71 568 -25 -319 268 -585 541 -293 499 385 -331 -112 -672 -645 -3 298 -619 431 -170 -657 -346 -85 240 -260 -119 694 -828 539 -484 -611 -818 773 -190 -580 181 544 795 -952 344 264 847 -599 438 -148 871 -396 -966 -784 -23 -842 -15 -64 -930 -50 -886 852 689 -415 762 -674 -378 -575 632 32 -524 -217 187 -21 144 813 -162 915 -776 56 -643 -962 -7 643 480 -741 -722 -169 -143 559 85 -250 986 -918 879 823 -640 -728 820
-421 454 -844 -735 974 80 -761 -672 -535 -763 206 -607 -267 -577 586 570 26 579 -528 -504 725 -665 -624 673 -504 -779 67 856 939 507 -418 -20 688 -133 -732 430 164 -522 791 -339 -831 -912 -322 -593 -143 -800 -749 -34 -403 -25 -525 -292 324 346 -888 -923 -409 397 260 -48 -671 302 -909 977 435 731 -461 -258 -691 -878 208 604 -375 -509 -792 -891 -654 -429 653 -584 498 -592 -775 430 776 -996 -389 -828 344 904 399 794 -627 974 332 999 -486 -565 615 -186 14 -409 -906 -783 757 -894 766 184 491 925 -979 -818 -181 722 868 1 566 194 572 692 48 697 298 -518 564 255 157 -303 -121 413 -125 601 42 -518 -325 -384 -583 -462 -426 795
-976 354 -73 -78 -787 290 -199 857 801 -209 640 -681 -111 -412 999 325 297 740 889 788 463 999 699 -293 837 143 902 -788 -648 -843 834 642 38 341 942 -678 -20 803 -403 -982 -3 600 -982 946 -161 589 -100 -562 96 -813 -556 -443 390 -100 -797 -831 803 905 441 -437 -217 305 696 -206 80 -293 -249 936 -836 425 -574 -663 -449 289 -801 265 -624 248 411 441 -35 733 739 566 111 896 -657 -850 -647 -403 184 223 -54 985 -38 286 -542 392 -171 -895 -575 -40 638 330 -182 -963 866 112 -346 282 10 -757 -827 -119 -103 -948 880 519 307 599 954 607 8 -322 597 177 158 555 720 -97 173 -135 30 -508 195 -416 530 833 504 555
742 -43 -4 456 459 41 -788 -901 -453 469 -669 -721 186 -254 -259 -598 75 -595 -841 172 -769 901 -590 -204 808 -15 -969 751 -885 481 532 -434 -268 -337 -12 -510 -28 -623 493 -377 53 143 -717 410 -978 91 570 297 385 866 -472 -715 -558 -611 441 758 35 -812 -628 -884 170 960 907 605 836 43 264 -305 978 -905 -62 -396 834 -105 487 93 -55 -674 883 125 -405 162 -985 -805 93 -547 277 915 466 128 872 42 258 147 -512 731 -455 -499 -597 931 123 141 -81 -874 -27 -765 -685 763 -1 -418 734 507 -323 -397 -953 -367 -75 246 -293 351 -933 393 -995 349 439 -818 -776 574 -632 -374 16 -223 -414 -584 -953 256 979 -362 907 713
-620 -32 -564 -25 539 -952 92 348 797 127 751 269 -64 -701 33 922 254 -748 -601 -360 853 500 733 13 492 971 815 88 -160 52 771 -118 -451 -872 -205 933 -504 133 185 -833 -455 -502 -652 -269 358 66 583 -108 602 970 160 -737 -684 -47 -683 716 -20 619 506 -384 -480 801 -192 -157 701 -471 55 -135 -231 526 -604 -465 -627 -612 -402 -861 -912 250 386 352 319 -428 -649 757 617 323 -660 753 -122 812 333 -50 679 -542 -844 -553 184 -904 -5 -330 290 23 512 174 798 40 -750 802 -572 -241 232 -303 945 -347 513 159 343 0 102 545 -834 929 -213 20 -280 57 -716 -966 -798 -967 -60 -510 663 677 833 -589 367 -300 -220 -811
292 662 -708 556 357 -622 114 417 -125 827 -713 687 265 79 793 551 -712 60 -620 305 -704 751 -442 191 603 -54 779 431 -364 -463 551 126 -411 -718 -798 531 366 -721 429 -433 433 984 -78 79 -999 713 -614 123 923 526 745 623 -539 767 -669 -77 180 -244 -270 -88 625 646 751 -526 -37 -857 -594 589 -944 527 -698 -579 132 -852 781 -26 405 -411 -877 -156 165 739 837 872 806 -19 -878 -192 772 -594 906 418 -933 -587 -607 261 714 -967 -525 11 623 39 370 -225 786 -103 -565 471 638 -827 -393 -586 282 879 29 -367 -619 348 101 -293 480 -796 -409 272 357 611 -431 475 789 -212 231 -108 -400 -486 53 -55 61 -427 -64 -121
-166 -531 43 149 -723 -393 198 429 -632 -303 -336 -359 -229 -158 -995 -442 -332 275 306 727 321 789 541 -455 -954 -451 306 654 -374 435 -31 -903 348 51 963 -603 -13 989 -926 -815 -382 -305 424 108 -533 -211 -496 -519 394 -518 -631 -17 274 -234 -135 -784 774 388 -690 -284 413 -249 976 289 392 -792 -78 857 752 -121 311 752 -744 91 -303 73 146 -409 372 -980 -51 -212 25 230 -884 -27 479 540 18 99 -548 413 -135 357 -110 -364 -205 -797 -868 167 -233 263 967 -241 749 -727 494 -156 -475 -618 477 -925 481 -900 759 255 -862 -59 963 114 -688 685 -159 -898 548 -671 -885 -923 -401 -554 246 49 -818 -509 -120 65 629 -547 67 432
-25 -595 95 -925 104 863 -714 -913 490 -86 -855 821 -845 567 -367 908 144 -352 239 -215 -77 -330 -812 716 999 767 -436 890 -428 -406 -635 403 942 928 -385 -928 -344 137 -933 -165 870 -312 661 394 128 -188 -818 -999 -830 100 -942 -557 -240 87 489 -275 -809 -851 -519 -689 943 597 -664 -672 924 643 -369 76 900 -883 698 -123 -949 179 139 -988 -791 -966 -449 -966 -978 995 -967 -489 108 828 970 854 322 786 -462 -333 -599 -831 847 -342 118 -549 -76 574 368 128 502 418 60 -656 832 -329 133 -134 -762 -141 -617 -592 646 -902 218 730 -486 -756 859 -125 714 283 806 323 -657 854 -912 970 770 -9 193 182 -461 854 895 -526 -426 184
-411 -69 -377 456 434 127 -690 591 -370 -956 302 515 -776 611 -185 378 -758 303 523 761 222 -506 -978 701 -966 418 630 -443 838 492 658 58 -658 431 -953 -260 -749 -236 117 843 -772 -801 377 495 763 533 -548 308 -550 -791 168 997 627 -334 746 147 -705 -423 515 67 -746 740 456 658 -27 123 426 821 414 820 -976 -15 537 -161 784 -493 649 144 396 702 265 516 -183 -641 -188 305 171 798 324 -929 -931 403 563 941 477 243 525 -78 -141 -938 -729 -159 -303 165 984 -200 630 -603 981 501 813 203 -533 532 115 123 -27 -502 134 705 -930 663 -920 139 352 -820 227 177 -693 233 998 370 -223 -703 -146 956 -354 -227 -928 -536
-59 745 322 832 -955 -545 137 -755 378 -658 701 1 256 -362 -919 830 547 835 -769 241 130 -28 -872 -353 -79 -89 681 346 -227 -333 -479 543 907 657 -817 -400 106 711 -96 -551 -361 -142 22 -831 126 -368 -92 319 -882 -712 -570 886 -650 -394 173 -81 -37 -121 920 -431 -661 -163 -930 -352 -724 -33 664 319 -34 -447 -180 -13 79 795 275 -27 -403 248 92 51 -74 -546 378 -939 -949 484 -344 -121 -445 -747 -915 -121 -820 960 363 989 780 -359 769 -94 -171 288 480 174 -233 812 -614 -318 32 931 -794 -209 974 344 -928 625 85 -654 702 -597 -212 149 -466 688 -366 -592 -837 379 -514 -318 670 300 292 -295 -960 288 867 809 -163 -165
-869 -155 517 -427 444 -851 925 -370 -855 -396 -478 -417 12 476 -627 463 -749 -16 258 606 -680 670 739 866 142 -752 -975 955 -457 -186 898 773 -318 433 302 -806 -974 -130 67 -159 -198 -83 -295 631 277 76 624 536 -254 869 -363 -870 -980 530 228 999 -313 -488 -953 613 294 887 -644 243 890 -548 340 690 853 80 808 -419 -883 -111 -10 -297 556 -197 874 832 -957 -205 648 -541 735 560 -395 399 -380 -874 -811 -432 -970 -176 366 -231 -954 681 -916 -943 969 696 766 -345 -619 950 382 947 -412 60 718 634 -501 -259 206 -339 -412 926 538 -577 -536 -978 -865 17 569 582 590 972 298 -2 -823 -150 -366 808 -597 2 -91 462 -27 654
-797 163 -78 683 205 -744 155 -20 -415 -226 -761 -422 -89 -797 442 -628 403 795 -337 719 -997 -708 -944 -157 451 -106 -718 -462 788 -35 -771 -786 507 -475 841 -523 -339 -280 -267 995 -808 390 -304 213 -667 202 -646 -459 -870 373 -43 -361 524 938 -267 -609 -895 965 134 -196 307 -647 109 -763 -927 4 -729 -369 992 177 365 760 910 921 25 -301 -57 87 370 -720 320 -521 -845 -73 -735 -86 -933 -383 -784 -327 845 -332 248 -237 -425 9 9 -506 671 299 -584 38 -311 -211 759 380 950 696 -928 509 119 -79 -470 293 -769 52 -850 -687 -426 367 324 -921 -950 188 966 178 351 -596 358 557 999 -99 731 -869 -563 312 919 625 459 25
-252 433 444 -900 -84 276 -4 752 -904 -733 779 507 -416 -111 896 74 -734 -680 -326 371 925 655 -30 -375 989 -971 60 315 881 -674 349 -438 -201 183 630 100 -54 -74 -114 50 706 -749 878 410 -518 957 69 594 -866 -390 924 -302 -797 127 692 -428 368 -280 -885 -613 346 197 -930 93 494 354 -696 -561 648 -79 -919 731 592 165 226 -160 -284 -50 28 -937 208 540 -632 525 873 113 561 514 -118 264 974 -180 -666 108 227 -504 -180 695 -985 527 9 -552 -143 -799 -249 -561 971 -799 162 -664 921 -307 -549 -127 -621 -744 -970 -470 -67 981 -306 680 -536 -846 -791 -666 -159 575 838 905 -697 -534 -366 -193 570 -968 746 -909 511 -751
730 -33 544 297 564 -210 -592 807 -387 -724 172 932 385 285 -627 -719 342 215 -614 277 78 -242 -373 434 71 -790 -776 947 989 -842 -801 -668 270 551 -27 702 958 -553 435 -691 -399 557 -398 -448 422 555 -654 -307 -253 -332 -989 110 426 -568 -745 636 -197 845 -33 -490 -156 443 -223 -130 628 -572 171 -256 -947 831 -766 -848 39 -512 3 463 -367 -27 826 234 514 -609 641 991 173 763 -400 956 -252 956 -365 -826 884 -665 -247 -285 574 -693 344 -988 -395 683 -194 -285 979 -55 -749 725 -410 -368 -902 -597 -648 -66 -970 347 76 172 -487 630 468 -980 760 -954 192 -530 -854 566 -304 175 911 -818 -53 62 478 -743 -40 -20 150 -76
233 704 -218 758 -312 916 232 599 234 -497 -616 350 304 -768 -78 -406 188 -61 953 -83 -64 468 804 976 850 333 564 391 651 605 -480 851 111 552 -223 -83 872 293 713 -106 507 -568 542 -392 -948 -37 -267 -41 -388 107 506 122 -96 654 -133 -687 414 -964 -140 -702 81 -207 -874 243 -789 589 144 726 -6 133 607 924 867 138 -879 119 427 -285 54 145 85 -86 607 338 501 -351 873 -990 -717 -657 -509 860 -676 -230 -310 -998 -942 658 598 -557 -413 -568 189 238 -713 10 517 321 674 -260 135 634 826 -860 271 474 -221 961 160 -199 -282 -471 276 -550 544 846 -431 844 102 812 647 -631 -777 -94 -810 447 154 -853 -995 -184
789 808 109 -871 895 860 -532 -460 750 243 -571 -151 -246 -449 572 912 -381 -544 271 -660 -675 -625 -823 92 521 8 -176 -829 -960 -750 -978 -862 -184 301 -948 -945 -167 806 -54 485 -967 -727 748 567 627 228 -481 -510 39 -668 -295 -2 779 287 -275 352 -290 -83 46 -177 -227 -637 -165 753 -353 -451 -423 498 43 -728 654 -927 -903 185 -711 534 -474 365 -480 83 -415 430 -911 -793 450 -801 -23 697 -53 -779 291 887 678 -703 -823 -262 -867 -962 166 309 -183 676 172 -997 -846 822 -592 939 198 574 -925 841 -427 611 652 -502 664 980 945 -245 -815 404 -715 -258 174 210 139 -190 520 915 -312 525 -360 510 455 -903 888 -604 454 -807
759 234 -211 -665 630 -907 639 859 96 193 841 777 -73 -162 -569 -424 25 -89 -490 555 -222 64 596 -163 298 651 51 -242 -977 391 733 532 -51 -969 194 -352 -950 -166 -772 -577 31 -69 755 377 880 823 333 377 -532 743 -979 377 671 377 -404 -502 -779 863 -187 -19 58 -220 -902 -559 717 438 -363 -599 259 325 697 89 -9 454 -154 -931 -113 836 731 998 170 -44 -795 994 853 995 -522 -777 621 206 -623 -4 -82 -882 -958 467 -822 -898 394 759 -426 -38 728 990 798 758 452 603 -855 824 324 723 535 -173 49 -951 262 -144 -60 920 -492 635 602 445 415 136 999 47 904 497 -153 -644 71 541 911 -463 -297 430 369 -683
-910 -346 718 611 375 39 -794 818 503 646 988 -382 -480 -789 -571 501 -447 -728 -961 -872 364 -685 413 -899 793 562 144 -154 -345 -750 -718 768 -611 724 844 106 687 -891 872 -320 -292 216 384 792 -332 -206 341 -664 -633 689 -708 -142 153 -214 -925 430 673 -578 -879 674 993 264 475 -912 -672 309 -734 -692 146 -527 -710 665 -455 -598 -906 -753 -155 755 -273 -645 71 -873 -636 610 -157 824 538 -45 -269 355 532 393 921 -350 -241 -743 573 -626 -204 -434 948 446 -256 607 305 -496 -879 -422 -747 -877 -762 543 -621 -881 185 588 -306 -286 697 -896 211 -969 -113 -595 355 885 -910 -721 873 177 -842 -972 74 -207 -416 -281 138 31 -892 61
-406 38 -289 -469 847 -437 369 194 -849 619 -974 -439 69 77 757 901 -396 -876 -119 694 375 -252 316 -671 247 222 -789 774 -938 345 -715 253 584 399 845 -590 -719 -383 -162 -438 905 568 -375 49 860 425 281 -126 719 -716 -72 -894 45 282 922 313 -625 840 871 -530 425 -476 151 125 465 771 -795 -568 -389 -892 -154 24 224 493 963 750 334 368 -431 362 -264 809 866 807 701 279 117 -239 166 596 808 -60 -151 -477 173 562 859 -875 -837 656 -206 -200 843 -257 -983 813 387 690 364 -348 -816 480 291 22 -164 -104 988 847 -129 444 801 806 -655 732 -152 202 989 -257 713 -102 -318 -288 122 833 627 755 455 -163 862 787
-995 -357 586 -567 901 816 249 -741 78 -314 685 430 611 241 -729 -423 60 253 -518 185 -224 -874 174 378 -633 179 689 -55 -18 -240 -232 -269 -588 -169 659 568 897 -21 894 -558 359 112 51 828 -832 138 269 289 -154 208 -968 963 -718 413 -396 932 173 403 -215 356 -526 780 404 823 644 158 -401 -894 155 506 494 578 746 -222 -11 73 -564 -828 -936 -505 285 424 -485 -239 757 -894 776 -208 -369 -748 -290 -376 -344 99 950 -109 754 -429 -575 970 296 850 478 671 332 415 520 -342 332 -939 667 446 404 551 -825 583 732 10 -243 -845 978 -503 -890 -662 739 -599 387 619 -126 874 -737 532 -85 -441 -783 813 417 -246 206 290
643 -689 -533 -628 798 -845 -864 -5 -660 120 135 -591 602 200 -620 685 -809 -668 95 499 -296 984 300 165 -712 -148 348 176 -883 825 -180 70 598 -938 107 -157 -16 -817 -566 -514 -104 -623 -884 942 -886 -908 492 -26 376 -491 413 63 -537 175 348 112 164 -874 -381 988 3 -464 951 -423 423 431 -480 -552 -2 863 -199 150 -12 -391 -499 -98 312 162 434 -616 -549 -813 -638 -894 724 277 -749 -646 -31 857 536 -587 -919 -239 321 -321 -132 830 -434 -225 27 343 -735 -890 -316 323 -592 661 -618 -940 -134 -648 707 -432 305 -526 -349 -387 -811 550 -187 -568 882 287 -559 593 -112 -99 -120 199 936 940 829 -4 -906 -77 -995 -252 -375 -490
-55 288 -664 -631 -235 529 495 -687 -952 187 -633 -968 548 -728 147 349 144 -315 -426 566 768 -787 -558 -109 582 928 -36 -688 514 240 699 -697 -491 -136 -640 879 -141 650 319 -347 -649 211 763 -587 -672 -660 -161 981 -759 48 377 558 -985 405 -671 904 -5 -487 823 -830 -585 603 -789 -326 941 -702 -826 -1 -429 590 134 800 259 -551 -378 0 -817 -759 828 489 -622 -698 -117 986 433 498 -567 -609 272 10 571 -277 641 56 237 -731 7 689 238 -948 -536 594 743 247 593 274 76 718 -924 595 -565 -209 957 -917 -446 -722 450 -582 -803 -932 200 -441 -212 -750 -190 299 403 -326 -155 73 764 858 407 761 519 -673 -379 704 785 -942
-316 814 -958 -247 -129 -861 432 -468 511 -674 -814 434 -7 676 -961 25 112 -70 -140 174 -116 -337 404 -866 -493 -920 169 -966 -333 -135 -695 960 17 749 -731 -68 -964 755 -677 251 299 949 971 -313 597 -939 406 -364 -353 359 -942 -619 47 565 554 -228 -32 -701 -670 -707 -514 -96 361 -515 705 501 71 -84 615 749 -26 -36 906 -447 349 573 816 319 -634 -169 577 -730 209 -653 676 -543 -126 -841 82 318 -970 107 -372 -151 659 172 823 -71 -115 -291 -75 695 -908 949 -880 -729 283 -966 -208 -475 -108 375 268 397 518 -628 813 -970 -688 -733 973 236 216 -86 559 -424 204 674 680 -913 810 -925 730 932 539 -806 66 -550 -710 96
808 -886 -462 -856 -941 366 773 756 -849 744 -487 -924 -522 289 44 285 -981 194 153 -462 -441 -296 195 738 -246 392 -354 445 259 -433 733 -812 -469 -732 -587 524 -565 -371 -751 671 -322 -293 911 175 -352 -685 -249 -393 -986 -535 812 -383 952 955 -517 557 585 759 305 53 -985 522 25 410 -546 727 -814 57 -409 816 622 -208 349 -141 -377 584 112 -492 173 -770 450 131 891 -783 863 -790 887 -102 -150 -42 407 403 627 975 -671 54 -235 581 859 435 -181 697 -158 -243 -830 229 726 273 873 -567 -799 -716 293 -29 -56 -823 -991 -982 378 156 -157 -137 70 397 -406 289 -886 380 -397 -93 54 -611 -133 -660 -882 616 463 -157 510 -255
-977 197 -408 623 -751 -419 -391 490 161 -402 969 -42 6 400 785 167 160 -300 -569 863 -435 134 -299 123 -996 990 472 -937 329 -877 -700 -647 -218 285 -699 -31 858 613 -208 -949 259 331 440 -83 760 -252 300 -413 73 -962 -883 885 -872 -863 782 562 -944 147 -12 -180 -189 872 541 -305 98 -75 -771 -593 806 -49 595 -947 -980 -11 -182 -171 764 455 315 -72 -166 945 128 833 -571 72 643 325 158 -289 -267 396 -509 -954 331 743 40 -608 -157 -83 295 -352 -460 102 -562 -913 659 963 407 -803 -222 -713 278 -974 259 166 -21 991 -102 409 167 453 448 -405 -213 -175 292 -556 987 -205 -196 -753 -590 682 297 -663 -224 95 728 -279
270 -614 -875 342 945 900 890 378 253 -806 -986 225 -143 666 -680 -499 -960 -834 42 -150 320 978 875 -999 -53 947 -107 -37 99 758 -339 987 387 -350 232 9 672 -356 762 -625 -322 -691 74 -527 847 -622 -894 518 710 -401 435 989 -502 720 837 -162 -826 -594 -229 687 -819 939 901 31 970 -710 607 -829 246 734 -873 -646 -541 -835 -116 -738 -715 96 930 474 128 218 -895 -845 397 354 -723 708 6 607 -191 -214 304 912 213 -744 -663 661 350 -968 951 -739 -12 -257 896 -964 -353 396 167 -359 314 -403 948 -206 -406 413 -963 -324 -968 190 224 539 -534 799 851 713 816 810 994 -521 297 -579 103 -530 -282 -606 -88 -16 -362 925
938 112 -527 -910 436 -341 81 577 -194 977 26 -593 104 -108 -327 18 535 -468 634 -312 -230 -76 -716 533 -341 -492 -704 199 769 268 -953 391 -751 -662 -807 -417 597 -151 873 -238 485 -442 293 -132 -430 -848 -860 -632 -670 -677 -663 -360 -971 496 -812 -188 518 853 39 -974 813 -444 917 622 -463 235 -794 -10 -581 -48 568 -891 -587 175 944 -534 -15 609 -962 740 615 -934 -514 972 54 -384 251 -321 956 595 -994 -585 -639 861 148 405 221 759 -547 -564 73 -795 481 -739 515 -385 -67 -597 411 -611 235 410 -934 -289 -32 -135 -477 86 -274 745 641 994 730 -519 80 -903 360 -592 -392 -991 418 -58 4 250 -472 190 945 507 849 -12
-318 -601 -625 447 -208 812 -256 -876 718 -344 449 -825 298 120 734 -642 -608 -994 -539 -829 -631 -370 -344 518 -32 21 432 429 -475 311 975 297 827 867 -146 87 300 -363 -571 895 796 -615 -807 236 730 119 79 232 131 527 -977 36 -719 769 -28 497 -95 -311 -561 814 978 726 363 -242 -103 822 -356 325 -270 784 481 -225 721 -243 136 589 902 -493 -416 -4 526 -576 -934 84 982 -833 505 283 523 -838 1000 467 253 -547 426 311 674 -734 -691 -803 -378 367 -264 119 -48 -696 -717 -532 -160 977 -218 143 85 293 -646 857 -309 28 -421 24 897 -884 -33 946 409 15 0 615 360 -531 -187 -445 -179 -906 47 -387 526 974 479 720
-866 757 -747 787 -260 -702 339 -810 -843 795 224 187 600 -668 296 495 -822 -174 816 708 -16 -38 -664 -580 986 -214 -695 580 -480 -988 -930 -501 547 -525 -960 -931 70 699 729 -416 246 -175 -775 650 -156 100 183 941 -444 -633 799 -944 -210 -67 -934 364 -943 479 635 496 439 524 -954 49 -956 -706 43 -799 -328 -299 944 -118 980 -334 -211 -88 -663 -62 -160 112 -100 -267 -768 -399 -555 922 111 694 679 -839 -439 356 298 -676 -407 982 -476 -37 843 131 198 499 -452 -519 -494 178 -499 -344 -85 129 759 -163 -891 -242 232 841 75 -907 -965 -146 111 203 694 -698 -981 455 -515 687 151 189 -796 391 -588 -296 385 -337 -539 -92 368 495
-707 -891 -384 871 -925 919 90 -275 626 -669 642 680 -83 -278 103 872 768 177 -300 351 -623 -71 -343 544 -603 -550 -941 -701 -672 -340 504 2 -220 -798 15 355 106 -765 907 530 303 -794 -167 521 -619 -775 -449 -369 -869 -898 -348 -405 983 595 -882 -108 191 -371 -9 775 -521 672 -567 387 -780 -675 -776 900 319 -120 -353 -630 -75 -636 -94 213 348 -642 -398 -705 -944 -861 224 -874 -836 879 121 773 916 627 -481 -465 -82 -670 -840 951 545 152 639 206 357 -969 761 42 170 -576 514 623 -747 -181 -586 540 -763 178 -53 709 -604 -208 -645 -647 585 -671 -176 671 298 150 -920 -654 -850 -391 -296 -746 320 -393 237 -139 -672 -530 413 -5
-588 -28 -612 -870 876 -703 587 859 291 139 907 -574 625 -388 191 -52 -899 834 -162 552 -64 -237 504 79 245 122 640 -111 892 946 344 862 -34 -146 -885 893 330 995 675 332 286 387 -854 -475 386 919 846 234 638 504 206 669 -773 42 865 -930 -137 -219 966 673 770 81 581 -485 22 -3 516 441 -925 -996 102 -83 -792 -435 543 -714 350 -74 -910 587 606 156 -149 660 -349 210 968 -986 -326 459 -846 504 326 125 -438 934 752 708 -66 -558 -469 -512 -742 145 85 541 555 -535 922 -419 -592 421 -285 -652 -295 -973 28 719 337 -613 114 337 -824 -804 -117 124 -583 628 800 -423 235 155 -715 644 162 717 186 -714 -443 -318
-950 288 -950 892 -256 498 -706 -515 313 709 -479 -734 -892 59 541 239 870 145 -713 984 827 669 927 -54 119 -438 370 308 298 750 -513 645 -895 -236 774 -397 -215 -86 -469 53 -785 -855 618 126 531 428 261 263 427 -256 361 535 532 663 175 577 355 -856 -642 -134 -167 -938 -227 102 -379 -965 342 -162 931 658 966 -976 -190 -162 -558 -140 467 -535 995 630 302 -515 466 676 -1 313 814 725 493 -303 26 404 171 -811 -380 -615 392 875 -688 -670 -991 955 659 115 -426 -632 59 87 -87 870 -100 -607 -846 748 -795 596 -720 616 49 -133 875 217 -262 629 -651 -979 520 -319 -801 503 566 866 -457 924 -907 -336 670 891 138 571
568 903 707 -132 -147 594 536 -471 892 -857 -516 -43 975 948 -814 -926 410 -734 -52 84 -867 595 670 307 521 -921 673 -980 -289 -213 -620 453 -812 687 509 491 529 209 -947 -758 662 827 -94 616 382 806 -730 -402 862 -566 804 532 -808 -493 154 -152 -852 97 714 -85 109 492 -421 360 81 -734 717 130 275 767 -742 -888 -973 -968 -185 104 -596 196 26 318 262 551 997 774 -526 748 496 582 -173 -114 -91 -383 156 579 133 -791 644 918 840 324 -346 271 418 746 437 849 -944 -440 -291 -256 -542 276 -731 333 755 -722 -592 16 675 895 354 -559 -10 -463 160 -573 341 123 96 861 -974 39 -960 997 -552 257 -782 443 897 -962
-347 672 -286 -937 -833 -206 321 -655 -474 -859 -745 282 990 719 511 -975 828 271 -258 -718 777 43 365 46 227 -314 354 419 13 -918 -195 -963 119 727 -18 -776 984 408 -732 97 -441 750 -785 -552 -486 587 -697 -76 -923 -339 -266 707 -284 102 -272 764 580 -972 147 -333 427 -303 377 888 -488 217 506 349 21 387 -993 450 -263 911 -47 -849 -502 90 -896 -291 15 289 -561 321 516 -32 349 86 -713 -555 383 262 159 -459 -392 53 -276 -854 -454 -422 -743 793 214 -278 -82 -324 -784 611 -718 -336 446 578 -466 -531 -433 -863 -19 -867 -104 -751 -689 -325 -230 15 797 -982 -33 -554 -26 447 995 962 -760 -196 -305 -84 651 537 -864 -57
-313 -207 -682 645 725 -890 -759 70 483 322 998 207 641 -212 -553 579 -727 963 -79 737 444 -166 -9 -39 854 -448 972 780 291 491 -379 767 -388 -32 -692 -677 -278 865 -255 -251 -5 -589 187 245 49 763 988 133 216 917 803 -568 -464 481 -565 436 -152 986 -143 525 636 660 899 -816 -571 -798 643 -952 -161 289 187 -975 344 -780 122 -25 -909 -692 364 -199 -260 100 -520 -528 711 -169 611 774 -799 -818 -845 149 -440 -470 238 -19 -921 378 416 -928 -39 314 314 942 430 440 -344 -391 859 -380 -69 -236 828 -877 -875 -275 469 -416 -236 -77 -170 560 341 598 -68 -672 298 -550 -972 973 -170 -873 523 784 660 817 945 84 -248 -66
-564 -459 605 633 -679 647 382 -477 141 -48 -496 96 777 -29 972 821 -580 -166 -229 -452 -894 -257 857 97 -373 -825 -516 -451 422 -820 782 620 348 -923 774 45 -359 548 -74 565 -460 715 -547 81 -720 44 475 -746 796 -68 -811 902 437 356 511 -254 267 452 -602 566 896 -125 976 150 173 -809 -134 403 863 -691 -815 -247 766 -730 301 -312 191 -673 375 -739 -849 -821 -52 -131 63 175 57 -674 -416 -247 -506 1 900 606 111 47 -717 255 61 -865 -417 519 -956 850 463 -652 53 -5 -360 351 788 110 778 281 516 436 918 580 782 184 174 -500 -368 -670 -876 448 386 13 -732 193 -860 -730 94 69 467 963 587 616 394 -930
401 369 -299 -435 129 -980 -623 -528 14 -39 -241 -858 -712 160 -840 171 6 702 154 -414 418 -319 -63 -293 -193 685 641 -494 85 600 175 548 317 -344 287 478 -600 -937 567 -12 -503 832 -653 682 819 969 978 274 -723 -692 30 611 -205 -828 -711 163 694 209 98 -511 -77 -409 -153 401 -32 25 -411 -299 -878 942 -38 -236 989 -371 -372 -199 -605 187 626 475 -98 -210 208 -844 -72 -804 176 865 215 181 -181 373 -633 -230 552 682 -961 -872 299 181 437 389 847 917 -499 870 926 -568 -388 250 -708 953 -484 -617 -556 953 472 623 -294 -839 -441 -786 384 770 789 -221 -908 -318 397 -551 -554 900 387 832 -232 -822 861 93 -482 -887
-254 -949 -28 -816 363 988 -625 166 -586 656 652 -896 -167 896 628 -4 -845 -8 -207 -578 -530 735 634 -124 -767 -156 858 839 722 -121 223 241 936 -720 -449 -939 -321 -992 -924 863 -875 -157 120 905 -191 -673 348 71 835 -309 370 -783 -794 991 -454 -982 -30 -492 313 -255 -449 887 -506 -28 388 31 847 651 460 72 -88 280 -134 604 -813 -295 -380 110 -549 -25 -182 -350 -262 -977 570 -964 -757 747 -836 35 -310 76 488 210 215 645 984 811 473 -169 -41 -472 -913 85 -599 -656 610 99 116 -894 454 112 780 160 -753 877 -787 -261 368 105 -255 -345 -273 826 257 27 -779 218 -616 -904 305 -852 -365 -828 -276 -87 -859 209 -857 572
663 46 -816 -602 957 -486 324 222 -909 -240 910 -999 -282 -716 -322 658 -593 56 -171 806 -278 315 524 558 245 -193 708 -54 -540 -43 647 151 1 615 126 -868 -768 -302 -467 743 -687 -978 521 -65 -113 -308 697 453 -395 -757 618 -948 480 -282 860 562 144 -963 586 -230 -952 351 151 -200 -940 -15 564 552 266 -978 -642 507 170 -710 -668 -257 783 644 278 -583 -441 -632 872 146 847 -33 -234 -69 -88 -460 -190 -658 -186 -685 -7 851 -778 -481 180 -708 -49 416 971 -402 -654 472 -557 700 -676 529 -441 881 698 -107 260 362 267 -328 -209 766 -639 214 466 459 49 85 227 -770 -661 -713 -651 590 -93 430 967 -811 -467 -101 -965 -116
-744 -986 34 354 -287 -940 -814 313 280 951 633 -322 -305 760 443 -717 431 -759 504 138 -747 -966 -775 -848 842 971 -264 -605 352 649 671 -574 -200 550 73 463 384 729 325 963 -327 -433 -518 895 759 -51 516 667 178 612 923 301 922 975 884 -937 711 -853 -447 797 30 115 -716 -751 559 440 738 -99 43 41 578 -947 -300 453 -988 -282 604 266 -722 231 -785 648 -798 -758 -803 440 971 -345 -257 -158 -154 -778 -149 928 366 -114 -205 909 -369 671 487 344 812 696 -581 635 -499 374 979 -925 624 -101 266 -437 -33 134 -142 937 -430 -588 -682 293 -997 786 956 242 -176 -930 966 -6 -426 -774 471 -342 728 987 755 487 -809 -364
-273 491 -437 234 -121 -544 968 388 -210 728 -244 -862 192 -137 180 534 -204 -995 287 -669 765 -268 618 -800 -49 -302 -502 -343 623 379 -648 -221 980 -553 582 714 921 91 352 393 628 -553 -274 -972 448 395 -826 -651 -889 -617 -338 -254 -4 909 991 856 964 789 485 -330 -172 -579 -638 -936 -90 -373 99 797 245 17 27 -584 792 475 27 80 -260 727 -877 116 857 -94 -447 -257 182 -869 680 -589 -455 -554 557 709 679 -864 -101 -555 697 650 -890 -951 991 -668 -20 709 639 71 648 -487 86 350 688 -810 -401 -510 878 574 -31 977 187 -377 -654 571 887 540 -982 632 -202 -79 -14 -743 772 832 651 -199 569 -811 -597 -336 -312 -414
-109 181 -943 -624 556 364 -202 35 655 -61 -325 664 -173 645 -122 781 737 954 -522 -307 -444 316 145 984 -579 -331 341 -741 -494 -982 351 320 -298 478 -870 677 -940 -972 -656 -559 821 -842 700 -999 17 619 47 -258 -814 -504 177 -673 500 -42 -400 -701 -632 59 -636 -789 1000 -856 -589 72 245 -833 -224 73 780 14 749 -626 791 -996 -238 878 -321 -97 214 721 -129 -24 -502 -629 356 300 -203 182 481 79 330 -934 783 687 -954 140 82 10 -331 -911 294 733 948 269 184 155 -639 -724 401 -186 702 667 -291 925 885 -684 234 49 789 -667 588 -27 443 -900 909 514 860 513 -334 837 -146 960 -968 -522 -89 17 845 -362 765 -954
796 -445 668 -640 -784 794 -810 494 73 475 -236 836 157 514 395 404 -347 727 810 -933 -632 323 -113 -518 -330 -547 -454 879 378 608 522 416 -621 -837 -141 -108 -52 182 272 974 822 -869 -395 -474 263 -856 -946 -570 -324 816 -525 -690 138 120 -355 868 834 549 562 -948 3 384 204 -977 394 994 615 -213 -636 -638 -839 23 -652 136 -595 929 143 365 536 -730 245 -943 780 46 -102 -455 474 -127 274 83 -286 730 -36 -969 727 310 965 764 -882 -455 925 -813 20 574 503 308 959 712 -87 -76 -531 681 -284 -112 169 -642 813 -40 12 -122 -262 -950 -273 702 -744 106 -577 -246 473 76 185 993 -613 814 437 677 275 212 -320 -642
169 785 -79 323 797 -82 61 -316 647 -629 -123 870 796 640 413 -564 -388 526 -536 -786 -727 22 959 -231 978 -730 928 -109 -499 -804 -493 -231 755 -280 648 -441 996 -414 636 -558 748 -235 -149 -362 254 -217 591 360 -788 821 502 999 -247 160 482 -621 645 -386 -407 -518 -280 -97 461 -629 -182 269 -234 -583 -258 -450 -213 -834 -577 -854 -128 441 147 259 969 85 -516 -987 365 -536 -803 204 886 -731 -742 236 -492 622 -984 674 897 -951 -429 565 687 461 -370 263 286 -870 773 -994 -886 595 -897 -327 -416 601 -608 -95 209 677 -886 -897 704 -591 -605 -556 453 -541 -479 -936 -764 -489 562 98 -520 472 809 529 -248 -517 -510 -203 -661 -983
871 797 -24 -649 -485 -338 -569 -845 -573 -116 -221 -756 -907 600 -512 62 312 310 153 -103 667 -870 -749 334 674 511 910 934 -646 -45 -663 846 -146 -510 -556 -254 914 -82 33 -875 -52 -824 196 698 -285 -722 458 -349 96 912 -107 883 -479 -848 -747 -158 -132 918 51 -419 289 -259 -585 327 296 766 -311 512 -919 -714 756 -785 -806 -793 566 -593 483 232 341 -300 349 -246 -900 -807 969 232 -158 -392 -162 169 844 -155 -70 758 600 -345 -951 -238 -934 -893 324 875 -988 -442 -816 -580 -722 -801 -409 44 -410 -312 356 -953 -991 623 728 -474 -561 293 569 669 588 -591 586 754 34 -158 -586 -59 748 -608 54 16 -122 -978 50 220 -192 -498
580 413 257 -816 -360 219 -136 -839 399 -33 -178 524 -829 -810 -776 -441 -235 -363 824 957 434 -167 -670 -389 -604 -455 -756 -439 -539 795 -65 -944 -226 527 -485 578 541 572 -602 986 -811 -235 -924 -447 -641 120 435 602 -737 -61 -498 619 209 883 -543 -680 642 458 380 350 -741 -692 -864 88 952 550 502 626 999 764 479 -616 -740 -962 38 601 946 -826 -494 782 -53 -208 311 817 -504 790 188 987 788 951 -408 670 -726 116 -234 668 -72 -41 679 514 315 944 582 -59 -503 -291 -74 823 -114 805 568 294 398 -815 729 -318 954 71 680 184 621 -107 710 -705 -714 54 69 942 -352 -188 211 393 -660 -405 912 86 672 -522 -870 784
-135 -648 -694 791 -884 -808 -537 754 -837 346 -983 -845 -573 790 312 981 977 -728 -205 724 -683 579 -20 -520 -578 322 864 -512 309 605 580 -857 -394 724 -245 -378 -471 -101 165 982 879 -158 594 863 648 320 -332 626 417 -500 -127 256 -422 375 567 53 -810 -887 139 -379 140 -666 634 -207 -982 -291 96 517 -599 -115 -857 -383 -421 -892 823 -414 -127 166 940 -627 153 982 -347 -969 885 -428 -663 -524 551 835 324 -982 424 -682 -625 -623 -696 390 -291 185 -145 -62 -735 -744 834 -892 109 814 369 716 -10 -937 430 363 -749 621 -888 -178 836 -473 -987 -491 0 275 -786 -673 54 -261 964 -268 -539 -186 -144 911 -969 606 -376 117 72 873
-706 422 -908 -170 146 -49 863 -570 -936 42 478 357 -76 515 610 -429 258 23 -731 -188 -830 971 205 -96 432 982 189 -729 130 412 -309 325 506 313 -340 -194 -373 -298 -917 54 -71 218 -695 911 -855 928 799 288 -521 -639 -449 -753 -729 -290 24 827 579 -339 647 -904 163 349 474 -89 650 -889 177 545 -851 691 190 -847 975 772 -197 -709 935 33 -134 -387 227 -351 583 560 614 50 -886 11 92 119 -551 340 431 827 -933 275 194 678 -570 -954 442 843 -166 -901 -211 91 -505 -195 -894 -870 984 -515 -552 651 483 -52 -685 11 584 147 81 391 -9 -400 90 -277 -417 349 -858 -55 369 62 -392 -798 51 -793 760 -269 -416 -984
-737 -946 348 406 -549 -364 758 39 -302 765 886 -215 868 -140 246 559 -279 -815 572 -135 -759 -828 549 -737 -406 811 574 379 -140 272 -372 960 -751 642 923 -886 368 766 -76 835 -600 -501 759 -465 -887 815 984 -939 703 -160 758 891 272 -357 502 -147 197 -325 -546 505 -683 -698 -994 58 -20 -38 825 -866 -630 -801 560 -106 -872 569 512 315 -266 493 -286 -265 368 -259 -832 -745 -113 498 456 619 -485 549 -839 -122 -578 -294 -983 -215 -460 841 57 599 239 170 672 -476 326 -660 52 959 -723 195 -312 345 -671 -244 287 160 -934 -994 511 45 690 -706 -480 -169 100 670 -461 337 -802 -428 -928 231 -79 675 23 -448 679 -392 -168 464
564 -77 254 -547 916 -304 183 764 -412 -607 335 -984 685 -886 -567 670 -740 -184 -401 167 -147 927 849 259 501 -98 649 430 -610 305 -33 898 -627 707 521 57 815 -402 474 -947 -990 289 -501 415 -239 412 -808 144 -617 523 -895 -546 -651 -611 336 -513 -434 608 -822 -573 -161 362 622 -599 -660 902 955 -415 678 -22 335 -311 361 241 41 -922 -415 426 -432 961 188 491 605 -901 810 -765 114 -706 -126 539 -914 210 -225 984 -855 -551 -281 -639 -998 456 -421 -537 344 610 746 -843 716 642 33 933 -250 -331 -467 909 87 -943 -399 -44 -229 502 -589 -843 761 944 -528 431 835 150 -768 342 -664 418 996 -822 9 -675 -724 641 777 -314
-203 -364 -547 -593 32 627 -78 -619 -99 -74 -498 -486 518 993 -961 -240 376 -734 -480 -493 796 -118 138 -204 -267 -794 439 -514 -463 -934 -910 -521 50 -39 234 373 -905 467 148 -582 723 -582 720 -435 351 -877 -524 518 283 118 693 534 -961 370 -699 401 16 -79 -138 905 -257 258 -868 -632 843 649 864 634 -730 527 832 -636 261 -713 -60 -43 753 111 460 -761 -629 495 470 402 -611 113 299 766 603 924 -887 -126 839 207 -325 478 -844 951 -220 529 -109 -483 186 568 265 751 271 740 -286 825 -420 102 654 576 870 906 -855 -533 -942 93 825 974 -140 557 -528 804 995 476 162 -984 313 -337 -160 736 6 889 -206 -217 -60 -257
-956 486 -522 136 -137 -50 441 787 -712 68 476 -635 926 -247 -148 -723 429 -635 424 -314 231 240 -76 777 -958 300 -679 460 661 258 -280 -246 -116 -344 911 -304 347 -324 165 -622 974 -544 -753 -968 -65 386 -987 712 -527 -938 -226 -655 9 -958 -248 -31 -691 502 -395 -796 245 294 -721 169 -515 341 347 466 -372 -353 -613 -375 431 212 334 -246 303 -660 -366 609 -687 683 106 -96 508 -925 -534 -900 -219 704 -737 -891 -474 -780 652 672 413 -624 -994 -285 400 -373 -367 -147 -769 -702 -612 -737 -990 828 -360 -165 -287 -951 -578 -761 322 743 -402 -866 -851 -512 -789 -444 492 -717 771 83 -626 461 909 71 587 -412 -485 434 609 288 943 -692
-436 358 186 603 -315 -61 895 795 -815 561 599 -229 -358 -23 893 692 523 565 873 -986 581 544 -694 32 -49 -35 556 -452 -118 17 74 981 578 558 -371 5 528 268 834 96 -564 -874 -743 -681 736 767 -951 -135 -664 -193 18 157 518 -450 715 932 370 27 -455 -850 -162 121 -399 -948 -57 -441 52 -18 -105 890 121 376 200 922 -519 -203 -429 -426 100 920 311 692 673 -565 869 -951 -910 -889 -169 49 149 -802 113 428 999 232 -881 -826 -524 -120 -594 -64 -598 -6 -168 384 -373 747 -793 946 96 -971 -566 -327 170 86 -779 39 -748 300 322 -44 229 -737 -698 -82 -94 -166 79 -242 848 -312 -711 435 -617 -697 832 -435 -990 396
-529 -600 530 -205 871 -30 -718 -864 -549 603 -490 519 744 -472 189 52 242 -332 -315 -920 714 868 -931 449 924 117 885 -683 324 293 -798 -245 816 -902 -177 6 849 162 -499 -18 -117 -375 -694 -467 -404 -447 544 -269 -215 305 -764 582 -44 364 -961 -423 -998 316 121 -872 -999 875 -431 -739 190 126 905 674 524 -561 254 660 553 501 998 -943 -958 -638 -638 -802 799 -440 867 439 897 -695 -503 419 -296 475 -506 402 929 -476 288 -601 -915 -697 -922 412 461 10 -822 -489 696 -157 -52 -953 863 719 -264 -294 -152 -257 54 303 -970 240 719 834 378 565 207 -886 -61 451 -842 -485 -400 -279 -760 -312 -858 -278 452 -167 -402 888 -414 980
-923 462 -987 -213 263 730 913 -894 838 -363 -826 -212 -60 176 -774 929 640 686 340 974 -724 456 -588 137 45 -287 769 -657 829 -218 -517 -309 699 769 175 277 -623 43 616 -187 805 -645 626 483 185 336 745 -275 14 22 785 852 -299 777 95 739 742 259 -396 -324 -151 -253 -678 -751 -142 -515 263 540 666 919 223 428 72 -681 -42 -484 -642 -825 -222 -14 -944 642 702 -495 -929 -66 380 -5 916 982 -46 -474 296 -702 261 105 768 549 739 308 294 67 -6 26 -30 525 278 -372 -201 -837 -568 -142 634 212 -638 -744 286 -435 270 -204 763 -548 -290 -768 -260 695 175 40 167 -2 -665 737 -136 -254 173 -845 743 896 151 -475
-24 990 414 -956 -15 -511 -577 735 -187 -663 -613 818 -993 -535 -19 413 267 326 635 -319 -322 428 790 358 277 -456 364 92 555 181 -723 844 -587 678 -470 505 839 -19 217 89 105 950 -235 554 -812 659 -413 -349 983 36 -673 -184 -250 -494 501 249 -446 -455 -197 -424 275 -656 -389 533 -703 -538 47 -505 -46 699 -539 -855 -642 -136 226 -545 863 492 371 -796 756 -557 174 -254 -11 -587 -729 812 -704 -231 -850 107 -398 996 -730 483 -367 -62 113 866 326 864 983 -139 -584 -733 -235 422 355 872 337 -571 72 -567 796 -94 958 -967 -63 -939 774 540 -582 -742 28 678 705 -468 -871 -993 932 45 342 159 -670 -289 -389 588 -302 866
-507 908 -510 -5 -891 -999 -675 -707 949 961 374 102 806 887 897 600 -618 122 17 -349 -835 -225 -196 -868 -970 237 -534 204 970 -699 124 248 -457 188 314 88 464 -857 -43 805 351 -974 731 772 102 -483 -792 -646 -798 -877 297 507 16 488 -132 532 298 14 -60 -848 730 -588 -391 298 -289 -52 732 257 925 -953 104 -255 975 512 -941 771 -841 -638 -524 -701 -298 -10 590 682 -8 188 250 -168 -490 -618 -636 -177 -913 396 -932 -225 960 -993 -67 521 128 -786 -310 579 633 414 -733 -57 -432 218 679 760 -682 -105 -300 434 583 113 777 444 -593 -344 -99 573 -452 -239 633 -328 751 298 320 -346 604 -898 -657 -545 913 529 -514 228
-76 -807 -218 92 -860 -327 909 888 -175 875 -659 -971 -936 -24 68 -418 823 663 260 956 159 625 -247 267 727 -163 379 -311 316 685 169 -818 790 547 742 -349 534 897 960 65 28 -276 426 918 -154 556 -756 70 -46 -637 -575 -532 612 791 -450 -356 -493 -802 -558 -650 -707 -843 -584 -71 523 -899 585 -622 -720 -734 63 271 410 201 -555 196 -661 934 794 393 754 455 -380 526 898 -335 -992 -84 996 373 -472 874 536 -530 -546 -504 -697 681 373 876 772 625 46 -489 353 -489 -224 18 749 -325 -47 602 779 -183 -287 -715 494 -110 -762 576 -624 534 -95 -744 818 491 -481 305 622 -323 284 -555 824 -926 130 732 259 -552 -736 -59
511 366 -730 -337 -512 -788 -372 -506 -373 848 -31 205 -487 933 641 -908 542 97 240 -682 -77 -500 -524 498 -609 -311 -929 852 84 834 233 320 310 468 -836 -518 -586 612 185 -684 -915 -628 24 -987 -492 231 860 307 -560 4 -747 125 -949 -310 -769 759 493 409 -488 -734 426 -984 143 -649 133 -943 -312 416 514 645 -740 -460 -72 -515 653 13 -459 -178 310 392 332 648 -511 -264 906 -421 -637 -874 951 -57 130 841 919 767 -826 15 -32 -120 813 -283 469 995 -599 969 353 -475 292 -295 816 -432 -988 -441 -377 992 -711 540 612 708 18 102 480 -698 -608 -657 -688 -455 -605 251 -165 142 864 622 182 819 -236 679 -117 -167 546 -723
920 704 920 165 324 385 -464 -67 428 391 -206 632 604 -517 -185 38 329 379 -680 911 923 359 -283 973 -440 984 913 -77 474 300 -886 141 467 -382 -793 821 -297 -418 267 -321 -824 -662 -970 -718 -241 890 538 -668 374 186 890 720 594 -298 367 -569 494 213 180 -160 -477 -589 -991 461 147 810 -682 -756 517 989 301 598 922 -176 689 247 30 903 -770 43 -678 -183 542 178 -89 -160 -254 735 493 -944 -702 227 745 802 -469 240 -579 -99 695 733 865 -753 -597 -426 -633 -83 201 -84 76 -459 -522 -992 746 604 806 -233 667 -567 -93 683 -855 -483 -819 -1 480 477 11 236 84 637 879 92 927 107 -648 -110 434 853 641 868
-179 -488 215 455 282 167 599 54 -108 -172 -730 862 533 286 -902 472 924 -441 22 132 -402 544 -429 -466 -269 339 361 704 81 573 637 660 374 -586 996 740 78 126 -314 80 -27 -698 -818 -85 -458 920 526 -717 -30 -76 -593 -757 109 -23 -235 614 -14 -532 -415 322 -858 -409 -607 -433 -630 721 -702 -421 -502 486 -523 -229 242 -93 -977 808 465 -496 91 -525 437 778 74 -922 182 412 267 -439 -833 425 741 -674 454 -151 305 298 -691 -178 -684 640 -671 -191 -230 875 -384 750 847 151 -969 441 -682 -419 -199 -469 -739 -759 -484 -211 -489 -422 446 -801 -887 -746 421 486 -415 423 483 -864 -849 502 -824 -283 55 -798 322 700 911 -947
271 663 996 868 -221 -852 313 969 -923 496 -881 894 691 -942 -928 431 -905 -110 -172 317 -383 -500 -873 -189 835 -123 178 823 332 -832 -762 30 -676 -610 695 172 646 32 485 584 -29 762 53 -808 -749 -827 174 -51 -1 785 352 -83 -86 -938 495 441 -90 -219 510 -805 -750 -848 757 -434 81 178 917 -342 6 380 -350 -582 923 -483 -673 972 -543 878 -120 -156 -718 183 -696 765 930 -95 699 -674 -476 201 766 -684 185 -130 355 -335 -397 759 848 161 519 -460 743 357 849 -753 848 -945 322 -850 146 840 148 -679 304 -767 -370 130 544 532 50 -682 808 694 -220 -338 -366 587 -570 -942 -418 -298 558 667 645 -804 137 -861 -597 772
488 -148 399 -883 25 921 -83 300 -271 -691 626 704 -844 862 -273 979 -345 261 -778 464 541 -75 593 284 174 -554 -733 979 566 813 -634 671 -103 890 -77 -185 -44 -611 241 418 -129 917 -204 -298 -946 359 694 658 -585 -105 676 324 -434 -522 -97 -25 -485 457 19 445 -307 337 660 597 -168 668 -428 746 -566 -24 -367 -377 92 -785 -181 362 -876 324 -973 -540 -713 -584 47 -710 -885 -88 -725 812 -486 -633 -471 -544 226 -460 153 762 -502 584 -189 -695 751 -530 305 273 61 159 -166 -304 -263 -215 -695 -49 -597 91 -596 -680 889 975 -200 -17 62 -507 -54 -770 -951 -744 -632 432 978 -608 230 890 903 -621 645 -751 -987 632 774 268
-894 298 540 599 -233 533 239 928 -853 864 988 -462 347 -185 -710 508 -650 -253 327 -402 500 -968 -623 399 -506 -772 177 685 520 -161 994 -638 387 283 -80 143 624 -7 -101 -136 -105 -339 474 -853 -139 304 44 -66 -900 -8 889 -795 772 -378 519 765 -993 827 -166 -72 379 -984 339 213 48 801 -455 267 -599 -964 612 -638 655 780 181 206 385 -571 740 -696 -768 283 930 955 -249 -100 573 -248 -921 998 -542 231 608 470 348 -149 -452 -834 922 864 -186 690 -1 -765 328 480 515 46 642 -583 487 -962 518 -80 -106 963 -577 -562 -585 -812 -734 -368 142 125 109 -930 562 -762 -659 -104 -263 -47 -452 -545 -528 -993 214 -723 999 -385
876 -638 -919 516 146 556 -103 866 -509 -526 -344 821 500 -627 979 -850 22 -829 248 -564 -987 674 -791 786 -371 -634 10 938 653 951 949 -618 99 -510 525 990 999 417 -625 -37 948 -262 804 495 -591 993 -893 271 -739 -597 -125 543 -375 224 -386 -632 -209 747 -62 280 480 34 945 582 316 685 -920 416 986 53 876 691 -264 746 -816 -938 380 512 -989 772 296 -633 -217 -764 -628 502 28 806 -10 -332 -277 477 676 -46 -833 931 362 -824 365 749 367 -101 -252 429 178 -169 943 910 -694 943 168 -529 -901 -34 471 -321 148 -727 600 -31 -908 -45 -982 -404 733 -212 -189 -78 370 711 -767 -485 -166 -393 731 -547 -330 -411 822 -422
607 -96 -540 -153 40 690 87 -492 483 -773 -732 492 319 -67 242 763 -97 595 849 103 -42 -802 919 -756 943 -579 -427 760 -855 -168 9 288 -770 329 317 -771 965 -520 716 -825 686 -974 549 -20 427 405 -760 412 814 955 -131 -172 -356 112 852 838 -815 33 -874 385 -738 -285 -245 850 45 -611 485 263 -795 852 682 140 952 529 -881 852 -230 -272 -113 -395 -963 216 -981 0 215 386 219 -613 -123 952 595 -643 -327 -37 -623 -42 -850 640 178 -616 476 -7 596 422 -217 412 166 -856 226 -110 716 -248 -399 334 -81 28 492 823 -767 -672 335 164 670 735 -578 -973 718 -498 -714 263 -666 -443 -449 428 -337 171 -275 567 -162 -451
230 -450 194 810 46 -319 845 -786 -2 -540 -775 -647 755 -261 -420 524 770 -879 998 -305 457 -188 -761 -799 977 592 654 -931 -801 -522 -132 -778 -566 345 838 479 775 374 -695 41 -687 989 88 -646 788 -576 209 838 504 759 -465 557 -758 365 328 -255 -314 -854 -491 -126 -15 142 882 551 -573 -457 -708 683 546 -81 -889 658 633 422 770 423 583 55 -110 -700 804 -583 -86 -964 -449 -476 -244 -760 258 30 -982 28 567 -334 485 565 772 795 519 -110 -639 402 -564 -484 474 -718 -166 -764 -592 36 -495 455 -773 -4 29 -560 -870 -289 569 -342 -294 255 -306 576 84 949 250 -588 -591 -870 -981 360 745 82 -694 828 825 -314 948 -860
-669 444 787 245 -929 804 396 -979 336 -111 162 972 -975 963 -888 690 366 -195 -45 -505 318 616 525 -191 -226 -749 86 -747 794 -219 85 -723 356 609 701 258 -538 -412 -965 294 -284 -593 811 -751 523 635 778 -618 807 -195 389 850 -176 744 241 128 595 -438 -492 571 703 4 -815 -431 150 345 833 -495 388 -798 -68 -911 -20 219 -264 14 -99 750 744 816 163 570 677 937 10 -49 -326 -181 -514 665 -663 419 334 119 587 470 526 -665 821 -602 -772 -449 -874 864 -54 394 284 566 106 -770 135 -476 -232 -570 421 209 224 -959 -211 -412 -383 -730 359 -880 314 -463 40 -610 624 -593 427 -698 945 242 -341 -647 531 -111 -755 381
422 -128 -486 278 952 -761 -693 -258 231 -847 -195 -927 897 563 643 -953 -697 775 -229 -706 144 -251 -231 -828 938 797 -193 990 11 659 -962 -584 501 -905 -826 -262 24 -449 809 -894 930 452 -866 852 226 -58 -638 -261 -966 781 -439 922 226 285 321 -60 -328 277 -649 -444 261 -716 739 842 812 200 -33 67 -676 -860 421 -508 597 -274 -554 -302 -825 866 -938 -224 -619 454 565 358 -919 -708 -55 59 689 -579 775 960 -905 392 704 -424 -802 7 1000 -41 -520 -839 466 821 340 226 326 -881 677 428 -267 171 -946 -73 916 -954 682 244 -364 716 -792 -758 498 -124 755 483 361 997 447 -409 821 -136 -17 -221 -461 -469 372 -523 613 -161
-400 -122 145 880 905 -444 -519 -386 -615 299 -171 508 929 848 924 532 622 314 546 -427 916 925 -661 523 -329 -908 -402 -934 88 506 -219 -538 572 -427 -656 465 -87 560 -247 -190 -983 20 -750 206 -799 194 762 -890 -980 975 79 -547 -784 685 -994 -780 -718 -254 966 -635 372 102 298 -872 637 -658 229 68 498 -976 839 -826 960 499 -338 -89 267 645 -320 -531 528 776 -540 -575 -745 -518 145 -776 -892 -145 -66 -448 -179 493 985 -184 -26 -252 819 413 40 -456 232 61 336 892 -4 890 51 -355 -879 -99 -193 984 805 435 -899 617 953 -343 -573 193 284 559 614 -541 741 12 396 651 560 -545 -161 -5 -561 -243 30 -284 -798 507
-34 -451 -654 969 -371 -93 199 297 -505 30 -711 443 129 283 803 -121 -173 -597 227 999 -205 439 766 30 -772 542 -607 -360 -610 781 467 319 734 -374 -90 855 254 -403 -884 -217 -984 700 -378 612 -621 753 -921 -84 984 266 -441 -4 -817 -979 115 -225 530 117 -94 -77 291 189 -653 777 873 104 498 489 -874 779 841 960 180 -216 691 743 -883 -104 476 689 698 99 68 224 979 -49 -542 -827 710 83 -283 130 -109 -153 790 -434 -333 -150 841 772 968 863 194 680 320 -747 213 -168 -413 -814 -507 490 716 315 -978 -264 -811 -365 847 932 -726 429 -466 105 496 863 304 -607 -146 101 -192 301 441 -865 -804 436 798 809 543 410
-471 421 -280 -980 -926 -474 -758 -810 823 -709 -227 -47 -668 903 723 284 -449 -999 964 214 -592 -51 -886 118 845 910 -439 -409 -636 -186 -746 -973 466 -61 -56 346 -63 888 364 -433 861 237 -974 47 -729 804 165 -449 131 474 -616 -142 -868 453 668 372 -856 736 446 165 -922 -960 -147 277 -765 -14 729 936 -164 -76 663 823 925 -68 -943 -525 872 -167 -54 -106 -430 36 703 -904 -649 -894 665 -694 333 -247 -288 403 -106 140 713 -859 848 453 -609 107 727 -161 -656 -574 -278 397 -34 416 -422 297 -202 997 238 717 -995 749 -396 -488 838 -82 -574 206 -975 837 -102 -18 606 391 780 -591 -210 710 -330 380 90 -461 391 -478 -355 -277
145 -326 -932 -961 92 664 295 884 599 474 -249 3 -871 945 614 189 -234 250 -257 -161 637 -696 874 -226 974 -400 618 -912 553 385 -110 439 -31 174 -655 378 -496 -839 -993 -415 4 -995 191 -243 791 904 84 -575 764 19 368 -991 -155 -384 -312 678 -206 -833 -637 -885 899 -420 433 120 623 905 -936 136 -611 468 -326 521 -225 -316 18 639 -145 -443 -531 933 578 -754 262 -703 -103 -965 -278 451 -634 -724 186 378 507 -439 126 -541 126 672 774 623 905 -819 828 783 -659 -59 -410 -433 7 -402 -345 204 -165 526 -315 851 -675 111 -747 -808 286 172 898 175 -621 -133 45 -293 482 -617 -786 -639 326 -231 409 584 433 386 972 127
641 -345 85 58 -597 473 48 -837 868 719 -499 -903 -225 -365 -768 176 656 727 -142 -188 783 562 277 947 -263 810 -347 -889 592 15 106 -172 -974 514 778 900 279 -640 -437 -196 323 815 886 299 -308 -588 391 479 422 -577 465 355 -902 -828 319 521 -635 694 597 -816 93 225 164 -334 30 -844 -244 -371 354 986 -324 172 -769 724 405 -975 -279 -732 396 -495 -727 680 -914 492 -426 786 -1 -233 320 -560 -645 -296 364 284 317 669 -648 -174 -51 -470 128 553 -124 -995 57 112 44 -17 -469 -9 195 -6 908 407 30 -766 -489 527 937 -639 -676 332 -980 562 -287 -732 186 169 566 -625 -125 462 -811 418 489 340 56 41 432 122
933 -944 495 366 373 -897 611 -631 -238 -864 -974 523 558 494 220 -189 -992 508 510 458 -454 -466 17 141 102 -488 191 886 -626 514 118 854 -277 -620 788 305 -698 500 -654 -507 -550 441 430 -152 442 -133 -128 -946 -386 505 -962 -700 -359 166 635 -852 950 272 666 645 785 -769 -864 -474 578 23 -441 -410 -701 586 -241 -965 963 77 -464 -642 819 -635 -278 279 814 -706 397 939 710 488 -844 -642 345 -50 236 -90 -221 -524 803 318 572 -148 332 -493 914 -971 -705 -497 -383 561 -628 -993 -689 -798 -560 323 69 -960 -112 370 -745 -119 -302 232 -556 726 764 445 760 -427 148 -926 -241 696 -506 -741 853 -310 -748 259 297 185 663 529
-624 501 660 70 293 -733 794 -1 -530 -626 648 765 -278 907 204 798 -874 -57 -731 -905 719 47 74 497 561 603 -765 878 -50 -551 773 438 827 -910 -644 -958 -492 -870 320 -444 688 697 -454 817 -945 -15 912 -660 -673 -164 988 -543 -482 308 -469 -678 106 798 -191 833 -12 612 585 -93 -652 573 922 621 -859 -21 -138 166 97 976 620 -839 -329 206 205 -99 -824 394 475 -542 946 -532 -738 635 -700 -106 128 -686 320 430 904 -84 -706 762 -300 -997 829 -809 -321 618 84 -554 -382 -376 -649 -28 -522 420 -459 660 -936 81 -498 331 710 -394 -814 -649 374 -683 341 589 -251 -843 -626 -258 988 191 -833 -987 -337 -926 -561 639 -352 -877
738 599 880 -860 -886 -898 -314 31 311 580 136 -384 778 -795 -139 -387 615 35 101 386 -855 -709 -280 -675 127 -281 971 -653 596 64 -982 605 -228 -147 -161 -766 442 444 712 802 847 332 -489 -451 -210 581 307 62 -838 68 -869 -585 -912 -761 -485 746 -687 721 -825 -335 40 -357 676 -102 -342 -952 790 -445 571 -941 -796 206 124 534 -40 -447 -78 729 306 333 -621 854 -228 -856 218 341 280 -311 -118 713 -202 351 -562 598 -350 -657 -881 253 -182 -71 -705 -91 317 326 562 -88 -82 271 380 -841 488 669 917 107 699 696 201 -135 -523 -578 -291 -959 317 835 892 547 200 623 191 95 -802 121 27 -888 -586 -642 851 627 -402 -275
-770 994 119 178 308 23 -979 301 -989 -537 645 366 814 478 -161 384 676 536 -550 -913 -402 851 38 39 626 -897 -363 698 -603 270 171 366 -530 -242 981 1 -971 976 198 -247 858 100 -884 -403 -671 -781 -400 169 619 -904 252 802 -799 620 936 71 249 -338 -307 -913 -677 315 -390 837 -723 943 -491 701 -581 152 -279 738 834 -734 285 685 891 -75 -154 -348 693 -120 -173 -83 251 -528 -219 797 -651 -807 -766 -463 650 -737 191 616 -894 633 -150 -293 746 -333 -678 842 -399 311 -690 -427 111 -952 -478 -301 -186 -22 465 -302 -688 -959 -284 940 984 324 -136 371 516 141 653 537 480 801 26 750 -634 919 -226 854 -519 534 770 534
66 -209 955 267 -607 404 -469 -232 -827 915 806 -246 -730 -700 -622 -599 -849 555 728 317 922 -343 -184 410 -972 -411 89 218 495 -141 -595 70 790 415 -910 577 395 312 -123 -64 700 476 -590 -582 -491 -197 -602 216 127 -774 -731 -392 -811 -265 456 532 -265 884 -690 -118 -793 978 227 -408 -191 -180 -738 791 -40 204 -668 -687 59 461 -150 559 743 -593 -233 -157 6 145 504 638 -907 -34 894 112 -61 -458 -462 730 565 -632 -408 737 -106 -583 -607 546 -580 -765 474 124 742 -355 946 -546 689 675 -7 990 282 18 -812 -93 814 546 -627 -832 -4 320 360 574 684 71 -944 420 858 -549 -97 390 -118 -271 188 -841 255 286 159 108
-297 427 384 958 350 754 830 -757 -733 631 411 -502 7 182 164 378 497 -347 79 -426 -945 -619 301 -154 -88 -549 223 -779 220 -603 116 939 284 -805 240 311 -410 -636 457 378 553 802 267 -942 -137 -565 396 -15 696 -267 681 -486 91 -467 -898 -680 -872 611 213 -741 177 -970 518 -448 -618 -472 205 -149 615 -995 -374 -764 404 725 289 171 385 932 209 841 -91 -421 -462 -140 -174 804 -137 511 -801 -897 84 -308 800 -924 537 447 7 148 380 432 676 977 -492 -724 936 -298 -79 313 -985 -28 314 340 -84 283 974 217 694 -463 892 -386 400 -590 -274 285 831 -908 -336 812 580 -219 -113 474 -591 -845 -132 -984 -232 -536 175 -815
-209 -783 -792 -840 816 -951 449 109 813 902 480 443 273 800 -183 753 -591 -663 -17 -966 657 830 -501 -628 -189 88 469 -454 26 -609 -289 358 -612 -516 258 -713 -410 9 592 194 858 -312 168 -376 -156 29 279 -436 -582 -920 76 815 -95 -333 -524 -438 12 -604 132 935 592 -145 -155 749 -205 -452 -486 86 -926 -848 781 -834 -270 -981 471 -166 -50 605 222 -413 591 581 -712 350 762 -520 -594 473 -894 794 460 -77 895 349 -891 73 135 -413 -220 233 -376 -111 -483 981 -121 -942 289 -411 -285 -716 945 169 -973 -124 569 -758 -130 433 -850 540 -567 -1 514 -909 -294 315 628 -818 988 -714 965 -300 -565 864 -252 585 591 354 -868 477
294 -409 179 -526 10 648 35 -935 -222 -669 -938 648 -861 -985 618 841 -345 -881 -492 -319 566 56 -272 539 -447 625 -425 -127 -482 -130 -279 710 -36 -967 106 787 1000 -394 969 -819 -455 -464 -661 -257 262 613 999 746 920 140 -838 -395 682 846 -822 418 -596 424 24 366 -650 251 -225 356 -230 -290 -103 -112 274 -223 -960 -485 665 -82 -431 -824 261 -466 621 -999 290 230 602 959 698 76 695 972 800 713 796 -698 381 -227 -305 -165 385 -214 979 -660 923 -818 171 -601 244 528 -115 -203 725 -234 849 652 -471 593 -296 610 909 694 506 191 819 -839 24 -259 -730 -8 -96 -33 -920 -239 238 443 23 369 -129 -155 559 -342 433 10
697 784 247 166 976 913 633 -590 -572 991 616 317 663 -213 462 662 -187 -737 -620 -941 -222 -153 -419 913 -597 509 -656 121 702 -495 99 955 357 337 562 650 -483 -38 -177 772 -891 315 -204 -196 -110 803 -60 -907 623 -985 -513 957 -206 -559 -556 -237 874 -121 -256 -121 116 631 -571 157 381 541 663 494 146 -79 -705 187 435 -512 -846 766 966 -443 940 687 695 835 -282 -113 861 -894 663 613 -472 -861 406 -413 822 690 -611 660 -938 647 729 -892 -812 9 -290 -388 82 -960 120 376 599 -635 -852 567 -351 -168 956 159 119 -403 -774 -742 329 53 36 -560 -231 -76 333 163 -766 -300 861 -847 758 886 862 794 -649 880 -521 350
-949 -905 -394 -783 -494 234 774 -289 211 808 561 614 882 -48 110 244 -258 947 795 -242 488 -600 406 -247 654 -340 -187 -183 -684 595 709 -108 212 640 -528 -190 429 -628 600 -892 -761 -361 128 -82 198 -712 889 -655 188 -942 265 -391 473 502 -519 -752 -642 719 -139 238 -624 -706 -346 -194 263 -158 -196 -242 358 19 -603 -206 -187 604 11 -699 -823 -957 457 77 -250 838 845 233 795 -109 617 234 827 579 916 -916 -884 -603 622 288 -440 -333 -288 167 961 179 -559 845 322 -388 630 -81 -560 755 -447 954 367 -607 298 -574 353 18 -693 -453 873 333 -572 504 270 -53 -593 -818 -69 -586 239 707 -173 -545 -911 521 -943 716 469 977
686 172 -570 -563 -420 -935 211 -505 559 -871 434 -873 491 -16 651 517 937 -123 384 395 723 -417 -212 486 -786 -180 457 313 -616 255 444 782 647 -828 -725 634 961 -272 622 268 -582 554 -973 530 -617 -81 -244 231 961 -489 -301 -883 149 82 -483 -605 -839 -450 -260 611 -823 105 -657 -709 -545 -115 996 437 49 540 -962 -315 420 -375 -639 671 -529 -911 810 291 858 -700 -756 -794 -267 84 389 542 -267 969 -721 394 713 -866 -558 -741 -229 859 -297 434 194 944 631 648 659 -581 849 404 504 -153 -677 -340 -455 -959 848 -852 -297 167 312 -516 -8 -992 133 897 716 354 249 -878 -434 -924 -923 -987 -826 528 477 502 -597 228 647 -397
118 102 162 -121 -255 322 -413 641 190 -367 586 -32 -843 -425 -61 -339 613 873 -280 21 780 -358 548 130 -382 -687 611 789 943 -600 -618 866 -724 -590 818 -457 -281 42 392 -358 -976 933 431 239 -336 148 92 -397 842 -584 68 -632 -886 641 -392 -564 -855 69 -161 920 147 -502 -974 67 63 144 753 -463 -627 574 707 -309 383 -137 -582 204 654 -760 -11 5 61 -174 815 557 154 718 37 665 657 -574 4 580 -661 -2 -464 -357 723 963 546 856 -231 -895 681 -664 -416 -197 801 -949 -878 -262 465 1000 -61 730 318 -182 -654 165 685 907 460 650 662 188 -357 10 -380 622 -820 415 -391 -944 -418 -247 110 661 134 902 631 -751
320 -900 533 560 512 -586 -874 -445 -170 394 -777 24 431 979 569 -44 -920 544 177 -864 974 136 874 -114 17 856 -139 -554 -969 -806 -928 -175 412 -557 -443 625 39 -966 745 -229 -824 800 213 -110 -930 864 273 -511 -651 853 -148 -75 508 -62 632 -219 -363 -30 -653 -865 -603 -755 -976 -560 -565 -573 -940 -849 734 40 364 -490 702 828 619 606 477 118 466 439 -985 -852 -856 81 235 386 57 121 686 -532 -5 675 -651 498 715 737 752 367 -826 589 759 -347 516 265 -916 -574 -242 -528 -257 439 -912 1000 -848 922 -774 23 687 906 -944 -225 976 -518 -750 392 571 669 422 -920 -721 -308 -944 641 -858 -458 -493 935 564 -411 802 812
-199 857 -49 -182 -266 -365 133 -579 444 -496 977 -837 928 976 923 560 282 386 803 442 -851 30 -762 381 33 -802 -17 628 508 -998 138 694 687 -466 708 -623 -452 -278 254 -251 -938 -697 704 15 -783 401 539 -96 -24 517 -745 42 -323 584 -277 -633 -485 577 362 901 23 -828 394 946 21 -212 -15 688 -89 84 840 37 768 931 -271 193 407 -926 213 -515 967 618 -10 -339 -653 -449 3 -239 -361 675 -294 -402 -71 -744 -201 -28 -914 246 -725 43 730 245 168 -753 287 -744 969 197 486 598 -66 873 -356 -506 -460 -538 931 -938 595 -800 794 -984 402 -686 -441 -566 613 383 -352 -912 -10 247 -807 -767 722 200 23 794 -870 254
-797 -750 729 -279 -933 284 -587 -439 626 -718 -449 217 103 -347 389 -779 -620 862 711 841 845 -977 -842 503 456 299 728 -812 -388 62 -695 -64 433 410 -469 193 967 -576 -658 -725 787 327 842 -194 516 92 -551 -373 -972 -361 18 -460 -358 -955 400 -400 -580 487 -687 423 705 -9 -54 944 -780 66 -776 -139 -955 374 -207 111 -134 -423 777 852 403 -445 81 969 699 -998 441 373 650 -360 486 101 504 859 351 773 -341 -456 513 49 -911 -803 -205 -72 -983 -430 739 90 652 219 -881 -658 313 -787 688 707 894 -934 -767 273 691 891 237 906 -656 505 54 -558 -658 -489 818 -72 971 400 -624 624 71 -504 969 751 524 594 -591 258
-6 350 876 -645 -720 -36 -131 42 599 -94 -54 -844 -344 -779 443 530 126 -745 690 -200 -538 926 -188 -896 963 573 949 -158 382 -991 930 -269 -598 -198 -472 312 -795 772 226 -683 -229 -847 431 982 965 -619 898 -760 -817 589 611 645 454 668 803 -69 464 980 -227 808 -778 893 -825 580 684 -682 -296 -133 386 -763 627 -746 -621 700 -206 -396 -854 234 -642 -326 852 363 810 -812 576 -738 352 183 -733 -463 467 -155 921 458 -636 -117 -794 772 783 74 890 484 -91 -544 -398 312 629 -317 -165 -949 -396 154 482 199 972 -840 -585 487 736 -282 480 760 -371 699 -742 364 -5 -86 -806 266 -445 -423 129 981 396 41 718 -793 590 -745
-643 -134 -41 -802 637 -972 155 614 719 -324 646 205 -69 493 -227 912 -35 -698 627 -745 780 -405 -281 -726 75 187 427 308 201 735 927 739 515 -340 412 776 73 -859 -307 -63 749 769 743 944 471 660 713 -424 -746 -660 -82 -508 -798 715 -721 436 669 -53 -426 -172 -904 835 270 -341 145 -683 -714 701 -919 817 532 -435 -524 601 -970 387 -134 -222 947 998 778 -220 -96 86 558 -994 -353 232 -198 -215 690 143 638 -9 621 -749 -5 840 -22 -175 658 -151 -443 863 232 -439 -712 -710 -42 -599 -623 238 252 -880 542 -335 -970 -952 747 652 198 73 643 647 -687 159 -238 432 -986 -182 -645 600 984 498 117 -358 -499 -523 -560 25
960 447 -506 85 -319 837 476 889 -405 -562 -41 260 -538 -434 956 258 883 479 -240 -346 -555 -209 814 342 -977 161 -825 -797 -840 208 627 -476 -389 -889 -219 366 187 86 -867 -494 212 -830 -121 387 -867 -132 -639 -734 -919 -516 938 8 -740 106 54 -513 955 -312 558 -339 268 -273 340 -322 925 -411 -108 -355 -960 -712 -362 864 -156 10 735 -771 447 41 -393 620 679 -487 310 -262 -656 -208 -248 -378 -849 -803 592 445 845 -522 840 77 -904 749 -858 -745 99 511 106 966 -642 -871 228 -569 864 -697 -990 340 -176 -150 295 -463 84 -492 7 865 96 115 -769 725 368 872 -718 -861 945 676 782 64 585 734 -946 746 167 83 -344 52
-347 -118 21 -290 -790 659 -111 896 -244 -133 -200 883 -798 14 65 -516 -216 -102 -393 998 -772 -148 -814 523 -507 154 133 -290 -861 652 -528 -216 129 -41 -347 366 -73 824 488 -293 444 537 351 335 -375 -205 -423 -957 -807 -208 11 -40 -116 235 101 -84 -133 663 499 568 197 73 896 664 360 -62 -715 -953 -788 813 863 455 -599 -990 543 -518 808 948 -613 -111 -377 -51 -639 -706 342 132 635 71 367 184 -658 -662 -157 188 -468 -137 -417 335 666 655 173 -314 76 119 -298 -199 -932 -551 437 -585 -118 -585 599 -394 605 76 223 27 -504 273 454 834 392 921 175 -821 -359 90 264 641 423 856 -595 -632 850 -496 935 371 -532 -642
578 -961 940 -741 860 223 885 358 -312 340 -928 510 755 361 949 153 670 -327 297 -748 -7 989 -879 -888 -239 934 -299 389 -351 419 -704 -226 -636 -608 36 -608 -182 -533 -294 -784 -856 -700 -233 48 218 448 -998 542 868 730 -975 602 -282 -745 940 -639 781 996 937 106 -42 -338 -866 365 270 366 -202 667 -667 255 -654 894 802 45 -991 -946 575 -628 986 -788 -188 450 -794 383 -655 258 -917 -264 981 454 -702 -60 380 168 -166 -129 694 77 -106 479 706 910 -223 756 425 -859 -670 233 -649 225 458 -601 51 325 714 551 752 755 626 -670 -435 -896 468 247 471 580 791 -57 718 -815 952 -399 692 -546 426 757 -814 -977 174 823
293 898 702 98 37 -600 691 407 855 525 278 -127 696 -201 -365 -11 745 663 922 939 -933 -65 96 467 608 529 -142 -809 865 -497 -983 12 477 932 -103 -493 494 -531 19 354 440 -154 635 -694 -677 685 -77 868 -56 -731 -394 637 -527 794 -766 -532 120 699 60 -292 -487 857 455 698 -348 122 575 -627 834 -502 752 812 249 -481 -540 832 -566 776 -183 104 -312 -670 -720 563 115 982 370 926 -350 -911 61 633 -353 -623 -228 -824 845 -711 229 -509 20 130 652 906 333 479 645 105 -951 -645 -601 -652 715 -79 459 527 -282 -809 724 13 -783 -201 504 835 -632 -901 -932 -985 -788 565 431 58 -534 361 -131 416 -744 56 -749 -216
812 714 -654 716 983 -186 652 183 -818 785 172 -163 26 -911 738 -708 245 700 924 -179 261 -270 -880 167 -442 548 21 -960 111 879 -478 689 502 729 -802 5 -769 -121 407 -19 575 712 -450 -893 608 -30 -801 -167 493 -841 -786 -162 -851 179 -371 -788 -596 -667 -358 97 357 -489 -907 -265 796 -884 399 914 999 -570 783 -634 -803 -975 -242 -269 55 399 -142 -450 659 -944 55 -579 -889 477 873 686 434 322 159 356 142 646 -287 -465 114 472 -214 104 804 -457 -760 -442 299 574 -992 -65 403 171 -641 -561 138 -773 827 -930 23 -701 -535 -655 154 205 -361 671 558 685 857 654 -101 399 -991 -630 -39 -608 727 -191 -897 -331 -296 -562
457 -117 -357 31 327 348 -545 213 578 -629 400 297 -343 -660 -568 261 -454 659 -734 -122 -899 663 73 540 -150 -941 831 -469 -293 -615 -645 257 171 -109 -982 -60 -818 -713 -587 -985 -246 918 723 -535 99 -574 -491 -789 213 -198 -737 -372 266 835 -25 307 827 -972 -698 375 723 766 747 398 -576 630 127 -719 770 -319 -893 -360 614 235 117 -153 -484 99 -238 -668 -253 247 -539 -44 951 967 -83 610 -239 -903 -483 427 493 456 285 825 633 -823 -914 -455 -823 -371 267 -389 -489 812 -693 -730 967 756 -350 869 265 -99 727 -542 -552 -296 -239 957 735 660 -22 922 907 684 -410 948 -228 -256 -740 -127 213 559 371 612 451 -178 -856 889
-742 -601 -901 -527 250 321 58 -166 -640 120 101 -423 -439 -631 -495 967 -702 -915 -40 -586 748 895 221 -690 -277 619 429 -840 -787 932 -383 -586 -201 834 -848 540 -294 -985 -47 288 -91 -291 287 762 164 573 -251 327 -138 190 -840 -960 -403 697 404 -782 -657 -763 95 826 153 -349 729 -49 -302 600 821 -309 -931 -334 -303 775 137 -23 -287 -381 419 -172 955 79 683 501 363 -232 -300 -590 -938 626 148 449 -453 686 -757 -881 5 -119 177 -227 -658 866 184 -25 846 -923 385 -990 705 -872 -614 -974 -746 625 -59 -891 595 114 -861 944 150 82 -129 804 -121 153 -568 -517 217 -296 -922 -27 31 547 334 -694 -85 -228 720 -821 -271 -83
718 -294 747 418 -521 978 -666 512 401 901 -727 -266 356 32 485 -97 -221 909 -968 672 134 548 140 900 -13 -882 332 466 748 521 199 -25 513 -607 -883 262 742 -479 22 937 319 -843 -958 978 -937 651 -805 -926 -512 278 999 933 -395 -753 777 809 188 -440 -521 617 -441 670 438 26 -663 299 737 801 -410 -508 -23 158 -813 -490 310 330 -372 568 828 328 84 477 985 811 151 712 -454 756 -116 28 157 902 710 703 -543 -327 -470 107 250 758 -982 -943 961 709 -816 -982 -776 161 470 379 587 -347 354 308 658 710 -272 -107 -765 556 327 -707 932 -803 -195 -815 142 136 -634 774 -243 603 -888 411 52 -46 778 -635 -67 957
-246 -680 606 492 846 -785 71 393 531 -39 760 98 225 -48 -528 146 752 -713 -112 588 51 -129 14 499 -46 518 -955 616 -843 -787 -71 -160 -660 500 -328 -559 -499 772 -900 -758 853 568 749 -580 -737 793 644 -423 514 -699 -997 376 852 779 287 -335 365 630 503 11 -426 -380 -257 32 -800 -399 221 -775 -239 -91 116 475 -662 374 -857 846 -684 427 -843 -778 296 111 -142 -688 237 -226 -361 -197 300 639 240 -784 -336 -242 115 703 122 757 753 -425 -288 -506 516 226 -555 -200 -216 -725 -204 491 230 397 166 745 971 -503 579 76 40 -429 133 438 195 -726 792 -303 330 -830 -531 -813 -489 928 -306 -515 111 705 -164 864 -379 311
-716 -835 236 689 224 552 201 390 729 -264 -25 -754 -870 -706 339 -531 960 175 968 -403 -658 767 997 967 109 -932 -662 573 -671 196 194 535 694 20 -166 -744 393 271 -192 -356 755 727 -953 -272 224 234 -554 -66 398 -548 528 980 -911 365 -962 448 -621 199 200 218 -343 775 308 318 976 261 -331 -876 -186 433 868 -690 790 332 -916 317 -261 672 -289 193 -827 685 -938 -117 106 402 934 -240 -989 -684 -674 476 -857 -803 -995 672 -250 -540 -384 -5 619 -508 841 272 -91 444 475 9 239 755 354 -888 314 246 -912 -138 860 -528 -671 -182 466 789 -592 -441 65 266 -750 -894 -582 -204 -704 -81 140 795 611 407 -44 587 -296 744
687 -984 -685 -631 720 459 799 -8 684 605 -605 51 -621 670 -543 -929 937 274 504 -248 -366 218 969 309 669 235 454 -553 -601 716 246 174 544 -31 -554 504 875 -721 -486 87 -98 -772 -608 -338 634 -636 37 -600 244 90 113 148 -878 -727 510 -767 481 278 -186 -910 355 453 -870 -209 -234 -620 -721 -216 111 39 -718 -394 -570 -287 892 -369 443 -949 -223 677 742 -251 -509 765 316 -250 771 -905 -771 194 727 -178 251 -729 -793 926 277 -61 882 -115 -143 -810 -194 -40 840 -608 -564 -245 922 -665 -663 -772 -909 -906 752 708 662 101 -387 -325 -107 -399 -595 511 643 185 -558 705 -784 372 -669 748 -156 114 -17 978 -585 685 -558 69
-564 -821 -176 527 -66 -429 606 -65 -93 -678 80 945 637 809 -659 120 319 29 -610 810 845 -566 582 -120 412 -484 -884 -519 -680 220 -797 -446 -28 588 -38 -700 732 175 831 -463 -73 -552 -625 316 -551 -115 -247 -387 388 -649 -432 782 -722 505 15 -90 493 -341 -905 -353 703 -750 947 981 -9 221 301 589 -847 -145 345 639 -505 -860 -33 18 812 -895 150 99 -587 445 -340 -799 -360 966 546 697 972 113 -572 329 -384 706 166 -14 -232 -764 522 447 33 -395 111 668 166 -751 915 -43 -373 954 -248 -611 183 977 -907 456 -178 515 243 -491 -36 -301 -280 43 814 -336 17 -658 -309 931 -89 766 320 535 564 -819 168 -300 -320 715
-838 -966 564 688 636 -121 31 565 -170 982 -730 -577 -287 548 -666 297 431 448 742 -900 -188 -786 -136 910 -655 215 590 -827 -943 241 969 -330 -915 -873 -340 -657 906 -571 975 -580 434 722 928 -934 -832 -487 403 -794 229 -970 -182 529 999 522 384 -749 -215 539 80 184 726 -548 -397 -741 455 436 533 -514 276 -771 313 83 -105 -85 -573 826 876 -410 131 -792 -28 774 -990 32 -951 555 500 -735 892 790 29 539 -118 -856 417 -578 925 405 -108 274 607 35 352 -451 -839 933 116 404 -199 927 -967 226 674 885 960 158 989 -476 -985 -453 174 -595 587 193 -879 -150 -408 -636 899 -978 219 478 29 -995 -808 -370 -869 68 567 476
107 423 -118 119 -175 -858 345 -467 104 -485 14 -921 -414 834 -787 -449 176 -187 -981 -34 125 -29 -560 918 996 -499 726 -103 883 685 -255 -539 -617 691 -583 940 -601 989 -14 948 -260 -703 461 -57 413 27 -617 296 106 254 223 -125 -625 697 -251 -49 360 -153 942 980 -173 -974 -428 531 960 -634 986 -234 661 -34 -35 708 -865 -627 -393 -223 643 -214 -707 192 19 -343 7 -826 -148 370 -208 205 -549 641 -813 -559 128 153 709 -54 27 -459 -158 -553 690 -211 672 -909 -812 705 -320 711 -952 -491 -429 -804 383 -135 -568 971 -199 420 -941 -205 899 188 -854 -395 589 69 473 224 -998 -380 -987 -412 -415 366 -450 69 496 34 493 -290
224 207 285 -353 -189 259 -890 101 602 -222 -124 773 -317 -321 182 260 -736 -262 -670 -778 243 870 182 273 325 -314 -6 -467 166 291 -671 -486 -962 684 255 -690 194 -965 -300 330 195 112 -523 -169 -368 -228 -772 658 -117 460 -458 178 601 -304 -502 594 851 711 794 447 -182 889 402 -209 -777 577 -579 -212 -448 -732 966 -740 343 -702 -548 350 268 808 207 -605 899 96 247 487 832 198 389 -885 -497 -681 -992 976 -688 648 -63 -31 303 784 459 -339 642 83 273 448 -901 876 -612 -706 877 903 596 -5 348 280 -821 -934 -899 747 601 79 -739 185 -142 -829 493 -237 -684 500 -614 -641 -659 -410 -725 -452 -487 -309 -765 -829 232 -198
791 956 -242 -738 490 -214 -475 830 275 -684 -691 -220 -416 -287 643 525 -764 -289 527 988 -597 -160 311 -437 991 82 -991 -305 -717 -566 -602 742 -516 492 -654 336 -896 -647 472 807 -218 -827 -973 797 -3 915 -89 912 585 -160 -907 749 -376 -839 509 446 850 890 94 -479 191 -924 -199 -969 194 874 -156 628 -381 889 -742 538 91 49 63 157 -264 -316 641 -77 64 -807 267 106 499 829 435 -75 -423 904 883 389 938 279 -283 -752 396 -868 343 -592 -457 382 -979 -358 917 365 262 -39 -619 662 935 -424 430 431 -732 -455 897 33 877 -428 -937 47 -91 862 825 -313 -499 -555 -545 83 -241 -794 432 -820 503 28 -648 109 -612 -666
903 159 -708 723 22 -778 565 -644 853 839 496 -882 -16 -876 -697 738 -448 -762 551 251 429 262 -15 -68 865 -776 267 -141 552 308 916 -458 996 66 804 376 781 -863 -335 440 821 501 238 -729 -871 -789 894 436 787 -967 294 37 108 -217 -223 804 -560 868 173 980 570 -969 834 -18 -370 -589 -749 940 805 -571 189 417 83 557 -420 -140 372 839 93 -553 -123 -315 14 -136 -800 -933 -830 995 639 -858 -864 -255 689 -375 -869 738 -678 -730 909 259 228 -618 -84 75 964 341 -50 280 887 -483 809 753 588 237 -941 487 43 565 -552 -611 370 945 26 145 -911 -32 531 358 -149 256 -74 511 -371 -825 947 -982 -37 96 569 87
-170 -848 389 -876 -614 389 585 902 -221 874 -120 454 -433 793 -98 438 238 -530 861 -146 -777 -413 466 39 469 -547 -699 690 574 386 175 -90 963 -186 -762 -139 -893 401 276 250 203 910 710 -526 -440 -606 -960 196 445 -313 -978 -787 -160 757 -411 -692 -402 -484 -73 263 -625 -288 -474 488 228 225 -16 8 -883 -91 -344 663 855 -123 917 245 -829 -527 4 47 -511 -256 -359 841 811 297 -381 756 -690 -841 93 957 867 524 -576 162 -275 229 -554 353 -454 -890 265 895 -740 -222 474 946 274 424 686 -532 879 -403 739 564 876 547 -416 179 57 -509 -998 391 -770 156 114 -809 752 -233 156 -92 -560 150 -293 -520 -195 297 -520 -449
377 221 -974 686 -631 -238 799 -892 -186 247 864 -709 -351 99 -782 555 -236 387 321 -660 563 -181 903 933 -543 667 226 -634 494 -240 500 -370 -82 499 68 634 869 162 -926 187 367 761 615 -861 188 29 -758 -197 72 869 351 68 -775 325 -101 -488 593 696 -621 -260 676 345 257 -59 -269 542 104 67 -154 -302 351 478 857 -339 329 -164 -883 739 -922 -467 -945 -938 626 -253 438 312 731 -399 870 -511 416 382 -175 -40 756 998 541 -254 -30 -786 -767 -843 379 802 345 536 779 236 -343 297 953 -765 -595 858 845 -754 -833 -999 -244 -317 -430 186 -418 -911 843 -445 -463 6 160 -316 966 -946 425 -688 -23 -471 -942 -675 -273 -905
-878 -92 88 114 22 -635 819 424 -73 -181 993 804 -198 391 -639 -248 -666 380 -773 -503 -480 406 -424 -169 -222 -329 750 -200 -646 -288 618 512 510 488 -442 -98 414 252 186 646 242 99 -18 6 722 -579 -418 792 -828 -840 822 787 -640 -466 221 -210 256 -306 -386 -926 -861 213 864 171 673 409 968 123 424 -622 -699 315 292 -427 553 335 910 750 -953 -572 -181 -550 -553 -504 341 527 -953 -506 520 -40 -36 -451 882 -496 390 -259 109 -598 -895 -739 649 -69 199 315 -158 197 -733 17 577 320 -959 -288 -322 311 770 828 979 -979 923 -332 -484 746 732 332 139 853 958 -55 648 576 -538 376 533 -517 -202 235 -289 -298 -989 -399
816 -442 529 641 -670 -941 730 -973 894 -820 653 731 515 -505 435 -350 370 793 -355 979 501 942 -614 271 -608 -618 213 -562 415 844 602 -301 975 148 -71 -566 330 33 627 -928 234 944 -14 -609 990 -540 165 -475 -246 -513 24 -752 392 761 802 520 61 192 -200 -135 -537 141 383 923 594 223 831 -752 362 -794 -126 665 650 -723 -820 -11 -45 -59 277 -937 760 859 -383 963 -474 -715 561 277 -895 510 -461 495 -886 411 -412 -643 -403 649 -667 885 534 453 347 -496 -29 -504 -672 656 -267 877 264 574 -176 193 -226 897 866 -571 252 -340 -336 -46 729 132 -260 -709 749 460 563 -664 977 928 -493 852 625 395 -631 132 -653 5
-120 561 -623 540 -202 901 273 -355 16 847 455 559 974 482 -784 797 705 720 127 990 -967 -258 597 -477 -941 -955 553 108 704 -843 -57 151 369 181 -859 582 845 875 128 -197 357 -188 -603 -925 639 -255 -149 141 -98 -657 -482 630 707 -351 -473 -238 -227 -900 854 -744 -5 -129 274 618 -14 892 -553 224 939 248 -66 -640 372 -725 -646 -20 -58 195 -386 825 -954 -580 -499 -825 437 -460 665 -223 754 974 -931 739 848 854 742 -589 -126 187 412 942 -606 -674 174 -816 -543 774 507 -145 8 813 -323 676 221 874 -400 375 -462 780 785 -394 -536 815 -511 145 -239 286 -919 373 514 918 759 612 231 -301 -202 -515 -656 649 -868 957
-39 353 -708 -766 -888 -610 348 728 63 219 -718 -526 178 -829 119 614 -14 332 685 533 -136 -32 557 53 701 -726 617 -914 710 -6 -288 253 -659 37 -305 600 -742 940 -203 943 -960 246 -305 27 -972 93 -126 230 -263 835 -472 -842 343 -194 129 327 -598 615 -966 -108 326 539 571 -254 503 108 299 665 999 -473 -546 -944 -87 802 -434 -252 259 -94 -969 -348 -120 -570 156 -36 147 -540 136 253 -800 622 671 533 356 65 835 -848 -579 -742 -398 -54 -333 -860 796 -609 62 2 -718 674 1 -59 -70 982 -828 -565 143 -724 944 725 -875 -150 804 676 539 -684 68 -273 -743 -118 -847 611 -311 686 835 -857 610 -352 -478 -438 -257 584
453 -132 558 383 -447 630 916 394 -573 -442 733 3 -615 139 -238 -826 43 -262 35 -522 -281 699 -204 378 -374 3 -267 -169 26 702 -520 -614 736 -424 -425 -638 515 169 334 616 655 347 228 -419 -507 905 791 -306 92 854 133 886 -171 -762 -297 -336 844 925 984 247 -406 -318 835 317 -536 496 810 -76 -466 857 947 -692 793 663 -707 650 -166 -703 -592 193 267 198 530 -401 61 473 -746 567 -2 -887 -928 406 -90 411 -61 -76 576 -314 -581 26 277 843 694 842 -493 -513 860 927 237 199 -208 -590 -67 911 863 581 -795 -793 -186 -112 -510 -358 992 871 -975 76 -484 996 284 655 -3 310 765 210 -5 -235 595 135 -522 -864
482 303 -197 949 -555 597 -592 -131 -433 291 -263 370 878 261 285 477 -927 344 -270 -688 944 846 -588 -963 -118 -894 933 497 620 -862 -977 -47 717 877 149 399 -329 -645 216 -967 159 -381 372 -626 422 93 250 157 840 -75 89 301 737 200 -762 291 -385 175 474 -285 947 -523 -646 -10 929 -586 -942 899 -121 390 411 541 731 -21 188 730 -244 -376 556 -340 59 -10 -27 93 514 -95 660 -453 2 -995 365 910 -437 580 -388 290 -828 685 -218 -426 58 777 654 927 965 77 -813 345 326 -361 -378 -900 205 -912 106 -217 104 -707 180 -757 -683 641 594 -938 1000 914 456 -245 -216 -970 -635 -181 67 346 692 -206 -638 766 527 736
120 -783 -659 -462 308 -507 780 204 5 -961 -454 -314 -659 461 717 -176 -786 292 355 963 -335 -188 835 806 518 602 434 42 918 -621 -414 626 -188 -376 -299 -910 -862 -709 -881 963 -977 -85 -471 -961 -146 183 386 704 450 637 -704 -848 -155 -354 68 -452 728 -240 476 -182 965 -961 706 52 384 305 -511 -768 76 -460 999 -3 -119 791 774 764 331 -590 -731 -408 -345 -462 420 420 -90 837 -739 768 -548 174 -219 856 754 662 337 297 383 -624 -730 -289 -11 470 585 448 1000 -875 949 -817 874 306 650 815 993 375 18 -556 -23 14 -352 983 694 -7 466 -634 -686 -68 -155 389 -155 88 87 -123 -29 868 -425 -417 -913 -934 616 -658
797 395 69 166 -796 400 -417 532 -238 862 -94 500 410 277 -490 -567 -599 741 -336 205 -857 158 -40 -795 88 146 86 799 594 -551 710 155 697 -447 -486 67 -587 -240 -385 -631 709 680 615 811 61 -139 -203 261 315 422 56 -588 -328 821 350 482 -599 789 -70 -557 -603 695 -575 -853 529 889 -514 -887 -921 940 -155 -140 -890 224 164 721 -478 -194 -27 -434 -836 -447 -192 446 -644 50 -995 -398 -710 -417 8 768 -419 904 365 722 459 517 -93 -19 -546 -393 -427 -676 -312 906 731 457 253 -765 327 -120 -305 44 -949 496 -377 89 -760 119 -657 -298 802 -759 445 495 111 -572 777 -533 -866 194 367 358 532 772 304 218 -655 520
-45 -295 -143 887 -535 490 -785 110 -786 -35 548 902 203 989 -67 98 377 -783 683 -539 944 -114 -765 -515 -563 925 -842 832 50 -316 -37 161 -649 -332 -57 783 -258 -545 495 -245 980 -253 -716 -45 147 -792 334 -96 -459 -878 484 -952 292 786 774 -95 748 -369 -258 179 465 925 155 953 349 168 -691 372 -958 255 111 875 221 -241 -963 386 -549 -853 903 -410 -922 373 -562 -461 -152 -132 332 -78 -47 18 528 195 -189 600 582 690 -23 872 -859 -983 -824 30 82 -734 -562 -331 371 -265 -457 442 -451 969 527 -513 -450 -743 -63 398 -345 117 -2 951 -143 -814 794 -536 -575 739 512 745 -746 740 917 -623 734 229 -454 776 9 -330
539 -855 -475 668 708 -285 472 -883 -860 -530 12 -803 -935 261 901 134 -53 -45 302 541 -491 -242 402 -73 -291 139 -874 -72 453 156 -365 -829 -326 -691 -79 835 474 551 -673 -988 -973 254 528 -849 646 -978 -369 1 -599 -707 -717 -553 -564 76 -355 -217 -172 944 270 -642 931 -921 -810 -510 -471 -167 871 323 676 909 -344 -749 -798 692 901 -338 -281 86 196 -24 -38 408 546 -414 26 -553 -948 633 -370 436 -246 859 -983 -21 -219 -698 -484 -543 -38 -417 598 617 614 524 -9 179 929 591 482 -861 823 111 336 633 -751 68 705 418 -685 831 910 -821 -386 -284 410 -531 981 581 87 -871 -995 -196 -748 864 -818 820 612 336 54 676
