103
401 899 -385 -740 130 588 -400 158 67 128 446 -505 204 173 267 843 514 -275 360 620 614 927 732 308 311 423 445 -722 -952 -34 -406 -238 -68 967 -901 139 541 800 736 -217 107 961 695 442 882 772 -455 -369 341 800 595 -19 39 900 -29 33 -520 877 -120 -50 412 4 412 -611 407 -297 -322 882 -699 -510 295 -978 454 -726 863 987 294 406 616 871 923 826 199 -753 -104 -431 115 55 494 822 102 -604 865 543 640 -169 793 55 411 214 847 -825 -934
-168 -345 -224 586 -500 926 -41 10 742 696 -403 903 952 -532 -534 -800 841 -596 310 -615 517 988 -381 778 385 291 59 -233 57 -993 353 -965 -808 275 -314 -995 562 -996 475 997 801 785 302 -808 507 904 -77 -290 700 758 -960 581 -395 -546 117 -642 -959 -949 -234 -490 944 25 198 991 514 285 450 -4 225 212 535 -772 -117 -951 480 -339 -597 -816 -832 642 675 -416 -951 -33 392 606 311 609 282 -748 573 986 -65 576 -999 970 843 -775 69 682 -931 -852 -163
690 857 -332 -983 59 -274 -120 -298 -802 515 15 805 -774 99 -402 -225 853 -527 162 -381 -806 170 137 446 193 982 859 854 -4 282 342 -941 -99 510 71 746 -539 -922 996 -440 -633 -241 486 -361 -789 711 756 240 415 233 170 -691 648 -476 -952 105 -154 360 -569 -89 853 364 87 764 -320 -546 932 874 -928 -696 -937 -87 834 955 857 292 710 507 562 -770 147 871 783 -465 -264 -397 -959 -241 -770 -364 290 -723 -198 151 67 -20 -818 126 -127 -181 -545 -376 151
335 529 -820 -356 848 766 -142 908 -531 54 -322 197 908 -529 -166 648 -174 -178 878 591 683 46 -17 -562 71 333 -975 226 578 743 -326 -170 382 649 -683 356 -34 -825 -368 -296 481 298 466 0 937 -815 -804 -224 -24 696 -53 131 902 646 23 587 994 160 -484 -151 50 683 258 168 24 479 -581 868 83 183 -824 -520 431 -636 -88 741 -918 753 815 222 -44 562 94 960 898 -667 -923 -176 -945 827 -174 -628 880 608 356 -77 642 -27 -879 144 -669 239 192
433 -199 841 -989 -649 883 -12 69 -650 842 -2 -692 -980 -205 912 667 335 -92 -318 999 -578 432 -871 676 -951 -79 97 -341 237 -111 485 -54 -889 21 299 232 -822 23 93 275 -404 -82 994 40 314 540 923 -850 -292 -140 185 416 -12 -187 -965 741 -881 -824 -731 830 -610 2 -931 27 -946 -778 -385 74 -941 634 881 -3 -396 -140 576 -729 -545 962 537 851 -851 883 964 784 768 276 -70 301 169 -694 -377 605 423 -871 650 679 154 240 -966 -675 -523 962 979
-297 833 -95 926 -340 878 296 366 172 548 -875 -361 348 952 -351 -55 -322 635 -114 -982 -179 -484 -180 -847 434 -754 103 -850 -810 -716 -623 -776 -75 280 135 -434 -725 411 -781 -737 382 -522 526 -58 -953 688 751 844 -146 -632 741 -191 561 -78 -99 -763 272 -689 -480 -783 -999 916 107 -253 -997 -643 -708 -186 -887 -358 407 -432 -515 -777 178 789 -827 -614 771 88 -977 262 -844 82 -371 -164 -496 -37 133 33 -259 -747 392 -406 966 -935 -371 -397 -653 249 361 288 727
868 653 -565 -394 -648 459 204 -671 401 -58 -921 272 -368 -874 -210 -294 695 661 359 -572 720 937 -759 -620 -659 -562 -496 -400 -37 527 -176 -168 576 97 774 621 -509 13 -887 -836 -406 455 -993 -549 -882 927 205 -1 140 -220 791 -648 -779 128 -75 297 -588 -60 -826 -936 127 -224 -994 974 999 559 523 267 -982 -611 261 905 840 -250 -876 203 -734 749 108 787 -130 965 723 -67 247 -592 19 -181 -958 897 410 141 875 -576 414 572 61 473 -641 228 193 -79 405
-708 14 503 -648 659 -529 819 -225 -455 -670 462 -16 23 12 317 -11 -244 -230 699 832 949 -94 -543 -875 -105 -184 869 -186 620 940 13 -260 72 -623 398 -975 -633 -23 -107 -166 470 -213 -383 -95 874 -681 -260 450 144 -544 772 331 -606 168 346 -890 -45 473 -763 -589 -233 943 100 510 818 -492 -817 -992 -4 51 -824 178 493 -338 -668 -596 -293 -773 800 -53 349 825 449 -31 -806 449 -132 118 -77 7 319 -852 490 -481 634 144 -994 972 509 -916 -524 915 -880
154 323 -609 569 -109 -596 702 -83 -394 -956 73 -122 820 -112 800 -243 983 -164 -380 -859 -765 -568 958 -620 741 -929 252 -450 760 -11 -52 -593 -842 908 -463 981 -565 755 755 -488 -842 -372 515 -137 569 200 -181 -48 -689 338 -44 -900 -403 69 113 -27 977 970 825 100 -889 -78 130 -517 507 332 681 -996 -488 -13 222 -780 527 615 -629 920 -189 -953 -187 554 641 712 124 648 -130 -875 45 -799 -936 -173 -794 165 990 -386 57 -216 -885 -330 442 546 -290 -912 -669
-538 565 58 647 -387 344 943 178 446 690 547 -65 781 25 -756 -204 605 15 29 24 -381 625 544 949 -23 348 -370 744 -629 -736 -690 -634 1 -179 -343 904 -358 -726 598 438 81 724 743 -462 -273 -781 14 -597 -964 -279 -643 -653 -237 403 585 -6 -78 -974 26 -135 -37 -749 -910 954 730 570 295 -972 -30 -50 719 885 -586 957 -905 -903 433 784 432 -969 835 -198 22 -950 953 -838 -690 460 -488 415 748 718 325 555 462 917 -556 -416 -599 -65 -997 -472 542
-396 113 481 984 679 -743 -556 996 874 133 -362 -723 -447 -695 -920 420 -97 -418 -487 -311 -770 -513 -692 472 -22 -29 52 898 -84 503 651 39 37 919 514 -419 80 -791 -845 672 250 -41 -606 -250 -995 -297 -46 910 -40 -408 -988 868 938 -229 -7 19 93 -836 -711 632 640 -437 -931 -914 221 811 550 -948 505 -57 -144 535 -791 -532 -831 -171 -574 -233 -740 -33 9 -917 -222 -846 393 479 968 -413 -654 -814 307 380 -977 204 -992 -744 -368 -798 752 -858 646 -299 -544
-307 173 -152 -857 -115 -349 716 57 957 -873 955 393 247 429 -963 107 988 -354 905 471 533 -725 -164 953 439 -782 -881 661 66 -902 -696 -105 838 201 -336 793 -749 885 -340 -369 188 -570 522 956 326 -710 154 167 -589 -493 102 951 629 843 304 363 225 583 -233 -201 546 -950 452 313 775 336 503 154 922 107 426 208 -290 186 -418 -529 4 -827 202 -785 538 822 557 -263 689 -799 -212 204 921 -348 188 -468 -213 841 62 202 -830 -280 -286 -82 -521 -375 57
-64 904 -680 -581 -777 -987 721 193 -871 87 827 -879 -319 -996 -623 932 -290 -189 -885 789 584 -208 795 -24 349 -659 -300 516 650 -434 357 -738 -875 447 850 116 -457 -340 -461 -365 567 -643 998 -330 -959 347 224 427 374 931 -31 419 749 551 -666 246 -345 -37 -569 129 -592 -893 784 877 -206 -234 -499 -595 275 -34 767 852 254 735 -613 -128 -705 770 338 103 56 670 651 -676 -79 33 -52 -802 -372 -944 55 926 -858 -87 -463 -773 490 417 -882 283 111 -193 264
-152 -558 -908 463 4 158 -235 154 779 -281 534 427 596 951 -939 -191 467 976 -400 599 -514 -32 196 570 -854 418 116 -569 993 -96 -686 99 -142 326 413 164 230 -957 423 -196 -502 -647 -15 -73 -162 291 -539 298 8 710 480 699 678 736 954 -497 15 477 -717 -658 596 -23 764 -541 856 -592 463 -481 -776 80 124 206 233 992 -46 401 46 714 262 -246 -509 -653 2 919 -247 -212 -931 -843 -307 321 483 309 199 63 721 -132 108 -366 559 -59 -495 763 -54
-559 -611 449 -275 -241 -7 399 235 502 -586 731 396 366 -997 -121 -414 -1 170 560 598 498 958 52 -924 419 -380 -399 -288 504 -382 -328 -941 139 760 384 982 -429 -526 -730 953 -495 743 -862 -767 -682 -399 758 -4 -558 -647 -545 -670 -377 -978 910 346 -452 -782 944 -922 -866 577 -295 908 736 -577 -160 -207 739 -291 -412 308 832 728 876 -763 786 -466 267 -656 754 -611 -894 538 74 74 864 455 -598 -181 -139 181 9 914 996 -440 -157 -218 902 -701 945 -225 380
-512 -841 302 -356 -388 502 -681 284 -894 -238 428 -803 610 -675 7 -705 126 642 -605 802 145 -530 -488 -452 -996 745 545 -905 -722 -637 667 -590 528 -215 493 39 -6 -266 -321 589 533 -234 792 -828 30 870 584 -99 228 -985 414 428 350 370 823 390 508 -59 212 84 1000 92 -250 -998 -792 -422 -423 689 148 -426 -758 -320 958 819 710 -742 -253 -744 193 736 908 -354 -16 87 689 -712 -381 -604 923 396 547 132 -332 -689 243 -727 174 -752 790 718 -884 762 -147
955 433 285 -597 164 371 -234 759 -4 -21 -181 -883 311 -403 771 498 556 462 -446 -607 -807 -442 818 -201 -894 916 428 535 -159 -824 518 491 -895 -783 231 -519 -266 -636 198 445 -621 613 -303 -248 -273 -795 -967 549 274 361 522 52 -231 -78 -248 949 889 -946 -956 -254 496 891 79 681 6 659 -490 245 -189 -359 -709 -296 27 -530 132 -745 452 991 908 -974 -72 367 24 -930 166 61 -364 753 514 -702 60 -854 -755 265 183 986 -817 107 -963 -301 417 390 -631
987 151 841 -55 204 -918 63 -206 172 -764 117 577 -235 580 217 92 -624 -606 754 -73 -686 573 166 -845 51 -721 140 -847 54 354 383 -844 -774 651 -69 515 125 277 -761 -82 -120 585 223 264 507 -423 -4 -29 101 -164 -894 426 191 -45 327 695 838 826 -389 -43 -524 -149 664 -241 -150 -164 151 -265 -900 536 -340 -76 -855 -549 880 850 517 -489 -103 -243 -427 564 -392 -168 -746 261 -386 727 -806 837 60 318 144 687 438 464 863 -931 738 -487 734 681 707
-489 -765 -321 205 899 167 115 -220 -258 -413 895 470 438 73 -459 49 -24 64 -845 -654 79 797 468 -485 986 -5 114 256 -548 -56 58 335 -259 731 136 -503 414 341 -31 337 -182 -893 816 -816 -137 -915 392 627 -772 159 56 898 477 -767 -324 317 -927 980 -128 69 789 -20 -545 -924 25 -571 938 810 -808 179 -923 901 -251 -630 -277 540 944 -794 -943 888 -136 392 312 639 -597 110 524 895 -727 766 -246 -876 -73 623 558 102 687 -925 -598 50 -604 341 258
-686 947 971 -348 268 21 -696 -954 644 17 -527 -920 -689 -418 953 472 101 -490 572 100 338 807 564 697 9 195 27 -85 965 -41 78 -690 -322 -568 395 -128 628 -919 759 361 -437 -135 93 -85 -716 -54 -74 -588 723 716 946 882 882 408 -223 -314 -799 -855 -447 -575 424 868 -60 -501 -788 -536 -179 -270 -23 -752 -602 -273 -958 934 -207 -459 -414 -782 -550 -941 -770 -433 -523 505 553 142 -759 -889 -781 -27 -408 960 591 -33 -310 -819 288 -217 725 286 735 367 -645
668 -660 -550 -272 -422 734 -950 -409 -934 -40 739 -904 300 -437 -561 -385 -640 146 -229 -428 765 974 -466 691 938 -898 -423 -648 -167 -774 746 -55 212 -180 651 -721 783 348 423 -703 637 743 -195 -129 191 763 637 665 295 -686 719 -374 -646 424 -157 564 -300 938 -126 -263 678 509 -524 -957 634 936 331 -607 599 -720 781 -354 160 14 -1 319 -74 830 -292 -951 926 -153 -859 -195 -642 -622 146 178 -416 777 198 13 -535 253 785 -498 -637 371 -192 -822 54 301 543
-607 102 785 798 796 -762 936 177 869 -886 741 657 -782 -246 271 -880 927 -638 717 298 983 278 894 -442 -769 -909 930 -820 -65 -399 232 353 189 -75 340 846 888 642 -564 -897 -609 383 192 -985 -596 -988 -748 -576 112 -194 -532 -48 -741 706 723 663 424 46 695 -811 -973 315 -652 409 -8 495 -629 -365 -183 -721 639 379 -580 -783 -947 -869 463 -913 -747 -969 -823 -553 57 -723 558 -848 -31 839 -818 -936 8 782 -806 504 -138 -648 -700 -775 139 114 723 -849 -763
-968 608 -45 590 -655 -944 -721 -346 -167 414 83 -520 982 499 164 619 875 -907 116 -713 -374 761 493 -190 -636 423 -586 423 -67 553 648 -15 251 -465 -422 729 237 930 -711 826 793 882 932 -355 -883 383 -397 774 -826 961 807 26 -17 932 236 363 -15 -669 -388 -94 -487 -401 109 120 -344 605 442 129 68 -214 368 -490 139 -981 -865 957 967 357 416 630 893 389 213 292 112 -370 523 -633 387 -51 -115 946 155 -662 -973 -754 290 61 -153 618 -984 907 -680
-339 -844 -708 -281 714 -455 505 719 -81 707 -841 -126 -854 -143 -517 -178 71 124 809 -242 -230 -571 -195 -948 -154 -674 949 -683 -55 398 -519 -459 -108 -40 248 -206 282 869 -800 484 -540 333 -838 817 398 709 239 135 914 467 11 3 -641 157 -19 526 -731 -977 359 -697 288 443 -903 668 735 -774 852 322 832 801 -498 -284 281 255 481 -841 821 -62 735 28 490 -502 -505 799 -781 -395 765 -243 447 -599 921 -398 149 -719 814 -736 33 142 -267 -692 912 415 933
402 36 -260 977 680 -428 -341 -1 -48 516 965 913 567 -916 979 609 -309 -137 930 221 -806 -118 501 -771 5 -321 -166 -691 -29 718 581 251 194 -201 952 -225 -152 302 -732 498 632 691 -263 -484 -112 -499 -295 -370 -66 -110 -485 472 499 -923 972 -55 16 -339 191 17 -259 414 965 996 217 -889 280 845 -997 839 113 -772 566 492 169 590 -740 -951 621 -457 281 -204 -486 111 -592 57 -888 742 -652 158 532 933 124 453 -587 275 -343 343 943 848 692 851 -714
594 480 -429 -790 953 -641 -9 -527 321 -175 768 451 -604 -25 395 607 -679 613 -697 -934 493 -251 773 935 -20 376 476 -238 364 -424 -218 247 -521 -294 -453 176 67 207 -184 843 -977 633 -405 -6 -276 986 253 -141 869 -649 636 -856 -147 -308 820 481 516 -998 -726 965 85 667 421 -488 463 -714 425 -866 -610 110 305 638 997 69 24 -655 -837 381 517 666 559 255 336 544 -712 -139 -155 22 158 -143 148 -197 511 -47 -205 989 175 186 -671 569 399 -239 -457
637 904 -87 -515 -753 996 374 -139 -794 -966 240 -72 -826 756 131 -548 713 -34 803 -449 -791 -322 541 643 266 -214 217 918 932 -326 -356 -804 318 923 713 59 38 621 759 131 -691 10 -386 -776 -865 84 -277 -755 -736 217 -925 111 962 261 709 -837 -397 405 -393 -211 771 67 -238 998 -204 211 826 953 682 -215 357 -974 754 868 -18 147 -354 155 -911 477 542 979 -314 55 379 362 299 -210 -532 -797 809 538 -68 -946 -727 -104 -429 -589 -33 153 800 -101 -76
-794 -984 -885 -590 686 568 -994 -199 -722 39 318 655 268 -857 607 -269 497 186 88 -926 -896 256 -721 -861 294 95 655 525 -192 12 809 136 -828 -539 436 337 -275 337 98 375 -346 463 897 82 -366 -917 586 -173 -170 -817 -887 790 -444 86 410 -363 -923 -325 -84 -266 -15 753 981 821 -962 156 610 972 -589 588 441 -738 1000 -759 653 -413 -932 -150 653 365 818 480 538 122 26 127 946 -766 71 557 14 -160 -910 -765 100 -162 -854 545 74 505 293 -675 -984
-221 -504 -437 360 -873 -161 953 -579 631 -790 -703 -131 465 85 -46 -547 -624 130 392 -249 191 -172 -473 490 -792 970 39 -705 43 807 -983 -13 -854 618 568 -618 641 575 -885 158 -125 -15 -153 504 207 218 97 -835 -63 -888 -352 525 -219 -274 -351 123 -633 -188 -476 789 -186 -932 -188 -386 166 -829 20 -647 -459 799 325 -908 -715 -501 244 -545 -344 972 192 -105 -118 895 -167 -940 88 594 564 -965 542 380 427 -287 462 73 -783 -851 -35 85 -941 -41 -249 -380 -70
403 707 604 -99 -731 865 80 -812 256 591 411 -233 447 -117 85 -699 398 -909 -332 592 -74 376 257 197 -813 -175 854 -903 -316 -948 -462 -817 879 271 -359 -553 -498 -675 90 -992 474 148 -530 -514 946 562 -38 727 872 360 -783 -409 -904 391 298 83 -586 215 -327 314 -397 87 -948 -408 -36 -866 868 -636 -193 -32 -978 -647 234 892 -915 674 514 530 -842 175 444 -782 -632 -572 332 -641 86 16 -312 -269 -894 -294 264 156 -441 -392 61 -988 -285 922 443 -370 943
-765 644 -420 -947 23 -910 -738 493 -704 720 -891 60 -837 278 37 -759 383 175 985 -667 510 -856 432 -585 419 344 693 -647 -533 406 -884 50 -463 -788 568 -560 642 -570 -870 -526 -881 583 -44 -240 -848 -40 764 856 197 221 428 -602 696 -697 -394 159 -754 -353 -172 -982 -99 757 77 186 -745 -682 -860 988 37 -61 683 874 -241 -396 -587 -358 263 -600 184 -745 117 631 401 -790 -563 -89 18 612 221 -665 54 378 -318 252 -987 -835 171 -603 -733 -236 -427 -899 259
-727 -443 700 362 942 20 -790 574 858 820 -718 -644 -333 -63 -130 -248 -631 -61 549 -849 109 -448 190 105 764 -802 143 923 -563 726 -202 360 -270 -188 195 840 974 -533 -639 -848 4 -155 128 -639 -585 344 -832 381 115 133 -581 883 -425 602 -321 -964 -114 118 134 302 393 -132 996 126 -166 593 525 -270 815 736 945 356 -934 253 -330 -685 -39 -729 863 -492 -554 -986 -626 6 605 483 227 -702 -155 743 -880 769 -819 572 -693 -857 -827 -912 -930 878 -954 279 47
-146 447 112 -9 503 -931 800 818 -575 -138 -389 -702 827 -222 -159 527 -864 -586 292 207 -345 94 -280 -434 -631 -874 -508 -22 622 918 -267 -338 240 -648 -319 -983 321 -777 -712 394 -135 454 791 891 -713 -246 583 -857 -88 -812 786 296 -570 -465 677 945 -792 -510 -319 -715 -713 -525 460 -861 -480 441 -108 991 117 604 116 -35 398 -773 -849 -468 366 -535 -200 -483 528 628 772 -593 368 660 -792 -279 -538 365 -932 563 317 -495 305 -559 337 69 766 172 -569 62 -10
-369 -377 408 -410 939 532 755 -246 1000 556 -742 127 264 298 -31 675 -663 -903 -70 649 -488 195 -316 616 396 696 897 -285 -298 826 -77 628 147 837 98 49 -213 -132 -228 688 185 478 538 247 -169 -392 410 -932 422 980 -866 -117 839 -577 257 70 -471 -809 -159 710 -209 -413 -642 96 -339 846 797 -477 -337 -277 -839 878 518 540 7 254 624 397 -508 5 -365 619 509 710 -970 275 74 173 -533 -971 505 764 381 -458 531 591 66 -395 28 -351 397 -91 412
-600 675 -247 -363 -693 807 527 257 -796 -12 179 -230 -192 -953 -492 -811 -430 823 -861 -676 680 658 567 614 230 -843 414 549 975 -345 366 667 18 498 682 922 -496 416 288 807 -117 -706 -642 -678 -374 335 -283 677 730 -944 790 -882 175 915 -839 -725 -600 650 -227 -167 -16 386 -438 -87 -576 -742 -303 296 -287 718 -27 -855 -256 -380 -205 -991 859 -654 476 -578 967 -22 467 357 804 452 594 983 -648 -586 -809 671 -136 -638 284 -310 -330 268 -60 228 -221 -297 529
-485 -299 635 -493 -878 20 68 -821 -796 207 -38 253 -397 428 -775 -12 892 -404 -387 191 -135 732 619 889 659 -696 542 -953 881 218 109 -294 177 -976 -634 36 -158 124 377 375 -324 356 -45 361 604 314 838 164 -560 -826 -751 569 -548 304 -943 517 390 -726 -716 284 516 -519 -875 -830 96 -716 89 -615 -492 580 -555 692 472 28 554 217 -602 -349 -722 773 -74 -788 -968 -278 -565 151 -120 4 -695 256 -127 233 -31 356 -669 990 938 -940 -71 -330 -306 -285 268
709 -82 394 770 883 -301 122 759 189 -958 -287 -602 -299 -133 981 660 -407 -337 158 697 801 -933 -303 716 978 -715 406 -359 -496 33 -533 -750 -976 625 737 560 -325 535 4 -924 -850 504 313 -962 398 -384 799 -744 -615 -949 808 417 376 55 -367 530 689 -204 -531 -834 729 -252 -960 314 -41 -75 439 454 -13 536 789 1000 -707 573 -825 996 -838 13 -839 346 600 340 114 -868 -445 249 10 569 401 235 173 251 24 -135 -73 202 767 142 -290 -101 161 328 400
-568 -450 675 -735 -83 187 247 646 396 -422 -581 -352 -370 -587 884 -400 999 628 46 -295 -747 478 949 -476 -780 -228 160 -52 -16 840 891 -487 -935 -572 272 394 860 232 -14 667 -508 -125 -939 -185 -516 706 125 166 543 31 -639 -233 -642 -527 11 -118 -930 -479 832 -700 299 540 967 -347 493 164 -233 -58 326 -382 -607 -325 308 518 -841 -615 -71 -737 983 -79 517 -138 41 218 173 644 -143 941 -342 659 160 202 416 546 414 744 857 -301 716 -759 734 510 -919
-181 993 712 947 -677 410 -753 -376 405 396 -260 -968 -698 947 139 920 -638 861 214 -746 721 658 -819 -316 -155 -607 -718 787 -73 168 17 638 -241 -449 109 447 273 274 726 114 -892 410 -730 100 -897 -698 -438 823 -627 -133 -338 533 815 -11 -703 -402 -416 -375 152 609 -524 41 78 611 -647 -94 -823 942 -368 6 648 969 -347 -687 -792 592 41 762 -682 416 -671 -536 -945 -943 263 -466 675 -528 -114 -107 536 -984 948 388 -982 13 -560 -546 -864 -28 746 665 586
738 -422 6 246 -16 488 -334 530 -328 -525 504 220 575 -355 384 -26 606 227 984 -219 -50 -901 14 696 223 662 -521 581 70 -59 -417 -225 -271 -73 221 644 -184 832 -398 771 882 582 14 26 817 405 928 78 -581 -942 -136 356 -362 685 -86 -436 -881 687 241 845 358 -333 253 -21 -758 801 698 -891 461 -987 863 -933 -301 -209 -640 -931 -259 67 -944 -177 -884 240 631 -215 -108 558 -676 26 -753 -352 -737 876 -806 777 6 -702 720 -596 -159 542 -479 395 -932
-96 -273 49 -639 73 -507 -389 -697 -898 -988 -896 747 -9 988 306 681 999 931 -851 663 854 -331 -612 -930 -439 -424 -53 806 435 10 630 333 -91 473 497 -668 -174 -913 -127 967 -819 969 119 -570 -957 -510 -259 980 773 -224 201 -565 -450 -197 -897 698 -861 -123 754 125 360 -565 987 -729 -1 278 -126 847 -693 798 457 948 -301 188 537 269 194 -821 -13 -542 843 -662 728 -751 -855 -640 -875 -498 -188 -643 -906 410 481 -24 -276 -834 337 -582 761 132 -887 918 -89
386 625 548 -600 -236 966 329 -695 -922 970 901 -240 971 603 -56 -156 860 -239 -15 -773 832 -31 741 -194 -188 -785 185 -823 -232 128 -116 -993 6 205 515 667 672 707 818 865 580 760 180 18 222 -200 312 894 -758 -563 -776 52 -203 -259 -426 -971 592 -307 438 439 559 -620 754 -843 -140 570 190 148 -606 -273 -551 80 -367 -8 316 -684 -802 915 482 -7 -404 732 -924 566 795 -199 720 246 259 -896 -219 727 -131 904 126 -178 126 -788 -824 327 305 -164 402
250 -640 -546 256 346 575 -126 604 8 -347 323 -422 212 -825 904 742 -829 -141 539 -84 316 502 737 -605 -708 427 248 -553 -871 -16 -705 849 -604 -842 -978 -683 215 741 343 -87 -850 953 196 -963 915 318 -928 411 65 -941 626 669 -182 974 563 693 692 668 -463 -484 -626 979 -596 859 944 646 461 895 -560 -300 -105 317 -111 -515 -475 706 22 130 179 -795 -187 312 345 -372 86 329 306 824 -166 167 -165 318 -519 781 198 -462 196 -444 -402 -350 -727 -401 -683
444 500 932 -742 -979 210 -680 102 -457 -239 789 -459 846 772 -582 802 448 995 64 -438 847 398 -268 -909 -420 -782 -299 38 433 948 44 -969 890 -309 -237 -539 -655 778 -732 125 -842 -629 31 473 807 -745 711 -714 -958 -751 -455 547 340 -590 26 -331 -436 -113 637 839 561 -248 973 415 -420 -358 -3 -20 -604 -333 858 715 260 677 185 -343 -773 932 -958 -797 752 -215 313 89 -368 -759 -235 -319 -970 176 -706 -153 -395 871 -376 -702 453 -12 -666 -46 -665 -783 -739
806 263 341 791 394 -771 -946 -47 125 496 608 -927 944 344 390 -249 -357 830 -361 478 -182 -62 -395 463 132 -216 -481 -445 -404 273 887 -909 144 225 141 974 -305 242 745 -442 -488 -459 680 -185 -259 -640 -770 -427 166 -808 -902 -895 546 556 -985 -905 552 187 -482 279 -340 948 -519 799 -850 -312 835 -175 492 -786 219 822 7 739 -537 -705 -797 667 276 -45 -681 -583 -596 -230 373 -810 -319 -988 -428 -814 245 -649 -728 -828 -724 -316 -861 -65 809 -619 949 420 645
309 -961 -514 -817 283 454 -450 573 -187 114 227 -80 525 646 757 198 442 -310 303 -952 230 -60 183 948 263 -187 699 325 -339 351 425 -82 -185 -396 -22 -554 -190 -406 -563 -916 399 -901 460 -964 351 -103 93 -214 45 -545 -937 -501 -935 -94 191 -428 -755 54 238 218 -515 93 -368 -216 816 58 716 334 -139 -700 859 422 -444 710 -777 -77 355 -541 82 226 577 -57 575 -302 -990 -952 -192 608 808 -117 -786 763 410 -397 751 167 164 -315 375 557 138 583 -691
-65 842 -794 -648 -856 -979 87 -393 370 -118 277 -214 -878 -712 121 784 845 845 888 525 302 -857 -634 792 496 118 328 447 565 -491 743 -793 793 -669 -463 83 513 -222 -455 304 925 556 366 -324 173 -868 -759 129 719 -144 161 817 -442 -327 873 -369 934 -484 392 248 588 -375 425 524 187 -283 505 445 385 966 -563 547 760 -710 -506 -935 -904 -108 -339 -185 -503 101 489 -275 535 579 32 -135 -674 -968 -279 -122 -827 538 -545 -591 343 258 146 216 -148 -228 536
-942 -762 -54 -687 -939 -985 852 -152 312 64 -240 277 -155 404 58 799 410 -436 528 -321 -339 -653 -931 -800 874 -863 784 2 -630 133 680 877 -127 -980 -162 803 68 910 -577 -562 406 327 52 -983 -738 563 128 -437 806 147 -922 -131 242 -4 581 -659 778 -130 -143 75 726 -190 14 1 -10 189 219 -369 -693 962 -103 788 -75 835 663 969 -726 87 908 919 784 871 -337 57 103 147 -842 -468 -122 -542 682 -622 -320 310 -429 -506 -109 -338 565 906 557 773 -489
-307 506 167 -228 24 -609 -588 -993 -377 797 413 208 -331 -366 -580 597 -880 225 -320 -641 123 92 69 475 -558 60 754 704 72 -66 -980 348 413 441 -392 742 -741 -721 -402 351 -544 -912 -311 -389 262 838 203 -75 -611 577 -579 -828 778 -769 -829 824 -120 -346 734 512 -83 -590 -613 -372 808 -314 -870 122 -442 -128 -183 880 260 -514 814 -443 751 183 -477 315 231 -552 444 -308 -46 -517 900 737 -899 -827 645 -311 -979 269 759 540 -925 596 48 -755 909 245 -999
501 378 -133 785 -335 774 -775 -998 58 387 -710 -79 749 808 -650 12 -345 499 -595 652 863 891 643 754 272 -239 120 302 -159 548 -221 -862 -254 -525 -422 -651 645 -243 1 259 -473 948 -148 -558 -326 496 -797 -913 112 608 833 711 -42 668 281 -958 -582 -26 -634 169 555 126 204 -920 972 661 576 879 212 361 81 -766 773 -642 -174 -880 -938 -546 -842 785 -592 744 -554 761 705 868 -831 -935 353 -650 145 117 175 433 -954 815 -554 290 -111 802 -287 -611 639
-869 536 102 -192 -398 407 -282 -61 294 -151 781 -880 -810 -634 -490 -271 957 262 -154 910 165 -943 -162 371 -565 612 -479 144 -909 -14 -929 286 866 5 591 -935 346 703 251 -610 275 98 -875 50 339 -57 472 -772 -672 -497 825 -112 93 -972 188 809 273 -37 -557 595 -763 745 -191 -190 139 -17 -35 -494 -84 -941 610 332 698 -580 -957 -239 996 -150 -132 -122 -920 623 -141 -36 82 318 -770 59 -509 -801 -738 -613 541 380 248 911 -342 459 165 -898 205 151 79
-641 -464 -483 28 512 748 -767 -521 -381 -857 -357 937 -58 216 130 23 -866 -618 754 -75 -961 814 -835 -488 -391 691 -772 -87 -670 304 31 -970 397 937 -855 690 229 -560 -415 93 712 355 118 -450 -334 -766 -813 892 -316 526 43 572 449 -547 529 -891 -347 -229 -378 255 546 666 95 810 -455 -342 307 -853 -415 -445 126 593 -281 95 53 150 -237 501 -185 -479 706 -48 635 552 -715 350 -148 306 470 20 -706 -277 546 -145 203 -495 215 -427 655 -101 -197 282 412
-87 118 110 891 710 414 756 -848 426 797 862 -600 -100 -607 692 850 -123 -753 339 343 815 245 -654 87 573 27 -737 993 180 -939 744 -577 487 184 -890 -532 -592 -426 -44 851 922 -88 365 -475 684 -137 899 -41 256 614 -436 21 -239 -752 -137 -553 658 234 157 -545 -596 324 450 523 -128 97 650 637 -502 224 376 -796 822 791 -990 -41 572 411 -608 542 -521 207 723 -387 644 -298 -589 798 630 -986 -495 778 902 267 -517 -157 103 437 270 -911 -776 240 917
-249 -910 942 -161 -79 209 -861 607 749 -816 -628 -675 -109 -835 -532 250 -526 -213 837 -432 -200 -314 783 -904 -291 -910 -695 389 -867 44 121 910 -272 -702 -767 -966 536 -946 1 323 -698 269 -478 796 970 543 982 751 853 -937 42 -961 156 753 884 -900 908 227 607 -955 36 -324 -304 536 -765 -86 341 -59 703 -152 777 -239 239 147 214 -395 406 -258 247 70 988 -484 361 912 -213 234 -578 -100 579 -657 -563 -911 138 491 -503 150 948 -611 -548 -474 218 -463 640
-68 58 838 -69 717 -437 910 4 -763 444 -418 678 -807 824 261 -32 732 -569 -150 726 285 -764 -82 296 -355 902 -144 348 671 -514 -689 -838 56 156 410 245 598 -370 -509 -271 -243 359 435 245 -676 -297 439 271 303 -20 535 62 701 -139 -633 -96 -111 -177 311 808 -154 942 -683 91 587 -550 562 -968 454 979 -334 865 885 914 -371 843 -529 -227 803 238 -583 -825 -676 953 -779 -238 700 -939 661 -479 422 564 509 -689 376 -138 -410 -778 -204 712 -993 -899 -834
-407 -434 -463 -303 -774 -603 590 797 130 -129 634 -101 11 -167 814 -431 -579 685 434 640 -716 -134 -428 -326 -992 208 741 946 -215 -729 -576 140 365 591 -377 659 392 785 -516 441 223 -779 922 -391 953 -611 -867 408 -86 -321 -364 938 525 -32 -239 -431 -419 -53 523 433 320 48 1 -978 384 -822 666 775 -392 -839 -771 924 -248 174 490 809 -203 -635 916 -857 624 252 700 440 -655 -558 891 609 656 -133 -821 -12 -897 -112 835 -598 151 355 -531 -768 318 -48 -619
569 -926 910 304 785 -875 405 -409 1 -603 -742 622 142 -570 -890 885 -580 -498 901 -437 -16 -436 10 730 -332 -234 -625 -285 -829 -722 -311 -281 228 -527 -85 -513 -301 -820 -207 584 -310 891 509 238 64 -593 -721 -844 -696 -710 -996 30 -294 762 737 427 -18 720 -751 978 660 749 282 -745 865 -56 -154 -54 -764 974 -994 813 631 726 -120 -528 193 -400 -719 379 616 -343 501 871 868 -371 -741 -391 -882 970 878 -980 823 -435 -154 -310 -843 -20 -426 375 -600 -945 -626
-214 -805 428 -912 312 214 109 223 -33 336 863 -444 108 -382 -310 539 89 -569 -264 522 -458 -81 -972 -687 -749 -125 273 188 872 -717 164 406 370 762 46 312 378 -269 -918 -497 -910 133 208 540 -721 954 787 -204 734 -771 637 -968 -667 818 21 63 -889 -657 474 831 2 -472 847 -710 825 -215 755 917 105 -484 316 -284 -5 314 -769 -767 -715 -146 -114 -100 -243 453 910 -612 747 530 -460 -428 -295 382 876 960 122 -404 -106 -130 -684 555 -755 -54 -69 -988 581
738 27 -781 929 -248 946 -221 174 -618 392 -718 735 571 301 -620 -251 -972 -483 323 -501 326 -974 3 -724 215 518 36 913 -452 498 -895 -437 -851 -968 261 -487 533 -38 -947 -409 -746 -186 56 387 -855 127 -5 557 -925 -936 -542 -774 -269 -961 -399 -347 135 115 -840 -205 -66 644 549 -463 -359 -314 291 316 875 113 -800 365 -848 -552 236 -833 -455 228 765 -578 -827 -195 -145 -962 203 309 -983 -779 708 -256 -980 -122 -139 627 -332 -469 -806 488 -271 -706 -401 987 351
-972 631 -187 -495 -441 -992 -734 748 -946 -322 145 -577 11 -797 -697 -991 -640 -848 64 -13 -961 -651 -28 -988 525 756 882 851 194 964 -292 -817 624 -911 638 -565 222 -207 492 717 -272 946 -825 229 820 750 -597 -85 907 304 -200 673 129 625 -277 215 -276 -661 -743 -290 -547 943 247 -892 -250 -463 -599 -818 921 993 -267 -828 920 -955 931 -283 126 369 -252 -788 -760 -903 -965 -534 -846 845 -452 -653 -726 803 -96 453 755 -429 -430 -302 -695 -645 -279 -609 -533 -605 771
836 266 -581 858 -412 588 64 -763 743 109 685 -114 19 244 -34 -149 -358 -643 336 859 220 136 837 176 716 -739 787 -653 -816 713 172 408 19 -54 472 303 277 228 574 -28 882 -211 -414 132 143 -981 -648 -804 -688 -520 -713 -129 -505 639 1000 -172 -376 678 -67 -342 -632 -793 -673 233 915 -179 32 535 -772 471 -672 -637 15 -948 346 -127 771 748 -834 979 619 623 970 -624 91 -484 913 515 856 72 -738 755 360 -103 81 -518 -743 -379 -969 309 637 -212 601
-777 483 -769 -549 -150 -31 -405 501 -125 957 -298 -338 -288 -229 389 307 -943 -239 103 488 -767 934 -446 -859 -1 -872 24 -158 -227 637 -107 781 -828 -30 792 184 -382 671 76 656 -574 395 993 -25 -650 -676 540 -269 -702 70 616 -784 968 -91 375 -736 76 662 537 -781 884 -161 -825 -142 190 -897 -691 836 -738 160 -974 -508 -718 -663 5 -230 -653 -80 821 -379 -518 269 925 538 -947 -279 171 -666 501 197 860 -433 141 375 -235 937 617 -784 640 -11 257 921 -351
-828 872 -901 -636 633 717 -243 -842 796 381 -392 -228 -438 499 -937 -909 394 302 138 -587 -373 429 650 -763 233 409 199 807 -146 -593 780 783 -539 617 628 -380 473 839 262 897 668 847 -388 40 84 111 -494 115 256 123 457 -199 -871 -937 939 408 -925 898 -423 21 -381 -307 -305 -930 -662 -665 -583 888 511 422 304 650 -998 356 -179 549 301 868 -786 78 285 -593 246 -726 -530 -592 942 853 -194 936 -567 574 -553 542 662 355 -296 -105 -850 -828 -323 -595 429
-89 -614 -448 302 -552 -393 -858 -913 346 69 272 -268 -162 -129 -6 -649 -914 -772 -882 93 423 -336 -633 99 209 402 -467 -569 -819 584 -127 276 986 479 -442 69 -861 -265 298 602 -216 -693 -928 -120 -296 -674 508 -501 344 641 522 359 274 -479 411 108 509 -371 60 -232 165 85 -907 -682 951 158 -948 132 700 -670 67 -750 -849 660 -988 694 444 513 -729 77 -954 -798 -962 156 -571 -18 -82 -492 683 476 -198 116 146 454 -563 664 -92 266 100 -944 533 970 790
731 481 163 913 34 142 -166 -991 -191 -451 -142 -241 -864 -525 -613 -331 512 398 -252 -934 -912 678 929 910 543 562 248 -589 -852 980 -475 -826 874 482 477 201 559 722 959 -946 268 177 742 610 630 -560 -52 835 642 475 -439 -657 240 -457 -7 315 -818 936 -725 -595 910 -708 949 583 882 -712 773 417 3 -387 -334 -879 400 358 658 841 -780 928 -283 333 64 166 -434 399 984 680 129 -967 570 -88 680 230 248 322 415 494 199 -795 -320 -3 512 305 -279
-706 -445 223 729 -743 -596 935 -726 -170 -914 66 311 -212 -197 -658 735 971 -634 -777 -318 770 -769 984 -408 -594 -355 590 289 -432 267 660 407 874 -135 16 623 470 723 890 -593 674 846 116 -663 -900 910 -101 -267 757 -602 -199 -674 -571 -969 -381 -45 -948 -423 550 445 -176 -665 217 -801 968 532 319 -247 -876 -500 -629 -136 -170 -58 752 -872 145 165 517 649 -228 -98 321 -417 723 -189 536 -509 -533 670 -414 743 256 -422 84 -713 -771 -38 -866 -949 150 573 -240
-535 -507 -471 -855 375 112 -636 366 142 883 754 596 -630 -112 921 -438 142 -993 -384 597 -60 -941 662 649 -718 -244 959 -319 -392 -654 -952 860 -730 -988 124 -108 -901 77 143 172 -648 543 39 -731 -494 351 155 -499 982 877 260 293 -408 -929 960 -243 -460 -151 -235 -242 949 330 994 -253 643 -458 -175 85 855 716 377 2 890 547 -336 9 924 -186 846 229 -559 601 588 -444 -250 -890 -628 -942 -143 -551 770 263 277 420 -785 649 724 80 478 591 -976 -623 71
868 106 -860 258 596 -164 247 614 -825 -334 -235 -593 -842 242 -755 269 238 124 -913 345 368 -163 -302 547 515 -850 -732 -282 -41 777 -833 -19 391 -357 -332 -481 618 613 -792 182 -155 813 -697 270 -991 785 985 -280 356 475 -785 814 -625 656 186 1 275 -285 -583 958 -63 -873 828 -273 -435 -783 826 445 414 443 -693 435 741 949 579 511 999 663 -724 481 712 385 -178 -554 614 -189 910 -274 431 -488 -176 -503 560 -51 842 -656 -404 448 311 416 -891 67 53
961 -151 64 -356 -587 780 775 -805 620 -818 98 128 980 -887 -39 835 -594 218 193 -161 923 857 848 -369 918 -522 444 562 394 354 -895 -854 836 -489 449 22 180 677 -155 -23 317 -869 66 327 828 -466 871 173 885 392 -589 522 -952 176 883 813 -237 -703 905 364 401 -726 -72 958 880 178 -52 182 704 6 54 796 -521 -319 581 250 -894 807 -319 720 -362 -531 976 -668 -923 72 843 -983 876 -560 923 -629 -200 193 -99 133 -536 -993 -347 127 -818 867 -466
343 352 -26 495 282 -661 584 922 575 7 542 366 -927 -283 230 844 -888 -844 -456 598 370 339 -214 -77 114 146 -192 -608 565 177 767 -64 -770 -230 -515 244 -659 698 614 454 -224 -134 829 831 214 -644 829 -103 -964 -31 -661 -242 -954 583 203 -305 219 -112 315 497 -227 -227 -929 161 -284 -423 -134 -40 519 -381 -187 -134 662 -956 -432 -551 870 238 -349 -26 -870 645 63 791 682 631 69 -12 227 310 -142 124 219 -713 39 212 15 -717 17 -817 122 -805 505
202 916 -456 -55 -354 406 -368 -263 -312 -363 -27 710 -827 -717 471 -993 -473 -851 -598 -821 501 -767 418 -310 -546 -767 -774 -138 477 749 645 -827 377 -64 -724 -50 -556 -951 661 982 819 -941 -428 726 -20 115 -452 -213 -773 239 -578 -279 -976 -666 850 -851 -190 -769 580 413 -633 -255 -731 -322 235 220 290 -29 397 -877 130 972 -6 455 312 130 -127 -623 88 349 -843 -69 935 817 -719 -133 -356 -77 549 -291 914 -405 47 540 -577 -424 -779 797 -177 138 31 -999 697
816 978 117 -797 -498 118 -17 594 651 152 -618 -743 -123 -372 -266 -462 257 -581 -961 715 243 122 994 -376 662 -309 -793 -153 888 -212 -34 656 581 -482 192 -198 447 608 129 11 -761 -663 -652 328 954 -251 138 938 -229 -633 -743 -414 329 -756 982 -157 -83 912 687 -579 -142 826 -202 634 545 -606 -787 -79 39 -13 923 -152 86 -884 137 -409 -747 -48 -772 104 932 -35 575 -134 -751 650 -772 708 -32 -663 854 614 -949 -548 -970 -564 -779 -732 689 12 -596 532 -398
734 -869 -524 -983 411 -471 -495 191 78 -350 -46 -539 536 -17 486 -39 656 -636 -551 -509 -537 934 -315 -654 -840 856 -459 -754 750 385 901 -646 -143 -549 837 104 440 -374 -531 -536 -62 454 362 703 288 -105 -907 704 41 -339 -171 985 -95 218 299 285 -76 636 -676 -215 941 -118 -468 -331 -445 249 436 -518 818 -692 -490 282 551 567 984 112 -171 366 316 -235 150 911 496 460 -645 -744 977 923 692 -282 -6 294 731 155 -693 -471 202 -117 197 434 29 -717 -191
697 -174 679 976 -914 653 -9 877 -307 808 -515 879 -129 648 325 11 -848 -886 569 -74 -439 444 -840 759 890 713 -701 -917 630 940 -700 -349 586 -938 27 -25 -549 90 614 -914 891 -747 779 -347 488 -373 582 -643 -895 76 -6 -782 -154 614 -922 -43 -181 868 453 347 232 -556 -287 -434 176 87 -650 33 412 -463 -241 -751 -316 656 -689 -201 393 57 349 -197 -990 -179 -339 -878 673 443 -777 -265 176 448 903 -152 670 745 960 647 512 -279 -435 913 485 -795 710
-580 -885 -563 -197 -599 264 166 -720 -840 246 450 -747 -517 61 416 -15 -365 942 640 427 327 -838 -273 148 467 -563 -960 -156 -36 939 -308 -769 145 325 -240 -204 -210 519 -427 194 90 593 -483 -57 33 -528 -71 551 -244 552 -440 -747 -549 -927 729 369 628 219 785 -466 -651 112 -760 -657 -282 772 942 -291 250 -437 -853 903 -940 -489 -940 -329 -521 764 234 -579 -443 67 -68 -758 -999 967 460 315 -944 751 -321 -288 449 296 302 440 558 687 154 187 658 232 301
196 -102 -274 -149 -88 321 759 -762 951 932 -654 49 206 292 80 204 -329 729 -131 -625 -834 -861 -503 258 -48 796 7 153 -30 922 -318 -899 -85 928 839 -700 495 292 51 675 -23 571 521 426 949 -559 960 -723 -489 693 359 -989 -101 368 454 24 -550 -186 -797 317 -731 933 893 527 -334 -229 -152 133 -208 -716 485 883 -472 -448 -931 -149 274 403 411 -333 -927 -970 -93 -431 828 -628 435 467 762 -785 932 700 265 504 908 9 -21 -627 500 -943 -466 -748 -655
-502 -329 678 770 -983 -230 -497 660 977 232 -350 741 -739 53 -167 -301 -824 -332 -710 992 921 -302 758 341 285 332 523 624 205 -162 -151 683 -242 -662 817 730 598 784 -392 241 -36 -592 684 496 473 617 -610 -804 -485 -51 445 -6 -631 451 915 -981 -448 216 425 -417 923 852 438 -521 -831 341 516 -757 -23 602 627 516 -88 717 -953 616 219 -675 317 -464 -800 887 -597 679 -994 -991 885 81 694 708 -21 -411 337 19 -864 233 744 -932 261 -647 -765 -599 -348
851 -103 659 729 -974 -330 -619 378 708 -245 904 -328 314 671 960 893 684 738 610 549 -617 610 -32 -358 -315 -569 -685 599 551 -326 404 -818 -688 -829 55 -875 97 -210 -844 746 380 431 -653 440 840 845 835 930 -143 -950 -648 492 584 -77 255 633 -274 386 -258 318 649 -511 -483 885 368 -199 -949 -306 313 872 895 -975 -3 -879 524 431 228 -835 -817 870 -910 -144 -152 98 301 151 787 -944 -614 -723 -718 382 723 -36 633 -97 -584 544 549 890 159 -537 842
514 281 677 135 193 -302 644 -616 -291 660 -359 712 -740 -423 962 161 932 -997 75 114 -325 123 831 427 -131 298 -676 -8 236 -58 847 8 -830 68 223 -999 -655 -553 326 -303 -756 -485 745 -741 -689 -831 24 973 760 775 641 -222 265 658 143 -952 -699 -933 -112 760 680 -269 917 958 100 900 -830 724 -795 -954 885 591 -794 -405 -285 -731 -787 328 814 -422 -623 896 -557 134 -452 -786 367 420 235 -322 -462 -903 -142 -663 188 639 -948 940 -365 -770 481 -220 679
230 -320 776 -132 -341 187 -382 535 349 178 75 -988 882 488 834 644 675 338 985 -844 288 926 173 -568 288 256 -992 262 -342 583 -588 -801 313 -562 -107 713 -801 -386 -668 -137 25 -672 236 -166 -661 625 -125 208 -984 815 495 -165 255 544 -718 525 805 -863 643 575 188 -340 762 385 -403 -93 984 59 279 -392 881 -126 451 799 295 -457 531 -229 932 -23 135 597 -349 43 -68 540 300 672 130 -954 -774 258 -904 -940 619 -766 6 -701 660 -183 -714 -529 -99
205 -241 -366 128 -480 736 -246 298 706 230 -727 -581 679 474 -218 -944 660 -614 16 426 -686 -894 291 906 20 663 131 460 117 -320 85 685 859 753 -898 667 -519 -907 866 -921 256 679 190 -967 788 765 210 337 -83 -846 614 -539 340 -210 989 -740 -994 -203 -505 469 -987 -775 -144 453 81 -484 70 75 -763 310 472 -798 838 -305 -535 -125 807 121 484 243 -641 29 986 992 732 321 -842 -140 273 -13 -574 724 -325 -91 -590 -121 929 741 -194 166 809 -201 782
-819 200 801 -946 635 -351 -941 256 763 559 369 -304 -881 766 -194 -413 -810 -413 -362 25 -821 -597 -808 545 -54 977 223 635 782 282 492 217 -148 666 338 191 70 -439 893 186 -659 -336 447 -691 -586 -147 -967 -874 775 -505 -94 -385 175 731 535 -768 -849 -348 -33 625 537 -791 -502 157 -493 -703 390 675 104 930 829 -250 -500 -26 -82 -140 9 -978 -794 -556 826 -367 -149 824 404 -851 789 514 348 703 -23 115 457 925 -861 -129 -537 608 736 732 -59 -673 342
681 -372 454 736 618 12 -426 -375 402 292 -315 -476 778 -34 582 982 -531 -171 -396 -751 -426 -717 -888 -35 369 92 523 821 974 -191 869 -4 -747 113 -157 570 -749 738 -746 -586 194 520 600 -846 -218 -848 314 -274 404 956 -743 -662 -339 -917 336 123 -392 -364 310 969 -818 895 280 -93 -145 768 -719 -801 -590 273 -923 546 -231 -213 109 856 -333 -848 -467 497 475 -520 402 -408 365 165 -457 -575 969 789 -618 687 -256 565 203 47 -245 -707 -860 580 -756 -917 485
-32 252 623 393 -613 611 481 -78 595 486 -262 81 369 -230 -43 113 -460 -90 403 798 -612 -649 933 -653 -28 446 -550 465 -99 212 -330 -725 -492 621 123 -194 591 -614 38 111 441 -488 424 940 279 -105 -929 52 -314 21 257 -846 899 -888 -907 -363 23 186 -418 635 -883 -226 324 219 50 658 -368 -542 -41 -371 948 630 -618 -345 -634 -250 -241 632 -329 -910 477 -760 -573 471 762 326 -25 786 75 292 -950 -250 -391 256 -838 921 -162 -579 133 89 169 -17 -736
-917 -403 -442 -730 420 -500 994 -15 624 -757 421 -514 -944 -589 -490 160 -591 -588 289 212 999 -811 763 28 249 -468 -60 299 -795 502 165 -900 -988 -892 -423 143 696 147 104 -416 -14 -10 174 -475 481 -190 -101 805 -331 726 -621 -384 225 117 582 -386 702 561 617 -104 -180 -635 -45 157 -333 -66 196 -46 -648 -328 -145 -22 -100 -111 -407 -99 718 -564 -150 -376 -591 -747 192 -223 -408 -292 322 -492 -275 -481 -222 -273 385 -264 812 -553 653 -880 -853 -843 840 606 -581
689 737 401 313 -903 556 117 -746 814 -774 -443 -86 -757 800 -530 70 642 -118 -132 114 -715 440 -508 308 -834 310 684 -110 636 -646 954 255 -534 -857 232 449 -930 766 -351 724 747 212 155 519 531 990 481 3 540 -968 619 -196 717 518 652 -703 774 -686 -392 -131 90 20 -96 736 -966 624 -261 583 62 -504 -397 -377 -174 -78 970 -566 588 -395 -585 -576 854 -963 -624 118 -580 -578 -139 244 -77 725 -313 -240 -973 -151 -669 -495 915 992 591 206 384 -529 928
164 -343 -742 -315 486 890 889 -604 -577 643 795 15 979 149 -140 611 -269 -760 -750 -579 -321 -164 510 -248 326 986 -819 983 922 -475 822 -741 686 723 270 338 113 -878 -305 -610 436 761 -649 -227 -505 796 -180 -247 98 -149 254 -818 -321 760 -539 307 149 323 313 583 462 -461 -735 -326 906 547 179 101 -275 967 -726 54 500 570 629 860 917 630 -293 940 -860 -434 -611 302 962 491 324 247 303 721 -902 563 -896 590 -796 -258 -484 31 668 896 48 -290 622
-797 35 -341 936 546 323 918 -908 112 494 -537 914 -207 925 186 302 809 -613 106 -286 -753 -749 -663 -892 -562 -729 953 447 968 669 778 31 -633 -556 -240 806 -478 -444 464 -516 -792 883 -984 -61 44 -508 -200 856 -3 -726 961 -107 -576 -693 -616 532 284 799 -570 862 -830 -904 799 562 -89 779 253 -399 -432 540 489 341 985 408 86 754 -558 348 -374 -347 470 355 -647 -375 809 236 448 -120 413 -934 538 -178 -927 -508 -638 650 -985 221 -586 350 -144 431 533
-187 -649 528 997 740 -618 -425 611 9 329 -104 -312 -192 -531 -998 -892 -187 -188 -151 761 787 -71 215 471 763 202 734 63 400 -521 913 871 847 -603 -448 633 -339 -258 -102 936 -744 -407 -739 -64 591 866 -711 -424 -371 534 -766 -617 177 -194 324 -832 361 -427 -927 -340 -883 -73 -314 675 488 -232 -772 870 -416 -914 922 -389 -345 -644 -185 -346 842 -965 -547 289 823 -665 761 -536 -741 -556 -753 451 -151 508 -213 -15 -121 -90 -142 909 -158 963 263 560 -158 -792 25
339 -471 259 953 -114 -476 -851 -134 514 -620 443 881 -944 230 656 716 996 366 498 399 561 67 695 473 -550 -173 -372 -475 779 -793 -271 204 -558 2 -811 -472 -964 227 -134 84 -752 778 -411 191 -942 54 372 -977 -714 92 -84 -654 354 981 398 943 814 863 181 -645 458 -429 -290 -376 60 438 580 -472 36 873 -936 351 -226 -741 522 502 -332 -321 -634 -676 797 -312 317 503 758 -832 -625 24 -4 -696 434 -739 -365 730 -206 -241 -635 -182 293 316 298 235 -295
-257 -415 -786 893 747 -647 661 -215 23 -770 -459 106 -109 -557 -310 910 -120 456 -300 -616 -162 -216 -273 -31 -745 386 481 -484 664 274 -947 -317 -280 -644 484 -781 -223 -172 219 -47 -444 556 -313 903 249 891 197 543 -604 902 134 859 498 718 712 -273 19 -89 -672 876 866 784 882 857 -993 -589 -221 272 237 -790 -58 226 -41 652 467 -968 -322 -541 -346 455 -850 827 -717 -657 -354 330 -873 -624 678 534 -967 -934 -885 -105 384 -881 950 427 958 23 -317 -129 -502
336 -572 913 -965 -864 741 527 816 377 955 715 -275 135 -746 -162 -64 -487 390 309 962 953 -967 -595 857 -102 -142 311 233 -755 -170 471 -342 -80 255 991 -331 -620 -13 995 -55 377 -481 -295 394 504 -819 127 185 -580 -459 -280 910 -850 864 -908 -654 684 -201 747 -567 -42 -950 582 908 -412 685 -837 405 535 748 -941 -557 523 191 169 -498 -587 600 -543 532 559 -839 -686 -622 -915 -301 706 398 59 -422 -436 -175 -635 -764 -400 658 594 864 984 397 -514 243 611
-381 787 -451 -256 139 -941 -838 -552 70 981 -315 311 -864 -23 -857 537 99 90 861 -418 581 -433 263 953 529 333 -467 59 -733 -675 -148 -602 669 869 542 273 -233 -426 920 -265 227 498 557 -484 -674 -904 943 -978 -893 -883 133 819 -534 184 -7 133 221 -23 456 -793 -470 919 -676 866 -107 390 823 -384 725 -334 693 420 -753 170 356 -332 736 -789 64 581 -141 728 167 -702 738 163 -357 -568 873 171 -762 336 -297 -574 -537 -247 -866 649 -374 18 409 -534 486
722 -947 434 -240 932 312 393 429 -222 887 303 5 -564 -125 -683 467 149 75 389 -471 -229 973 511 32 673 285 978 93 -774 -840 -909 -1 -332 -253 -324 452 527 972 52 459 425 242 807 949 -601 97 466 853 -142 117 -691 678 -661 192 -715 380 -148 182 -27 -462 -419 -411 -352 243 -80 723 -322 852 553 879 273 462 -883 -311 962 -599 -554 -418 -819 -684 -511 -324 6 -286 693 -44 -474 814 799 -787 246 223 318 564 -410 902 -952 241 -149 740 -41 966 -717
-311 -508 817 -602 -873 62 -432 -325 -75 775 372 51 -881 316 77 918 -21 -866 -91 57 -394 -30 -790 -711 -851 -287 -845 -825 -936 700 387 191 -864 -975 -69 694 -799 -334 -54 991 315 808 -768 -261 3 708 -688 459 54 397 660 355 -787 -21 986 956 443 703 139 342 -668 -419 460 -823 8 311 270 -602 -51 231 -495 47 139 360 -667 -689 -704 -318 -112 695 -636 -736 -356 694 -426 288 248 -156 901 -298 382 -996 76 -899 -763 -236 -75 -869 -291 538 702 832 391
268 -952 619 -137 -732 -4 873 -990 -913 -728 91 -351 -728 -921 19 888 549 239 442 832 765 -508 -959 560 -987 -150 -766 843 -250 -697 978 -558 -915 167 -907 138 975 953 734 -616 310 -681 -318 -535 -404 771 -680 639 -221 -308 -641 549 -962 208 475 -941 160 -293 14 685 -225 382 239 -266 660 -549 -886 562 -254 541 -444 136 -911 996 217 39 -842 -466 883 -912 225 -543 857 912 642 -828 50 -623 -488 14 676 615 936 -522 -466 -59 -410 -519 -434 -574 -461 -838 -673
406 100 932 403 -786 -310 171 857 -273 -637 753 -277 -361 -787 836 679 527 866 68 472 -404 804 179 -352 -891 679 85 -268 63 -939 806 804 -684 514 -213 -506 -541 -115 448 -323 -528 -49 817 -421 -996 -941 292 400 591 -414 -173 366 -590 313 -296 -933 153 730 -30 738 429 -404 -668 582 -424 -624 427 340 537 993 448 -540 -616 -313 404 -949 -236 -232 408 465 -745 -37 -385 650 -501 -229 -629 451 69 -412 -796 218 688 253 151 570 277 -255 -533 738 -10 -756 -289
849 170 95 -961 929 -254 -271 213 413 570 482 107 -481 668 844 687 -757 -402 -88 224 754 -197 -598 997 979 -209 -565 -35 -428 -36 -975 -959 425 282 461 -43 -17 844 -64 445 856 -451 -934 396 -397 -792 449 -968 455 -73 -629 746 -692 740 -935 -623 198 923 624 -154 654 336 644 217 31 925 979 -741 -470 -844 -581 837 887 -541 121 -506 -551 821 -449 -678 -180 388 625 -667 -867 -51 -515 767 -762 748 -748 -407 -44 -58 -439 -99 199 -106 613 644 550 239 357
-734 -915 480 -927 43 724 -331 -487 -855 173 138 -499 -315 201 -886 -166 659 471 -106 -356 -342 186 -494 -507 144 902 201 -72 -939 -697 80 -350 -554 318 472 6 642 617 -771 -285 457 -258 588 -459 -417 468 17 628 -528 -114 846 -980 926 -892 919 874 278 -65 474 -80 -303 -607 -99 -650 -74 31 -304 -371 365 -51 513 833 174 -220 766 970 -153 -110 229 -193 380 -18 -889 -984 -535 -682 219 14 467 855 734 65 717 -504 88 837 -505 -620 107 442 384 130 549
567 28 -142 -924 -765 192 -378 -999 175 698 -277 357 371 926 -109 -32 -44 987 81 648 126 -547 -576 70 -252 -933 -257 -211 705 -336 653 -580 682 247 -419 -957 -414 975 -602 -494 617 894 -998 44 162 530 305 874 864 819 -911 460 828 692 -852 -901 -187 808 -746 314 677 337 610 -917 956 403 -168 158 -292 423 -283 915 320 -244 -193 -959 -263 696 -126 -961 934 -627 -948 -433 -305 310 274 11 -658 320 349 -537 -469 806 -667 982 451 68 440 601 -60 -467 -714
-926 -633 472 28 -745 -933 21 412 -383 -582 -930 693 -108 234 408 356 745 610 -391 55 535 774 -413 -599 977 866 -66 -144 -936 223 -860 -497 769 -11 -314 439 -158 397 140 401 709 528 -246 705 -385 -894 -802 840 -470 597 -315 -600 543 -948 61 -620 -1 -675 -427 772 -384 65 -159 -286 485 635 650 420 -570 -46 -766 150 -465 861 -283 915 516 -70 -773 560 -174 -661 186 -75 -655 750 536 793 -202 -744 830 809 148 -179 920 116 -430 -338 -888 -314 -968 -689 235
-241 -685 532 -493 127 152 -216 116 145 949 217 170 -335 611 339 -297 -821 872 -361 -149 -494 217 -424 -948 -583 476 435 597 -527 395 -248 -438 -400 -748 649 -359 122 -594 925 -964 575 -153 -494 -901 -479 -984 -787 -593 -368 794 -241 -63 963 -15 -778 -95 -315 -938 380 67 778 -973 48 915 -515 -536 496 393 695 874 -432 184 -530 -21 -967 -416 -56 -619 865 915 -182 -337 562 789 -863 690 -678 -484 300 -378 287 -313 644 -619 -51 891 -470 305 -819 312 -805 33 227
459 -590 -298 468 -979 458 988 322 152 -626 -291 -10 329 320 -737 809 -847 -558 670 735 965 916 820 144 118 762 756 -668 459 -71 -394 -533 842 -721 572 -602 645 -20 -621 -555 321 -400 -330 -610 114 626 477 535 -173 347 -430 64 289 333 804 -768 -601 -221 852 -22 436 -282 109 283 216 -120 -367 819 414 913 254 -690 547 -476 -81 -578 21 -274 -993 119 422 26 1000 -650 256 -909 -551 447 -862 439 -937 -766 489 -571 -278 -696 538 931 -264 656 715 510 -321
