133
-51 967 -89 -556 388 -433 786 -820 966 -43 798 719 842 -831 140 -916 45 -468 -993 750 -185 -369 -651 650 -283 -972 983 -777 360 585 -274 -163 650 707 -112 -11 360 -882 38 353 -48 -350 475 -203 -104 -46 -573 -430 809 -146 517 148 870 889 551 -175 -947 -539 -315 -143 -648 249 973 541 -704 -700 -71 224 -592 -836 -774 555 961 -305 430 629 -137 -805 -594 -433 -569 825 -281 661 707 739 451 -928 452 982 -622 -136 499 355 922 199 -412 592 -695 -951 -497 44 -686 863 396 -481 236 -205 442 255 947 -746 877 -801 792 981 -430 -542 -372 314 431 13 853 -801 -132 -293 -230 429 -664 922 -863 -925 490
514 -942 465 933 -250 360 -876 342 435 -556 -436 621 -139 93 233 518 -535 -312 165 -429 -131 -273 58 280 -316 353 -572 -222 -778 -57 -799 84 -749 -562 629 784 856 -266 -213 -369 -38 -26 389 -787 784 601 420 4 -115 617 307 547 -902 758 350 -262 -30 -93 -736 309 -425 -194 -550 -877 -189 266 -337 -223 -311 -757 -100 248 265 -355 69 -832 626 161 875 -1 193 -204 489 3 744 142 510 247 -229 -412 421 -955 739 -389 831 -487 533 -758 -14 781 -835 602 955 278 -892 509 -848 -342 -944 -200 768 -707 186 734 -517 -9 251 -694 -402 931 -976 56 230 -714 941 433 -282 -342 974 -830 548 775 904
-728 -499 -211 -291 618 -807 -448 303 306 -855 -496 -260 633 -755 -637 887 814 -94 705 296 819 -392 749 -231 -715 66 251 -607 -955 535 -142 -754 1000 965 -32 -917 -473 -59 948 481 -172 89 28 -166 -310 562 27 -784 -1 -673 439 -156 457 -433 812 859 -390 23 576 -765 -695 -401 372 -365 158 -105 -652 -352 410 -904 -708 -308 -511 581 182 72 -75 31 -844 90 -240 344 534 -997 29 -801 -167 855 484 -902 -691 87 464 562 -751 -325 63 -360 -436 -992 261 693 -597 706 621 192 978 875 -850 632 -575 -662 261 -159 485 270 181 972 -825 225 920 414 421 450 752 -206 -933 -854 622 -853 -258 529 14
-302 -507 -631 -691 -162 -140 -57 361 -15 -538 322 995 14 -858 -748 -221 441 250 -947 -71 471 -547 -665 -869 -379 455 -27 -864 500 43 -156 -201 881 398 883 309 115 -577 671 969 -962 423 -265 894 916 941 -225 140 -149 -426 -17 -69 -6 776 507 486 748 490 814 -392 871 922 -305 5 487 666 518 871 820 168 24 -540 -638 -744 189 -360 -250 -192 963 -747 278 943 -213 275 -663 -69 -815 -379 126 -265 -630 266 -679 941 582 301 -168 877 900 -646 291 -78 597 588 -286 -611 -184 568 -904 -527 565 -880 -691 218 -506 -139 -422 138 -594 -708 366 -718 829 651 493 57 -612 -15 407 396 675 -737 759
130 715 951 850 219 -275 623 -113 -652 -952 866 790 634 -622 -589 -783 -839 662 -353 111 783 -196 -850 439 306 294 70 -630 -406 342 -388 -495 348 -451 -905 -635 -92 -130 403 366 -225 -991 -337 931 258 164 -796 560 -229 -100 -414 102 594 521 -136 412 763 135 -369 -861 -549 -671 -108 -73 531 272 705 385 398 -976 -281 393 452 884 -806 137 -616 -688 -391 669 -379 -956 104 -649 -961 745 -548 -161 -87 -668 594 -393 851 -569 -292 172 717 -121 -967 -24 668 568 -416 -267 -217 -268 -775 -228 -176 -118 520 -261 234 339 391 197 843 -879 478 84 63 -720 -270 -599 214 -162 -505 20 -917 567 291 -177 674
-88 -383 -204 110 565 -353 -993 -84 951 53 287 719 -659 -447 -58 -503 131 979 -721 802 720 -558 -945 -136 -775 -678 532 -12 -685 -301 -246 -332 -378 -129 -388 -501 509 -1 -216 369 -935 482 123 584 549 -196 -996 332 21 63 -171 -314 -153 936 -421 -82 972 -648 159 -198 -144 -211 -308 -697 -652 893 193 -574 -499 -81 -855 -412 -971 -890 -107 808 96 -966 -804 -118 -39 420 -791 -34 -230 -170 946 90 379 629 105 -814 -223 -875 -533 -418 -184 -961 -411 -631 427 -223 983 296 -864 594 -767 20 -799 -560 394 535 309 -520 -673 -449 653 738 -264 306 -518 -234 150 111 -341 -833 -663 -36 -732 490 -2 578 -805
602 -731 -703 -516 332 657 576 -611 -926 153 645 811 399 -229 -291 -109 638 -832 -647 -835 -881 -53 -682 530 -802 971 -457 782 753 735 529 -224 -49 585 419 639 360 -37 -497 695 -684 -274 889 -799 -68 -158 -996 640 399 768 -957 279 -894 203 -661 -647 568 -156 18 -776 -423 781 443 -929 354 133 -478 75 -984 114 -410 -236 922 541 -40 201 739 839 -785 -807 857 58 -411 766 261 42 321 708 -881 -38 -367 968 -299 -566 -172 267 -632 110 706 -922 -173 -821 -663 -121 -120 -86 -443 457 -855 -641 -342 706 336 243 849 134 -948 -931 701 632 808 367 -567 289 -743 892 448 -679 84 264 456 -206 -438
-840 -837 405 -862 521 836 580 -655 844 323 366 -216 510 317 65 745 438 -845 -647 -9 -616 844 534 -822 231 -222 45 284 695 982 -923 -717 -657 257 49 363 621 745 877 944 628 -484 -622 292 -271 380 612 -429 -660 918 58 305 -183 -80 333 -213 717 959 -743 -749 846 -366 -686 914 900 367 240 -295 523 -296 -374 584 -310 -374 161 -118 -994 801 163 -677 592 219 -832 568 709 -264 -615 753 180 -598 196 -195 258 -513 -660 330 -711 488 -970 990 -441 934 302 -144 19 -960 351 -515 -838 -109 -526 695 600 374 622 -368 770 -664 942 -129 239 601 688 813 -361 -926 809 -849 -892 -223 -58 -720 357
-59 -51 -6 -238 -173 386 -736 489 291 997 923 903 -374 969 -97 -942 468 -592 26 819 477 -767 472 49 -947 524 -362 728 654 -780 449 105 -565 635 506 -853 -313 -949 360 943 -650 -784 506 657 -36 -348 632 282 -416 626 404 -942 -707 796 163 275 -219 -8 642 201 -334 261 294 982 -661 267 244 898 -97 273 618 -433 465 984 24 -230 848 916 927 -882 449 -134 -588 -254 443 373 960 -957 895 483 -745 -564 -286 -259 35 769 -375 -93 -195 604 512 -955 568 -114 -186 751 -806 -73 969 -148 -505 321 601 -437 -165 727 -724 287 -444 227 126 -240 922 -12 -782 -961 972 -914 505 -602 617 -661 989
590 215 512 795 506 483 955 108 -47 326 680 -866 521 -161 -637 -477 543 -701 551 -794 -733 -401 645 53 -753 837 -303 -449 184 -886 -698 -68 670 779 -263 419 -578 -425 -677 -516 86 990 55 83 -424 -508 460 -27 88 753 -299 -533 -656 968 -892 192 530 18 -611 -304 -611 -505 526 -929 889 72 748 -941 -611 -213 217 798 400 -60 -558 -148 604 -403 277 406 190 -846 448 -527 186 763 -541 534 716 -889 903 879 -439 -335 -567 -662 -380 594 -353 989 -436 515 571 -234 947 780 -243 -114 809 -882 130 -694 727 90 -453 348 -809 844 -151 317 240 -361 -957 -849 144 14 810 339 -205 -980 -380 38 208
-831 -556 456 866 -230 11 -981 947 908 -24 -700 468 652 -293 -399 42 862 -393 -937 323 -8 5 614 22 786 -955 -853 217 540 -432 -557 -357 -276 633 247 657 418 -975 744 126 -678 154 264 508 -114 -973 -989 887 261 -830 888 -392 524 1 456 32 975 -513 409 666 -251 998 103 291 -779 -179 -296 -875 -104 531 -454 895 252 652 28 -192 -942 -599 -650 -94 -602 -561 -427 756 -711 282 -9 432 -740 -581 -705 -645 42 204 582 282 658 -508 -114 466 896 -891 -316 312 935 -525 -894 359 990 -561 -2 559 644 -302 -126 779 337 757 -360 -373 778 -19 98 -528 752 932 -620 -202 -170 18 -705 859 -338
219 938 254 -177 -303 -737 -13 964 714 -961 -14 372 -787 -637 271 777 -826 -688 917 -977 761 -650 -404 652 -829 -923 634 -858 -308 -580 -571 757 952 -384 645 342 108 -250 -760 121 174 253 -320 -839 -490 -309 519 517 785 722 610 751 404 -722 275 -208 429 270 601 85 -588 -68 595 -933 -543 411 -671 -685 -296 556 -773 -511 -481 -947 475 647 -144 -801 -875 -887 -423 -286 -777 589 -479 127 -949 -751 533 -31 233 88 657 1 -375 -526 -902 333 -73 311 7 149 -241 -224 752 -447 888 -573 -929 -462 349 -695 -253 980 870 -387 -492 -580 -123 723 929 36 541 274 -716 -160 973 127 -137 924 457 -792 191
228 -23 58 454 -225 587 -528 424 585 -732 953 516 76 324 83 258 -854 -408 986 -861 890 136 -57 163 -196 768 439 -197 -533 524 -503 835 -786 109 -493 -235 666 968 546 734 -56 -306 -692 -835 670 630 -315 477 -835 533 -871 -736 -505 832 -36 -495 410 921 -500 907 718 453 -913 728 391 -642 959 -559 918 996 670 -251 -302 -914 744 -795 15 -690 740 -981 -39 211 -986 571 735 360 292 962 142 -167 -189 -181 473 982 -547 -47 -46 -848 353 734 424 257 -952 897 332 536 111 -898 482 -270 -586 704 913 772 276 250 486 36 -60 27 892 743 -96 -305 224 677 40 -574 -748 649 351 879 226
-716 -957 -281 362 -975 615 253 -678 -124 -946 447 -918 108 -634 367 -639 135 -225 543 7 661 -665 -262 599 484 -749 -337 928 -406 -165 521 -998 -910 -493 746 -608 -659 258 358 -339 -774 113 347 103 880 -383 527 35 -249 -711 -14 563 -585 923 226 131 361 -494 -3 -36 -439 -293 -720 -558 909 972 -658 -431 -433 -251 605 783 214 210 -325 -403 -829 42 494 783 823 -137 632 358 2 -638 137 455 -362 -630 430 266 186 -383 -632 112 922 -860 -232 -943 940 -204 630 114 846 773 400 -368 602 931 623 587 -293 924 -282 658 -854 367 292 711 737 206 425 158 -336 -62 52 23 126 412 -37 390 215
-253 -844 27 -204 415 -496 -541 889 -879 40 699 103 -99 671 -916 946 197 854 503 172 851 895 -819 368 674 890 812 123 362 -629 -238 -427 326 -180 -705 766 -188 958 11 451 -408 -325 465 -721 -99 39 247 254 -519 805 -533 -51 812 -618 267 365 309 -452 -607 -169 -335 796 -903 -599 -287 -14 -415 734 -314 238 92 764 380 -483 -846 951 -240 547 -184 -861 944 963 -953 135 -755 -31 284 -292 -513 -530 220 804 966 -365 -351 600 72 -215 373 -758 412 517 -743 -775 -415 961 -429 -189 651 85 -253 -91 492 37 -64 -291 -709 -812 179 273 -556 -218 -577 312 -916 -29 -228 598 -690 -665 -33 37 119
678 -665 -354 875 -627 -105 -937 -942 244 -581 39 -734 -129 665 117 -647 676 213 15 -376 -506 448 -858 -665 752 942 -523 809 -178 115 -493 -739 421 -774 206 605 -605 -446 200 -521 65 -75 366 -362 -635 -843 274 220 755 789 -54 414 900 -782 561 492 -817 541 44 -85 67 -922 -745 -447 727 341 -738 -323 -824 616 -104 -368 50 629 13 172 410 -102 -312 -649 71 9 951 460 -383 201 -209 558 -158 -421 829 58 122 522 631 -152 574 -323 -911 -403 -304 509 -260 433 -374 638 345 -760 627 -52 331 191 -92 834 -567 -780 420 -582 -797 -702 671 252 -260 -856 -826 -763 -602 -795 912 -10 -868 -957 -401
-923 728 589 -323 309 709 -403 820 925 -322 294 909 743 565 -949 768 -825 -432 -181 682 918 -994 -758 -451 426 -456 781 177 435 706 -671 -760 -91 -704 -840 783 605 -554 913 753 898 -201 947 614 154 -801 998 -472 102 332 798 -58 59 -649 884 -639 61 -543 -381 -477 -391 984 620 -576 -464 473 -457 757 732 687 310 717 832 -151 -873 -973 -992 842 807 945 777 -902 -370 582 383 282 -758 567 114 -635 -37 204 924 -751 -952 -181 -278 565 605 114 676 533 -894 -707 234 840 729 776 812 539 435 143 -266 -82 111 -31 -905 908 352 -574 -691 -744 -230 -49 -81 -974 681 -643 327 -439 -50 27 -807
907 -329 790 -60 1000 -342 -342 -685 -891 -354 341 -832 668 -602 -296 -297 640 842 488 995 -290 387 -735 -793 943 643 -39 -965 -582 -849 -494 128 -858 139 873 -830 941 -880 940 537 572 -900 793 76 -536 902 97 -349 -646 -404 267 -409 -549 -213 -699 -184 -405 26 261 -822 -774 179 237 525 -759 416 349 -280 -245 446 -173 -238 950 256 429 -660 758 -109 -241 190 -912 809 224 396 387 -923 15 -651 906 770 -429 -519 47 383 175 -700 633 -85 900 298 -362 -23 -95 257 244 624 -954 6 938 -46 662 -979 723 615 -805 -616 90 -363 611 659 -47 574 -264 -326 971 198 -259 888 490 -816 852 -115 -94
196 -820 714 -211 -737 88 -964 -392 870 -613 579 922 56 415 -241 228 464 485 278 356 484 663 -205 724 -243 298 286 127 -157 -513 180 132 100 311 419 -510 -384 966 -332 260 -988 -527 390 -906 -143 706 979 -155 -327 234 65 -938 -202 -170 -777 -676 -713 410 -951 605 -169 -375 131 -978 -421 327 -162 442 8 982 -639 978 79 -148 -345 622 599 -346 -39 -575 -491 213 617 -821 601 183 -230 -119 -760 -207 574 -873 -686 984 -450 885 -16 783 0 951 76 426 -232 54 -580 -95 29 708 812 -320 -794 861 -265 939 129 -744 -510 -97 -784 -979 -155 340 817 -655 839 -786 -839 -387 101 675 12 765 -690
455 -533 -348 814 130 266 -468 597 83 285 -981 -157 559 782 369 -605 674 174 638 753 485 -778 929 153 -864 -968 362 -738 -425 999 129 963 624 -225 -688 249 -795 947 -661 566 917 610 992 -722 -187 -716 841 -687 403 -234 -193 577 763 976 -728 686 -478 -208 161 -369 -240 181 678 -289 -565 -903 798 274 -514 603 -716 -509 -88 -87 -240 715 657 -121 -523 -816 -489 -658 3 -72 471 772 828 -728 88 -125 804 -963 897 -615 817 -506 -422 -132 -30 -532 415 -201 348 335 865 710 -816 303 -217 106 888 212 259 -775 624 -470 815 -699 225 -452 149 -441 920 620 -146 392 694 -996 210 -308 -831 12 382
-789 711 752 -332 477 -110 365 748 434 -185 560 -952 571 393 -756 -362 -152 650 942 302 783 -862 -146 -453 246 840 -652 -425 605 -547 373 254 -821 -232 -503 37 643 236 -694 403 -302 5 970 125 24 945 753 272 -623 492 386 951 943 -284 41 -643 934 172 -284 988 403 -421 -837 -764 794 -668 -691 295 571 64 792 -527 -641 -617 -251 -571 181 190 94 210 -45 427 572 -844 235 932 -959 -105 317 -699 -673 -921 -717 -337 451 402 -595 -770 882 -145 -456 -941 -322 -104 -787 721 500 -989 148 -157 806 -97 -268 -534 224 793 -440 -780 -215 -899 -561 -441 808 -278 -513 -770 720 -498 -121 442 -230 -655 -368
954 253 -34 864 357 61 204 -325 -556 445 907 -459 -195 914 329 792 426 -331 -956 -337 39 -268 362 493 410 -713 -676 -883 638 746 897 423 216 188 -234 -181 666 -366 644 -147 -859 536 -86 -227 985 -939 -551 801 -376 -278 -897 -158 -823 -72 -918 736 -935 827 -802 -381 891 966 -622 527 704 556 277 290 -622 24 -786 798 10 -102 -447 -82 -799 607 -131 182 420 -277 -254 379 -128 -682 880 60 221 -512 -630 -292 808 -110 266 365 -8 -797 -386 395 785 -525 272 722 903 584 243 860 -886 274 425 -149 -608 -675 -607 16 -607 -717 -594 341 -436 987 627 221 -826 706 91 -746 -590 -268 341 -552 268
663 -100 109 -336 -699 -940 -387 -968 -140 464 -812 -334 -877 -367 338 -833 323 489 -688 296 175 -978 90 -980 986 -343 -467 820 996 622 -674 -249 -872 -793 -604 521 -427 473 307 -578 -889 -25 -442 461 913 5 -392 415 -518 -747 911 279 -463 557 278 -501 846 -406 758 -303 -842 -722 736 -91 -86 -460 105 422 445 916 706 801 576 -318 211 -12 -228 657 -876 853 -996 -59 -456 -149 -620 982 -810 538 -607 913 -699 -820 -801 904 963 939 817 745 322 27 -320 -52 -320 -236 803 -491 625 461 392 -838 -853 756 876 -881 -546 -198 -676 -467 670 651 569 -687 -946 315 402 784 -757 -36 320 392 -158 588 451
290 655 987 100 660 627 907 -537 851 -639 928 608 -427 821 -921 -290 -572 -991 226 -152 -97 614 -511 -477 458 299 781 -563 646 -803 -51 -535 -836 979 204 647 -862 -451 98 319 256 649 142 -886 -532 865 -875 -50 -15 -284 -124 820 -914 623 658 -537 251 -360 -367 -486 -137 -937 787 -9 397 210 72 928 868 -829 -475 -956 -763 -344 -815 560 328 966 -870 -370 631 -117 -699 511 852 -289 178 -607 342 662 -899 -739 766 837 -496 -385 761 -994 -730 995 -210 41 -454 825 103 305 158 772 28 -503 -215 -620 202 313 632 -482 947 361 772 149 448 568 964 -392 -639 -999 -519 552 724 11 -345 275 -556
-412 276 850 -583 -135 -343 667 269 -868 309 836 847 659 -175 -171 -784 305 110 -808 -549 803 347 848 -878 -743 -78 -861 -909 878 -414 -602 345 550 951 259 447 916 -315 -567 351 -939 -604 961 25 -500 293 -776 991 -613 755 254 -3 -53 725 -263 -890 88 352 23 -71 -613 489 558 -93 21 39 642 -290 -491 -841 -462 -810 967 361 767 -52 -454 -120 299 -284 187 135 777 569 67 215 391 641 -742 -475 -955 -373 -938 176 -927 -76 340 760 -176 -904 994 -750 -614 -826 726 216 -797 637 831 -275 -990 738 582 238 -64 644 -464 836 -370 358 -477 -826 -701 587 418 236 545 -575 -105 414 -381 451 -788
507 -795 -574 -586 597 -80 -162 815 -119 -975 -609 -881 -324 436 624 -587 -111 -958 -245 87 520 -940 463 468 -544 387 -211 946 -67 -194 787 -870 -187 583 447 -804 -684 378 438 -593 463 763 477 -135 309 -277 -445 184 770 -25 722 -485 -627 877 -438 208 -79 -693 766 538 -391 182 778 590 -412 772 -191 298 -935 -634 -330 -285 -316 -810 -192 -982 -243 -311 561 59 -454 -864 -321 497 -101 -271 849 9 -45 685 870 -863 -138 -674 14 925 830 159 -660 630 856 -680 -285 79 811 884 -962 -794 472 592 -292 -958 861 -189 -616 319 -572 -603 -121 532 217 -563 922 -579 -760 -341 -13 -134 -187 -194 308 -349 -555
946 -30 998 -327 -262 297 735 -821 -985 -582 562 -880 -654 -577 -824 62 -340 512 116 -297 -753 781 433 404 399 -741 -582 -435 275 -964 -395 196 299 -121 -995 -799 -643 -570 -166 744 -673 -578 -545 -521 -221 42 304 -101 58 -384 878 419 342 -651 -575 -308 -239 492 -655 -405 163 -663 176 393 -684 -204 -233 632 -513 -967 -52 -44 -226 733 109 -363 -328 -53 92 593 500 -340 230 318 -248 228 945 213 563 -7 -46 -318 755 207 -551 232 -349 -881 -327 817 -27 -266 616 -861 -632 -839 591 -785 -666 38 222 771 -771 -282 -80 -850 584 -993 -506 -557 -327 774 386 631 -683 -958 -302 -91 315 -965 183 -879 -781
336 -830 -326 928 792 10 -552 -175 -655 -660 356 -695 245 383 -489 601 -502 -926 -229 -889 488 437 -323 398 -11 -271 388 -927 -644 -763 -980 -771 205 846 891 -838 -642 561 -827 -883 -754 744 186 -147 -102 728 -20 176 -167 -629 -689 -318 754 -242 -679 -462 429 -903 618 840 567 -682 821 566 -305 -176 747 315 -787 -838 -855 750 -814 664 392 637 379 -786 754 -687 335 820 724 142 -760 -334 351 500 -722 -530 -167 181 -865 815 -800 132 699 92 111 726 -373 -122 -311 -952 209 207 -735 476 27 -522 -868 273 545 -751 191 205 -386 549 -894 106 364 340 198 -21 -88 499 322 -198 -524 423 713 -449 -389
780 -136 126 -481 834 -405 -786 -578 -508 -737 -382 -685 710 146 -331 -343 -230 711 343 -5 463 533 926 -906 599 -561 459 -752 -124 -114 -421 -287 990 -501 -186 -801 -381 185 119 -135 -213 -962 -711 -647 807 -877 426 -404 -122 769 78 638 -461 843 115 862 991 -646 668 129 -234 -93 189 706 -431 21 -990 327 631 -209 428 -17 -160 894 -327 -457 -472 404 607 251 -691 -380 -763 682 549 762 -19 931 -370 -280 146 -932 275 -934 778 289 728 875 200 649 339 1 -511 628 183 -125 296 880 446 -325 -40 -245 690 950 -498 -509 456 -729 -703 489 -247 860 463 180 -353 169 789 930 744 -96 -726 -935 58
771 -471 716 -269 -512 -903 201 -228 -758 538 -385 -6 -824 -978 -291 -432 567 -670 101 -220 171 72 -449 -564 179 -381 426 501 -679 397 -675 -144 -743 -216 540 378 -119 -913 -954 -90 663 -88 -773 344 273 -822 -549 -271 252 -651 474 -590 -472 -607 799 -481 -485 902 300 -382 826 -635 55 553 7 -45 263 -499 51 544 -981 -800 420 -777 676 -734 -766 -540 98 -593 748 -820 -692 -648 -840 -130 41 -835 -553 -747 -484 325 886 -954 829 585 -255 -739 -831 -141 834 686 523 878 -233 -230 812 234 274 289 678 -386 -503 174 -881 74 750 -685 -383 441 313 561 -562 -145 242 -428 -32 965 -837 -710 -129 -482 -423
-978 -949 -124 675 -283 -151 -572 258 548 91 -573 -87 -676 328 539 -753 -60 -773 39 -873 513 455 599 385 -461 407 287 -231 -721 -381 338 780 645 -913 119 539 -67 62 437 521 -717 -667 -15 -642 -660 266 -864 -210 -860 -774 -789 372 550 -615 175 -329 -745 565 301 927 591 -252 853 289 245 -677 -215 -59 182 176 753 377 225 -441 92 -722 930 -679 -99 512 377 515 -359 52 758 -389 795 185 532 221 226 897 -609 -717 -183 -311 -29 899 -336 -28 322 690 924 -394 146 -906 -56 -100 913 186 677 105 -11 826 -922 938 660 446 -271 -949 -659 4 -830 -301 50 -378 -910 506 -941 730 -305 620 583
-408 201 997 729 38 809 491 429 -113 -707 -261 -130 -989 -508 -452 469 776 -125 -800 312 -722 -239 345 -196 -496 614 -936 600 -971 -566 496 -343 -170 -211 90 -309 -293 -109 -639 859 799 -567 333 -282 -862 761 429 140 -180 -203 829 -969 942 -588 -697 498 -491 -474 198 88 -792 -586 -858 331 -703 -709 -552 125 376 -262 17 78 795 172 -895 98 122 760 -303 -786 142 -259 309 543 986 -499 146 760 505 793 -583 -442 -25 -523 -975 721 -20 -888 -925 961 -733 -221 111 650 265 -85 908 598 576 37 -804 830 -77 877 141 -236 -812 658 -500 -752 -495 -959 725 -363 -539 -691 357 96 -261 648 -640 -324 830
865 -626 -924 267 346 593 806 -456 -636 -574 880 654 185 -583 219 801 198 -534 704 288 131 652 -101 -456 -767 662 -885 435 -865 867 -958 702 -408 -12 255 24 316 -188 374 -954 585 615 969 -509 -505 -325 -843 -491 493 817 124 27 531 325 -310 -398 -795 -840 86 -25 -304 191 -345 -410 572 52 544 833 -490 -86 26 -435 -135 -241 412 -954 872 -950 409 -637 -869 -45 551 -972 68 418 343 8 189 -209 -490 -357 -417 -167 -897 124 -223 322 -86 748 -900 -745 -235 290 -361 -450 -322 540 -413 728 90 464 -459 -763 -171 -223 -101 -425 -842 461 -35 223 878 -285 82 -924 -162 -238 -404 274 -126 140 -879
46 973 761 742 -488 -542 264 -710 649 -548 -384 941 828 379 -203 -261 -279 -308 407 -679 796 -589 -476 -917 -523 167 -163 959 -792 -805 -331 730 420 -651 102 412 561 -820 830 786 -350 -589 151 -311 266 -660 -539 -278 -948 651 296 -378 -662 216 -191 -449 -529 192 305 -928 440 -119 332 -950 -436 -848 -579 -948 -467 -607 -509 -513 -121 -718 713 -629 -315 -484 -268 -486 995 743 229 279 -675 -302 -946 897 183 -917 273 -974 -58 353 948 438 -389 883 497 -69 784 404 -998 564 267 14 745 761 31 560 278 -641 -334 838 34 784 970 -924 -721 134 -352 -802 -110 -391 -42 278 -15 -606 116 19 -121 -709 -130
90 391 678 -798 332 125 279 -466 12 335 -562 590 427 -110 293 595 450 -647 -190 -241 -821 712 -759 476 -436 936 -222 -228 18 915 930 76 -858 974 -952 -798 -34 423 -377 -123 595 -892 443 -789 457 42 -118 -819 993 -833 552 -953 951 23 -378 -84 1000 603 -455 583 965 361 819 -868 412 500 160 668 -903 203 -690 375 649 -121 713 76 950 -466 243 716 372 38 157 -643 294 451 -955 -566 350 -336 268 456 -800 108 210 -397 769 -500 751 822 993 543 913 -950 -238 -113 -482 758 -204 -94 165 309 -161 448 933 949 -228 719 473 443 209 843 878 -685 -841 -159 -397 885 216 -598 -148 -748 154
581 35 -895 -461 -339 -741 796 -599 -550 690 -710 -153 595 -173 -158 -627 -303 581 -15 149 174 -988 925 93 812 602 279 -826 387 745 745 248 -126 -377 655 752 263 -649 -621 279 -519 -288 -992 32 754 684 -648 -275 -901 975 -207 -562 -225 2 586 648 657 -533 -213 -738 -998 571 -774 959 -502 740 -838 555 -256 660 46 723 229 -590 444 -276 210 -588 588 560 561 -806 383 401 -303 635 -403 -629 868 667 -474 709 931 -379 -102 -77 -287 -821 869 -133 -852 455 -222 -687 624 604 512 -814 357 -962 -174 -247 889 -229 -704 -222 937 -140 186 377 600 12 -787 798 -238 -787 622 983 730 -207 724 913 -608
-445 162 -155 766 -990 306 659 257 383 -675 -978 21 -332 -330 4 -7 961 -442 7 -990 20 18 349 -36 -748 202 -223 -309 -981 -821 947 495 109 -813 -189 -411 761 500 -203 826 -197 913 -271 954 955 -442 -565 -233 566 -891 170 406 982 -197 -58 -492 -911 721 339 -202 859 -531 21 -179 169 169 831 951 -765 923 667 -990 773 996 872 252 -157 37 -677 -937 -170 650 196 280 -441 -806 -289 -242 758 -137 690 -449 -441 -336 -855 -274 -534 711 860 -471 342 124 -278 -577 -974 -953 709 863 623 -59 201 -517 -27 -678 570 -436 9 325 41 542 344 -847 146 252 -158 -105 886 -377 -827 337 480 79 -539
154 997 900 -122 -703 -835 358 -506 -244 -279 -231 9 -952 -832 117 17 -641 -614 953 202 -525 -40 543 -400 710 -35 747 -194 508 717 13 -348 408 -319 -650 -428 -461 452 -409 -727 -116 494 -252 -956 -727 890 -968 916 -901 981 -430 -943 -896 -426 525 278 -687 788 638 632 716 -695 -522 119 -836 -495 455 705 -748 -706 -876 -339 -37 -612 913 -278 -480 -772 409 -91 -977 -865 -770 737 -868 673 -630 166 -132 623 -971 -648 612 6 -192 -877 -551 266 -739 16 -331 -33 322 279 -741 -120 610 -463 546 985 875 -120 926 -37 991 541 588 -564 -662 694 987 -783 -206 98 -488 -695 637 -982 -910 702 92 -794 221
811 324 409 114 453 973 -261 -109 -249 -236 17 939 -898 -885 362 -236 589 -239 680 -958 206 -740 -295 -771 534 465 -958 45 -380 -74 -9 -258 -554 -432 473 -478 759 54 -452 725 537 -138 260 -20 -597 645 620 887 359 370 530 -42 -933 -380 434 743 -527 -942 -594 -931 957 -591 -745 412 403 952 -262 -703 883 -417 186 -529 98 566 -138 452 -874 -814 6 -870 -771 242 -665 473 507 608 -111 793 -738 930 658 614 -785 -208 -743 460 -424 849 -16 -814 -692 462 439 339 -873 -136 233 -617 116 -11 397 944 549 -507 380 944 -302 499 -23 200 97 918 242 715 14 328 642 658 -921 -946 -352 -840 -473
-426 407 -411 141 943 -445 872 840 290 -187 862 337 -818 147 799 709 785 959 679 -594 354 82 -654 765 -53 629 -895 469 -11 -548 905 983 -5 80 -102 518 -719 151 -435 -602 -691 -639 -377 838 323 -270 106 311 654 -57 -485 -728 746 903 -18 -576 -257 -713 749 -217 -568 -662 -952 -864 274 -508 -746 887 240 -503 -455 -605 331 230 -64 793 -906 -613 -74 749 -161 820 -809 821 530 275 -589 -532 568 -884 379 687 268 637 -983 -601 526 -633 -388 -156 321 -3 -448 499 671 -968 988 -68 220 -28 773 -822 695 -293 -288 199 493 572 869 -812 -456 712 -961 -654 -347 -791 -545 176 899 526 -383 -815 455
519 -250 441 -739 586 -592 900 792 576 444 -877 395 -640 -950 -716 880 773 120 -548 -539 -34 172 -956 247 -542 -496 -451 486 -3 952 -638 952 572 559 -295 -231 -463 -321 213 368 675 -32 843 -691 390 -312 -130 447 -174 -304 361 850 419 -937 -775 -427 -340 -657 133 857 -216 293 42 246 -113 -353 -569 744 705 894 770 -362 -670 435 70 -29 738 -98 -246 605 87 -991 494 -125 -502 -237 756 388 539 -640 -439 35 -606 190 175 598 -173 506 -8 589 29 17 577 303 175 -37 825 -16 -985 -63 428 -112 -855 -305 -480 685 488 149 -261 -472 -268 711 95 -683 -144 356 -717 540 -626 244 -736 268 -454
-165 -507 -241 -64 -230 -681 697 107 -364 424 -982 -630 590 578 -669 161 -480 -815 -939 906 24 90 85 -987 142 508 971 819 737 -894 -566 603 -688 417 -182 264 -906 756 -63 159 972 34 -992 -32 402 -455 -791 -808 -375 169 -322 -863 439 239 389 -985 -355 748 361 -553 278 226 -662 406 501 -309 819 619 273 981 -900 666 957 862 102 638 848 -744 -396 -462 -365 40 -663 -835 -968 -447 588 504 -472 200 -56 572 5 -732 -480 669 334 -779 -689 -99 673 -498 -994 -306 -886 -193 447 -856 -518 611 -842 -589 899 -717 728 -94 -961 -123 -773 524 769 533 621 808 -349 749 -832 324 382 52 -878 642 -40
-175 -596 -496 -904 -469 -736 850 -539 863 565 -306 -468 -692 816 -972 -240 -546 -968 424 -404 -843 -149 -146 -636 977 719 -848 -150 -916 112 542 -612 -588 1000 259 730 -188 446 49 -411 799 -747 -280 -509 552 -908 -344 -384 -880 326 176 942 605 -936 754 -212 -461 -816 -187 -875 289 797 -490 -624 -949 -967 588 693 816 -54 -281 -113 871 808 -811 892 -965 602 912 65 976 313 935 250 128 -458 920 336 407 87 -249 -28 487 -532 -83 39 -263 416 831 -740 769 555 618 -683 -852 -540 984 -950 -903 388 -238 -152 865 -554 371 869 -76 938 -156 -398 498 -295 -503 282 322 834 -921 -809 -318 -509 80 388 604
323 -739 -244 -126 12 -698 177 -330 951 689 -855 488 352 -11 499 -532 -792 762 680 -969 -328 848 764 278 691 824 -941 939 -875 -334 -720 -971 504 531 -7 907 -123 915 390 245 535 -847 -872 -184 91 884 55 -821 819 543 -684 -22 267 -449 -163 -585 -13 932 239 -777 42 90 933 -752 -500 723 670 350 -718 -14 781 732 71 -890 -694 69 731 -46 -186 199 -447 917 619 384 -429 -5 -830 680 -491 -801 478 -661 -953 395 998 -351 787 126 -960 412 -73 -456 -903 -162 13 549 257 644 -395 772 211 -862 996 -398 610 236 374 -776 126 -353 446 -514 -474 874 63 -774 -504 -676 739 777 532 -357 40
153 -865 -786 299 737 402 840 12 -131 754 -702 801 409 555 211 374 -695 -554 -306 146 -316 -134 -744 774 795 -210 -459 -530 -135 -692 47 -342 664 -910 -687 790 -867 866 -698 180 962 633 153 876 527 -676 856 -598 -141 -514 -534 453 -924 -18 250 192 529 61 -640 -519 -543 814 -854 303 -550 -378 300 369 479 19 -799 322 -105 -903 476 -904 -730 -889 -480 -173 458 505 632 907 804 582 -525 418 113 281 128 840 -91 -451 707 62 307 641 545 162 378 235 541 73 927 601 -609 -806 947 722 -562 -473 130 699 634 151 184 518 -760 -433 783 501 -933 47 873 -932 395 -360 -218 -428 -283 123 -237
-500 95 -99 -849 -422 -954 -425 -693 -144 -858 -87 622 985 -251 910 -222 -574 156 -645 -450 997 -733 385 465 -671 -712 -989 472 -474 396 97 -276 892 -486 786 619 467 165 -752 -255 20 -323 749 -62 823 -51 -812 -137 -162 196 795 -669 -146 301 772 -911 14 190 -734 204 -7 42 248 538 189 -573 -371 934 -987 -65 348 153 -252 614 40 -124 664 198 317 -484 126 -766 -47 114 -428 429 -374 -114 -663 623 -711 487 865 787 900 338 -43 -291 817 -203 935 -422 573 7 -877 693 -3 182 -544 -573 524 628 -730 205 660 -786 -534 -824 1000 -742 -123 -542 941 -323 627 -70 -840 567 -954 -612 930 -212 811
-87 697 559 -76 -737 192 13 997 -166 -761 547 810 -490 437 -612 -667 800 -31 -805 358 88 -240 -958 338 613 489 -675 -842 373 309 -210 677 -449 -942 326 -211 -360 -970 -228 -664 -147 -32 -595 510 515 -22 864 200 -919 -662 -332 -1 551 -167 -679 387 486 -725 312 -936 -837 236 784 154 -223 876 -82 561 562 -303 840 -833 402 972 -746 967 56 -154 749 568 521 312 713 -490 67 -423 -761 -38 803 130 -100 -240 739 622 870 -674 772 445 173 84 35 -41 629 542 -629 -194 706 -73 -312 -931 952 104 979 -931 -945 302 639 886 159 122 78 657 -898 -351 -624 -340 531 804 874 -457 678 -54 95
-148 -954 697 110 252 -378 147 295 -685 -987 349 -565 365 648 699 -209 707 -249 -169 -996 -115 129 -655 103 -836 316 432 600 271 -163 -985 -631 34 -880 914 -435 520 -347 -225 730 -803 23 634 4 334 474 -223 -232 -492 144 -186 529 523 440 -429 -85 928 869 -601 402 329 150 815 677 -897 86 608 -67 -745 -110 48 -764 -82 883 324 148 -750 -696 -620 221 189 289 -37 -591 -420 -23 683 336 191 -735 -179 -340 -807 213 566 200 38 -66 677 690 -708 611 680 -519 107 -835 958 -179 -626 -506 -232 -158 227 316 697 -592 711 343 -835 907 698 757 437 -6 -558 639 544 -795 -980 170 677 -112 -675
-116 332 -34 470 -40 605 132 182 440 -927 60 377 342 213 -622 -978 471 220 143 55 468 -572 47 745 -841 -191 -415 -156 -658 -267 -645 -916 159 -271 -665 -603 -535 5 461 782 482 643 -194 -204 -478 162 -661 -41 -469 -546 -224 -151 851 -899 17 -526 128 365 303 -462 -976 312 -362 -146 193 -407 -586 491 -877 89 -564 185 -584 66 -131 662 -235 757 31 196 -23 182 -13 180 150 885 802 -799 624 168 355 282 -399 -477 -905 -921 839 74 -79 -115 -197 -819 -443 76 -321 -510 796 -91 -765 993 225 -695 -413 -760 -660 -323 -543 655 216 714 938 -618 -414 992 1000 -966 -704 -869 -428 -538 -276 190 -283
278 -452 -229 -678 103 496 4 399 -981 103 252 -113 -760 -771 135 295 720 757 -496 -925 187 719 985 -313 32 823 -67 892 147 -822 338 837 8 -459 618 12 725 444 360 798 -730 35 -865 624 -662 -724 -282 333 -789 -866 888 -467 -389 895 -232 -333 -470 -34 -606 -653 -477 783 -403 -946 -330 -364 -228 -117 801 68 -684 484 679 602 -473 618 674 -771 191 -970 -475 -633 950 446 -566 -283 -30 816 523 874 -306 -403 -804 800 180 373 -43 460 119 -709 -739 -739 -532 532 17 497 -296 -382 85 867 -588 120 -111 -251 654 -647 -531 -379 986 497 -153 960 -731 -657 657 832 25 -579 -248 -413 733 -114 -674
602 980 691 -167 954 470 -422 -907 658 -133 -556 36 -615 243 -559 -202 -60 356 -181 -220 -254 523 -469 325 -220 291 -933 611 -293 -973 -454 -712 -529 1 -11 -829 -998 -828 248 567 -769 -248 321 -590 954 -949 -147 42 230 676 -127 -205 869 531 7 238 463 787 467 620 -631 28 -447 880 817 358 829 -526 69 -281 -417 543 -275 -499 385 -930 -21 -296 -738 -898 -131 830 24 -37 92 -158 -378 -257 -907 591 329 980 306 510 697 568 -188 951 992 -726 590 787 -941 897 -815 768 905 -516 -976 926 697 756 703 -297 308 -451 253 716 972 843 -5 714 32 690 -104 139 -619 -154 -134 776 642 -528 -389
-84 408 114 14 -460 -548 721 -884 851 -461 689 416 -270 809 -32 -133 181 285 440 4 -984 188 -168 -592 -872 425 -612 186 110 -634 104 271 854 -526 916 -232 766 815 -175 -27 921 -914 650 -813 708 -726 -827 -759 176 302 681 117 -594 -701 954 318 73 -599 559 677 -788 -15 533 -883 -748 -26 -20 180 -880 438 239 -435 -506 16 -895 -564 847 412 -189 29 -558 417 210 -719 -481 791 -467 870 -879 -342 84 49 -218 -553 -756 -821 91 -570 991 -539 -480 340 -880 -214 604 476 -260 -688 553 594 460 41 -897 172 119 972 -369 -83 -540 -341 981 654 525 914 -543 267 -944 507 -193 -280 -225 -624 -814
622 695 -194 -33 -170 205 -606 -75 609 -780 -845 -965 594 -852 -677 274 328 -492 163 74 267 -880 538 -464 690 293 722 -332 975 193 1000 -552 -200 -487 718 389 915 714 -42 -904 -899 -80 -931 410 999 -411 -671 397 861 337 881 -591 -652 64 -560 -377 928 -735 789 -723 -977 -598 -639 -296 853 329 798 -784 -987 421 401 -763 -55 788 380 -737 -113 550 611 -141 0 958 776 -31 -915 -624 325 -22 -344 -843 -26 496 316 -724 -992 -427 443 348 -62 501 402 -236 870 -192 906 -845 580 -129 942 -653 900 -232 436 911 445 -435 26 -650 -305 -514 463 840 858 79 -309 -307 -248 -556 -389 -955 830 856 429
938 -886 717 340 385 -519 -130 -760 832 -456 -367 -466 -215 709 680 720 516 274 -202 792 -868 580 734 190 79 -658 871 -340 585 -699 -691 -6 -134 128 721 -822 -333 623 -704 -494 -207 -428 -480 370 448 -494 615 -447 832 448 870 489 -75 -438 659 203 -360 69 772 -736 -69 -3 967 -675 -870 -867 -97 497 845 345 -984 -481 -934 123 684 675 791 -359 606 451 -899 64 -45 243 72 -369 -736 -43 -373 -398 767 -645 960 632 571 394 -675 -764 171 -467 354 253 -212 275 -241 962 486 -474 851 -354 80 -359 -385 995 -944 -819 936 327 -630 -912 -421 696 314 658 -661 -420 -499 37 -25 -167 297 225 551
878 350 2 612 -628 -556 415 -169 901 -829 519 -39 -865 -399 -839 250 853 309 624 -754 187 651 -71 -367 -789 -159 -525 987 -415 622 98 847 255 386 -368 413 -530 921 -767 520 594 489 529 177 -24 -310 812 690 -850 309 -71 599 159 869 500 118 -837 -566 -41 959 943 -755 484 239 -411 46 610 479 379 -951 417 -519 216 807 -805 10 -623 96 281 51 839 -562 768 -935 -550 -852 582 -179 878 942 693 614 552 -709 -326 -118 -171 -492 -678 -388 359 136 -125 527 -915 -240 522 -8 158 134 -282 -207 -942 67 -25 490 269 837 -828 219 -39 351 -175 260 -210 602 121 -827 -319 -534 -130 889 -457
-757 -630 669 452 -486 896 -321 948 400 468 -351 532 713 -748 493 -834 867 66 211 -896 -862 -401 -787 -104 624 213 467 894 -942 -303 -374 -418 933 283 56 -304 631 -749 -173 -570 83 -934 487 -895 -716 -678 -202 512 778 179 809 583 -822 -845 -411 168 192 -255 361 -432 -336 967 -588 608 507 -119 -781 886 316 -218 200 440 -31 -182 534 -131 -185 749 185 216 -513 -484 -414 -79 -451 562 880 978 271 -30 -37 -805 -550 -604 -919 -318 815 -438 995 347 861 333 722 703 -560 -407 -381 524 -312 -767 -518 73 548 257 354 180 893 718 786 938 -289 396 907 323 -126 -708 351 327 727 767 -692 481 110
988 37 878 916 -86 417 -558 -631 395 -243 -120 576 -267 252 -941 735 -83 -577 277 -618 754 -464 187 845 532 -200 260 950 -993 257 -451 -814 -840 581 -566 175 -158 -635 498 767 -739 790 -648 388 -419 -747 273 -569 146 -101 135 248 -871 460 -215 191 -738 -599 908 -31 -340 422 867 478 -893 118 406 135 165 -478 -334 -354 -515 280 -659 726 428 -112 804 584 753 970 -397 -57 197 -525 912 940 432 215 180 43 -357 896 -265 998 435 -84 -297 256 -218 -435 724 -71 446 858 860 -8 -297 -958 894 -840 223 -400 797 -583 921 683 -173 583 -307 -779 -33 -792 -416 -893 604 -818 -757 203 112 -708 -710
969 974 -746 -44 413 -840 673 738 -498 612 537 942 -638 265 -639 -470 949 -649 -219 649 150 -623 988 782 -446 680 -471 -321 264 853 -911 -427 27 -174 759 147 646 565 258 289 505 826 -272 -28 -318 781 708 75 -825 -63 346 -504 848 -609 -372 -726 -255 942 685 259 53 -165 66 427 646 -251 -928 256 -583 -344 961 647 759 -204 833 -844 341 874 -380 385 -747 -701 794 639 293 780 -486 -25 -954 -639 -404 -5 -489 -251 -365 303 -609 -21 295 477 -230 -91 641 521 -485 -186 655 -175 -593 886 791 -400 -174 658 345 529 859 -771 -819 634 18 -809 171 124 450 167 -631 85 -934 696 -177 592 525
446 -298 -86 697 660 -737 258 421 -316 -655 396 451 18 -102 -463 101 645 -746 455 332 498 -339 809 379 646 -441 579 906 -144 -533 -692 966 378 725 15 502 146 -699 -520 -871 729 -364 -856 555 -297 -62 405 262 616 763 289 -379 -985 952 -427 -748 550 -991 139 -349 951 768 -907 -678 410 -399 -564 -650 308 -347 -392 -48 -488 70 -887 -609 692 469 -336 -684 -293 671 206 692 938 462 694 -430 217 -725 145 58 -927 194 -881 -421 644 -946 -892 828 -19 -253 999 815 -603 -950 898 -158 511 -9 -362 770 193 -458 -545 -454 -609 660 -368 -6 278 490 250 -765 -319 -892 -882 94 -948 -816 -355 -68 -45
-270 -425 56 -683 596 -808 873 619 395 476 -524 -65 549 -421 -946 -214 542 645 -754 -50 -15 -758 -63 13 347 -650 775 -332 524 888 187 56 471 -914 193 -149 265 303 -409 -757 -506 164 926 -792 -689 20 978 607 -577 746 708 775 149 389 -535 -681 268 -404 635 -413 821 988 525 913 -570 -689 924 -116 972 -565 785 -524 -308 948 -284 208 856 -49 -246 738 -707 -220 -466 -651 376 -546 686 -251 -376 -445 396 -342 95 -693 -363 835 -237 -338 -305 -949 -991 479 187 -837 177 -641 -503 108 -956 -113 -661 -250 -470 -106 706 -406 720 138 -635 873 54 -785 416 -465 15 857 -152 -512 945 144 -372 -771 77
735 856 994 -503 297 451 895 -56 345 40 -447 779 -268 -526 -899 704 893 689 984 89 980 585 294 952 -964 -359 -259 278 -521 -167 -59 915 -191 236 750 -585 -202 485 -178 23 641 70 293 595 482 -428 -657 -883 218 679 854 772 230 -83 578 542 598 -883 670 852 -823 137 567 135 -937 204 -957 -496 -166 -397 -884 -59 -918 249 568 248 532 171 -490 857 166 -854 -793 -484 9 334 -25 -907 812 567 838 -432 -55 -977 584 -291 790 748 613 -984 986 929 -883 567 -695 -796 -708 588 -18 714 -730 -294 436 959 -993 -91 834 978 -327 386 -447 348 155 -259 -197 -591 -917 362 881 623 -520 83 680
211 678 -465 114 892 -474 724 821 -905 193 -92 442 -215 -542 354 404 -821 -595 376 762 -497 -464 -479 435 -974 84 -143 -211 -6 480 900 -358 -146 170 -316 536 -92 554 820 -693 645 -930 617 -614 -323 -588 -279 434 -401 -553 587 251 -427 88 -642 -763 181 -872 710 302 -288 -528 944 275 -924 -722 -217 256 -991 380 399 614 -824 574 -833 536 -626 952 412 -734 -431 74 464 871 690 -263 361 533 944 251 221 183 565 -418 -181 -985 -454 -715 -370 910 -58 16 -741 -679 -701 -873 -455 -247 433 -668 -144 -392 -236 778 -647 -317 -567 437 518 -552 886 463 395 -371 -833 -244 729 -326 548 -797 716 -651 23
-406 -598 280 924 813 747 209 442 26 824 278 382 -580 -195 -462 -898 -223 -792 -831 603 634 883 -172 175 -288 46 641 918 -307 677 -822 26 -674 -767 -664 438 371 -470 660 -644 847 -54 -911 530 659 493 554 566 -846 420 164 963 336 57 335 -500 140 797 238 757 -233 733 -448 -80 415 -636 539 885 477 201 373 -37 584 920 318 179 -381 111 461 709 698 -337 85 962 964 -782 -685 -633 -699 -565 423 -925 803 -743 -803 -880 -253 -26 -905 -451 576 -356 793 428 583 167 -688 855 17 294 -209 622 894 634 -616 955 -454 465 -460 -89 991 44 47 -187 -169 -20 147 684 -644 -692 -497 -894 -705
904 563 -925 -431 475 283 897 -607 -250 -171 934 -350 -164 -255 964 823 58 -859 -802 -514 180 570 -913 823 795 -698 968 -672 -502 -89 -280 -658 -816 456 659 106 600 515 981 693 -221 -733 880 297 -360 -491 -352 590 -95 -949 16 -842 -777 -532 -138 662 -88 -53 -407 641 -604 -685 -941 2 -184 -676 -175 -410 641 -820 -137 611 402 221 -320 105 705 -314 -109 500 -869 969 -766 -933 -8 905 92 776 -215 -698 850 -76 -434 -697 663 -18 -60 642 -656 888 75 -837 27 -913 822 838 732 773 -308 378 -718 716 -341 373 952 337 -884 -954 167 34 849 -773 -216 -787 -309 -41 824 -841 -551 -497 949 -490 730
418 -331 284 35 -269 677 976 429 836 975 138 -955 273 949 -549 -153 278 -407 7 453 -803 655 432 496 72 -182 -384 -838 -745 -701 -877 -398 231 249 14 462 -760 482 -640 -569 872 271 131 270 977 -19 -833 -852 892 -664 908 -632 657 -870 305 -623 -35 -703 638 43 109 671 -750 263 541 -581 -422 330 -664 -268 759 767 859 -426 522 -983 234 -811 -321 881 46 -26 -572 190 -470 510 452 898 -535 849 292 704 7 -292 -88 -372 -664 -241 179 603 -456 2 -310 -374 479 -104 -60 -214 -976 -927 -576 88 -897 585 -637 27 -242 974 269 647 258 847 614 62 486 -513 906 38 -532 73 334 774 -501
-210 -931 -71 -870 617 -60 917 -489 -140 -345 -42 -92 -909 734 -92 990 270 639 -989 668 221 -855 168 705 827 266 217 365 605 798 861 -362 -644 324 659 -337 -562 -529 -737 -782 978 -762 367 -673 970 744 235 -687 723 -976 -149 -471 288 -288 899 -6 -859 -275 249 576 815 375 -330 765 -991 -685 -133 17 361 -745 827 902 513 -414 -202 -330 849 533 487 585 -671 -510 611 142 -724 399 817 85 -639 -297 617 967 -573 654 325 -493 224 -114 -604 -985 447 739 829 -298 930 863 -335 -53 -949 122 -87 -357 171 -934 -194 960 -874 987 -808 712 402 -4 -626 -296 -723 -970 412 -514 462 -183 243 386 -108
836 314 -360 444 97 370 196 -386 443 -585 -230 982 -19 -878 2 -768 -888 299 -667 -420 -816 -388 -586 898 195 929 -817 -833 872 -212 -553 765 -48 -987 333 64 -37 -242 -764 -163 619 -284 -453 261 685 769 120 703 -103 -993 -464 -364 902 -473 357 84 -326 -745 -115 278 -162 -798 -117 124 155 162 236 -427 787 136 304 140 334 4 -846 -643 -641 -896 -474 -920 -526 278 -433 -770 484 323 266 312 -289 -253 202 -184 -335 -677 -944 503 152 -75 -489 477 -676 982 10 270 -312 -772 403 -414 -505 323 -128 157 695 -26 -236 -771 -707 115 -57 -157 -923 -585 -981 -136 291 569 140 -528 -405 -285 -701 12 521
330 936 -423 254 -849 -15 -986 -984 541 299 516 253 -557 947 582 -700 28 -350 503 -992 -407 -269 202 -183 -191 -990 -3 -167 -529 -429 -585 -400 -855 -804 -944 564 769 928 -432 184 772 -615 -145 -8 703 -991 -20 -754 -526 -499 -727 469 77 311 -476 -760 -265 -874 560 -827 541 908 -991 -781 -329 -468 983 205 -810 -858 -654 218 -662 960 -92 -134 -336 -958 52 800 -503 510 -98 7 -619 203 295 242 -818 -227 207 -237 -238 -910 -321 151 -185 779 914 477 -589 757 192 -479 260 -429 -475 -438 41 26 -655 780 -460 712 -680 -934 663 -14 857 780 -261 521 -404 872 -752 792 -843 560 463 29 -731 -120 -981
801 239 979 -699 -538 104 585 -689 -596 136 903 -424 768 -371 3 -506 -143 686 -38 -718 -480 -451 839 685 804 582 322 -479 -810 -12 164 498 784 419 978 -717 -435 704 -515 309 -611 956 -763 713 392 399 -795 263 188 -390 -929 983 245 437 485 269 -361 -250 305 546 -597 67 -670 -115 -748 -881 -972 -944 -355 576 -806 750 -591 -446 362 107 -74 436 677 188 -986 -289 -463 -866 540 471 -331 -446 88 762 97 454 -33 870 968 -402 210 568 -197 -15 -952 206 435 737 -917 445 410 114 844 -850 150 779 -876 484 691 -630 -695 137 828 -94 -199 822 -122 160 901 913 409 924 269 785 -436 -502 -924
349 316 -161 -992 -46 -248 -719 112 563 -116 680 -262 -389 584 -863 -176 110 605 -96 -946 733 259 -155 -573 536 -774 200 250 -274 -773 -801 548 993 281 -418 179 -268 -134 -899 421 -250 -4 181 -581 -184 134 660 -795 -454 -596 945 -979 788 -546 -631 -756 -64 -978 -872 220 -539 988 -61 -308 669 -401 -271 41 -120 194 730 271 -86 601 312 -532 -880 -625 874 -3 336 -850 856 152 -130 -183 848 805 -805 377 431 -423 -393 -637 859 528 167 914 333 838 -974 -458 524 -653 -571 8 532 785 327 344 -618 267 -618 -202 -887 371 -160 -278 -434 -800 -434 -544 -831 -29 -725 483 -21 868 466 869 52 574 117
-536 -938 -29 330 -628 -419 381 864 886 539 -381 591 873 -152 436 77 -957 -970 -605 -899 694 -366 -962 -334 -414 -425 -723 -334 316 -4 -540 -363 189 -290 -491 77 346 360 197 559 155 62 -439 303 106 -374 -547 -582 -503 -99 608 -3 -960 727 400 -573 978 -766 -467 491 -868 905 -675 -984 -167 -522 716 641 -811 424 -563 713 924 211 -895 -486 285 770 -894 250 -928 -809 861 -528 -783 915 -374 303 553 865 -886 -623 264 189 860 -897 496 -221 -245 636 -127 -191 -312 754 173 206 -353 100 263 180 505 242 -340 -328 -35 -933 654 491 483 -803 553 328 -233 -104 -444 -610 -874 16 710 776 -663 881 -589
120 -437 -995 241 402 -552 -863 -421 -780 435 582 -991 980 916 531 138 -111 77 47 407 -37 -840 -588 -123 543 303 287 63 571 -489 -636 766 -352 345 -129 -898 -892 798 53 -754 151 -921 553 243 686 791 10 -87 -933 989 585 -184 -850 33 313 654 132 938 -737 -289 446 -870 -711 -474 701 231 -165 -105 -136 -41 100 -669 464 -761 31 166 123 -552 -699 -624 348 -745 576 -914 -236 -41 -5 -508 674 -500 101 -6 134 -457 -188 -560 -573 -311 934 -193 -638 854 -510 -130 227 680 205 -163 655 -371 697 -142 457 -562 440 894 962 -692 -802 490 -244 425 -572 67 -746 17 -839 543 679 -237 691 236 -986
815 -685 468 -779 686 -841 -66 -723 265 72 195 -459 391 -508 -117 508 -170 614 981 6 117 657 -304 420 -485 -36 744 427 792 -473 -192 -969 -137 -629 -72 137 -36 -800 -85 -501 -464 856 -744 -620 917 -968 635 -810 -808 87 -72 -187 -205 671 467 754 907 385 -130 -666 781 -779 336 -198 384 63 -961 739 183 588 -854 -805 -730 715 789 -934 125 -951 641 -684 966 -619 -441 -677 -409 -541 1 245 -827 988 -698 -7 773 -686 224 499 224 -623 -596 695 146 656 -291 562 367 -985 524 -964 -781 -693 -575 57 -604 -939 -633 -210 903 -767 -897 -303 -661 1 -413 -790 -362 801 916 374 -758 -874 -589 410 -637
-208 -119 932 863 975 772 572 -965 513 -514 -422 550 9 -69 66 -475 619 -209 922 -285 -396 -823 188 -495 -233 336 -938 97 962 -215 63 -917 351 2 36 -613 374 446 -447 -520 576 -851 -805 849 934 871 217 213 -840 278 -173 -337 -327 -499 -13 -195 -280 -168 521 860 -342 -431 -518 497 -862 -756 488 294 -334 -352 124 847 -581 899 432 792 49 160 -647 269 -70 232 -606 -139 -747 -494 772 876 103 704 545 76 -432 -544 912 -201 572 891 354 676 278 -322 515 -861 -649 -46 -244 302 492 26 85 -513 -107 -72 9 -792 -278 -755 802 -637 920 236 994 -682 601 -567 979 306 -446 403 -345 345 86
186 -167 681 343 223 212 217 284 -248 866 895 958 -660 -772 -596 -659 577 625 725 832 -337 -526 63 -390 -464 618 -203 -761 -601 -806 -791 -331 587 -654 -187 160 382 -212 205 502 238 243 -493 -999 -889 193 293 -285 802 -523 -137 -285 591 899 761 -379 -726 646 902 48 781 -575 -600 -615 -462 -301 554 693 851 808 -932 556 288 -68 557 -759 284 986 -312 -354 933 899 -771 -364 510 -773 122 -544 394 -451 -586 -767 359 942 -741 629 581 959 -627 -501 -862 988 -165 180 771 641 945 643 -655 -516 567 83 -867 190 458 -296 897 -821 -123 -595 -27 -846 12 492 -21 -42 -636 509 -392 -342 -910 -346 -977
699 879 624 -901 935 981 202 472 -853 392 215 -609 618 -45 -670 524 618 238 -462 14 25 -806 632 907 -131 -519 -587 -819 -392 941 -711 -131 -102 763 918 -422 -912 618 -813 870 -885 -210 -516 526 -180 476 -393 644 427 -118 769 554 -298 -491 375 -452 -74 493 337 -357 -994 849 504 -222 669 -654 168 -393 -717 -345 929 -913 -161 893 759 -738 951 -167 -438 -261 577 -69 -384 684 190 880 -131 -462 -825 548 757 -941 -577 194 -168 -896 24 -309 -612 99 -863 766 793 280 -499 -247 237 -252 -321 429 416 150 -639 583 -863 264 -188 -544 351 -783 194 -749 853 667 975 -490 -611 -67 -274 -969 773 580 288
-556 -898 947 295 -889 737 -861 -312 28 716 968 -737 -159 250 483 -500 -439 497 -275 940 412 -555 103 435 191 506 155 964 -501 -314 622 307 -755 261 -812 -15 889 -26 -832 503 412 291 343 -353 429 -290 288 155 -594 230 362 744 -443 -887 -582 -131 -623 -301 207 46 860 805 -284 958 412 -239 -143 865 -251 98 -2 -657 -257 968 870 564 223 704 -445 -396 132 -77 -500 636 -591 789 -184 -124 498 -51 173 704 -788 613 -390 -906 630 679 -659 -39 606 -265 -862 596 -711 -352 984 899 -549 582 -351 -293 735 699 647 890 467 -467 486 -423 -556 -164 -327 14 -863 -775 -812 701 -850 -998 651 -865 968
-693 862 859 208 -578 -909 336 -587 -461 14 821 -974 -813 -754 -41 50 373 615 738 539 -477 935 219 -786 695 887 426 -471 799 -79 309 183 -799 585 -650 -730 -121 857 -209 -862 -965 -900 164 946 -978 -89 855 -641 -911 -977 530 13 7 -293 -68 -665 290 -121 -354 -277 -134 -575 -833 -145 -84 -620 716 -993 751 207 131 389 226 -318 142 739 -367 -892 222 895 -346 403 301 796 -85 -871 -763 97 -466 -265 -561 -840 270 -687 227 -475 18 -779 -786 -144 505 -775 66 -798 -932 849 919 -56 703 154 735 -329 374 230 279 940 -540 -332 -646 926 -113 -549 -480 -365 320 -957 -93 811 406 608 226 957 985
-708 -738 -947 -916 -657 -815 790 509 605 895 281 582 -659 757 -862 -411 -446 -626 292 761 8 -891 241 131 348 500 -121 748 312 -613 10 181 906 -772 330 -376 -321 -702 513 62 -511 -910 971 27 827 -198 786 515 -27 -793 646 -992 641 -558 245 -789 848 378 604 231 465 925 842 446 375 591 -211 -685 -858 365 76 759 -134 588 960 -25 597 971 -256 866 883 775 503 -792 -998 -388 340 109 243 857 526 125 -240 -740 -430 618 -215 381 -629 -47 39 423 60 -37 -52 -624 -179 559 253 138 175 -379 -50 -702 -146 -331 568 278 -846 -275 697 -924 -718 -751 696 173 -474 413 307 296 406 758 711
-973 5 -145 -581 116 -700 72 938 -723 -396 -272 443 14 -244 635 398 725 -350 110 262 112 858 775 941 995 889 122 -279 741 -332 950 -551 -843 922 -137 -741 -470 362 -332 -514 759 179 152 -562 29 -730 -850 497 -693 -854 -731 493 993 -708 -173 740 -222 -784 710 -482 -40 920 101 -255 849 320 358 655 839 -140 25 -339 -691 -977 897 155 -731 113 -222 356 -754 155 981 292 651 650 649 -623 783 -866 -668 695 4 -986 696 -588 604 -70 528 237 -594 -875 233 299 258 -611 -594 6 -744 511 795 972 753 -196 -541 749 721 -726 93 -666 829 -360 -631 -535 271 -621 -479 661 984 -290 -22 39 -923
-991 522 -643 -918 192 403 -269 986 -266 605 -420 -551 175 -990 -130 -663 -977 -733 -966 -160 -606 584 -218 -373 865 677 -55 -821 -754 -200 -317 -754 620 398 -90 777 941 -539 949 -415 -647 -980 -488 -71 -776 311 -759 117 61 -961 94 -915 -160 -314 -669 -355 -234 -344 995 105 -82 909 -957 510 970 971 -629 996 -728 488 434 -657 -115 781 -763 565 -179 390 -717 986 425 277 -824 310 453 -521 68 776 116 -258 -392 -475 -605 430 -164 345 320 803 -177 -883 709 -945 -132 -583 36 -302 758 641 160 -430 96 -533 -59 778 348 337 -426 302 829 -366 1 428 -470 -989 -287 -882 290 418 -976 -164 631 987 -265
703 921 35 -541 448 848 -702 -746 479 180 286 -825 -720 492 674 422 -881 610 29 -208 260 672 -137 -660 -462 969 286 192 489 -410 -545 -909 -677 -917 -287 -593 284 -955 699 -798 18 275 -907 -222 876 190 923 586 191 -921 -162 262 -757 171 -907 935 445 261 -334 -269 942 336 -1 -676 -72 359 -202 763 280 -564 -48 -631 -962 -559 -795 218 802 -234 -526 -602 802 127 201 -651 134 -431 34 631 -892 554 -561 -147 -754 778 270 791 89 257 -793 459 -327 839 661 -194 633 482 930 -845 86 791 -38 -162 -837 640 434 323 -121 -698 881 527 778 315 300 194 447 23 832 -776 -589 798 -808 675 676
538 -529 231 -572 -391 383 -399 653 885 -392 565 430 -276 924 -462 900 -115 -25 -108 -380 -674 716 -538 52 -740 -166 -622 489 -177 -995 -521 267 -983 -239 950 -283 -772 -46 -327 505 -619 -898 -113 432 217 556 -408 623 186 -970 522 325 166 178 -834 513 316 271 490 144 571 890 -564 -364 -471 223 879 608 941 -339 -707 719 -70 466 914 -267 -535 -106 -520 158 -318 -668 -28 834 742 243 813 298 763 19 -652 732 837 -382 -476 -815 -866 126 -728 -472 -894 -299 915 -412 -375 -232 -288 592 513 -290 630 -429 392 -475 -105 -146 -221 35 -458 563 -834 -838 -605 -513 273 522 101 -808 107 -319 291 -190 365
701 894 -150 -235 866 638 502 -27 -729 -537 196 560 715 -809 782 753 949 47 639 872 905 988 -48 -830 438 98 267 580 636 372 49 83 -597 514 -681 787 486 207 -102 -295 -377 -291 -349 367 12 616 -42 677 879 -116 -284 190 371 35 -575 558 666 447 48 141 -973 -640 474 -648 -655 627 829 -107 -745 376 577 -223 864 430 598 -375 -165 909 841 -207 -589 -481 -187 -189 172 -916 742 951 -103 -960 -886 -629 155 -37 272 304 -908 -298 402 -670 -982 829 -66 -767 -169 -195 95 -848 -580 -918 -292 -694 -762 141 -474 -676 681 554 197 -526 -600 842 540 690 -41 -311 -664 -1 56 61 -328 -69 113
321 -330 -563 943 958 -956 -694 932 -587 786 -221 555 -149 252 267 476 305 479 -124 -885 -561 -852 437 379 397 -443 -439 -144 -450 69 -442 -254 329 316 41 414 37 936 -629 470 352 -961 -430 -216 -756 -359 -665 -20 167 -102 799 -234 -859 -195 968 -180 -964 892 834 690 -148 187 -9 449 697 -475 -584 -746 -26 -609 454 390 256 -904 -422 -961 -604 -926 -351 666 -370 -566 472 589 -657 -350 575 -163 -7 737 509 -880 939 336 -367 -256 756 -523 -400 -708 725 -52 -641 520 -248 993 -674 405 407 11 -993 524 -86 -174 595 611 -319 209 -816 -126 634 311 256 -65 -177 -905 216 -91 335 -193 627 -237 855
-59 91 689 557 189 420 478 585 -120 -859 389 960 279 291 957 735 237 -132 -849 96 2 669 -221 380 -365 -799 579 -467 247 214 545 -177 29 -499 -556 819 -783 382 -402 -402 733 534 761 564 -692 -738 -593 589 346 393 -327 -478 71 -71 495 -169 58 399 510 388 -158 -819 -616 -735 -184 570 790 -963 -864 -351 648 267 623 374 -628 -630 -90 295 573 592 12 922 739 818 -870 -71 248 402 -401 -874 -37 -474 468 924 237 -671 -630 69 -887 -800 383 -126 -287 563 -976 58 -285 133 520 737 -966 -694 583 -844 -255 277 -594 -545 -350 -221 -666 -661 221 375 -16 519 -396 835 935 210 371 975 482
915 189 -582 165 69 321 602 -761 -430 -612 273 335 346 728 -322 -105 -800 -223 605 867 945 -376 589 -901 -606 209 955 -509 -266 -313 768 571 441 288 868 -653 -293 -773 669 -505 -100 -283 -520 -952 864 842 818 -646 416 25 -396 570 989 -431 313 584 -479 -265 126 562 -668 634 -523 81 -616 -723 469 -20 -879 611 81 -566 836 -246 -653 -314 -533 -819 117 123 -845 -979 -132 -306 882 187 -430 -405 824 668 366 408 993 334 290 102 -573 -998 49 805 907 -321 891 407 -642 -370 -746 541 223 453 -517 -915 396 -381 -886 37 -11 346 698 -582 -838 18 481 873 960 9 -339 -850 -128 617 733 643 123
66 590 944 750 727 214 -335 -498 661 -985 -779 817 -116 -416 -766 -983 -78 278 -394 829 -435 666 -567 741 287 -633 446 178 -465 187 -200 231 -399 -496 761 -616 423 341 -10 158 224 -515 534 -555 -305 500 905 818 40 -246 838 -733 691 -835 268 437 194 231 522 124 -177 609 890 -669 -225 -190 -793 -176 -605 105 32 -829 749 -621 -427 -693 511 985 -626 181 990 9 -533 66 -986 815 -538 -125 -616 -17 293 -236 111 578 539 898 -784 -933 -386 -534 -114 -571 707 368 653 523 437 -440 399 -349 -59 -267 -581 296 428 -532 -373 338 411 -396 36 -284 867 172 945 -462 401 248 40 -179 -495 -38 -530
589 -877 857 198 -70 971 -687 356 550 786 -698 -816 986 -981 -10 -570 940 416 -549 -229 -678 170 809 714 21 574 -502 684 669 -235 771 -347 837 501 403 331 -477 795 -312 114 -810 314 -19 435 100 -20 -460 875 831 -521 236 -369 -492 539 383 -274 976 -728 475 78 110 -451 -501 920 225 -821 753 -960 779 -296 770 301 568 943 126 -825 -230 -668 714 238 -719 -411 -948 -906 327 -852 -958 624 837 -510 960 -43 -266 862 468 -549 -602 -838 856 -598 -394 -810 787 792 -385 470 -548 -720 240 -378 -52 818 -923 -738 46 500 -890 209 -298 -107 874 -673 172 -910 310 -309 916 -206 -233 230 -566 -852 727
-838 -657 600 -690 -605 731 899 -775 55 -226 -980 -80 215 423 -917 -842 -115 943 641 866 261 51 363 869 -471 125 864 231 -892 -898 394 -285 24 186 -639 155 410 287 -477 -967 619 -109 544 -476 946 650 -847 -885 885 577 -344 -463 471 26 483 325 -437 52 -214 -772 790 -170 408 -178 -765 743 823 -230 208 669 276 -362 -443 273 161 359 -251 123 681 -423 92 -288 558 -693 -583 276 878 -261 -170 205 820 -791 -366 -986 203 -245 -49 -116 766 -259 391 -455 634 -846 378 26 -875 91 -558 447 -313 35 135 -737 -538 -427 415 838 769 -166 -3 -4 130 211 -918 -270 -666 -225 961 -20 -727 -343 -588
-522 -342 274 -499 532 878 -682 958 874 688 814 570 612 -442 657 220 -205 -465 -505 277 533 -120 796 788 -657 638 749 349 138 845 -317 -276 984 599 457 -334 97 -431 651 -770 -50 935 637 -888 -719 -32 -187 262 -929 -740 -586 81 475 -663 554 850 177 -699 459 -954 795 -546 -626 -623 -125 837 -628 110 -762 -783 142 517 33 720 -811 -555 -405 -599 612 768 -97 572 826 -122 612 -214 96 -902 -853 -367 -549 577 772 256 574 -344 -340 -679 207 -795 71 -780 -636 -74 951 528 -342 -938 951 -28 258 -642 262 -156 -248 72 867 911 -223 654 -911 -427 737 577 151 966 775 -378 -249 -90 -587 -726 680
-676 -177 -217 -413 -214 159 975 -473 -186 -765 532 -631 -89 -140 -790 731 -660 515 -28 -713 -618 914 -437 -247 -827 685 349 727 352 -269 -942 653 -818 -315 298 969 578 665 -413 320 -732 -533 -250 -661 -199 945 -80 -590 -620 970 -978 642 534 -862 770 -162 849 964 67 944 -485 349 -719 -870 -626 -471 -779 -370 -692 -948 662 742 96 -369 -312 -560 -1 -668 991 -598 717 584 194 502 555 101 -53 922 94 689 170 311 124 582 -711 243 304 -529 603 949 -787 -757 749 765 46 -783 510 -35 107 593 955 152 313 -413 403 966 777 862 217 -511 896 294 -568 703 -474 99 -847 140 -505 155 543 290 232
-709 588 -424 324 343 188 -235 -412 427 631 -528 924 845 501 -330 -334 866 -159 390 954 -7 256 492 -387 -744 -709 -728 -632 -783 183 826 81 384 -970 -739 -780 -172 374 573 779 919 -472 934 636 332 251 987 860 276 103 847 -719 -371 901 -765 -298 792 155 -195 935 677 358 689 924 13 0 -82 -861 -148 913 408 -186 361 385 -738 -405 851 11 1000 874 -614 446 -146 -839 935 -723 599 339 -824 854 -659 -152 -660 224 -247 -290 -857 -739 -303 5 995 -817 587 648 340 -313 748 -818 22 -488 657 224 805 -22 473 -58 -535 -5 -899 667 252 304 -467 623 825 -103 -23 346 -942 818 -792 -163 94
-491 57 -795 -899 669 147 -791 474 518 -117 -589 -676 -16 -590 -516 -120 178 8 -257 999 -564 -271 -561 -224 228 546 -108 -495 290 969 -527 -113 -249 38 -175 760 -408 713 720 641 -583 329 -874 193 -252 -514 382 -279 760 -468 -667 654 750 -515 -419 -283 -217 -118 593 -183 402 -890 915 -164 426 -841 -175 -280 747 -591 471 481 -203 496 -435 -567 441 -959 961 303 768 78 -768 -283 -5 -347 525 956 -699 -379 -428 622 -795 -124 904 -440 -160 207 360 -334 251 -146 -511 -212 -98 -493 -979 -729 -381 -369 633 -610 -66 -350 -652 -161 359 573 483 -103 -526 869 129 995 -528 39 340 -329 -370 -46 -485 -950 -837
-251 595 -328 72 -762 281 -752 727 -36 25 410 -74 666 -379 -863 -619 -343 -462 -175 -958 -271 588 797 -586 339 -838 -883 89 357 -772 -157 928 -805 -111 -551 -473 990 85 696 -327 364 -521 503 -564 365 104 -802 730 317 591 -794 -983 506 154 688 -484 -340 -321 -434 707 -453 -495 802 958 -30 -322 577 -145 -545 21 755 300 -61 421 633 132 -468 -992 460 105 44 654 878 763 662 206 -801 102 -235 -776 -993 865 665 109 -598 -408 -529 304 21 772 395 366 244 933 981 -56 -747 817 13 -751 -244 -809 -980 -621 988 -36 -199 -228 -737 -521 -412 438 386 -136 594 -459 -304 -670 -42 697 -886 -822 696
195 -928 983 -507 612 494 681 -157 32 581 -505 687 -430 -828 801 869 -23 20 131 -501 -864 765 378 -277 -740 -328 -447 -949 318 -734 -923 -358 -280 666 407 -823 988 728 -769 83 -720 937 -706 507 -946 139 -100 -959 72 913 -769 64 360 563 -259 311 614 166 569 -111 -653 115 -743 -380 81 -521 -72 595 -475 967 856 944 277 605 351 450 -164 835 -94 926 -259 -933 271 309 -92 -328 -300 234 999 -707 -259 -994 -101 400 314 890 659 -485 -369 -184 228 -33 -650 79 580 -588 -961 -935 240 434 -121 418 -772 117 310 479 998 145 -350 -311 852 898 946 693 -965 -482 957 -223 897 633 -144 -131 378
708 254 -669 63 212 161 4 -2 -214 143 33 666 100 -375 658 402 -624 349 -137 575 280 459 25 551 623 -348 796 0 -122 -2 -796 398 523 212 -928 -628 158 -806 119 441 401 -865 878 -998 668 395 -477 -514 -357 -793 -23 -401 -876 524 720 -973 -296 628 336 -862 -122 -163 34 354 358 732 411 -737 697 46 134 102 538 345 -691 128 -159 -559 -924 -948 -220 198 -62 -875 410 -53 -692 -973 94 -799 -320 829 -676 -286 -325 956 635 970 -665 346 311 288 885 -455 586 -606 -30 721 -746 222 937 -415 497 749 -986 -985 -770 473 498 74 820 -304 640 468 -883 -879 594 -98 941 -621 -807 675 -835
-204 -569 422 -909 -465 818 576 -816 311 -808 817 789 -528 474 -104 643 797 134 190 526 467 661 444 -947 253 749 12 -384 -439 -524 -163 510 -785 274 705 -869 2 -415 -47 -638 943 84 -368 213 -510 593 924 622 697 -884 33 992 -736 514 999 -289 -374 159 828 585 -895 -132 669 95 885 -280 -211 -556 912 -718 472 33 395 48 241 963 -119 -832 552 -558 801 -840 663 -18 -999 891 -917 -168 -403 955 -240 906 -785 838 -186 580 -55 431 -225 -668 62 569 -390 337 -786 578 -246 644 8 618 111 516 -566 798 262 -179 692 -59 892 524 -646 599 -114 153 616 789 972 -640 -912 -71 379 -866 -546
683 154 -954 -387 -452 -579 -99 -845 483 -891 -328 -457 50 -480 -241 787 -780 -308 622 -892 -955 -361 984 -578 -834 -653 -711 301 -357 613 230 -154 635 -148 -189 380 -268 702 849 -370 992 174 -127 605 280 -822 74 620 955 -191 995 -944 -454 338 845 471 -940 895 912 965 393 337 -543 -983 -195 133 -68 -418 236 291 612 589 -236 -881 -668 -336 -461 -952 -399 369 654 830 -482 945 -710 -526 -213 -443 -821 -283 -388 -341 -425 -606 -255 -998 -842 -745 583 -25 -743 -162 954 -556 -748 -293 -587 291 41 -930 1000 312 321 808 -987 60 378 -390 -809 414 152 600 735 308 -855 -675 588 -241 -38 536 86 -260 -17
-524 423 103 -685 134 743 682 -644 -33 755 -941 -855 610 -279 -892 -660 575 259 964 62 -995 -387 -317 -109 438 -91 -214 315 -644 174 849 290 -919 -464 -134 869 -27 -513 -454 561 177 903 -680 -278 -144 401 526 -764 -507 229 781 562 -154 -52 557 745 624 -16 833 -945 -59 946 -647 646 641 583 -975 575 -342 401 791 700 22 662 650 231 838 -753 -611 872 -593 943 -885 -137 -871 238 -43 -690 593 -751 -793 -406 233 -713 488 -434 -464 962 64 -124 -388 48 116 785 -670 -426 541 260 -456 -920 742 843 211 87 244 -47 730 231 256 504 971 -436 224 -865 171 209 164 816 217 -412 -437 -327 844
-367 38 -12 -277 890 -668 230 -37 720 -467 -960 403 896 570 805 859 -339 -399 169 995 309 -33 -542 -176 835 -386 -785 -143 -463 54 -63 144 808 -928 -503 563 694 757 -592 -862 -326 853 989 804 -530 -605 695 -446 514 -3 -377 365 49 666 -312 -229 722 -20 -50 636 -339 118 832 859 -664 759 -380 416 350 -413 -122 -846 -389 -990 -348 505 -138 -94 217 -622 666 616 -460 -724 915 196 -204 144 -830 626 -78 349 781 -995 795 145 790 -818 -391 -77 -506 930 -547 813 -858 -615 -181 -280 874 667 -879 -497 570 165 53 86 -737 257 907 -77 758 -956 464 122 -93 -720 -250 518 102 938 -916 -157 -349
390 -408 -231 -848 766 324 -781 768 849 371 766 6 -216 670 -259 105 -139 704 -279 339 -220 90 917 -955 451 467 927 795 -994 -288 499 631 -253 156 -118 621 -956 612 -977 -102 -614 898 -718 -574 999 -189 -266 -651 548 215 693 493 -455 869 563 614 267 120 -225 426 -353 250 742 840 -483 572 914 -192 111 895 624 910 -263 -174 799 65 -861 -72 452 279 -382 293 -117 -857 165 -827 280 -790 186 569 -53 -58 -80 543 -479 -679 200 -868 391 -177 -475 -519 810 287 226 -488 -38 -408 50 961 -579 -508 387 61 -417 -954 -292 398 -281 581 -555 249 117 421 -602 417 -120 -66 520 705 -324 955 887
-538 -512 34 -823 -553 902 395 984 -286 995 958 811 -476 534 -83 531 420 -603 -708 481 92 547 -743 37 5 -898 683 17 -369 -603 -949 75 -374 -761 361 82 755 -201 -115 184 398 171 -341 -866 621 195 898 -403 -982 806 -399 240 -953 696 438 703 959 -823 245 -681 328 -89 -767 645 -88 -77 42 -431 385 65 -557 535 987 -727 398 144 -628 154 359 -33 630 510 794 264 -611 -103 625 -837 -781 571 814 -402 386 -779 130 -216 -442 -520 -121 -950 -363 553 -512 264 11 752 -741 -27 950 -800 640 669 -821 -191 906 -405 -237 441 -690 -101 -43 -727 -436 -998 417 -989 49 633 -218 618 -506 -943 753
-671 729 880 948 -554 -121 97 190 696 130 794 828 850 -396 223 -116 316 -271 84 -391 439 -750 -321 -664 950 595 -980 942 860 -886 74 204 832 354 514 -952 605 244 360 681 694 625 699 -594 -281 -769 -762 -436 710 -147 585 675 712 132 129 171 -544 700 -605 -384 259 552 -887 487 583 287 739 684 666 552 479 106 574 -671 707 678 98 524 -714 -360 924 -345 -194 774 -254 806 -555 -817 279 -609 -459 529 691 370 -494 520 940 -317 -857 -604 -320 997 456 997 -171 -107 -138 -938 -329 -672 -974 35 640 -478 -135 -344 743 -708 -883 -729 -241 161 -716 53 703 941 -983 -46 162 659 785 436 -571
737 424 799 334 -606 -982 499 508 -128 -227 -975 905 -589 -981 219 -389 -21 -338 -8 -326 646 468 -528 -403 -658 818 314 -659 498 -235 368 -693 -737 -253 -309 749 587 -160 929 419 -33 733 935 216 798 -630 -268 -972 230 124 101 190 -671 -358 310 815 136 -975 179 -526 981 -904 124 487 708 958 78 55 214 399 -844 657 -47 -763 -23 -77 423 -950 232 -187 -800 28 -718 495 135 810 -693 458 -241 -549 482 -668 -640 -386 -437 205 210 -693 -869 -898 -828 -632 383 938 -790 -776 282 493 721 -321 -55 273 207 800 -876 -689 -772 87 387 -782 -969 914 -262 -521 -601 -102 -381 673 863 -721 886 601 860
-590 -568 98 -162 492 430 -438 752 -741 -100 -899 -234 -226 446 -668 -61 -987 865 618 212 587 207 31 61 192 534 470 829 943 -972 633 560 -130 162 780 -111 772 -887 -561 634 -251 373 349 778 -8 -476 -943 833 105 -165 200 -997 -325 694 -271 -90 -219 858 -255 226 -851 649 500 -891 419 560 461 952 -12 -352 271 -111 -881 760 196 -323 -925 -37 906 730 -681 195 -754 382 532 50 -768 808 141 -287 470 881 -369 343 -611 206 -813 -889 393 -827 640 -137 798 714 573 232 503 197 132 -185 -204 -191 978 -321 49 -125 -117 -568 432 725 -213 640 633 558 -761 100 -280 -944 -750 -228 -652 974 -692
353 -432 680 -572 -69 -549 276 -402 699 930 491 -625 353 -524 -67 -283 427 -490 -846 -172 603 -51 -882 -917 -828 -919 -289 -27 -735 466 102 988 -350 -6 480 87 531 -335 48 -636 59 -296 395 849 766 429 -720 628 63 21 578 635 214 104 -29 -194 922 -923 -482 -16 -757 -634 -639 660 -242 -721 406 -21 54 -800 -84 -868 -709 -470 503 -771 682 894 -32 142 633 305 -406 37 -411 -196 291 467 122 63 499 -986 286 309 980 -424 10 -237 93 -652 694 -581 -403 -600 192 -819 -271 118 457 540 210 -59 -324 574 -146 629 604 -115 -191 512 -775 -980 415 75 -530 675 -575 -36 -822 155 -518 -811 -807
-43 533 798 574 -764 -227 417 -753 -149 456 -385 205 -495 81 -912 -753 657 369 -312 730 622 -167 -908 -337 -972 -210 -860 -223 697 801 563 689 -461 938 -767 72 -541 -448 -367 -144 671 664 958 -913 973 488 -823 609 458 -393 -834 -878 379 -653 981 149 -389 861 164 643 -124 5 -415 595 -951 -866 676 -158 927 494 -981 880 -229 453 312 -105 646 -553 997 328 110 -41 40 -989 22 673 -575 -429 782 -588 736 981 -3 -645 147 -877 -262 -937 701 -623 842 -341 -685 -974 -172 -845 -768 392 -95 -383 -184 -634 -241 -315 889 -908 628 -791 -547 -33 111 822 28 -374 666 391 -977 421 -532 440 -929 392 -709
-998 -612 -212 590 -650 953 -218 80 683 -987 -751 193 -298 965 55 679 -723 60 -997 131 920 124 614 -162 988 934 -691 81 -811 142 -869 787 832 170 -64 877 290 601 709 378 841 496 -773 -614 173 207 912 694 -223 339 365 -899 268 804 -162 -643 -369 239 734 -962 307 -978 -33 8 816 914 723 -652 -372 -925 315 -704 -754 -530 601 796 -130 -883 -13 786 59 -459 -601 -877 -792 -359 -107 891 948 -5 -226 902 -540 483 -217 -275 703 392 -390 585 -842 -261 -199 904 -193 -157 735 -868 349 402 309 -848 -275 55 798 807 46 -915 -224 829 -482 -351 -1 -97 -514 -255 -472 -378 17 287 -121 -306 982
84 837 853 159 -14 -943 942 526 -942 -438 -507 -165 -276 598 -594 -236 517 -398 630 -702 -973 -553 347 691 -101 -155 855 -70 955 -401 583 31 548 -14 -405 4 -385 627 774 677 241 -988 -188 507 -791 -381 203 -707 -714 -304 955 19 373 248 -593 521 -89 466 -395 -243 546 470 -998 901 -642 -731 -306 495 192 -535 631 -937 499 -870 -174 510 -734 57 900 941 466 589 670 391 -244 455 815 -861 552 148 259 222 -219 -448 649 220 -874 -655 -125 -297 86 503 -281 -378 -20 -771 434 -741 -807 -372 -389 -775 94 -611 -491 383 507 -247 -241 -554 -973 -801 406 867 699 48 -294 505 -176 347 797 654 -136
-128 -296 184 -944 -541 632 -620 -331 -432 -971 -509 -417 469 -509 -622 -553 432 322 -412 -934 -283 752 -354 -843 860 -513 -690 800 54 -64 -903 679 -166 -82 912 627 -128 -808 270 392 -280 326 -639 663 168 -3 -366 -620 721 141 739 -878 -740 983 -156 602 -217 -356 -239 586 -410 305 -36 -390 -201 -737 -494 729 886 23 -947 950 -406 274 -394 -948 -294 -986 916 -923 432 -524 181 31 440 526 824 -165 756 775 -811 450 112 -669 954 -126 108 -195 883 583 -436 -537 292 -811 856 220 198 288 928 -670 204 -114 -208 795 -800 -987 -628 -262 687 511 -520 -542 94 220 311 -886 -456 -954 142 845 -875 -465 -397
-145 984 102 631 -183 -315 521 494 -507 -147 421 -233 661 -665 -984 172 942 -883 -425 488 -110 -896 -628 -497 11 -71 -328 831 211 510 614 689 224 540 -945 -948 13 903 186 -42 180 -100 331 504 -344 142 -532 -291 -242 245 -566 342 -181 -224 -314 349 424 -734 604 -140 -925 -608 48 394 -768 758 -716 -391 -964 -447 -554 -49 -430 700 54 -842 -218 858 246 882 -178 -404 362 535 17 224 -354 101 39 -489 615 673 592 929 -31 465 -398 775 792 707 -950 869 531 826 835 66 938 -986 964 733 -360 -912 -909 342 -901 -433 -649 -938 392 -279 -148 -388 716 762 -528 -396 -82 634 -374 -90 -480 366 -86
697 -876 -115 987 -446 -438 -371 -971 -131 487 -422 -464 -250 178 610 -606 -539 -103 -352 -599 932 192 -590 773 -2 -711 329 -900 293 975 -226 337 176 60 -340 -625 79 -837 749 431 -691 56 -476 -647 241 -109 228 982 -943 -365 -933 100 -957 -681 719 116 -47 936 -92 445 681 -694 -954 3 -338 -735 -887 466 -610 64 187 452 97 93 -669 466 283 -303 104 663 206 299 -160 -704 159 276 196 -416 -365 541 732 384 -987 -572 -276 -556 -329 454 858 -296 -429 622 -405 -439 -755 -772 -166 528 247 -304 -300 -903 320 -811 883 658 -310 -548 868 -17 742 -979 535 330 -449 -110 -61 -873 -241 319 -253 6 -542
953 305 -510 -507 -473 -83 -842 -950 -122 507 -769 -261 518 838 125 633 -654 965 547 912 -355 -600 621 1000 551 318 529 315 944 311 -801 -434 -957 17 -542 -498 -477 257 -136 456 852 768 -50 612 -832 -912 -411 -401 -710 761 -159 164 -881 660 655 -313 -56 -253 -650 -306 -356 -309 -473 395 -461 959 127 -518 229 -518 -277 276 480 728 -262 -914 -519 818 494 209 457 997 924 -890 345 -754 -556 190 857 -732 602 971 -775 113 914 63 315 -866 -789 207 -161 459 626 -637 926 472 407 -323 -509 434 -948 835 515 333 -646 635 -643 954 190 194 429 -42 321 -312 -822 400 -59 -436 319 -956 -805 -544 855
1000 753 -39 -751 -302 -696 -811 547 900 -508 296 699 -315 637 -203 -287 -483 -237 214 584 477 -274 41 -701 425 467 407 -92 659 226 -511 704 805 332 -151 542 -261 179 458 622 251 -727 373 870 529 -198 154 824 587 -874 -209 -913 237 -346 992 -568 258 432 819 446 593 54 310 429 -344 -392 88 488 -489 -774 704 54 -309 -480 -82 871 325 789 -995 -619 230 -37 -639 6 714 -83 -926 93 959 657 101 400 448 -151 -876 -524 898 280 -983 -124 -886 385 -292 -895 968 235 262 115 -443 770 -590 -210 -363 -329 127 -624 968 103 -412 518 755 297 481 110 -747 -928 301 -296 -759 800 -607 422 -152
-418 593 -286 631 -320 -142 174 356 52 -275 278 681 189 686 162 -101 7 121 -57 658 -180 -758 830 -332 -241 247 572 784 901 -108 -288 804 563 -973 236 -196 179 342 651 872 336 962 720 296 145 338 655 -474 227 357 197 -912 990 581 -47 -911 777 -891 134 -644 810 -954 -647 -700 870 790 981 10 790 -875 766 35 74 -331 -558 869 -697 -18 747 191 -227 684 -366 419 -204 214 637 768 -476 587 489 496 -781 490 -829 -6 -488 702 -576 -299 -641 -716 700 -981 -170 -69 -625 -427 804 999 -228 -408 569 370 851 876 257 656 918 885 514 221 473 -720 -412 53 -558 -740 432 -673 -128 -462 241
455 -184 146 -664 -409 123 -517 -533 -879 -29 695 29 75 -596 481 233 888 495 -124 360 -225 -150 -799 978 -902 123 364 721 -131 -133 836 832 785 1000 -915 -397 -404 586 444 353 287 135 302 -437 284 177 821 944 465 -627 -880 121 -122 -192 646 -800 414 -606 -225 862 -579 916 191 945 -105 -947 496 732 513 -176 91 808 -506 969 482 825 312 -537 -915 491 609 -412 591 971 980 14 916 274 357 506 521 -964 178 319 792 983 -867 621 719 -633 263 481 492 646 570 880 -265 585 50 -16 -292 253 -390 -42 -605 416 -129 -614 -754 -739 -461 408 -34 -689 -176 495 -797 614 950 876 510 -40 579
-719 948 -66 590 -162 769 -881 -64 -831 390 827 512 42 450 189 -310 247 776 -493 -933 911 50 26 123 826 834 483 -425 77 -239 978 90 -156 -58 437 39 -345 -220 273 838 239 -864 839 -760 -174 -770 342 665 -519 119 347 34 339 297 -877 -617 163 -165 177 -365 437 -213 -486 -242 574 423 -627 553 464 -236 97 -314 76 -802 7 -426 146 -292 -881 0 -556 575 -810 907 -982 823 364 889 206 -686 644 -48 615 -622 -348 373 -781 -934 492 -169 -627 965 -828 214 270 -606 -226 574 -97 -576 -725 724 685 -814 554 -645 885 224 506 275 -673 -150 -656 -17 -424 -71 -636 -782 39 979 -442 -474 -207
74 318 248 935 -605 433 -77 717 -722 415 743 -170 -441 425 -746 -581 167 -287 507 -518 -585 -742 55 -389 579 334 -743 926 743 -131 777 -240 -263 -829 -350 -883 370 883 298 719 922 351 511 708 -785 -918 255 861 -654 100 980 275 398 388 -614 133 -971 -987 -145 -852 -279 551 -442 239 564 262 -249 562 -443 -776 -698 969 872 959 -401 -437 848 -162 -517 466 355 345 226 830 -670 69 -323 -71 -476 -322 -458 -843 638 -201 -353 -654 -879 -388 -581 -36 895 580 -739 192 -597 -942 -469 -961 -723 -565 -338 156 767 -526 745 -961 -632 -354 -316 300 -190 -3 -860 893 201 450 600 -740 402 -343 290 -387 -779
-836 -496 120 -423 -450 231 -444 299 228 -741 -673 -757 500 -211 26 -413 85 386 -511 -844 -810 459 -535 46 -102 -410 833 172 -383 -319 -277 538 -781 -410 228 565 -779 263 -81 893 -339 -937 592 -519 754 35 3 807 -291 459 -243 46 588 177 251 -510 581 -3 407 -909 440 538 89 -749 909 -879 489 -526 -244 96 -94 504 731 -634 -46 -658 66 334 -321 -599 986 565 452 -604 -156 121 -376 840 231 -15 207 107 369 -445 826 -637 -434 262 -22 293 118 676 -14 -97 -863 -901 -886 -802 822 -831 832 684 513 770 -391 -423 -702 -568 741 165 82 661 720 232 609 -33 -124 990 -485 392 220 -670 -215
345 -412 422 -813 -885 -628 524 -717 -158 555 -875 501 -393 16 -461 -358 656 4 732 -420 -834 635 638 908 978 -902 953 679 -900 18 126 407 -718 970 -750 981 122 -341 -34 -403 -700 -44 839 -998 -89 990 453 -480 -153 250 850 -616 623 903 -512 -874 464 -976 215 470 -570 -495 -549 565 -653 9 614 588 -645 411 -729 487 -836 528 -282 -956 -521 -921 -318 -297 591 252 -439 394 797 -954 628 -110 302 665 -947 685 -182 -916 -514 7 -767 -250 -729 -389 19 -430 826 759 172 -319 327 -312 -677 126 -129 148 -546 236 376 503 556 -404 172 773 382 -133 942 -657 59 536 -214 32 -418 -765 -8 -137 -890
529 365 -65 346 -516 -163 217 39 504 945 107 -889 192 272 882 -33 -738 -802 259 -970 -343 302 704 -163 73 725 198 848 742 -403 -558 247 -594 -862 676 -727 -858 -915 139 830 -536 -902 -656 -274 -630 504 -353 331 319 332 640 89 71 -686 -364 -10 -446 722 -613 985 -287 -421 498 651 365 -258 -871 -820 -255 -982 -29 -524 -398 -929 999 616 -368 -975 -813 900 756 -501 -464 539 345 -243 -304 -840 247 -460 -316 479 -326 -267 -550 774 -687 -827 -220 -582 291 504 772 -929 556 -12 -557 -457 100 609 -207 126 977 511 -138 784 691 644 967 599 -435 -399 612 -795 -380 -912 -737 75 -913 828 -825 -44 -850
940 -718 -895 -360 -227 9 -143 -212 -245 -99 -884 -855 460 -745 -420 201 506 557 361 120 -869 -543 272 -206 -977 -189 -305 522 -971 727 -161 -24 921 -191 -434 426 318 -515 -167 -357 820 -533 802 272 -282 -185 -124 -721 659 503 688 331 391 -147 -62 762 -554 -164 437 71 -92 520 528 947 900 790 -20 -569 -549 594 -142 916 351 768 966 875 977 -918 346 -967 -988 -856 688 -166 442 93 849 -417 106 990 595 490 -833 301 73 -251 368 -860 621 -782 135 -50 -637 957 -415 -961 -566 94 305 -909 -972 123 -575 -204 -737 202 -666 -299 -49 -844 366 -533 266 421 -519 780 -400 704 -623 -1 917 320 -824
-829 397 -87 -499 76 675 604 -166 -873 981 809 -500 -513 -929 463 848 -504 546 671 -585 89 -959 -833 325 -601 392 -822 -468 -324 970 -668 320 54 -203 -436 39 731 324 -358 463 923 305 -361 171 158 -764 876 188 860 -163 403 232 -277 -534 234 969 -877 -379 486 852 -610 -226 -637 -763 -21 -720 121 932 -575 -302 -53 -634 -112 -180 -438 178 -540 -444 -378 -371 259 36 84 -955 581 474 778 -121 404 -836 423 686 -839 -603 65 -887 -523 -575 -602 -713 -559 -703 -252 929 573 43 916 -364 725 33 -128 297 -446 732 678 -157 380 -348 -172 837 -195 591 771 -563 -559 -491 721 129 -198 763 -298 436 703
-764 792 613 -204 896 794 -203 645 383 -353 19 637 215 92 133 723 -530 -548 165 -301 292 781 -474 -293 319 -841 -559 780 -75 45 352 224 -864 -468 950 235 -127 -960 362 -455 52 998 -338 311 -277 -308 -112 942 -711 245 76 -566 -274 -135 220 -22 -822 72 -963 543 -48 -977 399 -969 -232 -589 456 -189 833 -85 -298 -412 -751 922 256 325 -886 169 -745 -542 -196 -476 430 870 625 -677 515 946 520 568 -727 137 385 176 579 232 866 786 -129 -701 68 -67 621 171 -787 -993 -357 955 -902 215 -545 354 793 -404 -97 683 -911 694 -224 -393 -530 778 57 -467 -19 852 771 151 96 61 -465 -34 174
-645 212 192 666 344 868 -275 318 -982 -22 770 597 -543 -77 684 -542 -976 310 574 208 -413 528 -898 -810 607 816 137 902 -489 572 487 147 -726 543 921 -515 345 687 159 395 -554 -321 102 -509 -855 366 318 -808 636 -775 298 -719 -474 740 273 -238 517 944 961 698 916 -678 -925 -376 588 496 89 -118 -937 -319 836 -413 111 975 243 200 -843 -925 -475 120 -418 -482 31 -666 88 -744 810 -140 -790 935 -813 -787 -823 -772 534 -65 919 445 -587 -44 469 971 961 300 -934 433 348 664 428 -376 -443 -251 -454 -968 642 -926 -388 -209 -484 -880 978 199 372 -106 442 -136 756 -562 477 -518 -432 176 -871
-156 -710 -792 137 -138 757 -538 767 -289 -206 -701 660 -644 -426 -581 -873 -98 861 763 -207 -217 695 -649 682 576 -208 -360 820 906 830 1 -764 895 -557 285 -511 -204 -446 -729 -491 -82 751 -314 352 -115 -449 578 -884 601 191 -825 -836 344 960 85 557 570 367 81 -754 849 -237 -692 108 208 -464 446 118 -866 -536 143 272 759 273 -254 -766 -416 130 398 704 837 -649 778 -459 992 787 -28 488 -152 501 606 -607 -492 -668 -395 981 -342 -524 335 -964 921 442 -591 628 -273 28 187 671 -88 753 -383 7 308 -648 -346 513 -957 -235 791 -225 239 -906 257 -768 230 708 -416 -798 -829 -124 -43 280 776
957 354 598 -422 596 246 -743 -71 194 -80 196 -965 984 -703 -988 404 -743 803 -891 211 -139 752 670 -212 -793 -480 88 877 -428 754 -340 -672 851 678 -775 732 -548 -171 165 88 905 798 -565 -147 -711 990 -157 -425 3 251 -753 728 -472 -19 561 857 -895 474 -310 638 1000 876 989 -220 -878 -496 802 905 137 734 -9 552 -248 368 -63 -576 224 194 -480 993 488 -604 -336 -174 -223 94 -100 513 -601 465 -403 872 -301 70 -656 296 -243 405 -827 -75 783 388 339 -962 -683 650 -870 -73 -463 -81 -992 101 747 754 77 581 757 -858 -270 697 -500 -438 868 -64 378 356 -89 -831 137 505 -539 948 418
-965 -258 -355 515 688 889 805 527 107 -808 119 -112 457 -55 868 103 -471 -887 692 596 297 -108 -374 769 906 359 -366 -984 191 215 -551 278 -89 426 857 599 -459 50 -208 272 344 650 -516 811 -292 841 -907 589 -196 -780 631 -476 -63 -272 58 28 -580 661 48 -799 188 -194 -790 654 -83 12 -873 964 525 282 554 486 588 876 -313 881 -528 449 -645 921 65 311 -507 63 -857 -163 196 -482 879 675 894 -91 -44 782 297 399 704 -647 -262 -850 -898 -283 457 -202 -182 384 -563 -91 792 -573 -583 -944 -930 -218 -350 -999 367 -338 -4 -563 85 487 -496 889 -198 -596 -884 445 947 -237 903 -55 938
-186 239 -284 -842 732 865 571 921 262 -364 -394 -218 -907 611 -634 749 936 437 -533 -764 -797 315 354 -45 -740 -731 -740 460 47 -975 -375 -842 -14 625 -349 -475 610 -536 712 855 -676 -368 815 -563 232 -325 -741 -540 319 -251 685 -17 157 -222 531 -749 -175 -455 -497 78 -254 252 355 709 -420 35 232 681 -744 -636 558 677 217 162 574 647 -221 -225 443 -920 54 942 438 522 328 570 -719 413 512 -804 -789 78 990 957 666 28 -503 41 -569 -712 -63 236 531 536 690 844 -824 72 26 466 410 -929 129 -346 -580 -935 55 694 -321 598 732 98 404 974 937 -201 211 -529 -132 -537 -76 -107 -896
-255 -277 -204 -933 387 -767 837 -191 -360 -371 -853 -11 -353 -767 800 624 -470 17 657 -566 -33 -354 -925 693 -449 480 -15 90 912 323 675 -485 -934 856 396 471 -982 685 640 -180 262 839 -416 -602 862 634 -60 598 -405 -341 596 782 -953 -99 418 936 -920 503 -745 -858 -262 935 -807 533 -536 624 981 -949 711 495 -513 -961 -993 12 132 -329 887 -325 440 268 780 -815 224 -341 -962 -828 -418 965 -73 -900 -619 965 -104 -954 -408 -415 -63 855 67 -710 -387 268 -891 -242 984 64 -855 -755 -322 872 512 856 -990 520 -932 485 423 -152 523 -257 446 -959 -210 603 685 -574 165 453 56 -945 -391 -807 623
-744 -810 669 356 -8 739 667 183 516 -784 525 -32 867 522 225 -72 589 413 -916 900 -212 -73 923 -178 -689 -795 -716 -974 -562 92 -613 -765 -361 -602 -272 -360 647 520 -74 -970 180 492 447 762 407 -497 338 259 -9 904 223 -358 -816 -476 937 -496 -573 491 402 306 615 16 -843 699 493 -838 -692 774 -303 -198 497 -529 -452 216 386 -507 374 -594 -243 -499 -519 -655 -277 838 -287 648 458 -731 896 -102 771 445 -114 -392 -310 684 733 -284 -637 997 170 -307 897 629 144 -248 -375 756 -266 -739 -842 -965 9 475 -58 348 -732 744 114 -142 75 824 955 -394 440 345 -337 331 -900 -678 186 -570 -521
-554 969 -642 739 -527 826 572 939 77 -336 47 -871 -279 3 895 348 -313 -876 -837 568 -807 509 -415 -856 823 279 -742 766 -673 -827 816 -917 -279 -690 156 -342 -522 408 -32 -665 805 736 -610 -466 33 -314 -829 -707 -517 -44 -124 347 -593 335 355 -46 -987 759 494 -425 583 937 -380 -901 -822 -685 -412 -534 987 -969 213 608 -873 -807 972 571 -154 995 -483 -740 -266 40 -527 631 816 516 799 -86 -296 -478 -741 667 118 376 -600 857 684 -691 411 436 228 843 -355 -135 -728 240 269 22 -707 -290 368 396 -244 -591 357 705 654 656 -966 773 -620 -179 708 29 -896 -312 655 395 980 352 -285 879 -763
