68
751 758 555 -248 116 993 -936 490 -144 -127 354 -459 -362 141 447 -184 455 -218 988 828 719 -158 -566 -853 62 -460 -874 -113 561 -931 -973 -510 236 364 229 -491 343 241 941 -35 66 -49 -708 -8 -698 -577 294 238 538 577 389 -942 -17 286 407 -986 -40 -295 -187 -802 441 612 -560 -562 651 -482 -6 -915
329 -742 -322 442 -22 603 542 -483 -213 219 967 -729 200 -869 99 -397 439 -508 282 30 -318 -851 182 818 -881 -106 898 686 -291 192 829 930 925 671 433 997 -949 168 -645 889 -409 52 838 839 -924 -809 713 516 -867 -518 -199 -139 -737 -108 -164 -497 119 263 -932 -729 -840 455 307 -472 136 -827 617 -797
-135 682 280 416 639 383 968 -894 -509 89 -724 425 -61 -686 231 961 403 98 -564 -360 -876 -771 722 493 -49 -827 928 -620 975 816 -950 -10 216 773 888 -475 984 -432 784 -660 -728 -315 271 821 -930 337 -615 -683 -781 -596 -102 690 972 -310 -664 -444 343 -879 232 9 -444 612 9 -973 -435 174 208 572
900 -901 641 -86 -969 32 23 525 914 411 737 -444 -574 69 634 352 833 -173 354 33 323 -52 878 -436 -164 -571 -952 -866 236 24 516 826 -616 963 -335 558 293 -419 552 -588 -813 819 885 708 -811 -575 -177 -233 361 908 661 -282 -88 971 502 -336 -357 -570 -867 603 727 -25 -632 690 -313 -770 -701 109
69 944 358 -161 421 47 680 -392 -178 -444 301 682 134 -711 -45 -632 -823 -413 710 -86 -523 349 -757 798 373 -672 511 681 -41 -434 -916 -197 780 718 -156 401 -180 353 -115 -93 980 403 -982 -67 477 -739 -846 364 26 -968 320 126 -226 -180 -122 -565 -841 246 686 -61 -597 -537 -450 -643 -931 745 -921 -33
508 -674 -838 843 -551 913 -952 -794 -238 573 229 660 880 828 808 -849 233 -153 -606 775 787 -979 -920 -269 -474 -785 286 709 93 -904 -158 284 217 -695 -557 195 801 -974 -4 -25 -807 -499 368 -571 654 -715 -701 370 316 164 -301 -972 300 345 -750 605 686 -760 -63 -855 239 -116 -342 397 758 8 762 655
288 -517 249 436 -218 -703 -664 -828 -727 918 -731 714 -662 645 206 -25 -233 463 -656 -169 309 56 906 75 -585 811 -237 -731 9 -387 -811 -557 123 -369 -492 -606 -67 781 559 515 900 627 -830 363 790 -545 -987 -795 551 34 -27 -222 -303 353 589 145 265 136 -831 937 -380 237 -90 978 -698 -942 577 116
738 420 -101 600 755 209 -659 91 -219 838 942 -848 209 694 150 -460 628 423 478 -835 235 71 -745 -724 -532 -148 -525 -846 868 408 -813 223 585 -149 -98 149 -165 -733 139 -261 -932 270 -612 526 568 640 -73 65 307 992 -910 261 -386 668 -599 -237 -634 -339 -273 550 425 -810 -433 247 -395 70 446 960
271 941 -576 481 -627 -22 547 417 -271 355 -661 -52 -350 -722 -645 731 920 364 -147 -318 -844 -666 -50 770 -262 -881 857 -609 604 -711 398 -756 4 611 415 -271 -51 -176 -57 -385 766 -973 999 154 965 582 895 757 956 -278 677 -916 -165 41 -235 -742 58 -473 -139 443 416 -649 243 -964 -371 -342 -483 -49
-576 -526 -563 -566 966 516 -433 -962 -800 -436 -656 838 319 187 662 -506 591 -997 822 -414 525 -61 646 -704 806 165 95 646 78 -155 862 -691 -758 -283 -873 -488 -854 -117 294 61 246 708 84 241 180 -559 83 -989 -316 -753 663 574 -168 246 944 -622 386 -9 551 445 -452 760 101 210 -721 12 -853 171
112 -869 -143 395 -723 -591 -849 -756 512 -798 -367 919 -867 59 -390 883 -914 -300 -823 116 -167 449 224 -988 -166 -120 -713 -448 866 -243 -708 233 -676 680 612 811 -456 600 899 858 294 -863 -188 -713 -752 401 533 435 -428 209 386 187 717 -617 349 257 509 151 -185 299 233 618 -754 564 -847 -425 -158 -15
154 -227 -571 -129 -6 -317 127 -633 -225 678 347 963 301 98 210 794 930 -852 -398 -873 744 572 810 -648 54 -712 645 -222 419 27 -272 210 -392 -940 74 558 17 -53 -537 -902 320 -418 385 439 349 -70 -357 -730 894 997 707 890 31 264 -892 -453 127 954 917 -554 -137 -968 546 -255 311 656 -779 61
846 493 -96 -699 901 -243 -903 515 -663 -723 546 818 -812 -762 -764 414 -985 385 -151 551 -666 -810 595 628 672 450 -949 3 601 711 793 655 805 -195 -627 -677 -572 550 -375 315 805 959 651 -477 -680 -45 682 -42 -653 234 -852 -928 -800 -34 881 975 466 -82 -256 188 707 -965 716 -296 -965 -833 -269 193
-97 510 -429 -876 83 -955 249 -148 733 -17 -40 376 360 839 546 187 497 -25 933 -19 450 927 -331 -529 -839 97 850 972 -380 392 38 -645 -453 -311 365 -112 137 210 385 -574 -567 -736 -831 -825 -311 396 -818 -724 157 -811 914 -495 -317 -375 573 513 543 540 573 79 931 908 329 -981 60 747 586 804
-821 -309 -569 -424 606 -664 -197 -473 619 -354 933 -442 760 -36 -644 -737 394 544 -115 165 -663 818 -173 389 -228 637 -847 696 150 679 46 421 -804 578 -834 931 513 267 377 844 -991 -64 -261 110 438 735 295 -869 -70 233 824 -16 762 165 150 210 259 241 561 -908 -612 883 206 -363 -912 781 891 87
726 431 -896 -886 591 -665 -461 775 -629 963 712 -647 -696 151 148 277 776 -310 140 538 573 667 -321 195 -556 -511 972 -294 -708 495 689 839 -15 -697 -254 933 -966 -683 -894 -202 923 316 -959 29 -937 -626 915 -23 229 933 296 129 206 -513 -387 -86 993 -554 -738 182 -509 637 -922 375 -410 -538 -539 465
-811 -736 -628 -242 -279 158 104 -197 -5 -509 297 143 -521 -535 526 43 249 306 -1 765 598 165 759 -417 874 618 -789 -788 985 673 -645 -717 52 -357 357 -124 619 -244 992 535 -599 361 411 -932 816 908 226 -244 898 950 890 -49 -967 -732 731 -361 -765 -934 -41 -502 414 -245 -38 -755 -500 667 704 -677
243 -980 -979 -699 420 -860 429 -397 869 816 777 745 -835 146 514 900 748 245 990 260 -539 257 700 116 -695 890 613 260 -448 -381 353 -152 838 544 -541 -695 241 41 179 -39 -710 154 -682 340 863 -793 491 -750 308 109 372 -968 610 -636 -305 -418 653 416 672 -676 5 -457 878 -2 697 -275 855 711
50 -646 -736 -431 -924 878 -356 946 -724 811 568 -182 -843 -576 -159 -103 -210 246 -45 318 -976 -286 784 -503 -466 -805 249 -62 -530 -890 139 275 -594 45 -919 160 -956 -81 -783 455 -137 -287 814 -558 404 673 986 -102 765 523 -850 -235 -620 -124 -25 160 224 -828 -378 232 -166 -815 -203 657 -473 182 -463 -790
-287 706 -600 280 -588 -35 -784 -850 994 -154 -30 -194 -428 -457 -879 202 222 -134 315 963 622 -811 315 979 273 -32 -8 -763 -767 -937 -755 258 750 -693 -186 327 760 435 -92 -511 742 113 -419 -709 -889 -945 979 -274 867 -233 239 -809 108 242 -22 -969 -730 -360 408 500 400 -106 193 -308 47 -2 621 -279
310 -360 -261 -96 963 -809 -801 -380 -424 -186 742 536 -747 -592 727 577 495 863 -681 41 -673 813 921 32 -999 966 -704 541 -793 -897 -830 707 -174 -529 -628 -146 -499 571 44 653 -738 320 319 -439 841 297 391 691 -950 -223 488 -243 -81 162 -833 334 368 -484 543 249 -292 -927 -134 -73 -975 829 -823 -608
311 195 -360 -503 -198 82 97 264 275 118 -125 515 882 -277 -817 38 -903 77 -466 595 392 -741 146 755 -64 265 616 -741 -858 -796 -345 426 247 401 488 -658 962 -65 -895 -25 951 -757 704 691 -86 497 -752 -472 -669 128 -133 -559 597 135 397 96 -728 123 992 833 486 -70 313 255 287 -438 -738 527
330 -981 -973 -198 -408 747 608 -871 518 -488 -528 -711 -481 912 297 -323 795 436 643 -173 -263 763 262 -385 -220 211 244 515 -971 994 -848 976 564 218 -582 86 -564 -149 489 359 923 -781 627 -806 66 -400 508 220 319 902 40 208 101 908 303 -889 437 -127 92 619 619 252 721 869 487 -335 -501 -993
-634 271 206 -701 556 -58 237 242 128 -26 -888 16 -811 -206 946 861 -431 -588 -83 -305 972 -278 196 954 838 766 -75 434 -988 131 202 152 121 715 115 991 -354 -315 193 914 -194 516 -655 -241 -256 523 787 -469 -207 645 -906 -55 349 737 130 6 -854 682 -543 -485 817 -940 554 -411 586 274 268 -879
404 -891 -620 865 622 -177 59 -773 324 726 351 689 233 180 668 827 765 874 631 -432 -885 517 -41 372 -446 -807 -32 491 318 441 173 -676 226 905 -854 -48 -460 -757 315 186 -586 133 -164 225 -740 820 -779 312 -289 938 250 -450 -227 722 -835 609 -742 789 -896 -738 503 724 -485 323 717 101 -330 598
-730 -468 692 -146 777 -2 -916 335 368 -965 -267 595 -169 -764 605 148 -909 -57 -874 -538 -451 892 -307 -671 938 647 25 348 -808 990 -467 789 567 757 313 -419 353 853 -653 -304 951 795 526 -126 58 844 116 789 -669 486 902 791 -496 322 -356 329 715 -170 -982 -406 -104 -57 530 161 -102 -37 -704 90
611 524 295 391 663 649 -491 840 -516 -121 -923 -250 -768 708 -895 24 6 892 49 -695 814 -380 788 -255 400 -572 -550 31 741 562 445 -664 -398 249 426 -679 690 -983 -129 553 975 23 706 -294 -643 -555 -917 -658 899 -611 -769 5 -409 -954 363 -939 -636 -87 -71 739 -230 -386 130 237 -989 575 -208 10
-914 958 607 -727 713 -158 -801 790 639 -51 -984 -613 268 -199 475 -861 -903 -976 -991 -183 -167 -197 -269 -592 815 -366 420 -404 425 66 -577 -995 189 925 152 -516 -530 332 -590 -307 -277 -961 -179 292 276 -636 -279 485 778 294 -245 851 -110 -515 699 -742 -554 -749 392 -631 953 -793 457 -842 -844 635 16 5
-671 -377 -835 868 -733 -592 -963 749 672 611 -468 911 -947 -261 526 918 -92 131 -218 -202 404 742 -15 -745 133 753 -14 74 711 -599 -949 410 -666 -551 -76 478 588 -972 -309 747 -925 -407 921 486 37 -43 -931 102 338 2 -457 -952 -99 284 339 -740 772 468 143 -675 410 -418 -981 638 -126 -539 -979 -256
-390 -881 93 -928 -942 -709 500 957 -73 -202 -36 -553 209 108 931 755 741 -660 -158 -293 -937 -523 948 18 944 -100 918 -715 -248 736 -710 -851 -383 868 951 -478 656 955 -400 -263 392 515 15 877 516 552 -114 348 -256 -664 -862 168 421 -57 -75 -994 495 -711 -466 19 -355 -292 639 -422 -555 -231 -229 355
-751 47 610 973 -726 -65 778 44 911 -377 555 -586 338 -522 904 -281 -129 -578 197 500 -342 615 761 316 -460 -113 -751 667 345 944 -226 344 298 234 -131 702 786 720 -879 -888 695 -881 -593 -266 -434 680 -954 -356 -661 78 169 -7 404 -21 -854 -843 -383 941 -236 787 531 -850 -283 -650 -850 801 358 32
-764 520 569 229 991 531 542 -625 -198 -782 -606 -181 92 -372 36 -80 -605 -808 197 -848 761 968 -532 6 629 -938 -349 911 225 231 369 998 244 108 -971 120 43 -425 604 -842 40 42 143 488 647 -389 716 -482 -439 -45 -18 -958 -897 -202 -900 809 -11 350 188 777 -8 -432 -270 565 -139 816 953 -285
-416 -65 540 606 -322 610 -783 535 911 -129 882 -634 -213 -335 666 -545 -40 -646 -695 848 133 216 740 -90 -105 -880 -932 -816 -483 887 937 -517 -31 64 962 -100 -610 -193 -260 -964 -103 -932 909 -467 61 -125 -436 -501 151 -375 774 30 -230 -919 223 156 256 -596 868 555 -897 86 697 -188 -445 -99 -940 -557
-915 101 -412 955 488 -137 -497 -57 947 -896 -441 858 -400 -875 265 -696 -103 -747 -446 14 842 -201 -675 -997 -578 737 -867 -798 -679 762 -652 -568 959 -648 -466 232 736 -333 765 -730 -63 507 209 481 -328 -220 420 -815 -492 399 607 847 -554 -331 -820 292 -48 796 826 -374 792 796 86 207 680 -485 -68 551
-394 420 538 -159 603 -681 -147 66 659 -758 -645 910 112 -244 28 -683 -262 -454 -779 57 -153 523 914 -178 259 -506 -112 -213 -436 -173 -460 557 77 639 827 698 37 -359 -992 -910 371 -135 -541 -302 977 97 684 -349 -167 203 -756 -561 24 -223 -181 -13 -754 -820 -236 544 287 52 -663 156 234 135 -492 -155
499 629 172 -314 702 55 -752 50 458 -49 -269 -787 -584 715 -556 -727 375 212 232 -418 -18 611 -410 707 -763 -142 -225 457 640 -992 457 -392 296 974 454 704 -8 391 -155 561 -751 653 -267 134 -294 302 322 -980 -184 -746 -51 -879 54 -915 -580 -536 865 -559 923 -392 883 -690 269 -956 -182 -502 -813 -602
-44 717 -888 68 -999 -594 166 596 -844 809 793 236 767 411 495 -926 427 -864 520 -862 697 852 -97 158 56 -666 -491 895 203 -565 486 -534 774 590 986 606 -315 101 -389 -998 697 719 94 -149 464 889 -992 403 752 -384 -162 502 319 -944 -879 669 754 219 84 -659 112 726 -141 722 -557 -131 -942 404
458 -649 -601 268 477 644 133 -352 703 -830 742 682 169 -881 -636 439 -727 985 611 971 774 129 -497 -527 -754 -353 -946 288 -418 -34 -286 394 429 -792 -290 -402 -907 572 113 -243 -881 43 -237 201 219 -893 811 281 457 -749 571 -214 919 509 666 -656 -857 -391 716 -342 747 406 95 -653 224 971 884 -924
-395 716 183 134 -858 632 -83 -698 889 303 -806 274 900 225 -676 -481 393 610 -168 -979 144 -215 -721 818 -225 -184 -484 531 56 -186 717 450 399 -825 -53 880 -410 -467 807 -541 72 904 67 451 -898 648 -69 -929 529 932 718 -483 -19 659 861 -482 813 808 46 -657 -951 -101 973 972 841 721 944 767
245 717 166 310 507 656 27 -573 571 493 -6 636 -958 -953 -64 483 177 107 -152 -31 922 714 -503 571 599 431 344 -106 823 63 107 -682 949 62 -52 -286 -922 45 870 532 639 705 -113 -644 49 -368 97 -924 -270 -763 134 910 585 -621 -320 -886 -298 -379 163 -204 43 -844 -688 -198 203 -46 -18 106
-530 -189 183 -374 -306 267 -900 354 -111 994 -794 883 595 -316 -950 -645 -561 -842 376 448 74 -189 321 -150 -100 292 130 14 -117 -787 529 -92 486 -540 307 618 -644 717 791 -303 -586 993 -765 -331 807 445 -759 635 -961 103 805 547 422 -549 -170 748 635 67 -26 -618 -663 -427 -312 -445 -285 822 -627 -409
-116 108 -733 975 101 -542 -773 702 -588 516 -411 945 -227 -774 -374 -572 624 -222 998 -434 622 998 272 -136 -871 60 887 -229 -200 -116 -582 998 996 -388 -92 -561 850 456 179 913 -276 237 788 787 590 596 -724 41 698 -484 -699 52 201 -336 -797 -603 399 -777 402 464 -167 -565 110 -485 742 257 383 -348
15 7 -145 -430 644 -20 904 -860 -667 -600 -1 550 282 860 407 979 831 -75 -588 -972 463 -374 -339 213 635 229 717 793 -553 -865 -538 708 610 -461 434 -922 657 836 -409 -56 -697 -454 -842 -882 658 -152 -639 253 -380 -999 983 -346 -804 297 -659 384 -607 -688 394 100 -884 569 95 818 -913 305 -15 -879
-11 762 -300 131 438 -657 -218 -954 583 -350 454 -185 461 753 -369 -382 -452 -88 21 -764 432 271 -918 -959 7 756 413 -750 105 -220 -177 806 -651 -334 484 -967 121 -454 259 -654 -35 -449 -38 -651 -755 -176 865 618 129 58 264 -267 747 -169 352 516 109 532 995 343 -172 -736 50 745 -827 -48 -503 -194
722 -49 -144 725 -904 -685 737 188 520 -901 880 242 401 644 -260 743 375 -101 -543 464 -110 444 440 39 -315 985 -84 -272 152 -345 -503 -362 661 -702 578 -285 332 65 -561 -674 451 260 34 -241 526 442 4 654 -825 -865 -783 -150 762 -750 -243 853 -769 -412 -927 732 868 -964 982 -251 198 664 -579 -143
269 -977 -728 -719 -190 -927 89 52 -883 -225 -43 382 335 327 -781 -923 488 -360 727 -299 774 -60 6 947 812 579 -506 -545 -198 276 852 -494 591 751 -655 -297 -249 597 -423 118 706 825 737 -37 756 -600 -83 294 642 467 -917 -405 639 -194 287 905 -893 -832 -260 152 309 523 636 683 485 -907 -804 -698
665 405 -233 -183 -543 -646 -114 777 -791 117 -544 832 187 -393 828 -757 894 -108 720 -511 623 -105 -468 -284 -582 -545 232 -976 -859 791 -641 -704 761 -844 -921 128 -98 535 574 -51 -846 418 691 -520 -650 375 -739 985 533 636 -692 64 -574 987 -278 695 461 -234 62 -172 -671 136 -451 -597 -387 230 125 255
157 900 -121 -807 -204 563 456 353 -152 -471 -620 -295 315 377 -536 -694 -255 -687 667 -123 787 851 64 396 -210 -805 -870 -759 136 479 -932 699 737 -556 124 82 -798 93 563 80 230 -129 517 -993 689 848 631 -735 -544 413 209 339 -865 474 882 683 -479 -571 -86 -784 591 980 201 120 -720 748 -623 -596
-95 -349 -598 -952 -782 685 -14 255 -499 883 206 -804 -813 51 434 755 -907 -736 217 837 268 -775 66 930 69 -856 -217 169 973 65 907 -5 212 -614 319 318 -303 185 -543 525 -270 856 929 141 894 646 401 378 954 120 169 592 708 -115 -380 -923 719 -353 -437 -237 651 -44 -100 -332 704 100 -793 -922
823 -570 212 126 -651 147 -188 696 997 -420 -814 796 -223 -490 -138 -243 -947 -477 998 508 -544 365 -551 969 271 -388 682 -39 792 -313 853 -605 184 967 -287 -380 -183 -650 -518 -110 -788 727 553 654 -625 495 -125 -942 875 -96 -37 906 -660 -393 917 448 142 763 -344 527 112 -42 270 937 200 833 939 532
-253 -601 936 -529 663 107 395 -606 -905 582 325 -525 -991 -936 -553 -667 -840 -16 514 395 -342 -73 -310 -197 -723 54 85 285 -358 -264 -26 258 -682 -583 241 130 857 -178 -902 782 525 495 31 868 901 863 174 -800 -617 -996 564 335 280 82 -476 -337 866 -230 80 547 324 -161 486 -269 -10 785 890 -33
536 802 572 276 -650 -706 870 -73 -310 -840 -75 655 -402 -992 -847 639 -596 304 266 -95 372 -58 673 878 201 491 336 -135 728 -62 327 60 -858 -500 900 297 421 408 510 -349 259 89 -530 678 224 -657 955 -32 249 23 -272 115 438 -658 -740 419 -932 737 838 -887 -129 -976 -693 -902 -296 688 582 -654
335 -208 794 -678 790 -812 -497 601 993 -691 -425 198 533 57 443 779 -948 614 -201 -107 -398 -62 -194 -424 -832 -353 -565 895 -845 194 -394 306 631 -70 400 592 693 637 955 267 758 -546 -792 -268 -621 -85 350 -693 -21 -909 292 216 992 -219 891 88 510 -829 587 15 -759 806 -856 -100 978 203 785 666
277 -886 -298 562 82 343 -893 78 662 -591 445 361 -858 -888 -233 -990 40 -675 -703 -833 717 1 -546 -547 287 -593 321 -554 -93 -667 -412 524 330 -19 -620 -239 202 267 188 -375 724 767 -420 -201 -638 -774 677 340 -321 -99 612 463 -622 588 -263 558 601 930 84 994 -690 -978 -213 -455 -216 -596 -711 -228
-511 782 -970 -23 735 -472 223 811 -718 -868 914 -795 9 -806 249 894 -799 -343 640 -651 -86 243 484 774 840 250 666 693 3 -392 -422 -265 43 -459 -682 -511 -675 290 890 488 298 -622 -398 -521 874 440 2 -722 956 42 -170 967 344 853 135 -219 292 -645 775 229 -849 664 937 -730 253 -701 -272 661
-848 -289 962 -479 383 -480 376 -354 -570 -710 981 -107 937 -731 704 -776 102 846 -576 498 262 311 340 445 -224 -353 -900 -674 555 812 -393 491 -739 948 -70 -820 260 906 -135 255 -640 390 133 181 -532 -258 -110 747 -937 -16 -220 -301 -45 658 262 224 585 80 790 785 -265 20 400 -732 808 180 -859 -260
-226 -427 472 317 862 -162 662 -156 56 -201 -369 708 -191 48 -587 -613 -33 -130 800 515 -912 880 475 -380 -377 -992 -897 342 85 212 -487 -731 -336 4 -693 -451 738 -393 988 -267 -175 -90 60 904 278 -606 633 46 -596 209 -457 553 551 643 111 -309 -625 -397 391 325 -841 41 682 -134 -226 412 -941 35
210 -620 -517 603 -580 -274 -115 122 363 633 -718 -320 96 -594 367 423 -188 252 967 314 146 513 797 964 -540 -379 -710 129 -627 175 -265 -862 -112 -133 920 -100 892 -540 -683 399 837 299 -10 692 431 793 -677 -224 937 593 -731 -986 -988 398 -571 -184 -561 12 14 845 368 -845 681 190 465 -226 -11 635
-235 586 937 27 -154 570 360 320 284 -281 -720 649 -725 -940 415 337 -22 -337 -910 -236 -341 -684 -389 -622 60 -132 62 428 457 962 -280 -404 -564 -778 221 97 931 987 -547 311 635 827 433 917 -178 586 -904 560 -825 55 73 -435 -162 -145 756 228 308 -228 41 352 828 907 484 -237 -252 715 116 -666
495 337 -329 -659 513 -727 868 313 -618 167 708 -136 -849 283 -723 -873 -566 930 -979 -665 829 -871 -593 925 -146 -771 -803 -413 34 -738 691 685 -272 -638 939 -266 -671 -731 -309 137 -121 606 -729 -309 167 269 132 -651 -44 225 -582 -145 -390 726 -204 72 -669 -485 296 -110 665 -798 605 683 -839 -960 -418 -26
544 100 570 359 869 -108 853 -530 706 -701 -753 -725 -367 192 303 -784 399 359 -532 -860 911 522 -873 -29 846 -773 -712 -733 270 -896 -861 -591 -223 633 -505 538 -796 -691 -253 -666 645 -608 933 -306 -541 -670 384 -370 721 -703 -614 70 -218 430 -752 874 -28 861 -938 137 882 966 238 -789 136 728 -125 -236
599 237 388 437 323 217 -968 642 -753 796 -558 -339 611 791 386 -767 347 -245 -699 795 -769 429 923 -893 -485 -315 755 -583 810 -986 693 777 -700 -536 -805 337 177 -175 269 -886 -712 -94 -792 -511 713 -835 -294 218 -380 -427 396 714 -876 366 844 387 219 707 -618 -19 -646 -794 -833 655 941 1 46 -36
-558 -852 -968 -614 -92 728 198 -193 -920 120 -348 100 371 -81 -696 171 518 484 205 -771 711 -238 -276 860 61 332 470 231 328 62 720 -804 -470 94 844 -217 -794 401 464 297 -892 -854 -475 -508 -131 -738 381 -750 329 -365 -894 150 -397 711 -441 698 22 556 -162 583 -409 -463 -426 595 -338 -836 -259 -299
-591 659 890 -956 527 810 144 -515 855 -314 -912 -684 34 -192 -82 449 -973 -747 637 -293 -246 75 -262 -109 671 286 -814 583 -127 665 -367 -105 587 -928 -184 228 943 953 -134 -220 -13 -853 -957 883 -491 -802 550 371 603 818 -479 804 91 -20 15 -178 -524 -69 -246 -277 632 -199 154 210 -682 -851 799 -898
664 253 855 -403 -890 -800 924 -220 52 785 61 -144 95 -736 135 359 592 771 736 -403 10 -198 -416 -46 182 304 269 -727 -680 749 401 -748 189 -840 954 -229 580 -310 894 795 -426 -242 -8 43 -365 -716 195 841 -966 -571 498 867 997 48 42 482 -913 -413 13 -959 -621 -186 -876 443 -62 -159 760 -958
0 -35 397 428 940 -264 -661 200 58 98 506 959 543 -683 -343 165 -343 897 651 606 -88 -395 575 493 188 -294 715 40 876 -263 -171 -825 -272 813 205 -500 860 -269 -407 -836 -486 606 974 283 275 983 905 -202 -135 -223 -56 -678 452 -278 279 50 -697 -594 -790 -179 -754 950 -988 270 -217 -595 290 -211
42 963 -921 -389 998 539 -747 -862 201 159 773 443 -197 243 467 698 -712 -361 -39 -381 -408 -106 470 -80 -611 -517 58 794 -712 371 -991 -524 936 -771 -647 616 641 606 802 265 -187 -990 -814 71 113 -995 241 833 407 431 -328 421 -653 453 33 147 -36 -52 42 976 -551 -367 700 854 301 548 -749 568
448 -549 -183 -846 332 451 883 207 -207 -79 23 -811 -555 246 296 556 -596 -608 417 204 -577 142 826 915 924 -436 -343 949 858 828 56 718 967 790 638 -653 833 -394 -403 999 -243 -365 312 -855 423 464 -449 -230 -778 -132 -104 -131 -277 244 -420 -520 -314 72 395 -42 -443 -838 -852 974 59 178 -331 511
