144
-405 -310 -554 -104 -975 -229 228 -902 769 612 -169 -304 -501 265 -694 -635 -61 -47 779 435 677 337 682 469 -381 -655 -787 376 106 -152 624 -642 819 -310 874 -738 341 -38 732 -453 167 892 -126 991 -141 -420 843 -668 -793 -555 -490 -928 -603 511 -254 -406 617 376 -648 605 -389 269 756 -56 26 726 861 -449 57 252 -442 530 -90 -921 189 391 -827 -568 785 -26 -581 767 -463 -174 934 890 576 159 -630 -5 -604 -428 -154 -11 -163 639 645 -13 691 -769 -815 -619 72 770 18 -168 -788 -613 867 560 -625 767 -746 468 -366 205 702 -378 -777 408 713 -562 550 978 481 35 849 534 360 981 495 626 289 -887 373 959 -210 -894 -861 863 659 361 490 -174
-423 936 -149 -219 895 -392 -357 536 315 629 -446 -423 -98 -165 -333 34 -346 480 118 988 -467 686 49 -609 542 986 -539 135 8 390 629 372 -629 959 817 -386 -385 852 -160 -477 691 -620 380 -17 -349 -974 -585 151 -716 552 540 722 -967 -379 464 -268 -697 405 -776 664 981 683 308 745 557 -307 280 -963 -688 -388 -133 -273 -74 -961 632 455 579 875 466 280 -91 689 405 358 -439 -668 -537 -158 -579 -651 894 500 816 157 251 612 -346 -138 131 -732 152 -26 447 -690 -840 -759 -599 101 674 923 -537 714 173 -753 996 -962 609 -194 889 -321 851 -321 -917 -127 -596 -641 -594 842 328 494 -152 -423 585 102 -80 900 -996 -408 -876 365 -797 69 602 -495
833 277 -161 333 -363 488 -645 109 878 359 405 -846 717 230 -590 -546 903 296 297 -785 377 -385 -430 439 374 206 317 -540 636 -419 976 544 629 617 40 631 793 -347 -177 352 977 -703 -290 -149 454 -251 746 -411 56 -374 315 123 -469 -699 810 840 619 481 296 604 176 -40 -885 348 668 477 -909 32 -478 -23 -37 -130 833 -31 524 800 -851 480 -405 963 639 -666 114 -705 274 61 -901 558 398 -925 -279 -549 -925 665 -271 409 683 775 -474 -179 -174 489 387 -903 -95 -662 560 -619 565 172 -441 636 991 -623 881 48 -828 666 74 251 101 473 547 -92 153 292 -490 714 725 -519 195 672 -818 -936 121 -779 374 -254 -671 -881 -222 252 -396 563
492 320 -675 -13 -60 864 57 116 897 -649 -917 667 854 -162 -276 612 511 952 832 -321 -486 -469 675 -249 3 -260 -718 416 88 917 -778 -243 -101 581 -70 -357 630 -700 -754 -787 -200 -719 341 612 -435 -517 -471 -341 -35 984 527 813 -293 -667 628 883 -99 875 -362 -674 907 170 991 749 512 821 -180 412 334 -871 349 857 -402 891 437 -252 -396 -371 176 -542 113 141 772 -738 179 619 -240 -451 439 -188 -238 -900 703 512 373 -152 -114 900 -793 442 31 692 472 -691 -394 -455 -898 -163 -370 411 -282 -866 -574 107 -747 -666 55 -112 764 -680 70 140 -790 -818 344 -775 59 -62 -678 662 206 537 239 936 -587 173 -923 -241 -571 85 79 -554 -819 387
258 -522 84 -135 988 120 -453 697 174 917 -319 168 -742 -388 -795 -354 951 846 550 125 929 602 23 204 -114 -736 430 -881 507 420 -869 644 629 -590 -266 620 740 56 305 -396 -238 932 349 -625 697 -886 -56 -702 -102 866 355 -997 601 157 850 367 -362 -894 237 -801 471 -87 -412 -906 -720 706 815 897 -91 547 -701 748 -858 -899 976 965 409 154 407 -289 630 597 25 -26 -261 -971 155 -999 176 311 710 361 965 -9 -38 108 183 -68 -685 302 -895 173 99 -938 -209 580 879 -128 -178 -147 326 -932 -96 -838 748 -30 603 55 -507 591 625 -443 -964 209 234 -235 723 844 205 -558 165 198 334 635 23 5 -927 -52 270 259 -772 361 -966 155
-917 422 591 531 573 -778 -732 645 892 94 -556 -244 -934 804 -814 -953 710 -503 378 29 -818 705 -93 -274 815 123 736 258 184 177 390 624 700 -66 135 653 421 -426 -36 -769 -762 151 498 -852 -471 -342 92 -124 424 406 870 -616 151 433 361 -635 -211 804 218 -511 -332 -630 -482 801 -442 852 -888 644 967 764 642 752 306 -108 -438 -793 -580 -5 -397 -27 580 875 -979 -375 92 -798 559 398 -191 410 -991 -332 885 -905 -234 -80 -498 -579 -234 -947 -56 412 -183 -691 -555 -39 -209 -448 629 890 685 -273 -768 -83 515 454 896 613 -40 12 908 387 358 352 47 765 -877 497 952 813 388 -694 -870 169 -746 185 915 586 407 -981 985 395 14 -250
304 -800 395 -911 -167 -288 569 212 501 -895 -352 8 -553 -241 -793 -982 -249 88 167 -335 642 535 -677 -839 -209 -790 436 892 124 83 504 925 39 248 330 848 298 -377 133 617 317 -215 625 -129 -305 433 73 397 -497 562 -845 -299 -156 -918 -498 65 -595 -721 922 200 -797 149 -863 105 202 -39 36 -122 694 396 112 -304 27 -689 447 -53 716 840 -182 -882 -91 943 956 -374 -236 727 82 852 -462 716 239 401 -432 325 988 429 428 998 444 936 547 934 350 -83 288 711 140 271 -445 519 832 -205 125 -478 534 -907 247 -238 -500 -184 498 -204 229 973 217 296 206 110 -430 357 792 728 -668 166 516 -893 -221 -651 572 432 -474 -477 -562 -786
362 193 740 712 383 285 990 -274 -864 -227 -670 -673 800 737 9 -496 544 216 -550 -53 -163 258 836 791 246 909 789 -944 -997 -897 -888 883 272 -482 555 585 497 -305 -82 -947 273 777 167 555 475 805 115 982 521 53 679 166 354 -818 -635 845 701 -797 -39 -907 -332 -481 163 584 -75 -722 751 -102 -238 329 -624 -889 296 -115 -437 229 -644 -809 239 981 625 -402 -525 -820 -9 -916 -520 -40 -707 -470 541 818 279 -616 978 63 506 902 -620 833 196 657 102 -896 409 813 -895 897 649 332 -862 385 973 -696 930 -895 464 963 -429 -515 -150 584 437 282 -218 -931 -855 332 -26 408 221 945 -771 -917 -618 -770 282 -579 380 -236 -860 -762 -737 606
513 599 -665 921 -879 308 -695 -464 -841 831 853 787 887 835 620 -428 426 -391 703 95 415 106 499 371 525 849 -991 -64 -461 76 954 943 -32 351 23 232 -18 709 190 965 -728 389 928 609 157 -163 -64 59 781 -179 894 669 -928 -286 690 -268 166 109 -668 -197 -807 -641 711 -120 -882 -60 374 -637 955 890 854 303 -46 316 -196 470 91 -145 -952 981 816 -648 558 -111 290 -889 837 -220 -118 309 -567 808 521 -986 -165 127 592 -38 -88 -628 -596 -410 726 -622 -311 697 651 200 439 494 -424 517 -534 -962 -717 -595 235 975 18 888 588 332 579 987 185 178 -391 182 698 -699 736 57 853 829 -511 740 832 -96 -558 -279 -508 -195 -667 288
349 962 -272 743 286 -69 492 -844 -335 -88 999 -24 444 -311 501 946 -289 -56 579 -835 154 532 828 103 492 -299 964 767 613 33 594 -599 -435 -646 890 -78 -370 625 -568 891 -164 -309 -871 836 -874 718 739 726 500 -647 -507 -292 607 478 649 719 32 -692 -74 -851 752 -515 419 -58 -689 -648 485 -670 -335 356 -919 610 -782 331 973 865 378 -490 -520 -345 364 -22 330 -213 -328 -609 654 -991 -288 825 29 231 888 -827 -916 -296 -953 -30 53 -868 122 -695 -445 524 839 122 -138 309 622 500 999 -679 860 577 -666 396 745 44 975 113 306 -32 107 -574 -351 -418 -750 6 -920 -614 829 -430 412 -77 650 143 -674 -819 -134 -781 -603 -579 -156 -433
-569 544 284 212 -825 568 158 -237 792 292 -924 -224 -209 203 -872 -542 406 197 -13 346 -339 -330 51 637 -341 392 -53 -849 -941 84 -652 398 -270 -180 513 600 -604 -808 689 -982 -858 955 -402 567 -378 145 -190 817 -682 -633 345 406 992 919 913 394 387 799 830 -35 908 669 -662 -7 800 -71 -807 411 437 591 923 971 17 903 651 185 -358 -381 -12 -682 268 -475 -252 812 -311 -854 -872 -309 -630 -362 742 978 388 173 746 -410 -458 587 776 -159 -881 -94 544 778 12 -210 368 -100 -705 -906 611 -378 -261 -320 967 -560 -500 -415 797 420 579 465 -855 288 -449 7 937 -473 151 38 -702 430 916 723 917 842 -180 -814 -703 131 -583 -324 -478 245
-808 -705 -136 -316 444 -62 434 -935 723 -668 281 -963 241 336 -535 992 616 -578 426 935 -999 25 493 736 -172 760 -302 691 556 -836 262 -345 310 -603 73 -643 783 241 -851 733 -611 -702 -565 -980 -994 987 560 103 61 -537 725 -178 115 262 508 -433 745 404 -618 686 -660 263 737 799 858 950 63 896 952 913 34 -987 -154 -895 -301 -767 26 748 -798 -787 -151 -220 71 457 -444 526 695 -211 607 970 994 -774 605 -700 -407 1 -697 -443 958 -145 123 550 931 -155 769 -637 628 240 -935 872 49 921 608 -69 227 -853 -174 613 96 155 -487 -930 666 377 35 276 -623 995 -302 472 729 848 -196 -923 534 -448 387 429 356 653 -321 978 675 109
-409 -818 575 -473 47 -768 -691 -688 748 -220 -126 -847 -494 125 238 503 974 -47 -843 -346 -417 993 -962 427 735 -668 -651 -803 -32 575 -245 -834 194 -205 -3 276 -31 -62 306 638 -133 239 77 -715 -114 18 419 482 848 565 -138 406 -439 687 -464 -695 -262 -326 220 -878 -767 498 158 -992 -780 -148 274 -957 507 32 145 778 634 -619 449 618 -292 -840 -12 -201 731 713 -896 722 -836 -158 911 383 696 -236 348 322 4 -961 990 -138 434 -754 -366 -631 -528 -467 -672 375 -834 793 -320 162 718 -302 -283 923 -636 -481 951 -433 -883 206 879 -255 -996 902 -373 496 -962 459 193 325 783 509 752 -69 -410 302 514 -677 683 62 639 -46 473 709 -453 -302
47 76 -434 226 976 808 -764 -461 -774 -348 -517 736 -796 -759 -854 416 800 797 -974 -644 -880 -298 700 -857 356 553 -191 -833 -782 -348 -967 239 -353 -92 -485 -114 -71 -765 -973 -728 -953 161 -863 -202 -488 270 766 908 856 -222 -470 -976 -175 -647 -591 130 766 -690 876 -52 -421 659 659 -249 744 -198 -112 -361 220 900 -209 -412 -74 227 -383 -265 -65 157 320 301 -420 -736 605 139 -689 -276 229 910 -324 -846 274 349 -391 423 205 222 -225 340 449 -95 910 -706 -916 685 -659 -243 767 693 -466 -805 -972 -169 -801 -550 126 81 829 978 -468 -880 787 551 -648 518 513 -157 796 743 440 -635 -156 -544 -815 -459 -738 149 -979 -430 -690 710 71 -5 494 -227
-842 -42 51 790 -913 -560 779 -901 567 -782 -686 -741 -507 -244 -349 951 518 928 987 217 362 926 298 -671 780 -696 19 -963 -576 865 755 260 900 70 110 -625 841 777 -700 -732 875 -986 -509 -607 699 69 758 849 302 -5 411 126 -194 252 -141 292 686 -703 66 -370 -709 -127 -842 671 -258 368 -92 990 414 449 78 543 851 105 864 -982 -715 498 362 587 83 -792 -968 965 815 68 717 147 -234 290 -705 877 -2 593 491 371 152 -922 -663 57 356 877 698 -993 244 -530 318 -788 -423 -808 -926 -457 665 -468 -554 945 -269 -55 -579 -878 -823 -305 733 670 891 882 903 372 -587 413 -368 99 -258 -480 -562 -487 -591 -376 270 -358 -951 -582 -718 553
358 -212 -167 374 -164 159 -298 244 -214 492 802 534 888 58 236 693 -487 -487 -657 864 544 -321 -547 833 -545 -547 919 488 299 -323 238 982 971 -886 -668 216 703 779 92 78 -722 -115 -16 -73 -793 44 160 -293 489 894 920 -987 -354 -739 -725 -742 946 895 92 634 -702 692 -277 -494 -865 795 492 892 -127 448 515 820 -328 -474 380 -873 366 909 -585 362 -23 -960 -112 900 -596 511 -580 825 -547 580 -880 -763 929 659 -356 689 -92 -158 133 564 -731 -365 -688 393 -339 779 185 169 -752 144 739 149 -356 -205 987 115 -34 407 709 -494 -923 238 808 -453 -594 -161 677 102 -530 997 226 -570 -290 -73 -986 258 768 975 941 721 -864 -134 -22 65
-58 -933 172 -428 248 -212 233 24 -595 546 232 -702 668 -245 123 -890 114 -809 -343 -27 514 -912 313 -781 -490 -232 -294 371 -764 -834 624 -206 93 -20 -280 253 -257 671 909 176 -615 212 99 -307 830 -20 -943 84 195 76 588 37 -573 -893 -402 -113 899 120 821 788 -961 -912 663 939 -782 -647 723 -799 149 -746 803 -466 -545 968 255 -448 634 821 219 934 -794 311 -400 570 -345 115 -9 907 -406 -491 17 406 181 645 -907 129 -709 -568 -623 -75 -49 741 513 5 -128 -671 -626 175 -893 -646 13 173 -657 269 8 664 -671 -811 -406 -165 -529 1 340 -177 314 -784 861 984 412 -693 678 539 -463 559 555 74 499 -91 693 414 -899 176 908 256
305 -797 378 -508 -43 -164 171 962 823 433 -640 -62 -111 -363 -653 -861 249 -761 373 425 79 120 211 -511 -407 327 -73 -814 -404 106 -773 33 -816 123 -264 -336 -570 -451 -724 965 214 -199 -614 579 480 -87 -948 -569 -892 -48 83 33 718 373 399 -851 57 842 634 -179 212 189 -770 -763 881 -502 631 -398 490 747 947 -504 -145 413 486 342 602 -160 43 600 -12 491 100 745 -960 -103 578 275 -715 -412 -112 -251 489 812 938 687 -872 308 667 29 916 842 -636 -626 102 961 -904 -736 -573 -675 500 745 139 570 524 932 -838 792 -912 183 -479 55 -610 -339 447 -564 242 -316 -536 -435 808 -635 -472 991 -111 -996 65 633 -557 835 -705 436 203 -993
-499 -863 783 -986 865 -649 -818 988 770 296 -392 -695 -806 255 58 904 -10 601 753 -642 746 317 976 981 33 216 909 -107 466 -855 -843 -2 879 -922 432 484 -617 282 127 215 -741 380 -542 525 350 940 -474 -113 309 -292 -325 -499 -226 -584 148 -593 28 -108 -856 457 432 -607 -827 697 276 -228 228 -432 -206 -637 -697 795 817 -203 -273 926 815 -572 139 492 10 713 490 740 -712 389 -447 -389 -538 240 -168 19 -51 256 -705 213 -543 503 -705 400 404 952 -165 -195 -664 536 276 -34 -479 974 972 -573 280 390 -622 -967 44 264 188 -816 -382 -641 -29 375 798 -567 -648 -346 778 314 212 -953 -557 29 -547 1 963 -248 -555 259 8 75 -451 -790
-348 -91 134 79 750 -221 40 -240 -43 -330 267 905 -555 -976 179 -193 706 -822 -855 233 865 277 -508 -149 -266 219 -282 -928 984 769 402 787 -303 76 588 10 -494 508 -983 -352 419 -470 -827 -546 663 201 -268 341 -850 556 944 218 180 708 273 -802 358 -556 58 793 -363 -429 -384 595 -556 -339 790 -498 -308 263 275 -909 366 61 -555 -568 -824 -647 815 107 -991 802 -114 126 -386 895 -423 479 663 86 615 306 596 -506 826 333 688 -131 921 192 -704 -681 795 959 -467 564 -593 621 204 -284 -951 854 111 785 87 -566 949 409 689 977 -100 -249 -241 -785 807 941 388 -474 -806 32 856 -78 -718 -16 4 549 -158 787 -569 -256 728 -243 -491 -678
-626 701 -690 -448 988 -201 -259 -775 -102 -391 -873 149 -877 381 355 -606 566 122 -327 538 934 -425 243 460 -767 -226 -512 -683 -450 712 199 -533 -641 746 -711 -778 934 956 -177 203 -636 514 290 -906 -307 -679 138 -252 471 -785 350 859 -480 -561 90 806 479 -776 383 624 -989 -902 -508 -468 105 -884 -806 -705 873 -276 157 459 911 -172 854 168 55 933 -835 481 -703 419 -292 -39 357 -499 367 984 592 -569 -184 -906 -148 614 -785 -398 -883 791 -970 735 856 -692 -678 -692 414 -492 -427 -178 -602 -666 113 557 585 -966 711 -472 -457 -204 405 661 871 -866 142 -919 795 -624 -404 -816 754 943 304 362 -425 751 730 -861 742 198 564 -516 335 639 648 187
115 -105 722 156 -437 -344 -303 -46 952 -864 7 127 -26 -51 -849 907 713 -985 -914 404 105 -854 498 -909 -662 574 295 823 260 197 456 736 -750 -640 -589 -807 854 814 -187 371 329 658 149 139 -561 240 301 -89 -791 485 -846 -910 -412 928 628 -47 -753 704 833 609 699 539 901 880 811 -361 -452 -524 474 -199 -761 459 91 393 -563 993 -612 606 -55 -536 68 587 497 567 -725 421 -457 -623 -487 -640 -696 912 230 -843 81 478 33 146 -414 784 -548 750 -709 703 -556 535 -334 -699 303 -886 -601 145 -66 -514 239 -10 -894 -418 -804 310 907 -63 -642 902 699 408 -766 -929 760 -941 1000 -527 49 -48 -109 291 -840 97 -950 59 -18 -279 123 -26
-964 355 447 -651 61 62 -327 -603 -855 -967 968 -967 -292 775 171 -506 -810 255 -236 955 59 -125 -267 -37 -806 -85 -473 -888 11 718 810 -483 770 540 23 -136 800 586 -223 -702 -568 682 361 716 -305 23 657 -359 860 -6 712 -942 -976 -820 756 -806 -625 105 782 -562 -516 -595 -569 392 371 -2 521 -287 -33 -299 632 976 -84 -502 151 852 343 -997 -474 -887 -703 24 969 -358 -750 782 -155 -540 138 -193 419 -797 627 -277 -281 -52 -301 -243 -54 933 -34 -509 803 -444 -840 523 -268 435 167 55 -496 -563 -89 -147 -309 -424 503 -562 -454 319 -976 785 -566 -854 -554 107 124 396 647 -836 701 -839 385 905 -636 386 -400 930 -603 -97 -203 64 947 807
610 973 34 -401 209 -385 -823 605 533 -686 326 -25 504 -735 860 461 883 945 232 784 428 -198 33 -51 -166 547 -690 554 -172 -599 689 -436 -217 12 -911 -29 166 886 373 354 -852 760 -324 286 141 866 714 787 346 447 397 -578 179 971 -178 -646 -521 818 82 714 967 -473 -416 576 873 -515 525 -584 393 549 -509 68 -999 -43 416 -236 520 849 -405 209 545 457 -927 -89 746 -545 174 77 -531 835 791 -622 756 477 915 -490 685 422 -822 850 445 -461 -138 453 -335 -65 -250 -965 719 611 146 492 -101 -603 -568 -129 534 -501 740 393 -160 26 367 134 -370 63 671 835 39 697 124 -651 -840 -95 322 -359 -9 -264 -878 -839 165 -501 -685 -184
-819 -107 966 -406 521 562 -9 -989 -685 -309 -753 683 -903 -446 -954 -982 42 -869 54 421 797 -874 875 -411 416 469 -409 593 -418 -930 -990 488 -646 -82 -274 -19 360 248 -248 -961 -437 9 -421 627 -519 473 990 736 -934 705 190 647 207 -605 -186 765 864 -374 202 -457 654 543 932 -239 567 421 -987 571 551 -46 -3 688 188 -454 502 996 -94 -823 794 -71 44 -227 438 -322 -892 -850 -138 -91 634 -373 -593 47 121 -702 139 519 -809 -836 223 87 731 -221 393 -53 -552 704 -11 368 -744 -507 -977 -712 468 -428 -798 -338 671 -182 111 -624 707 -532 890 -82 -925 -820 -722 957 -449 -696 848 728 -330 159 208 819 310 369 -468 -435 -273 194 -272 579
5 202 -968 971 -556 -964 294 963 -898 817 334 854 -144 176 462 -696 867 45 747 607 -595 -293 391 718 568 863 319 478 -997 -765 -943 -373 820 -637 506 -295 -505 375 365 258 -176 637 944 -611 36 -557 305 -933 181 750 -298 305 -811 826 -111 702 418 -849 -446 632 -976 828 614 -425 -28 866 78 205 -372 608 -518 -416 748 -570 -924 -122 3 -648 714 -916 -548 -287 -653 -781 -320 1 -206 759 233 469 744 589 -30 114 692 777 -54 -563 390 -71 951 -407 -287 658 -89 -594 -546 -987 337 -413 365 93 970 617 -553 711 148 819 -513 -530 -111 85 -346 -429 -235 -760 -690 -442 -279 919 -282 -653 -132 -295 -988 891 980 299 -206 286 -510 -439 415 -702
-701 -103 -267 -333 -93 -587 -806 583 -291 -397 -480 -564 -595 226 184 -847 -858 -157 724 -994 -817 -830 -711 816 -632 -561 -525 197 -502 285 882 272 -99 -329 -749 602 883 762 -38 214 -799 -125 170 -178 -210 -763 743 559 -156 -890 -622 -258 756 -696 -380 -955 454 -993 -378 -881 -3 452 813 251 -87 -907 99 768 54 -938 -432 254 -942 328 520 476 268 -956 829 -668 -56 789 -203 535 255 -337 -857 -594 115 -560 415 -914 -560 81 161 -153 221 584 442 169 562 366 -271 -188 -700 -856 621 730 -724 -508 752 -413 453 -974 769 797 772 140 392 -978 642 -124 274 -936 -555 24 276 -681 -915 -460 28 330 458 581 -622 -197 -262 789 -322 893 208 -88 372 -863
528 -30 -278 -43 519 515 426 346 -792 656 978 -976 353 574 233 -624 -484 317 -660 -251 -479 800 631 -72 233 165 671 -761 813 -219 -933 402 909 505 627 -174 460 -938 993 -347 665 -201 -156 -150 264 39 468 901 591 535 -161 -608 557 226 946 -497 212 106 3 -722 743 30 971 -711 191 459 625 967 840 268 -926 900 -408 -945 892 -182 799 533 -567 -212 377 -826 186 638 -783 -161 -951 -380 336 -855 944 853 -893 -809 263 795 -358 -244 -696 -502 701 886 576 -533 -263 59 830 -859 712 -130 973 -362 -497 174 30 323 656 252 -977 810 -224 -538 552 -720 -173 -283 -268 204 -909 207 108 -578 432 762 879 78 945 -882 974 733 697 662 -813 -534
-236 531 -94 -941 -448 412 -408 501 697 -571 48 563 877 667 -491 671 62 842 -783 -376 469 460 -525 -96 180 -722 -481 808 852 -608 -224 186 -291 -696 -967 771 -588 -908 -663 811 942 122 -36 402 -557 -482 -450 -775 94 -832 90 874 -383 830 -655 -395 -203 77 -730 -71 62 592 -650 -229 -371 659 -778 -731 -400 871 -556 -466 164 -279 -321 578 379 801 163 206 -504 -268 428 314 934 -249 -292 387 -311 -239 -281 -348 -788 -533 -421 720 -599 278 590 -305 952 -391 992 -765 -913 -362 559 -875 -713 -248 760 -47 -961 -789 555 187 -871 -392 584 748 -397 -820 -938 -483 -992 -988 467 654 917 -186 181 52 48 767 222 365 690 293 62 481 -163 904 530 807
-24 -150 219 992 -369 439 -214 309 167 -317 -265 440 -816 895 0 889 772 840 638 -152 -868 508 -812 -463 -879 -551 49 233 -289 628 -188 -461 -186 723 -481 416 -598 872 -763 513 91 -486 477 -710 415 -351 -8 -940 -694 -242 -209 239 448 949 501 -413 -895 792 523 433 -861 -431 -253 -549 -642 -293 -915 -852 496 -227 445 -75 176 -507 973 -731 -496 -323 -882 324 -676 -595 -902 221 0 653 -203 -618 854 452 -542 109 763 82 -206 -399 -605 -490 -457 -455 -301 -291 -586 -763 -595 744 -37 895 -247 -536 726 957 -258 313 -268 -617 192 808 -151 -689 995 -318 872 801 -963 619 5 761 874 280 -111 -708 -839 -311 -827 -428 -412 278 634 315 829 -347 -859 179
99 662 -608 -945 356 -997 -797 -206 -164 295 66 -110 956 -287 928 -664 -202 -891 689 -217 -779 -265 -723 -681 -23 757 432 333 527 217 862 617 704 -105 -540 507 -64 -503 -583 194 -650 -939 740 595 -980 199 -793 818 -164 -240 985 -240 458 843 -478 386 -143 104 -449 -983 37 775 -219 867 -952 82 -286 462 -792 -185 -241 -780 -43 657 98 -472 -464 98 575 -789 -113 -833 -306 -822 62 648 153 40 847 -478 204 420 -670 371 239 -121 447 -582 447 -804 640 -888 264 -516 -788 31 -865 -491 94 -859 779 -826 308 164 596 -615 595 -94 164 -66 264 440 -949 -528 986 -430 798 727 -453 50 607 -743 156 48 151 -435 704 -686 432 -770 -567 -156 -96 -344
-145 -667 -785 498 847 558 -599 8 416 319 -673 51 -543 247 -840 87 -787 -769 166 522 -15 -268 -941 -372 500 48 -391 -409 -219 228 736 -572 -717 500 355 119 485 -929 268 521 -102 -967 974 624 -662 407 -207 525 892 -154 519 465 -847 -312 925 317 397 412 990 -60 294 136 417 223 -92 758 115 206 217 -983 -49 -90 -822 -581 106 843 731 452 -357 -5 -359 -439 -665 772 -527 -978 587 147 -466 -935 338 -534 -336 501 -217 717 583 255 212 346 -610 -831 136 642 773 505 952 -760 -505 965 684 -299 635 301 154 918 -363 380 784 51 108 941 -550 -692 311 -34 100 -238 224 -429 538 223 874 -118 283 435 -641 87 427 220 2 748 -409 -127
-252 918 548 683 -382 -202 -720 656 283 -950 762 -882 -385 -712 798 -831 514 -554 -88 865 -864 57 -886 762 347 -951 361 633 -864 29 273 0 -744 552 -504 935 10 -417 -768 256 125 837 166 -12 -916 150 472 -258 -894 -964 -220 836 -396 273 -101 -562 174 786 -124 -827 437 -532 221 -167 -132 359 396 750 387 859 483 676 521 658 -158 -766 578 -724 -298 -785 -765 169 560 -324 -774 -441 -415 593 459 -440 721 643 85 190 895 238 -28 -426 450 805 591 -977 701 -157 161 -11 -591 -915 565 383 -851 -682 762 17 721 -530 902 94 -272 -792 -121 -291 644 -713 548 807 523 820 515 -165 398 -658 451 -674 -669 -225 -263 -126 872 983 153 -222 -64 -776
-6 583 -677 605 524 970 -835 103 965 -553 -528 405 438 -886 101 463 -307 408 -426 879 324 -35 -281 93 822 -195 -245 742 -142 377 835 -584 -952 961 929 -467 0 -128 827 -63 266 -840 299 321 -336 651 -302 -190 -265 -189 477 427 -891 -705 -976 497 -772 266 -434 -931 612 -615 -261 283 -489 -767 937 -446 -394 531 526 -437 -87 645 903 47 -268 -290 309 -862 -859 926 902 694 -551 904 159 158 350 397 213 240 931 -91 59 677 364 -628 325 656 -510 216 954 -376 183 851 985 948 775 -791 259 162 -150 494 294 917 406 -243 -471 89 881 393 -957 -669 660 -110 -953 361 554 -793 474 139 -440 -542 708 381 648 548 -604 -717 -995 -771 782 -168
-261 -472 960 74 -802 657 339 69 968 -620 -275 170 889 963 -477 -628 -538 196 699 -280 -532 -875 639 670 -738 -835 718 272 -869 912 524 -891 635 -962 202 -133 887 -328 497 551 984 -816 -969 -614 -729 -771 116 914 740 984 318 -359 163 182 -880 383 -544 545 -759 335 499 309 -431 -16 958 -379 246 -166 180 -121 -11 -877 -204 771 -171 -235 210 -989 -516 462 39 295 261 564 -481 808 393 899 -496 278 -54 -908 -742 161 -97 283 586 480 -423 -355 248 418 -331 892 593 -369 442 289 335 -775 834 165 227 -636 -779 -948 -91 -385 -272 462 -446 -513 -59 947 485 599 -692 -341 -368 -987 887 -585 601 -724 932 -697 -30 -279 -725 -159 -96 -668 871 747
-99 -987 -78 -811 -743 -368 -696 86 -116 -49 782 -863 -858 -485 -677 -381 -777 183 420 -692 202 329 326 648 812 581 44 -887 555 951 -591 -701 -839 605 991 852 256 -433 182 637 207 988 312 -751 546 226 -415 489 -879 809 -765 1 239 349 816 -45 -862 535 273 894 866 711 -461 -606 90 591 369 699 28 415 316 -600 817 -936 88 263 14 -145 -480 766 -766 945 218 -56 956 733 932 -389 -311 963 -546 -622 -677 759 -623 -436 21 -943 77 -768 -766 420 -528 -774 886 -583 -382 823 476 887 -978 9 -849 -431 299 -617 20 141 -23 324 996 876 822 -21 504 -901 864 -380 573 85 997 -139 567 -158 -58 104 833 -655 -518 -491 706 -899 -242 812
-453 559 -869 -127 957 912 288 932 616 104 -610 -197 -849 408 -701 879 -649 480 189 -304 -131 782 -656 -218 -137 -267 675 -843 82 -42 -299 316 -485 -211 973 554 -774 986 -193 301 -39 -278 -406 632 626 -31 766 -368 -810 -985 571 692 -422 -4 -764 231 971 377 -462 -580 562 549 -58 -132 -941 -192 326 518 -97 -49 -887 -28 -950 -683 -450 -731 -393 923 645 -531 287 972 -751 518 560 287 965 -960 306 593 -964 -516 -331 702 485 -959 678 -116 -165 -903 656 948 -782 300 991 -722 -963 -777 -704 505 -115 -104 821 -780 100 136 629 -517 872 997 223 -607 434 -373 -978 710 454 623 472 437 -67 728 545 -3 671 -774 845 -86 924 688 35 543 -919 405
701 -14 -760 751 -325 821 623 -919 -121 -580 -549 460 963 448 910 -631 -945 -561 659 197 -810 -707 2 -638 920 -181 -977 -954 787 -110 -515 249 506 812 736 768 -504 896 -416 -239 461 -728 921 643 -937 176 800 804 204 141 -688 118 228 -536 -879 647 -605 -794 -502 -805 612 -187 414 -696 609 -555 978 -130 462 448 222 401 774 280 -62 772 -690 731 688 948 37 -875 279 670 -515 -205 -880 270 563 831 241 -907 313 621 -657 -410 -155 -31 -240 -643 179 -582 830 268 54 -545 -616 324 -805 341 210 796 -194 -454 717 33 982 -831 434 507 731 -710 503 791 -168 -995 -652 694 843 -365 495 657 522 705 339 247 -512 -878 767 645 -60 592 -933 -975
154 -929 630 35 467 -314 122 177 -480 267 -95 789 -188 -439 177 573 -169 112 -749 -258 182 810 -239 966 -88 -346 -899 189 -916 322 222 -665 174 777 -491 -103 72 423 -849 133 357 -667 -765 356 -495 -26 -629 238 -772 493 -721 -983 781 -136 60 -836 -381 -163 244 -561 -361 -401 863 833 -435 -451 -160 373 -551 791 434 138 -945 -482 385 582 -797 -569 -875 62 830 -580 600 869 594 784 -407 238 -11 -948 425 -401 425 330 755 4 -628 269 -7 -243 -677 283 -167 -106 -991 73 430 577 -642 817 -317 689 -221 274 -222 -715 -503 996 -837 -736 881 375 -960 753 374 967 701 -988 750 574 693 980 -256 406 -569 -85 832 249 736 391 -362 503 233 11
-52 531 -175 -513 -346 -837 -890 197 -853 898 221 954 -910 -405 -191 644 552 -252 280 -834 189 -883 -704 -723 15 -317 313 -674 -145 -98 92 -177 -241 -637 -423 918 108 6 367 130 665 273 -317 668 -47 -999 -892 297 -114 -877 -107 991 -937 -909 713 -559 -733 140 -851 729 237 -551 -833 -510 -224 934 381 719 -399 844 24 682 -868 -937 -840 157 71 -330 -280 135 899 31 -767 -565 -144 -564 229 -469 992 454 -558 -883 628 348 935 215 -702 528 -334 -964 -232 926 -553 323 634 490 -226 -976 72 -203 -365 993 539 555 113 -489 254 893 600 -305 -967 -106 -390 -212 920 860 -474 -13 -422 -444 60 -717 -43 370 784 -770 -681 -484 -311 -823 -200 890 -263 924
-517 77 -362 -842 -109 585 311 624 -734 720 939 412 -179 -820 -558 -886 -325 -616 799 -474 556 -933 261 866 710 979 591 76 -853 858 -516 -981 391 -104 -329 171 117 852 228 691 -656 -840 -425 -81 -793 -320 -977 -385 570 -546 335 475 -879 -578 108 -47 508 465 914 333 437 -616 98 228 -318 607 -330 524 758 691 598 763 103 177 802 -853 -950 685 431 39 -886 -708 -65 709 -56 254 -615 -592 -163 235 -809 -992 -54 -727 94 856 992 839 761 381 780 106 926 878 -822 -287 802 547 986 550 -376 -122 -720 100 372 280 661 512 142 -318 -261 -107 274 -502 -210 768 -267 -98 150 -315 -350 -272 -295 587 -127 -467 654 -469 -39 -837 -485 -608 -99 719
-512 -5 -286 729 892 -313 961 -947 -451 -13 839 766 -570 801 297 584 -984 619 -347 650 579 -435 -572 255 -858 -798 -196 -712 82 -994 962 -537 60 -811 557 874 34 -889 -651 322 -923 -119 953 -608 -460 33 512 -997 -583 158 -776 -192 45 641 155 -522 -698 332 879 716 -863 901 844 -78 -661 934 840 -255 -679 -651 -482 -120 -489 -613 926 36 317 580 -675 539 190 18 -307 -923 -742 141 136 295 -428 155 -90 573 493 56 -402 835 -897 -654 680 -143 -842 356 -863 -239 -456 77 88 718 390 -932 -171 -165 794 -229 761 -180 -80 37 -191 -827 -559 916 612 -674 -453 91 -980 271 412 765 -31 -722 -99 -135 993 -990 556 -589 284 498 -543 735 -453 528
-334 764 848 491 -862 363 153 -763 -940 -453 126 -109 -99 147 602 -262 -57 -485 -9 284 962 55 690 510 326 80 349 -363 -349 -95 323 445 681 75 598 -138 468 837 404 -69 -545 900 296 -944 -599 -925 -355 791 852 -561 -82 447 538 -494 312 -998 -902 -70 465 506 513 -491 353 663 -108 -517 302 -529 377 -393 -633 -166 598 691 790 -247 321 624 296 779 246 783 505 -276 375 975 712 -966 -66 387 -374 261 685 -417 634 386 951 719 254 -884 -57 500 -460 -600 798 348 492 3 -918 -771 287 10 -446 13 429 -267 334 -959 357 -719 355 -416 397 -662 -547 -844 -95 -543 692 -500 -408 255 -383 705 -94 -586 -534 -77 253 0 137 926 711 999
779 63 878 112 692 861 -621 565 -417 -586 781 -883 -397 167 602 -263 946 183 -384 -946 523 704 818 -613 -433 -501 622 934 305 616 -269 -377 -810 -505 560 -16 -933 214 311 -473 -122 87 -272 -590 117 -868 954 -578 371 -318 188 988 -471 -408 -438 617 -799 -982 -349 184 581 -594 -201 -722 838 218 598 -663 -439 -288 -332 14 539 -200 808 766 -170 728 -157 100 171 -110 -130 -451 -801 986 -339 -364 -189 355 960 10 635 309 -953 -929 32 -228 917 -481 512 -288 94 -484 -701 -435 10 -589 -711 174 -884 -306 319 -997 -117 406 -831 -964 959 818 121 -647 120 -784 -763 -944 424 -161 -473 977 -319 215 710 921 -519 853 257 666 170 87 -316 595 534 -912
819 177 -441 -343 51 -142 293 -411 -840 577 944 654 217 227 -419 81 560 45 -482 147 -963 528 -998 335 394 -366 -132 -19 -23 -230 -890 -192 186 -88 -986 956 761 927 97 689 -44 847 -612 -535 810 259 -310 74 -882 52 688 249 -597 616 -12 -500 258 795 19 665 526 -840 -895 800 -903 468 -196 609 727 -793 -855 -484 672 663 176 -12 827 227 -396 366 54 -774 554 796 -781 -603 -501 400 -52 327 4 671 662 544 267 -203 419 488 -980 -338 577 62 -783 -88 657 653 -128 227 -718 -8 110 577 -436 354 -111 544 808 -916 -908 -815 -852 252 67 -636 -651 598 -554 -222 413 474 -37 -42 -164 -166 12 809 42 -91 -625 -70 -286 581 -228 -954
-974 -510 -871 409 608 689 737 -447 -9 284 -748 -198 -545 15 232 -804 906 -836 -211 366 -918 620 -707 149 -800 -541 -670 109 975 -66 514 82 863 -708 166 -725 -482 294 536 52 -32 -147 91 -873 -201 -498 532 711 639 900 -155 152 544 -806 219 350 806 459 141 -544 237 -872 549 -184 693 -795 795 -597 -235 -687 -419 191 492 -143 347 302 -829 -136 654 854 991 116 41 -886 -494 471 839 584 -591 -128 900 215 -768 663 936 -915 -135 978 -354 75 91 -970 -798 502 335 957 -247 83 710 480 155 926 -529 705 -805 -442 -444 1000 663 969 788 744 -966 -825 476 989 543 -155 -770 -283 113 -319 147 -504 189 -99 476 -171 505 -726 -332 -950 718 226
290 863 -96 930 -645 -880 926 -574 100 789 517 -941 484 -416 47 -796 104 -765 425 -560 -895 -5 386 -425 -632 653 398 872 833 907 267 -552 -243 98 668 -895 -167 436 160 826 -764 765 -25 -481 750 132 811 877 716 688 -583 972 -871 -252 979 -295 182 -8 -274 -577 33 -986 998 -990 -413 430 418 -25 -492 550 -302 -381 377 546 181 -433 -771 492 -377 373 430 -16 439 -7 -130 -874 214 359 955 -516 107 -187 600 -593 292 -220 -855 -137 551 889 -258 -67 -697 -430 -777 649 738 327 294 668 311 543 -431 710 -795 -980 -986 -427 622 -780 -342 396 -806 -147 506 619 120 -204 67 -879 527 841 956 634 387 523 193 -426 148 -420 971 137 752 624
666 72 600 199 -748 870 -433 -747 -553 811 -801 875 -21 782 646 -861 532 -769 862 -771 -397 324 -421 129 -229 701 -579 -672 -239 598 981 588 -340 233 -333 688 -932 269 -818 141 152 335 350 -445 735 475 547 -952 736 -441 984 -56 -379 156 241 745 170 -622 18 -375 556 -745 122 166 412 188 -804 266 -30 -84 -498 -446 -785 602 -534 553 -533 198 818 5 476 91 944 -786 -632 -968 -484 -10 434 601 -666 -454 -32 -831 -173 115 925 -714 -747 -263 218 746 -301 405 -880 833 872 -671 225 -300 7 175 -52 880 -708 179 -626 747 13 -707 -250 -42 -785 183 -943 968 53 39 -764 924 -445 33 537 -296 402 -515 160 -920 -36 -576 358 760 -234 826
-61 923 686 523 637 346 569 578 778 -132 -225 -508 227 -146 771 -11 309 240 490 695 209 508 685 -980 850 -781 -774 617 526 182 52 -23 -522 -994 -214 602 -376 -264 -235 697 724 -95 731 -251 -421 569 17 -798 243 695 270 -355 -969 -23 -422 -985 987 -714 -395 848 973 819 180 -495 -536 590 -58 -907 514 -806 389 -347 -43 887 -201 -81 -37 237 -844 -558 -510 997 -798 809 -577 -700 -3 -63 943 613 466 425 696 466 474 -347 926 -993 -76 911 513 -797 -517 923 612 819 247 -780 904 -131 495 184 -857 94 -20 318 269 -528 248 -289 305 548 -523 936 -895 664 -5 874 -613 -955 -663 -772 -552 -761 -419 862 610 250 574 74 519 461 230 761
-234 -666 974 800 -139 18 -495 -587 -891 -265 610 -607 125 -280 -422 964 -972 148 -631 240 331 -645 462 -381 374 -530 993 -572 298 98 -146 -359 2 -368 124 -573 -948 -355 -693 679 768 -431 -979 -807 657 118 -821 711 -100 351 456 383 909 482 210 318 257 900 -780 278 -346 239 73 427 -161 866 -868 -69 -508 69 -21 -888 182 920 265 -749 63 -681 770 118 -472 -516 -247 -883 -412 113 -610 -734 -742 384 -5 53 160 -279 -99 -172 482 863 -688 268 -494 -225 -573 348 602 -274 -533 -397 -323 238 132 678 731 861 -239 -305 -829 475 628 -28 -269 -347 42 -941 -582 883 606 -840 -65 -86 685 235 107 -242 -903 -471 -319 -248 583 941 -675 -176 -284 -838
314 728 756 -505 -450 -396 -197 536 -960 537 516 -666 410 577 -466 874 -343 -296 -569 507 -895 983 417 129 270 331 785 -555 821 496 -762 167 -264 -289 -922 699 -359 449 148 -686 390 575 190 -448 930 -216 691 -657 -939 -706 946 -128 793 285 749 -967 -651 201 -692 15 343 147 398 -63 410 615 -421 -770 -216 277 805 677 -8 362 -228 103 616 459 352 -405 -458 -370 897 462 -408 -603 -269 -572 -180 -601 -2 -144 857 -644 385 827 756 -476 -74 36 927 -235 -895 325 139 912 -926 -242 -273 863 -86 545 -703 653 -230 -583 912 897 518 647 -396 -871 553 586 590 -593 98 698 697 -998 252 178 978 276 -708 -360 -701 723 851 26 -150 487 243 534
377 -721 -1 789 -825 -248 -933 774 84 -206 66 -477 -103 -127 806 -590 -674 -211 177 -822 -651 102 -645 -288 947 -999 -507 525 255 -665 -735 -291 883 -856 117 343 -848 715 -732 84 -162 -392 76 -162 320 757 -17 -810 726 -591 -471 -94 204 -384 -208 641 256 692 -102 860 401 100 232 252 -718 412 911 -814 -482 -320 -361 -282 198 -882 861 -577 246 447 419 -5 5 -374 567 829 -933 790 -895 513 -147 25 -74 220 -141 -719 394 612 683 -418 818 297 -25 651 -8 -704 -607 199 183 -550 -994 580 261 501 -496 587 -927 -737 262 90 626 818 510 700 -737 416 395 -333 717 -756 770 644 -429 946 -131 783 9 -219 -78 25 -369 580 638 -344 -966 199
27 -310 -471 -228 529 -126 -762 -680 313 97 791 -756 -548 589 116 -826 -550 -704 964 -703 150 -480 624 922 -658 -154 -823 399 -391 733 -459 -394 601 185 932 -680 -528 674 -784 -39 271 -212 -429 -956 42 3 -444 295 -537 984 809 -152 821 499 -816 771 281 -653 -792 737 -29 122 330 -74 447 -770 -123 983 72 -131 775 -282 679 -752 -745 -68 505 -6 783 34 -594 702 -568 -820 -627 -213 -931 835 -954 -75 -863 93 -112 272 861 -358 -304 -101 738 -642 491 -745 -980 646 242 -13 583 473 -979 -954 939 -963 -749 391 -541 -174 964 -52 508 -337 -775 126 185 -409 420 117 883 103 -495 645 413 -880 190 -299 -731 -789 311 -777 -681 430 -583 -503 731 745
745 87 -193 685 -323 -965 -512 298 343 -333 -559 51 147 -132 -66 -911 566 960 -533 336 -667 106 69 -262 -696 338 -566 -690 307 601 132 -227 -284 434 960 33 -468 -725 -243 -310 -364 312 0 -362 289 426 -491 -741 -287 480 191 -956 261 282 688 359 -359 -298 -843 -769 -482 986 121 -421 329 -340 794 370 -475 705 -504 -255 291 32 -231 274 -926 -46 -759 458 -247 -295 -593 -240 -96 -806 667 -843 -545 -552 -564 -76 -610 -449 526 104 172 -679 288 452 764 -928 -205 451 809 625 -1 -771 602 -343 -368 786 -608 -193 -755 198 748 -66 -503 9 -835 269 -30 178 -633 124 -553 -217 -928 -195 -457 220 -363 333 628 53 -119 -690 503 -70 -99 -574 -851 358
26 -650 -850 859 603 184 -834 151 -808 743 -915 -693 -786 -986 -983 -371 970 -804 35 -36 132 251 -913 123 -312 -566 -363 541 -817 -719 -604 523 172 -959 -970 948 339 -818 607 18 -188 107 -145 -235 581 448 -681 510 -595 -343 360 -662 77 -242 70 505 249 -485 156 714 532 -149 538 245 -310 918 -23 804 -266 164 190 -113 868 -212 -611 -222 625 782 -875 509 -50 -118 -375 -455 -412 -581 639 -958 -527 -269 -991 -139 368 -173 -494 -873 119 -201 -678 431 330 -339 -478 -639 332 496 -117 72 -154 -219 -856 415 -816 -111 92 781 141 245 238 587 979 407 -55 -46 119 110 -608 774 695 -342 -626 -407 177 877 828 -803 834 -630 940 -918 680 -983 -158 232
-664 355 403 858 -148 -496 -363 -857 84 891 646 -266 -387 -609 -488 -395 0 -111 137 134 993 25 -15 -377 -969 -370 741 844 91 -548 -327 -997 -310 997 659 -924 -379 513 922 123 -680 -525 444 500 663 -629 -401 729 595 737 -993 -613 972 -76 -618 51 -559 -657 234 -733 436 740 337 -706 -103 -983 79 -128 188 -804 208 -981 -463 -877 -847 -336 -265 4 -520 918 -362 -898 -844 -550 728 -269 543 -716 980 338 287 593 917 -411 572 642 649 20 29 -528 517 -668 -725 555 -874 -929 935 -706 -126 497 -633 -320 -931 780 -405 745 -776 169 686 -882 -749 588 808 -452 19 418 -432 -98 -225 -662 -241 330 -76 -19 -416 830 937 -949 483 194 -771 -733 -847 746
-341 -433 -183 -101 959 -518 -695 -617 35 383 -936 855 883 863 432 -156 -177 62 218 801 -466 779 610 -167 -802 -725 233 -208 -454 -336 200 -343 -299 -853 -830 612 -845 411 -509 -927 503 -720 -267 -986 839 -319 -127 -168 -820 -42 338 601 293 931 -363 -113 -678 -254 -244 -323 798 652 -558 -256 958 -637 218 -552 -297 -225 -960 337 -588 -701 737 -179 820 203 166 399 -262 21 -966 -617 558 -391 -499 -363 -303 -554 -734 716 830 538 -861 -476 -853 941 724 492 -161 -325 -155 -966 318 -628 -368 -576 -353 674 403 -99 -722 158 -776 861 -466 752 623 799 838 -327 -243 -415 -148 -802 -931 9 32 -133 677 -142 -545 818 468 369 -713 -433 -680 -284 -646 -583 252 -458
508 983 -690 -879 -665 -20 638 -848 -290 320 -382 -64 894 -291 -794 -221 864 115 -415 -96 427 -648 -396 282 -474 -608 -53 -965 -245 -396 182 -707 -233 -222 801 821 558 145 -162 413 812 655 -475 509 742 698 -830 453 863 727 220 585 -826 66 822 -440 845 -14 -450 -101 276 728 899 551 -556 244 -828 287 824 756 932 586 437 91 393 -596 26 -951 -413 851 914 -404 410 -319 -650 -685 448 -768 -656 747 181 167 -965 264 -982 264 646 514 -675 -206 471 -311 -813 -806 -660 998 -621 130 -804 -433 -129 -317 -163 438 910 -52 -354 -496 373 -250 -652 317 -764 531 243 281 -532 387 290 -930 990 35 -63 -637 -513 -62 -714 917 -121 513 706 -80 137 327
579 329 -787 -642 434 940 105 -323 -803 942 638 -445 255 -242 495 349 -501 125 620 836 520 -682 364 -954 -106 -133 633 -849 735 -498 725 -92 392 441 -437 155 -362 -997 705 -294 478 -928 -199 -613 -619 91 -842 473 -986 530 283 411 -462 551 -1 345 529 590 829 607 294 511 -616 829 -831 522 892 -760 -433 338 895 -63 748 872 -857 -144 -744 901 5 781 -442 -317 -258 -902 33 137 603 512 -918 -351 -154 501 461 231 997 695 114 224 -205 -56 -209 -108 473 -331 762 -854 -836 53 459 783 256 -789 272 -93 -565 695 -405 432 -748 911 982 -537 -534 757 519 121 976 6 574 -545 486 -737 635 854 -813 571 604 458 -402 -995 164 718 508 -73
456 -874 148 -315 547 -735 975 665 729 150 363 -668 -824 233 734 701 266 -54 -329 -815 -697 -325 912 -825 -264 -324 -945 318 966 -635 300 582 321 239 78 536 652 127 526 691 -922 992 -227 452 99 -740 -255 -111 249 311 522 -414 375 -120 355 -292 527 356 -651 364 -11 664 501 -820 -593 -733 -707 -171 -676 -769 -985 -463 513 426 -666 395 878 -571 527 902 -704 312 -75 -298 239 -817 -701 -817 -633 -506 -879 441 101 -916 -150 -915 -345 903 -316 -834 -138 564 30 -762 719 -807 88 604 -996 569 92 463 -174 514 -598 690 -812 -473 769 -124 -44 229 394 490 -583 357 -162 -724 845 829 216 -615 141 -654 501 295 -124 -833 488 923 -591 -277 -54 -799
660 73 -321 649 152 -175 51 -162 -422 567 -637 -284 439 -267 824 -83 -604 -902 -931 9 631 302 130 -536 531 -47 858 -996 897 991 -593 848 -903 274 918 31 -896 452 -724 562 395 -418 -369 762 -174 914 -711 6 -928 34 -681 -223 855 -132 -103 -20 -224 -606 -670 -524 -224 810 -658 79 38 -977 -701 88 97 -847 960 196 190 -832 -525 -384 -306 384 -601 89 102 137 570 776 -815 270 316 712 592 -632 -941 805 274 -81 748 -365 -962 148 -132 -632 -979 -834 660 -425 -587 -849 -349 138 607 162 181 11 -278 51 -823 207 -807 250 -991 207 -873 326 -974 -299 267 -397 348 79 -314 135 -525 67 489 -66 219 -320 -316 -48 -654 -164 -503 -836 872 79
95 -892 666 -805 -77 596 -453 -905 -840 -768 -813 615 31 137 -622 249 -142 827 -355 542 10 742 953 962 -96 967 -602 730 112 -445 -926 314 -710 -529 735 -63 -797 -273 558 545 728 841 -918 -754 -286 805 98 339 -763 868 366 -437 -942 361 371 931 -787 -808 -719 665 -199 410 -215 -288 -722 -902 572 932 -787 -721 -17 740 -182 134 -965 -15 -168 -452 -384 -431 67 53 730 -320 615 780 -580 -988 510 -777 -152 860 -362 -795 288 292 768 519 647 919 -75 553 -639 -14 -477 -724 809 401 21 -783 721 -808 817 531 740 -624 299 482 920 28 231 -616 783 -905 -980 729 508 -244 340 -724 -494 192 687 -800 680 -752 135 -163 -679 739 -610 889 -88 -404
-461 -957 -847 447 340 751 -309 -355 -835 -898 -567 206 655 170 -656 89 -756 171 2 -445 -97 -759 -279 386 -584 -690 175 -708 -395 839 -22 529 972 -473 357 657 772 936 105 -724 -604 303 732 661 19 922 592 -382 159 937 43 -878 393 855 -618 875 989 -397 591 991 -177 927 -950 714 401 -524 468 75 -879 -912 -777 828 -65 285 602 -832 621 -833 720 -295 767 -630 -159 -397 497 94 -267 -128 -408 -656 -308 832 -960 -58 571 -132 661 782 930 927 -914 268 -423 -861 -685 142 455 -396 -625 925 -475 -638 128 466 503 584 619 -701 986 -300 -3 -71 -980 291 -995 111 916 -470 -563 441 626 -157 -418 702 17 -94 35 196 473 -397 974 231 -527 -61
-473 -267 -414 247 108 -87 967 -836 561 -494 385 -500 -504 -593 966 -998 -884 809 329 -278 -857 781 565 960 916 388 83 659 -113 145 -789 286 328 -793 950 -973 -74 357 914 396 -632 110 79 415 390 537 -521 -499 -713 -990 235 -824 -500 -101 -216 -865 953 979 760 -585 884 656 116 247 86 940 -89 352 366 650 830 -9 -987 -205 -276 -127 -964 913 -774 -566 -207 -920 -276 545 881 732 -546 724 -569 787 381 -253 18 -361 -46 516 725 -105 585 498 440 -260 464 -782 796 500 -70 -251 300 -580 -380 115 -273 190 207 -646 714 68 252 -814 -815 -376 6 764 958 123 408 -377 730 558 879 -2 -167 992 74 401 627 -620 255 414 284 750 7 605
-780 794 553 -363 874 -696 244 190 -468 392 -602 404 -822 -673 58 948 585 -941 974 -74 -285 -327 594 -104 203 248 557 -109 -482 -759 745 875 453 142 542 488 -121 428 -195 508 588 774 386 721 220 823 61 512 341 316 -310 448 -229 844 44 -758 154 -492 -648 -59 664 -765 461 -846 -874 -865 306 342 548 -669 56 239 548 -346 -689 181 -906 -120 340 -625 -269 -373 -25 367 550 652 394 -501 804 685 -74 -487 748 -256 -312 -282 426 545 -199 243 501 -815 -389 -52 584 -981 958 -234 702 -187 -941 581 -890 693 1000 -729 262 -915 -942 1 300 -667 137 -413 -336 -941 -131 -86 645 921 854 -781 -578 -261 -103 -873 -579 -949 294 551 -489 -829 494 709
835 94 82 -244 -31 132 -841 -194 -89 -176 470 552 390 -448 -800 -477 236 697 654 -198 -493 564 198 755 343 -120 -198 -435 -812 -555 186 212 285 778 729 243 153 -124 -626 518 440 -60 -351 43 -172 764 -43 -891 -909 -730 -539 -931 -968 800 455 -939 -359 295 605 890 91 687 -806 470 -791 717 -415 334 276 818 681 47 -652 -556 -802 -928 -179 -950 -271 -700 -723 -301 351 -290 -191 980 -466 -735 567 525 -316 -365 927 118 -126 -722 -582 -373 -626 771 -652 241 -850 187 -433 -940 288 747 -971 -738 359 115 574 838 -705 979 354 403 689 874 -458 796 867 557 643 749 -73 593 -491 -200 -317 869 -497 -123 -607 686 555 -105 -244 96 639 413 -21 870
-532 34 922 959 -1 -702 -700 -331 -966 681 -675 955 13 777 -148 226 878 295 933 -264 -360 -509 -412 302 -465 211 -890 -460 -367 -37 513 483 8 -742 -91 -826 957 -172 -550 -522 6 680 -968 -703 -208 -547 917 -314 -536 -642 -888 960 -766 -2 -819 109 589 -534 -814 -55 -466 666 -82 588 -232 276 -63 60 142 -115 87 -304 -33 -820 998 -253 816 782 -890 673 -969 431 -416 145 115 -197 959 -321 537 641 851 -555 -582 -63 -811 229 -448 -750 -427 182 -457 786 831 360 -472 843 492 549 -271 -530 788 -633 -656 -305 -447 736 990 -163 174 810 -840 -980 879 539 649 1 -838 548 -268 137 -173 -746 940 -361 86 -206 -842 936 557 -276 -762 -12 194 -981
119 371 302 -369 759 297 383 239 766 -400 -8 495 687 336 -382 -613 326 -114 288 914 -718 -274 -623 865 -500 -314 159 -326 469 353 -44 -254 -833 77 316 980 -479 194 213 261 -354 366 -973 -795 863 898 -544 366 -275 771 112 -243 -645 -787 227 -70 -705 123 -428 -411 -975 -613 -417 511 -980 962 -49 -254 -446 -804 628 -610 525 -259 -749 225 175 329 840 -589 203 765 999 955 172 -248 -32 -783 403 393 -191 32 -34 -138 933 -521 452 886 -70 61 -387 -660 161 -17 -994 -704 -242 568 802 -436 -65 683 -988 -480 313 144 -758 578 333 361 75 -427 826 -897 736 773 -548 334 712 -163 323 -70 -314 85 -290 -916 -747 -661 -410 141 -356 -308 311 205
285 975 665 -240 551 399 381 -729 907 547 -365 -857 -405 -148 376 487 -866 -822 412 -581 17 -981 17 584 -328 369 944 -173 882 -305 -218 -293 -87 -544 940 128 200 772 -972 254 56 -569 975 -182 -717 -912 -709 903 -310 3 570 -666 -366 835 814 488 520 104 176 624 198 329 -576 -886 765 982 -346 -61 -14 676 167 419 -346 773 -589 590 -499 724 971 -414 207 203 561 -515 317 545 887 895 588 18 921 712 -211 -372 -793 -162 653 308 235 -644 -665 -828 -519 -422 136 833 -477 -683 491 -324 76 -628 -990 -651 -748 854 -154 -201 -526 163 278 869 449 -419 -133 -129 289 -582 396 352 46 -543 -451 -634 -722 -297 418 -305 579 -107 -558 -867 -336 -488
103 -410 -184 -60 -959 27 675 949 -374 -381 474 -252 116 -669 -559 147 639 -532 -668 -875 631 -111 778 253 985 -77 -346 17 -10 -485 525 506 -112 -941 -942 891 -750 -495 380 -852 621 993 -679 578 588 -866 492 -260 761 989 -447 -547 -760 599 769 -591 -879 -64 882 -3 427 616 -634 -808 564 -354 675 48 109 652 -717 938 802 -637 81 634 552 -620 -924 475 894 -553 937 -53 -170 -548 -152 -490 -595 -884 89 -658 -634 -533 639 20 -731 236 -734 149 -138 -384 -437 724 -130 -131 -472 -448 -278 247 -769 -815 -76 -130 -113 725 -509 -972 -989 -47 114 -391 624 726 329 69 -995 946 503 -639 -926 -96 -46 674 24 605 -187 -141 672 328 151 718 -704 -619
108 358 -503 -915 -603 -268 308 -426 -877 -355 330 699 873 -196 483 -488 895 -799 -58 276 771 -731 431 -678 506 -903 430 534 -445 -422 12 -839 877 563 -439 553 -993 64 -495 841 -635 -102 -163 -720 -309 -989 357 -824 641 -768 -317 -811 -690 -722 643 143 -575 -766 -10 302 243 -79 38 -990 -408 -807 756 -644 -539 -550 -147 253 -213 181 -245 73 1 991 -345 790 -704 641 685 839 -137 -848 -456 112 127 868 -292 -171 185 -73 258 -365 308 28 77 427 90 41 572 886 -22 610 -695 -374 224 835 382 792 592 -550 359 -466 403 991 -286 704 -456 -255 -13 -946 -421 -977 -956 34 562 831 -486 -568 356 926 -605 -22 885 21 -965 -473 -467 -732 -563 176
-506 270 -762 383 692 -96 -938 83 511 -385 -720 860 363 445 -527 -48 985 664 909 -616 422 623 756 299 -207 642 964 468 -614 133 472 -622 38 192 -33 860 559 774 -265 -881 -520 816 -41 -363 -529 6 204 932 107 -151 -405 -480 -956 -832 166 -370 -143 828 -710 -378 765 666 -156 403 -589 965 771 987 729 486 345 406 393 -727 -228 -67 89 893 793 -256 -708 343 568 -781 98 -12 570 22 138 -295 399 112 104 584 -92 151 226 930 -295 -433 276 -445 -415 589 -621 174 -590 950 -49 -250 429 -647 401 647 135 789 420 -369 -266 456 -752 700 -200 854 449 -286 -756 50 102 -743 -396 796 294 753 -718 -553 -595 403 719 197 -365 438 154 -670
382 875 -2 -710 638 213 429 -8 -506 -88 360 -692 -934 109 -960 535 372 -641 -889 -714 -991 197 -688 -71 72 -340 -635 31 251 1 -185 736 262 728 -977 -426 372 -757 931 665 -416 -733 -75 -218 297 332 -59 -37 335 472 71 754 395 -110 -641 247 -965 -371 745 -761 426 89 -219 -137 -3 914 527 -690 906 -59 -19 64 532 31 -95 -56 -207 -829 222 -942 636 776 -200 -990 710 861 -636 676 -264 890 -242 -367 -621 948 -950 -614 664 61 418 -667 804 -954 397 -127 115 -303 993 647 934 -937 -737 -433 894 -141 669 252 -168 -487 -478 661 275 231 58 -431 12 -90 232 734 -901 252 -917 926 182 178 105 -17 -749 653 -727 -634 635 107 -243 103
346 124 700 -685 387 -965 -563 622 161 887 927 -709 -632 -142 102 567 585 533 959 -33 -428 -722 629 -129 808 -969 -900 -920 278 36 267 301 852 617 -905 -901 -195 37 362 770 869 -592 338 388 299 -612 901 8 103 554 -30 -725 -94 541 -876 -459 789 -893 -448 -765 -326 -635 413 166 559 12 -29 -392 281 -114 -357 -314 884 276 119 -578 -216 937 -309 -490 -952 -623 -536 -393 -668 899 -950 196 559 -459 -233 139 27 -925 -889 -730 -769 27 323 -658 250 -505 502 -562 -862 808 113 495 -11 -228 -949 5 -911 -532 613 -795 95 -763 619 721 -567 561 86 738 652 896 846 -751 937 824 653 882 838 -937 -817 221 690 -320 -843 -838 -491 -214 857 -664
-267 209 12 811 5 502 587 -224 -632 -998 208 541 211 -813 885 -550 401 360 -285 950 864 79 -679 -456 -360 -496 -121 -365 -772 -90 -918 -204 217 594 450 651 -965 667 -177 628 607 166 -37 -143 -61 573 -416 230 -694 -737 -774 -864 364 517 -665 -126 -791 796 -869 46 958 980 -335 477 144 -668 411 171 390 7 -486 -974 -221 823 633 881 -848 -444 692 104 728 -351 566 627 -979 -756 96 481 -119 -952 -459 287 -17 -183 -14 374 703 -341 -85 222 -8 751 913 269 359 -126 655 -191 990 -836 628 -619 705 290 267 -989 -423 -519 -43 903 -693 24 936 -677 387 -136 -111 420 506 139 -778 -8 214 -602 902 -85 176 140 225 37 -863 744 820 225
390 902 796 -796 -669 -33 316 -200 -556 -320 410 21 398 -10 307 267 -589 72 95 158 725 -352 -433 142 -126 167 -781 -207 -163 812 312 31 654 -511 942 923 31 819 -56 -679 -553 899 733 752 -300 198 843 478 753 -651 -773 418 519 946 -65 938 -656 232 616 857 -634 -147 245 533 -502 -841 -971 -662 209 968 893 830 281 -201 821 -430 -183 444 605 -62 -938 568 590 -854 962 -849 -501 948 782 579 -539 306 -624 -754 30 436 737 587 -155 631 845 -526 -688 283 -99 958 664 -497 -127 -227 -354 -166 -858 -413 395 585 -120 -933 -458 656 993 -20 -546 -897 -64 19 919 -429 84 179 994 -219 -521 662 -300 963 856 110 -984 -983 256 908 945 524
-409 236 -648 -301 207 -661 -220 -638 -499 775 727 660 328 -623 916 324 -198 -111 255 200 355 999 -275 459 701 -247 843 -987 -469 -354 -886 -807 474 -667 231 -724 377 723 -711 -99 -795 -841 884 245 13 -4 266 939 -539 618 833 -508 -987 -903 -688 982 -223 452 114 280 -508 278 -115 -648 -763 -957 253 440 572 501 138 -490 366 -510 184 118 51 390 -548 350 -39 -29 -148 -371 561 -767 -193 -55 967 -925 -460 -171 656 -888 319 -885 -420 491 798 -453 474 504 25 784 315 -870 808 -709 814 -538 -578 -673 -677 -994 35 440 -900 -29 -336 584 708 -822 228 288 -829 -551 147 615 674 -369 -83 -934 -183 -851 925 672 497 -331 728 297 -669 -835 -731 706
-34 992 748 808 360 -511 -153 359 332 -499 53 -67 290 -772 -755 -32 -628 -540 304 264 684 -902 -345 -326 -413 -507 -565 -238 676 -511 724 -899 231 -371 -135 240 -630 610 918 -471 -638 272 76 128 671 486 -574 -695 973 477 761 457 -937 226 -467 -223 406 -897 -201 -468 -282 -219 -721 -894 682 920 -513 -794 518 -73 579 -973 442 550 13 -3 -49 -390 469 -393 394 416 -755 193 -195 -390 418 -213 685 -937 -338 -70 -626 622 -581 -779 298 -665 114 782 640 -298 49 280 -839 677 -949 -199 679 -372 826 765 966 352 239 756 -108 245 -518 -263 -611 929 517 640 734 -65 10 -788 43 557 -859 10 973 -845 -987 205 -381 -1 -276 -345 681 -927 -251 -608
806 -976 165 662 -177 200 -326 -718 -647 705 848 82 -276 221 -78 713 -861 -643 766 335 959 -896 833 390 -757 58 418 602 -661 397 -741 452 -131 710 417 -340 -350 22 -987 120 -42 795 -734 165 794 507 151 -848 -349 -659 -865 690 -613 724 795 -554 -522 456 -942 920 -65 610 127 -308 112 -460 -968 536 -975 -125 -289 32 -473 19 -623 -468 558 -579 -885 -601 385 -417 573 710 -378 96 263 610 -409 894 608 -763 491 662 53 957 339 80 94 672 -928 -364 700 845 -943 -115 -49 -278 586 -904 -236 832 497 -744 -725 -801 -78 -982 215 990 355 -336 559 -173 689 -499 97 187 -439 -708 -938 -249 -797 605 113 244 -216 460 257 645 -684 191 661 -209
-890 -499 783 481 101 -634 705 397 -675 -878 484 -217 -249 -70 120 -998 454 -531 -154 -79 237 -64 929 793 671 -90 -486 256 414 -121 67 -199 197 -592 699 -464 -31 -890 632 900 -486 -856 -781 838 -785 577 -227 29 -897 -41 -320 -941 820 339 -720 -945 -374 93 800 143 494 -477 -704 -942 865 -58 -348 432 -820 -559 145 -393 605 -538 -128 -365 335 935 741 520 -344 686 329 -465 -100 -214 -781 -677 510 -42 21 375 455 -441 2 158 -273 -958 -386 -698 744 584 -290 -663 -549 -32 -593 -750 714 -305 -62 -863 -732 582 516 -613 -313 -105 732 273 -241 645 -898 602 -644 -632 -195 -912 339 314 -355 -204 59 -911 517 -529 39 -343 995 343 -909 -546 -390 -406
-392 866 791 986 554 -719 -718 -236 -496 -689 239 78 627 105 -397 -355 -353 -287 -60 -208 200 512 26 -723 -538 743 -943 -922 -384 -122 -912 -872 295 -280 -620 111 185 -439 -602 -855 550 -266 -453 870 559 303 -406 280 458 763 120 -723 18 40 -577 -234 172 -148 -579 -732 -332 -978 745 -642 549 -677 -96 -63 -168 -715 526 -60 -44 462 952 454 324 -531 501 615 550 -229 -883 -512 735 -547 122 -209 -116 990 -757 -13 -717 -680 904 -623 184 526 303 -703 123 41 445 -664 479 333 -536 -606 742 -120 793 -917 519 870 7 -181 -654 148 398 -36 714 655 735 9 -335 568 705 -59 -255 -458 453 820 -490 360 231 -998 -790 470 128 46 104 -94 888 603
-190 705 569 -845 -658 960 943 704 779 708 428 57 241 -654 872 -115 -345 -568 -779 -321 -802 646 448 -834 74 589 -604 -481 -80 -126 296 313 635 -594 665 749 -583 -59 690 224 803 225 7 935 921 11 -622 478 -453 -730 -716 804 -571 -824 -419 375 -718 -555 -409 727 -399 521 317 282 -27 -542 393 -372 -506 696 714 -656 357 746 564 -521 652 -105 177 -837 -332 101 -154 841 720 -287 -63 -294 -409 -892 398 636 -689 813 505 513 869 145 -211 -332 265 317 651 -221 -891 275 -761 973 254 -984 -676 -998 -812 217 527 785 212 677 961 -294 -244 -628 717 129 686 946 946 -605 -546 591 235 25 -298 118 -454 -978 536 -384 227 446 19 -699 -444 221
911 294 -718 -623 -557 -439 495 -100 -986 946 -328 10 194 347 619 100 212 -560 -362 879 -576 -151 505 692 -430 -427 -291 429 -545 767 31 984 -150 80 -283 699 -286 -735 -783 804 537 -166 339 748 959 -420 296 -760 973 776 625 -998 637 122 847 -629 486 853 425 189 998 -292 -640 -79 553 586 -390 -524 166 -449 426 134 -680 24 385 345 505 298 126 306 602 218 -783 -305 624 -868 -547 69 -919 -826 539 244 316 304 843 -487 -657 426 -810 929 385 426 -865 245 -489 -48 615 550 -316 -312 -272 -170 674 428 -791 913 -835 899 -600 -522 -338 -694 23 -474 -938 925 -523 -745 -560 707 28 -27 -503 -893 739 -474 299 -10 889 840 -11 858 -190 -22
-634 -272 -17 692 -136 148 965 339 -358 455 -432 -411 806 362 -15 253 401 72 -670 -316 -928 800 -534 540 -56 -418 651 -798 -898 405 -519 96 973 -212 21 764 -11 354 600 512 -127 -737 -629 -874 -111 952 -669 416 -266 -754 378 754 172 596 -424 733 241 -596 961 584 -92 173 359 813 -935 66 -144 -403 -424 82 -877 705 -475 -889 796 -594 747 -819 -689 388 -222 -630 841 99 208 -12 578 -726 -741 -109 -50 -802 187 772 -782 -668 670 -681 484 555 -842 487 348 793 -99 675 855 592 856 477 -726 -52 633 -994 643 684 991 -61 -566 954 745 -167 -809 -567 -681 593 366 -966 465 335 389 -389 -415 -427 -730 77 -997 663 -673 416 -659 283 919 -483
-575 -817 -181 -673 -801 86 -633 -849 143 864 -736 971 -451 213 -163 867 565 -738 150 879 238 -959 -123 -336 579 407 -359 -510 -340 523 762 -6 -869 -63 -297 786 723 -448 -934 318 -589 -787 -243 -422 959 -746 293 -958 -497 408 -692 525 -319 -946 990 215 986 39 -310 -566 314 97 -392 -872 702 -888 -503 760 -562 -331 -327 490 678 165 -943 89 -46 -313 297 284 -13 209 699 616 -354 304 -284 -442 52 -422 163 12 572 -285 867 923 -677 -985 -282 -11 -842 -166 -537 8 -465 -582 -367 -100 747 45 -994 917 -860 -739 215 -188 -534 476 -469 -912 580 550 715 365 -140 162 -223 151 793 52 -511 -243 110 -494 776 508 -145 -479 993 -761 700 -245 -393 -384
342 -705 980 358 -761 582 679 394 910 397 -956 -864 888 -844 -666 159 -422 898 592 -108 -214 -302 -303 -822 -915 -914 -811 766 795 358 -88 594 847 -499 245 384 746 -527 253 424 -105 949 515 -712 -278 332 -987 -232 34 -924 69 287 429 365 -715 693 -821 -107 816 -987 74 -207 -283 798 -176 -919 943 392 984 -367 -224 62 691 272 588 43 64 -481 -735 -187 -330 783 645 -15 -867 -233 376 -47 701 -983 280 801 735 -656 371 -102 -529 -359 -410 688 259 906 -716 415 -923 931 243 221 -100 96 -255 795 505 -424 -764 125 -19 197 46 -444 -584 -448 719 901 -564 584 -668 280 -976 975 -786 542 912 802 910 -657 834 -830 -596 576 580 691 950 158
-464 -511 -859 825 -495 730 -340 768 256 941 906 917 -745 972 959 -164 774 336 394 -299 836 -438 -207 -76 -707 -335 58 -215 -438 -387 70 561 -113 79 814 729 -275 827 -379 -166 968 19 -308 357 914 177 -907 -645 -778 48 736 -22 -31 -664 17 576 299 -92 -750 125 68 -494 -220 729 -823 838 -751 847 -443 123 -867 -459 436 -681 539 -151 -749 -726 348 -487 355 595 -606 -449 653 -481 466 -169 991 527 -808 447 628 -92 -60 106 -830 -950 643 608 861 -690 -631 358 -151 -34 425 -379 -339 427 -441 -694 -174 -531 -668 -422 -454 -492 297 -305 110 278 895 499 832 746 -101 215 -417 -497 983 -639 857 -791 -597 -463 -277 -54 -341 126 -813 873 -198 545
-41 434 636 -723 222 314 -151 362 -692 396 797 301 859 -267 748 -651 340 -359 611 -379 13 -608 746 841 829 624 -875 503 -629 -857 346 -557 485 902 -932 -82 748 533 358 828 -965 -25 -860 49 -439 -597 891 552 -476 -21 937 -816 -770 -523 -201 -573 388 980 -149 -333 -280 298 -471 147 -16 668 -646 -960 -537 250 -539 843 498 217 -55 -460 -147 -769 45 115 372 315 -34 -426 270 -610 808 867 643 922 240 184 14 453 -195 183 -3 -534 983 -185 453 -724 -152 -887 67 88 -560 712 -275 -26 -636 -885 535 -805 566 -885 898 399 -560 -788 -833 -42 -487 282 641 -851 -998 432 671 338 42 648 281 -432 -987 -678 226 822 188 771 -276 627 6 -636
-430 721 -235 -13 430 891 -205 -797 603 11 -486 -517 -476 68 691 -27 -693 905 390 373 406 457 608 404 868 -744 515 312 -994 -277 -889 -191 -360 367 -370 -557 -346 454 -539 -485 972 63 -569 496 269 -527 -516 264 677 676 -674 -764 -654 -660 -868 -199 -179 722 87 -805 567 417 217 -313 -146 -102 822 878 -609 693 -597 -86 581 580 -877 366 63 -59 -215 -274 -112 -571 -329 -185 160 364 476 -675 432 -72 -963 16 -21 857 402 730 167 486 -47 600 123 -229 264 -318 -965 -336 67 472 926 -185 -178 -918 -271 -591 -843 84 852 -131 263 -683 -318 -706 648 859 958 584 661 237 920 567 -717 -251 -545 380 -159 551 -447 -795 -36 498 -466 184 -384 -319
555 -356 -597 62 -718 -60 30 -843 -650 808 526 -127 -44 673 -505 -331 885 481 799 729 752 861 504 -162 -148 -55 -97 -992 -909 -882 -494 -713 546 -150 95 362 -66 -700 519 -47 -288 858 -319 661 305 -87 795 934 -703 216 987 -616 -512 449 35 443 -241 190 -93 230 -687 -692 505 960 380 -18 739 218 124 -975 453 -644 998 231 806 -854 553 -445 341 659 400 752 -247 631 309 -211 -779 226 -145 -567 906 -312 460 -809 -313 831 506 -274 92 -588 -864 -752 412 555 665 981 353 -986 -944 323 -103 -543 -265 -788 622 -168 -783 52 -893 950 960 94 618 -85 296 -270 -606 248 -317 461 -2 -214 206 -380 209 561 688 -26 21 -83 -998 238 -437 356
-230 450 -435 449 346 -805 -640 -916 773 49 -603 658 282 -158 -51 -463 -264 -962 -52 -510 602 -766 167 212 -420 31 72 145 -309 -825 320 -849 -964 -636 268 965 98 949 -304 -313 -173 -363 -17 -463 452 73 189 -708 64 518 -180 335 568 893 -670 405 564 325 -676 -57 247 -365 -949 759 369 727 -435 -264 -481 470 311 -548 829 -544 286 236 475 -482 -139 -946 717 474 -784 -938 588 -214 983 987 -934 362 -778 -828 51 965 129 431 -274 560 -331 -770 147 19 74 -337 -921 -427 52 -617 -957 147 -55 -710 -77 12 -659 -871 218 972 264 584 -366 -989 121 -501 433 385 405 252 -265 657 328 76 228 -929 75 -764 631 695 -474 38 -448 -788 -675 -891
791 -559 -170 61 -986 455 -773 -559 913 980 -485 224 -554 -548 -645 -190 -401 559 -343 -444 981 447 241 862 -354 -52 -8 558 7 829 790 563 316 -419 465 -681 -748 -464 -604 489 -102 337 -578 -297 -938 393 -889 21 203 -754 -387 -436 409 -890 461 178 -862 246 -882 545 -790 -21 -153 343 -57 548 192 426 40 -662 -235 -571 -558 669 -745 -540 -778 -707 573 184 -434 -654 -807 407 -826 -888 -843 -93 -969 -550 -741 533 -354 -774 644 182 300 58 216 -838 -649 -678 -988 -135 797 46 -982 -229 -872 203 2 -736 -371 -466 510 -391 -945 842 -468 454 544 -52 436 -547 -872 668 -831 516 -514 866 621 827 -333 -733 84 -903 -594 23 -133 -399 -366 -360 633 -320
75 -552 -685 -378 775 543 -282 -65 -814 16 -83 429 890 615 -93 -188 370 -286 -462 -431 -95 -759 298 -88 922 635 61 -711 -314 822 -633 -83 205 435 843 -61 -524 844 984 -287 193 -870 714 121 -726 -385 -339 91 -341 941 -35 673 -571 -847 -664 555 -252 144 629 422 -7 540 702 827 -505 -830 -231 2 -215 -924 -891 -382 -480 -818 -609 742 -838 839 -349 -595 -483 902 416 909 -604 -882 532 -939 880 -424 -41 574 512 107 -716 -786 539 -645 546 -423 298 -85 -991 -45 -253 -592 191 102 992 899 -982 -195 -451 818 528 667 -992 -235 -894 347 388 504 327 517 -386 362 -68 169 -704 736 314 -789 251 -554 416 619 -465 -429 -337 -145 -242 -520 -107 272
-801 -986 -96 734 991 -423 852 961 -815 -380 -168 -515 854 -422 -197 -128 520 -490 196 620 304 -216 199 -308 -713 45 -877 -940 -166 457 -8 425 406 292 854 394 563 190 -432 714 -546 768 624 -741 -466 -463 -780 905 263 -303 230 -704 -131 70 -359 -262 -688 -928 447 889 -106 -37 -41 -338 -377 1 -924 -301 98 953 329 -981 700 848 289 -396 -792 -782 -197 726 -894 -923 -734 795 -154 131 938 -53 -402 -238 758 -286 -696 865 455 -96 -507 -655 479 -354 -130 29 -28 -232 946 584 -225 747 -358 -62 -956 796 557 -506 -435 -990 607 51 895 -751 84 501 557 628 259 -385 827 246 -811 -136 -533 525 -451 63 -93 676 593 -20 944 164 -345 -588 -652 846
-981 680 -582 359 924 523 -166 352 -505 30 520 49 330 330 -937 146 875 330 891 -522 721 146 492 -364 -912 -881 -521 291 466 205 814 -783 97 799 -1 912 -927 398 -766 158 -278 -287 -389 -289 883 -58 368 873 250 346 -987 -372 512 234 -749 364 17 -585 -217 -884 993 -672 -218 697 -590 -98 942 480 -990 -383 -472 -787 -879 466 106 81 833 5 89 -849 390 -818 -245 419 237 -372 426 -833 -888 438 -187 -876 -473 1 -176 889 99 -101 972 107 371 503 -318 369 -398 869 -72 923 -72 861 918 -9 372 840 -142 -929 555 -452 -441 -750 -118 370 -796 -771 -280 325 -207 -26 23 472 -19 661 361 565 707 832 -674 -866 -102 833 -981 690 555 550
23 -930 -194 52 848 -932 221 -807 -101 -787 -86 -579 8 111 428 -892 931 107 -572 227 998 829 -353 -116 268 -463 996 263 -384 807 941 -241 276 -334 -830 263 495 450 944 -921 -338 -20 -903 983 634 -781 -554 -10 746 246 679 951 367 630 -22 -7 -979 113 186 -718 -278 -976 -993 -777 -705 -103 435 -358 -917 994 549 817 -825 -541 -906 -817 -476 870 817 1 881 430 712 695 -888 -431 -695 316 712 -812 -449 -588 -99 -863 -523 2 -965 -553 -523 -621 -182 -881 15 90 43 374 469 137 937 -948 -989 393 -517 -249 236 -810 -714 -763 -177 -71 975 92 -599 211 -723 128 708 -285 861 -336 -532 597 -385 29 -894 744 686 -55 634 -215 29 791 -577 641
-867 -251 -809 -872 -389 211 897 -316 -730 959 -726 274 926 -994 -722 960 -280 568 252 -652 766 897 -221 -963 259 192 344 -844 660 -658 826 -34 -6 108 988 689 -180 -943 -415 -432 514 703 -729 -667 36 -847 345 -678 -623 -205 680 324 683 94 564 93 -785 639 -571 -371 -654 -478 -234 659 711 -336 977 181 -722 962 -11 -254 -330 81 -13 672 -541 -292 729 -104 -277 373 181 -662 634 -168 108 -131 -843 -759 -77 247 -5 -727 57 -122 296 -251 -712 -231 -29 -229 -400 862 -969 585 420 -792 255 -844 -704 -612 922 786 583 408 911 -556 -452 961 -70 292 -42 568 -45 -521 439 -407 -368 -802 21 -929 33 847 -697 263 -487 -181 476 -689 -708 316 -380 -917
-252 -611 466 -380 510 -58 57 637 -591 -862 244 -684 -802 126 626 -992 -141 -895 -2 797 -854 -205 13 786 159 955 752 299 -994 473 857 808 43 300 -822 -303 -741 400 408 4 -769 120 -593 -963 705 -795 -224 432 -330 -880 661 598 -444 -694 -314 -782 -563 -627 -733 -705 -966 -147 -271 -360 -509 -127 322 531 330 -23 861 699 -537 -917 876 -120 -962 -659 148 -627 -755 913 -800 254 -815 -488 726 -324 -439 84 -773 719 -926 767 738 -737 -655 -767 -385 -402 607 450 970 821 -434 -547 511 -998 -934 364 -685 331 -309 470 -703 490 -345 466 818 548 -220 -714 570 -977 91 513 -177 -768 -488 337 -843 -489 -82 401 -875 39 -889 -861 -596 -906 281 -986 735 -483
181 -684 972 -644 -55 123 -900 -594 -476 -250 -283 52 393 -121 364 784 365 803 424 -544 235 -439 593 773 -137 -655 150 -384 672 -130 -66 328 238 -593 -297 -694 -230 -489 -229 -163 -787 231 -64 -464 49 -107 -530 -861 -205 -676 139 591 -374 95 -702 -637 786 -981 -653 -868 913 -456 116 575 667 -597 868 182 -800 699 -976 246 -718 -114 15 329 181 -896 -696 -484 -657 -976 643 -793 -656 -538 -371 -220 763 -652 -683 -466 -255 569 195 -360 -961 -84 184 198 926 -165 129 572 -424 591 613 418 954 748 462 -816 981 578 900 204 -449 803 693 637 838 -702 65 -742 501 660 497 -268 175 -218 -185 -819 647 -86 -863 -428 -574 -433 -249 623 85 -837 -668 -781
-440 568 -830 -366 540 -631 718 369 -776 248 -358 -91 -129 381 -287 -790 -930 -932 821 400 -111 988 724 722 101 368 89 -220 984 99 -849 -184 -435 69 689 605 587 -692 -932 -395 -283 -679 502 -126 180 -519 -729 -484 -719 -412 -827 -527 687 -27 -977 -503 -300 71 639 -43 249 -456 -958 388 -713 -468 884 257 945 -799 -876 -643 992 410 -569 -524 137 -133 504 767 -709 -336 -371 453 -587 842 933 -594 -396 583 -675 -602 -742 813 401 -325 250 851 -160 -605 -768 411 -759 -196 718 592 82 -655 -96 -280 -889 374 97 646 -945 881 359 63 -982 101 -55 390 566 316 289 518 81 -656 -644 764 57 950 -499 431 -961 199 322 -3 -582 -387 -161 243 296 198
-874 -680 -849 -824 569 -873 -414 1 998 775 -289 650 624 776 -955 -504 -674 860 51 878 461 -720 843 306 337 -442 53 810 953 -319 32 -205 -33 539 259 654 431 -138 114 -56 767 -115 956 -972 829 550 -767 118 -473 -600 897 815 610 419 -736 368 -434 431 629 765 -607 660 50 544 432 -125 -963 -585 -595 -591 -259 -309 -103 -482 -111 990 890 -539 10 -960 136 898 728 -947 354 250 994 614 254 -228 -977 603 301 467 -334 467 -868 -348 -173 -681 919 459 55 -287 -744 -852 -607 412 -51 728 594 776 584 -929 652 -132 207 492 277 -472 484 193 311 -777 271 511 36 -563 -904 -990 -602 483 -191 808 469 988 -689 684 769 -990 601 -829 655 -14
-664 2 497 -959 -257 -406 -354 121 -955 498 481 293 957 623 -35 165 -457 -527 -19 397 -241 989 -935 -32 -526 -701 -843 -475 -47 -245 -988 -877 175 -735 -485 447 -76 106 336 -82 4 -942 560 73 330 532 239 -323 -115 -171 -677 795 -251 -195 -902 -781 183 -445 -63 -313 -261 -220 -682 335 543 559 -739 -934 -524 -688 -625 -117 806 -249 -199 -601 -790 756 -463 -967 -593 -654 -29 -384 -905 541 -695 263 -593 561 -327 -18 938 -384 -856 154 -212 64 -452 710 50 -897 -816 819 895 67 784 852 624 226 612 -913 -127 651 -294 -224 905 128 476 464 -208 -751 496 -275 -190 853 -418 -985 -997 551 -356 999 -575 667 -395 -341 -367 -212 -407 -622 434 355 -178 -591
534 -346 836 447 719 -550 -762 -588 222 790 -133 -360 -618 -73 124 635 -528 969 529 577 103 -71 565 -185 515 292 -88 215 -29 442 -350 -29 -653 421 -412 674 973 384 443 -428 124 -394 590 516 -4 809 -409 -727 -114 731 174 -536 631 44 225 698 -281 208 -880 -314 -185 -4 308 219 235 -195 368 -741 -408 86 -385 679 -257 932 445 -813 -345 -817 -958 22 169 -881 -711 705 -971 888 -593 969 258 -428 -730 227 -878 -676 713 203 -717 322 810 -64 -654 -930 215 -81 555 -205 -869 -933 -101 -674 -559 406 -986 458 -156 -497 -108 770 929 -936 -585 -380 -658 178 -616 -130 -764 -73 959 -167 407 916 160 78 854 -959 594 905 126 -353 -36 937 841 -771
25 -304 788 246 -406 781 622 970 122 -428 -676 -201 909 471 537 629 209 -637 523 555 775 490 -671 -751 987 776 -856 435 -482 212 -867 -434 981 -955 524 666 -726 -498 -281 948 -256 -376 403 -297 213 874 284 -426 -928 551 -23 -839 297 821 954 -862 -264 -651 334 443 389 516 -735 -291 -753 205 -478 -945 408 -376 354 -166 685 579 616 -843 596 -692 82 -735 -386 -536 374 -381 523 -877 -41 -631 -691 -380 963 827 -75 -948 -327 720 -886 716 408 -902 -72 -240 -638 -993 -652 -293 -913 -28 926 16 46 24 -849 42 54 43 146 521 -597 601 -161 282 -275 -809 -526 433 -118 409 -821 117 -173 -483 -914 521 603 168 442 35 556 -902 -153 362 52 64
-664 273 -563 423 320 -518 283 -648 466 -439 110 -844 -336 246 -89 -659 709 478 135 46 -818 839 -878 312 818 238 -109 -966 67 975 -647 -355 -243 -368 527 -583 235 -662 -486 -648 -647 773 -709 -875 563 -480 612 -33 45 -327 -777 688 908 -849 58 -540 -287 -31 -633 937 550 -430 -912 -126 689 -980 975 -41 -75 302 -84 -243 -616 132 312 670 -992 -222 -891 -220 -474 204 -888 231 -980 932 695 -192 -182 945 61 969 -508 -72 109 -620 488 -502 899 -43 500 506 261 636 644 617 -344 -237 329 864 -481 544 -859 -407 670 887 402 -774 -866 -240 754 -400 345 992 962 -972 -300 -154 136 -132 -451 149 907 -239 618 -935 -831 343 -96 -264 -637 783 661 486
-803 -267 -771 180 -542 806 -239 439 541 83 -321 -575 210 746 554 -802 -766 -825 -95 -932 -483 231 -19 503 594 -60 228 273 -14 -526 220 -853 -541 -188 -151 19 768 748 -666 -566 -162 590 802 704 -295 415 642 813 588 -65 197 95 -560 64 389 -980 908 -654 328 -109 875 493 134 259 491 -870 -171 -985 -799 -897 -607 76 -295 -907 -73 305 539 -410 512 394 810 -664 859 -271 759 -191 499 -279 562 -953 448 800 832 37 -855 -959 408 -37 -649 339 103 -717 -124 -862 -813 171 -670 -808 93 628 665 279 799 470 776 901 -443 30 701 -59 -311 133 943 -850 950 -722 808 -118 -402 -149 -527 365 -217 -164 837 176 896 886 -297 -279 -111 876 -112 457
-672 829 -208 -606 -704 -55 998 722 -140 801 -181 -592 450 762 -872 -862 146 286 -681 952 -763 751 55 -359 -413 585 -966 249 -52 675 361 -845 -464 353 967 105 11 441 -766 837 -120 31 870 -822 -426 -240 251 -388 -72 583 -81 281 -890 576 47 -766 272 327 -642 858 387 508 88 -341 660 869 -544 -865 -470 -17 -490 49 840 51 -556 640 72 257 487 637 947 -660 -181 -894 140 -766 159 -977 -564 725 504 130 104 -165 -142 338 -736 -561 -271 905 -783 -383 117 187 377 -479 219 535 826 739 -672 -71 -489 591 64 -679 716 361 285 212 -213 808 -516 100 -223 -92 586 687 279 961 -244 -215 -285 163 -573 423 -161 -627 -227 881 145 -807 792 947
-406 -666 706 401 635 -775 957 -28 592 354 286 -683 -656 29 -924 324 -675 352 -107 -171 182 -809 -460 344 301 -742 351 964 610 728 597 -96 621 -29 213 989 539 -537 241 515 128 88 -222 663 -69 -921 628 -346 951 -384 -670 -992 -371 -380 -243 -285 -857 190 309 387 -368 -525 122 -316 919 11 -532 372 514 567 431 -249 -754 -434 -213 -817 -219 504 -753 -152 -199 -570 389 494 220 -149 881 -916 -878 715 -253 -238 -594 -897 556 130 761 -718 -979 599 946 780 346 -398 -593 -600 110 658 -783 211 216 -929 -298 -252 291 452 -489 114 -188 838 466 -473 236 581 450 -385 -51 -769 138 860 922 -773 545 282 855 -568 182 586 -305 -173 325 -323 52 -913
-670 -145 -640 628 -542 941 379 182 -406 436 678 241 63 -888 803 -498 -5 -131 760 -715 385 358 120 783 168 167 401 550 -460 -135 -955 -133 738 -86 96 404 849 671 344 896 -322 7 -45 -440 136 428 -14 564 803 -823 -70 439 408 979 531 -311 537 709 -470 -977 129 348 -687 -584 682 427 -137 -826 376 28 -750 439 883 -556 -393 -320 -573 850 460 -619 -476 20 -730 -361 -760 -571 -628 650 -933 -713 -372 -718 178 57 603 298 -819 -219 808 416 -36 -39 650 896 -835 -513 824 -196 931 939 183 581 610 689 -834 -584 471 -895 -843 -504 -715 864 236 820 346 -636 904 -860 752 411 -840 -619 495 -263 726 -273 -561 620 -664 560 -276 -851 214 199
-462 166 -489 254 -696 298 -396 -235 -759 613 574 -681 -995 962 -709 -213 -186 -349 -21 -454 150 176 585 -217 382 -177 -68 560 -799 -452 -2 448 -120 149 -940 974 -690 341 92 693 123 -213 -203 321 334 -42 616 371 -988 -705 -348 -623 -971 -269 695 301 653 396 -424 -16 -808 -325 801 147 -489 -189 635 -470 -193 -395 -255 846 -80 772 -857 949 851 180 -957 -801 989 100 -39 688 848 645 196 213 625 -970 960 -507 4 110 -971 757 595 245 -850 776 494 -786 -568 274 76 53 118 215 543 993 -351 -364 -666 -649 236 -103 460 75 -379 914 845 899 -968 145 105 634 -306 554 -719 909 -990 -309 -337 741 -860 693 978 818 455 443 -506 -735 -779 374
610 170 146 50 -389 824 861 -183 230 229 -525 74 91 -366 110 54 -699 -800 -965 -73 149 -274 217 -532 -745 -513 -595 565 -996 -633 -397 936 -442 274 462 222 658 449 657 654 400 418 -74 867 526 458 -5 396 578 18 -771 768 -570 -117 -308 -501 -802 224 686 890 -395 807 463 -481 -843 -957 454 961 390 -967 387 -140 814 924 -379 464 534 -873 -696 865 317 215 603 346 -539 -509 271 454 -709 904 876 -371 629 -107 -914 -529 -508 624 -628 432 633 -428 -615 880 276 536 -573 949 -905 -420 953 -984 873 98 -214 441 -266 -713 -615 -464 868 365 -532 -527 -144 -506 51 107 -505 -993 805 -483 385 327 86 -731 535 -470 534 -569 613 174 -717 998
-133 649 926 482 -995 429 587 -34 -374 753 -686 764 -822 126 -414 872 65 179 181 222 480 -699 111 -759 378 -42 0 -168 724 288 329 -113 374 -449 -213 -744 238 792 -101 -189 -828 -22 721 241 -9 672 288 -391 -634 847 -976 -26 860 466 647 765 -782 -224 966 350 24 663 -497 -954 -289 231 548 -193 -707 493 747 533 -589 90 655 373 492 304 -800 -540 -613 953 -119 633 -697 579 834 488 131 876 540 -884 502 790 -454 -384 409 182 335 875 -946 -705 306 -826 142 -474 -770 -550 -485 -782 -666 459 788 -909 -811 -949 -297 796 324 124 848 -355 469 710 128 369 348 -383 857 417 -146 816 709 531 -975 -438 -729 579 -685 -554 -775 -133 790 -350
-508 82 -488 -960 -306 655 -158 910 -626 617 662 48 507 781 475 -708 -702 -982 -234 -526 -810 428 -82 326 690 -221 481 508 586 287 357 958 -688 282 70 668 530 -206 750 481 512 -526 -860 -881 683 381 779 -42 -743 774 346 886 -10 782 -612 398 -268 107 -50 -784 -798 177 -922 979 -837 -385 -61 4 774 -439 -913 970 -885 782 16 277 5 -667 302 147 -494 201 864 -770 727 -498 751 -667 384 -946 940 -394 -522 -939 -995 -523 890 -59 946 -37 -931 -105 246 13 962 -449 385 -200 -261 394 -886 -394 -896 167 -678 208 -610 623 364 -63 571 498 368 530 440 -560 -321 743 -208 272 -520 -155 845 448 841 382 -342 -118 985 -245 -30 -304 354 -812
39 -780 269 479 -209 422 -506 995 953 -374 -50 -328 350 965 30 -578 130 660 809 198 329 393 -901 176 438 -557 846 369 -977 313 747 1 700 611 -915 767 526 -762 -719 -142 -99 361 649 -211 -86 664 -575 493 -445 357 681 962 613 5 -160 104 -229 -866 882 369 164 -996 328 -960 -221 -310 925 -620 -384 -605 257 528 -820 85 -521 531 -767 190 -231 -279 -888 -298 123 -227 -732 -615 -595 -199 812 127 -775 156 358 426 -307 198 -529 396 851 99 -169 482 603 -638 -551 384 346 -672 760 762 764 854 -76 -307 708 828 12 -792 933 -56 -66 -966 233 23 186 -391 -2 -9 997 -4 -799 -337 632 22 -686 171 936 624 -393 791 577 -863 460 -841
284 -484 -152 738 736 726 172 -135 180 -269 -204 503 -302 125 -352 310 824 -353 620 -853 -488 -268 -6 928 879 135 370 -355 514 -26 -928 -511 -220 -232 539 594 -396 -792 -122 -209 851 974 -369 -609 964 856 -379 360 268 362 567 -707 -647 -465 -328 933 367 874 686 -524 -243 -530 -855 792 399 454 -383 82 -388 273 -664 -241 127 -754 -946 563 899 -687 900 449 -73 -961 72 -856 -575 -373 -817 -419 431 -3 16 -399 -104 -148 -531 800 -255 440 -595 502 524 -682 933 -371 -645 -711 -43 519 802 -711 -882 -572 58 963 193 161 -302 -643 -13 -515 -128 -284 765 -727 -554 676 -897 460 -417 163 -12 784 -968 426 -607 236 -805 449 -601 -577 -73 486 969 934
-660 122 -441 346 -974 744 792 -935 -471 -797 790 -929 522 -549 -749 -640 13 -453 -70 -635 404 -574 177 1 500 699 458 -593 -476 12 648 -726 -785 -584 206 328 291 -127 611 324 635 941 -542 807 -294 596 -610 -30 -546 -108 803 -134 244 544 535 208 682 379 -144 780 223 -163 -65 469 23 209 -230 -672 363 107 439 -957 -515 776 787 21 105 -157 995 -556 22 -447 162 162 -852 395 -134 -852 -352 886 334 -504 -597 608 -733 -469 25 -232 702 -683 -980 -246 440 138 673 -409 607 61 -278 -787 934 -213 -341 888 -147 321 -992 -92 -245 698 -69 -914 743 -759 -324 694 -746 768 -152 291 303 -693 -260 -909 -613 396 987 -499 104 -316 99 838 -948 634
-946 -69 -58 -69 -620 -991 288 -354 -322 807 400 -990 -763 85 -561 -953 537 -780 833 54 -898 -983 -974 -450 -112 31 -622 -580 775 656 359 742 -779 288 226 292 -259 -874 -788 -309 894 983 462 -937 156 449 -273 -43 672 689 -488 -38 -650 -943 820 -460 36 -14 -957 171 26 961 -819 227 324 569 -60 -704 749 -746 531 422 -402 -655 499 973 -652 -83 700 -835 -560 -468 343 -724 -777 414 -46 369 -294 824 -67 916 256 813 -94 548 799 -308 -366 -476 217 -603 -135 499 -989 -519 339 390 673 637 -679 -267 77 794 -509 -529 55 485 -382 602 -506 -490 997 -997 941 -345 632 -386 -136 -501 -626 787 -619 -680 979 165 -416 498 980 24 183 -842 -838 -434
-740 -433 -815 -698 377 665 70 -717 429 736 463 -204 -699 -493 725 -316 -42 171 -307 720 -938 914 260 321 -758 50 648 -186 730 875 -685 831 273 -161 98 855 497 -626 805 975 -797 -86 -817 -989 636 838 428 156 -613 960 -894 -415 -114 -121 -95 -485 116 555 292 20 -866 -336 -55 -38 367 990 -771 -91 179 729 -496 803 571 -328 88 653 742 -61 274 -264 -389 782 -925 -182 866 540 -20 310 -637 434 -836 -618 -345 522 415 116 603 928 -124 309 754 -739 205 -446 -886 157 -657 -955 935 -833 442 -148 -661 361 834 29 -777 101 -677 407 139 411 -60 -384 -327 -260 394 576 -360 -183 301 -71 580 158 255 81 979 511 552 -242 -141 -963 136 -898
-290 932 -92 -833 -497 388 369 545 287 -102 -177 38 -216 795 604 115 -565 -723 842 -41 -724 -911 362 -236 171 256 311 286 958 833 448 -721 -55 277 -227 421 -528 -849 -829 921 -925 915 594 989 -360 -230 907 -447 759 -305 767 705 958 602 -909 623 933 918 -240 -984 -788 -576 294 -490 912 478 865 -14 828 730 52 -781 -468 -502 993 -840 -387 494 138 45 -671 309 530 -691 -338 -949 669 789 -730 -445 886 -159 -943 -3 -273 -859 -618 -635 -685 -182 345 392 40 915 -242 771 -768 -998 203 -550 -130 -388 588 -15 -251 -834 704 218 -628 -965 -143 -292 590 -821 -783 893 78 -447 -256 -84 920 -639 -999 637 -765 844 908 322 -638 761 567 -542 -70 818
509 -168 -339 536 824 987 517 308 315 -571 -724 876 -448 355 -408 -322 -895 -296 -812 907 -334 -594 474 -957 -325 -406 717 -599 -269 -757 546 -254 343 -193 238 -656 -213 769 602 -490 -761 371 612 -377 -957 195 608 -273 797 302 -325 877 535 126 703 555 622 -527 739 -436 -492 -696 954 833 559 -744 716 -840 891 -304 193 -798 58 -153 -311 -913 732 -494 106 393 -262 480 289 377 -885 610 825 809 425 -359 409 504 462 -323 55 883 505 648 -278 -266 -835 -499 302 399 -888 72 -927 -261 -768 -252 154 -561 -631 -381 345 -203 676 973 185 -799 -622 135 354 -977 742 -945 220 -133 312 -61 -579 461 -459 219 563 575 -668 249 -290 -388 -476 235 -748 -362
577 -502 424 -732 181 163 133 823 330 208 36 519 -738 -206 -371 -130 48 588 889 641 231 -881 -730 871 -798 302 -620 -169 906 541 -67 226 -877 -181 498 -838 -367 -375 336 -178 312 -154 897 979 -244 -776 -2 -256 -522 -359 -254 -378 440 620 138 522 -457 -534 713 -335 -329 462 -632 167 710 697 155 811 78 -542 -546 666 526 -338 14 711 -830 -792 -940 -92 -706 381 -628 -400 -246 -266 932 717 -761 995 31 684 912 -975 -822 232 315 775 -778 -148 191 -397 228 801 -272 268 -65 -953 -715 -957 -734 -657 603 587 -678 -620 -958 386 -122 36 309 187 364 -722 -825 -358 837 -758 345 -869 -232 959 -120 95 213 981 -957 -572 -857 -56 -374 975 -404 -347
18 553 625 660 677 -637 886 -574 -74 -648 -846 42 -334 -866 399 -992 -126 439 389 -902 -707 -470 -251 -69 -310 697 475 -148 291 832 55 393 -74 441 -795 582 853 798 552 -52 365 460 261 -124 643 -752 -949 -689 346 -879 -591 752 258 -695 408 -842 970 545 -784 -919 -858 -760 454 288 955 960 202 -19 295 870 318 -186 367 -804 -629 -463 960 -892 750 763 -794 267 944 133 299 -993 -973 443 343 959 -377 594 -858 -242 -819 62 -841 -45 179 -579 -592 799 190 899 -737 812 854 723 555 399 -421 647 -502 -806 709 -979 -564 993 -615 -754 -828 70 423 187 406 627 -816 -954 -149 660 -602 -822 -302 -290 75 -615 626 -736 -533 -192 -614 644 646 -424
-951 610 -251 524 393 -478 -50 786 677 -565 147 -952 -884 269 -988 -483 174 -584 -955 761 -237 -218 -262 -375 -373 748 318 27 -448 -296 -701 -158 -489 -777 852 -826 -890 -202 -25 876 -81 -77 -802 158 -870 -640 -228 -250 546 450 404 508 245 -132 -99 -326 623 979 19 200 672 126 119 344 745 -739 646 592 551 498 -938 240 -378 -800 -227 719 118 -914 316 103 603 -936 281 -103 542 451 -966 990 -143 283 -355 267 112 -229 -251 271 707 135 -322 -163 224 -503 386 -63 973 647 -204 561 979 -578 825 -783 -322 -243 486 -317 -111 128 -603 -567 -186 86 993 296 579 418 449 -293 680 -37 -878 -319 885 -672 668 516 -903 -596 -826 903 949 161 22 -37
-946 421 624 -882 -399 -330 -528 -960 -383 266 -61 -285 -739 -73 -625 -177 -691 -772 -780 -896 -582 -758 170 973 909 195 553 -779 -113 557 791 -25 416 403 251 878 -412 665 17 967 -681 -919 151 -687 353 511 -604 816 -971 -403 248 286 -861 -404 495 143 814 640 495 127 -457 -858 -576 -902 -168 876 555 471 13 93 -325 -318 476 -503 -560 405 -411 -739 819 -574 597 755 36 -48 629 953 991 495 -385 454 -243 697 816 -337 326 -217 -71 -923 -348 782 -657 -632 -734 -28 723 -628 -476 -61 508 -154 769 -856 16 -893 826 -440 -606 693 622 353 565 -437 806 632 126 -900 828 -780 -617 848 697 613 144 715 -837 146 -655 -537 -763 303 26 -596 -768 7
619 -337 -480 -628 655 -139 305 40 387 914 320 46 -347 498 -666 530 935 -942 783 -334 195 -212 -535 400 729 350 -360 365 803 726 70 371 137 -196 -504 -977 -448 -596 379 -471 142 670 109 337 217 580 -775 -184 141 783 778 104 -884 -850 -736 -863 111 -363 -480 -79 -965 102 -618 495 927 -242 -538 661 -358 190 769 -233 9 68 770 308 382 -634 567 -664 412 -917 61 667 671 -362 469 586 -920 911 419 896 438 576 837 -224 -703 -823 704 -926 463 752 -315 -376 153 745 19 795 -392 -851 -186 999 441 10 -146 -33 464 -937 10 239 200 738 -877 -36 -88 -776 965 -694 465 -143 -520 -678 -475 -827 -611 -659 674 447 564 -390 -133 -756 138 456
-89 80 143 681 371 678 -682 179 450 -943 37 -901 -379 -173 -484 -512 150 -631 643 -766 -770 466 476 429 -473 571 -168 -314 -693 568 -139 336 299 752 149 571 -932 38 410 -821 379 559 189 -352 -895 -187 14 167 370 839 -299 -468 223 -502 -297 -54 236 -751 548 129 140 -716 -115 -621 -504 -736 -316 -533 238 923 -980 90 534 -62 238 -593 -64 -703 445 867 121 222 -606 942 -787 -702 337 873 630 -907 -852 -703 226 -427 -666 -828 -605 802 -545 12 -416 362 -370 5 -152 -4 -354 45 -314 859 -209 -217 -207 -975 125 923 971 -739 158 398 905 602 -716 -391 417 174 418 -856 127 108 -324 722 -141 -938 839 656 -348 -366 671 924 -728 247 -377 -184
-725 757 91 919 460 -97 226 412 -232 -938 -945 -563 -642 -189 231 691 -623 -176 -259 465 -692 -813 40 -65 -593 -952 998 466 904 -773 730 777 877 591 -864 -538 438 -115 706 -312 375 -676 147 497 155 -535 -584 -87 -468 35 -970 -994 -225 246 -265 357 -867 -30 -217 610 827 648 330 -657 -309 -191 -512 -675 587 -902 -656 853 -228 -385 -718 -503 637 803 457 653 725 -263 77 -197 -272 83 -137 647 -111 436 325 575 69 -332 797 -114 648 176 927 -529 -575 491 -877 216 -8 -59 881 -950 -760 53 383 -429 -288 -154 -795 990 -557 924 -356 504 -913 -830 277 -736 -485 354 135 -246 329 736 240 463 683 915 -852 -427 -382 448 499 487 -463 -188 29 -959
176 254 129 -342 156 -632 859 -691 796 608 -101 -586 -657 -841 -390 -570 -431 885 -56 -973 -132 -250 -927 -193 171 741 -642 -61 634 -668 -873 665 281 421 -858 211 -272 -248 -313 -806 -196 -94 -517 886 790 -458 -724 327 821 114 107 62 -342 -375 517 -244 -102 -728 -348 -380 568 -185 -47 -81 -592 -209 -152 -323 -431 546 -12 -894 450 347 953 -427 741 387 -80 976 904 -99 -563 52 408 79 -804 877 -432 861 714 -226 624 -396 96 232 265 319 -870 492 -508 -230 -730 -293 -782 961 40 -923 526 -525 90 390 511 -663 -639 42 -262 621 -885 -695 -92 56 -860 -525 -60 956 727 -40 999 -581 -863 4 -643 354 -30 326 561 -746 -771 -900 743 -679 607 637
-547 777 -276 -702 -188 262 -891 162 328 -787 -363 -8 346 949 571 -381 95 -987 274 874 -543 -31 475 -662 723 -433 -612 -723 -686 -758 -670 -583 775 -878 50 -862 -422 318 270 -259 -352 -880 -29 -542 532 -957 -962 716 -364 -45 430 -991 290 -168 885 -583 203 -639 521 -148 -763 281 343 909 -911 169 327 -451 479 522 554 765 593 -252 -672 804 -840 872 -714 728 -661 -393 -884 -195 22 701 -667 679 -242 894 -665 -546 -318 -485 819 29 -818 944 -657 327 873 861 -786 343 -322 -561 -991 -510 840 -581 -266 27 487 -506 -177 50 -209 -156 -610 -694 -849 11 748 -187 -513 -541 409 847 258 -52 -755 -508 635 972 285 -881 -884 211 -743 256 -246 -659 99 8
-771 356 -6 -348 243 480 388 276 499 -148 -38 -57 -1 517 -275 869 690 -287 22 -264 473 554 491 -776 -945 918 766 -814 -335 -604 351 820 -704 -379 -526 -729 -924 565 955 522 -211 484 966 -265 309 278 -525 324 754 -477 78 744 951 507 445 -201 -406 522 -750 -244 992 -92 -976 -62 -139 397 779 720 888 391 744 319 626 57 -285 -871 -25 -615 560 -225 933 -266 489 -106 -7 -668 613 592 -398 868 122 -525 637 191 -742 -360 -369 416 920 194 609 -117 206 -904 -427 -242 -25 -479 -136 146 7 -917 96 606 426 840 -28 136 458 -42 -438 760 -118 505 -917 220 -865 -216 -861 850 463 -768 533 -107 913 889 539 518 -396 -541 -197 -874 -724 -468
998 862 486 705 810 -276 -595 -946 23 458 181 660 734 588 709 678 -604 838 946 736 -233 -584 630 -139 56 7 -145 -253 -938 -119 -541 821 363 876 -927 85 -32 291 404 -628 444 -274 977 599 -231 373 -577 311 -89 -574 374 470 442 344 575 -527 191 -877 300 -810 -388 861 -319 -181 -875 -70 687 -664 906 497 -926 707 -595 424 576 694 866 -949 465 719 -688 616 -226 340 356 -918 -205 64 -124 431 638 -721 -223 280 857 -878 405 -482 -620 479 76 -613 -325 344 624 636 71 342 -788 897 576 -686 -910 893 528 335 -104 -783 659 -24 588 -608 -438 338 649 -562 63 -867 962 490 -109 908 635 -555 435 206 102 877 -150 585 -613 155 -625 -301
545 -602 766 -4 -487 -111 885 603 -629 -360 -571 147 424 -510 632 -751 957 355 529 -315 329 961 -177 -773 726 -975 604 -939 -349 574 610 -201 850 -27 -515 318 -515 271 924 525 -956 -100 816 486 -495 664 135 -734 -99 -51 322 -387 683 261 -542 33 -238 250 882 733 392 -771 462 -175 -279 -129 433 9 103 -609 -964 515 924 704 898 399 346 -11 800 723 -380 620 -198 728 725 -299 449 -444 510 158 -496 5 926 -692 470 150 41 -376 414 -175 -677 -525 -135 -159 502 -201 -546 675 422 -660 183 -599 -954 900 -531 -70 124 340 366 -151 975 335 394 865 809 16 -722 -982 375 -316 -41 202 29 -415 104 -69 806 311 583 -140 -71 130 145 231
392 -199 942 839 -670 -538 463 340 920 -894 36 981 205 -932 538 -320 -202 -938 -879 729 161 413 124 -668 370 -877 -766 680 392 -630 433 419 -274 783 146 516 -147 288 -345 -519 -754 -709 -991 -395 -882 85 -17 -851 -213 -204 688 96 811 -38 825 -559 763 -706 851 98 805 -696 -485 975 -709 -599 -691 -668 -481 421 -85 427 213 686 -570 -922 624 -18 416 373 777 -127 -296 117 127 28 564 230 616 126 -291 -682 581 -31 372 111 -957 -371 514 -406 350 -454 318 95 464 271 -233 -933 967 -388 465 251 965 -480 -771 -5 833 872 -352 -74 266 -987 21 -695 -916 -344 127 808 -645 205 423 972 12 -734 964 -88 -524 -286 504 -521 -345 50 550 -443
-350 902 -654 70 -683 -847 209 806 776 8 -144 13 670 194 48 366 103 958 -626 -979 -241 673 -911 412 -716 -805 -227 464 -523 -924 132 692 -699 344 -292 -70 -721 -68 588 -7 -428 -645 159 552 -849 -222 443 -939 -374 -491 -820 274 185 876 346 -372 932 -883 -647 954 163 -937 542 -881 -783 552 -561 -117 -349 540 -205 148 578 898 617 -131 -956 381 -539 560 -152 -60 -811 909 416 -154 497 415 777 -450 881 423 566 -242 -327 -792 27 -741 -593 -962 613 149 364 -261 -793 -703 -223 -561 -689 -811 193 -92 -505 912 -964 452 -777 339 413 839 -361 608 665 252 242 253 247 819 967 -267 319 -331 -951 -900 -117 -559 422 636 714 709 5 497 35 212
56 925 375 -247 -543 616 879 -375 -895 -600 820 62 492 -631 -626 550 -952 -54 484 -26 -957 980 194 364 -92 375 745 768 106 562 592 -746 802 783 -360 -814 772 -599 -931 792 204 27 -280 128 -138 278 609 163 -286 -850 98 -540 760 -239 -121 -787 -171 -362 658 -267 499 462 -405 -149 646 969 -908 -414 819 585 -934 -311 875 251 -297 -410 997 375 -107 990 -374 -316 -211 -701 -582 280 -899 -709 -180 -580 -232 825 850 25 -984 -662 955 113 542 702 -542 764 -198 0 -173 893 -10 -556 -882 -608 940 -3 692 322 -663 280 -994 -707 329 904 94 -145 145 -322 -611 214 -453 -395 -445 602 -292 -664 -332 -314 -238 833 -360 -715 25 -546 -973 629 860 146
931 -341 -535 -59 681 3 125 425 -338 913 527 826 -938 969 -839 145 -798 -841 656 406 63 -692 629 559 28 518 963 -279 458 -741 -423 -495 364 -14 -654 16 -451 -18 815 177 -32 407 -809 944 -941 311 -555 -223 573 -130 415 42 342 338 759 974 -106 -538 -54 -889 997 -250 181 63 306 -900 -824 -709 367 -141 -429 741 106 486 -675 -620 118 -637 835 -630 -665 -63 -915 -854 -131 -485 -996 548 -136 -968 -192 -114 -998 360 982 -368 986 -242 575 76 -604 933 -277 313 381 -224 292 987 277 -527 344 -976 -11 -475 -835 -199 -216 -805 -103 -349 934 767 170 -591 -965 168 -705 -888 343 362 -54 -154 -242 840 333 960 63 154 -943 -601 978 -154 646 822
-917 -482 869 27 -933 -442 -703 991 -763 369 -517 -172 -2 215 -475 250 190 245 958 142 595 -783 -740 -897 -60 200 -152 -786 -141 901 -573 754 956 656 519 804 -934 530 696 -450 -615 -464 -599 -581 486 619 523 -405 -430 531 207 886 -155 467 269 778 -704 -355 333 -557 251 -781 -29 213 284 -945 -120 -919 -135 -32 -125 -622 -411 -526 230 -325 726 -680 516 111 888 -56 369 -524 826 -301 98 68 -651 159 388 554 -995 211 -344 -634 -400 639 -596 -947 -292 -186 -860 -576 -66 -711 -9 -890 212 433 743 873 403 -152 760 474 -156 484 -895 898 170 401 -384 455 -609 602 760 919 -836 -284 390 19 727 -921 -654 331 -617 -534 448 930 -93 -102 405 -162
568 -122 -969 -978 905 714 -370 -584 -191 838 -777 -418 -396 59 -490 -4 627 353 -917 625 -386 -488 542 40 628 825 -667 946 631 -569 452 689 954 568 755 723 156 -182 283 -503 -610 -812 -774 -125 -944 -198 391 -645 570 716 -449 -326 710 -372 174 -582 507 -38 -343 -534 243 957 -953 999 -34 -496 960 -515 -688 -633 -386 490 774 -275 144 859 630 604 -242 118 900 -153 -906 867 -79 599 149 215 -803 -175 865 -674 -755 512 -861 228 -728 372 18 673 -357 -490 634 -865 989 166 -100 313 12 -940 943 321 -762 -808 -268 926 468 30 151 -943 -895 65 369 594 -584 275 666 684 651 694 -148 -159 -480 -966 723 315 -170 68 -447 -63 277 71 782 514
163 -863 -612 -463 -893 -172 776 348 -536 880 813 827 744 314 754 -734 507 -597 612 -381 -877 904 510 -13 -475 -263 -332 423 21 -168 576 -261 800 999 -125 -626 -525 798 77 270 393 272 -296 -117 929 -486 655 283 -130 -889 -116 410 583 -813 14 -949 863 186 89 463 -64 -373 120 352 -144 750 -499 59 -330 -337 -999 632 -859 567 199 56 119 918 915 -710 37 446 41 521 -238 -657 -825 934 904 427 -348 -243 -374 -699 -422 -425 -888 410 958 331 497 940 113 -415 963 -121 -450 997 686 498 -588 -348 550 260 -706 -217 -537 17 -114 473 931 -545 120 -282 39 -583 314 -15 604 -113 58 -94 409 184 -793 651 773 245 817 -634 -118 99 197 941
-139 493 881 565 746 -516 166 615 101 -548 650 -180 859 -196 -675 53 255 -447 -828 21 -656 551 337 619 831 -938 948 687 -577 -900 -790 -520 -27 797 -396 -280 -673 -508 -509 -747 385 -203 -690 949 682 -271 630 549 613 548 225 -570 -725 -914 658 821 54 -228 -582 645 -287 498 -840 602 -213 -312 860 -667 554 574 -791 695 -548 653 -536 -908 -200 812 153 -298 627 59 613 155 463 -496 -129 444 510 220 424 -486 996 632 -734 -249 -294 -655 -388 -449 47 749 -835 561 -215 -518 -420 973 -823 386 27 940 -419 220 -957 551 -514 465 779 517 -102 -343 -846 -908 -500 -653 876 -333 -937 -466 -38 249 98 -58 705 150 909 414 -931 853 513 422 383 554
-282 -855 -767 -450 -786 -602 906 995 638 -935 -388 -282 -307 -682 -517 -303 -955 689 -744 -999 439 28 956 -133 91 -850 144 -258 -91 -499 105 885 -30 -520 945 932 -511 995 -768 283 575 -689 -646 -812 -245 -187 -575 -107 -615 607 443 -829 -526 -12 415 947 -200 -578 -295 142 -569 922 477 848 134 -213 760 525 -3 426 -238 913 -879 -801 943 946 -949 -491 -60 901 71 413 23 665 471 593 -768 -220 343 738 -996 -584 412 -607 -800 -255 742 -201 -278 -915 -43 770 -510 -807 -633 -868 -32 404 -1 905 -456 -93 1 477 944 -943 -374 311 930 -193 -739 526 876 -593 408 807 -459 761 -859 160 -582 -247 -708 556 39 182 -10 -869 257 415 -68 629 463 499
-626 -140 -663 61 383 -325 441 -789 846 22 159 458 240 -945 -496 111 808 -326 -594 724 280 478 -910 173 -527 465 -714 -410 -521 46 -353 139 -400 758 -856 -557 -373 176 778 -182 173 -146 967 826 342 766 246 -251 -78 -247 728 -926 -980 572 793 145 -931 -128 562 108 578 -136 -309 -723 827 -586 799 -74 -576 443 -808 497 558 -630 920 884 -209 -345 -311 784 584 -335 173 391 -612 312 -737 -457 -867 221 906 151 786 342 712 -371 532 506 642 826 -893 351 311 19 -586 957 -936 589 48 926 560 931 -467 -667 48 983 -597 25 216 915 550 -468 -830 -885 156 332 -583 -607 895 -475 391 691 89 656 -517 -315 457 813 249 423 779 -120 -852 -156
566 -709 -601 230 303 -688 -871 520 -581 -639 -722 -678 -190 734 -638 -389 527 986 736 -282 420 563 -199 -565 330 -244 401 -952 646 -744 499 724 695 -523 500 105 -901 99 -955 -789 -703 736 -366 -647 634 897 -761 191 -775 399 -398 117 -615 811 -444 -872 -194 623 -351 -301 -301 -493 -856 746 818 -103 -20 258 899 454 800 576 236 45 385 221 -234 505 -371 -221 -800 646 -63 -90 893 -243 -256 481 -952 42 352 -228 -680 -548 31 344 -674 713 387 263 939 -501 654 -645 191 347 704 -727 860 872 262 -840 25 724 401 76 898 972 114 -646 -659 -846 625 568 -585 -376 876 387 -35 -630 268 -453 -313 873 -12 -881 -178 880 -77 832 382 437 -487 -651
775 413 405 187 -835 -628 77 -9 -416 -231 55 569 582 -598 596 558 -301 928 -355 -110 587 -623 293 224 254 -834 94 217 -446 -703 983 620 -705 486 -765 471 227 386 -59 -277 -634 644 -953 421 103 726 810 -146 -91 239 -488 -31 523 -279 -603 -620 339 -101 -892 -347 -949 -750 326 210 -524 849 461 933 -729 -815 766 -374 -14 -682 229 15 800 545 -110 -521 -793 -309 -318 -598 -245 -251 -183 429 176 665 314 -999 -84 -180 921 -549 -325 690 -873 -153 876 606 893 -470 761 -763 -155 699 420 -642 913 -276 892 920 430 -445 -257 216 803 159 -807 -611 324 -454 -165 -702 20 -550 -873 799 135 611 -264 300 -555 -563 94 916 618 -995 934 977 266 -270
