22 111
0 1 6
0 7 2
0 8 4
0 10 3
0 12 5
0 16 5
0 17 3
0 18 8
0 20 10
0 21 5
1 2 7
1 3 6
1 4 2
1 5 10
1 8 6
1 9 9
1 12 3
1 15 7
1 16 6
1 18 2
1 20 10
1 21 1
2 5 2
2 9 4
2 12 7
2 13 10
2 14 4
2 16 8
2 20 4
3 4 7
3 5 2
3 12 10
3 14 6
3 15 1
3 16 5
3 17 10
3 18 6
3 19 7
3 20 7
4 6 1
4 7 6
4 10 10
4 12 8
4 13 10
4 15 6
4 18 5
4 19 4
4 20 2
5 7 8
5 8 8
5 10 9
5 12 7
5 13 10
5 14 10
5 15 7
5 20 6
6 7 1
6 8 9
6 9 9
6 10 10
6 11 8
6 12 3
6 16 3
6 17 5
6 20 4
7 9 9
7 12 9
7 18 2
8 10 7
8 11 10
8 13 9
8 15 8
8 16 3
8 18 2
8 21 7
9 10 2
9 11 9
9 13 7
9 15 9
9 16 10
9 20 4
10 11 9
10 13 5
10 14 9
10 15 1
10 17 10
10 18 1
10 19 10
10 21 2
11 13 7
11 14 3
11 16 1
11 17 7
11 20 6
12 15 5
12 18 6
12 19 2
13 15 2
13 16 1
13 19 6
13 21 6
14 15 6
14 16 6
15 16 3
15 18 3
15 19 10
15 20 1
15 21 3
16 17 5
16 18 1
18 21 1
