97 2328
0 1 238
0 3 7862
0 9 6071
0 12 4412
0 14 1792
0 15 2851
0 16 9301
0 18 3205
0 19 1748
0 20 527
0 22 2756
0 24 4210
0 25 1191
0 26 4761
0 27 3768
0 30 5034
0 31 8436
0 32 9393
0 33 2387
0 36 1450
0 38 392
0 39 1035
0 42 8343
0 43 6193
0 45 5831
0 48 5562
0 53 9616
0 56 7751
0 57 1506
0 58 2881
0 59 9842
0 60 393
0 61 8658
0 64 5561
0 65 767
0 67 3058
0 68 5598
0 69 6780
0 70 9694
0 72 3485
0 75 1369
0 76 2495
0 78 1945
0 80 2746
0 82 4509
0 83 5937
0 88 8700
0 89 9617
0 90 7269
0 96 9496
1 5 5075
1 11 1866
1 12 8526
1 13 289
1 14 1358
1 15 2147
1 16 7036
1 24 864
1 25 6798
1 26 8979
1 28 2123
1 30 6183
1 32 8682
1 35 4864
1 38 6997
1 39 7311
1 40 9987
1 45 3962
1 46 5524
1 47 4605
1 49 4387
1 50 4639
1 54 3367
1 55 3145
1 59 7185
1 61 1354
1 62 3881
1 65 3899
1 69 9814
1 70 3239
1 71 5001
1 72 5252
1 75 6416
1 77 5521
1 81 6224
1 82 8234
1 83 6460
1 85 8219
1 86 2330
1 87 6191
1 89 8542
1 90 7278
1 92 2533
1 96 2009
2 4 777
2 5 6398
2 7 4262
2 8 4452
2 9 8286
2 11 961
2 12 5470
2 14 889
2 16 2155
2 17 2617
2 20 1835
2 21 8925
2 22 8816
2 23 2830
2 24 8063
2 25 626
2 28 6457
2 29 3449
2 30 7964
2 33 4285
2 34 1903
2 37 8197
2 38 7719
2 39 2559
2 40 8461
2 42 4169
2 44 9254
2 45 4685
2 51 1430
2 53 9962
2 54 9054
2 57 8368
2 61 8831
2 65 7183
2 66 9944
2 69 6103
2 70 1690
2 71 9626
2 72 8390
2 73 2277
2 74 6927
2 75 236
2 81 252
2 83 560
2 84 1736
2 86 6453
2 89 5832
2 90 1388
2 91 8481
2 93 8870
3 4 748
3 7 6376
3 10 8971
3 14 2812
3 15 7676
3 16 8882
3 18 178
3 19 4971
3 20 2913
3 21 2486
3 22 6052
3 27 1586
3 30 9094
3 31 9023
3 32 6893
3 34 1057
3 35 2042
3 37 4785
3 39 7847
3 41 7986
3 45 2321
3 49 7655
3 50 4620
3 52 5268
3 53 4619
3 54 8661
3 57 1725
3 58 2571
3 60 7921
3 61 5312
3 62 1938
3 64 8912
3 65 840
3 66 1882
3 70 1803
3 71 856
3 72 394
3 73 8157
3 74 471
3 76 846
3 77 2240
3 78 5315
3 80 6031
3 84 8201
3 87 4807
3 90 1111
3 92 7448
3 93 4237
4 6 4140
4 8 536
4 10 9456
4 11 3387
4 12 9697
4 14 5090
4 15 9934
4 20 4951
4 23 7555
4 27 5801
4 28 6615
4 30 5113
4 33 3857
4 35 4623
4 37 6494
4 39 8841
4 40 1136
4 41 9237
4 42 3032
4 43 702
4 44 1611
4 47 4553
4 49 1423
4 51 9525
4 54 5144
4 56 6409
4 58 1503
4 59 724
4 61 4395
4 63 3695
4 65 6242
4 66 4457
4 69 465
4 71 7090
4 73 3832
4 75 360
4 76 3723
4 81 6522
4 84 1109
4 85 7040
4 86 9600
4 87 3934
4 88 8369
4 90 6259
4 91 2494
4 94 6149
4 95 4088
4 96 8861
5 6 8375
5 9 5879
5 11 8
5 12 5617
5 13 1227
5 16 7063
5 17 4197
5 19 4548
5 24 6711
5 26 6474
5 27 1196
5 28 2524
5 29 5070
5 30 8833
5 31 745
5 32 5999
5 33 5188
5 34 4007
5 35 2761
5 37 8839
5 39 3392
5 43 2994
5 44 2077
5 46 7049
5 47 1997
5 50 2595
5 51 1084
5 53 180
5 56 8448
5 58 4649
5 59 2308
5 60 1678
5 61 354
5 62 6412
5 64 3220
5 65 6704
5 66 8004
5 71 7094
5 74 1872
5 75 4563
5 76 1624
5 77 42
5 78 5405
5 81 6189
5 84 6595
5 86 3275
5 87 7684
5 88 8973
5 89 7081
5 91 7123
5 93 2266
6 8 962
6 11 6155
6 12 865
6 14 9851
6 16 4398
6 23 8985
6 24 5939
6 29 6051
6 30 3241
6 31 7079
6 32 8884
6 37 7884
6 41 1432
6 42 7620
6 45 6974
6 47 7965
6 48 2000
6 49 8317
6 51 1769
6 52 9881
6 53 7984
6 55 5961
6 56 3399
6 58 7802
6 59 2419
6 61 4094
6 66 2784
6 67 3382
6 70 1688
6 71 2796
6 73 6357
6 74 168
6 76 3051
6 77 481
6 78 9470
6 79 5746
6 80 458
6 82 2902
6 83 5221
6 84 3751
6 85 620
6 88 8674
6 90 7837
6 94 6280
6 95 224
6 96 4512
7 8 7385
7 9 8989
7 10 6307
7 12 9502
7 18 6486
7 19 4674
7 20 8574
7 21 8465
7 23 6478
7 26 6263
7 29 7665
7 32 602
7 33 9904
7 35 9559
7 36 2174
7 38 1489
7 41 502
7 45 8384
7 46 2951
7 48 2638
7 49 4459
7 54 3749
7 56 6454
7 57 564
7 60 5366
7 61 6499
7 62 188
7 64 2520
7 66 4246
7 68 8247
7 70 7233
7 71 6086
7 72 2379
7 73 8213
7 74 7666
7 75 2040
7 76 1075
7 77 9440
7 80 2781
7 81 1808
7 83 2079
7 84 7129
7 85 9446
7 88 8541
7 92 3531
7 94 8581
7 95 2275
7 96 6943
8 9 7412
8 10 4314
8 12 2979
8 13 5479
8 14 3371
8 15 5661
8 20 4714
8 22 1124
8 24 8633
8 25 3589
8 28 549
8 31 132
8 38 2594
8 46 4879
8 49 705
8 50 4271
8 52 1219
8 54 1154
8 56 1347
8 58 7852
8 60 4789
8 62 9911
8 63 7885
8 65 7074
8 67 8153
8 68 8103
8 71 2552
8 75 1578
8 76 6566
8 77 9748
8 80 7435
8 81 1743
8 83 1924
8 85 2605
8 86 2069
8 87 6497
8 88 6150
8 93 9167
8 94 6397
9 12 8034
9 19 6105
9 21 4089
9 26 8780
9 29 4847
9 30 5148
9 31 822
9 32 2409
9 34 9867
9 35 9646
9 36 1592
9 37 9821
9 38 1472
9 39 3123
9 42 7083
9 43 4585
9 44 6764
9 45 77
9 51 2335
9 52 4308
9 53 6268
9 54 426
9 56 3869
9 61 5608
9 63 9228
9 66 3778
9 68 3774
9 69 6947
9 71 2300
9 73 2500
9 74 7229
9 75 13
9 76 9123
9 77 1890
9 79 8218
9 83 3987
9 87 9288
9 90 1723
9 91 7682
9 92 7925
9 93 3182
9 94 4765
9 96 9286
10 11 4300
10 12 2091
10 14 4107
10 15 1115
10 16 9428
10 17 7329
10 18 315
10 19 9189
10 20 8049
10 25 6585
10 26 1582
10 27 1665
10 29 1567
10 32 5098
10 33 8260
10 36 150
10 38 4849
10 39 6716
10 40 2320
10 44 4525
10 48 8388
10 49 457
10 50 8298
10 51 8753
10 52 3651
10 53 2084
10 54 320
10 55 3036
10 60 3333
10 64 9269
10 65 7230
10 70 4348
10 72 811
10 74 9417
10 75 4845
10 78 7444
10 79 7603
10 80 1915
10 83 5251
10 84 3146
10 85 8558
10 86 6980
10 87 8535
10 88 1376
10 90 4332
11 12 6098
11 14 1636
11 17 7386
11 18 3940
11 19 5204
11 20 5047
11 22 4161
11 23 3916
11 24 7213
11 28 3977
11 32 3746
11 36 4335
11 37 3397
11 39 4590
11 40 3004
11 41 6081
11 43 5037
11 44 2456
11 45 4371
11 46 9341
11 47 8551
11 49 3115
11 53 7841
11 54 8930
11 55 3487
11 56 273
11 57 685
11 62 4031
11 63 3799
11 64 5054
11 65 2036
11 66 8167
11 67 2808
11 68 9082
11 69 631
11 70 1328
11 73 8492
11 77 2664
11 79 6251
11 80 1438
11 82 9185
11 84 2572
11 87 2020
11 88 94
11 90 4061
11 91 728
11 92 6496
11 95 8988
11 96 3141
12 16 2914
12 18 8974
12 19 7220
12 20 3093
12 22 3559
12 26 9806
12 28 9687
12 29 3354
12 31 9747
12 32 2816
12 39 823
12 41 5657
12 42 9824
12 43 945
12 46 8840
12 47 266
12 48 9894
12 50 6411
12 54 7075
12 55 5911
12 56 8977
12 57 2301
12 59 2587
12 61 6671
12 63 2354
12 65 5940
12 66 1830
12 68 4716
12 70 1065
12 71 9218
12 72 5005
12 76 4838
12 77 1207
12 79 2449
12 84 3945
12 86 9256
12 87 8926
12 92 9722
12 93 3299
12 94 1923
13 15 505
13 17 4174
13 19 4846
13 24 489
13 27 1174
13 28 9232
13 33 8623
13 34 3071
13 36 4295
13 38 7476
13 39 2809
13 40 4254
13 41 4756
13 42 1870
13 44 1898
13 45 8735
13 48 8149
13 50 4794
13 55 5237
13 56 5048
13 57 6014
13 58 1875
13 59 1789
13 61 6388
13 63 9493
13 64 8993
13 66 3243
13 68 9349
13 70 6140
13 71 3234
13 73 7170
13 74 8709
13 75 1346
13 76 3067
13 78 9784
13 80 6456
13 82 4437
13 86 5834
13 87 5843
13 89 1889
13 93 9048
13 95 1331
14 16 9915
14 18 1156
14 22 6210
14 23 3147
14 25 9914
14 26 711
14 27 2470
14 28 109
14 30 8148
14 33 9177
14 35 8341
14 36 6064
14 37 4153
14 41 6601
14 42 4123
14 44 7284
14 51 4455
14 59 6848
14 60 9234
14 69 857
14 71 766
14 76 9083
14 78 9408
14 79 1770
14 81 5185
14 84 7610
14 85 599
14 88 4881
14 92 7189
15 16 5528
15 21 3178
15 22 1032
15 25 243
15 26 9178
15 27 2581
15 33 9884
15 34 7933
15 36 4020
15 38 3472
15 40 5934
15 41 5949
15 44 4589
15 46 8568
15 47 5363
15 50 1552
15 51 127
15 53 4907
15 56 1268
15 61 3928
15 64 4030
15 66 8586
15 71 1815
15 75 1810
15 76 3679
15 78 9544
15 81 1224
15 85 7352
15 86 4665
15 89 7570
15 91 4798
15 92 7022
15 94 7690
15 96 7172
16 17 4540
16 18 925
16 19 3052
16 21 7663
16 22 1862
16 23 48
16 24 9130
16 29 5556
16 31 6355
16 32 4514
16 37 6654
16 39 6066
16 40 2858
16 41 2849
16 45 9854
16 46 5978
16 47 9715
16 48 7691
16 50 3288
16 51 2416
16 53 2092
16 55 550
16 56 8782
16 58 1152
16 61 1186
16 62 9564
16 63 3642
16 67 1068
16 68 25
16 69 1337
16 71 2691
16 78 7702
16 81 9956
16 82 7005
16 86 7303
16 87 7814
16 90 1637
16 93 5031
16 94 5773
17 18 9489
17 19 5991
17 20 4809
17 27 369
17 30 7644
17 31 228
17 34 1779
17 35 8758
17 36 5982
17 37 3754
17 39 6277
17 43 548
17 46 4902
17 47 2804
17 51 8070
17 52 6445
17 53 7692
17 56 5872
17 59 9043
17 60 2732
17 61 5588
17 62 2242
17 63 8688
17 67 9151
17 68 5689
17 70 9793
17 71 4777
17 72 4603
17 73 6100
17 74 6346
17 75 93
17 76 6677
17 77 692
17 81 1143
17 83 5973
17 86 3761
17 87 4199
17 90 1370
17 91 4249
17 94 4676
17 95 3992
18 21 9396
18 22 4403
18 23 463
18 24 1813
18 29 1095
18 33 5852
18 36 7208
18 37 7744
18 38 1159
18 39 7244
18 44 9957
18 46 5245
18 47 2967
18 48 1800
18 52 615
18 55 970
18 56 8468
18 57 3054
18 58 5186
18 59 5373
18 64 4316
18 65 8235
18 66 3582
18 69 7215
18 70 6
18 73 8776
18 74 5122
18 79 5844
18 81 2332
18 83 260
18 84 6611
18 85 7250
18 87 4066
18 88 3743
18 91 6271
18 93 7305
19 20 1468
19 23 4981
19 24 797
19 29 2723
19 30 4245
19 31 1187
19 32 7857
19 33 9959
19 35 7724
19 36 3645
19 37 7886
19 40 1519
19 41 6198
19 43 9716
19 44 3787
19 46 4458
19 47 4491
19 48 1765
19 50 6166
19 55 119
19 57 8923
19 58 7196
19 63 2863
19 64 8764
19 65 3386
19 67 9673
19 69 6872
19 74 7910
19 75 4983
19 76 1648
19 80 2697
19 81 464
19 83 7757
19 85 2974
19 86 1199
19 88 1894
19 89 2355
19 92 329
19 95 2988
19 96 5076
20 21 8332
20 22 7253
20 27 3927
20 28 4464
20 30 6730
20 34 537
20 36 4824
20 37 5275
20 42 3617
20 47 12
20 48 1887
20 51 5192
20 53 8342
20 54 6030
20 55 5783
20 56 442
20 58 1090
20 62 6731
20 63 2406
20 64 8318
20 66 1932
20 68 3236
20 70 3066
20 73 9833
20 74 3208
20 75 2014
20 77 5979
20 79 8470
20 80 6530
20 81 1727
20 82 8276
20 85 5040
20 87 8168
20 89 7843
20 92 2987
20 93 4797
20 94 441
21 22 167
21 23 699
21 27 2329
21 29 8210
21 31 2589
21 33 5932
21 35 8051
21 37 8489
21 41 8016
21 43 2261
21 45 1464
21 49 3165
21 53 8185
21 55 9699
21 56 5223
21 60 9101
21 62 7285
21 63 3232
21 65 7223
21 66 4628
21 67 9665
21 71 3263
21 73 5840
21 78 3507
21 80 4479
21 82 2889
21 83 2933
21 85 2464
21 87 8914
21 88 2543
21 89 1046
21 92 9355
21 93 1010
21 94 998
21 96 6977
22 24 9504
22 27 3407
22 30 8858
22 34 7247
22 35 9377
22 36 9433
22 40 786
22 41 6177
22 42 9883
22 43 6546
22 44 5592
22 46 8744
22 48 6604
22 49 920
22 50 410
22 51 7550
22 52 1520
22 54 9756
22 55 2560
22 59 5033
22 62 1653
22 65 9999
22 66 6755
22 67 4234
22 68 2820
22 70 2384
22 72 321
22 73 85
22 76 2140
22 77 3447
22 78 7703
22 81 3685
22 82 5360
22 83 3629
22 84 8494
22 89 2663
22 91 5889
22 92 6573
22 95 4825
22 96 6427
23 24 6350
23 26 6563
23 27 3610
23 28 4172
23 29 1451
23 31 6612
23 35 4473
23 37 5568
23 39 3755
23 40 5466
23 41 5459
23 43 15
23 45 1670
23 48 1252
23 50 1591
23 51 4401
23 52 2483
23 54 1691
23 55 5800
23 56 3291
23 57 2862
23 59 2547
23 60 964
23 62 113
23 64 3648
23 66 6945
23 68 9131
23 70 7906
23 71 6787
23 74 6626
23 75 2847
23 80 1535
23 81 802
23 82 5061
23 88 6981
23 94 5065
24 26 4860
24 27 7171
24 28 7723
24 29 5663
24 31 3455
24 32 8899
24 33 9298
24 36 743
24 39 677
24 45 8572
24 46 5755
24 47 6382
24 48 6936
24 50 1478
24 51 2606
24 54 8740
24 62 3340
24 63 387
24 64 1405
24 69 2145
24 72 6314
24 74 4538
24 76 7790
24 78 51
24 80 9964
24 82 7477
24 87 1034
24 88 3967
24 89 9653
24 92 6157
24 93 3715
24 96 9191
25 27 4286
25 29 2218
25 30 5962
25 35 5970
25 38 7293
25 40 1176
25 41 5710
25 44 1127
25 45 9331
25 46 1211
25 48 7334
25 50 274
25 51 5064
25 54 8026
25 57 8771
25 58 2782
25 59 6971
25 63 3417
25 64 8866
25 66 7067
25 70 5247
25 74 9127
25 76 1377
25 78 5093
25 80 405
25 82 1532
25 83 6049
25 86 4880
25 87 3619
25 95 838
26 31 1171
26 34 3693
26 35 1164
26 36 232
26 39 4045
26 41 8076
26 42 6225
26 43 9865
26 44 6444
26 45 7617
26 47 9568
26 51 5117
26 52 6402
26 57 1626
26 64 8082
26 65 4005
26 68 6655
26 76 4483
26 77 9947
26 82 5445
26 83 4280
26 85 9963
26 86 5004
26 87 3321
26 88 9886
26 90 9416
26 91 9405
26 93 8473
26 94 7773
27 29 861
27 31 6661
27 33 9658
27 34 5120
27 35 2445
27 37 6143
27 40 5989
27 43 6865
27 44 4497
27 46 4310
27 47 6267
27 50 6476
27 51 6641
27 54 8232
27 55 3215
27 56 5011
27 57 4355
27 60 1098
27 63 3547
27 65 254
27 67 5788
27 72 819
27 73 7981
27 74 3488
27 75 1555
27 76 6690
27 80 6946
27 83 8071
27 84 1675
27 86 9625
27 87 796
27 88 3148
27 89 4378
27 91 1194
27 95 4055
28 29 732
28 30 1788
28 31 4678
28 32 2674
28 33 9542
28 36 3395
28 40 7065
28 41 3270
28 42 2776
28 43 3278
28 48 1313
28 50 327
28 51 2817
28 52 8814
28 58 9657
28 60 7625
28 64 6879
28 65 4696
28 66 6006
28 72 3022
28 74 8223
28 78 4117
28 79 3783
28 80 8035
28 81 2490
28 82 9374
28 83 880
28 84 5688
28 85 3818
28 86 4341
28 87 7257
28 88 6571
28 90 6428
28 92 1198
28 94 1703
28 95 5766
29 30 3663
29 32 979
29 35 4635
29 36 3535
29 37 641
29 38 837
29 40 991
29 43 9400
29 47 9750
29 48 3956
29 50 6200
29 51 7375
29 52 7474
29 53 6145
29 56 3834
29 57 9226
29 62 854
29 63 9606
29 66 8255
29 68 570
29 69 4519
29 70 7475
29 71 4418
29 73 4546
29 74 9044
29 75 6854
29 77 7187
29 78 4613
29 80 7612
29 81 2425
29 82 2866
29 87 234
29 88 4750
29 90 456
29 93 3358
29 94 9850
29 95 202
30 31 5167
30 33 8379
30 36 4926
30 39 5260
30 42 3117
30 43 3742
30 44 3671
30 47 1530
30 50 721
30 53 454
30 56 9031
30 57 2148
30 59 8677
30 60 7457
30 61 8200
30 63 4583
30 64 9063
30 66 8859
30 69 3475
30 71 9158
30 74 5171
30 76 9300
30 77 3017
30 78 8865
30 85 5867
30 86 8314
30 87 2929
30 88 7891
30 89 3359
31 32 6678
31 34 6458
31 36 8781
31 37 8021
31 44 6228
31 45 6074
31 46 8910
31 47 2047
31 48 4886
31 52 4342
31 55 1751
31 57 5517
31 58 2100
31 60 6449
31 67 9820
31 72 6550
31 74 7740
31 75 9015
31 76 1414
31 77 4992
31 78 3800
31 79 3983
31 80 4941
31 81 3070
31 82 3156
31 83 1561
31 84 6284
31 85 436
31 87 9838
31 90 9918
31 91 7629
31 94 3176
31 95 762
31 96 5739
32 33 3868
32 34 8012
32 39 5390
32 43 9994
32 44 6304
32 45 6741
32 47 6508
32 50 5265
32 51 9173
32 52 5515
32 53 6347
32 56 6859
32 57 9618
32 58 4935
32 59 3135
32 61 2743
32 62 2642
32 63 7738
32 65 287
32 70 8678
32 71 8315
32 72 5655
32 73 6439
32 77 377
32 78 6475
32 79 5420
32 81 771
32 82 8262
32 83 6254
32 84 146
32 85 5767
32 93 2367
32 96 7023
33 34 9580
33 35 98
33 37 1278
33 39 3184
33 40 3142
33 41 1404
33 42 4433
33 43 3133
33 44 7654
33 46 6838
33 51 5342
33 56 6414
33 57 5796
33 62 9017
33 64 8810
33 65 7923
33 66 6223
33 71 7410
33 73 8141
33 74 4905
33 76 5035
33 77 8130
33 78 5016
33 80 6218
33 83 6929
33 87 6788
33 89 5602
33 91 9447
33 94 5705
33 95 2195
33 96 307
34 35 9147
34 37 5338
34 38 2698
34 39 6681
34 41 4850
34 42 3019
34 43 5514
34 44 2626
34 45 5810
34 46 6005
34 47 667
34 51 6835
34 53 8081
34 55 3451
34 58 2312
34 60 5327
34 61 617
34 62 4494
34 66 8702
34 67 8501
34 77 5451
34 79 8248
34 81 5553
34 83 7069
34 84 6203
35 37 4226
35 38 1426
35 39 7186
35 40 7270
35 42 9356
35 43 4857
35 45 6190
35 46 7868
35 48 1531
35 49 399
35 50 3972
35 52 6850
35 53 9282
35 54 8724
35 55 5264
35 57 8495
35 58 9634
35 60 459
35 62 8110
35 63 382
35 67 4591
35 69 9122
35 70 1387
35 71 5574
35 72 1823
35 73 9241
35 74 8717
35 78 4198
35 79 3134
35 82 3400
35 83 2364
35 84 4219
35 87 9859
35 92 7116
35 93 1357
35 94 1798
35 96 1379
36 40 8767
36 41 5195
36 43 706
36 44 227
36 45 7007
36 46 9223
36 49 2024
36 52 9893
36 53 7535
36 54 7963
36 55 1851
36 57 877
36 58 1941
36 61 5616
36 63 751
36 64 2139
36 66 9450
36 67 3337
36 69 5142
36 71 2613
36 73 6099
36 74 4569
36 75 6651
36 77 9809
36 78 1559
36 87 218
36 88 8508
36 89 8362
36 93 5856
36 94 7505
36 95 8324
36 96 7643
37 39 3121
37 40 7994
37 43 6781
37 45 2154
37 46 6121
37 49 7786
37 55 1077
37 57 9985
37 60 4141
37 62 2390
37 63 1045
37 65 1787
37 66 1692
37 67 3901
37 68 6600
37 69 5643
37 72 981
37 73 1795
37 76 8902
37 77 3073
37 83 3027
37 84 6990
37 87 1390
37 89 5468
37 90 2882
37 91 5724
37 92 6840
37 93 8352
37 96 175
38 39 4675
38 42 1708
38 44 6188
38 45 6625
38 49 4216
38 50 7761
38 51 5165
38 53 9531
38 58 1340
38 59 5952
38 60 112
38 61 3388
38 63 9294
38 65 8365
38 66 6984
38 67 8649
38 68 40
38 69 2489
38 74 4277
38 76 5217
38 82 7504
38 85 5575
38 87 3493
38 88 1168
38 89 8863
38 91 4331
38 92 3602
38 94 2688
38 96 3523
39 40 7969
39 41 1374
39 43 9438
39 44 9192
39 47 7907
39 52 9717
39 53 1101
39 54 4876
39 56 5537
39 58 5029
39 61 6594
39 62 6257
39 65 3074
39 67 4323
39 69 2740
39 70 1522
39 71 2229
39 74 9786
39 75 7536
39 76 87
39 78 4721
39 81 3373
39 83 8488
39 86 5042
39 88 3434
39 89 7266
39 91 148
39 92 4795
39 93 8435
39 95 6265
39 96 8192
40 41 1761
40 44 3006
40 46 3765
40 50 1634
40 51 9707
40 52 2620
40 55 8500
40 56 8258
40 57 6719
40 58 4212
40 59 6674
40 61 5541
40 62 5666
40 63 5356
40 65 1325
40 66 8565
40 67 1773
40 68 191
40 70 8878
40 72 7815
40 74 1554
40 78 1934
40 79 2956
40 81 8795
40 82 4752
40 83 6446
40 84 108
40 85 2136
40 86 6117
40 89 7893
40 90 9560
40 93 3290
41 42 4903
41 43 985
41 44 4932
41 45 8383
41 47 9766
41 48 1342
41 49 4572
41 55 8443
41 56 3522
41 58 4566
41 61 4410
41 63 944
41 65 1852
41 68 776
41 70 7479
41 71 5280
41 72 9576
41 73 5353
41 76 5620
41 77 959
41 81 758
41 82 2859
41 83 8660
41 84 1415
41 87 2971
41 88 9437
41 95 239
41 96 6109
42 44 2303
42 45 9335
42 46 7746
42 48 6209
42 49 9661
42 50 7485
42 51 3830
42 53 8883
42 54 2555
42 57 6025
42 59 9982
42 61 9937
42 62 7420
42 63 7939
42 64 1417
42 67 1764
42 71 3581
42 73 7206
42 75 8321
42 78 6363
42 80 8608
42 82 3533
42 83 8067
42 85 5202
42 87 7824
42 89 3849
42 91 5837
42 94 6305
42 95 4379
42 96 1334
43 45 5271
43 47 954
43 48 1477
43 49 3355
43 52 1425
43 54 9389
43 57 1868
43 58 7851
43 59 8496
43 61 2293
43 65 2983
43 67 9093
43 68 4008
43 70 9623
43 71 8493
43 72 3772
43 75 5769
43 76 2755
43 80 8690
43 81 9448
43 83 5170
43 84 8151
43 85 770
43 86 8757
43 87 7280
43 89 525
43 90 1445
43 93 9081
43 94 9345
43 96 2227
44 45 2288
44 46 8462
44 48 6070
44 50 3252
44 51 3785
44 53 798
44 54 585
44 56 1679
44 59 2680
44 61 8832
44 63 6336
44 72 9316
44 73 8659
44 75 3495
44 76 3539
44 79 7803
44 80 3620
44 83 79
44 84 163
44 85 6598
44 87 6054
44 89 6537
44 92 3628
44 93 7578
44 96 2429
45 46 6910
45 47 4796
45 51 3730
45 52 9659
45 53 8790
45 55 5869
45 56 3611
45 58 7962
45 59 6212
45 60 6367
45 61 7038
45 64 4702
45 65 1911
45 66 849
45 67 5452
45 68 2991
45 69 5964
45 70 3414
45 73 610
45 75 7393
45 77 6311
45 78 5153
45 83 5986
45 85 5555
45 89 580
45 90 5174
45 91 6283
45 92 9684
45 93 7737
45 95 9170
46 49 3456
46 50 6744
46 52 5971
46 57 8605
46 60 7198
46 64 7980
46 65 2963
46 66 7256
46 69 9501
46 70 4284
46 71 5447
46 73 3033
46 74 1058
46 75 3786
46 81 4078
46 84 7484
46 85 4917
46 86 1144
46 89 6423
46 92 761
46 94 9410
46 96 2671
47 48 5630
47 52 7733
47 55 648
47 57 8920
47 60 2290
47 63 7096
47 65 5334
47 66 5518
47 67 81
47 70 8252
47 71 8181
47 73 7704
47 74 6120
47 80 1741
47 81 7088
47 82 8176
47 83 6844
47 84 7296
47 85 2876
47 86 1258
47 92 5103
47 93 2298
47 95 5155
48 49 4162
48 50 9791
48 51 799
48 52 7376
48 57 3675
48 60 1384
48 61 6532
48 62 3913
48 63 126
48 64 9953
48 65 487
48 66 1543
48 69 7800
48 72 1714
48 75 7581
48 76 3674
48 82 744
48 84 283
48 85 4026
48 87 8622
48 88 6658
48 95 1821
49 50 8316
49 54 3747
49 57 4380
49 60 6763
49 62 2008
49 64 8001
49 65 7914
49 67 3106
49 68 3342
49 72 8784
49 73 736
49 74 9691
49 75 709
49 76 9596
49 77 5707
49 80 5179
49 81 8025
49 82 8310
49 84 2185
49 87 9719
49 88 4105
49 91 696
49 93 5071
49 94 6912
50 51 933
50 52 4227
50 53 8059
50 54 4157
50 55 1105
50 57 9114
50 58 5804
50 60 4682
50 62 3722
50 63 9018
50 66 3930
50 67 2385
50 69 5236
50 70 5269
50 79 1129
50 80 8309
50 81 2710
50 84 9311
50 89 4972
50 90 9231
50 94 6669
50 95 3660
50 96 8270
51 52 6378
51 54 2498
51 55 1383
51 56 1713
51 57 7032
51 59 5101
51 60 7677
51 68 8711
51 69 18
51 71 8950
51 72 2347
51 74 269
51 75 1240
51 76 6525
51 80 2718
51 81 3658
51 82 6645
51 83 9125
51 84 707
51 85 6463
51 87 1700
51 88 5737
51 90 8935
51 92 2715
51 93 2017
51 94 2319
52 54 9181
52 55 9209
52 57 1933
52 58 9778
52 59 7777
52 60 7222
52 61 1157
52 62 107
52 65 431
52 66 6999
52 67 5084
52 69 3943
52 70 8813
52 71 4409
52 73 8593
52 74 364
52 76 7442
52 77 2356
52 79 3929
52 80 2649
52 83 7488
52 86 7697
52 87 7892
52 91 7596
52 92 7735
52 95 2479
52 96 1490
53 54 688
53 56 9291
53 57 8003
53 58 8287
53 59 6113
53 60 3294
53 61 6900
53 64 7745
53 66 9813
53 68 2932
53 72 8131
53 73 1777
53 76 3460
53 81 4163
53 83 8958
53 84 4425
53 86 1510
53 87 2583
53 92 179
53 93 6469
53 94 6246
53 96 5922
54 55 6948
54 57 111
54 61 8243
54 62 8755
54 63 6487
54 66 3473
54 67 402
54 68 6078
54 69 479
54 73 3295
54 74 7423
54 76 9113
54 79 8442
54 81 1163
54 84 2344
54 87 529
54 89 7003
54 91 1640
54 92 7401
54 95 1685
54 96 286
55 56 2734
55 57 4751
55 59 9807
55 61 1516
55 63 3217
55 64 4559
55 65 825
55 66 4692
55 67 8517
55 69 952
55 71 2906
55 73 946
55 75 8886
55 79 495
55 80 5599
55 84 5703
55 85 1141
55 86 3216
55 88 6581
55 89 2523
55 90 7155
55 92 3837
55 93 3737
55 94 7302
55 95 4643
55 96 2815
56 57 3739
56 58 6043
56 60 8048
56 61 7034
56 62 390
56 66 2751
56 67 9890
56 69 7163
56 70 9860
56 73 1929
56 74 4156
56 76 4429
56 78 1805
56 79 7399
56 80 6907
56 82 6490
56 83 7992
56 87 663
56 89 6569
56 91 9000
56 96 142
57 59 6672
57 60 1780
57 62 6301
57 65 8402
57 69 2501
57 71 9949
57 72 6752
57 73 5833
57 74 6863
57 83 9095
57 84 8281
57 93 3233
57 94 9359
57 95 8407
58 59 8406
58 60 995
58 61 9975
58 66 3931
58 67 2870
58 69 7409
58 71 9105
58 73 3324
58 74 134
58 76 3680
58 78 2255
58 79 8577
58 80 6976
58 81 4446
58 85 4594
58 87 9110
58 88 1681
58 89 1264
58 90 6799
58 91 4899
58 92 5505
58 93 8163
58 94 3700
58 95 4220
59 61 8022
59 62 6253
59 66 2193
59 67 2989
59 68 7178
59 69 1439
59 70 5974
59 71 6021
59 75 2564
59 77 3946
59 78 2291
59 84 9022
59 85 8597
59 87 3625
59 94 5950
59 96 2196
60 64 9970
60 67 8589
60 68 1485
60 69 9736
60 71 9725
60 74 8667
60 76 2424
60 77 2273
60 80 7754
60 81 3947
60 83 7501
60 90 2087
60 91 5609
60 93 8238
60 95 8326
61 63 8412
61 69 1467
61 70 5355
61 72 2116
61 74 5947
61 75 1645
61 76 8534
61 77 7542
61 78 2027
61 80 6832
61 81 6403
61 86 7235
61 87 3175
61 88 2285
61 91 8177
61 92 8725
61 95 6891
61 96 9207
62 63 3681
62 64 6540
62 69 4060
62 71 9735
62 73 6317
62 74 201
62 77 8139
62 78 7951
62 79 5351
62 83 9313
62 90 5742
62 91 2081
62 94 2783
62 95 3494
63 66 4416
63 72 171
63 73 5118
63 74 5625
63 77 2246
63 80 3047
63 81 3553
63 85 5871
63 86 2396
63 87 2254
63 88 3519
63 89 235
63 90 3760
64 65 9498
64 66 9515
64 71 7347
64 73 5664
64 76 7369
64 77 9197
64 80 422
64 81 3840
64 86 8429
64 88 9085
64 89 3113
64 90 3423
64 92 2191
64 93 5184
64 94 1837
64 95 1225
65 68 1008
65 69 6810
65 72 3440
65 74 3248
65 75 7901
65 76 4050
65 78 6175
65 79 6372
65 83 4381
65 84 8522
65 85 2752
65 87 8499
65 89 8785
65 91 8441
65 92 4723
65 93 6902
65 94 380
65 95 3490
66 72 2639
66 73 7961
66 75 8538
66 76 1028
66 80 2622
66 81 9671
66 82 3672
66 87 7157
66 88 363
66 90 1274
66 91 1092
66 93 153
66 94 6480
66 95 4618
66 96 810
67 68 8600
67 69 7927
67 70 8355
67 72 2935
67 73 9443
67 75 6827
67 76 7768
67 77 6470
67 78 5955
67 84 6076
67 85 9407
67 87 1132
67 89 5151
67 93 6273
68 71 555
68 72 872
68 77 8632
68 78 8928
68 81 7497
68 82 510
68 83 5469
68 87 3081
68 90 3272
68 91 3361
68 95 9882
68 96 7113
69 71 9321
69 72 8960
69 73 5482
69 74 642
69 75 9906
69 76 5309
69 79 4658
69 83 9042
69 89 1794
69 90 8246
69 95 6994
70 71 5448
70 73 3110
70 75 2797
70 78 9357
70 79 6266
70 80 886
70 81 6675
70 84 4774
70 85 2033
70 87 6509
70 88 8036
70 90 508
70 95 9271
70 96 8313
71 72 9514
71 74 7454
71 77 4735
71 80 3385
71 82 754
71 84 7748
71 85 5032
71 86 8353
71 88 2462
71 89 907
71 91 7694
71 93 8792
72 75 5995
72 77 3568
72 78 2529
72 79 2629
72 80 2713
72 81 8529
72 83 6058
72 84 1639
72 85 540
72 86 9751
72 88 7833
72 89 7180
72 91 3937
72 92 5683
72 93 4959
72 94 2658
72 95 5898
73 74 8599
73 80 1598
73 81 6437
73 82 1189
73 85 4644
73 86 6413
73 88 5425
73 90 7721
73 91 2108
73 93 8064
73 96 9302
74 75 8202
74 77 3614
74 79 2485
74 81 5627
74 83 7817
74 86 2888
74 87 7659
74 88 5200
74 89 8697
74 90 7254
74 91 2707
74 95 3884
74 96 4112
75 78 8005
75 79 343
75 81 2954
75 83 4421
75 85 7027
75 94 4713
76 77 1596
76 78 3088
76 81 9942
76 84 1917
76 85 6012
76 86 6406
76 88 5564
76 89 6472
76 92 1335
76 94 3542
77 79 6580
77 80 2199
77 81 9419
77 82 5907
77 83 9589
77 85 4706
77 88 7109
77 91 5715
77 92 9919
77 93 2631
77 95 6720
78 80 7002
78 81 5963
78 82 2678
78 83 6128
78 86 7263
78 87 8190
78 89 4357
78 90 2408
78 91 9941
78 94 3813
78 96 8340
79 81 8752
79 84 2163
79 86 9385
79 87 2487
79 89 2392
79 91 5402
79 92 2309
79 95 3258
80 84 7398
80 85 7634
80 86 9315
80 87 8236
80 88 9938
80 90 1804
80 91 8087
80 93 9268
80 94 8845
80 95 304
81 82 7935
81 83 9551
81 88 6807
81 89 23
81 90 2003
81 92 9071
82 85 9667
82 89 4481
82 92 9797
82 93 650
82 95 3996
83 86 6680
83 87 1499
83 91 5782
83 92 7924
83 94 7402
84 88 381
84 90 2909
84 91 8983
84 92 4472
84 94 5511
84 95 1595
84 96 9398
85 88 9825
85 89 130
85 91 8655
85 93 6505
85 94 3688
85 96 7791
86 88 6647
86 90 9795
86 92 2939
86 93 5302
86 96 6705
87 90 1747
87 92 5189
87 93 5446
87 94 3102
87 96 4695
88 91 3162
88 93 4276
88 95 9582
89 93 7181
89 94 4855
89 95 5241
90 92 5849
90 93 6819
90 94 7139
90 95 749
90 96 4499
91 95 5089
92 93 2798
92 94 6769
95 96 3296
