97 2334
0 1 1130
0 3 8720
0 4 5509
0 8 8035
0 11 7065
0 13 9556
0 14 9078
0 15 7523
0 16 6804
0 17 1383
0 24 4273
0 28 7335
0 34 9538
0 37 9003
0 38 7398
0 40 1015
0 45 1705
0 48 2640
0 51 6051
0 52 7469
0 55 2823
0 56 2409
0 61 6949
0 63 8518
0 66 6483
0 67 6424
0 69 55
0 71 530
0 73 4500
0 74 6561
0 76 6904
0 79 7932
0 80 9025
0 81 4338
0 83 5018
0 85 5027
0 86 2132
0 88 663
0 92 3631
0 93 3226
0 94 8584
0 95 4298
0 96 905
1 3 7752
1 5 7570
1 6 8589
1 7 2957
1 10 8398
1 13 4031
1 19 2355
1 21 8360
1 24 1574
1 27 1964
1 28 6958
1 29 8679
1 30 7464
1 31 6387
1 33 4848
1 35 5985
1 36 3300
1 38 204
1 39 4898
1 40 2544
1 43 1472
1 45 434
1 46 9668
1 47 4163
1 48 838
1 50 5751
1 56 1010
1 57 2236
1 60 1629
1 66 5030
1 67 7868
1 70 8663
1 71 5099
1 72 203
1 76 601
1 78 7549
1 79 8316
1 81 1972
1 83 8822
1 84 6021
1 85 4945
1 86 4035
1 90 8459
1 95 8535
2 3 5393
2 6 7246
2 8 155
2 9 1801
2 11 386
2 12 9158
2 13 5981
2 14 6310
2 15 8401
2 16 5126
2 17 6361
2 19 1827
2 20 4860
2 21 2344
2 23 2519
2 24 3431
2 25 9164
2 26 3775
2 27 5761
2 28 1120
2 30 9995
2 31 1151
2 33 9809
2 35 4358
2 38 3779
2 40 6396
2 41 3820
2 46 4648
2 47 7361
2 50 4407
2 52 8722
2 53 2331
2 56 3705
2 58 1422
2 59 6485
2 60 8972
2 61 6897
2 62 6757
2 64 2975
2 65 3881
2 68 9566
2 73 92
2 74 7324
2 76 3583
2 78 749
2 81 8440
2 82 1126
2 83 4239
2 84 8511
2 85 2150
2 89 7341
2 90 9636
2 91 2473
2 92 8817
2 94 7191
2 95 189
3 5 6119
3 9 653
3 10 4266
3 12 6055
3 13 4813
3 14 6843
3 20 6786
3 22 7513
3 23 6740
3 24 9183
3 25 3065
3 26 1358
3 27 9284
3 34 9030
3 36 4890
3 37 2551
3 40 6517
3 43 6360
3 45 8207
3 46 4721
3 48 3817
3 52 8219
3 54 1764
3 59 3828
3 60 3121
3 63 3788
3 65 1935
3 67 297
3 69 812
3 71 1024
3 76 2464
3 80 59
3 81 5800
3 82 1625
3 88 5692
3 89 171
3 91 1967
3 92 622
3 93 411
3 94 7670
3 95 9259
3 96 6570
4 6 8487
4 8 6599
4 9 3502
4 12 8854
4 13 9651
4 15 8522
4 17 1405
4 18 9269
4 19 9123
4 20 343
4 24 9405
4 25 1453
4 30 5025
4 33 8743
4 36 473
4 38 7996
4 39 6684
4 40 6067
4 41 7613
4 44 3399
4 47 455
4 48 7662
4 51 3969
4 53 7476
4 62 9283
4 64 4148
4 67 2984
4 73 4905
4 75 6260
4 76 9793
4 77 664
4 78 5801
4 79 931
4 80 5616
4 83 5537
4 85 652
4 87 4025
4 89 9138
4 93 8043
4 94 2783
4 95 590
4 96 4141
5 8 5774
5 10 1131
5 15 6203
5 23 4100
5 24 7619
5 28 2374
5 30 5641
5 32 8704
5 33 9825
5 35 6816
5 37 819
5 38 5236
5 40 7043
5 41 5237
5 42 7113
5 43 7704
5 44 2415
5 46 9507
5 47 9920
5 55 195
5 58 2833
5 59 9590
5 61 5955
5 63 7972
5 64 2581
5 67 6536
5 71 7543
5 72 914
5 73 6899
5 80 649
5 87 4052
5 89 2136
5 90 395
5 91 1309
5 92 5732
5 93 4169
5 96 8914
6 8 2067
6 9 8153
6 11 1717
6 12 6296
6 14 5456
6 15 1398
6 16 4353
6 20 5532
6 22 730
6 26 2759
6 27 403
6 28 9111
6 29 9611
6 30 6313
6 31 5815
6 33 197
6 34 3215
6 37 3015
6 40 9057
6 41 5096
6 42 5132
6 44 6572
6 46 2368
6 47 3248
6 48 6158
6 50 5443
6 52 6141
6 54 4598
6 55 3368
6 56 3150
6 61 3492
6 62 7507
6 64 8199
6 66 4184
6 67 1502
6 69 4405
6 70 2774
6 71 8265
6 72 164
6 73 3250
6 74 3235
6 76 933
6 78 6181
6 81 8887
6 85 5066
6 86 5114
6 87 4737
6 88 8254
6 89 6263
6 90 1499
6 91 4694
6 92 9902
7 8 6995
7 9 5293
7 10 8142
7 12 5439
7 13 3070
7 15 1805
7 16 5936
7 17 9842
7 22 5520
7 23 9287
7 27 591
7 28 449
7 30 4024
7 31 2963
7 33 3134
7 34 6765
7 37 5244
7 38 8660
7 42 7071
7 44 3984
7 45 4709
7 49 3432
7 50 4386
7 52 5179
7 53 8894
7 56 2723
7 57 9302
7 58 8028
7 61 5011
7 62 3642
7 65 8365
7 66 7608
7 67 1408
7 68 17
7 71 9524
7 73 4511
7 77 8135
7 78 7369
7 80 7285
7 81 8595
7 82 8633
7 84 9964
7 85 9472
7 87 561
7 88 9422
7 92 2313
7 93 1527
7 95 4119
7 96 7008
8 9 8023
8 10 6828
8 12 9140
8 13 5400
8 14 8335
8 16 6321
8 20 6663
8 21 5206
8 22 7833
8 28 808
8 29 4133
8 30 9522
8 32 8030
8 33 9608
8 34 8304
8 35 9541
8 41 4340
8 42 9494
8 44 8280
8 47 9403
8 48 5563
8 49 3882
8 51 6231
8 52 5968
8 56 9838
8 58 3255
8 60 6442
8 64 6406
8 65 7786
8 67 4354
8 69 3029
8 70 2699
8 74 4512
8 82 4842
8 83 6035
8 84 9390
8 86 3518
8 87 2015
8 88 4367
8 89 3003
8 90 1478
8 91 3471
8 92 5188
8 93 4084
8 95 3474
9 13 2508
9 15 2185
9 17 1854
9 21 9679
9 22 1595
9 24 3899
9 34 7427
9 36 1128
9 40 6908
9 41 6665
9 42 1725
9 43 2131
9 44 2231
9 46 5090
9 48 3696
9 50 2071
9 56 5678
9 59 6209
9 60 8582
9 61 5842
9 63 7304
9 64 4580
9 67 1855
9 73 1978
9 76 5075
9 77 6234
9 80 2287
9 81 5406
9 82 5881
9 83 2568
9 85 9059
9 92 9211
9 93 2088
10 11 1776
10 13 6496
10 14 1153
10 15 338
10 16 7354
10 17 4413
10 21 3441
10 22 8038
10 23 242
10 24 7396
10 25 623
10 27 5830
10 29 4594
10 32 4383
10 36 4257
10 37 1321
10 38 9374
10 39 1045
10 40 4585
10 41 4306
10 42 9291
10 43 7504
10 44 7827
10 48 4624
10 49 2860
10 50 57
10 51 4929
10 56 879
10 63 8526
10 66 829
10 68 8599
10 69 389
10 70 3323
10 72 1602
10 73 4959
10 75 3239
10 78 8168
10 79 4647
10 80 5398
10 81 2881
10 86 6418
10 87 4822
10 90 2781
10 91 7409
10 92 7741
10 93 6061
10 94 7292
10 95 8829
11 12 4523
11 14 4041
11 15 5101
11 16 9476
11 18 9792
11 19 8187
11 21 5397
11 22 1641
11 24 2335
11 25 9154
11 26 9113
11 27 8158
11 29 789
11 30 492
11 32 9916
11 34 3077
11 35 2971
11 36 2531
11 39 9819
11 41 6608
11 42 6980
11 46 9239
11 49 2274
11 52 52
11 55 541
11 56 4886
11 64 111
11 65 4707
11 66 1990
11 69 16
11 71 7753
11 73 8938
11 75 1426
11 76 3113
11 77 8294
11 78 6822
11 79 9810
11 84 6937
11 88 2875
11 89 5321
11 92 4170
11 95 3279
12 13 9560
12 15 2208
12 16 5476
12 18 1510
12 28 6868
12 31 4579
12 35 3133
12 37 7457
12 39 3091
12 47 1835
12 48 7755
12 49 3702
12 51 584
12 53 1525
12 54 9545
12 55 8832
12 57 6064
12 58 1359
12 59 8588
12 60 5497
12 62 4501
12 64 95
12 65 9990
12 66 4820
12 67 5731
12 68 8418
12 69 1425
12 70 9897
12 73 9489
12 74 4366
12 75 3813
12 76 2399
12 77 4015
12 78 8654
12 79 2337
12 80 8671
12 81 339
12 82 6018
12 83 1094
12 84 4527
12 86 9194
12 87 1007
12 89 3942
13 16 98
13 18 5390
13 19 4462
13 20 1537
13 22 5647
13 26 9637
13 27 2192
13 35 37
13 36 3541
13 39 9592
13 42 8563
13 44 6439
13 45 4864
13 48 9279
13 49 9384
13 50 1373
13 54 9233
13 55 7862
13 59 85
13 60 5714
13 63 6224
13 67 4850
13 68 5395
13 69 2923
13 73 1109
13 74 2315
13 75 1630
13 77 2547
13 79 8016
13 80 2329
13 81 1345
13 82 7633
13 85 632
13 88 4907
13 90 4247
13 91 5143
13 92 606
13 95 2981
14 16 7781
14 17 421
14 19 781
14 22 1088
14 26 8612
14 27 9133
14 28 8565
14 30 6687
14 31 7173
14 33 4016
14 34 7803
14 36 3634
14 37 5659
14 38 4087
14 39 3602
14 40 6791
14 41 5482
14 43 9685
14 44 2264
14 45 1657
14 49 1908
14 50 770
14 51 7330
14 54 1779
14 55 2649
14 57 2744
14 58 1983
14 59 9035
14 60 1866
14 61 9126
14 63 6409
14 64 1731
14 65 8979
14 67 9751
14 69 4043
14 71 4164
14 72 2577
14 76 3797
14 77 9152
14 80 2450
14 81 4830
14 82 7117
14 83 410
14 84 3598
14 85 2456
14 87 4588
14 88 60
14 89 7765
14 91 321
14 93 6597
14 94 6159
14 96 8907
15 17 9208
15 19 8911
15 22 3118
15 23 4918
15 25 2463
15 26 9948
15 27 5583
15 31 9846
15 32 5128
15 34 278
15 36 8336
15 37 9921
15 39 3573
15 41 2029
15 43 8409
15 46 9872
15 47 1887
15 48 4878
15 49 4409
15 51 8095
15 52 9711
15 53 3587
15 54 4565
15 55 3293
15 58 128
15 59 7818
15 60 1440
15 61 7502
15 62 5192
15 64 7500
15 65 7143
15 66 1671
15 68 8658
15 70 1353
15 71 159
15 72 9883
15 73 9106
15 74 1963
15 80 5999
15 82 9344
15 84 932
15 85 323
15 86 8308
15 88 7998
15 89 3643
15 90 7425
15 92 3191
15 94 7453
15 95 4304
15 96 326
16 17 7159
16 18 3971
16 19 7395
16 20 9425
16 22 5408
16 27 8424
16 28 2347
16 32 7692
16 33 5652
16 39 5194
16 40 7823
16 44 8339
16 45 9307
16 46 6344
16 48 5402
16 50 6290
16 53 123
16 56 8665
16 57 7254
16 60 2108
16 65 8605
16 67 6577
16 68 8436
16 69 6874
16 71 6353
16 72 8655
16 76 6662
16 78 9994
16 79 3446
16 80 2343
16 81 6421
16 82 2242
16 84 8890
16 85 1707
16 86 766
16 90 9953
16 92 2408
16 93 9589
16 96 2688
17 18 4976
17 19 3717
17 20 1961
17 21 1075
17 23 1904
17 25 3055
17 28 1046
17 30 4382
17 31 2129
17 32 7559
17 37 7002
17 38 6870
17 41 1951
17 42 3719
17 43 9930
17 44 2325
17 45 5361
17 46 2433
17 50 976
17 51 3316
17 53 6167
17 55 6547
17 57 4902
17 58 8333
17 59 3119
17 60 8983
17 63 4900
17 66 3367
17 67 2912
17 68 5284
17 69 9139
17 71 3283
17 75 7656
17 76 6801
17 77 8956
17 78 5526
17 79 8664
17 80 4524
17 81 3680
17 88 2479
17 89 6777
17 90 6188
17 93 5065
17 95 8731
18 20 5909
18 22 174
18 23 4004
18 25 9454
18 26 5907
18 29 4067
18 35 777
18 37 3072
18 38 9912
18 39 2854
18 40 9276
18 41 9757
18 42 620
18 43 5087
18 46 3264
18 49 6505
18 52 6282
18 56 7682
18 58 3045
18 59 5302
18 62 5918
18 63 1692
18 64 5077
18 66 1520
18 73 4431
18 75 1143
18 76 2323
18 77 8090
18 79 9934
18 80 9682
18 81 7893
18 82 3754
18 83 1802
18 85 5500
18 86 9368
18 87 3095
18 90 2361
18 92 488
18 94 7381
19 22 3135
19 23 8450
19 25 443
19 27 1821
19 30 481
19 31 1945
19 32 3476
19 36 5775
19 39 4149
19 40 3591
19 41 244
19 42 1041
19 43 9124
19 47 9171
19 52 7310
19 53 5765
19 54 3614
19 55 7110
19 57 6914
19 58 2729
19 59 388
19 61 9520
19 63 3594
19 67 1604
19 68 4167
19 71 1282
19 72 3147
19 73 2135
19 74 5153
19 78 3689
19 79 8848
19 82 1554
19 83 405
19 84 3366
19 85 7319
19 89 4788
19 90 1640
19 91 704
19 94 4876
20 21 9084
20 22 3983
20 23 381
20 26 8205
20 27 6617
20 28 9640
20 33 4439
20 36 8863
20 40 8218
20 41 5464
20 45 724
20 47 6743
20 48 2271
20 49 7901
20 50 8052
20 53 4131
20 55 9807
20 56 6905
20 60 161
20 62 2024
20 66 7314
20 67 2308
20 69 9026
20 71 6972
20 72 9508
20 74 3477
20 75 842
20 76 7248
20 78 9758
20 79 1192
20 83 2026
20 85 6205
20 86 4804
20 88 7588
20 89 6083
20 92 6218
20 94 6162
21 22 4091
21 24 5895
21 25 5454
21 31 5560
21 32 4650
21 33 4349
21 34 8049
21 36 4256
21 41 1240
21 42 6911
21 46 5896
21 48 8019
21 49 2880
21 52 4812
21 54 5139
21 58 5757
21 59 1213
21 61 4972
21 62 535
21 63 8715
21 66 1676
21 68 9220
21 70 7154
21 71 1689
21 72 3167
21 73 7190
21 75 477
21 76 4874
21 77 2442
21 78 1695
21 79 6370
21 80 9743
21 81 3484
21 83 3245
21 84 2373
21 88 4478
21 92 4781
21 93 5875
21 96 5229
22 24 1721
22 25 7151
22 27 2465
22 28 5335
22 29 2492
22 31 2311
22 32 7206
22 33 1347
22 34 6576
22 35 3444
22 36 7575
22 40 9339
22 41 3766
22 45 4466
22 46 4265
22 47 936
22 48 9815
22 49 6095
22 51 8068
22 52 2439
22 54 9840
22 57 1179
22 58 1572
22 60 4250
22 72 5966
22 73 1617
22 74 7426
22 77 2140
22 82 1748
22 84 4662
22 88 2522
22 89 9004
22 91 5399
22 93 8627
22 94 2116
22 95 857
23 26 1749
23 27 9845
23 29 7263
23 32 4267
23 37 5620
23 38 8649
23 39 8500
23 41 9350
23 42 9172
23 44 7984
23 45 6058
23 47 2516
23 48 8243
23 55 5252
23 56 5740
23 57 9499
23 59 7311
23 64 8073
23 66 9887
23 69 3402
23 71 9441
23 74 2994
23 75 7604
23 76 3022
23 78 1014
23 79 3428
23 80 7987
23 86 3195
23 87 5384
23 88 5133
23 89 1437
23 91 2017
23 95 940
23 96 3322
24 26 529
24 28 1220
24 29 3845
24 30 6746
24 31 7569
24 32 4716
24 34 232
24 35 6789
24 36 3918
24 38 8053
24 39 7886
24 42 9515
24 45 1740
24 47 7986
24 49 5382
24 50 3164
24 51 2333
24 52 4701
24 59 554
24 61 4283
24 62 7810
24 65 4939
24 66 1173
24 67 7129
24 68 763
24 69 7732
24 70 7783
24 71 6198
24 72 4808
24 74 4810
24 75 5214
24 76 5141
24 77 5876
24 78 1567
24 79 7042
24 80 4301
24 81 6879
24 82 4843
24 89 2342
24 90 9440
24 93 5354
25 26 813
25 27 4244
25 28 5970
25 29 4978
25 30 7700
25 31 9232
25 35 6770
25 36 9447
25 37 143
25 43 4496
25 44 8995
25 46 7737
25 47 5639
25 48 2803
25 51 9652
25 54 2804
25 56 9076
25 57 1700
25 58 3188
25 59 2949
25 61 9369
25 62 9411
25 63 2063
25 64 3185
25 70 7347
25 72 1287
25 76 5457
25 78 9689
25 79 2988
25 82 713
25 83 4996
25 84 3887
25 85 1244
25 87 1853
25 89 5495
25 95 7817
25 96 9699
26 28 1181
26 31 4117
26 34 4715
26 35 5333
26 36 5580
26 37 54
26 38 4596
26 40 9450
26 46 4020
26 48 9553
26 49 4957
26 51 5424
26 53 1275
26 54 835
26 55 9665
26 57 508
26 59 2198
26 62 9749
26 64 1055
26 65 9899
26 66 7180
26 68 9612
26 71 2550
26 72 5938
26 73 9771
26 75 6811
26 78 795
26 79 6880
26 80 9881
26 85 7153
26 87 7115
26 92 5542
26 93 1953
26 95 8725
26 96 4255
27 30 1092
27 31 7937
27 36 2545
27 38 6352
27 39 8097
27 40 5129
27 41 2526
27 42 2567
27 43 712
27 44 8099
27 46 7819
27 47 2851
27 48 8389
27 49 7468
27 53 4539
27 54 6732
27 56 1480
27 57 4009
27 58 7130
27 59 8269
27 65 5460
27 66 4545
27 67 2298
27 70 846
27 71 7936
27 75 1665
27 77 6664
27 81 1434
27 84 2877
27 86 2916
27 89 8441
27 93 6011
27 94 1765
27 95 3886
28 31 7446
28 33 1929
28 36 215
28 38 1278
28 40 8115
28 41 6002
28 44 7858
28 50 519
28 51 7454
28 54 702
28 55 1397
28 57 4224
28 58 7414
28 64 3665
28 65 7114
28 69 9366
28 70 6388
28 74 4473
28 77 5475
28 78 5569
28 79 8686
28 80 4111
28 81 1316
28 84 6538
28 85 993
28 87 4276
28 88 5370
28 89 1896
28 92 7303
28 93 8884
28 94 300
28 95 2798
28 96 5049
29 33 1307
29 37 6909
29 38 3324
29 39 7508
29 41 7831
29 45 2797
29 51 8637
29 52 5937
29 53 1020
29 54 1349
29 55 5156
29 58 3677
29 59 3178
29 60 1662
29 61 8948
29 63 3465
29 64 1068
29 67 784
29 68 5884
29 69 7116
29 73 7710
29 76 3650
29 78 1323
29 80 3056
29 83 2815
29 84 7842
29 85 8543
29 87 2147
29 91 1060
29 93 1363
29 95 8670
29 96 2563
30 31 5735
30 33 7034
30 34 782
30 38 5207
30 40 4965
30 41 9816
30 43 5596
30 44 1568
30 47 2352
30 48 1599
30 51 5893
30 53 8145
30 55 7722
30 57 6953
30 58 2165
30 59 378
30 64 4622
30 66 5821
30 67 4050
30 68 9089
30 70 6451
30 71 41
30 72 8061
30 73 5556
30 74 5298
30 76 814
30 79 3707
30 80 9488
30 82 5729
30 83 6432
30 86 3187
30 87 7725
30 88 2805
30 89 4609
30 92 4970
30 93 4055
30 94 7003
30 95 3772
30 96 7158
31 32 4802
31 33 9278
31 34 3782
31 35 8468
31 36 9744
31 37 7287
31 39 8086
31 40 6737
31 41 8065
31 42 7679
31 46 8933
31 47 8134
31 50 636
31 53 6856
31 55 8184
31 58 2747
31 63 7714
31 64 2758
31 65 6638
31 67 7430
31 68 9700
31 69 2784
31 70 9047
31 71 6753
31 72 1949
31 76 6492
31 80 6278
31 81 2557
31 82 1909
31 84 9112
31 85 6643
31 86 3186
31 87 437
31 89 3623
31 90 345
31 91 3470
31 92 3252
31 94 2728
31 95 3498
31 96 1096
32 33 4558
32 34 633
32 35 7356
32 37 6989
32 39 9716
32 41 9770
32 42 2867
32 44 3152
32 46 939
32 47 3740
32 49 8449
32 52 617
32 53 4825
32 54 8057
32 55 8091
32 57 9109
32 59 3496
32 60 1999
32 61 2780
32 62 2868
32 63 6951
32 64 1210
32 66 4132
32 68 5318
32 71 7337
32 72 8928
32 74 8229
32 75 7223
32 76 4904
32 77 2506
32 78 8694
32 79 8393
32 90 2226
32 91 6796
32 92 1790
32 94 3106
32 95 3352
33 34 2084
33 37 9778
33 39 4868
33 42 2362
33 43 302
33 45 4576
33 46 6867
33 50 566
33 54 6130
33 56 9503
33 59 6982
33 62 2570
33 65 7198
33 68 5471
33 69 1543
33 70 497
33 72 8093
33 73 7709
33 74 5954
33 75 4291
33 76 2871
33 80 3908
33 81 6831
33 82 3290
33 83 4002
33 89 456
33 92 1063
33 93 8118
33 94 1357
34 37 7859
34 38 2232
34 39 675
34 40 3517
34 42 9107
34 43 4229
34 44 5693
34 46 6589
34 47 8703
34 49 7332
34 51 824
34 53 3835
34 54 8611
34 56 93
34 58 8603
34 59 6393
34 60 5957
34 61 6220
34 62 5911
34 63 5700
34 66 9210
34 67 6122
34 68 8711
34 70 9215
34 72 112
34 74 2601
34 78 5387
34 79 8293
34 82 2488
34 83 8236
34 86 9752
34 87 5484
34 88 6062
34 89 6940
34 95 2931
35 36 4384
35 37 5566
35 38 4107
35 39 4352
35 43 2555
35 44 7217
35 45 1147
35 46 1956
35 47 3102
35 48 2820
35 49 7383
35 50 2419
35 52 8733
35 54 2761
35 56 4893
35 57 6037
35 59 5181
35 61 2206
35 62 7068
35 66 9310
35 67 5711
35 68 9987
35 70 5230
35 71 1404
35 79 4017
35 84 5742
35 85 6076
35 88 8836
35 94 5511
35 95 4222
35 96 6563
36 37 1257
36 38 1247
36 39 7119
36 40 2111
36 45 8845
36 50 9911
36 51 487
36 52 6722
36 53 285
36 60 4479
36 62 3358
36 63 38
36 64 7461
36 65 3944
36 66 6541
36 67 7884
36 69 6943
36 70 5503
36 72 4186
36 73 7417
36 74 1774
36 75 9186
36 78 8370
36 79 1104
36 81 7233
36 84 7754
36 89 2215
36 90 2698
36 93 8342
36 94 7160
37 39 5638
37 41 3662
37 42 4228
37 44 2768
37 46 8117
37 50 3757
37 53 2476
37 54 3131
37 55 6330
37 56 3074
37 57 8610
37 59 3100
37 61 885
37 62 272
37 63 1948
37 64 4735
37 67 6524
37 68 3490
37 75 206
37 79 6486
37 80 4179
37 83 3079
37 86 409
37 89 1236
37 92 6717
37 93 4575
37 96 2310
38 39 5766
38 40 5151
38 42 3480
38 43 8046
38 45 9894
38 46 7350
38 48 1438
38 52 6129
38 53 3443
38 54 1683
38 55 380
38 57 9045
38 58 8621
38 59 4760
38 60 6174
38 62 430
38 63 8192
38 67 4395
38 68 8727
38 70 8323
38 71 6653
38 74 141
38 75 2532
38 76 3040
38 77 7495
38 84 4240
38 86 4866
38 87 8838
38 88 9184
38 89 6074
38 95 2043
39 41 3155
39 44 8624
39 45 2892
39 49 5462
39 50 5837
39 53 7784
39 54 6688
39 56 3686
39 57 5610
39 59 6769
39 62 1672
39 66 2182
39 68 7348
39 71 9984
39 73 6511
39 74 32
39 76 5270
39 77 3218
39 78 428
39 80 9228
39 81 3806
39 83 4006
39 87 2611
39 90 9219
39 92 6519
39 94 2556
39 96 5856
40 42 6775
40 47 1540
40 54 2248
40 56 2530
40 57 6050
40 58 4159
40 60 856
40 62 3461
40 63 3382
40 65 659
40 67 7353
40 73 6715
40 79 6710
40 81 3939
40 82 8247
40 85 6542
40 86 87
40 92 3896
40 93 5079
40 94 6745
41 43 7438
41 44 874
41 45 1161
41 47 3949
41 50 318
41 52 7401
41 54 4591
41 55 6250
41 59 2525
41 61 3329
41 63 3066
41 66 9753
41 67 7576
41 68 8849
41 69 6187
41 70 4572
41 71 1400
41 72 1411
41 77 709
41 79 2334
41 82 7155
41 83 160
41 84 8328
41 90 5690
41 91 6016
41 93 7227
41 96 8437
42 43 1416
42 49 4206
42 58 4604
42 59 1807
42 60 1342
42 61 5719
42 65 1039
42 66 2754
42 72 3237
42 73 2227
42 78 6007
42 81 5796
42 82 7790
42 83 5758
42 84 9661
42 85 5369
42 87 2085
42 88 8572
42 90 2583
42 92 8204
42 94 7106
43 45 9167
43 46 2710
43 48 893
43 57 1643
43 60 825
43 63 7814
43 64 243
43 65 3398
43 69 2642
43 71 246
43 72 115
43 75 8066
43 77 1979
43 78 3506
43 80 9294
43 84 5538
43 85 3151
43 89 2514
43 90 5313
43 91 9042
43 92 7788
43 93 7273
43 94 3479
43 95 6270
43 96 1937
44 46 6803
44 49 7209
44 50 8191
44 52 6488
44 55 9263
44 56 194
44 57 3204
44 61 3236
44 64 8417
44 65 3048
44 66 1788
44 69 5599
44 72 9986
44 74 8897
44 76 5446
44 77 3124
44 78 3743
44 82 2152
44 85 7630
44 86 9572
44 89 5595
44 92 1269
44 95 5467
45 46 1286
45 48 4234
45 49 6552
45 50 4071
45 54 6761
45 59 6562
45 64 5631
45 65 2848
45 66 900
45 68 7898
45 69 6979
45 74 526
45 76 3397
45 78 3720
45 79 3357
45 81 126
45 82 3374
45 84 3668
45 88 7959
45 90 2014
45 91 8460
45 92 1256
45 94 1228
45 95 2013
46 47 3695
46 48 3585
46 50 7635
46 52 4951
46 53 5867
46 56 5461
46 57 4947
46 58 1164
46 60 7070
46 61 9740
46 62 4209
46 64 9868
46 66 4165
46 67 7789
46 68 4326
46 70 3549
46 72 8775
46 79 3247
46 80 8598
46 81 2878
46 87 1738
46 89 604
46 93 9738
46 95 1517
46 96 9527
47 49 8996
47 50 6298
47 52 9796
47 53 4166
47 54 2978
47 57 4396
47 63 6718
47 65 3469
47 67 5061
47 69 9886
47 71 1475
47 72 7105
47 73 2237
47 74 6521
47 76 1577
47 77 8380
47 79 6223
47 81 173
47 82 2493
47 85 3313
47 86 3142
47 96 1926
48 49 5619
48 50 7960
48 52 7053
48 53 8533
48 55 7470
48 56 3260
48 57 7587
48 62 1982
48 63 4429
48 64 7094
48 65 5220
48 67 29
48 68 472
48 69 5219
48 70 9557
48 73 2284
48 74 2068
48 75 8976
48 76 1239
48 80 7603
48 83 8054
48 84 2424
48 85 2679
48 87 1870
48 89 5657
48 91 9832
49 50 2560
49 51 5868
49 55 6482
49 56 6755
49 58 7092
49 59 7201
49 61 1939
49 62 5009
49 65 5578
49 67 8110
49 68 2903
49 70 642
49 71 2366
49 72 377
49 73 235
49 75 1580
49 76 9319
49 78 9801
49 79 4520
49 83 5176
49 88 9243
49 90 4758
49 95 8742
49 96 6478
50 51 3501
50 54 9201
50 55 1995
50 56 47
50 57 1743
50 58 3262
50 59 5923
50 61 2766
50 64 72
50 67 7141
50 69 4059
50 70 2645
50 71 8927
50 72 7997
50 76 9922
50 77 5001
50 78 107
50 80 5718
50 81 8257
50 82 1112
50 85 2726
50 87 8071
50 88 9179
50 90 4486
50 91 4223
50 93 6299
50 94 4351
50 95 5288
50 96 7012
51 53 3389
51 56 2255
51 57 6178
51 58 9562
51 62 1081
51 63 9271
51 65 5592
51 66 1033
51 67 1646
51 68 1557
51 70 2956
51 75 7646
51 79 2009
51 80 4892
51 81 8680
51 82 6194
51 83 156
51 84 7526
51 85 725
51 88 3
51 89 122
51 93 393
51 94 3558
51 95 1447
51 96 7006
52 53 7482
52 54 7249
52 58 4274
52 59 1834
52 62 7212
52 63 5813
52 64 1941
52 65 8432
52 71 8006
52 72 8786
52 73 4136
52 77 5316
52 78 7028
52 80 1381
52 81 800
52 82 3269
52 83 9317
52 86 88
52 87 8740
52 90 6324
52 92 9191
52 96 6449
53 54 9082
53 55 1589
53 56 1900
53 58 1747
53 60 8051
53 63 3064
53 66 7642
53 68 6384
53 73 662
53 74 8917
53 75 2844
53 76 4698
53 79 8312
53 82 2696
53 86 863
53 90 7147
53 91 5115
53 92 8216
53 93 5826
53 96 7879
54 55 6408
54 56 4944
54 57 7415
54 58 6404
54 62 7622
54 63 3610
54 65 9119
54 66 2229
54 67 2678
54 71 2644
54 73 4584
54 74 5282
54 75 478
54 76 6068
54 77 9783
54 78 8232
54 81 1514
54 84 9505
54 87 8320
54 88 7698
54 90 9517
54 93 1757
54 94 4183
54 96 4654
55 58 1922
55 61 9260
55 62 8483
55 65 4908
55 66 1918
55 68 9238
55 69 3006
55 73 5195
55 74 8364
55 75 4640
55 77 169
55 78 8587
55 79 3877
55 80 3222
55 84 4532
55 93 5204
55 94 991
56 58 494
56 63 720
56 64 4129
56 67 1987
56 71 3925
56 72 3674
56 73 2470
56 74 3273
56 79 9584
56 82 9565
56 85 7275
56 89 1696
56 91 2495
56 92 1365
56 94 7377
57 59 4226
57 60 1064
57 68 1561
57 69 4884
57 70 154
57 71 9132
57 73 6376
57 76 4483
57 78 9406
57 80 5546
57 84 5148
57 85 1934
57 86 8666
57 87 9575
57 88 6721
57 89 9018
57 90 91
57 96 3998
58 59 6271
58 62 9245
58 64 5357
58 65 7255
58 66 1355
58 72 807
58 73 3938
58 74 9962
58 77 3411
58 83 4193
58 84 3758
58 85 5034
58 86 6145
58 87 7974
58 90 4853
58 93 3271
58 96 8516
59 63 3234
59 66 3256
59 73 3207
59 75 7673
59 76 6860
59 77 5353
59 79 6479
59 81 9315
59 82 1364
59 83 3376
59 89 667
59 92 1615
59 93 9131
59 96 2281
60 65 6374
60 67 4786
60 68 296
60 70 7373
60 72 31
60 73 7318
60 77 7870
60 78 8274
60 79 9396
60 80 6493
60 82 8919
60 83 3277
60 87 4108
60 93 6820
60 94 1817
60 96 7618
61 64 9492
61 65 469
61 66 7652
61 67 727
61 70 8546
61 71 8248
61 73 2138
61 74 5949
61 76 6148
61 77 359
61 79 5258
61 82 9145
61 84 3212
61 85 3697
61 87 6887
61 88 48
61 90 2669
61 93 315
61 94 9301
62 63 5917
62 66 580
62 68 8830
62 69 7479
62 71 8824
62 72 7176
62 74 3726
62 75 4343
62 76 4073
62 77 1433
62 80 1771
62 84 6425
62 85 6939
62 86 609
62 87 5784
62 89 3855
62 90 690
62 92 8024
62 96 3739
63 66 4719
63 69 837
63 71 625
63 72 568
63 74 9547
63 76 1762
63 78 8394
63 80 9866
63 81 2285
63 84 1160
63 86 8444
63 87 2170
63 88 504
63 89 6928
63 91 8439
63 93 7137
63 94 4689
63 95 9346
63 96 2403
64 65 7138
64 66 9694
64 68 5069
64 69 9222
64 70 4208
64 71 9645
64 72 313
64 74 4784
64 75 1838
64 77 3869
64 79 4205
64 82 2411
64 83 6281
64 87 2375
64 88 6006
64 90 2541
64 91 8915
64 92 7174
64 93 1385
65 67 7544
65 68 9227
65 70 8586
65 73 1530
65 74 7511
65 76 9532
65 78 7296
65 79 8344
65 80 432
65 81 5964
65 82 2039
65 84 6302
65 86 8291
65 90 5218
65 91 7075
65 93 7433
65 94 8388
65 95 6468
66 67 9737
66 68 3950
66 69 5067
66 71 5974
66 72 9475
66 74 9871
66 76 4003
66 77 4139
66 79 1826
66 80 3791
66 82 5155
66 83 5663
66 85 8734
66 86 1651
66 90 9971
66 95 7882
66 96 7976
67 68 1647
67 70 3831
67 73 5186
67 75 658
67 77 3924
67 78 7294
67 79 5513
67 80 1217
67 82 8082
67 85 4471
67 87 261
67 88 9153
67 91 6458
67 92 1898
67 93 9767
67 95 4294
67 96 8000
68 70 7360
68 74 8652
68 76 9101
68 80 6620
68 81 3842
68 84 597
68 87 7063
68 88 2680
68 89 6575
68 90 5010
68 94 7419
68 95 6305
68 96 684
69 70 5088
69 72 7671
69 73 4246
69 75 4089
69 76 5276
69 79 8034
69 80 6670
69 82 3319
69 86 9193
69 94 743
69 96 2320
70 73 7250
70 74 5415
70 75 4557
70 80 4207
70 81 8738
70 83 6676
70 85 4075
70 86 2962
70 87 6981
70 88 4189
70 89 7041
70 91 8683
70 92 2245
70 93 4404
70 95 465
70 96 2767
71 72 8406
71 73 5871
71 79 2523
71 83 4977
71 85 2266
71 88 2604
71 89 8674
71 91 7100
72 76 6100
72 80 5442
72 87 1226
72 91 7385
72 92 5319
72 94 3035
72 95 3328
72 96 1417
73 75 4795
73 78 358
73 80 1386
73 81 4225
73 83 9187
73 85 4967
73 87 3776
73 88 7828
73 89 2794
73 92 3060
73 93 4791
73 94 7899
73 95 6272
74 75 3979
74 76 5266
74 77 2072
74 79 9903
74 80 2917
74 81 7149
74 84 8096
74 85 2778
74 86 8806
74 94 1919
74 96 759
75 76 7653
75 79 4360
75 80 7097
75 85 3792
75 86 3929
75 91 1462
75 92 5052
75 93 2969
75 95 200
75 96 5254
76 79 7799
76 80 6957
76 81 2363
76 83 4831
76 85 7405
76 87 8397
76 88 7772
76 89 1573
76 90 9928
76 91 5941
76 92 349
77 78 1569
77 79 3270
77 84 3092
77 85 1184
77 87 8879
77 88 9947
77 91 9526
77 93 581
77 94 6417
78 79 8814
78 80 2802
78 82 1127
78 83 1421
78 84 6108
78 86 283
78 89 7392
78 91 6614
78 92 6042
78 93 8903
78 96 5948
79 82 1562
79 83 3259
79 86 1084
79 87 3287
79 90 5294
79 91 1593
79 92 2398
79 93 6862
79 94 7195
79 95 9088
79 96 7049
80 81 8340
80 85 3688
80 90 5371
80 94 3261
80 95 6986
81 84 5834
81 86 9976
81 89 2864
81 91 2906
81 96 370
82 84 475
82 86 864
82 87 5385
82 88 452
82 89 3220
82 90 2452
82 94 9563
82 95 5903
83 84 4999
83 90 3109
83 91 2681
83 93 1339
83 94 5635
83 95 8781
83 96 9312
84 85 3947
84 86 1571
84 88 4019
84 89 5978
84 90 2564
84 93 6533
84 96 9540
85 86 3934
85 88 8714
85 90 3434
85 93 8081
85 94 9328
86 91 750
86 94 2722
86 95 7080
87 89 7472
87 90 4263
87 93 7954
87 94 5756
88 90 8882
88 91 978
88 96 887
89 90 9502
89 91 6164
89 92 3976
89 93 6605
89 94 2750
90 91 5668
90 94 6346
90 95 7346
90 96 1100
91 95 3114
92 93 3230
93 94 3698
