79 1542
0 2 6725
0 5 2728
0 10 8415
0 11 4221
0 13 5516
0 14 8213
0 15 973
0 16 7709
0 18 1283
0 22 4066
0 23 626
0 24 1744
0 26 4639
0 28 7465
0 29 9142
0 30 7646
0 31 3436
0 33 2199
0 35 2496
0 36 2233
0 37 7084
0 38 1223
0 39 5547
0 40 2077
0 43 9958
0 45 7068
0 47 3933
0 49 2063
0 50 5472
0 51 7199
0 53 6326
0 56 3035
0 57 9144
0 59 3939
0 61 5677
0 64 5717
0 68 4844
0 70 4823
0 72 8452
0 76 9679
0 78 1888
1 2 3358
1 3 817
1 4 8313
1 6 4252
1 7 3745
1 12 6074
1 15 4966
1 16 3134
1 17 2171
1 20 5499
1 22 3704
1 23 4542
1 24 9127
1 25 1795
1 27 4754
1 28 9833
1 30 7937
1 31 9315
1 32 9092
1 33 5883
1 36 4012
1 44 9253
1 45 4583
1 46 1261
1 47 1788
1 48 3475
1 49 598
1 51 7704
1 55 1377
1 58 7766
1 67 8597
1 68 1892
1 72 4280
1 75 9449
2 8 4524
2 10 8954
2 11 9790
2 12 5110
2 13 2255
2 15 5335
2 16 6190
2 19 1517
2 26 3919
2 27 6610
2 28 7203
2 29 8617
2 32 5586
2 36 2993
2 41 422
2 43 1745
2 48 4021
2 50 379
2 54 7295
2 55 2071
2 56 1238
2 57 4091
2 59 4586
2 60 264
2 61 8964
2 62 3009
2 68 3342
2 70 9951
2 75 9158
2 76 1785
2 78 7040
3 4 2782
3 6 2536
3 8 9665
3 9 2284
3 10 1902
3 11 886
3 12 7145
3 14 4473
3 15 3682
3 16 825
3 19 1632
3 21 7292
3 23 968
3 24 9082
3 26 6777
3 27 1587
3 28 901
3 31 9785
3 34 3479
3 35 6263
3 36 5276
3 37 6337
3 38 9910
3 39 4964
3 41 6062
3 42 4582
3 47 1435
3 49 7954
3 51 7770
3 53 3558
3 54 1581
3 55 7509
3 56 1353
3 57 177
3 59 1962
3 60 4682
3 63 1348
3 69 2541
3 70 3847
3 72 284
3 74 9620
3 75 9055
3 76 7583
3 77 7260
4 6 2908
4 8 4979
4 12 2568
4 13 457
4 14 2542
4 15 9433
4 16 7054
4 17 364
4 20 4752
4 21 5063
4 22 3045
4 23 2534
4 24 4290
4 25 6631
4 26 3493
4 30 5087
4 34 9016
4 37 6991
4 44 9877
4 45 9926
4 48 9284
4 50 5092
4 51 9057
4 53 5872
4 57 6747
4 60 7798
4 62 8729
4 63 102
4 65 8856
4 66 2842
4 68 3181
4 69 2837
4 71 8243
4 72 1530
4 73 5795
4 74 2917
4 78 852
5 7 391
5 8 3808
5 9 6603
5 10 2639
5 17 8032
5 19 7630
5 25 7408
5 28 3783
5 30 3529
5 32 9348
5 33 3393
5 42 7784
5 43 966
5 44 2470
5 45 5281
5 46 5147
5 51 5175
5 52 9367
5 55 8299
5 56 603
5 58 3932
5 61 9584
5 64 8000
5 67 9816
5 69 4574
5 71 2983
5 72 4552
5 73 3042
5 74 4246
5 75 664
5 76 8077
5 77 5626
5 78 4702
6 7 4467
6 8 3160
6 11 3656
6 13 6413
6 15 4326
6 17 3409
6 20 532
6 21 445
6 23 5093
6 24 5118
6 26 5182
6 29 5169
6 36 8887
6 45 3263
6 46 5531
6 48 6189
6 54 5812
6 56 8678
6 57 2443
6 58 6281
6 60 8346
6 62 9749
6 64 6005
6 65 6020
6 66 5215
6 67 6157
6 72 1850
6 75 9645
6 76 5082
6 77 2867
7 8 4847
7 9 4623
7 10 5651
7 12 3688
7 14 1545
7 16 2785
7 17 2236
7 20 806
7 21 5666
7 22 3986
7 29 5669
7 31 875
7 32 2937
7 33 6852
7 34 9676
7 35 1794
7 36 3217
7 37 7273
7 39 1676
7 40 6036
7 41 2452
7 42 6606
7 45 7852
7 49 8348
7 50 8178
7 51 5455
7 52 316
7 54 4710
7 59 5847
7 60 5340
7 63 488
7 64 7824
7 65 9465
7 68 1673
7 69 9504
7 70 2208
7 71 9426
7 72 7025
7 75 6406
7 76 8751
7 78 8632
8 9 1638
8 10 7721
8 12 3643
8 14 9789
8 16 6998
8 18 3439
8 19 3899
8 20 1988
8 21 8110
8 23 4785
8 24 8830
8 25 3287
8 29 1793
8 31 3166
8 38 1942
8 41 4905
8 42 1860
8 43 9479
8 48 6271
8 49 1356
8 50 5398
8 51 1822
8 52 7707
8 57 2182
8 58 8628
8 60 7611
8 64 7672
8 66 1869
8 68 8552
8 69 814
8 70 7940
8 72 6959
8 74 2294
8 75 6009
8 76 9066
9 10 5671
9 11 5437
9 14 2357
9 15 4870
9 18 7513
9 19 6245
9 24 3142
9 25 4856
9 29 387
9 34 7636
9 36 435
9 37 2758
9 39 3222
9 42 6425
9 43 9813
9 45 1391
9 49 8480
9 50 1777
9 53 5833
9 54 4053
9 56 7396
9 57 1749
9 58 2121
9 59 7284
9 60 3543
9 61 2830
9 62 98
9 65 9650
9 66 7562
9 71 4681
9 74 7493
9 75 8987
9 77 663
9 78 1352
10 11 7908
10 13 2133
10 15 776
10 17 3208
10 18 4922
10 22 4075
10 23 3818
10 25 7256
10 26 3528
10 28 8965
10 30 787
10 32 8467
10 34 2875
10 35 9827
10 39 1836
10 43 1026
10 46 8283
10 47 9541
10 49 7304
10 50 5426
10 51 9208
10 53 8156
10 56 8344
10 57 7346
10 58 123
10 63 9696
10 64 834
10 65 407
10 66 8686
10 70 1119
10 72 1783
10 73 5444
10 76 9101
11 12 4502
11 13 312
11 14 7906
11 15 4995
11 16 9981
11 17 43
11 20 9075
11 21 3426
11 22 9562
11 23 3429
11 24 9402
11 26 7447
11 29 5845
11 32 1611
11 35 9121
11 36 670
11 38 2829
11 40 8144
11 41 9493
11 44 8792
11 48 9300
11 50 6688
11 51 9000
11 52 9507
11 53 6196
11 55 4247
11 56 7993
11 59 6548
11 60 6846
11 61 3565
11 63 1099
11 64 544
11 65 4588
11 66 5494
11 67 1648
11 69 3746
11 71 9190
11 72 6790
11 73 8049
11 77 4485
12 15 9992
12 16 215
12 17 4540
12 18 5622
12 19 7039
12 22 9094
12 23 5944
12 25 9711
12 26 5673
12 28 7931
12 29 975
12 31 3854
12 33 4726
12 36 2860
12 37 9453
12 39 4738
12 42 7406
12 43 3811
12 45 459
12 48 6355
12 51 8050
12 53 6311
12 55 8779
12 59 1115
12 60 9050
12 62 7255
12 64 5367
12 66 71
12 67 7748
12 68 3633
12 70 8230
12 72 5867
12 73 682
12 74 6995
12 75 9338
12 76 2620
13 14 6809
13 18 6423
13 19 7268
13 20 7239
13 21 552
13 22 3085
13 24 6235
13 25 331
13 27 8112
13 28 6848
13 31 1916
13 32 8317
13 36 5119
13 42 6802
13 43 9311
13 47 7033
13 51 9784
13 53 5036
13 54 2003
13 55 100
13 56 6554
13 57 5650
13 58 6171
13 61 1725
13 64 3484
13 65 4257
13 66 2962
13 68 8499
13 71 1717
13 72 9271
13 73 665
13 74 619
13 76 7030
13 78 2770
14 17 5829
14 18 8378
14 19 4779
14 20 1631
14 25 1930
14 27 6732
14 29 2066
14 30 9722
14 33 6827
14 35 1790
14 36 9464
14 37 8989
14 38 9572
14 39 5368
14 40 5473
14 43 6883
14 46 5011
14 52 4164
14 54 7554
14 57 4287
14 58 8062
14 62 3734
14 64 9965
14 68 2527
14 69 5701
14 71 6753
14 72 3664
14 73 2921
14 74 287
14 75 5443
14 76 6975
14 77 9994
15 16 8227
15 17 2804
15 19 8342
15 21 690
15 23 1927
15 28 2611
15 32 8673
15 34 1549
15 36 7478
15 38 9709
15 39 9997
15 40 4673
15 41 6460
15 47 4510
15 52 7080
15 56 9516
15 59 4743
15 61 5089
15 65 6278
15 66 6941
15 67 3923
15 68 1145
15 69 4414
15 72 9939
15 73 4825
15 74 8001
15 75 4249
15 76 2562
16 18 4384
16 19 6085
16 20 3162
16 21 7743
16 22 6060
16 23 8319
16 28 7372
16 30 8553
16 31 4296
16 32 5251
16 34 3827
16 35 7965
16 36 9671
16 38 2056
16 40 7686
16 41 6405
16 43 970
16 45 6829
16 46 8602
16 48 911
16 49 7452
16 51 376
16 53 6588
16 54 8651
16 56 5913
16 57 7507
16 59 2692
16 60 5731
16 63 2736
16 66 2592
16 69 3626
16 71 9111
16 74 4768
16 75 6445
16 77 4348
16 78 8380
17 20 3716
17 21 5046
17 22 4267
17 23 7697
17 24 12
17 26 5818
17 27 6770
17 29 3038
17 31 3325
17 32 2597
17 33 9628
17 36 6685
17 37 9359
17 41 4043
17 44 3050
17 50 3730
17 52 1604
17 53 2082
17 54 3495
17 56 1203
17 61 6748
17 64 7977
17 65 112
17 66 1582
17 68 1075
17 69 293
17 71 6806
17 75 153
18 20 2763
18 21 764
18 22 145
18 23 8638
18 25 4331
18 27 5073
18 29 6531
18 30 7414
18 32 9961
18 33 3039
18 36 4349
18 38 6029
18 42 9947
18 45 9991
18 46 307
18 48 7858
18 50 680
18 51 1719
18 52 125
18 56 1489
18 58 7659
18 61 5428
18 62 5940
18 63 1231
18 64 1596
18 66 3825
18 68 4282
18 70 5430
18 71 6913
18 72 7609
18 73 1474
18 74 8814
18 75 1904
18 77 805
18 78 2408
19 20 2317
19 22 18
19 25 9907
19 29 2046
19 31 3674
19 35 6864
19 36 3469
19 37 3557
19 39 3224
19 44 7761
19 47 1255
19 48 1142
19 52 3770
19 53 5503
19 55 1890
19 58 3193
19 60 6869
19 61 7850
19 62 3762
19 64 1097
19 65 2761
19 68 3155
19 69 2557
19 71 1998
19 74 4669
19 75 3242
19 77 1557
19 78 7947
20 21 3709
20 22 1227
20 26 7313
20 27 5285
20 29 4448
20 30 6920
20 32 5553
20 34 827
20 35 4332
20 36 9137
20 38 5552
20 39 556
20 41 3219
20 43 402
20 45 4626
20 48 8573
20 49 8424
20 51 5555
20 52 5488
20 53 6558
20 54 1378
20 55 5862
20 57 4391
20 64 6703
20 65 9948
20 69 7100
20 71 6654
20 72 5684
20 74 5936
20 75 7000
20 76 1780
20 78 3360
21 24 4201
21 26 4087
21 27 5072
21 28 7333
21 30 5328
21 33 7109
21 34 9011
21 35 1924
21 36 9227
21 37 9381
21 41 9129
21 42 3422
21 43 9889
21 44 7734
21 46 9972
21 50 506
21 51 9920
21 53 2296
21 54 4198
21 56 431
21 59 5129
21 61 8663
21 64 405
21 65 3771
21 69 5764
21 73 6428
21 75 2518
21 76 7926
21 77 1543
22 25 2598
22 28 3483
22 29 4741
22 33 7184
22 35 4345
22 36 9145
22 39 6354
22 42 3180
22 43 5920
22 44 5126
22 46 4019
22 47 4953
22 48 9084
22 49 4691
22 54 891
22 56 1314
22 57 8881
22 58 6989
22 59 6686
22 61 6017
22 64 7425
22 67 2449
22 70 5741
22 72 9112
22 73 8113
22 74 6066
22 78 907
23 26 6793
23 27 6563
23 28 4232
23 33 3260
23 34 2716
23 35 679
23 39 8998
23 41 6346
23 44 8125
23 45 712
23 46 6624
23 49 3405
23 54 8007
23 55 8161
23 56 2053
23 57 7376
23 58 5546
23 59 4377
23 62 7626
23 65 5411
23 68 1270
23 70 2623
23 72 8627
23 74 2439
23 75 2658
23 76 9983
23 77 4830
24 25 1329
24 27 4492
24 29 3338
24 31 8475
24 37 8185
24 39 8692
24 42 1160
24 45 7351
24 49 1498
24 51 6787
24 52 8862
24 53 6296
24 55 8145
24 61 8891
24 67 4700
24 69 6655
24 70 4685
24 71 2195
24 72 1952
24 73 2300
24 74 1069
24 75 5683
24 77 786
25 26 9108
25 28 8477
25 30 830
25 31 7111
25 34 8336
25 35 5138
25 36 8624
25 40 4852
25 41 8006
25 42 4477
25 43 5186
25 45 4734
25 46 2393
25 48 8035
25 50 8058
25 54 7128
25 57 5963
25 59 1359
25 60 2533
25 62 8033
25 64 950
25 69 4370
25 70 533
25 71 1163
25 72 200
25 73 3655
25 74 2225
25 75 6803
25 78 6513
26 27 4720
26 28 7851
26 29 1266
26 32 3852
26 37 4271
26 38 2410
26 39 3741
26 40 2544
26 41 2744
26 42 4140
26 43 3867
26 44 4897
26 45 5532
26 48 7409
26 49 4595
26 55 4703
26 57 6792
26 59 4306
26 60 4955
26 61 1908
26 64 1967
26 65 629
26 68 8567
26 70 3824
26 71 9014
26 72 3029
26 74 1874
26 77 4797
26 78 676
27 30 5157
27 31 6926
27 32 5191
27 37 2499
27 39 1264
27 42 7394
27 43 414
27 44 7339
27 45 8921
27 46 6937
27 47 302
27 48 2159
27 51 9574
27 52 2362
27 57 9950
27 58 8757
27 60 7627
27 61 2762
27 64 9793
27 66 2802
27 71 7471
27 72 1233
27 75 5038
27 78 4381
28 32 7825
28 33 7920
28 35 1157
28 39 6159
28 40 5489
28 43 7679
28 47 6121
28 49 8448
28 50 1763
28 59 6604
28 60 9924
28 61 7041
28 63 7635
28 66 5633
28 67 4740
28 73 5599
28 74 2245
28 75 4431
28 77 4275
28 78 2869
29 32 288
29 34 9587
29 36 4146
29 37 6172
29 42 3990
29 45 2772
29 48 9542
29 50 1477
29 51 759
29 53 923
29 55 2958
29 56 4406
29 62 3875
29 63 2680
29 64 175
29 66 7462
29 67 5217
29 70 2399
29 73 2980
29 75 4521
29 77 9020
29 78 7299
30 31 2569
30 32 5245
30 38 1129
30 43 9210
30 44 6680
30 45 7869
30 47 7998
30 49 5222
30 52 707
30 53 4494
30 54 1689
30 55 232
30 56 2600
30 57 1993
30 58 5984
30 61 1344
30 63 3960
30 65 251
30 70 4365
30 71 6220
30 72 7643
30 76 1657
30 77 7388
30 78 6726
31 37 8486
31 39 2652
31 40 7160
31 41 5721
31 42 650
31 43 3612
31 45 2051
31 48 6977
31 49 6106
31 50 5334
31 52 6814
31 54 5195
31 55 8401
31 56 5827
31 58 8566
31 59 238
31 60 5313
31 61 3545
31 63 4670
31 68 9001
31 69 9680
31 72 1141
31 73 8527
31 74 9205
31 76 718
32 34 7834
32 38 1103
32 40 2432
32 46 6652
32 49 4409
32 51 7757
32 53 9116
32 59 9224
32 60 191
32 61 962
32 63 6210
32 65 206
32 66 1444
32 67 239
32 68 6265
32 69 6044
32 70 673
32 71 6282
32 73 3795
32 75 5924
32 77 5296
33 35 4144
33 37 7090
33 39 1791
33 40 6891
33 41 6728
33 42 4211
33 46 1948
33 48 6371
33 49 4960
33 50 333
33 51 2136
33 53 771
33 59 8186
33 60 9173
33 62 3968
33 65 6181
33 66 7063
33 69 4805
33 73 7694
33 74 9280
33 78 4048
34 35 5571
34 36 9242
34 38 7359
34 39 1633
34 40 8953
34 48 283
34 55 898
34 57 3196
34 58 6063
34 60 5785
34 62 162
34 63 6221
34 64 4529
34 70 7345
34 71 8356
34 73 877
34 74 9490
34 77 5640
35 41 7308
35 44 5465
35 47 2444
35 48 586
35 53 9023
35 54 625
35 59 8369
35 61 6469
35 62 1328
35 63 2485
35 64 746
35 66 8963
35 67 1768
35 68 8288
35 73 4706
36 37 5526
36 38 106
36 39 3120
36 41 4143
36 42 1875
36 44 1577
36 45 9663
36 47 7644
36 49 8409
36 50 7104
36 51 2783
36 53 1194
36 55 6313
36 56 4532
36 58 2999
36 61 9206
36 62 7621
36 63 4707
36 64 2630
36 65 3677
36 67 4615
36 68 5351
36 69 698
36 70 5423
36 71 3203
36 72 3696
36 73 702
36 74 4433
36 76 1340
37 39 9179
37 40 6833
37 41 4530
37 42 7058
37 50 6978
37 54 8873
37 55 3151
37 56 8087
37 57 6163
37 59 7943
37 60 9342
37 63 2711
37 64 4636
37 65 6884
37 67 1168
37 68 6342
37 70 5065
37 72 69
37 74 5259
37 77 3719
38 39 3858
38 43 2005
38 46 4610
38 47 4536
38 51 3984
38 53 9581
38 55 5006
38 56 7469
38 59 6582
38 61 1343
38 62 9756
38 63 5005
38 64 2118
38 67 9613
38 69 2155
38 73 5493
38 75 6755
38 77 9651
38 78 1831
39 41 9009
39 42 3300
39 45 9617
39 46 9428
39 47 1250
39 52 971
39 54 5090
39 58 2065
39 61 5743
39 63 9825
39 65 5997
39 66 7055
39 67 6441
39 71 6191
39 73 992
40 41 4040
40 42 3453
40 43 8276
40 46 9805
40 47 2313
40 50 3834
40 55 1805
40 56 9980
40 59 7543
40 60 9716
40 61 4824
40 62 660
40 63 1915
40 69 9837
40 71 6381
40 72 7417
40 73 7395
40 74 3394
40 75 3589
41 43 9735
41 44 3981
41 47 3450
41 48 4108
41 50 2405
41 51 3331
41 52 3341
41 54 5765
41 55 3888
41 58 7838
41 59 5103
41 60 5796
41 61 5803
41 63 3744
41 64 4435
41 65 4459
41 75 1817
41 76 6635
41 77 2909
42 44 563
42 46 9330
42 48 4596
42 49 3239
42 51 67
42 52 4237
42 53 7541
42 54 3580
42 57 8685
42 59 6645
42 61 8870
42 62 885
42 63 7070
42 65 5577
42 68 452
42 69 564
42 70 3714
42 73 5209
42 75 3924
42 76 2751
42 77 2453
42 78 6505
43 44 741
43 45 652
43 46 2655
43 54 3118
43 56 3497
43 57 4900
43 59 8522
43 60 9373
43 61 1414
43 62 5498
43 63 9933
43 64 2727
43 66 5393
43 68 6665
43 69 3420
43 70 4297
43 72 634
43 73 5260
43 75 4301
43 78 2476
44 46 9794
44 47 8714
44 48 3877
44 49 3562
44 50 4721
44 65 8259
44 66 3406
44 67 5685
44 68 7271
44 71 8930
44 73 5353
44 76 5636
45 46 606
45 49 2547
45 51 9753
45 53 95
45 54 2554
45 55 5891
45 57 1063
45 60 4730
45 62 4426
45 64 1464
45 65 6071
45 66 9462
45 74 9115
45 78 8138
46 51 6447
46 52 631
46 54 9782
46 56 2292
46 57 8642
46 60 9520
46 62 2931
46 65 6518
46 67 2198
46 71 592
46 72 6612
46 73 1614
46 74 7988
46 75 3828
46 76 7955
46 77 4329
47 49 8425
47 54 4129
47 56 736
47 57 6713
47 60 7542
47 61 9165
47 62 6708
47 63 9431
47 64 2112
47 65 272
47 67 2888
47 68 5831
47 70 861
47 71 7021
47 73 4400
47 77 6115
47 78 8820
48 52 4533
48 57 5816
48 58 4304
48 59 3397
48 60 8781
48 61 5637
48 63 3561
48 64 267
48 65 9742
48 66 7569
48 68 2689
48 74 2637
48 75 1351
48 76 2755
48 77 2403
48 78 3415
49 50 7899
49 51 8817
49 53 9692
49 54 8128
49 57 6164
49 58 4170
49 61 6450
49 64 3605
49 65 1327
49 66 8419
49 68 8202
49 69 5280
49 70 4632
49 71 5193
49 77 2431
49 78 1609
50 51 7973
50 53 9925
50 55 3869
50 56 9943
50 57 2441
50 58 6549
50 59 5693
50 60 4693
50 61 5520
50 64 9985
50 65 3126
50 72 4796
50 73 6112
50 76 6837
51 53 9379
51 54 3350
51 57 7122
51 59 6395
51 62 9437
51 63 4333
51 64 8504
51 65 9267
51 66 5550
51 67 4621
51 68 1812
51 75 9881
51 76 4084
51 77 4421
51 78 7086
52 54 2230
52 55 8094
52 57 9132
52 59 4666
52 61 9911
52 62 9386
52 71 8826
52 74 813
52 75 2715
52 76 2262
53 57 3722
53 61 5595
53 62 7303
53 63 3641
53 64 7655
53 68 3610
53 69 5726
53 71 2080
53 72 6451
53 76 3301
53 77 9526
53 78 2474
54 55 1562
54 56 4107
54 57 8508
54 59 5647
54 64 597
54 65 6012
54 67 3281
54 68 4945
54 69 3548
54 70 9030
54 72 7044
54 73 9292
54 76 5761
55 57 329
55 59 9919
55 60 1114
55 67 895
55 71 1766
55 72 5077
55 74 117
55 75 7607
55 77 2386
55 78 2650
56 57 2235
56 58 2352
56 59 3865
56 60 4943
56 61 8997
56 65 5394
56 70 1273
56 73 7347
56 76 1372
56 77 1571
57 59 2014
57 63 327
57 67 1552
57 69 8028
57 70 8936
57 71 3997
57 72 7874
57 75 6691
57 76 3670
57 78 7244
58 59 7375
58 60 7167
58 61 9636
58 66 1303
58 68 5341
58 69 5170
58 70 4058
58 71 2185
58 72 8494
58 73 9037
58 74 7831
58 75 4389
58 77 4174
58 78 648
59 62 3645
59 65 3934
59 66 618
59 68 2072
59 69 8134
59 72 2926
59 73 6464
59 77 9247
60 61 4121
60 62 5409
60 64 9080
60 65 8569
60 66 3798
60 67 1541
60 69 964
60 71 2971
60 72 5446
60 74 1423
60 75 1382
60 78 6783
61 62 610
61 66 7699
61 67 3363
61 69 5349
61 70 5952
61 71 8498
61 72 9530
61 74 2920
61 75 4565
61 76 5519
62 64 9343
62 65 8374
62 66 7723
62 69 8546
62 70 5629
62 71 3531
62 74 3069
62 76 2978
62 78 952
63 64 3043
63 65 4035
63 69 7157
63 70 4274
63 71 8840
63 73 5069
63 74 7499
63 76 7712
63 77 8616
64 66 1753
64 68 7942
64 69 4196
64 72 8304
64 76 4269
65 68 4634
65 71 5950
65 73 3541
65 75 7654
65 76 3995
65 77 4695
66 68 558
66 71 904
66 73 2678
66 74 3764
66 76 3270
66 78 940
67 68 5542
67 70 7270
67 71 2389
67 73 1542
67 74 8237
67 76 8764
67 78 3272
68 69 4968
68 70 811
68 71 9648
68 72 6301
68 74 560
68 76 5166
69 72 9196
69 73 9658
69 74 9990
69 76 7136
69 77 4218
69 78 8123
70 72 9518
70 73 3542
70 74 7187
70 75 4496
70 76 337
70 77 3726
70 78 9720
71 72 3810
71 75 2790
71 76 6439
71 77 5715
72 74 5558
73 74 9537
73 75 4325
73 76 9358
74 76 9099
74 78 5333
75 77 1295
75 78 4687
77 78 5527
