97 2320
0 2 1
0 4 5
0 7 4
0 8 3
0 9 5
0 10 2
0 12 8
0 14 2
0 15 9
0 17 9
0 18 1
0 22 5
0 25 6
0 27 5
0 30 5
0 33 6
0 35 7
0 41 4
0 45 5
0 47 2
0 52 3
0 54 4
0 55 9
0 57 10
0 58 2
0 59 4
0 64 3
0 65 2
0 66 2
0 67 7
0 68 5
0 69 1
0 70 6
0 73 4
0 74 2
0 75 10
0 77 1
0 86 2
0 89 3
0 94 5
1 2 1
1 3 4
1 4 10
1 10 10
1 13 1
1 14 4
1 15 4
1 17 6
1 18 10
1 19 5
1 20 3
1 23 10
1 24 7
1 25 9
1 26 4
1 34 3
1 35 6
1 36 8
1 37 5
1 38 3
1 39 10
1 42 10
1 44 5
1 45 7
1 48 3
1 49 2
1 51 1
1 52 4
1 53 3
1 56 6
1 58 10
1 59 2
1 62 1
1 64 4
1 65 9
1 66 4
1 68 6
1 73 2
1 74 2
1 76 6
1 77 7
1 78 8
1 80 9
1 82 9
1 84 2
1 85 4
1 86 5
1 87 6
1 88 6
1 89 10
1 94 4
1 95 9
1 96 4
2 3 4
2 4 7
2 5 5
2 11 5
2 12 6
2 13 4
2 15 1
2 18 3
2 19 2
2 20 2
2 21 4
2 23 4
2 25 3
2 27 6
2 30 8
2 32 7
2 33 1
2 36 4
2 39 7
2 41 10
2 48 7
2 49 10
2 50 6
2 51 2
2 53 8
2 55 5
2 56 9
2 59 10
2 60 9
2 62 4
2 63 1
2 66 6
2 69 3
2 70 10
2 72 8
2 74 9
2 76 9
2 78 2
2 80 8
2 82 6
2 85 7
2 86 9
2 88 6
2 90 2
2 91 4
2 92 6
2 94 6
2 96 7
3 5 7
3 6 4
3 7 8
3 8 8
3 10 9
3 13 6
3 16 3
3 17 1
3 19 2
3 20 8
3 21 9
3 23 2
3 24 5
3 25 9
3 26 7
3 27 4
3 29 4
3 32 9
3 36 6
3 38 9
3 39 2
3 41 6
3 43 4
3 47 9
3 49 10
3 50 4
3 51 7
3 52 6
3 56 10
3 58 6
3 60 6
3 63 4
3 64 5
3 65 2
3 67 4
3 68 7
3 70 1
3 73 9
3 74 3
3 76 1
3 80 2
3 82 6
3 83 10
3 84 1
3 85 7
3 88 4
3 89 4
3 91 4
3 93 8
3 94 6
3 95 2
4 6 7
4 8 6
4 10 2
4 11 4
4 13 7
4 14 3
4 16 1
4 21 7
4 24 10
4 25 3
4 26 2
4 27 8
4 31 9
4 32 5
4 33 3
4 34 6
4 35 6
4 36 4
4 38 8
4 40 8
4 41 7
4 44 6
4 45 10
4 46 7
4 47 4
4 53 1
4 54 2
4 57 2
4 58 2
4 63 8
4 64 7
4 66 3
4 70 10
4 72 6
4 73 9
4 76 5
4 78 2
4 79 7
4 80 8
4 81 6
4 84 3
4 85 5
4 87 2
4 88 8
4 90 3
4 93 4
4 94 4
4 95 5
4 96 1
5 6 2
5 15 1
5 18 5
5 19 5
5 20 7
5 26 5
5 27 3
5 31 7
5 35 1
5 36 1
5 37 6
5 39 7
5 40 8
5 41 3
5 42 6
5 45 10
5 47 8
5 49 10
5 53 9
5 54 4
5 56 10
5 57 9
5 61 7
5 64 4
5 65 6
5 69 7
5 72 10
5 74 10
5 79 3
5 81 9
5 83 9
5 85 3
5 87 1
5 88 5
5 90 5
5 91 2
5 92 5
5 93 9
5 94 3
5 95 10
6 8 3
6 9 8
6 11 5
6 12 2
6 14 6
6 16 7
6 17 2
6 19 4
6 20 4
6 21 6
6 23 6
6 25 7
6 26 5
6 27 9
6 28 4
6 29 8
6 30 4
6 32 2
6 36 7
6 37 3
6 38 6
6 40 3
6 41 10
6 42 1
6 43 6
6 44 4
6 49 2
6 51 10
6 52 4
6 54 8
6 58 10
6 60 1
6 61 10
6 62 7
6 64 6
6 69 9
6 70 10
6 71 2
6 74 3
6 75 2
6 76 4
6 78 2
6 80 5
6 81 5
6 82 1
6 85 7
6 86 5
6 88 5
6 89 9
6 91 2
6 92 10
6 93 2
6 94 8
7 9 5
7 11 2
7 12 10
7 15 8
7 16 4
7 17 1
7 18 10
7 22 7
7 24 5
7 26 2
7 30 9
7 32 3
7 33 3
7 35 4
7 37 4
7 41 4
7 44 10
7 47 1
7 48 6
7 50 3
7 51 1
7 52 2
7 54 6
7 55 2
7 57 8
7 60 4
7 62 1
7 66 4
7 67 3
7 68 3
7 71 3
7 75 5
7 79 3
7 80 10
7 81 1
7 82 5
7 88 9
7 90 6
7 91 3
7 93 3
7 95 6
8 9 9
8 11 10
8 16 1
8 17 7
8 19 1
8 21 1
8 23 10
8 25 3
8 26 9
8 28 7
8 31 8
8 36 6
8 38 9
8 40 9
8 41 5
8 43 6
8 47 5
8 50 7
8 53 3
8 54 4
8 55 8
8 56 8
8 57 10
8 59 5
8 63 1
8 66 6
8 68 1
8 71 3
8 74 3
8 78 2
8 80 8
8 82 6
8 83 6
8 84 4
8 85 3
8 86 8
8 87 2
8 88 6
8 90 6
8 93 1
8 95 3
9 10 7
9 11 10
9 12 6
9 13 5
9 14 8
9 16 10
9 17 7
9 20 6
9 21 7
9 23 8
9 24 3
9 29 5
9 33 7
9 36 2
9 38 1
9 43 1
9 45 10
9 47 2
9 48 4
9 49 1
9 52 9
9 53 2
9 55 3
9 58 4
9 66 2
9 68 5
9 70 3
9 71 10
9 74 5
9 75 1
9 77 6
9 79 7
9 81 6
9 84 4
9 86 4
9 87 10
9 88 6
9 89 2
9 90 4
9 92 6
9 95 5
9 96 3
10 13 10
10 15 10
10 16 8
10 18 6
10 19 7
10 20 9
10 21 6
10 23 8
10 24 2
10 26 5
10 27 2
10 28 9
10 29 10
10 30 1
10 32 4
10 36 8
10 37 10
10 41 10
10 43 9
10 44 5
10 45 9
10 47 10
10 48 6
10 49 6
10 50 5
10 52 10
10 53 3
10 56 9
10 57 5
10 60 6
10 61 1
10 62 7
10 64 7
10 67 7
10 68 5
10 69 4
10 70 3
10 71 3
10 72 5
10 73 5
10 74 8
10 76 4
10 80 9
10 81 3
10 82 2
10 85 8
10 86 4
10 88 7
10 90 10
10 91 2
10 92 8
10 93 2
10 96 10
11 12 3
11 14 4
11 16 7
11 18 1
11 21 8
11 23 6
11 25 10
11 26 10
11 27 9
11 28 9
11 29 4
11 33 1
11 35 3
11 36 7
11 37 8
11 38 9
11 40 2
11 42 6
11 45 4
11 46 10
11 48 8
11 50 2
11 58 7
11 60 1
11 62 1
11 63 7
11 66 4
11 67 8
11 68 1
11 69 1
11 71 7
11 73 2
11 74 10
11 76 2
11 79 8
11 80 1
11 81 10
11 83 1
11 84 9
11 85 3
11 86 3
11 87 5
11 88 10
11 90 7
11 91 6
11 94 7
11 95 2
12 13 4
12 14 7
12 15 8
12 16 2
12 17 7
12 18 2
12 20 9
12 22 4
12 23 5
12 27 8
12 29 3
12 31 7
12 32 1
12 33 9
12 37 5
12 38 6
12 39 2
12 42 10
12 43 5
12 44 9
12 45 5
12 47 8
12 50 9
12 52 2
12 53 1
12 55 4
12 59 10
12 60 8
12 61 6
12 62 10
12 65 3
12 67 9
12 71 6
12 72 10
12 73 8
12 76 5
12 77 3
12 80 2
12 81 9
12 82 10
12 83 3
12 87 8
12 89 1
12 90 1
12 91 1
12 93 7
12 96 10
13 14 2
13 15 7
13 16 8
13 18 6
13 19 1
13 20 9
13 22 9
13 25 3
13 27 2
13 28 5
13 29 5
13 30 9
13 31 9
13 33 3
13 37 1
13 40 6
13 41 5
13 43 10
13 44 10
13 45 3
13 46 10
13 47 1
13 49 1
13 50 3
13 51 10
13 52 6
13 53 2
13 54 6
13 55 8
13 57 2
13 61 3
13 62 5
13 63 1
13 69 2
13 70 5
13 72 4
13 73 10
13 74 1
13 75 6
13 77 10
13 79 7
13 80 7
13 83 10
13 85 2
13 86 4
13 89 4
13 90 4
13 93 8
13 94 1
13 95 4
13 96 2
14 16 2
14 17 7
14 18 5
14 24 8
14 25 6
14 26 2
14 27 6
14 28 3
14 29 5
14 32 5
14 35 9
14 36 5
14 38 9
14 40 6
14 41 2
14 42 9
14 43 5
14 45 10
14 46 10
14 48 6
14 49 9
14 51 6
14 55 5
14 56 7
14 58 3
14 60 8
14 62 3
14 63 1
14 66 2
14 68 1
14 69 7
14 70 8
14 71 6
14 75 7
14 78 6
14 80 8
14 82 7
14 83 10
14 84 5
14 87 1
14 88 7
14 89 9
14 90 7
14 93 8
14 94 8
14 96 6
15 17 10
15 19 4
15 20 10
15 25 9
15 26 1
15 27 7
15 31 4
15 32 1
15 36 5
15 37 5
15 39 6
15 40 7
15 41 1
15 42 2
15 44 8
15 49 3
15 52 10
15 54 1
15 55 2
15 58 8
15 59 3
15 60 1
15 61 2
15 65 8
15 66 5
15 72 10
15 74 9
15 77 4
15 79 8
15 80 4
15 88 7
15 89 3
15 91 4
15 92 2
15 93 4
15 95 4
15 96 8
16 18 3
16 20 1
16 21 1
16 22 3
16 23 4
16 29 8
16 30 8
16 32 4
16 34 1
16 35 8
16 37 5
16 38 5
16 42 9
16 43 5
16 44 1
16 45 9
16 50 3
16 52 2
16 54 8
16 56 8
16 57 1
16 59 3
16 62 9
16 65 9
16 66 3
16 70 5
16 72 3
16 73 1
16 75 4
16 77 5
16 80 10
16 81 3
16 83 4
16 84 4
16 85 10
16 86 3
16 88 8
16 89 2
16 90 1
16 94 5
16 96 5
17 18 2
17 19 4
17 20 10
17 23 2
17 27 5
17 29 2
17 31 6
17 34 8
17 35 10
17 36 5
17 39 5
17 40 7
17 42 9
17 44 9
17 45 1
17 47 4
17 48 1
17 49 9
17 50 3
17 51 4
17 59 8
17 61 7
17 63 3
17 65 1
17 66 10
17 67 5
17 69 10
17 73 7
17 74 3
17 77 1
17 78 6
17 79 4
17 80 3
17 83 10
17 87 1
17 88 6
17 89 3
17 94 5
18 19 10
18 21 6
18 22 2
18 25 7
18 27 4
18 28 8
18 31 6
18 32 8
18 35 1
18 36 8
18 37 2
18 38 6
18 43 3
18 44 3
18 45 10
18 47 3
18 48 3
18 49 5
18 50 7
18 51 7
18 54 5
18 55 2
18 56 5
18 61 6
18 63 9
18 64 9
18 65 5
18 67 1
18 68 2
18 70 4
18 71 9
18 73 10
18 74 3
18 75 3
18 76 3
18 77 9
18 80 3
18 81 9
18 82 9
18 84 10
18 85 8
18 88 5
18 89 8
18 90 1
18 91 1
18 93 6
18 96 5
19 21 3
19 22 8
19 27 10
19 29 8
19 33 4
19 35 3
19 36 9
19 37 5
19 40 2
19 43 1
19 44 2
19 46 4
19 49 9
19 50 9
19 53 10
19 54 3
19 55 8
19 56 5
19 59 9
19 60 5
19 63 8
19 65 5
19 69 3
19 70 3
19 71 3
19 74 4
19 75 4
19 76 6
19 77 6
19 79 6
19 81 3
19 82 4
19 86 6
19 89 2
19 94 1
20 22 1
20 23 9
20 24 7
20 25 7
20 26 7
20 28 1
20 31 6
20 32 6
20 34 7
20 38 8
20 40 1
20 42 10
20 46 8
20 48 6
20 51 2
20 54 7
20 55 5
20 56 6
20 57 5
20 58 7
20 62 8
20 65 5
20 67 8
20 69 6
20 70 7
20 73 6
20 79 5
20 82 10
20 84 10
20 86 9
20 93 10
20 95 2
20 96 7
21 23 2
21 25 8
21 27 1
21 28 10
21 34 3
21 36 5
21 37 10
21 38 6
21 40 7
21 42 1
21 43 3
21 44 1
21 45 3
21 46 2
21 48 5
21 49 8
21 50 9
21 51 10
21 52 6
21 54 1
21 57 4
21 59 4
21 60 3
21 61 3
21 65 2
21 69 2
21 70 5
21 74 2
21 76 9
21 80 9
21 81 1
21 83 10
21 84 1
21 85 9
21 86 10
21 87 4
21 89 6
21 90 2
21 91 8
21 96 10
22 24 6
22 28 4
22 32 8
22 34 1
22 35 1
22 36 8
22 40 8
22 42 6
22 43 9
22 48 4
22 49 5
22 50 7
22 52 5
22 53 4
22 54 9
22 55 7
22 56 4
22 58 3
22 61 2
22 62 3
22 63 1
22 64 2
22 65 9
22 69 6
22 70 5
22 73 1
22 74 7
22 76 4
22 77 8
22 78 9
22 79 4
22 81 4
22 86 4
22 87 5
22 90 7
22 91 7
22 93 4
22 94 9
22 96 2
23 24 5
23 25 2
23 29 7
23 31 8
23 32 9
23 33 8
23 36 6
23 38 8
23 39 10
23 40 1
23 48 6
23 49 4
23 50 5
23 52 5
23 53 2
23 55 8
23 56 4
23 64 3
23 66 2
23 67 2
23 72 9
23 73 1
23 75 9
23 78 3
23 79 9
23 80 7
23 82 4
23 85 10
23 87 2
23 88 6
23 94 1
24 25 2
24 26 3
24 27 1
24 28 2
24 31 9
24 32 4
24 34 8
24 35 6
24 37 8
24 39 10
24 41 6
24 47 6
24 50 7
24 51 9
24 55 6
24 59 2
24 61 7
24 65 5
24 66 9
24 68 9
24 71 7
24 72 7
24 73 7
24 76 10
24 77 7
24 78 1
24 79 5
24 80 10
24 81 9
24 82 7
24 83 5
24 85 6
24 87 7
24 91 6
24 92 5
24 94 8
25 26 10
25 29 6
25 30 1
25 31 9
25 35 9
25 38 1
25 39 2
25 44 6
25 45 1
25 46 8
25 48 3
25 49 9
25 56 10
25 57 3
25 59 2
25 62 1
25 67 8
25 71 1
25 72 3
25 74 6
25 79 3
25 83 1
25 85 1
25 86 6
25 87 2
25 88 8
25 89 5
25 91 2
25 96 4
26 27 2
26 29 10
26 31 10
26 32 8
26 35 10
26 37 1
26 38 5
26 39 8
26 40 6
26 42 2
26 45 7
26 46 5
26 47 5
26 49 10
26 50 8
26 52 1
26 53 4
26 54 7
26 56 4
26 57 9
26 61 3
26 64 8
26 65 9
26 67 8
26 69 4
26 77 9
26 78 5
26 80 3
26 81 6
26 83 2
26 87 1
26 88 7
26 90 10
26 91 8
26 92 9
26 93 3
26 94 7
27 28 3
27 29 9
27 32 2
27 33 2
27 34 6
27 36 3
27 38 3
27 40 6
27 46 4
27 49 8
27 50 8
27 51 4
27 52 10
27 53 2
27 54 2
27 56 9
27 59 1
27 60 9
27 63 10
27 64 9
27 65 7
27 67 7
27 69 8
27 70 3
27 73 8
27 74 5
27 76 1
27 80 3
27 81 9
27 84 7
27 90 10
27 91 10
27 92 10
27 93 3
27 94 8
27 96 4
28 29 8
28 31 10
28 32 6
28 33 4
28 34 6
28 35 6
28 36 9
28 40 9
28 43 10
28 46 8
28 49 10
28 52 4
28 53 4
28 58 4
28 59 6
28 60 6
28 65 10
28 74 3
28 75 9
28 79 4
28 80 6
28 82 9
28 83 9
28 86 10
28 89 9
28 91 4
28 92 4
28 93 9
29 36 10
29 37 4
29 40 10
29 45 10
29 46 7
29 49 3
29 52 5
29 53 9
29 56 2
29 57 4
29 59 8
29 64 3
29 68 4
29 69 10
29 73 9
29 74 4
29 75 9
29 77 6
29 79 2
29 80 3
29 82 1
29 83 7
29 84 4
29 85 9
29 88 9
29 93 2
29 96 7
30 32 10
30 33 1
30 36 1
30 40 4
30 43 1
30 50 9
30 52 10
30 53 6
30 55 4
30 56 8
30 57 10
30 58 7
30 61 3
30 62 1
30 63 1
30 64 5
30 66 10
30 68 4
30 69 2
30 70 1
30 75 4
30 78 10
30 79 4
30 80 6
30 81 3
30 83 10
30 84 1
30 85 7
30 87 10
30 92 3
31 33 3
31 34 6
31 35 4
31 36 6
31 38 7
31 43 8
31 45 5
31 47 2
31 48 3
31 50 7
31 51 9
31 53 7
31 55 3
31 56 1
31 59 3
31 60 6
31 61 5
31 65 4
31 68 10
31 69 3
31 70 2
31 71 3
31 72 9
31 73 2
31 75 10
31 78 9
31 79 1
31 80 5
31 81 6
31 83 10
31 86 8
31 87 7
31 88 10
31 89 4
31 93 8
32 34 4
32 38 4
32 40 9
32 45 5
32 46 8
32 47 7
32 49 2
32 51 9
32 53 3
32 55 6
32 56 3
32 62 2
32 63 7
32 64 3
32 65 5
32 66 6
32 68 10
32 70 5
32 71 2
32 72 3
32 73 3
32 74 8
32 79 6
32 80 8
32 85 3
32 86 5
32 88 3
32 89 7
32 92 2
32 94 3
32 95 2
33 35 4
33 36 9
33 37 6
33 39 6
33 42 3
33 44 8
33 46 4
33 49 6
33 51 3
33 58 4
33 62 5
33 63 10
33 64 4
33 65 5
33 68 6
33 71 7
33 72 1
33 74 5
33 75 7
33 78 7
33 81 4
33 82 6
33 88 2
33 90 4
33 94 10
33 96 4
34 35 4
34 36 7
34 37 9
34 42 10
34 43 4
34 44 6
34 45 4
34 47 6
34 48 2
34 49 8
34 50 7
34 51 9
34 55 4
34 57 9
34 58 8
34 64 8
34 65 1
34 66 3
34 67 4
34 70 10
34 71 10
34 72 1
34 73 6
34 75 4
34 78 1
34 80 1
34 81 1
34 83 2
34 84 2
34 86 5
34 89 3
34 93 10
34 94 1
34 96 4
35 39 2
35 40 9
35 41 8
35 43 3
35 44 9
35 45 9
35 48 2
35 50 8
35 52 1
35 54 2
35 55 4
35 61 5
35 62 6
35 63 3
35 64 3
35 68 10
35 69 4
35 70 7
35 72 5
35 73 9
35 78 1
35 80 6
35 83 5
35 85 6
35 86 10
35 87 2
35 90 3
35 91 4
35 94 9
36 37 6
36 38 10
36 39 4
36 44 5
36 45 8
36 46 10
36 48 6
36 50 1
36 51 10
36 54 7
36 57 6
36 58 1
36 60 2
36 61 5
36 64 7
36 65 9
36 68 6
36 70 3
36 73 2
36 74 2
36 78 10
36 79 6
36 83 1
36 85 6
36 89 10
36 90 1
36 92 8
36 93 10
36 95 7
37 38 5
37 39 9
37 40 9
37 42 9
37 45 5
37 48 8
37 50 9
37 53 7
37 54 5
37 55 1
37 59 10
37 61 6
37 62 1
37 65 7
37 66 5
37 67 1
37 69 5
37 72 9
37 76 9
37 81 10
37 82 9
37 83 1
37 84 10
37 86 8
37 90 1
37 91 6
37 93 2
37 94 6
37 95 10
37 96 2
38 39 1
38 41 9
38 45 2
38 47 2
38 54 1
38 57 7
38 62 5
38 63 6
38 66 3
38 67 9
38 70 3
38 71 10
38 72 6
38 73 10
38 74 4
38 78 6
38 79 7
38 81 10
38 82 10
38 84 6
38 86 10
38 87 1
38 88 10
38 89 8
38 91 10
38 92 4
38 95 10
39 40 2
39 41 6
39 42 6
39 43 4
39 46 4
39 50 2
39 54 9
39 55 3
39 57 8
39 58 10
39 59 10
39 62 3
39 63 8
39 65 9
39 66 2
39 68 6
39 69 3
39 70 6
39 71 2
39 72 1
39 74 10
39 75 2
39 77 3
39 79 3
39 82 5
39 85 3
39 87 9
39 89 10
39 90 3
39 93 4
39 95 2
39 96 3
40 45 2
40 47 9
40 48 6
40 53 1
40 54 2
40 55 2
40 56 9
40 57 9
40 61 1
40 62 2
40 63 5
40 67 10
40 69 6
40 70 8
40 71 8
40 73 9
40 76 3
40 78 10
40 80 10
40 81 7
40 83 6
40 94 5
41 42 3
41 47 5
41 48 9
41 49 5
41 52 4
41 53 8
41 55 3
41 56 9
41 57 7
41 58 9
41 59 10
41 64 2
41 66 2
41 71 6
41 75 6
41 76 6
41 77 8
41 78 4
41 79 9
41 81 5
41 86 6
41 89 4
41 90 2
41 91 8
41 93 9
41 94 8
41 95 2
41 96 3
42 45 9
42 48 4
42 49 4
42 51 1
42 54 2
42 55 3
42 57 8
42 58 7
42 59 2
42 60 3
42 62 5
42 66 7
42 67 6
42 70 2
42 71 3
42 73 9
42 75 8
42 76 7
42 78 5
42 80 7
42 81 7
42 82 1
42 84 7
42 86 9
42 89 8
42 90 8
42 92 7
42 93 2
42 96 4
43 45 9
43 46 4
43 47 2
43 48 2
43 50 10
43 51 10
43 53 8
43 54 1
43 56 7
43 59 4
43 63 7
43 68 9
43 69 10
43 71 2
43 74 10
43 79 9
43 80 4
43 82 1
43 84 5
43 86 2
43 87 9
43 89 10
43 91 4
44 46 3
44 47 8
44 49 3
44 50 6
44 51 4
44 52 3
44 53 8
44 58 3
44 60 2
44 62 5
44 64 4
44 66 1
44 67 8
44 70 5
44 71 8
44 76 6
44 77 7
44 82 10
44 86 10
44 88 10
44 93 3
45 46 9
45 49 9
45 51 8
45 53 3
45 54 10
45 55 3
45 56 10
45 58 2
45 59 5
45 60 6
45 61 3
45 66 10
45 67 10
45 68 3
45 70 8
45 72 7
45 73 3
45 75 4
45 77 4
45 78 5
45 79 10
45 84 3
45 85 4
45 86 6
45 88 2
45 90 1
45 92 6
45 93 9
45 94 1
45 96 2
46 47 4
46 48 6
46 49 3
46 53 7
46 60 3
46 61 4
46 63 10
46 68 6
46 70 9
46 73 2
46 74 3
46 75 3
46 79 7
46 84 10
46 85 5
46 86 8
46 87 8
46 93 5
46 94 7
46 96 10
47 49 8
47 50 4
47 51 7
47 55 2
47 57 4
47 58 5
47 66 10
47 67 4
47 70 7
47 72 7
47 74 10
47 75 1
47 78 7
47 79 3
47 84 2
47 85 5
47 86 9
47 87 10
47 90 3
47 91 8
48 51 10
48 52 4
48 54 5
48 55 7
48 56 3
48 57 3
48 58 2
48 65 4
48 66 5
48 68 6
48 70 3
48 72 6
48 76 7
48 78 4
48 79 6
48 80 10
48 82 6
48 83 8
48 85 5
48 86 2
48 89 10
48 94 8
49 50 8
49 51 7
49 52 4
49 53 4
49 58 4
49 59 1
49 61 7
49 62 8
49 63 10
49 64 9
49 65 7
49 67 10
49 69 9
49 70 7
49 74 9
49 75 3
49 78 4
49 81 3
49 83 9
49 85 10
49 89 2
49 92 4
49 93 2
49 95 9
50 54 7
50 56 7
50 57 6
50 58 10
50 59 6
50 60 5
50 62 8
50 63 8
50 66 6
50 67 10
50 69 2
50 70 9
50 71 10
50 72 3
50 73 6
50 74 3
50 77 7
50 79 2
50 80 6
50 84 10
50 87 2
50 88 4
50 90 10
50 91 1
50 92 2
50 96 3
51 52 5
51 53 1
51 54 6
51 55 2
51 58 1
51 65 1
51 68 1
51 71 4
51 73 10
51 75 1
51 78 9
51 79 7
51 81 2
51 82 5
51 84 8
51 86 4
51 87 8
51 90 9
51 91 3
51 92 7
51 93 8
51 94 2
52 53 10
52 55 3
52 58 1
52 60 6
52 62 6
52 64 5
52 66 7
52 67 10
52 69 1
52 70 8
52 71 6
52 74 2
52 76 9
52 77 3
52 80 5
52 82 5
52 85 1
52 89 2
52 90 8
52 92 4
52 96 8
53 55 9
53 56 1
53 57 5
53 58 6
53 59 3
53 61 4
53 63 9
53 64 3
53 66 8
53 73 1
53 75 7
53 76 3
53 77 9
53 78 4
53 81 9
53 82 1
53 85 10
53 91 3
53 92 3
53 95 1
54 61 6
54 65 6
54 66 1
54 67 9
54 68 1
54 72 5
54 73 5
54 75 6
54 76 4
54 80 8
54 82 1
54 88 5
54 91 5
54 93 7
55 56 2
55 60 1
55 61 9
55 63 5
55 64 1
55 65 7
55 68 6
55 69 1
55 70 2
55 71 7
55 78 6
55 80 8
55 81 3
55 85 6
55 87 4
55 89 8
55 90 7
55 92 7
55 93 1
55 94 10
55 95 1
56 58 6
56 61 10
56 62 3
56 63 6
56 64 6
56 66 5
56 70 8
56 71 8
56 72 3
56 73 4
56 76 10
56 81 5
56 82 2
56 83 3
56 84 1
56 85 1
56 86 3
56 87 7
56 89 4
56 94 2
57 59 4
57 60 10
57 61 5
57 62 3
57 63 10
57 64 10
57 75 8
57 76 4
57 78 9
57 86 4
57 87 3
57 88 2
57 92 4
57 94 7
57 95 9
57 96 4
58 60 8
58 62 6
58 65 7
58 67 1
58 68 1
58 69 2
58 71 9
58 73 8
58 76 1
58 77 8
58 78 1
58 81 7
58 83 4
58 85 1
58 86 8
58 89 10
58 91 6
58 95 6
59 61 10
59 63 7
59 64 7
59 65 7
59 67 3
59 68 1
59 69 1
59 70 7
59 71 6
59 72 7
59 73 4
59 74 4
59 75 1
59 76 2
59 77 3
59 78 4
59 81 6
59 83 10
59 84 6
59 86 1
59 88 10
59 89 6
59 91 3
59 93 6
59 94 8
59 95 9
59 96 2
60 63 4
60 64 8
60 65 3
60 68 9
60 69 10
60 75 5
60 76 9
60 79 4
60 81 10
60 83 4
60 84 1
60 85 3
60 87 9
60 88 3
60 89 10
60 90 10
60 91 5
60 92 4
60 95 4
60 96 2
61 63 7
61 65 9
61 67 4
61 69 2
61 71 7
61 78 3
61 82 7
61 83 1
61 86 7
61 87 1
61 92 9
61 93 7
61 94 9
61 96 5
62 65 6
62 67 3
62 68 5
62 69 8
62 72 10
62 74 3
62 76 7
62 77 8
62 79 1
62 82 5
62 83 5
62 84 4
62 85 7
62 86 4
62 88 10
62 91 3
62 93 7
62 95 7
62 96 7
63 64 10
63 66 2
63 68 5
63 69 8
63 70 6
63 74 2
63 76 9
63 78 3
63 79 7
63 82 7
63 84 3
63 85 4
63 86 10
63 88 6
63 90 3
63 93 2
64 66 5
64 69 9
64 73 10
64 78 1
64 79 9
64 81 4
64 84 8
64 86 1
64 90 10
64 92 4
64 95 5
64 96 10
65 66 6
65 67 4
65 70 10
65 75 2
65 77 8
65 79 3
65 81 1
65 83 10
65 84 2
65 88 10
65 91 1
65 92 3
65 94 9
66 68 3
66 70 7
66 71 10
66 73 6
66 75 7
66 84 7
66 86 2
66 87 3
66 88 9
66 89 1
66 92 6
66 93 5
66 95 10
66 96 8
67 69 6
67 70 4
67 71 10
67 73 2
67 74 4
67 75 3
67 76 6
67 77 1
67 80 9
67 81 1
67 82 7
67 84 1
67 86 6
67 87 3
67 89 4
67 90 2
67 93 8
68 69 5
68 70 2
68 71 6
68 72 9
68 73 1
68 75 1
68 81 1
68 82 2
68 83 9
68 84 2
68 86 5
68 88 10
68 89 5
68 90 10
68 91 3
68 93 8
68 95 5
68 96 3
69 70 9
69 74 4
69 75 1
69 76 7
69 79 2
69 80 2
69 81 2
69 85 4
69 88 3
69 90 1
69 92 6
69 94 4
69 95 3
70 71 4
70 72 6
70 74 8
70 75 9
70 76 6
70 78 4
70 79 10
70 80 6
70 81 5
70 84 9
70 85 2
70 86 5
70 87 7
70 88 2
70 90 3
70 91 7
70 94 4
71 76 9
71 77 4
71 78 9
71 79 8
71 80 4
71 81 9
71 82 5
71 83 7
71 84 2
71 85 1
71 86 3
71 87 10
71 88 1
71 89 6
71 90 4
71 94 1
72 73 8
72 74 1
72 76 5
72 78 8
72 81 4
72 83 6
72 87 8
72 91 10
72 92 3
72 94 7
72 95 1
73 74 7
73 76 5
73 77 4
73 80 6
73 85 1
73 86 8
73 88 5
73 90 10
73 91 3
73 92 8
73 93 4
74 77 2
74 78 3
74 79 2
74 81 4
74 87 6
74 88 10
74 90 7
74 93 9
74 96 4
75 76 4
75 78 8
75 81 8
75 82 3
75 83 5
75 85 6
75 89 10
75 91 1
75 92 1
75 93 2
75 96 2
76 78 3
76 79 5
76 84 3
76 87 6
76 89 3
76 90 2
76 92 4
76 95 1
77 78 6
77 81 2
77 84 4
77 86 4
77 89 6
77 90 5
77 92 1
78 79 2
78 82 10
78 84 6
78 85 3
78 87 3
78 89 9
78 91 4
78 92 7
78 95 3
78 96 9
79 81 3
79 82 4
79 84 2
79 85 10
79 89 6
79 91 2
79 92 3
79 93 1
79 95 8
80 85 6
80 86 2
80 89 5
80 90 7
80 92 2
80 93 7
80 95 1
80 96 6
81 83 5
81 84 10
81 88 2
81 91 3
81 92 9
81 93 9
81 94 8
81 95 8
81 96 4
82 85 2
82 87 5
82 88 6
82 90 10
82 91 5
82 92 2
82 94 10
82 95 9
82 96 10
83 86 2
83 87 6
83 89 6
83 90 8
83 91 6
83 95 1
83 96 7
84 85 7
84 86 1
84 88 7
84 92 8
84 93 2
84 94 3
84 95 5
85 86 7
85 87 4
85 90 2
85 92 4
85 94 7
86 88 6
86 91 2
86 95 10
86 96 1
87 88 1
87 90 7
87 95 5
87 96 8
88 92 8
88 93 3
88 95 8
89 90 5
89 91 6
89 94 8
89 95 10
90 91 3
90 92 8
90 93 4
90 95 6
91 92 4
91 93 5
91 94 8
91 95 5
91 96 2
92 94 7
92 96 6
93 95 10
