58 807
0 1 8891
0 3 8762
0 10 1250
0 13 3995
0 14 8257
0 15 8002
0 18 4980
0 21 3804
0 23 5542
0 24 770
0 25 1580
0 26 3269
0 28 3217
0 29 2883
0 30 1815
0 31 5458
0 32 5968
0 35 8322
0 36 1463
0 37 9876
0 38 8382
0 39 3077
0 41 5481
0 42 5374
0 43 9245
0 44 1799
0 45 8677
0 46 8558
0 47 9259
0 48 7784
0 50 5957
0 52 1617
0 53 7625
0 57 4222
1 3 3660
1 4 9691
1 6 8464
1 7 3878
1 10 851
1 11 9762
1 13 4559
1 15 106
1 16 3020
1 18 8406
1 22 2526
1 23 6303
1 25 2566
1 29 1379
1 30 9444
1 31 1890
1 33 6375
1 34 1961
1 36 3335
1 39 5302
1 40 5433
1 42 785
1 43 1701
1 45 8020
1 46 7886
1 47 7258
1 48 1510
1 50 8898
1 51 7999
1 52 3076
1 53 774
1 54 6698
1 56 6841
1 57 4936
2 6 775
2 9 5272
2 10 7587
2 11 4455
2 13 7092
2 14 5152
2 16 4337
2 17 3016
2 18 3799
2 20 389
2 21 4600
2 22 4320
2 23 9393
2 24 9974
2 25 346
2 26 6266
2 29 187
2 30 3453
2 32 3784
2 38 7561
2 40 7853
2 43 9414
2 45 1415
2 48 4838
2 49 7914
2 53 5707
2 56 4289
2 57 8385
3 4 2933
3 8 6750
3 9 9758
3 11 7575
3 13 7029
3 14 5652
3 15 6880
3 16 6039
3 17 8631
3 19 714
3 21 8468
3 23 9130
3 24 8426
3 25 451
3 26 3582
3 27 2957
3 29 624
3 34 1363
3 38 7360
3 42 8717
3 43 7742
3 44 1707
3 45 9336
3 46 7971
3 54 1039
3 56 5012
3 57 2320
4 7 475
4 8 2831
4 10 2962
4 11 1168
4 17 7328
4 18 3048
4 20 7094
4 22 6668
4 26 7510
4 27 6233
4 31 8896
4 33 1378
4 38 5972
4 40 1267
4 42 2377
4 43 9656
4 44 2013
4 47 1999
4 51 9612
4 55 9341
4 56 4470
5 7 6701
5 9 669
5 14 374
5 16 5755
5 17 1359
5 20 5632
5 22 9332
5 23 5367
5 24 7726
5 26 39
5 27 3530
5 28 2255
5 30 8551
5 31 8036
5 33 7102
5 35 6652
5 37 8194
5 44 6485
5 49 8049
5 50 3460
5 51 4562
5 54 6146
5 57 9268
6 8 9337
6 11 937
6 13 9901
6 14 2655
6 15 2827
6 17 1311
6 18 3590
6 19 2546
6 20 2600
6 24 4819
6 25 3932
6 26 8198
6 29 5286
6 30 5373
6 35 3969
6 36 6454
6 37 3116
6 40 3011
6 43 6145
6 46 9304
6 48 7480
6 50 4257
6 51 994
6 57 145
7 8 497
7 9 4782
7 12 6305
7 13 651
7 14 4294
7 15 9509
7 16 7951
7 17 6813
7 18 59
7 19 3035
7 20 3760
7 21 6748
7 22 5693
7 23 6571
7 28 5611
7 31 2493
7 32 3876
7 33 4038
7 36 8735
7 37 2248
7 39 3779
7 42 9308
7 46 5689
7 47 7195
7 51 9413
7 52 8475
7 53 8578
7 56 4673
8 9 5682
8 11 6586
8 12 8044
8 13 597
8 14 4226
8 15 6365
8 18 949
8 21 1582
8 23 7402
8 24 5032
8 31 5929
8 32 2285
8 34 4585
8 35 4127
8 39 646
8 41 7504
8 45 5352
8 46 687
8 47 9115
8 49 9236
8 51 5827
8 52 1369
8 54 3301
8 55 86
8 56 4491
8 57 4958
9 10 4354
9 11 8831
9 12 9935
9 13 1334
9 14 3044
9 15 6347
9 16 5017
9 17 4453
9 18 2701
9 22 2018
9 25 5694
9 27 1100
9 28 7056
9 31 9905
9 32 219
9 34 7737
9 36 6640
9 37 7334
9 39 7074
9 41 1866
9 49 7929
9 51 9565
9 52 4613
9 55 376
9 57 8126
10 12 1787
10 14 4876
10 15 894
10 16 7953
10 18 6335
10 19 8703
10 21 7753
10 22 9772
10 23 3692
10 27 7697
10 28 1524
10 29 241
10 32 9525
10 34 3845
10 36 7235
10 37 9643
10 40 4813
10 41 2793
10 46 437
10 48 4899
10 50 1483
10 51 7873
10 52 1146
10 54 3195
10 55 2783
10 56 2581
11 12 5114
11 13 3248
11 17 1049
11 18 4242
11 19 1161
11 20 6212
11 23 9417
11 24 2095
11 26 9932
11 29 5247
11 30 3936
11 31 1885
11 33 205
11 34 9680
11 36 4620
11 39 2134
11 42 8928
11 43 3182
11 44 2908
11 50 3185
11 52 1144
11 57 7312
12 13 8303
12 14 9281
12 15 3150
12 16 4660
12 22 1509
12 27 8134
12 28 1068
12 30 5198
12 35 3282
12 39 5406
12 40 7703
12 42 813
12 43 8954
12 44 7661
12 46 5548
12 47 2064
12 48 5289
12 49 978
12 50 2985
12 51 2604
12 52 4897
12 54 6486
13 15 5523
13 16 6883
13 17 8897
13 20 6194
13 24 3346
13 26 6069
13 29 6080
13 32 7098
13 33 3310
13 38 63
13 39 7400
13 41 326
13 44 7936
13 46 7685
13 49 7128
13 50 8004
13 51 8065
13 52 688
13 53 8201
13 55 3133
13 56 2179
14 15 6726
14 16 1800
14 18 7996
14 25 1568
14 26 336
14 28 386
14 32 3208
14 33 173
14 34 2961
14 36 4919
14 43 5583
14 44 7118
14 50 8554
14 52 7564
14 53 5059
14 55 5948
14 57 7465
15 18 3918
15 19 6576
15 20 5991
15 21 3645
15 22 6719
15 23 1988
15 26 110
15 30 377
15 32 8277
15 35 9462
15 37 5050
15 41 9500
15 42 9519
15 44 9412
15 45 3412
15 46 2183
15 49 6143
15 50 2897
15 51 8301
15 52 1941
16 18 6938
16 23 1779
16 25 6963
16 32 9232
16 36 4270
16 38 9692
16 39 8713
16 41 2065
16 42 2819
16 43 4850
16 46 6848
16 49 3345
16 50 7152
16 51 9866
16 52 7444
16 53 2386
16 54 8240
16 55 6689
16 56 7156
16 57 9641
17 18 1136
17 20 792
17 21 3406
17 23 5981
17 27 7660
17 30 4169
17 31 1649
17 34 8744
17 35 7169
17 39 8818
17 40 6333
17 42 9817
17 47 743
17 48 3085
17 50 9527
17 54 2411
17 56 5904
18 24 5903
18 29 4121
18 33 5378
18 34 2504
18 36 8342
18 41 3200
18 43 184
18 44 8359
18 45 1754
18 46 2008
18 47 4021
18 50 8945
18 54 3130
18 56 7535
19 21 7223
19 24 1719
19 26 1383
19 27 1962
19 30 7512
19 35 7240
19 40 4296
19 42 9763
19 45 1955
19 49 575
19 50 1494
19 52 1853
19 54 6213
19 56 7668
19 57 5678
20 24 3401
20 27 6101
20 37 7800
20 39 9690
20 40 8109
20 42 8844
20 44 5805
20 46 6415
20 48 3149
20 49 9535
20 51 5457
20 52 8203
20 53 8741
20 55 8634
21 22 9517
21 25 4402
21 26 1471
21 27 7529
21 29 2492
21 32 47
21 33 1422
21 34 2631
21 36 5464
21 37 245
21 38 7790
21 40 786
21 41 6480
21 44 2228
21 45 1129
21 46 7377
21 50 401
21 52 4718
21 54 3919
21 56 9161
22 23 8117
22 26 7066
22 29 6815
22 31 3189
22 32 586
22 34 7037
22 35 5254
22 37 3456
22 38 5698
22 40 4885
22 42 4146
22 43 3966
22 44 3293
22 45 8370
22 46 6755
22 47 3240
22 48 2801
22 49 9508
22 51 4728
22 53 3096
22 55 6806
22 56 4502
22 57 6510
23 24 4884
23 25 7789
23 26 9606
23 27 7101
23 28 6438
23 37 7862
23 39 5213
23 41 9685
23 43 5967
23 44 1105
23 45 3861
23 46 929
23 47 1364
23 49 8613
23 52 3881
23 53 55
23 54 6278
23 55 8842
24 27 7067
24 28 6516
24 29 9924
24 32 5425
24 34 1082
24 36 4373
24 37 3634
24 42 3157
24 44 2972
24 46 7720
24 48 6705
24 51 6207
24 53 329
24 54 7741
25 27 8261
25 30 8973
25 31 6167
25 33 3383
25 34 1085
25 36 3250
25 37 5659
25 39 7093
25 40 4304
25 45 7427
25 48 9759
25 49 4513
25 53 2560
25 55 9564
25 56 8793
25 57 8584
26 31 4921
26 34 5415
26 39 2419
26 40 1733
26 41 7218
26 43 5675
26 44 6556
26 49 2736
26 50 9126
26 51 2383
26 53 5496
26 54 4347
26 56 7501
26 57 5097
27 28 1840
27 34 9941
27 41 9410
27 45 8916
27 46 306
27 47 8851
27 52 3336
27 54 9806
27 56 6399
28 32 4207
28 35 9592
28 36 7
28 38 2087
28 40 3868
28 41 2444
28 42 6901
28 43 6447
28 45 127
28 46 8519
28 47 9582
28 48 3527
28 49 8799
28 51 870
28 55 7855
29 32 2222
29 33 5311
29 35 8992
29 37 349
29 38 8410
29 40 5131
29 44 4392
29 51 6245
29 53 6522
29 56 1027
30 33 4123
30 35 5858
30 36 6730
30 37 987
30 38 9085
30 39 8298
30 43 5962
30 44 5894
30 46 8635
30 48 5024
30 49 3163
30 50 9702
30 55 7869
30 56 8607
30 57 7960
31 32 8363
31 34 3939
31 36 4954
31 38 1237
31 39 9277
31 40 4340
31 41 7590
31 42 3811
31 43 3594
31 48 1156
31 51 7732
31 54 2624
31 56 9234
31 57 9255
32 33 504
32 41 6622
32 42 1292
32 43 1888
32 44 2722
32 50 6071
32 51 4033
32 52 3134
33 35 4739
33 36 2516
33 39 9046
33 40 4892
33 41 3794
33 42 4061
33 44 1276
33 45 7656
33 46 860
33 50 6565
33 53 5197
33 54 1867
33 57 2479
34 36 8376
34 37 1708
34 38 4629
34 39 5634
34 46 1827
34 47 7481
34 48 9142
34 50 5822
34 54 8229
34 57 799
35 36 3793
35 37 1393
35 39 3739
35 40 5348
35 41 2175
35 43 2670
35 46 5127
35 47 5784
35 48 2045
35 49 6387
35 50 8706
35 52 7263
35 55 2541
35 56 794
35 57 4604
36 43 9369
36 47 1474
36 49 8529
36 50 2174
36 52 3719
36 55 1352
36 57 5552
37 39 9006
37 40 1340
37 44 1798
37 46 5008
37 50 9291
37 54 5885
37 56 2350
37 57 3839
38 39 8415
38 40 7966
38 41 6049
38 42 4276
38 43 6713
38 44 1530
38 48 7307
38 49 6958
38 50 2009
38 53 3709
38 55 6749
39 42 2315
39 43 2369
39 46 2893
39 51 1427
39 52 7608
39 54 348
39 56 1855
39 57 6168
40 41 1187
40 42 2184
40 43 1755
40 44 1781
40 45 6776
40 46 5570
40 47 3993
40 50 6771
40 52 3396
40 53 8714
40 54 8681
40 57 6077
41 43 621
41 46 9767
41 48 8625
41 49 4743
41 50 733
41 52 1709
41 53 4770
41 54 8143
41 55 7657
41 56 6431
41 57 1377
42 44 7639
42 45 9665
42 47 8967
42 48 2531
42 50 6271
42 55 6817
42 56 1194
43 44 2371
43 49 8664
43 50 1128
43 55 5506
43 57 657
44 49 4931
44 50 8806
44 52 8219
44 53 5403
44 55 4856
45 46 6298
45 53 9698
45 56 7162
45 57 5196
46 47 7638
46 48 4910
46 50 3865
46 51 7710
46 52 7589
46 55 4194
46 57 274
47 48 6364
47 49 3937
47 50 7250
47 51 9669
47 52 3817
47 53 4591
47 57 8494
48 49 3215
48 50 6195
48 51 2697
48 57 4835
49 50 3560
49 54 8942
49 57 5364
50 51 6886
50 53 1975
50 54 4833
51 52 1873
51 53 8293
51 57 4253
52 55 9192
52 56 7079
52 57 936
53 54 8366
53 56 9415
53 57 1322
54 56 8062
54 57 270
55 56 2481
55 57 4709
