0 1 1
0 3 1
0 6 5
0 7 6
0 8 4
0 11 10
0 13 1
0 14 7
0 17 1
0 20 3
1 3 4
1 4 2
1 5 2
1 8 9
1 9 7
1 10 10
1 12 7
1 13 7
1 16 1
1 19 9
1 20 4
2 5 10
2 6 4
2 7 8
2 10 8
2 17 7
2 18 9
3 6 6
3 7 7
3 8 10
3 11 3
3 14 1
3 18 10
3 19 8
3 20 2
4 5 7
4 7 5
4 8 5
4 9 4
4 11 7
4 13 5
4 14 4
4 16 2
4 17 4
5 7 1
5 9 6
5 10 7
5 12 7
5 13 8
5 14 4
5 20 8
6 9 6
6 10 4
6 11 9
6 12 9
6 14 1
6 17 8
6 18 1
6 19 8
7 8 1
7 10 1
7 12 5
7 13 8
7 14 7
7 16 10
7 18 5
7 19 1
7 20 7
8 16 3
8 17 2
9 10 8
9 14 8
9 15 1
9 19 10
9 20 5
10 13 10
10 14 9
10 16 7
10 17 2
10 19 6
10 20 7
11 12 10
11 13 9
11 16 1
11 17 7
11 18 10
11 19 8
12 15 9
12 16 1
12 17 6
12 18 6
12 20 6
13 16 9
13 18 3
13 19 8
13 20 8
14 15 7
14 17 10
14 18 7
15 16 10
15 17 8
15 18 9
16 17 6
16 18 7
16 20 5
17 18 9
17 19 8
17 20 7
18 19 4
