37 334
0 1 5172
0 2 6573
0 8 580
0 9 7726
0 11 5999
0 12 2511
0 15 7145
0 16 201
0 17 2438
0 18 7094
0 19 661
0 20 5461
0 21 2215
0 22 2523
0 23 8198
0 29 6097
0 30 8425
0 31 1768
0 33 9447
0 35 4320
1 2 4851
1 3 9793
1 6 9864
1 7 4578
1 12 5379
1 13 426
1 14 1852
1 15 5404
1 17 4402
1 19 9592
1 21 6615
1 23 8143
1 26 1802
1 31 6744
1 32 1664
1 34 7898
2 3 5526
2 4 3488
2 5 6149
2 6 1410
2 7 351
2 8 8819
2 9 5036
2 12 6906
2 13 3971
2 16 3336
2 17 1728
2 20 483
2 22 1732
2 23 9316
2 24 2808
2 25 7572
2 26 6856
2 27 3365
2 29 3510
2 31 219
2 32 7054
2 33 8708
2 34 9152
2 35 5948
3 4 9828
3 6 2663
3 7 7440
3 13 7652
3 14 9209
3 15 8893
3 17 4884
3 18 7441
3 21 5301
3 24 2275
3 26 2879
3 27 1443
3 28 3349
3 32 5523
3 34 1847
3 35 2244
3 36 3955
4 5 8934
4 9 8104
4 12 6649
4 15 9761
4 16 900
4 20 4832
4 21 3830
4 23 8735
4 24 2533
4 25 7071
4 26 7208
4 27 3538
4 30 4160
4 31 869
4 32 994
4 34 9985
5 9 8675
5 11 6094
5 15 8271
5 16 2782
5 17 7682
5 18 8082
5 19 4150
5 20 1123
5 21 2271
5 22 4572
5 25 6949
5 26 8421
5 29 4319
5 30 2432
5 32 9550
5 33 1148
5 35 9788
5 36 1176
6 7 9802
6 8 1978
6 10 9670
6 13 677
6 19 7346
6 20 8155
6 21 4696
6 22 6631
6 25 8768
6 26 2192
6 27 4279
6 28 9698
6 30 6004
6 32 7854
6 33 9265
6 36 5057
7 8 2429
7 22 5165
7 23 3081
7 24 3203
7 25 6451
7 28 4624
7 31 138
7 32 4615
7 35 4508
7 36 6977
8 11 6951
8 15 3342
8 16 2262
8 19 2705
8 21 4928
8 22 6586
8 23 9590
8 30 5996
8 31 7488
8 32 9920
8 33 7899
8 34 8800
8 36 9570
9 11 6710
9 12 3495
9 13 966
9 15 8654
9 19 8148
9 24 560
9 28 3219
9 33 3075
9 35 7259
9 36 3989
10 12 7157
10 13 2477
10 14 5233
10 15 8946
10 19 8165
10 20 6893
10 22 2666
10 27 9616
10 28 7579
10 32 1871
10 33 6918
10 34 1044
11 12 5726
11 13 8887
11 14 5197
11 15 6324
11 16 436
11 17 5273
11 20 767
11 22 2906
11 23 2614
11 24 5778
11 25 4335
11 26 3885
11 28 1340
11 30 2488
11 31 5427
11 32 3180
11 33 9886
11 34 9181
12 14 3677
12 15 9180
12 19 546
12 20 8120
12 21 3576
12 22 7338
12 25 8813
12 28 2625
12 29 8370
12 30 9906
12 32 8941
12 35 3417
12 36 8041
13 15 7722
13 19 504
13 21 1859
13 22 7561
13 23 2412
13 25 5534
13 30 8842
13 33 4095
14 15 1157
14 17 3270
14 25 446
14 27 997
14 29 986
14 30 6900
14 32 235
14 33 4413
14 34 1501
14 36 4767
15 17 1109
15 18 6249
15 20 5489
15 21 7631
15 24 5436
15 26 2043
15 27 7912
15 30 4493
15 32 4547
15 33 4968
15 34 1930
15 35 9644
15 36 2066
16 20 1909
16 21 543
16 23 4143
16 25 6768
16 27 3786
16 28 4792
16 32 2329
16 35 1333
16 36 741
17 21 6048
17 27 9513
17 28 2791
17 29 5507
17 34 8628
17 36 3448
18 20 6031
18 22 6194
18 23 7168
18 25 7353
18 26 126
18 28 1262
18 29 9329
18 30 9579
18 32 5584
18 33 4048
18 35 4256
18 36 3985
19 21 467
19 26 4533
19 30 320
19 31 6592
19 33 4544
19 34 2318
20 24 7272
20 26 2992
20 28 7733
20 29 6976
20 31 6679
20 33 2323
20 34 6585
20 35 2200
21 22 5276
21 23 7614
21 24 7233
21 26 372
21 33 621
21 34 9634
22 23 9524
22 27 5394
22 28 3156
22 35 4283
23 25 9187
23 28 8548
23 29 6539
23 31 9323
23 33 8815
23 34 9260
24 25 581
24 27 6673
24 28 5022
24 29 6281
24 32 6069
24 33 5185
24 35 3110
25 27 7404
25 30 5033
25 35 4702
26 27 7769
26 28 7242
26 31 9463
26 34 7069
26 35 5538
26 36 3762
27 28 6472
27 30 7139
27 31 4902
27 32 4104
27 34 244
27 35 3347
28 30 5227
28 31 7344
28 32 3975
28 33 3613
28 35 8159
29 31 3514
29 32 6471
29 34 4910
29 36 5311
30 31 441
30 34 8896
30 36 9389
31 33 9946
31 34 2499
32 34 4406
32 35 4587
33 34 2532
33 35 3497
34 35 8801
34 36 7590
35 36 1630
