31 229
0 1 2655
0 2 9403
0 3 8850
0 4 6427
0 5 4301
0 6 347
0 7 2425
0 8 27
0 10 7470
0 11 201
0 12 7851
0 14 7982
0 15 3314
0 17 216
0 21 333
0 25 649
0 26 3140
0 27 2171
0 30 7094
1 4 9618
1 7 4804
1 9 8207
1 13 6671
1 14 486
1 16 6423
1 17 8126
1 21 8280
1 22 5194
1 29 5660
2 3 2884
2 9 7714
2 11 2338
2 12 9388
2 13 1737
2 14 5693
2 15 1993
2 18 8863
2 25 8423
2 28 269
3 4 495
3 7 7298
3 10 9506
3 12 3032
3 15 7590
3 16 6239
3 17 2391
3 18 6470
3 19 7407
3 21 1456
3 23 7228
3 28 2158
3 30 9394
4 5 857
4 9 5417
4 10 3228
4 11 5395
4 12 341
4 14 4357
4 15 7896
4 17 6883
4 22 6238
4 23 7182
4 24 3769
4 25 8084
4 26 1767
4 27 9723
4 29 70
5 6 6331
5 7 298
5 8 7253
5 9 6187
5 10 7406
5 11 2247
5 13 4044
5 14 8125
5 19 7552
5 20 9753
5 23 8747
5 25 8558
5 26 2380
5 28 6218
5 29 7356
5 30 1220
6 9 564
6 13 2728
6 15 5188
6 16 2772
6 18 2344
6 19 5428
6 20 7204
6 22 6400
6 23 5814
6 24 3089
6 26 9852
6 27 8018
6 30 6262
7 8 2866
7 10 2659
7 11 2636
7 12 414
7 13 596
7 14 9838
7 15 8878
7 16 2070
7 22 3617
7 23 2678
7 25 5763
7 26 1936
7 28 2031
7 30 9213
8 9 1597
8 10 5586
8 11 739
8 12 7927
8 21 6594
8 23 3856
8 25 4108
8 26 1969
8 27 694
8 28 6773
8 29 5440
9 12 9765
9 14 2592
9 16 46
9 17 4138
9 18 9376
9 19 2046
9 22 284
9 23 751
9 24 5138
9 25 8478
9 27 6292
9 30 2675
10 11 664
10 13 4255
10 15 5925
10 19 1574
10 20 7198
10 26 7856
10 27 7397
10 28 9378
11 12 1258
11 13 9789
11 15 9527
11 20 2986
11 21 2805
11 24 9373
11 28 7241
11 30 5812
12 13 7931
12 14 1946
12 15 3613
12 17 4227
12 18 6644
12 20 5822
12 29 8362
13 14 9492
13 15 8896
13 19 5931
13 22 315
13 25 2950
13 26 7020
13 28 9242
13 29 3175
14 16 1706
14 18 7031
14 21 5068
14 22 1215
14 23 3603
14 24 4655
14 27 1337
14 28 4917
14 30 496
15 16 8493
15 17 1581
15 23 1596
15 24 3955
15 26 1440
15 27 8049
15 29 5425
15 30 2202
16 18 7276
16 24 9441
16 25 5591
16 27 3952
16 29 6248
16 30 6650
17 18 5786
17 19 4852
17 21 1125
17 22 3861
17 24 7480
17 27 2597
17 29 5535
18 19 4165
18 20 449
18 23 2330
18 26 3223
18 27 1584
19 20 8327
19 21 565
19 24 5414
19 26 7174
19 30 801
20 21 6483
20 25 6653
20 28 3054
20 29 3689
20 30 3620
21 25 5222
21 26 1053
21 27 9320
21 28 6454
22 23 1684
22 24 4576
22 26 6829
22 27 7368
22 29 3244
23 28 450
24 26 6258
24 29 864
24 30 293
25 28 9539
25 29 2407
25 30 2034
26 27 5862
27 30 2704
28 30 9084
29 30 7886
