18 80
0 1 6
0 2 7
0 3 8
0 4 3
0 6 4
0 7 8
0 9 1
0 11 3
0 14 10
0 17 4
1 6 9
1 7 8
1 8 2
1 9 2
1 11 7
1 14 5
1 15 2
1 16 8
2 8 4
2 14 8
2 15 10
2 17 3
3 6 8
3 8 4
3 9 6
3 10 7
3 13 7
3 14 3
3 17 8
4 5 8
4 7 7
4 9 9
4 10 7
4 12 7
4 14 6
4 15 1
4 16 4
5 6 3
5 8 6
5 11 7
5 12 4
5 15 9
5 17 6
6 7 7
6 8 1
6 9 8
6 15 5
6 16 10
6 17 7
7 8 5
7 11 6
7 12 7
7 14 10
7 15 8
7 17 4
8 10 5
8 12 1
8 14 3
8 15 8
9 10 6
9 11 6
9 12 1
9 13 1
9 14 8
9 15 10
9 17 7
10 13 8
10 14 5
10 15 7
11 12 9
11 15 9
11 16 1
12 13 6
12 15 5
12 16 6
13 14 4
13 15 9
13 17 10
14 16 4
14 17 3
