61 901
0 1 4
0 3 8
0 4 9
0 5 9
0 8 8
0 11 1
0 12 6
0 13 6
0 18 1
0 19 3
0 20 5
0 21 8
0 22 4
0 25 1
0 26 9
0 28 5
0 29 5
0 30 2
0 33 4
0 34 5
0 35 3
0 36 5
0 41 6
0 43 4
0 50 2
0 55 10
0 57 7
0 58 10
0 59 5
0 60 10
1 3 4
1 8 6
1 9 7
1 10 8
1 11 4
1 12 10
1 13 2
1 14 2
1 18 8
1 21 9
1 26 3
1 27 9
1 28 7
1 29 7
1 36 4
1 38 4
1 39 1
1 40 1
1 43 4
1 46 5
1 47 3
1 49 2
1 50 3
1 53 1
1 54 3
1 56 2
1 59 9
2 4 5
2 5 9
2 6 4
2 8 10
2 9 4
2 12 3
2 13 1
2 15 7
2 16 1
2 17 2
2 19 2
2 20 6
2 21 7
2 23 7
2 24 5
2 26 4
2 28 8
2 30 10
2 31 4
2 34 6
2 35 7
2 36 6
2 39 7
2 41 4
2 42 1
2 51 1
2 52 3
2 53 10
2 54 1
2 58 3
2 59 9
2 60 7
3 4 3
3 7 4
3 9 5
3 12 8
3 13 10
3 16 2
3 18 3
3 19 3
3 21 4
3 23 6
3 27 1
3 29 9
3 30 10
3 31 10
3 37 2
3 40 1
3 41 7
3 42 4
3 44 1
3 47 9
3 50 8
3 55 6
3 59 10
3 60 1
4 6 6
4 7 3
4 11 7
4 16 3
4 18 7
4 19 7
4 21 3
4 22 6
4 23 10
4 28 10
4 30 3
4 31 8
4 32 4
4 33 9
4 34 2
4 35 4
4 37 3
4 42 7
4 43 10
4 44 3
4 46 7
4 47 7
4 48 1
4 51 10
4 55 2
4 57 8
4 59 2
4 60 7
5 6 8
5 7 4
5 10 5
5 11 10
5 12 5
5 16 4
5 17 5
5 18 6
5 19 9
5 20 2
5 21 8
5 23 7
5 26 7
5 27 1
5 28 4
5 30 5
5 32 7
5 33 10
5 34 10
5 35 10
5 36 6
5 39 4
5 40 7
5 42 9
5 43 8
5 44 3
5 45 3
5 46 6
5 48 1
5 49 8
5 50 4
5 56 1
5 57 8
5 58 7
5 59 10
6 7 10
6 8 10
6 9 1
6 11 1
6 14 4
6 16 8
6 18 5
6 23 2
6 25 9
6 29 1
6 35 7
6 38 2
6 40 2
6 41 10
6 42 3
6 45 6
6 46 6
6 47 4
6 48 1
6 49 10
6 50 8
6 51 4
6 52 5
6 53 9
6 54 10
6 55 2
6 57 1
6 58 10
6 59 9
6 60 9
7 10 8
7 12 4
7 13 5
7 14 5
7 17 10
7 20 8
7 21 4
7 22 5
7 24 2
7 25 9
7 30 2
7 32 9
7 35 9
7 36 8
7 39 8
7 41 3
7 43 7
7 45 4
7 46 1
7 47 10
7 48 6
7 54 2
7 58 9
8 9 10
8 12 10
8 13 3
8 14 10
8 15 10
8 16 1
8 18 9
8 19 7
8 20 10
8 21 2
8 22 9
8 25 1
8 26 8
8 28 10
8 34 8
8 36 5
8 38 8
8 39 8
8 45 1
8 47 10
8 48 3
8 49 8
8 51 8
8 53 9
8 55 5
8 56 5
8 58 6
8 59 7
9 10 10
9 12 7
9 13 9
9 16 9
9 22 8
9 23 6
9 25 3
9 27 6
9 28 10
9 30 10
9 32 5
9 40 1
9 42 8
9 43 7
9 46 1
9 47 6
9 49 9
9 51 1
9 55 9
9 58 8
9 59 10
9 60 2
10 11 6
10 12 1
10 13 9
10 14 2
10 15 7
10 16 5
10 17 9
10 18 5
10 19 2
10 20 3
10 22 10
10 23 4
10 28 5
10 30 8
10 31 10
10 32 4
10 33 3
10 34 5
10 35 9
10 37 1
10 40 1
10 41 7
10 45 3
10 46 1
10 47 6
10 48 5
10 51 4
10 52 6
10 53 1
10 54 6
10 55 5
10 56 6
10 57 1
10 59 7
10 60 7
11 14 8
11 17 2
11 20 4
11 26 1
11 30 9
11 31 4
11 33 8
11 34 6
11 36 8
11 38 10
11 39 10
11 41 6
11 43 2
11 44 4
11 46 5
11 48 1
11 49 4
11 53 9
12 14 1
12 16 5
12 20 2
12 25 10
12 26 3
12 30 9
12 31 2
12 33 4
12 34 4
12 35 7
12 36 9
12 37 6
12 39 9
12 40 10
12 41 9
12 44 1
12 45 6
12 46 5
12 47 4
12 48 8
12 51 5
12 53 7
12 56 7
12 58 3
12 59 10
12 60 8
13 14 3
13 18 1
13 24 6
13 25 7
13 26 2
13 28 6
13 30 8
13 32 4
13 33 6
13 36 8
13 37 4
13 39 3
13 41 8
13 42 1
13 45 5
13 46 5
13 47 1
13 50 4
13 51 1
13 53 10
13 54 6
13 57 6
13 59 8
13 60 1
14 15 10
14 19 4
14 21 4
14 24 4
14 25 9
14 26 5
14 27 1
14 35 8
14 37 1
14 38 1
14 41 9
14 43 8
14 44 10
14 45 9
14 49 5
14 51 2
14 53 2
14 54 2
14 56 1
14 57 7
14 59 4
14 60 1
15 16 9
15 17 10
15 18 8
15 19 5
15 20 3
15 21 9
15 23 8
15 24 7
15 25 10
15 26 8
15 28 4
15 29 8
15 30 1
15 31 6
15 33 8
15 34 3
15 35 10
15 36 7
15 37 10
15 38 10
15 39 8
15 40 4
15 41 5
15 42 7
15 43 6
15 44 2
15 46 1
15 47 1
15 49 10
15 51 4
15 52 7
15 53 2
15 60 6
16 19 1
16 23 6
16 24 9
16 27 9
16 28 1
16 30 1
16 33 5
16 34 1
16 37 9
16 38 10
16 39 2
16 44 9
16 45 10
16 46 6
16 48 10
16 52 2
16 53 7
16 54 3
16 57 6
16 58 7
16 59 2
17 19 7
17 20 10
17 22 1
17 26 2
17 29 1
17 30 5
17 31 9
17 33 7
17 35 7
17 36 6
17 39 4
17 40 5
17 48 6
17 52 2
17 56 3
17 57 8
17 58 3
18 19 4
18 20 3
18 21 6
18 22 1
18 23 9
18 24 6
18 26 7
18 27 5
18 29 7
18 31 3
18 33 1
18 34 5
18 35 10
18 36 9
18 37 3
18 40 2
18 42 1
18 43 8
18 44 4
18 45 5
18 48 1
18 49 4
18 50 5
18 51 5
18 52 10
18 53 2
18 54 6
18 55 3
18 60 4
19 21 2
19 26 3
19 30 1
19 31 8
19 32 2
19 34 3
19 35 5
19 36 8
19 41 1
19 43 5
19 45 3
19 46 7
19 47 3
19 49 5
19 50 9
19 51 9
19 52 1
19 53 7
20 22 1
20 25 1
20 26 4
20 27 7
20 29 2
20 30 7
20 31 9
20 34 3
20 37 1
20 39 1
20 44 4
20 45 7
20 47 2
20 49 10
20 50 5
20 51 8
20 52 9
20 53 10
21 23 2
21 24 9
21 25 6
21 26 9
21 28 8
21 31 6
21 35 4
21 36 5
21 39 1
21 41 8
21 43 2
21 45 9
21 46 3
21 50 1
21 52 2
21 55 10
21 56 1
21 57 8
22 24 3
22 27 2
22 29 5
22 31 9
22 32 5
22 33 8
22 35 9
22 36 10
22 38 2
22 39 1
22 40 2
22 41 8
22 43 7
22 45 6
22 47 8
22 50 6
22 55 7
22 56 5
22 57 6
23 27 3
23 29 8
23 31 4
23 37 10
23 38 8
23 42 9
23 43 2
23 44 4
23 46 9
23 47 5
23 49 2
23 50 1
23 53 3
23 54 7
23 55 9
23 59 5
24 25 1
24 27 10
24 28 8
24 29 8
24 30 6
24 36 5
24 37 8
24 39 10
24 44 8
24 45 2
24 47 7
24 48 5
24 49 10
24 51 7
24 52 9
24 53 4
24 57 8
24 58 5
25 26 7
25 27 10
25 29 7
25 33 1
25 36 5
25 37 9
25 40 8
25 41 7
25 46 10
25 47 6
25 49 2
25 50 10
25 54 2
25 55 4
25 56 1
25 58 2
25 59 4
25 60 4
26 34 10
26 35 10
26 36 8
26 37 6
26 38 2
26 39 9
26 42 1
26 44 2
26 45 7
26 46 6
26 48 10
26 49 9
26 51 10
26 53 2
26 57 3
26 59 10
27 31 2
27 32 10
27 34 4
27 37 9
27 38 5
27 43 7
27 46 3
27 48 9
27 52 2
27 53 5
28 30 6
28 32 3
28 34 3
28 35 7
28 37 5
28 43 10
28 45 7
28 46 3
28 47 3
28 48 5
28 49 9
28 50 5
28 54 2
28 55 3
28 57 6
28 60 10
29 30 8
29 31 1
29 32 3
29 34 1
29 35 4
29 37 2
29 40 5
29 42 6
29 44 9
29 46 2
29 47 1
29 51 10
29 52 2
29 53 1
29 54 5
29 55 9
29 56 3
29 57 3
29 60 9
30 32 4
30 36 9
30 37 6
30 38 7
30 40 2
30 42 6
30 44 1
30 48 6
30 50 3
30 52 10
30 57 2
30 58 3
30 60 8
31 32 9
31 35 3
31 36 8
31 37 2
31 41 10
31 46 5
31 48 2
31 49 5
31 50 2
31 53 4
31 54 4
31 56 3
31 58 4
32 34 10
32 35 8
32 36 1
32 37 9
32 38 10
32 39 9
32 42 7
32 45 10
32 46 4
32 47 8
32 51 2
32 54 1
32 55 10
32 56 7
33 35 6
33 36 4
33 37 5
33 38 2
33 39 1
33 40 9
33 41 1
33 42 8
33 46 4
33 49 3
33 54 6
33 55 10
34 39 6
34 40 9
34 44 8
34 46 10
34 47 5
34 48 6
34 51 6
34 56 9
34 57 8
34 58 1
34 60 9
35 39 8
35 40 3
35 41 7
35 42 8
35 44 7
35 45 5
35 47 6
35 49 9
35 53 3
35 54 4
35 56 7
35 59 8
36 38 9
36 41 8
36 42 2
36 45 2
36 46 5
36 47 9
36 49 6
36 50 8
37 40 3
37 41 9
37 43 8
37 44 9
37 50 9
37 53 10
37 55 7
37 56 9
37 57 10
37 59 2
37 60 9
38 39 9
38 40 9
38 41 4
38 44 8
38 47 1
38 48 7
38 49 4
38 56 6
39 40 5
39 44 9
39 46 2
39 47 3
39 49 1
39 50 6
39 54 8
39 57 2
40 44 1
40 45 8
40 47 6
40 48 10
40 49 7
40 51 4
40 52 5
40 53 2
40 55 1
40 56 4
40 57 10
40 59 7
40 60 2
41 42 2
41 43 6
41 46 1
41 47 10
41 48 4
41 49 5
41 50 8
41 55 9
41 56 2
41 59 1
41 60 9
42 44 10
42 47 8
42 49 5
42 50 8
42 51 6
42 56 3
42 58 6
42 60 7
43 45 3
43 46 10
43 47 3
43 51 7
43 56 7
43 57 7
43 58 3
44 48 4
44 50 5
44 51 4
44 52 6
44 53 5
44 54 9
44 55 5
44 58 1
44 60 6
45 46 7
45 53 1
45 59 10
45 60 3
46 47 6
46 48 3
46 49 4
46 50 3
46 51 3
46 54 10
46 55 9
46 57 7
46 60 2
47 50 4
47 52 5
47 53 1
47 54 3
47 58 8
48 53 4
48 54 3
48 55 7
48 58 5
48 59 9
49 50 9
49 52 7
49 54 5
49 55 3
49 56 4
49 58 1
50 57 6
50 58 10
51 52 10
51 55 10
51 57 8
51 58 4
51 59 7
52 53 3
52 55 8
52 56 3
52 58 6
52 59 6
52 60 2
53 54 7
53 55 4
53 56 7
53 58 2
54 57 4
54 58 7
56 57 4
56 59 5
56 60 10
57 60 9
58 60 7
