85 1770
0 2 2842
0 3 8672
0 7 523
0 8 4227
0 12 5634
0 13 4017
0 18 6399
0 20 6531
0 21 9549
0 22 6967
0 23 6077
0 24 8618
0 25 4726
0 26 1032
0 28 8448
0 30 8514
0 31 6518
0 34 6688
0 36 2567
0 37 8247
0 38 6157
0 41 5249
0 43 6074
0 45 272
0 47 1961
0 48 1058
0 50 9065
0 53 1809
0 55 3515
0 57 3793
0 58 9372
0 59 5504
0 60 5792
0 61 9642
0 65 6535
0 68 7736
0 71 3087
0 74 4282
0 76 1542
0 77 3483
0 81 902
0 82 6234
1 3 1294
1 4 877
1 5 5612
1 7 7845
1 8 6550
1 10 4491
1 11 5818
1 12 6760
1 15 1014
1 19 2953
1 20 2796
1 24 3554
1 25 4327
1 27 3362
1 29 4060
1 34 1959
1 36 7431
1 37 5630
1 38 4124
1 39 6106
1 44 1323
1 46 7655
1 48 9706
1 51 7555
1 53 6241
1 55 2026
1 56 9202
1 58 6446
1 60 630
1 63 9504
1 64 6554
1 65 22
1 70 2773
1 71 1866
1 74 9884
1 75 854
1 77 5085
1 79 4610
1 80 1044
1 81 1098
1 82 3998
1 83 9933
1 84 9301
2 5 756
2 6 4390
2 8 716
2 9 5497
2 10 3111
2 12 7937
2 13 522
2 15 839
2 16 4237
2 21 6410
2 23 8999
2 24 2898
2 26 9019
2 29 6097
2 32 8960
2 33 2346
2 35 8385
2 37 4903
2 38 6714
2 40 7006
2 44 753
2 49 7517
2 55 2342
2 56 8603
2 57 7652
2 63 831
2 69 2455
2 70 1857
2 71 317
2 72 4766
2 75 4679
2 76 3258
2 78 8349
2 79 2404
2 80 9109
2 81 2195
2 82 7978
2 83 4565
2 84 6543
3 4 1099
3 7 6914
3 9 6758
3 10 6553
3 12 3796
3 13 7253
3 14 1478
3 15 4443
3 16 8430
3 17 8042
3 19 4845
3 22 1886
3 24 2763
3 28 5033
3 29 4894
3 30 1791
3 31 8374
3 36 2702
3 37 9574
3 38 5665
3 44 2313
3 46 2324
3 47 9005
3 49 5781
3 50 935
3 51 6573
3 54 5011
3 55 9987
3 58 963
3 60 7369
3 61 3288
3 62 4468
3 64 330
3 67 203
3 68 8325
3 72 3487
3 73 7846
3 74 3187
3 75 7164
3 76 4280
3 77 8752
3 78 6493
3 80 3780
4 5 1314
4 6 4553
4 7 5157
4 8 1380
4 9 280
4 13 8234
4 14 7437
4 16 9223
4 17 6404
4 22 2914
4 25 6056
4 26 9594
4 27 3733
4 29 4946
4 31 8890
4 34 9335
4 35 9606
4 36 9629
4 37 1427
4 38 9468
4 39 9347
4 42 947
4 44 3937
4 45 6017
4 46 848
4 47 7689
4 48 2934
4 50 2863
4 55 4725
4 57 1245
4 58 6662
4 59 3157
4 61 5004
4 64 6751
4 65 7016
4 66 2370
4 67 5888
4 69 3059
4 70 6610
4 73 534
4 75 262
4 77 2187
4 78 5784
4 79 8029
4 84 8782
5 6 3730
5 7 1533
5 8 7707
5 10 9
5 12 4837
5 21 987
5 24 7723
5 27 7434
5 28 9498
5 30 5795
5 31 1636
5 37 6329
5 39 5461
5 40 1436
5 42 298
5 43 4178
5 46 9860
5 48 7938
5 57 2915
5 59 3731
5 61 583
5 64 9625
5 66 9947
5 67 6605
5 68 1452
5 73 4697
5 75 6414
5 77 7086
5 78 3323
5 82 6437
5 83 1958
5 84 7075
6 11 4281
6 12 7035
6 13 5479
6 20 376
6 21 3676
6 24 3550
6 25 9205
6 26 5967
6 27 9620
6 28 1677
6 33 1367
6 34 528
6 35 9240
6 36 7534
6 37 2419
6 38 6878
6 39 7595
6 40 58
6 41 2405
6 42 415
6 43 4782
6 44 4822
6 45 9080
6 47 3888
6 48 1118
6 49 4436
6 51 7021
6 53 447
6 54 6557
6 56 8641
6 57 6166
6 60 4867
6 62 4099
6 65 4134
6 67 2678
6 69 9669
6 70 2503
6 72 8022
6 73 5715
6 74 5064
6 75 8208
6 77 4034
6 78 7712
6 81 5970
6 82 9440
6 83 3966
6 84 7676
7 8 1761
7 10 331
7 11 321
7 13 2776
7 18 2283
7 21 5437
7 22 4939
7 26 704
7 27 213
7 28 4144
7 31 1035
7 32 5422
7 33 409
7 34 6726
7 38 5691
7 41 45
7 42 7834
7 45 5558
7 46 7678
7 50 2596
7 52 7984
7 55 4744
7 59 8242
7 60 574
7 62 1926
7 65 5985
7 68 5825
7 70 4061
7 71 7816
7 72 9595
7 73 9392
7 74 1690
7 77 1743
7 81 3912
7 83 9245
8 11 9900
8 13 6421
8 17 8270
8 18 7610
8 19 2328
8 21 7976
8 22 1033
8 23 4002
8 28 1562
8 29 4321
8 30 8703
8 31 8778
8 36 4072
8 37 4251
8 39 5262
8 41 5381
8 42 1411
8 45 8319
8 46 4943
8 47 3389
8 48 2519
8 50 467
8 51 810
8 53 4688
8 54 4030
8 55 7821
8 57 1423
8 58 7263
8 59 498
8 62 7489
8 64 6717
8 66 2153
8 77 4641
8 82 2262
9 11 5243
9 12 5164
9 14 8860
9 18 2016
9 20 1508
9 23 5101
9 24 9413
9 25 8090
9 27 2560
9 30 2894
9 33 49
9 36 8798
9 38 6476
9 41 8472
9 43 5257
9 44 5696
9 48 531
9 51 9869
9 52 1486
9 53 9431
9 54 1458
9 57 2807
9 58 3967
9 63 9102
9 65 4566
9 67 5150
9 68 2318
9 70 9067
9 71 4283
9 72 8817
9 73 7032
9 76 5417
9 77 2447
9 78 6102
9 79 9157
9 80 2878
9 81 9218
9 82 2901
9 83 8102
10 12 2258
10 13 4113
10 14 7062
10 16 2157
10 18 79
10 19 5898
10 20 5864
10 21 9231
10 23 4410
10 25 9752
10 27 3021
10 28 515
10 31 2102
10 35 263
10 39 8895
10 42 87
10 44 9430
10 45 8392
10 47 4990
10 49 6045
10 50 429
10 51 474
10 52 6514
10 53 3425
10 54 7378
10 55 2281
10 56 9044
10 58 3238
10 59 1056
10 61 7909
10 62 1465
10 63 1893
10 64 1832
10 68 8009
10 69 9358
10 70 9996
10 72 9546
10 73 9217
10 74 8905
10 81 5392
10 84 2178
11 12 3280
11 13 922
11 14 5268
11 15 5717
11 17 9758
11 18 2555
11 19 6617
11 22 5322
11 25 260
11 28 3177
11 30 3525
11 31 9746
11 36 7535
11 37 2434
11 38 7177
11 41 5914
11 42 5539
11 43 7163
11 45 2810
11 50 2088
11 51 1626
11 52 7818
11 53 9020
11 55 8160
11 56 1432
11 57 6907
11 59 137
11 60 9486
11 61 8967
11 62 7528
11 63 3727
11 64 4665
11 65 406
11 66 4000
11 70 2485
11 71 348
11 73 8481
11 75 3575
11 77 7864
11 78 2528
11 83 3405
11 84 1239
12 15 4422
12 20 6251
12 21 1363
12 23 8237
12 24 2858
12 27 66
12 29 3052
12 34 2363
12 38 8658
12 46 5068
12 50 8364
12 52 9444
12 54 1325
12 55 4047
12 57 4451
12 59 5298
12 60 3387
12 66 6255
12 67 3842
12 72 250
12 73 136
12 75 1316
12 76 3954
12 78 440
12 81 983
12 82 5414
12 83 9948
12 84 2332
13 15 6341
13 19 6937
13 21 3368
13 22 5162
13 25 8918
13 28 2126
13 31 7273
13 35 9062
13 40 2241
13 42 4379
13 43 4262
13 44 7138
13 45 5667
13 46 2722
13 51 5570
13 53 9942
13 54 2071
13 55 7982
13 57 3227
13 58 7985
13 60 6321
13 62 9152
13 65 1225
13 67 1369
13 72 5054
13 73 8675
13 77 3141
13 80 3303
13 81 4335
13 83 8171
14 15 1022
14 18 4214
14 23 3019
14 26 9729
14 28 9095
14 29 4065
14 30 9523
14 31 3311
14 32 6813
14 37 8302
14 38 3333
14 40 6343
14 42 8008
14 43 621
14 46 3685
14 47 3884
14 49 4659
14 50 2250
14 51 4195
14 52 1973
14 53 8081
14 54 1683
14 56 9797
14 60 833
14 61 7887
14 62 8535
14 64 6176
14 65 7560
14 66 2336
14 67 8252
14 68 1336
14 69 8107
14 70 9443
14 71 1696
14 72 475
14 73 3136
14 75 2461
14 78 8971
14 79 5015
14 81 2590
15 18 4325
15 19 1831
15 22 5793
15 23 2602
15 24 2949
15 25 6362
15 29 9489
15 30 7650
15 33 2052
15 36 6015
15 37 9930
15 38 208
15 39 9410
15 40 3338
15 41 9054
15 42 5623
15 45 8176
15 46 9564
15 47 6735
15 48 3551
15 53 30
15 54 4585
15 57 3107
15 58 9352
15 61 5974
15 67 7338
15 69 1737
15 70 8001
15 71 2186
15 74 1435
15 75 9850
15 76 9090
15 78 8289
15 79 1908
15 80 9383
15 81 2652
15 82 2778
15 84 7971
16 17 4187
16 18 1008
16 20 4995
16 21 5711
16 24 5928
16 29 2880
16 30 6864
16 32 1985
16 34 7570
16 35 5482
16 41 8470
16 42 989
16 48 4465
16 49 7726
16 50 4254
16 52 2115
16 54 1777
16 56 3466
16 63 7238
16 64 6469
16 66 8280
16 67 8640
16 68 958
16 69 1944
16 72 634
16 73 3816
16 75 4622
16 76 6163
16 77 8370
16 78 7794
16 79 9131
16 80 1755
16 81 9986
16 83 3209
16 84 5893
17 18 2022
17 20 4812
17 21 8140
17 22 857
17 28 2717
17 29 2956
17 30 9710
17 31 7744
17 34 6313
17 36 6719
17 38 9179
17 40 8327
17 41 3572
17 45 4401
17 46 9484
17 47 643
17 50 7280
17 52 6144
17 54 4317
17 59 1024
17 60 8061
17 61 9866
17 63 6669
17 64 4148
17 66 4298
17 67 7879
17 70 9630
17 71 9833
17 72 5730
17 75 1689
17 76 3266
17 78 7377
17 79 3531
17 80 3095
17 81 6498
17 84 3000
18 19 7590
18 20 9760
18 25 1082
18 28 5969
18 29 8489
18 30 3958
18 33 2557
18 36 9763
18 37 2605
18 39 2696
18 40 8882
18 41 5279
18 42 5571
18 43 3724
18 49 8356
18 52 4542
18 53 8114
18 56 529
18 57 7228
18 58 5153
18 62 3162
18 63 3593
18 65 1087
18 66 1871
18 69 6922
18 71 8243
18 73 4696
18 75 909
18 76 4805
18 77 4337
18 78 5638
18 83 6379
18 84 9411
19 20 2173
19 21 8885
19 22 2494
19 24 5345
19 26 7711
19 29 70
19 31 7436
19 32 9992
19 35 8210
19 36 5326
19 42 3269
19 43 1771
19 44 1702
19 45 120
19 48 981
19 49 4274
19 53 8051
19 54 5181
19 57 1615
19 58 4370
19 61 7468
19 63 5636
19 66 4856
19 67 2125
19 70 277
19 71 6013
19 73 283
19 78 2369
19 79 8665
19 80 7581
19 82 7118
19 83 7679
19 84 71
20 21 5206
20 23 9643
20 24 2542
20 27 3110
20 28 1304
20 29 6697
20 32 3556
20 40 8016
20 41 5399
20 45 1489
20 49 9373
20 51 4021
20 54 3831
20 55 3438
20 56 8493
20 58 7117
20 60 1295
20 62 7480
20 63 7898
20 64 8923
20 66 445
20 69 84
20 70 7713
20 75 7840
20 76 3911
20 77 2987
20 78 6374
20 80 9198
20 83 7672
21 23 7387
21 25 6118
21 28 8868
21 29 3658
21 33 8307
21 34 6597
21 38 8988
21 39 7825
21 40 2980
21 41 1844
21 42 6231
21 43 2079
21 47 1446
21 48 2151
21 49 568
21 50 8775
21 55 9061
21 56 7944
21 59 3417
21 62 4240
21 63 2928
21 64 7602
21 67 5822
21 68 895
21 71 3644
21 76 3029
21 77 2464
21 78 4358
21 84 2684
22 23 7206
22 25 2372
22 26 4635
22 28 5659
22 29 4150
22 30 841
22 31 2475
22 35 9386
22 36 924
22 40 5511
22 41 9101
22 42 4747
22 43 6972
22 45 1605
22 48 1116
22 51 806
22 56 271
22 57 9795
22 58 2082
22 59 9494
22 60 9264
22 62 4710
22 64 7299
22 65 1916
22 68 2877
22 71 4081
22 72 8660
22 74 9327
22 75 2727
22 76 3142
22 78 3639
22 80 2642
22 81 5445
22 82 1018
22 83 1502
23 27 3616
23 29 2479
23 31 7348
23 32 3442
23 33 8571
23 35 3857
23 37 411
23 38 2129
23 40 5938
23 41 8585
23 42 2006
23 44 8473
23 45 6299
23 46 2608
23 47 5365
23 49 3887
23 50 3401
23 51 6382
23 53 1038
23 57 7804
23 58 4909
23 59 6693
23 60 5643
23 64 7616
23 67 54
23 68 259
23 69 166
23 71 725
23 73 3365
23 74 1879
23 75 8353
23 77 8222
23 79 3951
23 82 5768
23 84 6165
24 25 6504
24 27 7917
24 28 8216
24 30 6805
24 31 1537
24 33 1138
24 34 4844
24 36 5022
24 42 2994
24 45 2649
24 46 7600
24 47 7059
24 48 7475
24 52 4536
24 54 3168
24 55 9887
24 58 907
24 60 4138
24 61 4616
24 63 8743
24 66 9537
24 68 8166
24 72 862
24 74 5577
24 78 8141
24 79 9084
24 80 3539
24 82 9684
24 83 7001
24 84 9852
25 26 4235
25 27 1703
25 29 8954
25 31 2537
25 33 1676
25 35 4272
25 36 7472
25 37 4832
25 40 6898
25 41 3615
25 42 3784
25 45 8629
25 47 5566
25 48 9740
25 53 1226
25 54 5994
25 55 6746
25 56 2116
25 59 7237
25 63 3746
25 65 8376
25 67 1821
25 73 7933
25 78 228
25 79 5563
25 80 5523
25 81 9057
25 82 7135
25 83 8858
25 84 5300
26 29 8490
26 30 5020
26 33 9339
26 34 5307
26 35 7152
26 37 8951
26 39 553
26 41 8401
26 42 9328
26 45 1880
26 46 7563
26 49 7061
26 51 7657
26 53 4849
26 56 927
26 58 2983
26 60 1645
26 61 8041
26 66 5988
26 68 62
26 71 399
26 73 5050
26 75 5306
26 77 6098
26 78 3151
26 79 9228
26 80 9665
26 81 649
26 83 1448
26 84 4145
27 28 389
27 30 4676
27 34 7885
27 35 4719
27 36 9690
27 37 5794
27 40 5401
27 41 4291
27 42 6419
27 43 4833
27 45 6250
27 46 5549
27 50 7706
27 53 9110
27 54 7788
27 55 5347
27 56 4183
27 61 975
27 62 5301
27 64 8474
27 65 8125
27 67 365
27 69 6998
27 70 5315
27 71 8337
27 72 6011
27 74 1036
27 75 4637
27 80 5551
27 83 9233
28 30 5104
28 33 8468
28 34 9077
28 36 6101
28 37 7786
28 38 5159
28 41 1438
28 43 2663
28 44 3895
28 45 2471
28 48 4019
28 51 7803
28 53 6001
28 56 8069
28 59 4690
28 61 4010
28 62 5686
28 63 3691
28 66 3561
28 67 2876
28 69 719
28 75 3929
28 80 546
28 81 4951
28 84 3044
29 32 4971
29 38 7481
29 39 2387
29 42 4772
29 43 7144
29 44 105
29 45 7521
29 53 6111
29 54 5856
29 55 9222
29 59 6119
29 60 3834
29 62 2409
29 69 5710
29 73 5645
29 77 9013
29 78 4228
29 79 7078
29 80 1564
29 81 8902
29 82 956
29 83 6048
30 32 2905
30 33 761
30 36 7902
30 37 9275
30 38 9304
30 40 7796
30 44 8332
30 49 3412
30 51 5980
30 53 6982
30 54 3509
30 55 9419
30 59 905
30 60 3791
30 62 7386
30 63 473
30 64 7575
30 65 3938
30 68 4278
30 69 5572
30 70 5449
30 71 1624
30 75 1230
30 76 6601
30 78 4737
30 79 4233
30 80 3711
30 83 4225
30 84 3235
31 32 1801
31 36 3953
31 39 6741
31 43 5383
31 44 700
31 45 6990
31 46 840
31 49 7470
31 50 4957
31 51 1933
31 54 9818
31 56 7254
31 57 3034
31 58 9950
31 59 5705
31 65 267
31 67 5810
31 70 8054
31 72 3257
31 74 3761
31 76 5348
31 78 3548
31 79 2096
31 80 7666
31 82 1787
31 84 3199
32 36 6051
32 37 9912
32 40 2923
32 43 626
32 47 3745
32 50 5632
32 52 1302
32 54 7381
32 55 128
32 58 8439
32 61 5282
32 63 2582
32 68 8241
32 69 1982
32 79 7028
32 81 9462
32 82 7183
32 84 9993
33 34 4398
33 35 7495
33 37 532
33 38 714
33 41 2936
33 42 6412
33 45 9343
33 46 9935
33 48 6841
33 49 8924
33 50 185
33 52 8963
33 54 3173
33 56 7178
33 58 6300
33 61 3131
33 65 7257
33 66 9674
33 67 3495
33 68 4853
33 70 2593
33 71 586
33 72 3281
33 74 3171
33 75 4963
33 80 5586
33 81 9260
33 84 4694
34 35 1469
34 37 1853
34 40 3268
34 46 4801
34 48 567
34 55 7018
34 57 4510
34 60 3278
34 61 110
34 62 6870
34 63 1081
34 65 3533
34 67 9747
34 68 9538
34 70 3995
34 75 5225
34 79 8896
34 82 8638
34 83 8255
34 84 442
35 37 3315
35 39 7540
35 40 2574
35 46 4033
35 49 9402
35 50 324
35 51 5256
35 52 619
35 54 7209
35 55 3124
35 56 3872
35 59 6031
35 62 1986
35 64 9714
35 65 3540
35 67 4784
35 68 2238
35 69 7081
35 70 2428
35 77 1724
35 79 4218
35 80 6970
35 81 4141
36 37 471
36 39 2118
36 41 10
36 43 6243
36 44 6993
36 45 505
36 53 4128
36 54 4508
36 55 3245
36 59 2302
36 60 7004
36 64 1313
36 65 7718
36 67 8459
36 69 2396
36 70 6737
36 71 9033
36 74 1727
36 76 341
36 77 7022
36 80 9817
36 81 4071
36 83 4391
36 84 4102
37 40 2612
37 44 1437
37 49 7224
37 51 3145
37 53 1591
37 54 2458
37 58 2499
37 61 3084
37 67 6598
37 68 109
37 71 953
37 72 5912
37 73 976
37 80 6256
37 82 7459
37 83 4978
38 39 640
38 43 2498
38 45 5080
38 46 8494
38 47 8303
38 49 3528
38 50 1016
38 52 7469
38 56 4440
38 58 8225
38 59 2093
38 60 6247
38 61 3859
38 64 9015
38 65 198
38 67 6242
38 68 4219
38 69 7513
38 71 8062
38 72 1963
38 73 2847
38 74 807
38 78 147
38 79 2254
38 82 9794
39 40 1790
39 43 9779
39 48 9164
39 50 7173
39 52 1063
39 57 8063
39 59 6863
39 60 3971
39 61 4224
39 62 5515
39 64 2472
39 66 897
39 69 7714
39 70 4339
39 72 7093
39 74 1842
39 75 8929
39 76 5839
39 77 9590
39 79 8788
39 80 6938
39 82 750
39 83 4642
39 84 4118
40 42 3864
40 45 8690
40 48 1217
40 52 6043
40 55 7695
40 56 7967
40 57 7295
40 58 6873
40 61 6999
40 64 8073
40 66 9025
40 67 7599
40 68 1451
40 70 6700
40 71 2338
40 72 9698
40 73 2039
40 75 6014
40 76 3415
40 77 3364
40 81 7036
40 82 5321
41 42 3675
41 43 9332
41 45 9317
41 46 3085
41 48 5863
41 49 3490
41 50 5854
41 52 6295
41 54 1920
41 55 390
41 56 1948
41 57 7311
41 58 4121
41 60 1586
41 63 1834
41 64 69
41 65 4168
41 66 1913
41 72 7501
41 73 527
41 75 4854
41 76 3086
41 77 9593
41 78 6847
41 81 6263
41 84 8103
42 43 8380
42 46 3139
42 49 7189
42 52 9361
42 53 6290
42 55 591
42 56 642
42 58 5283
42 59 2285
42 62 2236
42 64 3694
42 65 9663
42 66 9214
42 67 990
42 70 201
42 74 8524
42 77 6564
42 78 951
42 79 9973
42 80 2347
42 81 4885
42 82 7270
42 84 6320
43 45 6307
43 48 6731
43 49 3754
43 50 8978
43 51 8477
43 52 4140
43 55 4564
43 56 5626
43 61 5260
43 62 1960
43 63 6848
43 65 8558
43 66 9336
43 67 4617
43 69 127
43 71 8174
43 72 437
43 74 5605
43 75 759
43 76 5918
43 77 4878
43 81 6474
44 45 1023
44 51 9466
44 52 3374
44 57 3762
44 60 2664
44 61 7764
44 64 6632
44 65 7968
44 69 8030
44 70 9227
44 72 8491
44 74 113
45 49 1644
45 52 9369
45 58 4188
45 60 382
45 61 517
45 62 4671
45 64 5406
45 67 7927
45 70 1705
45 71 2406
45 72 1291
45 74 489
45 76 882
45 78 6654
45 80 1123
45 82 5044
46 55 279
46 56 9308
46 61 8245
46 66 4175
46 67 5956
46 69 2028
46 70 8613
46 72 3992
46 73 3053
46 75 3862
46 77 4614
46 79 1378
46 81 98
46 82 159
46 84 1178
47 50 3017
47 54 6308
47 59 1324
47 61 5062
47 65 397
47 66 6964
47 71 9981
47 74 1731
47 75 3766
47 76 9598
47 77 3146
47 81 2784
47 82 4100
47 83 4831
48 51 5170
48 52 1631
48 53 1977
48 55 8075
48 57 7913
48 61 3700
48 62 1516
48 63 9004
48 64 9141
48 67 4115
48 68 2638
48 69 6707
48 71 5261
48 73 245
48 74 2271
48 77 461
48 81 5244
48 82 3395
48 83 8131
49 50 4793
49 51 8185
49 52 4953
49 57 8078
49 58 1514
49 59 7300
49 60 5879
49 62 5275
49 68 316
49 69 7261
49 70 2426
49 71 6852
49 72 464
49 73 1205
49 76 9863
49 77 6033
49 79 7539
50 52 7970
50 53 8393
50 54 3854
50 57 7448
50 59 680
50 61 3843
50 63 1141
50 64 4111
50 65 3985
50 66 5337
50 67 5895
50 71 2592
50 74 8684
50 76 7815
50 77 6927
50 80 9578
50 82 5302
50 83 2623
50 84 3984
51 52 3217
51 53 2644
51 55 1781
51 58 2783
51 59 455
51 60 5340
51 61 5495
51 70 2407
51 71 8425
51 72 8149
51 74 9487
51 76 6507
51 78 9579
51 82 2515
51 83 8088
51 84 6991
52 53 9974
52 54 3508
52 55 5581
52 58 1556
52 64 9182
52 65 9183
52 66 1756
52 70 326
52 72 4432
52 73 7342
52 74 4537
52 77 9134
52 78 2327
52 79 5978
52 80 227
52 81 3318
52 83 1158
53 55 1171
53 58 9453
53 61 6486
53 63 7635
53 65 4406
53 70 9185
53 73 8108
53 74 8265
53 75 6954
53 76 2641
53 79 1910
53 80 4338
53 81 9086
53 82 2300
54 55 3478
54 60 2685
54 61 102
54 62 2951
54 68 7582
54 70 1470
54 71 5328
54 73 1189
54 76 26
54 77 391
54 79 926
54 81 9730
54 82 9843
54 84 9886
55 56 5025
55 59 1505
55 63 600
55 65 3379
55 66 701
55 67 7060
55 69 6893
55 71 3125
55 72 1974
55 74 797
55 75 3570
55 76 2981
55 78 350
55 81 1693
55 82 402
55 83 4807
56 57 4967
56 58 7211
56 61 3437
56 64 7473
56 66 2903
56 67 6611
56 71 4623
56 72 2806
56 73 3122
56 74 1326
56 75 7401
56 76 1127
56 77 1887
56 80 1901
56 81 7416
56 82 4761
56 83 1978
56 84 6722
57 58 5828
57 60 6020
57 70 9331
57 72 2311
57 75 6652
57 79 6444
57 80 3936
57 81 1329
57 83 1836
57 84 7230
58 59 129
58 60 8002
58 62 3463
58 64 2064
58 65 1214
58 66 8119
58 69 8372
58 71 3272
58 72 7974
58 73 5493
58 75 9078
58 77 7648
58 80 2086
58 81 8505
58 82 585
58 84 6418
59 61 556
59 62 7215
59 66 4340
59 67 1934
59 69 5209
59 71 901
59 73 493
59 75 8891
59 76 3130
59 77 7146
59 78 3428
59 82 5122
60 61 5093
60 63 2198
60 69 3688
60 71 9069
60 72 9495
60 73 954
60 74 7964
60 76 4226
60 78 8386
60 80 3230
60 82 8072
60 84 5024
61 62 2968
61 63 9615
61 67 6817
61 69 8224
61 70 886
61 76 2490
61 78 8591
61 80 5925
61 81 8445
61 82 8892
61 83 5596
61 84 4852
62 63 3485
62 69 5814
62 71 4123
62 73 8058
62 75 906
62 76 6153
62 78 3256
62 79 5599
62 80 9810
62 81 1403
62 82 7483
62 83 2257
63 69 9645
63 71 7471
63 73 3454
63 75 8553
63 76 1353
63 77 1003
63 78 999
63 79 5114
63 80 865
63 81 27
64 66 1232
64 69 9880
64 72 6447
64 73 593
64 78 5567
64 79 3214
64 80 5063
64 81 5176
64 82 6659
64 84 5907
65 67 2845
65 70 8729
65 71 4309
65 73 8547
65 76 8820
65 78 8602
65 80 3492
65 83 3956
66 69 4666
66 71 333
66 72 1456
66 73 3981
66 74 7653
66 75 8523
66 76 6902
66 77 9600
66 79 167
66 82 6306
66 83 135
67 70 8354
67 71 7722
67 74 204
67 75 7504
67 76 3426
67 77 8722
67 78 9781
67 79 8749
67 80 677
67 81 6724
67 82 9076
67 83 678
68 72 1467
68 73 1924
68 76 8801
68 79 2156
68 83 5726
69 70 5167
69 72 6574
69 76 1669
69 77 9764
69 79 1546
69 81 4760
69 82 4446
69 84 6826
70 71 8082
70 73 8435
70 74 2603
70 76 4420
70 79 4543
70 80 8402
70 82 1229
70 83 1694
71 74 6480
71 77 9802
71 81 5000
71 83 7855
71 84 7250
72 73 8663
72 75 777
72 76 5227
72 77 6323
72 78 8070
72 80 7623
72 82 7948
72 83 9649
73 74 4361
73 78 134
73 79 8583
73 83 5536
73 84 7787
74 75 9672
74 76 9232
74 79 5878
74 81 5411
74 82 9899
74 83 2932
75 77 9765
75 82 6100
76 78 4028
76 81 2252
76 82 5488
76 84 5459
77 78 7064
77 80 9022
77 81 8831
78 81 9274
78 82 4073
79 80 5371
79 84 7841
80 82 5514
80 83 8123
81 84 8662
82 84 6491
