86 1866
0 3 5
0 4 2
0 8 5
0 10 4
0 11 9
0 14 2
0 15 5
0 16 10
0 17 3
0 18 6
0 19 10
0 20 6
0 21 3
0 22 3
0 24 3
0 29 6
0 30 4
0 31 7
0 37 2
0 40 6
0 41 2
0 43 10
0 45 6
0 49 9
0 50 2
0 51 9
0 54 5
0 55 10
0 56 9
0 59 8
0 61 7
0 62 1
0 64 7
0 65 9
0 67 4
0 69 9
0 70 9
0 75 1
0 77 10
0 80 4
0 82 9
0 83 8
0 84 3
0 85 3
1 2 7
1 5 8
1 6 3
1 8 9
1 9 3
1 10 6
1 12 8
1 14 1
1 15 7
1 17 4
1 19 5
1 21 4
1 23 5
1 25 1
1 26 5
1 27 7
1 28 3
1 29 1
1 32 9
1 33 5
1 35 5
1 36 3
1 37 5
1 47 8
1 49 9
1 50 8
1 51 4
1 52 5
1 53 4
1 57 5
1 61 10
1 62 8
1 66 6
1 67 1
1 68 3
1 73 8
1 75 2
1 76 3
1 77 3
1 78 7
1 79 10
1 83 5
1 84 10
1 85 3
2 3 8
2 4 9
2 7 5
2 9 5
2 11 8
2 12 7
2 13 7
2 16 3
2 17 3
2 18 7
2 19 9
2 20 6
2 22 4
2 23 6
2 24 4
2 25 10
2 26 5
2 27 6
2 29 4
2 31 9
2 36 8
2 38 10
2 40 1
2 42 7
2 44 1
2 45 2
2 47 9
2 49 10
2 52 4
2 53 5
2 54 3
2 55 6
2 56 8
2 57 7
2 60 7
2 65 6
2 68 2
2 69 6
2 73 7
2 75 4
2 76 1
2 79 5
2 80 2
2 82 3
2 83 2
2 84 9
2 85 5
3 6 4
3 7 3
3 9 4
3 11 4
3 14 1
3 15 1
3 17 9
3 23 3
3 24 7
3 25 8
3 26 4
3 27 4
3 29 10
3 30 9
3 32 10
3 35 4
3 36 1
3 38 7
3 40 10
3 41 2
3 46 9
3 50 7
3 51 1
3 52 5
3 53 10
3 55 10
3 56 6
3 57 8
3 58 3
3 59 10
3 60 3
3 64 2
3 65 7
3 67 9
3 68 9
3 70 9
3 71 2
3 73 5
3 74 9
3 77 5
3 79 7
3 83 3
3 84 9
4 8 9
4 10 2
4 12 10
4 15 5
4 16 7
4 18 6
4 19 7
4 21 1
4 22 1
4 24 1
4 27 6
4 31 6
4 32 6
4 35 8
4 37 8
4 39 9
4 40 2
4 44 9
4 45 8
4 46 1
4 48 6
4 50 3
4 52 5
4 54 8
4 55 4
4 56 9
4 58 6
4 59 6
4 60 10
4 62 6
4 72 8
4 73 9
4 75 6
4 78 8
4 79 9
4 80 1
4 81 7
4 82 7
4 85 1
5 6 8
5 7 7
5 8 1
5 12 9
5 15 6
5 17 10
5 18 5
5 21 2
5 23 5
5 25 1
5 30 4
5 31 10
5 32 7
5 33 1
5 36 9
5 37 2
5 38 3
5 40 9
5 41 9
5 42 4
5 43 6
5 44 7
5 47 3
5 51 2
5 52 7
5 54 6
5 55 9
5 59 10
5 60 1
5 61 5
5 62 3
5 63 2
5 64 7
5 69 8
5 70 4
5 71 10
5 73 9
5 75 5
5 76 4
5 78 2
5 79 3
5 83 6
5 85 10
6 7 2
6 8 8
6 9 10
6 11 1
6 12 6
6 13 4
6 14 7
6 15 5
6 17 6
6 21 1
6 22 4
6 25 1
6 26 2
6 27 1
6 28 2
6 29 1
6 31 4
6 33 9
6 34 3
6 36 1
6 40 7
6 41 5
6 42 4
6 43 6
6 44 3
6 45 9
6 47 9
6 51 3
6 52 10
6 53 5
6 54 3
6 56 3
6 57 6
6 59 6
6 60 6
6 64 9
6 65 8
6 67 8
6 68 9
6 69 1
6 71 2
6 72 1
6 75 1
6 76 3
6 77 1
6 78 7
6 79 10
6 81 5
6 83 4
6 85 4
7 8 7
7 9 1
7 10 10
7 12 1
7 13 6
7 15 7
7 16 6
7 17 6
7 18 3
7 20 2
7 21 3
7 22 6
7 23 9
7 27 1
7 28 4
7 31 7
7 32 10
7 33 8
7 35 1
7 39 1
7 43 3
7 46 8
7 47 8
7 48 3
7 51 5
7 52 10
7 53 7
7 54 2
7 55 8
7 56 8
7 59 1
7 61 6
7 63 2
7 64 9
7 67 7
7 68 9
7 71 10
7 74 8
7 79 8
7 81 3
7 84 2
7 85 1
8 9 9
8 14 3
8 18 3
8 19 10
8 21 3
8 24 5
8 25 10
8 27 3
8 28 1
8 31 10
8 33 1
8 34 9
8 37 3
8 40 7
8 43 2
8 44 7
8 45 6
8 51 5
8 52 7
8 54 4
8 57 4
8 62 2
8 64 4
8 66 1
8 68 4
8 69 7
8 70 3
8 72 7
8 73 3
8 74 4
8 75 7
8 79 5
8 80 3
8 81 7
8 84 9
9 10 2
9 11 6
9 12 7
9 17 5
9 18 6
9 19 10
9 20 1
9 21 6
9 23 3
9 28 7
9 29 10
9 30 8
9 32 5
9 40 7
9 43 6
9 44 7
9 45 10
9 46 10
9 48 3
9 49 8
9 50 10
9 51 1
9 54 10
9 58 9
9 59 2
9 61 10
9 68 5
9 69 3
9 70 9
9 71 3
9 72 1
9 76 2
9 77 3
9 78 10
9 82 6
9 83 6
9 85 2
10 14 2
10 15 10
10 18 6
10 22 7
10 23 4
10 25 4
10 26 9
10 27 3
10 29 6
10 32 5
10 37 3
10 38 5
10 40 10
10 42 10
10 44 8
10 46 4
10 51 3
10 54 4
10 55 10
10 56 8
10 58 3
10 60 10
10 63 1
10 64 7
10 65 6
10 68 9
10 69 8
10 70 6
10 79 8
10 80 10
10 81 5
10 82 7
10 84 10
10 85 5
11 13 10
11 14 4
11 16 7
11 17 9
11 18 6
11 20 8
11 24 4
11 26 7
11 28 9
11 29 9
11 30 7
11 31 3
11 33 4
11 35 7
11 39 1
11 42 6
11 43 7
11 45 2
11 46 9
11 50 6
11 54 1
11 56 5
11 58 10
11 59 9
11 61 10
11 62 6
11 66 6
11 68 9
11 69 7
11 71 7
11 75 6
11 76 1
11 77 8
11 81 5
11 85 1
12 13 10
12 14 9
12 16 6
12 17 9
12 22 10
12 23 9
12 25 6
12 29 4
12 30 10
12 31 1
12 39 7
12 40 7
12 41 10
12 42 10
12 43 5
12 45 4
12 47 10
12 50 5
12 51 1
12 52 4
12 54 3
12 55 4
12 56 1
12 58 8
12 59 5
12 61 8
12 65 9
12 68 7
12 71 2
12 75 5
12 81 8
12 82 2
13 15 6
13 16 4
13 19 10
13 20 7
13 22 6
13 25 3
13 26 10
13 27 2
13 29 5
13 30 7
13 31 9
13 32 9
13 33 9
13 36 1
13 38 2
13 39 10
13 44 1
13 45 7
13 47 3
13 48 8
13 49 9
13 50 4
13 53 8
13 54 8
13 57 1
13 58 9
13 60 5
13 62 3
13 63 4
13 67 7
13 68 1
13 69 6
13 73 3
13 75 5
13 76 8
13 77 6
13 84 4
13 85 1
14 15 9
14 16 7
14 18 4
14 19 4
14 20 8
14 22 4
14 24 5
14 26 9
14 32 2
14 34 9
14 36 5
14 37 10
14 38 10
14 39 3
14 42 10
14 45 1
14 46 5
14 47 5
14 48 9
14 50 1
14 51 7
14 52 6
14 53 6
14 54 2
14 56 3
14 57 10
14 61 4
14 63 4
14 66 4
14 67 4
14 68 6
14 72 4
14 73 2
14 74 10
14 75 10
14 76 10
14 77 4
14 78 8
14 79 10
14 83 1
15 19 4
15 24 6
15 25 8
15 31 9
15 32 9
15 33 4
15 35 6
15 36 1
15 40 8
15 41 2
15 42 1
15 46 3
15 47 4
15 53 1
15 54 4
15 55 4
15 56 8
15 57 8
15 61 9
15 62 1
15 63 1
15 64 4
15 65 5
15 75 3
15 76 5
15 77 3
15 80 6
15 81 4
15 84 2
15 85 1
16 18 7
16 20 2
16 21 6
16 23 10
16 31 7
16 32 4
16 34 9
16 37 3
16 39 9
16 40 9
16 41 4
16 42 10
16 44 10
16 47 7
16 49 7
16 50 2
16 54 3
16 56 3
16 57 2
16 58 2
16 59 5
16 63 5
16 66 1
16 67 2
16 68 10
16 70 6
16 71 4
16 72 7
16 74 2
16 75 9
16 76 2
16 78 9
16 82 10
16 84 10
17 21 8
17 23 9
17 24 7
17 27 4
17 28 8
17 29 4
17 30 3
17 33 2
17 35 1
17 38 8
17 40 9
17 42 10
17 43 4
17 45 1
17 47 2
17 50 3
17 54 8
17 56 1
17 57 2
17 58 10
17 59 2
17 62 5
17 63 8
17 64 10
17 65 8
17 67 2
17 68 3
17 69 7
17 70 7
17 71 1
17 72 7
17 75 8
17 77 7
17 78 7
17 79 10
17 80 7
17 81 2
18 21 5
18 25 1
18 26 6
18 28 8
18 29 1
18 31 2
18 32 3
18 33 2
18 34 8
18 35 5
18 36 7
18 37 3
18 42 1
18 45 5
18 46 5
18 48 6
18 50 1
18 52 1
18 55 10
18 59 4
18 61 5
18 62 3
18 64 8
18 65 8
18 67 8
18 68 2
18 69 3
18 74 1
18 75 2
18 76 8
18 77 5
18 78 10
18 79 8
18 80 5
18 81 2
18 83 6
18 85 9
19 22 3
19 25 1
19 26 10
19 31 7
19 34 10
19 37 8
19 39 2
19 40 6
19 41 10
19 45 5
19 50 1
19 55 6
19 56 3
19 58 1
19 59 8
19 60 6
19 63 1
19 65 4
19 66 4
19 71 4
19 76 1
19 77 2
19 78 10
19 79 3
19 80 6
19 82 1
19 84 7
20 21 6
20 22 1
20 23 4
20 24 1
20 25 5
20 26 10
20 29 2
20 31 1
20 33 3
20 34 6
20 35 2
20 36 6
20 37 6
20 39 5
20 41 3
20 42 3
20 45 1
20 46 6
20 47 1
20 48 8
20 49 9
20 50 9
20 51 6
20 53 9
20 55 9
20 59 5
20 60 5
20 62 8
20 63 9
20 67 4
20 68 3
20 71 10
20 74 10
20 78 2
20 80 10
20 81 10
20 82 6
20 83 6
20 85 2
21 22 7
21 23 10
21 24 6
21 27 7
21 30 8
21 35 3
21 36 2
21 38 4
21 39 7
21 41 9
21 43 9
21 48 8
21 49 1
21 50 9
21 51 6
21 53 9
21 56 6
21 58 5
21 63 1
21 66 7
21 67 6
21 69 6
21 71 3
21 74 1
21 81 1
21 84 1
22 23 9
22 25 1
22 27 2
22 29 1
22 30 4
22 33 1
22 35 7
22 36 7
22 38 9
22 39 7
22 40 5
22 41 1
22 43 5
22 44 1
22 46 9
22 47 3
22 50 6
22 52 9
22 53 7
22 55 9
22 56 10
22 57 9
22 59 1
22 63 10
22 65 7
22 66 10
22 67 8
22 69 3
22 70 10
22 71 5
22 74 10
22 83 6
23 27 6
23 28 7
23 31 9
23 35 9
23 39 9
23 41 2
23 43 2
23 44 2
23 45 6
23 47 8
23 52 9
23 53 5
23 54 4
23 56 1
23 57 4
23 59 10
23 62 4
23 64 10
23 65 10
23 68 3
23 69 8
23 71 4
23 74 6
23 75 3
23 78 8
23 80 3
23 81 6
23 83 7
23 84 9
23 85 2
24 27 8
24 31 3
24 32 3
24 33 8
24 34 6
24 35 3
24 36 1
24 38 3
24 39 6
24 41 8
24 42 8
24 44 2
24 45 4
24 48 1
24 52 4
24 54 7
24 55 6
24 56 5
24 59 5
24 60 7
24 61 4
24 62 4
24 63 9
24 64 2
24 66 8
24 67 10
24 68 1
24 70 6
24 71 4
24 72 9
24 76 1
24 78 8
24 81 7
25 29 6
25 35 2
25 36 2
25 38 2
25 43 4
25 44 10
25 45 5
25 46 1
25 50 10
25 51 2
25 55 3
25 56 1
25 61 6
25 63 9
25 64 9
25 65 4
25 67 6
25 68 5
25 69 1
25 72 4
25 75 2
25 77 6
25 78 9
25 79 4
25 80 10
25 83 9
25 85 7
26 29 2
26 35 5
26 37 4
26 38 3
26 39 9
26 44 10
26 45 9
26 47 3
26 48 3
26 49 10
26 51 4
26 52 8
26 53 10
26 54 7
26 55 2
26 60 6
26 64 1
26 65 4
26 67 7
26 69 9
26 73 7
26 76 6
26 78 1
26 79 7
26 80 1
26 82 2
26 84 3
26 85 4
27 28 1
27 29 2
27 31 2
27 34 4
27 35 4
27 36 4
27 37 2
27 38 6
27 42 10
27 43 9
27 45 4
27 53 9
27 54 3
27 58 10
27 61 2
27 62 3
27 64 1
27 65 1
27 66 8
27 68 6
27 69 10
27 70 2
27 71 7
27 72 6
27 74 4
27 75 8
27 76 9
27 81 9
27 82 9
27 83 9
27 84 2
27 85 5
28 30 9
28 33 1
28 34 8
28 37 10
28 41 10
28 44 3
28 45 6
28 46 1
28 48 3
28 49 3
28 52 7
28 55 2
28 57 1
28 59 10
28 61 7
28 62 4
28 64 10
28 68 6
28 73 5
28 79 4
28 80 1
28 82 2
28 83 3
28 84 4
28 85 6
29 31 2
29 32 2
29 33 7
29 36 1
29 37 7
29 38 9
29 39 4
29 41 7
29 42 7
29 46 5
29 49 4
29 50 1
29 51 5
29 55 3
29 58 3
29 61 7
29 71 6
29 72 5
29 75 7
29 76 9
29 81 4
29 83 8
29 85 10
30 32 10
30 33 5
30 35 2
30 37 2
30 40 5
30 47 10
30 51 4
30 52 7
30 53 8
30 54 8
30 55 1
30 58 4
30 59 9
30 60 3
30 62 1
30 63 4
30 64 9
30 65 2
30 66 7
30 77 10
30 78 10
30 79 6
30 80 10
30 82 10
30 83 1
30 85 5
31 32 1
31 34 10
31 35 5
31 38 6
31 41 1
31 42 1
31 43 2
31 44 8
31 45 6
31 46 1
31 47 9
31 48 7
31 49 8
31 50 5
31 53 7
31 55 8
31 57 2
31 59 3
31 60 2
31 63 6
31 67 5
31 69 5
31 74 9
31 81 4
31 82 3
32 37 6
32 38 7
32 40 10
32 41 7
32 42 5
32 43 4
32 44 3
32 45 6
32 46 3
32 47 10
32 48 2
32 50 9
32 51 8
32 54 3
32 57 7
32 58 3
32 59 2
32 60 10
32 61 7
32 63 4
32 65 3
32 66 8
32 71 10
32 76 6
32 78 10
32 79 7
32 80 3
32 84 6
33 34 4
33 35 5
33 36 1
33 39 1
33 44 2
33 46 9
33 47 2
33 49 5
33 51 10
33 54 10
33 56 4
33 59 4
33 60 9
33 61 10
33 63 9
33 67 2
33 68 10
33 69 2
33 72 8
33 73 4
33 75 1
33 76 7
33 78 4
33 79 1
33 80 9
33 83 3
33 85 4
34 38 2
34 43 9
34 44 3
34 45 1
34 46 10
34 48 9
34 51 7
34 52 4
34 53 9
34 54 10
34 55 2
34 57 5
34 59 8
34 61 8
34 62 8
34 63 10
34 64 10
34 65 9
34 66 4
34 67 3
34 68 5
34 71 6
34 72 3
34 73 7
34 76 7
34 77 3
34 78 4
34 79 4
34 80 3
34 82 3
34 84 9
34 85 5
35 36 3
35 37 7
35 40 9
35 43 7
35 50 1
35 51 2
35 53 5
35 54 10
35 56 5
35 57 8
35 60 10
35 61 5
35 67 10
35 68 1
35 69 1
35 70 10
35 74 3
35 77 8
35 79 4
35 82 8
35 83 2
35 84 4
35 85 3
36 37 6
36 39 5
36 40 4
36 41 1
36 44 6
36 45 9
36 47 2
36 48 1
36 49 8
36 52 1
36 56 7
36 58 6
36 59 4
36 60 1
36 65 9
36 72 3
36 74 1
36 75 6
36 76 4
36 78 2
36 80 5
36 81 1
37 38 2
37 39 2
37 40 8
37 42 5
37 44 5
37 45 1
37 47 8
37 48 1
37 50 3
37 54 6
37 58 1
37 62 8
37 63 4
37 65 10
37 66 6
37 67 3
37 71 6
37 72 6
37 79 8
37 80 10
37 85 2
38 43 5
38 44 1
38 46 10
38 47 1
38 49 2
38 51 10
38 52 8
38 55 6
38 56 8
38 61 1
38 62 6
38 66 8
38 67 6
38 68 8
38 69 10
38 70 4
38 71 1
38 73 8
38 75 5
38 76 1
38 77 1
38 79 2
38 81 6
38 82 4
38 84 6
39 40 3
39 45 4
39 46 8
39 49 3
39 50 3
39 51 3
39 52 10
39 56 4
39 57 1
39 58 6
39 61 3
39 65 8
39 66 10
39 69 6
39 71 8
39 73 1
39 76 7
39 78 8
39 79 6
39 81 7
39 82 1
39 83 9
39 85 9
40 42 4
40 43 9
40 47 2
40 55 10
40 59 2
40 61 10
40 64 5
40 67 5
40 68 2
40 69 4
40 71 2
40 74 2
40 75 8
40 79 2
40 80 4
40 81 1
40 85 8
41 42 5
41 43 5
41 44 1
41 47 7
41 49 7
41 51 4
41 55 3
41 57 8
41 58 2
41 59 2
41 60 6
41 62 1
41 63 5
41 65 9
41 66 9
41 67 7
41 68 2
41 70 1
41 71 10
41 72 5
41 73 6
41 76 10
41 77 6
41 83 10
41 84 2
42 43 4
42 44 10
42 55 8
42 57 7
42 60 1
42 62 2
42 66 5
42 67 4
42 70 6
42 71 5
42 73 6
42 74 1
42 76 7
42 82 4
42 83 7
42 84 1
43 44 5
43 50 2
43 52 7
43 54 10
43 57 5
43 59 10
43 65 4
43 66 3
43 67 7
43 70 4
43 71 3
43 72 5
43 73 7
43 74 10
43 77 8
43 80 8
43 81 4
43 82 6
43 84 5
44 45 4
44 52 3
44 53 4
44 55 1
44 56 7
44 60 1
44 62 2
44 63 1
44 64 10
44 65 8
44 67 3
44 69 3
44 71 10
44 74 2
44 75 9
44 78 10
44 79 2
44 83 6
44 85 5
45 46 9
45 49 6
45 50 6
45 53 1
45 56 1
45 58 2
45 59 7
45 61 1
45 62 10
45 63 10
45 64 9
45 65 3
45 67 2
45 69 5
45 70 7
45 73 8
45 77 4
45 78 9
45 79 3
45 80 2
45 81 7
45 82 3
45 83 4
45 84 4
46 47 7
46 49 10
46 50 2
46 52 2
46 53 4
46 57 2
46 60 5
46 61 2
46 62 4
46 68 3
46 69 8
46 70 7
46 71 2
46 72 5
46 73 10
46 74 3
46 75 7
46 77 1
46 78 4
46 79 5
46 80 3
46 81 6
46 85 10
47 50 10
47 51 1
47 52 4
47 55 2
47 58 7
47 61 5
47 62 7
47 63 9
47 66 10
47 67 2
47 68 7
47 69 3
47 72 10
47 73 8
47 78 8
47 79 10
47 80 7
47 82 2
47 83 1
47 85 6
48 51 2
48 52 2
48 59 1
48 60 9
48 64 7
48 66 8
48 69 4
48 70 6
48 72 2
48 73 4
48 75 3
48 76 10
48 79 2
48 83 3
48 85 9
49 50 5
49 52 2
49 55 8
49 56 4
49 59 9
49 60 2
49 62 3
49 63 10
49 67 9
49 69 8
49 71 2
49 73 4
49 74 7
49 75 6
49 77 9
49 80 4
49 81 6
49 84 6
49 85 7
50 51 1
50 52 6
50 54 10
50 59 2
50 61 1
50 63 5
50 65 1
50 66 7
50 68 1
50 69 4
50 70 8
50 71 6
50 73 7
50 74 4
50 76 9
50 77 3
50 78 1
50 79 5
50 81 10
50 82 1
50 84 9
50 85 8
51 53 1
51 54 4
51 55 9
51 56 5
51 57 9
51 61 10
51 63 2
51 64 7
51 66 3
51 68 9
51 71 10
51 74 8
51 75 5
51 77 9
51 78 3
51 80 7
51 82 5
51 85 6
52 54 9
52 55 7
52 56 8
52 57 7
52 58 7
52 61 10
52 62 8
52 65 10
52 66 4
52 67 4
52 70 5
52 72 1
52 75 7
52 76 2
52 79 5
52 83 8
52 85 4
53 56 4
53 57 10
53 58 5
53 61 7
53 63 1
53 64 5
53 65 10
53 66 2
53 67 10
53 71 4
53 74 1
53 75 2
53 80 8
53 82 7
54 57 10
54 60 9
54 62 5
54 63 1
54 64 1
54 66 10
54 67 1
54 68 5
54 70 5
54 73 6
54 74 8
54 75 3
54 76 9
54 79 4
54 80 6
55 57 5
55 59 1
55 60 6
55 62 5
55 63 3
55 65 5
55 67 9
55 68 1
55 69 3
55 70 1
55 71 7
55 74 3
55 75 5
55 80 8
55 81 1
55 82 9
55 83 5
56 57 3
56 59 7
56 60 10
56 61 6
56 62 6
56 63 3
56 66 8
56 71 1
56 72 9
56 73 4
56 74 4
56 75 5
56 77 2
56 78 4
56 79 9
56 80 7
56 81 3
56 84 3
57 59 9
57 63 1
57 64 4
57 68 8
57 70 3
57 71 1
57 72 8
57 74 6
57 75 8
57 78 10
57 79 1
57 81 2
57 82 6
57 83 4
57 84 7
57 85 6
58 59 4
58 61 9
58 63 6
58 64 3
58 65 8
58 69 9
58 70 4
58 74 3
58 75 5
58 76 3
58 77 8
58 78 8
58 81 10
58 82 2
58 83 5
59 66 2
59 68 7
59 69 9
59 71 8
59 72 5
59 73 10
59 74 2
59 77 2
59 78 7
59 79 9
59 82 7
59 83 4
60 61 3
60 62 10
60 64 4
60 65 6
60 66 9
60 69 6
60 71 5
60 72 1
60 75 6
60 79 3
60 81 9
60 83 6
60 84 2
60 85 7
61 62 6
61 63 4
61 66 4
61 67 7
61 69 7
61 71 7
61 72 10
61 73 5
61 74 8
61 75 8
61 76 1
61 77 8
61 79 10
61 83 7
61 84 3
62 63 10
62 64 6
62 65 3
62 68 5
62 70 10
62 72 2
62 77 6
62 78 8
62 80 1
62 81 1
62 82 2
62 83 5
62 85 9
63 64 10
63 67 3
63 68 1
63 69 4
63 70 1
63 71 2
63 72 5
63 73 5
63 77 8
63 78 5
63 79 3
63 81 3
63 82 7
63 84 4
64 66 8
64 67 4
64 68 2
64 69 9
64 71 3
64 72 6
64 75 1
64 76 5
64 77 8
64 78 1
64 80 3
64 81 10
64 82 8
64 83 1
64 84 5
64 85 5
65 75 5
65 78 8
65 79 6
65 80 10
65 81 9
65 82 9
65 84 2
65 85 3
66 68 4
66 73 1
66 74 3
66 76 6
66 78 3
66 79 3
66 80 3
66 82 1
66 83 1
66 85 7
67 68 10
67 69 4
67 70 8
67 71 10
67 72 1
67 73 9
67 74 2
67 76 9
67 77 3
67 78 3
67 79 6
67 81 10
67 82 5
67 83 2
67 84 7
68 69 3
68 70 4
68 71 9
68 72 5
68 73 10
68 74 1
68 76 3
68 77 2
68 78 3
68 79 6
68 80 4
68 81 10
68 82 9
68 83 4
68 85 6
69 70 8
69 72 2
69 74 3
69 75 10
69 80 7
69 82 4
69 85 2
70 71 10
70 75 4
70 77 3
70 80 10
70 81 6
70 83 2
71 72 1
71 73 2
71 76 8
71 78 6
71 79 4
71 80 9
71 82 5
71 84 8
72 74 6
72 75 3
72 76 8
72 79 8
72 84 4
72 85 8
73 78 5
73 80 8
73 85 1
74 75 1
74 77 10
74 79 3
74 80 1
74 82 6
74 83 4
74 84 7
74 85 10
75 76 9
75 77 6
75 79 7
75 80 10
75 82 2
75 83 10
75 84 3
76 77 10
76 78 3
76 82 5
76 83 7
76 84 4
76 85 9
77 80 9
77 81 10
77 82 6
77 83 6
77 84 9
77 85 10
78 79 4
78 85 2
79 80 2
80 81 7
80 82 8
80 83 3
80 84 6
80 85 5
81 82 7
81 85 6
82 83 7
82 84 1
83 85 2
