52 693
0 3 5212
0 4 2842
0 8 4691
0 12 9965
0 21 5295
0 22 9061
0 24 9692
0 25 6117
0 26 2957
0 28 2206
0 31 5014
0 35 6033
0 36 50
0 37 3988
0 39 2137
0 43 1531
0 46 627
0 47 8899
0 48 7193
0 49 9245
0 50 425
0 51 6722
1 2 1994
1 4 8593
1 6 7418
1 8 6449
1 9 6817
1 11 7092
1 12 2127
1 13 9803
1 14 2723
1 16 6060
1 21 5326
1 23 3693
1 28 4250
1 29 5220
1 30 1061
1 31 37
1 35 4122
1 36 57
1 38 6768
1 41 8509
1 44 8804
1 45 8926
1 47 2649
1 49 7970
2 3 3127
2 4 4449
2 7 2907
2 8 4693
2 13 2652
2 15 2813
2 16 7916
2 17 6634
2 22 7886
2 24 4287
2 25 1180
2 28 8367
2 29 81
2 31 5850
2 33 8270
2 39 5352
2 40 6236
2 41 6631
2 43 4558
2 46 326
2 47 9290
2 50 1969
3 4 3379
3 5 9326
3 7 3152
3 8 2405
3 11 9720
3 13 5223
3 15 538
3 17 7420
3 21 5175
3 23 5367
3 25 4261
3 29 8135
3 30 1517
3 32 1990
3 33 286
3 36 4269
3 37 2283
3 38 3471
3 39 4183
3 44 6091
3 45 3560
3 47 8741
3 48 7587
4 6 2615
4 7 8567
4 9 972
4 10 453
4 11 4616
4 13 883
4 14 7273
4 16 3884
4 17 8451
4 19 784
4 23 2575
4 24 167
4 25 229
4 27 2612
4 28 1670
4 29 2362
4 30 8745
4 34 9990
4 38 6186
4 41 2215
4 42 6756
4 43 8808
4 44 1963
4 45 839
4 50 9278
4 51 7069
5 6 9044
5 9 2734
5 12 7217
5 15 4157
5 16 6783
5 18 6954
5 20 5639
5 22 7431
5 23 3478
5 24 6974
5 26 2111
5 27 2998
5 28 8945
5 31 4087
5 32 3668
5 33 3225
5 34 9598
5 37 7694
5 38 2502
5 40 5695
5 41 7810
5 43 8920
5 44 9871
5 45 9437
5 50 7762
6 7 3183
6 8 2179
6 10 9569
6 11 3270
6 13 2736
6 14 8809
6 20 7496
6 22 4343
6 25 8230
6 26 6863
6 32 7811
6 34 7362
6 37 5185
6 38 4394
6 39 4143
6 40 8790
6 41 9455
6 43 7404
6 48 3046
6 49 4488
6 50 2338
7 9 143
7 13 7581
7 15 7555
7 17 1387
7 18 402
7 19 1567
7 21 9986
7 23 3570
7 24 500
7 25 2031
7 26 2996
7 28 4735
7 29 6607
7 32 6301
7 33 8522
7 34 9342
7 35 5091
7 36 7797
7 37 1965
7 41 9180
7 42 2892
7 43 1868
7 44 9398
7 45 9401
7 46 4338
7 48 7417
7 50 8146
8 12 2818
8 13 6122
8 15 690
8 17 3624
8 18 6680
8 19 7372
8 20 1182
8 22 8126
8 25 1890
8 27 7031
8 28 5822
8 29 8641
8 30 866
8 31 7568
8 32 3989
8 33 7887
8 36 7528
8 40 1157
8 44 2774
8 45 2702
8 48 2407
8 49 7232
8 51 1740
9 10 9622
9 11 9887
9 14 9541
9 15 8485
9 16 2171
9 17 9466
9 19 5410
9 20 1048
9 26 4637
9 27 9903
9 28 3727
9 29 7626
9 31 2249
9 32 259
9 35 2538
9 36 1897
9 41 8568
9 43 6295
9 47 2805
9 48 381
9 49 3467
9 51 8692
10 11 4039
10 14 9472
10 16 1032
10 17 1172
10 18 670
10 21 4848
10 23 8047
10 25 9721
10 29 4058
10 31 3126
10 32 6031
10 33 591
10 35 3279
10 36 5600
10 37 5729
10 40 7283
10 41 8591
10 44 6269
10 48 7056
10 49 3012
10 51 6102
11 12 7020
11 13 5697
11 16 6371
11 18 2822
11 19 2107
11 20 9114
11 22 5063
11 23 1325
11 26 3066
11 29 3541
11 30 2510
11 32 5563
11 35 8803
11 36 6827
11 37 5900
11 38 1735
11 40 5585
11 43 4204
11 46 8149
11 47 5038
11 48 9969
11 50 6035
11 51 9108
12 13 1138
12 14 1161
12 15 1514
12 18 1425
12 21 4786
12 22 846
12 27 3993
12 29 2716
12 31 7223
12 32 4227
12 34 2514
12 36 3224
12 41 686
12 42 3875
12 45 1142
12 47 6828
13 14 2264
13 18 2259
13 20 608
13 22 2783
13 24 7674
13 28 2134
13 29 284
13 30 4687
13 31 5007
13 32 9686
13 33 6377
13 34 8420
13 35 2779
13 36 7233
13 39 2698
13 40 8902
13 41 8477
13 45 6001
13 46 6755
13 50 4117
14 16 6129
14 18 5538
14 20 9669
14 21 6277
14 22 325
14 24 3542
14 25 8234
14 26 1916
14 28 3672
14 32 3519
14 33 7655
14 34 9579
14 35 1785
14 39 7718
14 41 9339
14 43 8772
14 45 2265
14 47 5288
14 48 8039
14 50 6505
14 51 9482
15 16 6374
15 17 3931
15 20 4660
15 22 113
15 23 4448
15 24 5182
15 27 644
15 28 3769
15 31 9338
15 32 391
15 36 1455
15 37 5238
15 38 3784
15 40 2724
15 41 216
15 45 4297
15 47 744
15 48 186
15 51 5797
16 17 6664
16 19 8416
16 23 2594
16 24 1082
16 26 5152
16 27 651
16 28 1154
16 30 4582
16 31 6710
16 32 8013
16 33 6810
16 35 4299
16 37 7834
16 39 2311
16 40 4989
16 42 6791
16 43 8835
16 45 4228
16 48 2154
16 49 3308
16 50 1970
16 51 8504
17 22 1448
17 23 5811
17 26 337
17 27 4388
17 30 5241
17 32 6475
17 36 5438
17 37 5243
17 38 9085
17 39 8260
17 41 8576
17 42 5819
17 46 5386
17 48 3798
17 50 7199
17 51 3925
18 19 8087
18 21 2222
18 22 7996
18 23 1011
18 26 8664
18 30 1829
18 32 2978
18 33 4804
18 35 4453
18 37 8795
18 39 5202
18 40 3577
18 42 3392
18 44 9603
18 45 9968
18 46 8212
18 47 4655
19 20 1520
19 21 7001
19 23 8871
19 25 1839
19 26 460
19 27 5579
19 29 4683
19 31 1662
19 33 6545
19 36 4653
19 37 6168
19 38 3267
19 39 3920
19 41 6215
19 42 4040
19 43 8354
19 44 9831
19 46 7178
19 49 1836
19 51 2224
20 21 3935
20 24 8182
20 26 2767
20 29 2803
20 30 9950
20 33 1222
20 34 8294
20 37 4918
20 39 7670
20 40 991
20 41 3504
20 43 5362
20 45 6539
20 46 7962
20 47 4290
20 49 5975
21 22 3080
21 23 475
21 27 8392
21 28 6061
21 30 6541
21 32 6276
21 33 2943
21 34 4652
21 35 2291
21 39 6427
21 40 9268
21 42 3565
21 43 3927
21 45 6357
21 46 2114
21 47 3998
21 50 6945
22 24 4595
22 25 8950
22 27 5398
22 32 2921
22 33 6633
22 34 6897
22 35 6655
22 37 7758
22 38 5336
22 40 2585
22 41 954
22 45 6818
22 47 8019
22 51 8438
23 26 298
23 28 3223
23 29 5294
23 31 1447
23 32 9335
23 34 9761
23 35 3166
23 37 872
23 39 4335
23 40 7479
23 41 2287
23 44 2449
23 46 8944
23 48 8666
23 49 4903
23 50 1560
24 25 6200
24 27 85
24 31 4591
24 33 2363
24 35 7883
24 38 9303
24 39 6137
24 42 5967
24 48 4611
24 49 6233
24 51 640
25 27 2002
25 29 3783
25 30 6641
25 31 1766
25 33 4442
25 34 427
25 35 4771
25 36 4258
25 40 787
25 41 2451
25 42 7090
25 46 5839
25 47 4192
25 51 1554
26 28 6532
26 29 5828
26 30 1359
26 32 9667
26 33 4133
26 34 6259
26 35 5276
26 36 3762
26 37 2747
26 39 1736
26 43 2146
26 44 5155
26 46 1466
26 47 8437
26 51 6825
27 31 1321
27 32 7026
27 33 4320
27 34 6558
27 35 1940
27 36 3526
27 37 8806
27 38 5784
27 39 2268
27 41 5283
27 43 9122
27 45 3785
27 46 9741
27 47 5992
27 50 3965
28 34 7944
28 35 6074
28 36 5988
28 37 4149
28 39 2115
28 43 411
28 45 1802
28 47 4576
28 48 1649
29 30 7087
29 32 8973
29 34 2732
29 36 4465
29 38 8648
29 40 3803
29 42 1244
29 43 5621
29 45 881
29 46 8056
29 48 5068
29 50 6090
29 51 5564
30 33 8669
30 41 1050
30 42 5095
30 50 8933
30 51 5885
31 33 5785
31 35 8340
31 36 8587
31 37 755
31 38 8086
31 39 1135
31 40 8198
31 42 4113
31 43 465
31 44 4455
31 46 2329
31 47 3718
32 34 3470
32 36 4293
32 38 685
32 40 1948
32 41 2519
32 42 5557
32 48 7609
32 49 1474
33 37 9040
33 38 4207
33 39 364
33 40 9131
33 42 6349
33 43 8516
33 49 6235
33 50 5939
33 51 7017
34 35 8760
34 36 5817
34 38 962
34 40 5790
34 41 2140
34 42 8590
34 44 6901
34 45 8155
34 46 4139
34 47 7968
34 48 8759
34 50 7429
34 51 4176
35 36 3162
35 37 8484
35 38 3169
35 40 2916
35 41 7937
35 42 3658
35 45 1199
35 47 2681
35 48 1647
35 51 8277
36 37 3797
36 39 4044
36 40 9939
36 41 520
36 44 9279
36 45 3648
36 46 2866
36 50 124
37 38 4725
37 40 122
37 43 5390
37 46 6737
37 47 5166
37 49 5994
37 50 859
38 39 992
38 40 1987
38 41 4722
38 42 4142
38 43 4029
38 47 5257
38 48 7744
38 49 8287
38 50 5148
38 51 4668
39 40 8247
39 43 6693
39 44 3996
39 48 2966
39 49 9182
39 50 8183
39 51 9250
40 41 4967
40 43 7181
40 45 7300
40 46 4305
40 47 9254
40 48 76
41 42 8008
41 44 6345
41 45 6161
41 46 7456
41 49 2864
41 50 534
42 43 943
42 45 7126
42 48 8965
42 49 8719
42 50 6808
43 44 1285
43 46 7137
43 47 9683
43 48 18
43 51 5832
44 46 813
44 51 6308
45 46 7434
45 47 5320
45 50 4704
46 47 3736
46 48 2625
47 48 9536
47 50 1671
48 50 2933
49 50 94
49 51 4642
