86 1816
0 2 8
0 3 4
0 5 3
0 6 7
0 8 3
0 9 3
0 10 3
0 14 8
0 15 1
0 16 3
0 18 4
0 21 6
0 22 3
0 23 1
0 25 10
0 26 3
0 29 3
0 30 10
0 31 2
0 33 2
0 36 5
0 37 2
0 38 1
0 41 10
0 42 5
0 43 1
0 48 8
0 49 4
0 50 1
0 55 4
0 57 8
0 58 10
0 59 8
0 60 10
0 62 6
0 65 5
0 66 7
0 67 8
0 72 9
0 73 5
0 74 8
0 76 9
0 83 8
0 84 7
1 2 3
1 5 3
1 8 5
1 11 7
1 15 9
1 17 5
1 21 9
1 24 4
1 26 5
1 27 8
1 31 8
1 34 6
1 35 1
1 38 9
1 42 6
1 43 2
1 45 4
1 46 5
1 47 9
1 50 10
1 51 2
1 52 4
1 54 5
1 55 2
1 57 10
1 61 3
1 64 7
1 65 4
1 66 6
1 67 10
1 71 2
1 73 10
1 74 5
1 75 5
1 77 5
1 79 10
1 80 9
1 85 5
2 3 1
2 4 10
2 8 10
2 9 6
2 10 6
2 13 6
2 15 10
2 16 1
2 23 10
2 24 9
2 25 6
2 26 5
2 27 6
2 30 4
2 31 9
2 32 9
2 34 3
2 36 6
2 39 7
2 41 10
2 42 3
2 43 8
2 45 1
2 46 5
2 47 7
2 52 9
2 55 2
2 56 7
2 57 6
2 58 3
2 62 7
2 63 3
2 64 8
2 65 2
2 69 5
2 71 5
2 73 2
2 76 10
2 78 6
2 82 1
2 83 9
3 6 6
3 10 6
3 13 5
3 16 3
3 21 6
3 22 1
3 23 5
3 25 7
3 28 4
3 30 7
3 31 2
3 34 7
3 39 9
3 41 8
3 42 2
3 44 6
3 47 5
3 51 4
3 52 6
3 54 1
3 58 7
3 59 7
3 60 4
3 64 3
3 65 4
3 66 10
3 67 7
3 68 10
3 70 1
3 71 8
3 72 1
3 74 4
3 75 4
3 80 10
4 5 10
4 6 6
4 7 10
4 8 8
4 10 10
4 13 9
4 15 5
4 18 4
4 20 3
4 24 2
4 25 9
4 27 6
4 32 4
4 34 3
4 35 7
4 36 2
4 39 2
4 45 3
4 49 6
4 50 8
4 51 9
4 54 7
4 57 9
4 61 5
4 62 1
4 63 1
4 65 4
4 66 10
4 68 10
4 70 1
4 72 7
4 73 10
4 75 10
4 78 7
4 80 10
4 85 8
5 8 6
5 11 6
5 12 7
5 14 4
5 16 5
5 20 9
5 25 10
5 27 6
5 28 2
5 29 7
5 30 8
5 31 8
5 33 9
5 34 4
5 35 6
5 36 3
5 37 3
5 39 7
5 40 4
5 41 2
5 42 10
5 43 6
5 44 1
5 45 9
5 46 10
5 47 5
5 50 5
5 53 8
5 55 8
5 57 6
5 58 10
5 60 10
5 61 5
5 64 8
5 66 7
5 67 3
5 68 3
5 69 8
5 72 4
5 76 9
5 79 3
5 81 9
6 7 7
6 9 2
6 10 5
6 12 9
6 13 8
6 14 5
6 16 10
6 18 10
6 19 5
6 20 2
6 26 10
6 27 4
6 29 5
6 30 5
6 35 7
6 36 4
6 38 8
6 39 3
6 40 7
6 41 10
6 43 1
6 46 6
6 47 6
6 48 9
6 50 4
6 53 6
6 54 1
6 55 6
6 57 5
6 58 1
6 60 2
6 62 5
6 65 2
6 70 8
6 71 8
6 75 6
6 77 9
6 83 3
6 84 4
6 85 10
7 8 8
7 11 9
7 12 4
7 14 9
7 15 8
7 16 8
7 17 10
7 18 4
7 20 6
7 21 6
7 23 9
7 26 7
7 28 1
7 29 6
7 31 10
7 38 10
7 39 2
7 41 10
7 44 4
7 45 5
7 46 4
7 48 9
7 50 10
7 52 2
7 53 2
7 55 10
7 56 1
7 57 6
7 59 4
7 61 4
7 64 1
7 65 3
7 67 2
7 69 8
7 70 4
7 71 4
7 72 9
7 73 3
7 76 4
7 81 10
7 83 7
8 17 9
8 21 8
8 24 3
8 25 8
8 26 10
8 27 8
8 28 8
8 30 9
8 31 7
8 33 1
8 39 3
8 40 3
8 41 7
8 42 6
8 43 3
8 46 6
8 47 9
8 48 9
8 49 2
8 58 8
8 59 2
8 62 2
8 64 1
8 67 10
8 68 9
8 69 8
8 70 2
8 71 5
8 72 8
8 74 2
8 75 5
8 78 1
8 80 6
8 83 10
9 14 8
9 15 9
9 17 7
9 19 2
9 21 9
9 25 10
9 27 5
9 29 10
9 30 10
9 31 8
9 32 8
9 37 10
9 40 7
9 42 6
9 46 2
9 48 6
9 49 4
9 51 3
9 53 7
9 54 8
9 56 2
9 59 2
9 61 9
9 64 6
9 66 10
9 67 4
9 70 2
9 71 5
9 72 8
9 74 9
9 75 6
9 81 2
9 83 1
9 85 1
10 11 10
10 12 5
10 13 4
10 16 1
10 18 7
10 19 7
10 21 1
10 26 7
10 27 8
10 31 1
10 32 1
10 34 4
10 36 10
10 37 2
10 39 5
10 40 3
10 43 6
10 47 1
10 51 9
10 54 2
10 57 5
10 62 4
10 64 10
10 70 3
10 71 10
10 72 9
10 76 5
10 77 3
10 80 1
10 84 6
11 13 8
11 16 2
11 17 1
11 18 6
11 23 6
11 30 1
11 31 7
11 33 6
11 35 1
11 37 8
11 38 3
11 42 4
11 44 1
11 45 10
11 48 5
11 50 7
11 51 5
11 52 8
11 54 4
11 55 7
11 56 9
11 58 5
11 61 8
11 62 5
11 65 2
11 66 3
11 67 9
11 68 8
11 69 9
11 70 3
11 73 8
11 74 9
11 75 6
11 76 9
11 77 4
11 79 7
11 81 8
11 82 9
11 83 2
11 84 9
11 85 2
12 13 1
12 23 6
12 24 9
12 25 8
12 26 2
12 29 6
12 32 7
12 34 9
12 36 7
12 37 4
12 38 3
12 39 8
12 40 1
12 41 5
12 42 10
12 43 9
12 45 5
12 49 1
12 51 7
12 53 2
12 54 7
12 56 8
12 59 6
12 60 6
12 63 7
12 65 3
12 67 4
12 70 6
12 72 5
12 73 1
12 74 9
12 77 3
12 82 10
12 83 5
12 84 8
12 85 10
13 14 3
13 15 8
13 17 6
13 19 2
13 20 10
13 22 9
13 24 3
13 26 3
13 27 1
13 30 9
13 32 3
13 33 10
13 36 9
13 39 7
13 40 3
13 44 1
13 45 3
13 46 7
13 47 7
13 48 1
13 50 9
13 51 7
13 52 5
13 54 10
13 57 3
13 61 3
13 62 5
13 65 4
13 68 9
13 69 4
13 73 4
13 74 8
13 75 4
13 76 5
13 77 2
13 78 2
13 79 9
13 85 8
14 15 5
14 19 2
14 20 9
14 21 1
14 24 6
14 28 10
14 29 6
14 32 1
14 33 8
14 36 3
14 37 5
14 38 2
14 40 1
14 44 3
14 45 1
14 49 1
14 50 3
14 54 8
14 57 9
14 58 6
14 59 6
14 62 6
14 64 10
14 66 10
14 67 1
14 69 7
14 70 5
14 72 2
14 73 10
14 74 5
14 77 2
14 78 3
14 79 2
14 80 4
14 81 6
14 82 3
15 17 1
15 20 5
15 21 1
15 22 8
15 23 2
15 24 2
15 25 9
15 27 6
15 29 6
15 30 3
15 33 1
15 35 9
15 39 8
15 42 9
15 43 5
15 44 8
15 45 7
15 46 5
15 49 5
15 54 2
15 58 1
15 59 4
15 61 2
15 62 10
15 63 10
15 64 2
15 65 9
15 66 6
15 67 8
15 68 10
15 71 2
15 72 4
15 74 9
15 76 4
15 78 7
15 79 4
15 80 2
15 83 4
15 84 1
16 20 9
16 21 6
16 22 2
16 23 5
16 31 8
16 33 6
16 37 9
16 39 7
16 43 10
16 45 6
16 47 1
16 49 1
16 50 5
16 54 5
16 59 5
16 61 2
16 62 5
16 63 3
16 64 4
16 65 10
16 66 4
16 68 5
16 70 3
16 72 5
16 75 10
16 76 9
16 80 5
16 83 9
16 85 4
17 18 1
17 21 10
17 22 3
17 24 5
17 26 1
17 33 4
17 34 1
17 37 1
17 38 6
17 39 5
17 41 7
17 42 3
17 45 8
17 50 6
17 51 10
17 52 10
17 54 10
17 58 1
17 60 1
17 61 8
17 63 6
17 67 7
17 68 3
17 69 9
17 70 3
17 71 3
17 72 3
17 74 7
17 75 10
17 76 5
17 77 4
17 82 7
17 83 5
17 84 2
18 19 2
18 20 2
18 21 5
18 23 1
18 24 1
18 26 1
18 30 3
18 33 6
18 36 8
18 37 7
18 38 5
18 39 3
18 41 6
18 43 5
18 46 3
18 47 5
18 48 5
18 55 2
18 57 4
18 58 6
18 59 6
18 61 7
18 62 2
18 63 5
18 64 3
18 66 9
18 69 8
18 70 1
18 72 2
18 74 4
18 76 1
18 79 6
18 81 7
18 83 10
18 84 2
18 85 8
19 25 3
19 26 8
19 27 2
19 29 6
19 32 6
19 33 1
19 36 3
19 38 5
19 41 4
19 42 8
19 46 5
19 47 10
19 48 5
19 51 3
19 53 9
19 56 7
19 59 10
19 61 4
19 62 6
19 65 6
19 67 2
19 69 10
19 70 2
19 71 6
19 72 6
19 73 2
19 74 6
19 75 6
19 76 6
19 78 5
19 79 1
19 81 5
19 82 2
20 21 4
20 22 10
20 23 3
20 27 1
20 29 5
20 30 1
20 32 5
20 33 6
20 35 7
20 36 5
20 38 10
20 43 10
20 44 5
20 46 4
20 48 5
20 50 9
20 51 1
20 52 2
20 53 10
20 56 10
20 57 8
20 59 7
20 63 9
20 66 4
20 67 2
20 69 5
20 71 6
20 73 6
20 74 4
20 75 5
20 79 7
20 80 2
20 81 2
20 82 8
20 83 8
21 24 6
21 25 5
21 26 10
21 28 8
21 29 4
21 31 4
21 33 9
21 34 3
21 35 3
21 39 3
21 43 6
21 45 4
21 46 3
21 47 7
21 48 3
21 50 4
21 53 5
21 58 9
21 59 8
21 60 7
21 63 2
21 65 9
21 67 5
21 70 2
21 73 3
21 76 2
21 78 6
21 80 10
21 81 4
21 82 9
21 83 8
22 27 10
22 28 7
22 29 2
22 30 1
22 31 1
22 32 2
22 33 1
22 36 10
22 37 5
22 40 8
22 47 4
22 48 4
22 49 1
22 50 5
22 53 3
22 57 3
22 58 9
22 59 10
22 60 9
22 65 6
22 66 9
22 67 1
22 68 10
22 69 8
22 71 5
22 73 4
22 74 2
22 76 10
22 79 1
22 84 7
23 24 3
23 26 6
23 28 8
23 30 7
23 31 8
23 32 3
23 33 2
23 34 7
23 35 10
23 36 7
23 38 8
23 40 5
23 42 1
23 43 3
23 45 2
23 47 5
23 50 6
23 51 4
23 52 8
23 53 3
23 54 4
23 57 6
23 59 8
23 60 5
23 62 8
23 63 8
23 64 2
23 66 7
23 68 4
23 69 2
23 71 6
23 72 9
23 73 2
23 75 6
23 76 6
23 77 9
23 78 4
23 79 9
23 80 7
23 81 6
23 82 10
23 84 6
23 85 3
24 27 4
24 28 7
24 29 9
24 30 7
24 31 5
24 34 5
24 36 5
24 39 4
24 40 9
24 44 9
24 45 6
24 59 3
24 61 6
24 62 7
24 63 10
24 64 7
24 67 4
24 68 8
24 71 1
24 72 2
24 76 2
24 77 10
24 79 3
24 82 10
24 84 8
24 85 7
25 31 5
25 32 6
25 33 2
25 34 2
25 35 3
25 36 9
25 41 1
25 42 8
25 46 1
25 51 1
25 53 9
25 54 5
25 55 10
25 56 2
25 57 7
25 58 1
25 59 3
25 62 8
25 64 10
25 65 4
25 67 7
25 69 8
25 76 4
25 78 6
25 81 2
26 27 6
26 29 4
26 30 5
26 31 5
26 34 8
26 37 2
26 38 9
26 41 1
26 42 9
26 43 8
26 44 7
26 45 7
26 48 3
26 50 10
26 51 9
26 53 10
26 55 8
26 56 10
26 59 2
26 61 8
26 63 1
26 64 2
26 68 8
26 69 5
26 73 8
26 75 8
26 76 8
26 79 3
26 80 9
26 81 3
26 84 3
26 85 2
27 28 2
27 29 6
27 30 2
27 31 4
27 33 6
27 36 1
27 37 4
27 39 4
27 41 9
27 42 5
27 45 3
27 47 10
27 48 7
27 49 7
27 50 6
27 52 2
27 53 10
27 54 3
27 55 10
27 56 6
27 58 1
27 59 7
27 60 2
27 61 8
27 62 10
27 64 6
27 68 2
27 70 3
27 71 4
27 72 3
27 74 8
27 76 1
27 81 7
27 82 8
27 84 10
27 85 1
28 30 3
28 31 5
28 34 2
28 35 9
28 39 7
28 44 1
28 45 1
28 48 2
28 49 2
28 51 3
28 52 9
28 53 9
28 54 5
28 59 7
28 60 1
28 61 9
28 65 8
28 66 10
28 68 4
28 69 3
28 70 7
28 73 3
28 78 8
28 84 7
28 85 9
29 33 2
29 34 5
29 35 6
29 36 5
29 39 2
29 41 8
29 42 7
29 43 10
29 44 2
29 47 5
29 48 2
29 51 1
29 53 2
29 56 2
29 57 5
29 60 2
29 62 3
29 64 4
29 65 8
29 68 8
29 74 10
29 76 10
29 77 4
29 78 9
29 80 2
29 81 10
29 84 7
30 32 9
30 37 10
30 39 4
30 40 10
30 41 6
30 42 2
30 44 8
30 45 4
30 51 8
30 52 3
30 53 8
30 54 6
30 55 1
30 56 5
30 57 7
30 58 1
30 60 2
30 61 4
30 62 7
30 63 6
30 64 8
30 67 10
30 68 2
30 73 5
30 75 1
30 76 8
30 78 5
30 79 10
30 80 6
30 81 7
30 82 5
30 84 3
30 85 10
31 32 8
31 33 3
31 34 3
31 35 9
31 36 10
31 44 8
31 46 1
31 48 5
31 50 7
31 51 7
31 52 9
31 54 6
31 56 2
31 58 6
31 60 3
31 64 7
31 69 3
31 70 7
31 71 10
31 72 3
31 74 2
31 75 3
31 77 10
31 78 4
31 80 6
31 82 4
31 85 5
32 34 7
32 35 3
32 36 8
32 40 3
32 43 1
32 44 10
32 45 6
32 47 2
32 48 4
32 49 9
32 51 9
32 54 8
32 55 7
32 61 10
32 62 9
32 63 3
32 64 8
32 66 6
32 71 2
32 72 2
32 73 9
32 75 2
32 76 9
32 77 4
32 79 8
32 81 6
32 82 3
32 83 10
33 35 10
33 37 7
33 40 3
33 41 7
33 43 10
33 45 4
33 46 4
33 47 6
33 48 4
33 51 4
33 52 8
33 54 7
33 59 2
33 60 6
33 67 6
33 69 8
33 71 6
33 72 8
33 74 6
33 79 10
33 80 4
33 85 10
34 35 3
34 37 1
34 38 10
34 42 3
34 43 5
34 45 9
34 47 7
34 51 3
34 52 10
34 53 2
34 58 8
34 59 8
34 60 6
34 61 9
34 62 1
34 63 1
34 64 7
34 65 1
34 66 4
34 67 8
34 68 4
34 70 8
34 83 6
34 84 8
35 36 2
35 38 7
35 40 7
35 41 6
35 42 1
35 47 7
35 48 2
35 49 3
35 50 8
35 52 1
35 53 6
35 54 3
35 58 3
35 61 8
35 63 5
35 65 4
35 67 4
35 71 9
35 72 3
35 74 10
35 76 4
35 78 10
35 79 8
35 80 4
35 83 1
35 84 5
35 85 9
36 37 2
36 38 9
36 39 9
36 46 5
36 49 4
36 51 1
36 53 10
36 54 4
36 55 10
36 57 2
36 58 10
36 59 8
36 61 10
36 64 4
36 66 4
36 67 8
36 69 5
36 71 2
36 72 4
36 75 6
36 76 10
36 77 3
36 79 4
36 80 10
36 82 8
36 83 5
36 84 6
36 85 8
37 40 8
37 43 2
37 44 9
37 46 7
37 49 3
37 50 6
37 52 6
37 55 2
37 57 1
37 59 4
37 65 3
37 68 2
37 71 5
37 72 5
37 79 7
37 81 5
37 82 9
37 83 7
37 85 5
38 39 3
38 41 5
38 42 2
38 43 10
38 44 5
38 45 6
38 53 8
38 55 6
38 56 3
38 57 4
38 58 4
38 59 8
38 61 7
38 62 2
38 63 9
38 64 2
38 65 3
38 70 3
38 72 9
38 73 4
38 75 2
38 77 8
38 79 7
38 85 6
39 40 2
39 42 8
39 46 8
39 47 8
39 48 9
39 51 9
39 54 1
39 55 8
39 61 2
39 63 7
39 67 10
39 74 2
39 76 1
39 79 9
39 85 4
40 41 3
40 44 1
40 50 9
40 52 10
40 54 10
40 56 9
40 57 9
40 61 7
40 62 6
40 63 10
40 64 8
40 65 7
40 67 1
40 68 2
40 71 1
40 72 6
40 77 1
40 79 6
40 80 6
40 81 7
40 83 4
40 85 2
41 48 1
41 49 5
41 51 6
41 54 10
41 57 8
41 58 1
41 60 6
41 61 5
41 62 10
41 63 9
41 64 4
41 72 9
41 74 6
41 75 4
41 79 8
41 81 2
42 43 7
42 44 9
42 45 5
42 46 10
42 47 10
42 50 9
42 52 10
42 56 5
42 57 7
42 60 8
42 64 8
42 65 1
42 68 9
42 69 8
42 73 3
42 75 7
42 77 6
42 79 9
42 80 4
42 81 3
42 82 4
43 44 5
43 45 10
43 47 9
43 50 5
43 59 5
43 61 4
43 62 8
43 63 5
43 64 1
43 65 6
43 68 1
43 69 10
43 72 9
43 74 2
43 78 3
43 82 5
43 84 9
43 85 9
44 47 9
44 48 6
44 50 1
44 58 2
44 64 1
44 65 4
44 67 2
44 72 1
44 75 2
44 76 7
44 77 8
44 79 2
44 81 6
44 82 7
45 46 7
45 47 6
45 49 6
45 50 2
45 51 1
45 52 1
45 53 7
45 55 2
45 56 1
45 57 7
45 58 9
45 59 7
45 60 1
45 62 6
45 66 4
45 68 3
45 69 2
45 73 3
45 75 7
45 80 7
45 82 8
45 83 9
45 85 7
46 47 2
46 49 10
46 54 4
46 55 9
46 56 9
46 58 9
46 59 5
46 60 5
46 61 6
46 64 3
46 68 6
46 70 8
46 72 9
46 73 2
46 75 9
46 76 4
46 77 4
46 78 7
46 79 3
46 81 1
46 82 2
46 84 1
46 85 3
47 48 10
47 49 2
47 50 1
47 51 4
47 53 10
47 54 9
47 56 1
47 62 3
47 64 8
47 69 7
47 72 3
47 74 8
47 76 2
47 77 8
47 78 3
47 83 5
47 85 7
48 49 4
48 50 9
48 52 8
48 53 5
48 54 3
48 57 3
48 59 6
48 61 10
48 62 1
48 64 9
48 65 2
48 66 2
48 68 9
48 70 9
48 71 1
48 73 2
48 74 9
48 76 1
48 77 7
48 78 4
48 79 8
48 82 7
49 50 4
49 52 3
49 53 9
49 57 1
49 59 3
49 62 7
49 63 2
49 64 7
49 65 6
49 66 9
49 70 10
49 72 3
49 74 3
49 75 5
49 78 8
49 79 1
49 85 4
50 53 9
50 54 1
50 56 9
50 57 7
50 58 6
50 62 2
50 64 2
50 66 3
50 67 3
50 68 1
50 71 2
50 75 3
50 76 7
50 79 1
50 80 2
50 81 3
50 82 6
50 83 5
50 85 10
51 54 10
51 56 1
51 58 3
51 60 3
51 62 8
51 63 8
51 64 5
51 66 10
51 67 7
51 68 3
51 74 9
51 77 10
51 80 8
51 82 5
51 84 4
51 85 5
52 56 1
52 59 3
52 62 10
52 63 8
52 64 4
52 66 10
52 68 9
52 69 2
52 72 10
52 73 8
52 74 6
52 75 7
52 76 3
52 80 1
52 81 6
52 82 10
52 83 6
52 84 6
53 55 2
53 57 7
53 58 8
53 59 6
53 61 2
53 63 1
53 64 8
53 69 2
53 70 2
53 72 8
53 73 2
53 76 6
53 77 9
53 80 5
53 82 8
53 85 3
54 55 6
54 56 8
54 58 6
54 59 9
54 60 8
54 61 4
54 62 7
54 63 10
54 64 2
54 65 3
54 66 10
54 69 8
54 70 9
54 71 5
54 72 3
54 74 6
54 75 5
54 80 9
54 82 3
54 84 3
55 56 6
55 57 3
55 59 2
55 60 10
55 62 9
55 67 5
55 72 10
55 73 2
55 74 3
55 76 8
55 77 10
55 78 8
55 79 2
55 82 3
55 83 2
55 85 9
56 57 7
56 58 4
56 59 5
56 61 9
56 62 7
56 64 5
56 66 9
56 67 10
56 70 4
56 71 7
56 75 5
56 76 9
56 82 7
56 85 6
57 60 9
57 61 8
57 62 3
57 63 8
57 66 6
57 68 6
57 69 1
57 78 4
57 81 7
57 82 8
57 83 2
57 84 10
58 60 3
58 62 4
58 65 9
58 68 3
58 72 7
58 74 1
58 75 9
58 76 2
58 78 1
58 80 5
58 84 2
59 60 4
59 61 9
59 62 3
59 64 6
59 66 1
59 70 1
59 72 8
59 74 3
59 75 6
59 76 2
59 77 10
59 78 6
59 79 10
59 80 3
59 81 9
59 82 10
59 83 6
59 84 1
60 62 5
60 64 5
60 66 10
60 67 7
60 68 2
60 69 7
60 71 9
60 72 7
60 74 6
60 75 8
60 79 1
60 80 9
60 82 4
61 62 4
61 63 6
61 64 5
61 65 7
61 67 7
61 71 6
61 73 5
61 76 1
61 77 3
61 78 2
61 79 8
61 80 4
61 81 1
61 82 7
61 83 9
61 84 5
61 85 5
62 63 6
62 67 2
62 68 8
62 69 2
62 71 1
62 73 1
62 74 2
62 75 7
62 77 4
62 79 5
62 80 5
62 81 2
62 82 1
62 83 10
62 84 6
62 85 9
63 64 2
63 65 4
63 68 7
63 71 4
63 72 7
63 74 5
63 75 5
63 76 2
63 82 4
63 83 10
63 85 6
64 68 3
64 71 1
64 72 6
64 73 2
64 74 4
64 76 6
64 77 8
64 78 6
64 84 3
64 85 7
65 66 10
65 67 2
65 68 4
65 70 2
65 71 9
65 74 3
65 76 10
65 78 9
65 79 6
65 80 5
65 84 7
66 68 5
66 70 4
66 72 6
66 78 10
66 79 6
66 81 7
66 83 10
66 84 7
67 68 6
67 71 7
67 78 3
67 79 10
67 81 1
67 82 9
67 83 1
67 84 3
68 70 5
68 71 8
68 72 4
68 75 5
68 76 10
68 77 2
68 80 7
68 81 10
68 85 5
69 74 5
69 75 8
69 80 3
69 81 3
69 82 5
69 83 8
69 84 4
70 75 2
70 78 1
70 79 2
70 80 8
70 81 3
70 83 10
70 84 8
71 72 4
71 73 9
71 74 1
71 76 3
71 77 6
71 78 10
71 81 9
71 85 9
72 74 5
72 76 8
72 79 2
72 80 10
72 81 4
73 74 10
73 76 3
73 77 8
73 78 5
73 79 1
73 81 4
73 82 5
73 85 2
74 78 2
74 79 9
74 82 10
74 84 3
74 85 8
75 76 8
75 77 8
75 78 5
75 80 4
75 84 6
75 85 3
76 77 2
76 78 4
76 79 8
76 81 4
76 82 4
76 84 10
77 78 3
77 79 1
77 82 10
77 83 7
78 81 7
78 82 10
78 83 6
79 81 9
79 83 6
79 84 3
80 85 2
81 83 10
82 83 2
83 84 3
83 85 8
