0 3 10
0 4 8
0 5 8
0 8 7
0 9 5
0 10 5
0 11 3
0 12 7
0 13 1
0 19 2
0 21 8
0 23 7
0 24 8
0 25 9
0 27 1
0 28 3
0 29 7
0 30 5
1 4 8
1 7 8
1 12 6
1 13 4
1 14 1
1 17 5
1 19 2
1 21 4
1 24 2
1 25 1
1 26 3
1 27 3
1 29 7
1 30 6
2 3 2
2 9 7
2 10 3
2 11 10
2 12 1
2 17 8
2 19 10
2 21 10
2 24 8
2 25 1
2 29 4
3 10 4
3 12 1
3 13 4
3 15 2
3 16 2
3 17 3
3 18 5
3 19 7
3 23 9
3 26 3
3 27 9
3 30 7
4 8 8
4 9 10
4 12 5
4 13 4
4 14 5
4 15 1
4 16 7
4 17 9
4 22 1
4 23 1
4 26 7
4 29 9
5 6 1
5 7 9
5 9 6
5 10 2
5 11 4
5 14 4
5 15 8
5 16 2
5 18 3
5 24 7
5 26 10
5 29 5
6 7 1
6 10 2
6 11 10
6 12 5
6 14 1
6 15 2
6 16 9
6 17 7
6 18 2
6 19 9
6 21 1
6 23 3
6 28 4
6 29 10
7 8 3
7 9 1
7 10 1
7 11 3
7 12 3
7 13 7
7 14 5
7 16 3
7 17 2
7 20 5
7 22 7
7 23 5
7 25 10
7 28 10
7 29 4
7 30 5
8 9 8
8 12 4
8 13 8
8 16 8
8 17 2
8 22 7
8 23 4
8 24 4
8 25 7
8 26 6
8 28 10
9 11 1
9 14 3
9 15 10
9 24 3
9 26 3
9 29 10
9 30 5
10 14 4
10 16 5
10 18 10
10 21 4
10 22 2
10 24 9
10 25 8
10 26 5
10 28 9
10 29 7
10 30 1
11 13 9
11 15 10
11 22 6
11 24 9
11 26 1
11 29 4
11 30 5
12 21 1
12 22 9
12 24 2
12 25 1
12 27 4
12 29 2
13 17 5
13 18 1
13 21 9
13 22 4
13 23 5
13 24 7
13 25 9
13 26 2
13 27 4
13 29 9
14 17 10
14 18 8
14 20 3
14 22 1
14 25 3
14 26 8
14 29 1
14 30 3
15 17 2
15 19 6
15 20 6
15 22 5
16 17 9
16 19 10
16 21 3
16 23 2
16 24 1
16 27 10
16 28 5
16 29 2
16 30 2
17 18 1
17 20 9
17 21 2
17 22 4
17 23 3
17 25 6
17 26 4
17 27 6
17 30 2
18 19 10
18 20 5
18 22 10
18 23 9
18 28 5
18 30 2
19 21 6
19 22 8
19 23 8
19 28 10
20 21 1
20 25 1
20 26 4
20 27 7
20 28 4
21 22 10
21 23 6
21 24 2
21 25 8
21 26 3
21 29 4
21 30 2
22 24 1
22 28 8
22 29 4
23 25 4
23 27 9
23 28 7
24 25 8
24 30 6
25 27 9
25 29 6
26 27 10
26 28 8
26 29 8
27 28 3
27 30 3
28 29 3
28 30 8
29 30 10
