70 1210
0 1 3
0 3 9
0 4 10
0 7 8
0 9 8
0 10 1
0 11 8
0 12 4
0 13 6
0 14 8
0 18 4
0 22 6
0 23 8
0 24 4
0 26 6
0 28 4
0 30 6
0 32 10
0 34 8
0 35 7
0 36 1
0 39 4
0 41 10
0 42 4
0 47 3
0 48 7
0 51 7
0 52 6
0 55 5
0 56 5
0 58 1
0 59 10
0 60 9
0 62 5
0 64 2
0 65 10
0 67 4
1 2 2
1 3 7
1 4 7
1 5 2
1 9 10
1 10 9
1 13 4
1 16 2
1 17 5
1 19 6
1 21 9
1 24 10
1 25 8
1 26 8
1 27 3
1 28 2
1 29 10
1 35 1
1 36 1
1 37 8
1 38 6
1 39 2
1 41 4
1 42 9
1 43 6
1 45 7
1 50 5
1 52 10
1 53 6
1 54 4
1 56 10
1 57 10
1 60 5
1 62 9
1 63 3
1 64 3
1 66 9
1 67 3
2 3 7
2 5 6
2 6 1
2 7 2
2 11 6
2 12 8
2 15 4
2 20 10
2 21 9
2 22 9
2 27 7
2 30 3
2 33 1
2 35 6
2 36 9
2 37 10
2 38 8
2 42 10
2 43 7
2 44 7
2 45 7
2 46 2
2 47 3
2 49 1
2 51 10
2 54 5
2 55 8
2 58 8
2 59 6
2 60 5
2 61 9
2 66 5
2 67 3
2 69 5
3 4 8
3 5 3
3 9 7
3 10 1
3 12 1
3 13 6
3 14 9
3 17 1
3 18 4
3 19 8
3 20 5
3 23 8
3 25 3
3 29 4
3 31 7
3 32 5
3 36 4
3 39 5
3 40 8
3 42 4
3 45 7
3 46 10
3 54 8
3 56 1
3 61 8
3 62 9
3 64 7
3 69 1
4 5 10
4 14 8
4 16 10
4 23 7
4 27 8
4 28 8
4 32 5
4 33 4
4 34 9
4 37 7
4 38 9
4 42 2
4 44 5
4 45 1
4 47 4
4 51 2
4 52 10
4 55 5
4 57 10
4 61 6
4 64 2
4 65 2
4 67 2
5 6 2
5 12 8
5 13 10
5 14 2
5 15 6
5 18 6
5 19 6
5 20 10
5 25 2
5 26 8
5 28 2
5 29 2
5 30 1
5 31 6
5 33 2
5 51 3
5 54 3
5 56 10
5 57 9
5 58 3
5 60 8
5 62 4
5 63 8
5 68 7
6 7 5
6 9 9
6 10 6
6 11 5
6 13 10
6 14 2
6 15 3
6 16 3
6 17 5
6 18 10
6 19 10
6 20 1
6 21 7
6 22 8
6 26 7
6 29 3
6 31 8
6 32 3
6 33 2
6 35 9
6 38 4
6 39 6
6 43 4
6 44 2
6 45 10
6 46 5
6 48 7
6 49 7
6 52 9
6 56 2
6 59 7
6 60 5
6 61 6
6 62 9
6 63 8
6 64 6
6 65 5
7 10 7
7 11 7
7 13 10
7 14 4
7 18 2
7 19 8
7 20 7
7 21 5
7 22 4
7 23 10
7 28 6
7 29 1
7 30 9
7 31 8
7 33 8
7 34 6
7 44 3
7 49 6
7 55 1
7 56 4
7 60 2
7 61 8
7 62 2
7 66 4
7 67 7
8 13 5
8 14 1
8 16 2
8 17 7
8 18 6
8 19 1
8 21 10
8 22 6
8 23 1
8 25 3
8 28 7
8 31 9
8 32 4
8 35 9
8 38 6
8 40 2
8 43 5
8 44 10
8 46 1
8 49 9
8 57 9
8 58 7
8 59 9
8 60 9
8 61 8
8 62 4
8 63 9
8 64 2
8 65 3
8 66 3
8 67 3
8 69 6
9 13 6
9 15 2
9 16 5
9 17 4
9 21 1
9 24 7
9 25 2
9 26 2
9 27 10
9 28 1
9 30 3
9 31 4
9 32 8
9 33 2
9 34 3
9 35 10
9 36 6
9 37 8
9 39 2
9 40 9
9 41 9
9 45 3
9 46 9
9 48 6
9 50 3
9 52 5
9 54 1
9 58 3
9 59 9
9 60 8
9 62 4
9 66 6
9 67 9
10 18 6
10 19 2
10 21 10
10 25 9
10 26 9
10 30 1
10 31 1
10 32 1
10 37 5
10 41 2
10 43 8
10 45 5
10 46 7
10 48 10
10 49 4
10 50 3
10 51 6
10 52 2
10 54 6
10 55 10
10 56 7
10 58 2
10 59 7
10 60 2
10 63 8
11 14 6
11 15 6
11 16 7
11 17 6
11 23 8
11 24 5
11 25 10
11 27 7
11 30 2
11 31 8
11 34 7
11 35 10
11 36 3
11 42 1
11 43 5
11 46 3
11 51 9
11 55 3
11 58 5
11 62 10
11 63 6
11 64 8
11 65 6
11 67 6
11 68 6
11 69 10
12 18 8
12 19 10
12 23 3
12 26 7
12 27 6
12 28 5
12 31 7
12 32 8
12 33 5
12 35 4
12 37 6
12 38 5
12 40 3
12 42 5
12 43 2
12 45 8
12 48 3
12 50 2
12 51 6
12 52 8
12 54 7
12 55 6
12 58 4
12 63 7
12 65 7
12 67 6
12 68 5
12 69 3
13 17 10
13 23 10
13 24 5
13 25 4
13 26 8
13 31 10
13 34 1
13 35 8
13 38 3
13 39 9
13 40 7
13 41 10
13 42 2
13 45 7
13 46 7
13 52 2
13 53 2
13 54 8
13 55 5
13 56 1
13 58 7
13 59 3
13 61 7
13 62 7
13 63 6
13 64 8
13 65 3
13 66 2
13 69 9
14 15 6
14 16 9
14 17 10
14 18 9
14 20 10
14 21 2
14 22 7
14 24 8
14 25 1
14 27 7
14 28 6
14 29 8
14 30 8
14 34 9
14 35 7
14 37 6
14 38 2
14 39 8
14 41 4
14 43 3
14 45 10
14 47 8
14 53 7
14 55 7
14 56 8
14 58 2
14 62 10
14 63 6
14 65 7
14 66 6
14 67 6
14 68 1
14 69 2
15 17 6
15 18 7
15 20 5
15 21 9
15 22 4
15 24 8
15 26 10
15 27 1
15 29 2
15 30 4
15 31 3
15 32 1
15 34 3
15 36 5
15 37 9
15 39 1
15 40 10
15 41 7
15 44 10
15 46 4
15 47 6
15 48 6
15 49 5
15 50 1
15 51 6
15 52 5
15 53 8
15 56 5
15 59 10
15 60 2
15 61 5
15 62 8
15 63 6
15 64 8
16 17 3
16 18 10
16 20 10
16 21 10
16 22 10
16 25 4
16 26 4
16 28 6
16 31 3
16 33 9
16 35 3
16 39 2
16 40 1
16 41 6
16 42 7
16 44 3
16 45 10
16 47 4
16 50 4
16 52 10
16 58 4
16 60 6
16 62 7
16 65 5
16 66 7
16 67 10
16 68 10
16 69 5
17 22 6
17 23 3
17 24 2
17 25 3
17 26 4
17 28 10
17 29 2
17 30 2
17 33 9
17 34 9
17 43 4
17 44 10
17 46 2
17 48 8
17 50 8
17 51 7
17 55 5
17 56 8
17 59 3
17 62 5
17 63 2
17 65 2
17 66 7
17 69 5
18 19 4
18 20 2
18 21 3
18 23 8
18 24 8
18 25 1
18 26 3
18 28 2
18 32 7
18 33 10
18 37 4
18 38 4
18 39 5
18 40 2
18 42 9
18 44 10
18 46 3
18 48 1
18 49 7
18 55 9
18 56 9
18 57 2
18 58 8
18 59 3
18 63 4
18 65 9
18 68 8
19 20 8
19 22 7
19 24 9
19 25 7
19 28 3
19 29 2
19 31 5
19 32 6
19 34 9
19 37 7
19 39 1
19 42 2
19 43 8
19 44 9
19 45 10
19 47 5
19 48 5
19 50 9
19 52 5
19 53 9
19 54 6
19 55 1
19 56 3
19 59 9
19 61 2
19 63 6
19 64 1
19 65 4
19 67 8
20 22 7
20 24 5
20 26 4
20 28 2
20 32 1
20 33 8
20 37 1
20 38 2
20 39 10
20 41 8
20 42 3
20 43 10
20 44 8
20 45 3
20 50 5
20 53 1
20 55 7
20 56 2
20 57 7
20 60 4
20 61 8
20 62 10
20 67 4
20 69 9
21 25 8
21 32 2
21 34 4
21 35 2
21 36 5
21 38 9
21 39 9
21 41 1
21 44 5
21 45 1
21 50 3
21 51 5
21 55 6
21 57 4
21 59 3
21 60 10
21 62 6
21 63 1
21 65 6
21 66 3
21 69 6
22 23 9
22 28 6
22 29 4
22 30 8
22 31 10
22 33 5
22 34 4
22 35 5
22 36 7
22 40 3
22 41 1
22 45 5
22 47 1
22 49 8
22 52 3
22 53 6
22 56 7
22 58 3
22 59 5
22 60 6
22 61 3
22 65 1
22 67 10
22 68 6
22 69 3
23 24 9
23 25 10
23 28 6
23 29 7
23 31 7
23 32 2
23 33 5
23 34 9
23 37 3
23 38 2
23 39 6
23 40 9
23 41 3
23 42 1
23 46 9
23 47 5
23 49 5
23 50 3
23 53 5
23 54 7
23 55 4
23 59 1
23 61 2
23 68 4
23 69 4
24 26 8
24 30 8
24 31 7
24 32 10
24 35 2
24 36 9
24 42 1
24 43 4
24 45 7
24 46 5
24 47 4
24 48 6
24 51 9
24 52 6
24 56 3
24 57 1
24 58 5
24 60 3
24 61 1
24 62 2
24 66 3
24 68 10
25 26 10
25 28 5
25 33 10
25 34 8
25 36 1
25 39 10
25 41 3
25 42 8
25 44 6
25 47 7
25 48 8
25 53 2
25 56 3
25 57 8
25 58 1
25 60 10
25 63 3
25 64 4
25 65 7
25 67 9
25 68 2
25 69 6
26 30 2
26 33 3
26 34 6
26 36 7
26 37 9
26 38 9
26 39 5
26 41 7
26 42 3
26 43 10
26 45 3
26 47 1
26 48 8
26 50 2
26 53 3
26 54 6
26 55 5
26 58 6
26 62 6
26 64 1
26 65 8
26 67 2
26 68 8
26 69 7
27 29 5
27 30 9
27 31 10
27 33 2
27 34 4
27 36 4
27 38 8
27 39 4
27 40 2
27 41 10
27 43 7
27 44 10
27 45 9
27 47 4
27 49 5
27 52 8
27 53 5
27 55 5
27 56 4
27 63 2
27 64 10
28 29 8
28 32 8
28 38 4
28 40 8
28 42 3
28 43 2
28 44 2
28 47 1
28 48 7
28 49 3
28 50 5
28 52 1
28 53 10
28 60 3
28 63 10
28 68 9
29 35 2
29 36 4
29 40 2
29 42 10
29 43 1
29 44 1
29 46 3
29 47 6
29 48 5
29 50 3
29 51 5
29 52 1
29 54 3
29 56 6
29 57 7
29 59 10
29 62 2
29 63 4
29 65 3
29 66 6
29 68 3
30 31 9
30 34 7
30 35 2
30 36 1
30 37 5
30 38 10
30 39 5
30 40 3
30 46 9
30 48 7
30 50 7
30 51 3
30 52 5
30 56 8
30 59 4
30 61 8
30 62 5
30 66 8
30 67 1
30 68 9
30 69 1
31 32 1
31 33 10
31 34 10
31 39 7
31 40 5
31 43 6
31 46 2
31 47 6
31 56 7
31 57 7
31 59 8
31 60 6
31 62 10
31 65 10
31 66 8
31 67 5
31 68 4
32 36 9
32 37 4
32 39 7
32 45 3
32 47 3
32 48 8
32 49 6
32 52 9
32 53 4
32 54 2
32 55 1
32 56 7
32 58 10
32 68 4
33 34 6
33 35 8
33 36 7
33 42 3
33 43 2
33 45 5
33 47 8
33 48 9
33 49 1
33 51 5
33 55 9
33 56 1
33 59 2
33 61 2
33 64 8
33 65 10
33 66 7
33 68 8
34 36 8
34 38 9
34 40 1
34 42 4
34 43 5
34 44 8
34 45 7
34 47 2
34 51 8
34 52 8
34 53 4
34 56 2
34 58 2
34 59 10
34 61 6
34 63 1
34 64 5
34 65 2
34 67 7
35 36 4
35 37 5
35 38 5
35 40 8
35 41 5
35 43 2
35 44 2
35 46 10
35 51 5
35 54 4
35 55 7
35 56 7
35 58 2
35 60 5
35 63 4
35 65 9
35 66 4
35 68 10
35 69 7
36 38 4
36 40 9
36 41 3
36 46 2
36 47 4
36 49 9
36 52 9
36 54 6
36 56 2
36 57 1
36 61 3
36 62 1
36 64 4
36 66 7
36 68 8
36 69 9
37 38 6
37 40 2
37 41 5
37 42 5
37 45 9
37 46 10
37 47 10
37 48 2
37 49 1
37 50 9
37 52 9
37 53 7
37 55 7
37 56 3
37 61 9
37 63 10
37 64 1
37 66 1
37 67 3
37 68 6
38 44 5
38 47 8
38 48 7
38 50 8
38 51 10
38 54 1
38 55 2
38 58 2
38 59 6
38 60 3
38 63 2
38 65 9
38 68 2
39 41 7
39 44 10
39 45 8
39 48 4
39 49 10
39 50 8
39 53 2
39 54 6
39 55 5
39 56 1
39 57 2
39 62 4
39 64 9
39 66 3
39 67 9
39 68 2
40 42 8
40 43 4
40 47 2
40 49 6
40 50 7
40 52 9
40 55 7
40 56 10
40 57 6
40 58 4
40 60 4
40 61 7
40 64 9
40 67 10
40 69 1
41 42 2
41 47 3
41 48 7
41 57 8
41 58 8
41 59 2
41 60 1
41 61 4
41 62 1
41 63 4
41 68 7
42 44 7
42 45 4
42 48 6
42 49 2
42 50 1
42 51 7
42 53 4
42 54 8
42 56 6
42 58 6
42 63 4
42 64 3
42 65 2
42 66 1
42 67 3
42 69 3
43 45 4
43 47 5
43 51 2
43 53 1
43 55 9
43 56 4
43 57 7
43 59 5
43 60 8
43 61 2
43 62 1
43 63 7
43 66 3
43 67 9
44 45 7
44 49 4
44 52 4
44 59 6
44 60 4
44 63 10
44 64 3
44 65 3
44 67 4
45 47 3
45 48 9
45 51 4
45 54 1
45 61 2
45 62 5
45 64 9
45 67 8
45 69 5
46 47 3
46 50 10
46 52 10
46 54 5
46 56 10
46 57 1
46 58 7
46 59 8
46 60 3
46 65 1
46 67 3
47 48 6
47 49 10
47 50 6
47 51 2
47 53 5
47 59 4
47 61 8
47 62 8
47 65 1
47 66 7
47 67 9
47 68 9
48 50 10
48 52 6
48 54 10
48 56 8
48 58 1
48 59 8
48 61 6
48 62 2
48 63 1
48 65 4
48 66 2
48 67 1
48 68 9
48 69 8
49 50 4
49 51 4
49 52 8
49 53 6
49 56 4
49 57 10
49 58 5
49 59 8
49 60 4
49 61 8
49 63 8
49 65 1
49 69 6
50 56 1
50 60 7
50 62 8
50 63 6
50 64 4
50 66 6
50 67 10
50 68 5
51 52 10
51 53 10
51 57 9
51 58 9
51 59 4
51 60 9
51 61 4
51 63 7
51 64 6
51 67 5
51 68 1
51 69 9
52 54 3
52 62 10
52 63 7
52 66 2
52 67 8
52 68 10
53 56 3
53 57 1
53 59 8
53 60 7
53 61 6
53 63 1
53 64 8
53 67 6
53 69 2
54 55 1
54 57 1
54 59 9
54 60 3
54 61 2
54 62 2
54 67 1
55 56 2
55 57 4
55 59 6
55 61 6
55 62 3
55 64 4
55 67 10
55 68 3
56 57 6
56 58 3
56 59 10
56 60 2
56 61 1
56 62 9
56 63 1
56 64 10
56 65 2
56 68 5
56 69 9
57 58 9
57 59 4
57 60 7
57 64 8
57 65 1
57 66 1
57 67 4
57 69 6
58 60 10
58 63 4
58 64 6
58 65 3
58 66 5
58 68 4
58 69 5
59 64 10
59 65 6
60 61 10
60 64 1
60 65 1
60 66 9
60 69 7
61 64 6
61 65 5
61 69 8
62 64 3
62 67 5
62 69 10
63 64 5
63 67 10
64 65 8
64 67 6
64 68 8
64 69 8
65 69 9
66 67 2
66 68 5
