53 684
0 1 9996
0 3 294
0 4 9663
0 5 3252
0 6 7187
0 9 3634
0 10 2991
0 11 3350
0 15 4280
0 17 19
0 18 8547
0 19 8487
0 20 9764
0 23 8213
0 25 258
0 27 2974
0 30 7228
0 31 632
0 34 9563
0 38 5810
0 40 6321
0 41 8662
0 43 6406
0 45 8702
0 46 4177
0 47 3058
0 50 395
1 2 2614
1 3 3250
1 5 6656
1 8 9097
1 9 6370
1 10 2149
1 11 5799
1 12 4900
1 15 2159
1 16 2718
1 18 7461
1 21 2332
1 22 6751
1 24 9684
1 26 6348
1 28 4410
1 31 986
1 33 8916
1 35 3062
1 37 8461
1 38 5192
1 39 4928
1 41 4327
1 45 8064
1 48 2750
1 50 1379
1 52 4540
2 3 8903
2 7 2682
2 9 5603
2 11 3084
2 13 1860
2 16 6840
2 22 4588
2 23 9732
2 24 5428
2 26 1573
2 30 8107
2 31 3867
2 32 6005
2 33 7157
2 36 48
2 43 7589
2 46 3103
2 49 7119
2 50 850
3 4 5587
3 5 4851
3 6 4467
3 7 7964
3 8 4302
3 9 5102
3 11 7235
3 12 1507
3 14 7880
3 21 4527
3 22 9578
3 24 5326
3 32 451
3 33 4882
3 34 573
3 36 6216
3 37 4960
3 38 5220
3 41 461
3 46 5368
3 50 2735
3 52 452
4 7 8201
4 8 5464
4 9 7314
4 10 2513
4 11 6504
4 12 5193
4 14 2817
4 15 4414
4 16 7755
4 17 7149
4 22 3987
4 24 2005
4 26 568
4 27 6123
4 28 1444
4 29 1566
4 30 5709
4 31 8917
4 32 3501
4 33 6314
4 35 5186
4 39 5529
4 42 5967
4 43 6003
4 46 5689
4 49 7680
5 6 3490
5 7 8328
5 9 2213
5 12 1421
5 13 5936
5 15 9115
5 17 6110
5 19 7559
5 21 9078
5 22 3305
5 24 6217
5 25 2725
5 27 7478
5 29 1844
5 30 156
5 32 1636
5 33 6058
5 34 3763
5 35 460
5 37 8691
5 38 1958
5 42 3436
5 44 5442
5 47 2036
5 50 4100
6 7 1541
6 9 5656
6 10 3277
6 11 1724
6 16 8134
6 17 9981
6 18 8730
6 20 5391
6 21 1467
6 24 7570
6 25 7436
6 26 4051
6 27 9163
6 28 4119
6 29 7346
6 31 7432
6 32 3510
6 33 4864
6 35 6596
6 39 5374
6 40 6984
6 42 5056
6 45 4163
6 46 5956
6 47 4440
6 50 2081
6 52 4956
7 8 4050
7 11 9622
7 12 7741
7 13 2746
7 14 46
7 15 3786
7 16 3291
7 19 9385
7 21 3732
7 24 6075
7 28 2738
7 30 5363
7 31 9116
7 32 5025
7 35 9376
7 39 4012
7 41 8589
7 42 5137
7 45 8105
7 47 7627
7 49 1914
8 10 2774
8 16 3132
8 19 7131
8 20 2788
8 21 7069
8 22 2580
8 24 6428
8 26 4027
8 27 9059
8 30 1271
8 35 4116
8 36 7097
8 37 9114
8 39 9462
8 40 7941
8 41 4731
8 43 9317
8 45 9859
8 48 8106
8 50 93
9 10 8472
9 13 9974
9 15 1123
9 17 5223
9 18 5595
9 19 603
9 21 7975
9 22 5206
9 24 5974
9 27 9296
9 28 2555
9 29 3170
9 32 543
9 38 8349
9 39 147
9 40 3582
9 42 6512
9 43 718
9 45 6581
9 48 7809
9 49 3764
9 50 9802
10 13 6401
10 14 6668
10 15 4782
10 17 4735
10 18 835
10 23 7616
10 24 8541
10 29 934
10 32 1715
10 33 4427
10 38 6158
10 39 8240
10 41 3386
10 43 8412
10 45 5687
10 48 991
10 50 9181
10 51 1411
11 13 2032
11 17 903
11 20 2858
11 22 7668
11 23 1919
11 24 58
11 25 7757
11 27 9964
11 28 3408
11 31 8449
11 35 9001
11 36 946
11 38 1051
11 39 8737
11 40 4580
11 44 542
11 45 9054
11 49 135
12 15 131
12 16 3448
12 17 5675
12 18 7793
12 19 4823
12 20 6542
12 22 5515
12 23 8138
12 27 8700
12 29 733
12 36 4089
12 37 4865
12 38 2830
12 39 8942
12 42 7322
12 43 5405
12 46 6972
12 47 4617
12 48 4388
12 49 8263
12 50 1757
12 51 7349
12 52 7555
13 14 2214
13 16 4574
13 17 210
13 18 6951
13 22 8526
13 23 7306
13 26 3457
13 27 6728
13 28 5816
13 29 7021
13 31 7976
13 33 9766
13 34 8673
13 39 7143
13 41 848
13 42 7452
13 43 2591
13 44 3973
13 47 150
13 50 7377
13 51 1936
14 17 6769
14 18 9958
14 20 3696
14 21 7924
14 22 5628
14 24 5973
14 25 530
14 26 4719
14 27 181
14 28 1448
14 30 4305
14 32 2248
14 33 6039
14 34 1297
14 36 6388
14 39 8191
14 41 8287
14 42 416
14 44 8370
14 45 9589
14 50 9457
15 16 9308
15 17 2178
15 19 2223
15 20 1925
15 21 7197
15 22 3727
15 23 1352
15 24 7524
15 25 9754
15 32 2291
15 34 1505
15 37 8789
15 38 7777
15 39 3752
15 41 9368
15 42 5450
15 45 1816
15 46 6637
15 49 8897
16 19 1077
16 23 8835
16 26 3341
16 28 9267
16 31 284
16 33 7388
16 34 7817
16 36 3704
16 37 7931
16 40 4631
16 42 9064
16 44 7970
16 48 1441
16 49 9560
16 51 7533
16 52 7296
17 20 7051
17 21 6948
17 23 9176
17 24 8022
17 25 74
17 27 4817
17 29 3557
17 30 4209
17 31 2757
17 32 4516
17 36 2608
17 39 581
17 41 4752
17 44 1307
17 45 6134
17 47 6098
17 49 8697
17 51 6456
18 19 8491
18 20 145
18 21 4838
18 22 9662
18 23 9947
18 24 2358
18 25 3577
18 26 3420
18 27 8704
18 28 1016
18 32 5179
18 33 6903
18 34 627
18 37 5576
18 38 4923
18 39 4611
18 41 3879
18 45 7580
18 47 9003
18 48 716
18 50 4881
18 52 2733
19 25 5516
19 26 8183
19 28 1942
19 29 589
19 32 4
19 34 98
19 36 917
19 37 9235
19 38 9849
19 39 3406
19 42 2869
19 43 1217
19 44 4206
19 45 4193
19 46 5426
19 47 8817
20 22 3928
20 23 9592
20 26 5463
20 27 3848
20 29 2392
20 30 8436
20 34 9051
20 36 4448
20 39 5357
20 41 6172
20 45 8845
20 46 4531
20 47 3017
20 48 7960
20 52 6906
21 24 6278
21 25 2211
21 26 281
21 27 2421
21 28 3202
21 29 9901
21 31 925
21 32 9165
21 34 3664
21 35 7486
21 40 8803
21 41 9771
21 42 6558
21 44 3204
21 46 2435
21 49 7191
21 51 6807
22 25 6800
22 27 2342
22 30 819
22 32 7276
22 34 3247
22 36 5552
22 37 4235
22 40 2561
22 44 6241
22 47 10
22 48 761
22 50 1674
23 27 851
23 29 3348
23 31 4707
23 32 7772
23 33 3902
23 36 2872
23 37 4503
23 38 1949
23 39 559
23 40 8590
23 43 5833
23 46 1294
23 47 1316
23 49 8199
23 50 432
24 27 4151
24 29 633
24 34 6632
24 35 5346
24 37 7242
24 38 7558
24 39 9800
24 42 7400
24 43 557
24 46 5828
24 48 5728
24 49 81
24 51 138
25 26 5375
25 29 9252
25 30 7090
25 33 7779
25 35 9281
25 36 8867
25 37 8831
25 38 5047
25 40 4276
25 41 732
25 43 1088
25 44 1549
25 45 2836
25 48 8095
25 51 8020
26 27 7801
26 31 1262
26 33 6698
26 38 4726
26 40 3035
26 41 9034
26 42 1150
26 43 3748
26 44 3338
26 48 5582
27 28 9963
27 29 50
27 30 6846
27 31 6171
27 34 2517
27 39 5247
27 45 8463
27 46 1221
27 51 6762
27 52 9149
28 29 7416
28 30 3624
28 36 9369
28 37 3481
28 38 2051
28 39 1676
28 41 4170
28 42 4486
28 44 5945
28 46 1115
28 47 975
28 48 428
28 50 6195
28 52 5462
29 30 1855
29 31 2479
29 34 2832
29 36 2948
29 37 4168
29 39 4973
29 40 6385
29 41 7366
29 42 6528
29 46 676
29 47 404
29 49 3509
29 51 6410
29 52 479
30 31 3564
30 33 3054
30 34 712
30 35 1907
30 40 8621
30 41 2554
30 43 9869
30 46 3671
30 50 8307
30 51 3440
30 52 9661
31 32 4807
31 33 8810
31 36 8032
31 38 1196
31 39 3281
31 40 1697
31 42 2525
31 43 7009
31 46 8865
31 47 6570
31 50 5325
31 51 3759
31 52 4219
32 33 6742
32 34 60
32 35 6917
32 39 1745
32 40 6786
32 41 8807
32 42 5882
32 43 8764
32 44 1777
32 46 1367
32 47 4886
32 48 798
32 51 7126
32 52 6904
33 35 7504
33 36 9824
33 38 8542
33 39 527
33 40 6589
33 42 8597
33 45 9804
33 50 2688
33 51 3427
34 36 6863
34 37 6093
34 40 1665
34 43 8014
34 47 1237
34 50 1400
35 37 9786
35 38 3970
35 42 9987
35 48 9256
35 49 4311
35 50 2507
36 38 7857
36 48 4783
36 50 901
37 38 2751
37 39 8405
37 42 8946
37 46 1143
37 48 5721
37 49 4138
37 50 2965
37 51 6591
37 52 2639
38 39 3722
38 40 6263
38 42 3047
38 43 9481
38 48 3453
38 50 8544
38 51 3029
39 49 9139
39 50 6687
39 52 2570
40 43 7492
40 46 3771
40 47 4478
40 49 5313
40 50 9253
41 42 682
41 45 3857
41 48 8558
41 51 1785
41 52 9706
42 43 4931
42 45 3643
42 46 9456
42 48 7439
42 49 318
42 50 2470
42 51 1539
43 47 4987
43 50 6666
43 51 2845
44 46 5665
44 51 3011
44 52 789
45 46 3313
45 50 6862
45 52 5607
46 48 6208
46 49 6912
46 50 4524
47 49 1590
47 50 3734
47 51 9120
47 52 1703
48 49 2969
48 50 8834
48 51 4229
49 50 7286
49 52 822
50 51 2366
51 52 6272
