62 941
0 1 10
0 2 9
0 3 6
0 5 5
0 6 7
0 10 8
0 11 1
0 13 2
0 18 4
0 19 7
0 20 5
0 22 10
0 23 10
0 24 8
0 27 5
0 28 6
0 30 7
0 31 1
0 34 8
0 35 10
0 37 6
0 39 2
0 46 8
0 47 1
0 53 3
0 54 7
0 56 5
0 59 3
0 61 5
1 9 7
1 10 2
1 13 3
1 18 2
1 20 3
1 22 7
1 25 5
1 28 6
1 32 7
1 33 3
1 38 6
1 43 1
1 46 3
1 47 10
1 49 2
1 53 8
1 56 10
1 59 9
1 60 5
2 3 9
2 4 2
2 5 6
2 9 5
2 10 10
2 11 8
2 13 3
2 15 1
2 18 6
2 22 2
2 23 5
2 27 1
2 31 5
2 34 3
2 37 3
2 39 9
2 40 4
2 41 5
2 42 8
2 43 5
2 44 3
2 47 5
2 49 10
2 51 4
2 55 7
2 56 7
2 58 4
2 60 5
2 61 1
3 4 2
3 6 5
3 8 7
3 12 9
3 14 8
3 15 5
3 16 6
3 17 4
3 21 6
3 27 3
3 28 5
3 30 8
3 34 8
3 37 7
3 41 9
3 43 9
3 44 10
3 45 8
3 50 9
3 51 10
3 54 9
3 56 8
3 58 7
3 59 5
4 6 7
4 7 3
4 8 10
4 12 9
4 15 4
4 16 8
4 17 6
4 18 2
4 19 2
4 23 6
4 25 10
4 27 10
4 30 7
4 31 5
4 33 4
4 36 6
4 37 10
4 39 3
4 40 3
4 42 5
4 47 8
4 50 9
4 53 7
4 54 9
4 56 1
4 58 6
4 59 10
4 61 3
5 6 5
5 7 6
5 12 10
5 13 8
5 14 1
5 16 7
5 17 2
5 19 5
5 20 1
5 22 2
5 23 6
5 25 6
5 27 4
5 32 7
5 33 10
5 37 10
5 38 8
5 39 5
5 40 1
5 43 4
5 44 10
5 45 1
5 46 8
5 48 5
5 49 1
5 51 5
5 55 3
5 56 5
5 57 10
5 59 7
6 7 4
6 8 1
6 10 6
6 11 4
6 12 3
6 14 7
6 15 8
6 16 8
6 17 8
6 19 1
6 21 1
6 22 1
6 24 4
6 26 7
6 28 9
6 30 3
6 32 8
6 40 8
6 41 8
6 42 4
6 45 7
6 46 9
6 47 7
6 50 9
6 52 7
6 53 1
6 54 5
6 55 9
6 60 1
7 10 9
7 11 9
7 14 3
7 15 4
7 17 1
7 18 7
7 21 2
7 23 9
7 24 6
7 25 10
7 27 2
7 28 4
7 29 3
7 30 1
7 31 3
7 32 3
7 34 7
7 35 7
7 36 8
7 39 9
7 40 8
7 41 2
7 43 7
7 48 3
7 52 3
7 54 10
7 56 4
7 57 10
7 58 4
7 59 6
8 9 3
8 11 9
8 13 7
8 14 1
8 17 5
8 20 10
8 21 3
8 23 6
8 28 6
8 29 4
8 31 10
8 34 10
8 35 6
8 37 1
8 40 3
8 43 3
8 44 3
8 46 8
8 47 4
8 48 8
8 49 10
8 51 2
8 52 7
8 55 4
8 56 9
8 57 9
8 60 9
9 12 3
9 14 4
9 15 3
9 16 9
9 19 9
9 22 7
9 25 6
9 26 5
9 29 4
9 30 5
9 32 2
9 35 6
9 41 2
9 44 4
9 46 7
9 47 8
9 49 2
9 51 1
9 58 9
9 59 9
9 60 4
9 61 7
10 11 5
10 12 3
10 13 5
10 14 1
10 15 5
10 16 4
10 18 6
10 19 2
10 22 10
10 23 9
10 24 5
10 25 8
10 28 10
10 30 10
10 32 4
10 33 5
10 38 6
10 39 1
10 40 4
10 43 6
10 46 7
10 47 1
10 51 4
10 55 6
10 57 6
10 58 1
10 59 4
10 61 7
11 13 2
11 14 8
11 15 6
11 16 2
11 19 9
11 20 10
11 22 6
11 23 6
11 24 1
11 25 7
11 26 10
11 27 4
11 29 10
11 30 7
11 32 1
11 35 5
11 38 10
11 40 7
11 45 9
11 48 4
11 49 6
11 52 1
11 54 10
11 55 3
11 58 1
11 59 8
11 60 6
11 61 3
12 14 3
12 15 5
12 18 6
12 20 1
12 21 3
12 23 1
12 25 3
12 27 6
12 28 9
12 30 10
12 31 7
12 33 1
12 35 8
12 37 5
12 38 5
12 39 2
12 42 1
12 43 2
12 46 7
12 48 6
12 50 6
12 52 6
12 54 9
12 55 5
12 57 1
12 59 4
12 60 3
13 14 10
13 15 1
13 18 8
13 20 1
13 23 5
13 24 3
13 26 2
13 33 1
13 34 2
13 38 10
13 39 4
13 44 8
13 47 7
13 50 1
13 52 3
13 55 9
13 56 6
13 58 2
13 59 4
13 60 6
13 61 4
14 15 3
14 16 7
14 19 4
14 20 3
14 21 2
14 22 7
14 24 8
14 25 5
14 27 9
14 33 5
14 35 7
14 36 1
14 39 9
14 40 10
14 42 10
14 43 2
14 44 2
14 48 1
14 49 2
14 52 10
14 54 5
14 56 1
14 57 5
14 60 5
14 61 6
15 16 3
15 18 2
15 20 5
15 21 9
15 24 4
15 27 8
15 28 5
15 29 2
15 30 2
15 31 8
15 38 3
15 39 8
15 41 4
15 44 2
15 45 1
15 48 5
15 49 9
15 52 10
15 54 3
15 55 2
15 58 3
16 17 7
16 21 7
16 22 3
16 24 2
16 26 1
16 27 10
16 31 2
16 32 2
16 34 6
16 36 2
16 37 9
16 38 8
16 39 6
16 44 8
16 46 8
16 47 8
16 48 5
16 53 1
16 57 2
16 59 6
16 61 4
17 19 1
17 20 3
17 21 8
17 23 7
17 24 9
17 26 1
17 28 8
17 29 8
17 30 4
17 32 5
17 34 8
17 36 1
17 37 10
17 38 4
17 42 1
17 43 4
17 45 9
17 46 10
17 47 10
17 49 7
17 51 4
17 53 5
17 54 10
17 55 4
17 57 6
17 60 8
18 19 8
18 20 7
18 22 2
18 26 3
18 28 3
18 35 7
18 36 5
18 38 3
18 41 5
18 46 7
18 52 7
18 53 2
18 58 3
18 60 6
18 61 10
19 20 8
19 22 5
19 23 4
19 25 1
19 30 1
19 31 5
19 32 9
19 33 8
19 34 1
19 35 4
19 37 7
19 38 1
19 39 5
19 40 7
19 42 4
19 47 5
19 50 5
19 52 6
19 53 8
19 54 1
19 56 5
19 61 9
20 23 3
20 25 2
20 26 7
20 30 1
20 31 8
20 33 5
20 34 5
20 35 4
20 36 6
20 38 7
20 40 8
20 41 6
20 42 10
20 44 1
20 46 6
20 47 6
20 48 9
20 49 4
20 52 3
20 54 3
20 58 9
20 59 8
20 60 4
21 24 3
21 27 6
21 28 8
21 29 2
21 30 5
21 31 5
21 32 8
21 35 9
21 38 2
21 42 4
21 43 9
21 44 8
21 45 7
21 46 5
21 47 2
21 48 10
21 54 3
21 55 1
21 57 9
21 58 10
21 59 9
21 60 8
21 61 10
22 27 8
22 28 2
22 29 5
22 30 1
22 31 7
22 32 4
22 35 6
22 39 5
22 43 5
22 45 1
22 47 5
22 49 8
22 52 2
22 54 6
22 55 6
22 61 5
23 28 9
23 30 10
23 38 3
23 40 10
23 41 5
23 42 1
23 45 7
23 46 4
23 47 9
23 48 10
23 49 6
23 50 1
23 53 1
23 54 10
23 55 3
23 56 8
23 57 3
23 59 10
24 30 6
24 34 10
24 35 10
24 36 1
24 37 8
24 39 3
24 40 2
24 41 6
24 47 5
24 50 7
24 52 8
24 56 5
24 57 4
24 59 8
24 60 3
25 29 4
25 30 3
25 31 7
25 41 10
25 42 8
25 45 8
25 46 8
25 48 2
25 51 10
25 52 3
25 54 1
25 55 10
25 58 9
25 59 9
25 60 7
25 61 9
26 27 5
26 29 4
26 31 1
26 33 1
26 35 1
26 37 9
26 38 10
26 40 4
26 42 9
26 44 10
26 45 9
26 47 2
26 48 7
26 52 2
26 54 7
26 56 6
26 57 9
26 59 9
26 60 10
27 28 8
27 29 9
27 30 9
27 33 2
27 40 8
27 41 4
27 42 9
27 43 9
27 44 8
27 47 8
27 48 5
27 50 5
27 52 1
27 53 7
27 54 5
27 56 7
27 58 10
27 60 6
28 31 4
28 32 6
28 34 4
28 36 3
28 39 5
28 41 5
28 43 5
28 46 4
28 47 3
28 50 1
28 51 3
28 52 7
28 56 5
28 57 8
29 32 2
29 33 6
29 34 1
29 35 10
29 37 5
29 44 1
29 45 5
29 47 3
29 50 4
29 51 8
29 54 7
29 57 6
29 58 1
29 60 10
30 31 6
30 37 9
30 38 4
30 41 2
30 43 7
30 44 5
30 45 3
30 51 3
30 52 8
30 53 1
30 54 6
30 56 10
30 58 5
30 61 1
31 33 3
31 34 3
31 35 9
31 36 6
31 39 8
31 40 8
31 41 9
31 43 9
31 44 4
31 47 8
31 49 1
31 50 6
31 51 3
31 54 2
31 56 2
31 58 6
31 59 8
31 60 8
31 61 4
32 33 10
32 35 5
32 37 7
32 38 6
32 40 5
32 42 1
32 44 2
32 47 4
32 48 9
32 49 2
32 50 10
32 51 10
32 54 5
32 56 1
32 57 7
32 60 2
32 61 7
33 35 1
33 36 4
33 39 7
33 40 2
33 43 6
33 44 4
33 49 1
33 50 7
33 53 1
33 54 9
33 57 8
33 60 8
34 35 7
34 37 8
34 41 2
34 43 9
34 44 9
34 46 4
34 47 5
34 48 8
34 49 2
34 50 7
34 51 8
34 52 9
34 55 2
34 58 7
34 59 4
34 60 2
35 36 6
35 37 9
35 40 9
35 41 9
35 43 8
35 44 2
35 47 1
35 48 10
35 50 7
35 51 2
35 52 5
35 57 8
35 58 5
35 61 7
36 38 8
36 39 9
36 40 9
36 41 4
36 42 9
36 43 9
36 45 2
36 46 6
36 47 9
36 48 7
36 49 8
36 51 9
36 54 7
36 56 5
36 58 9
36 59 9
36 60 10
37 39 1
37 41 5
37 43 1
37 44 5
37 45 6
37 46 4
37 50 5
37 52 2
37 53 8
37 58 4
37 59 2
38 39 4
38 40 2
38 42 4
38 43 5
38 44 1
38 45 2
38 47 6
38 48 10
38 51 7
38 54 7
38 55 9
38 57 5
38 58 1
39 40 2
39 42 10
39 43 5
39 44 9
39 45 4
39 53 5
39 56 2
39 60 8
39 61 6
40 41 8
40 42 7
40 45 6
40 47 8
40 51 7
40 54 1
40 59 2
40 61 4
41 45 5
41 46 2
41 47 5
41 53 5
41 54 7
41 57 3
41 58 5
41 59 6
42 43 6
42 47 8
42 53 5
42 54 3
42 58 4
42 59 7
43 44 7
43 45 8
43 47 6
43 48 5
43 49 7
43 50 1
43 55 7
43 58 2
43 61 2
44 45 1
44 49 2
44 50 6
44 53 7
44 55 2
44 57 1
44 59 9
45 50 5
45 51 7
45 52 1
45 53 5
45 54 6
45 55 2
45 56 5
45 57 2
45 60 2
45 61 10
46 47 7
46 49 2
46 50 7
46 51 1
46 52 10
46 53 5
46 54 8
46 55 7
46 56 3
46 57 2
46 59 7
47 49 4
47 50 2
47 55 7
47 56 6
47 57 1
47 58 10
47 59 9
47 60 3
48 49 4
48 50 7
48 53 1
48 54 5
48 58 3
48 59 6
49 51 6
49 52 6
49 54 5
49 55 10
49 58 10
49 59 9
49 60 3
50 51 8
50 52 4
50 53 8
50 54 2
50 58 7
51 52 3
51 53 9
51 54 9
51 56 9
51 57 3
51 58 6
51 60 3
51 61 9
52 53 9
52 54 7
52 56 10
52 58 8
52 60 5
53 54 10
53 57 6
53 58 6
53 61 10
54 55 10
54 57 2
54 59 8
54 60 2
54 61 1
55 56 4
55 57 8
55 58 1
55 60 7
56 57 1
56 58 5
56 59 10
56 60 10
57 61 9
58 59 7
58 60 7
58 61 10
59 60 10
59 61 9
60 61 8
