67 1091
0 1 4897
0 5 6468
0 6 8924
0 7 4567
0 9 8890
0 10 486
0 11 5849
0 12 2203
0 13 7556
0 20 8563
0 22 5527
0 23 8811
0 25 8581
0 26 1236
0 27 9857
0 30 9537
0 31 2564
0 32 4643
0 36 2821
0 39 7303
0 40 5317
0 43 1134
0 45 7044
0 47 4003
0 48 2397
0 49 7232
0 51 4546
0 52 6837
0 62 7563
0 66 267
1 2 5950
1 6 1521
1 9 4291
1 10 9592
1 12 4034
1 14 9465
1 20 3879
1 21 2786
1 22 9940
1 25 4361
1 27 5893
1 33 1811
1 36 1339
1 40 1404
1 41 1967
1 43 1044
1 45 8377
1 46 4063
1 49 4259
1 54 5974
1 55 6133
1 58 8206
1 59 9203
1 60 9011
1 63 3215
1 64 7785
1 66 6851
2 3 665
2 7 3983
2 8 9834
2 10 8366
2 15 2299
2 16 411
2 20 542
2 25 9955
2 27 3126
2 28 8411
2 30 983
2 34 2244
2 35 3478
2 37 6547
2 38 8577
2 39 2615
2 40 9526
2 41 7847
2 43 8133
2 44 5729
2 46 5826
2 47 9352
2 48 5100
2 49 4890
2 50 7872
2 51 9115
2 52 6257
2 54 4863
2 57 4634
2 59 1501
2 61 6560
2 62 4449
2 63 151
2 64 3444
2 66 5326
3 4 7728
3 6 8005
3 10 5470
3 11 8544
3 12 8243
3 13 8444
3 14 5510
3 18 4930
3 20 1958
3 21 9972
3 28 1649
3 33 4094
3 34 1985
3 36 3752
3 37 9919
3 38 64
3 41 930
3 43 7742
3 44 5887
3 47 4148
3 48 6897
3 49 2973
3 51 6092
3 53 3653
3 56 2107
3 57 8820
3 58 6062
3 61 598
3 63 6498
3 65 7510
4 5 6716
4 6 8602
4 7 1872
4 8 3354
4 10 2330
4 16 1726
4 19 7026
4 20 574
4 23 4428
4 25 7687
4 26 6519
4 27 1734
4 28 1368
4 30 4744
4 32 560
4 33 2334
4 35 9752
4 38 9548
4 40 629
4 41 6899
4 44 8435
4 46 3871
4 48 6074
4 50 5457
4 51 499
4 54 8030
4 55 3913
4 60 9920
4 61 2112
4 62 3281
4 63 862
4 64 7539
5 6 935
5 10 7072
5 11 1732
5 13 6187
5 16 669
5 17 7397
5 18 3745
5 20 6524
5 21 3677
5 23 4629
5 25 2421
5 30 7023
5 31 2590
5 34 9327
5 37 1566
5 38 4810
5 40 1432
5 41 223
5 43 7279
5 44 6836
5 46 2482
5 47 5294
5 48 8669
5 50 5338
5 51 2516
5 59 73
5 60 8342
5 62 4304
5 63 5226
5 65 3303
5 66 5350
6 9 3925
6 12 5612
6 13 2609
6 14 8024
6 15 1718
6 18 7649
6 19 2938
6 20 7467
6 24 1391
6 27 8327
6 30 2161
6 31 7277
6 32 2897
6 34 61
6 35 8356
6 36 6369
6 38 4440
6 39 6371
6 41 3686
6 43 1294
6 44 9884
6 45 1125
6 46 6950
6 50 1924
6 52 4945
6 53 8339
6 55 3945
6 57 8285
6 59 1923
6 62 1144
6 64 6107
7 10 7989
7 11 3614
7 12 8793
7 13 5242
7 14 2619
7 15 5262
7 17 5650
7 21 6189
7 22 2035
7 23 7893
7 24 6784
7 25 1821
7 29 9968
7 32 1465
7 33 9489
7 34 1237
7 35 3370
7 41 5240
7 44 4617
7 48 3233
7 49 1405
7 50 1605
7 53 575
7 54 6726
7 59 369
7 61 5945
8 11 3929
8 12 383
8 17 5341
8 18 6875
8 19 3628
8 21 8512
8 22 9620
8 28 2183
8 29 5850
8 30 3328
8 32 8058
8 36 7219
8 39 6933
8 42 191
8 43 3198
8 45 250
8 46 8670
8 48 1857
8 49 6330
8 50 3947
8 59 7612
8 60 2692
8 61 5976
8 63 2456
8 66 7861
9 11 5968
9 12 7680
9 15 2551
9 18 173
9 19 6963
9 21 3204
9 23 7267
9 24 4196
9 25 2890
9 27 4419
9 28 2308
9 30 668
9 31 1602
9 33 5386
9 34 9331
9 36 9595
9 39 1416
9 51 8746
9 52 513
9 53 1443
9 54 6173
9 55 5776
9 60 7772
9 61 8099
9 63 4106
9 65 9443
10 11 3290
10 12 71
10 13 9386
10 16 3991
10 17 7236
10 20 7573
10 22 6414
10 23 6928
10 24 370
10 29 3681
10 30 8801
10 31 2476
10 37 1571
10 48 1674
10 49 6991
10 51 1851
10 55 6094
10 60 856
10 62 1409
11 13 6906
11 15 1925
11 19 3312
11 24 7107
11 31 1703
11 33 7213
11 38 2146
11 39 5472
11 42 6675
11 44 7168
11 45 4277
11 46 3264
11 50 2574
11 51 6116
11 53 8830
11 54 3862
11 55 2427
11 58 8064
11 59 7801
11 60 6268
11 62 315
11 63 1632
11 64 1673
11 66 5837
12 13 2257
12 14 3577
12 18 7994
12 19 4856
12 21 7695
12 22 7652
12 25 1955
12 26 1053
12 27 351
12 28 6772
12 29 2719
12 30 211
12 31 9210
12 32 1999
12 33 7993
12 37 6999
12 40 3093
12 41 1771
12 43 8864
12 44 7241
12 45 4820
12 51 420
12 52 2538
12 53 5368
12 54 2079
12 56 8895
12 57 8430
12 58 4384
12 61 5483
12 62 4797
12 63 7821
12 65 8291
13 14 4083
13 16 645
13 21 8333
13 23 5689
13 24 8309
13 25 9969
13 28 8164
13 33 328
13 39 3220
13 40 4735
13 41 7297
13 42 9591
13 43 8697
13 44 8038
13 47 4922
13 51 8272
13 54 1552
13 55 6768
13 56 1096
13 59 8493
13 62 4278
13 64 1174
13 66 6610
14 15 4985
14 16 6480
14 22 6321
14 26 3680
14 30 3240
14 33 1188
14 34 1345
14 36 1912
14 37 1753
14 41 297
14 42 5821
14 43 2032
14 45 5835
14 46 1936
14 47 1630
14 48 1744
14 49 8873
14 51 8241
14 52 6533
14 53 8239
14 54 6916
14 55 8061
14 57 8824
14 59 3874
14 63 1257
15 18 5777
15 19 2814
15 20 9287
15 21 5429
15 23 9904
15 24 6186
15 25 9809
15 26 7906
15 28 608
15 31 9793
15 32 3683
15 33 1408
15 34 2433
15 35 9673
15 36 927
15 37 4075
15 39 6370
15 41 376
15 43 7699
15 45 6954
15 46 2770
15 47 7050
15 48 5322
15 51 2201
15 52 2706
15 55 4814
15 60 7494
15 61 3592
15 64 1773
15 65 1232
15 66 3488
16 17 877
16 18 8365
16 19 9131
16 20 2645
16 21 1665
16 23 7709
16 26 4623
16 27 1422
16 29 8004
16 31 4445
16 32 2832
16 33 5112
16 34 5933
16 36 1303
16 42 1248
16 49 995
16 52 3870
16 53 2810
16 54 2650
16 56 4272
16 57 8336
16 59 5603
16 62 6975
17 19 6497
17 22 4020
17 26 1457
17 27 7533
17 28 8482
17 29 9071
17 30 8531
17 31 1351
17 34 3878
17 36 3891
17 37 9958
17 38 5489
17 39 1386
17 40 8963
17 41 5142
17 42 734
17 44 1927
17 45 9794
17 46 8172
17 50 3785
17 56 4245
17 57 4337
17 58 7803
17 59 977
17 60 6117
17 62 4697
17 63 5752
17 64 1
18 20 2678
18 23 288
18 26 8575
18 29 739
18 30 8029
18 31 5809
18 38 3429
18 40 1993
18 42 943
18 43 6904
18 45 3291
18 48 9217
18 50 4360
18 51 850
18 52 8874
18 53 1902
18 55 8568
18 56 4323
18 57 9903
18 58 902
18 60 6312
18 61 6244
18 62 3063
18 65 3232
19 25 7777
19 26 3426
19 27 6940
19 29 3257
19 31 9012
19 33 8473
19 34 2662
19 36 616
19 38 127
19 41 1146
19 46 9855
19 47 883
19 48 662
19 49 2013
19 50 1524
19 51 8578
19 53 3617
19 54 4288
19 58 4995
19 59 8457
19 60 9161
19 62 1297
19 66 6744
20 21 6123
20 22 8033
20 23 2193
20 24 1095
20 27 4548
20 28 5757
20 29 4351
20 30 8463
20 31 4392
20 35 1296
20 36 4803
20 37 5291
20 40 6146
20 42 9377
20 43 4662
20 45 722
20 51 438
20 52 3423
20 53 7828
20 55 6562
20 58 7509
20 60 3406
20 62 9697
20 63 2130
20 65 7471
20 66 7675
21 22 5469
21 23 4013
21 26 1380
21 27 3005
21 28 1026
21 30 9890
21 33 3289
21 36 2282
21 38 2798
21 46 3074
21 50 9551
21 55 5073
21 57 7636
21 59 8150
21 60 3894
21 63 9030
21 66 4998
22 23 5349
22 27 8596
22 28 3482
22 30 9995
22 32 941
22 34 2083
22 35 3849
22 36 138
22 37 2162
22 42 4607
22 46 5675
22 48 8549
22 49 6494
22 51 6797
22 53 3020
22 55 4499
22 58 6573
22 60 3789
22 61 2050
22 62 4424
23 25 5553
23 26 741
23 27 5741
23 28 6233
23 30 792
23 32 5884
23 33 2287
23 36 4241
23 37 1843
23 39 5359
23 40 167
23 42 9907
23 46 9680
23 47 332
23 52 43
23 55 717
23 56 2172
23 57 1332
23 58 439
23 62 7734
23 65 3868
23 66 1841
24 26 5491
24 27 9200
24 29 663
24 32 3096
24 33 132
24 37 5768
24 38 2454
24 39 8007
24 41 2802
24 43 2779
24 44 8124
24 47 50
24 52 9656
24 54 587
24 55 8884
24 59 9610
25 26 5980
25 27 1827
25 28 7175
25 31 6742
25 33 8250
25 34 8946
25 40 9866
25 42 5232
25 45 9759
25 46 7487
25 47 4533
25 48 5812
25 50 6254
25 51 6130
25 56 1138
25 61 1558
25 65 3561
25 66 2451
26 27 6492
26 28 9175
26 29 427
26 31 8076
26 33 1276
26 35 2556
26 36 7260
26 37 2386
26 39 6007
26 43 3287
26 44 5295
26 46 1284
26 49 93
26 51 4421
26 52 7871
26 54 5485
26 57 5040
26 59 6530
26 60 236
26 61 292
26 64 6114
26 65 4178
27 30 1167
27 31 9296
27 33 2990
27 35 9147
27 36 6154
27 37 4041
27 41 8175
27 42 455
27 44 7541
27 45 4840
27 50 1581
27 51 2339
27 52 2390
27 54 3117
27 55 207
27 56 3713
27 58 312
27 59 326
27 64 5123
27 65 321
27 66 6317
28 30 7155
28 31 8960
28 32 7653
28 36 3265
28 37 8663
28 38 586
28 40 7948
28 42 8028
28 43 1013
28 44 7965
28 46 3358
28 47 9220
28 48 4845
28 49 1592
28 50 314
28 51 9128
28 52 1190
28 53 8863
28 54 6079
28 55 6618
28 57 5990
28 58 10
28 59 329
28 60 4095
28 62 2093
28 66 5726
29 32 8616
29 36 1191
29 38 225
29 39 5404
29 41 470
29 42 3766
29 44 2850
29 47 2682
29 48 8751
29 54 89
29 56 4935
29 58 45
29 62 7081
29 63 7741
29 64 2235
30 31 5747
30 34 1289
30 38 2353
30 39 1644
30 40 4089
30 45 4844
30 46 4900
30 48 1809
30 49 3553
30 50 8031
30 51 1685
30 52 9183
30 57 5606
30 58 33
30 61 5514
30 62 5416
30 65 4330
31 33 3494
31 34 6970
31 40 1957
31 41 8798
31 44 721
31 45 1288
31 46 4800
31 48 4768
31 52 6416
31 54 8869
31 55 3957
31 56 1480
31 57 881
31 58 4110
31 59 6360
31 63 7831
31 64 1250
32 33 3026
32 35 8134
32 38 3799
32 42 2523
32 45 9637
32 46 24
32 48 9993
32 49 3822
32 51 2324
32 53 2600
32 57 1569
32 60 9132
32 63 4928
32 64 7304
32 66 8795
33 35 9341
33 37 4815
33 41 6981
33 43 7041
33 47 7572
33 49 3368
33 51 6100
33 52 2329
33 54 4210
33 56 5071
33 58 7897
33 61 3624
33 62 2824
33 63 6712
33 66 7008
34 37 3616
34 39 4025
34 40 8918
34 46 6774
34 47 5582
34 48 3838
34 49 6164
34 50 148
34 51 3085
34 52 5563
34 54 1437
34 58 9704
34 59 9231
34 60 6086
34 62 2281
34 65 3687
34 66 6703
35 39 261
35 41 9645
35 43 1498
35 51 4416
35 54 2766
35 55 635
35 56 7540
35 59 1622
35 60 2504
35 61 3981
35 62 6624
35 65 5035
35 66 4718
36 37 4487
36 38 8915
36 40 3256
36 41 1242
36 43 130
36 47 5636
36 49 3491
36 51 8545
36 52 3813
36 53 1981
36 54 5686
36 55 7883
36 59 6365
36 60 8735
36 61 1995
36 63 9431
36 64 6876
36 65 8649
37 38 8045
37 40 966
37 41 4899
37 42 8743
37 47 9723
37 48 2624
37 52 6599
37 53 1018
37 59 3334
37 61 1860
37 62 6152
37 63 6544
37 64 7079
37 65 1618
37 66 4230
38 43 2461
38 44 5141
38 45 183
38 46 9600
38 47 3627
38 48 3107
38 49 1270
38 50 1139
38 52 7455
38 54 5023
38 55 7306
38 56 1593
38 57 3609
38 64 7791
39 40 2270
39 41 1720
39 42 4653
39 43 309
39 45 9207
39 47 2099
39 50 6122
39 54 5394
39 59 4975
39 61 9521
39 64 6030
39 65 3367
40 41 9718
40 44 2222
40 45 7047
40 47 1554
40 50 4415
40 51 5001
40 54 8742
40 56 836
40 61 2136
41 43 9259
41 45 7465
41 46 1889
41 49 9911
41 50 7391
41 51 6587
41 52 6009
41 53 2214
41 55 8731
41 56 53
41 58 7565
41 59 7852
41 61 8041
41 62 4478
41 63 4836
41 65 9393
42 44 8142
42 46 5411
42 49 4723
42 51 4791
42 52 2024
42 56 8170
42 58 1930
42 59 6727
42 60 9989
42 63 4894
42 65 9103
43 45 3244
43 46 1791
43 47 3744
43 48 307
43 51 4397
43 53 5015
43 55 2374
43 60 3674
43 61 973
43 62 5120
43 65 7257
43 66 3222
44 47 4969
44 51 7715
44 52 9804
44 53 7042
44 54 8201
44 55 6713
44 56 1238
44 57 6943
44 59 9463
44 60 3892
44 61 6788
44 66 5857
45 47 7643
45 48 9717
45 49 5377
45 50 8143
45 53 7990
45 54 9781
45 55 3904
45 57 5637
45 58 7900
45 59 2232
45 60 6652
45 61 4115
45 62 4227
45 63 5881
45 66 8885
46 47 2833
46 48 7875
46 49 9474
46 50 1949
46 51 6003
46 53 6585
46 57 388
46 59 458
46 60 3857
46 62 9015
46 64 6953
46 65 793
46 66 8530
47 49 6552
47 50 7363
47 51 7667
47 52 6854
47 53 9950
47 54 232
47 56 7645
47 57 5328
47 60 4535
47 61 3802
47 62 2159
47 65 6162
48 49 5028
48 51 7211
48 52 7161
48 56 8833
48 58 8636
48 60 1472
48 61 7566
48 63 7724
49 50 8504
49 52 8891
49 53 1291
49 54 5279
49 57 3787
49 59 5507
49 60 9487
49 61 3808
49 62 8320
49 64 2250
49 65 8264
49 66 9800
50 51 4317
50 52 2836
50 53 4530
50 54 6446
50 55 9337
50 56 4966
50 60 4301
50 64 1030
51 53 2858
51 54 9757
51 55 624
51 56 3154
51 59 8842
51 60 8978
51 61 5772
51 62 4053
51 63 9152
51 64 6517
51 66 7660
52 53 2644
52 54 561
52 59 7814
52 60 3860
52 62 6623
52 63 8519
52 64 538
52 65 7101
53 55 8613
53 61 5442
53 63 2954
54 57 7173
54 58 6398
54 59 9054
54 60 7936
54 62 9858
54 64 1099
55 57 1756
55 59 3369
55 62 6085
55 63 2743
55 64 4145
55 65 6453
56 57 6506
56 58 5549
56 59 7229
56 61 9639
56 62 3587
56 63 270
56 65 8548
56 66 892
57 63 5845
57 64 7102
58 59 3385
58 60 7616
58 61 194
58 62 2784
58 63 1342
58 64 8187
58 65 6895
58 66 8902
59 61 5013
59 62 7664
59 63 3613
59 64 7425
60 61 3536
60 63 7476
61 62 8499
63 64 2571
63 65 17
63 66 7789
