88 1895
0 2 8267
0 3 9279
0 6 163
0 7 7567
0 8 6590
0 9 4829
0 11 3274
0 12 5815
0 13 8008
0 16 9108
0 21 2766
0 22 7704
0 25 2920
0 28 2965
0 30 3300
0 36 7375
0 38 9058
0 39 2135
0 41 918
0 42 4789
0 50 8686
0 52 3477
0 53 5107
0 55 5610
0 57 981
0 58 2642
0 62 5963
0 64 7509
0 65 8887
0 66 7830
0 69 2081
0 70 5918
0 72 4459
0 74 7087
0 75 8231
0 79 4935
0 81 7319
0 82 5910
0 83 4304
0 84 1538
0 86 6791
1 5 7167
1 6 9996
1 7 7409
1 8 7046
1 10 144
1 11 4513
1 12 7569
1 17 919
1 19 4733
1 20 5504
1 26 3582
1 27 957
1 28 9493
1 29 9107
1 30 7207
1 33 1362
1 34 8128
1 36 3171
1 37 9934
1 38 4845
1 40 7809
1 42 9789
1 43 5023
1 44 5725
1 46 3794
1 48 613
1 51 2230
1 53 4462
1 54 4197
1 55 6840
1 57 4295
1 59 3870
1 63 6799
1 67 4332
1 68 4950
1 69 9485
1 70 9611
1 71 1400
1 72 1170
1 74 4948
1 75 1972
1 77 3186
1 78 6803
1 83 6572
1 84 615
1 86 5005
2 3 8767
2 4 2314
2 6 1840
2 7 5892
2 9 2918
2 10 1949
2 12 952
2 15 6751
2 16 1646
2 18 5820
2 21 8684
2 22 1948
2 23 7412
2 25 759
2 27 180
2 29 3968
2 31 3136
2 34 2502
2 35 7549
2 36 4449
2 38 3850
2 39 2851
2 40 6636
2 42 2182
2 43 8166
2 44 7995
2 47 7689
2 51 5376
2 54 3978
2 55 4475
2 56 6104
2 58 9749
2 59 4702
2 60 9125
2 62 1936
2 66 3208
2 67 6088
2 70 9721
2 71 7010
2 72 2007
2 74 2115
2 75 164
2 78 3594
2 82 1382
2 86 2313
2 87 8775
3 4 2825
3 5 4314
3 9 9661
3 10 3916
3 12 1329
3 13 3239
3 14 7373
3 16 998
3 18 5978
3 21 6442
3 22 9700
3 23 1015
3 25 7320
3 27 6317
3 28 7171
3 32 4638
3 33 9769
3 34 108
3 38 8936
3 40 9237
3 42 2857
3 43 8942
3 45 9881
3 47 9702
3 50 5974
3 52 4494
3 53 2503
3 58 4922
3 61 6413
3 62 4122
3 63 1965
3 64 1606
3 68 2888
3 69 6588
3 70 6649
3 71 6253
3 72 5051
3 73 5319
3 74 2870
3 75 7146
3 76 5686
3 80 8586
3 81 9076
3 84 3191
4 9 9322
4 10 1359
4 11 2166
4 13 2418
4 14 4908
4 15 6910
4 16 7962
4 17 2678
4 19 4570
4 20 9880
4 21 6670
4 22 7705
4 23 5624
4 24 7786
4 26 1756
4 27 6346
4 28 5835
4 30 1812
4 31 1705
4 32 1858
4 33 85
4 38 910
4 39 5919
4 42 6997
4 43 3731
4 44 6977
4 46 8099
4 47 2033
4 52 4170
4 54 7901
4 57 750
4 58 3451
4 59 1959
4 63 1249
4 65 1726
4 70 256
4 73 17
4 74 3975
4 75 6225
4 79 4083
4 81 1783
4 83 5768
4 85 5879
4 86 1244
5 7 1112
5 9 8803
5 11 7240
5 14 1071
5 17 3603
5 18 1081
5 20 7577
5 21 9711
5 25 9516
5 27 4408
5 30 1608
5 35 8809
5 36 3016
5 37 6594
5 38 6748
5 40 3705
5 44 4328
5 46 1416
5 47 6961
5 51 2673
5 53 9885
5 54 5303
5 55 449
5 56 2139
5 62 5799
5 63 8965
5 67 9252
5 70 3332
5 71 3480
5 77 8663
5 78 7341
5 83 428
5 84 8841
5 85 5861
5 86 7870
6 7 5138
6 8 9261
6 13 3896
6 16 8750
6 17 2362
6 23 8617
6 25 3969
6 26 878
6 27 6515
6 30 9990
6 31 7998
6 36 1637
6 37 9859
6 38 3066
6 41 7898
6 43 2619
6 44 1525
6 45 6942
6 47 2772
6 48 537
6 50 1161
6 53 5739
6 55 7847
6 56 2495
6 58 5032
6 61 5905
6 64 1887
6 66 3251
6 67 3024
6 69 8143
6 71 4695
6 74 9186
6 75 5406
6 78 2039
6 80 2293
6 82 6553
6 83 6445
6 86 5800
7 9 12
7 10 3230
7 20 8530
7 22 4319
7 23 9250
7 25 9276
7 26 8345
7 27 4500
7 28 8186
7 33 9597
7 35 974
7 36 8811
7 38 947
7 39 3252
7 43 4335
7 44 8202
7 46 1672
7 47 5219
7 48 2312
7 52 5226
7 54 5369
7 56 8134
7 58 1002
7 59 2309
7 61 8946
7 64 9717
7 66 9168
7 67 676
7 70 7538
7 71 5775
7 72 6790
7 75 1748
7 76 5129
7 80 6416
7 82 1246
7 83 1819
7 86 13
7 87 4340
8 13 8609
8 14 6885
8 16 9229
8 17 1130
8 19 2339
8 20 9827
8 21 5068
8 24 6323
8 25 6020
8 27 7874
8 28 8799
8 29 9292
8 32 3161
8 34 3006
8 37 8739
8 43 132
8 44 4182
8 45 8849
8 46 7402
8 47 1998
8 49 939
8 50 8630
8 52 9256
8 54 8341
8 56 8184
8 57 8161
8 58 5144
8 62 9617
8 63 729
8 66 3092
8 74 651
8 75 184
8 76 1806
8 77 9920
8 78 7908
8 80 1129
8 81 4160
8 85 3758
8 87 2938
9 12 4054
9 14 52
9 18 1242
9 21 5693
9 22 2946
9 23 4503
9 24 8072
9 25 8388
9 29 2697
9 30 2949
9 31 4830
9 34 931
9 35 8644
9 37 8412
9 38 8270
9 40 5375
9 43 5135
9 47 2898
9 48 8784
9 53 5054
9 54 7310
9 57 1314
9 58 3873
9 61 9302
9 62 4235
9 64 5291
9 65 1605
9 67 1694
9 68 1257
9 71 2351
9 72 8860
9 74 9511
9 75 7107
9 76 5452
9 85 5867
9 87 5295
10 15 8810
10 20 9194
10 21 9887
10 23 3505
10 24 7153
10 25 7685
10 26 9487
10 27 1436
10 28 3640
10 29 4862
10 30 5174
10 33 3159
10 34 6417
10 35 1585
10 38 9323
10 40 269
10 41 8618
10 42 3755
10 44 7423
10 47 5621
10 48 6621
10 51 8459
10 54 8198
10 57 8496
10 58 3085
10 59 123
10 60 6758
10 61 6524
10 63 5773
10 65 2330
10 66 6213
10 69 9206
10 70 5696
10 71 1958
10 74 8179
10 76 5287
10 78 6427
10 79 7712
10 80 4954
10 83 560
10 87 702
11 12 7108
11 16 6611
11 19 1086
11 20 6454
11 21 6472
11 29 5475
11 31 1817
11 32 8335
11 33 93
11 34 2622
11 35 3950
11 37 4504
11 42 9919
11 43 9669
11 44 7172
11 45 5389
11 46 5601
11 47 2606
11 51 2368
11 55 6275
11 57 684
11 59 6171
11 63 3334
11 64 7548
11 65 2753
11 68 7328
11 69 9195
11 72 9380
11 73 1747
11 74 7104
11 76 6099
11 77 7673
11 78 4627
11 79 6241
11 83 9940
11 86 9761
11 87 7578
12 13 8130
12 14 3128
12 15 3948
12 16 9664
12 17 4723
12 18 2408
12 19 1574
12 20 2919
12 21 3236
12 24 7134
12 27 87
12 29 9736
12 30 1103
12 31 3646
12 32 2814
12 34 9022
12 35 6775
12 36 8209
12 37 3811
12 39 2365
12 40 8583
12 42 6780
12 43 8169
12 44 6829
12 46 1622
12 51 291
12 52 5708
12 55 4632
12 58 9945
12 61 9614
12 63 3458
12 66 3522
12 73 8850
12 74 5531
12 75 9335
12 78 6831
12 80 6111
12 83 2498
12 86 1287
12 87 2432
13 14 8949
13 15 1920
13 16 1465
13 18 7081
13 19 5106
13 21 9986
13 24 4043
13 25 9574
13 27 6643
13 29 3985
13 31 5081
13 33 3565
13 35 283
13 38 4411
13 39 2715
13 45 4093
13 49 2894
13 50 435
13 51 7205
13 54 1386
13 58 9578
13 60 3413
13 61 7902
13 63 2653
13 64 6557
13 66 2510
13 68 9724
13 70 5232
13 74 7984
13 75 751
13 78 5897
13 80 3036
13 82 7370
13 83 6497
13 86 7949
14 15 8650
14 20 9039
14 22 8638
14 25 6200
14 27 6233
14 28 6409
14 30 9198
14 31 7888
14 32 8769
14 34 6221
14 35 3584
14 39 4262
14 42 3771
14 44 9036
14 52 5744
14 53 9040
14 55 8203
14 56 6630
14 57 8127
14 58 3118
14 59 7022
14 60 1228
14 61 5098
14 62 3535
14 63 5137
14 64 9332
14 65 1139
14 68 7925
14 69 5455
14 71 4563
14 72 715
14 75 2268
14 77 5939
14 78 2105
14 79 9140
14 80 2256
14 81 8847
14 83 8088
14 84 1838
14 85 5289
14 87 5857
15 18 3744
15 19 4727
15 21 6593
15 22 3050
15 25 2830
15 26 4701
15 28 7653
15 30 2743
15 31 9689
15 37 477
15 41 1912
15 48 8096
15 51 3550
15 53 7276
15 59 2858
15 60 5589
15 61 6795
15 67 3769
15 68 5462
15 69 647
15 70 9162
15 71 7136
15 72 634
15 73 1842
15 75 1125
15 77 4136
15 78 3446
15 79 3015
15 81 9421
15 83 794
15 85 509
15 86 7752
16 17 1851
16 19 4166
16 21 4080
16 22 4714
16 24 7654
16 26 7186
16 30 4540
16 32 6638
16 33 4811
16 35 6118
16 38 358
16 39 6698
16 43 6830
16 45 5171
16 47 3694
16 50 8055
16 52 6577
16 54 2047
16 55 611
16 56 8347
16 57 7873
16 60 990
16 65 5681
16 67 3560
16 69 3205
16 70 1642
16 71 1938
16 77 4969
16 78 5925
16 82 556
16 83 9552
16 84 6290
16 85 4921
16 86 9486
17 23 129
17 25 3607
17 26 9804
17 30 8301
17 31 688
17 32 3284
17 34 3518
17 35 870
17 36 8053
17 37 6152
17 38 9244
17 39 9318
17 40 7905
17 41 777
17 42 2407
17 45 6656
17 46 7103
17 47 3934
17 49 7920
17 52 404
17 54 9464
17 55 5502
17 56 8909
17 57 1279
17 59 1276
17 61 3047
17 62 4118
17 64 9750
17 66 8413
17 67 1476
17 70 835
17 71 2878
17 72 4671
17 74 9142
17 77 167
17 82 6583
17 83 7088
17 84 1671
17 85 8489
18 19 5338
18 21 8384
18 26 5234
18 27 4478
18 29 4367
18 30 1070
18 32 8377
18 33 4700
18 35 7912
18 36 3799
18 43 9679
18 45 9888
18 50 703
18 51 4495
18 52 3351
18 56 2511
18 58 8260
18 59 4551
18 60 809
18 61 6426
18 64 334
18 65 7625
18 66 6189
18 67 8867
18 68 5022
18 69 8138
18 70 9283
18 71 1717
18 74 4565
18 77 4838
18 78 850
18 79 1190
18 81 2682
18 82 2576
18 87 2832
19 20 1457
19 23 6534
19 27 8941
19 28 8011
19 29 5102
19 30 5558
19 32 529
19 35 4944
19 37 6033
19 41 1303
19 45 8220
19 46 300
19 50 5245
19 53 2896
19 55 9599
19 56 8132
19 58 3185
19 60 5229
19 61 5996
19 62 7516
19 63 6740
19 69 591
19 71 7644
19 72 3077
19 73 2371
19 78 9997
19 80 7565
19 81 3483
19 82 7354
19 83 6668
19 84 5712
19 86 1365
19 87 1369
20 21 4434
20 24 6047
20 28 1194
20 29 8822
20 30 2317
20 31 2438
20 33 5638
20 34 2093
20 35 9346
20 37 3957
20 38 6289
20 40 5193
20 44 7691
20 46 4532
20 47 7652
20 48 9378
20 49 3688
20 51 3759
20 52 6406
20 55 6168
20 59 1902
20 61 7645
20 66 2884
20 67 5871
20 68 3204
20 71 476
20 72 7273
20 73 3121
20 74 2685
20 75 5423
20 76 840
20 77 8180
20 78 2123
20 79 9719
20 80 1384
20 81 6528
20 85 6461
21 22 8007
21 24 6983
21 25 7815
21 27 543
21 30 7345
21 33 4155
21 35 2778
21 36 1757
21 41 9271
21 42 1430
21 46 161
21 48 4772
21 49 551
21 51 6484
21 54 5878
21 56 8654
21 58 1231
21 59 5883
21 64 7657
21 65 7311
21 66 9698
21 67 8108
21 69 9518
21 70 2098
21 71 9681
21 73 7406
21 75 4327
21 78 7928
21 80 3809
21 86 3942
22 25 5674
22 28 9896
22 29 8246
22 31 1828
22 32 6701
22 36 5817
22 38 4983
22 44 6081
22 46 816
22 47 1775
22 48 3295
22 49 1458
22 50 7440
22 52 1439
22 53 8110
22 55 2191
22 57 7799
22 64 4397
22 65 9150
22 67 7361
22 69 6032
22 70 3377
22 71 9763
22 75 9217
22 76 6049
22 79 3952
22 82 2459
22 83 2532
23 24 616
23 25 237
23 26 2469
23 27 5793
23 28 2803
23 29 2609
23 30 1024
23 31 1506
23 32 6556
23 37 9188
23 38 6653
23 41 3812
23 43 8447
23 45 8763
23 46 2472
23 48 6350
23 53 2806
23 54 9231
23 55 2944
23 57 3869
23 60 7793
23 63 6838
23 69 3825
23 70 5709
23 76 4861
23 77 1063
23 78 4383
23 84 9841
23 85 4725
23 86 461
23 87 4390
24 29 7935
24 30 7427
24 32 943
24 33 5301
24 34 9503
24 35 7078
24 36 1540
24 42 4895
24 43 2496
24 45 9432
24 47 9988
24 48 1793
24 49 9815
24 50 8112
24 52 6782
24 63 9037
24 64 7044
24 65 9353
24 66 9009
24 68 9106
24 69 3525
24 71 5508
24 72 861
24 73 7304
24 77 1367
24 78 697
24 82 609
24 83 6018
24 84 4556
24 85 3417
24 86 6512
25 26 6644
25 30 995
25 31 6957
25 32 513
25 33 2343
25 34 4105
25 35 8237
25 36 3963
25 38 7072
25 39 9823
25 40 5895
25 41 8567
25 42 5055
25 45 9193
25 47 1282
25 50 9481
25 56 1051
25 57 8481
25 58 9735
25 59 2588
25 60 1682
25 61 187
25 62 5213
25 63 4943
25 64 5236
25 65 8423
25 67 3734
25 68 2200
25 70 5034
25 76 8928
25 78 9960
25 79 4669
25 85 8155
26 29 3690
26 31 4751
26 32 6652
26 35 409
26 36 4985
26 38 1903
26 39 8047
26 40 1262
26 41 8657
26 43 9509
26 46 3018
26 47 3482
26 48 6369
26 49 1686
26 50 5155
26 52 4607
26 55 9958
26 56 3000
26 58 1407
26 61 493
26 62 585
26 68 3153
26 69 6600
26 71 270
26 74 4672
26 75 8152
26 77 3785
26 78 6163
26 81 6085
26 83 8796
26 87 6651
27 31 9012
27 33 3410
27 38 4258
27 41 1813
27 45 4200
27 46 755
27 47 6592
27 49 7296
27 52 2171
27 53 3009
27 54 7829
27 55 2494
27 56 724
27 58 538
27 59 6309
27 60 8036
27 62 2620
27 66 891
27 68 5584
27 70 6675
27 71 2585
27 73 5576
27 74 4559
27 75 1351
27 77 5429
27 84 8385
27 87 3146
28 29 107
28 33 1470
28 34 9571
28 38 5794
28 39 6044
28 40 2068
28 41 1308
28 42 9385
28 45 6205
28 47 7420
28 49 8998
28 52 8028
28 53 4817
28 54 7256
28 57 7232
28 60 6579
28 61 6563
28 63 1899
28 64 2823
28 65 8328
28 69 9341
28 70 9695
28 71 9710
28 72 1039
28 73 7355
28 74 6030
28 75 3902
28 77 6310
28 79 1311
28 81 5976
28 82 6138
28 83 3756
28 84 3684
28 85 4722
28 87 1364
29 30 6060
29 31 653
29 32 516
29 37 2455
29 39 3030
29 41 9248
29 42 3581
29 43 3151
29 44 1084
29 48 3657
29 50 4018
29 53 8482
29 54 9807
29 57 4958
29 59 9809
29 61 9334
29 68 3087
29 71 5577
29 75 7202
29 77 1434
29 78 2881
29 85 1450
29 86 1777
30 31 6650
30 34 2055
30 35 517
30 38 4606
30 40 8943
30 46 9278
30 48 6222
30 49 1274
30 54 2856
30 56 5477
30 57 444
30 58 6041
30 59 6154
30 64 8062
30 71 9622
30 72 2058
30 73 2158
30 74 3370
30 76 6126
30 78 9120
30 79 9882
30 80 1514
30 81 2751
30 82 7269
30 83 5930
30 87 4441
31 34 2238
31 36 992
31 40 2604
31 41 4665
31 44 6370
31 47 5790
31 48 4505
31 49 1273
31 51 8527
31 53 8415
31 55 3704
31 56 9592
31 62 4635
31 63 6277
31 64 9054
31 67 6488
31 71 245
31 74 7628
31 75 8192
31 78 1399
31 81 1989
31 83 9656
31 87 5931
32 35 2064
32 37 7543
32 38 8381
32 39 8682
32 40 1445
32 42 1054
32 45 7717
32 46 1718
32 47 6844
32 48 5802
32 50 5263
32 53 8601
32 54 9081
32 55 1312
32 56 2539
32 60 1678
32 61 2634
32 64 2255
32 65 5388
32 70 1415
32 71 740
32 73 4539
32 74 3729
32 75 8156
32 78 340
32 79 4280
32 82 2193
32 84 4273
32 86 787
32 87 828
33 35 5052
33 36 8327
33 37 2660
33 38 5136
33 41 266
33 43 1227
33 50 4790
33 52 4575
33 53 3419
33 54 6925
33 58 8375
33 61 8362
33 64 8420
33 66 3238
33 67 7604
33 68 2292
33 69 5562
33 70 2665
33 71 469
33 72 4009
33 73 3466
33 74 9794
33 77 1096
33 82 7572
33 85 6761
34 36 6116
34 38 4828
34 39 345
34 43 7399
34 45 8572
34 48 6861
34 53 4496
34 58 6985
34 60 1886
34 64 8696
34 65 6547
34 70 5501
34 71 6757
34 73 4424
34 77 4879
34 78 6703
34 82 5993
34 84 9816
34 86 586
34 87 4210
35 38 971
35 41 6155
35 45 5727
35 46 6177
35 51 1600
35 53 1346
35 55 9313
35 56 9565
35 57 2215
35 58 7215
35 60 1674
35 62 2963
35 65 1463
35 67 380
35 68 7934
35 69 3409
35 71 9282
35 72 934
35 73 6115
35 74 2103
35 76 7992
35 78 2844
35 82 2671
35 83 8298
35 85 534
35 87 7337
36 37 8460
36 43 7128
36 45 8666
36 47 1924
36 49 8005
36 51 7147
36 55 1455
36 56 8044
36 57 2628
36 61 8479
36 62 738
36 64 3944
36 66 6654
36 67 96
36 68 6560
36 70 6895
36 71 6352
36 72 4560
36 77 3922
36 78 274
36 79 322
36 80 6546
36 83 7371
36 86 3882
36 87 9642
37 38 8939
37 40 7237
37 42 9665
37 43 1702
37 45 9866
37 51 1942
37 55 1575
37 56 6552
37 57 3781
37 59 6699
37 60 4014
37 61 7658
37 62 2543
37 64 2895
37 66 4885
37 67 3485
37 69 9652
37 71 6793
37 73 7164
37 75 2977
37 78 9454
37 81 9967
37 82 2024
37 84 2789
37 87 2405
38 39 3281
38 40 8195
38 42 6542
38 44 4928
38 46 91
38 47 3727
38 48 9950
38 52 6741
38 55 5753
38 56 9987
38 59 1041
38 60 6089
38 61 783
38 62 3098
38 66 9483
38 70 1807
38 72 1342
38 73 9926
38 74 1118
38 79 2695
38 83 4029
38 85 2304
39 42 3951
39 45 204
39 50 6466
39 53 4925
39 54 2492
39 55 1732
39 56 5509
39 58 6828
39 60 9167
39 61 1644
39 62 4172
39 63 1164
39 66 4968
39 68 9818
39 75 9921
39 76 2597
39 78 7295
39 79 7835
39 82 1042
39 83 8304
39 86 5340
39 87 2178
40 41 3678
40 45 1804
40 54 7411
40 55 2746
40 57 8692
40 59 9595
40 60 1882
40 61 5424
40 64 8324
40 65 5627
40 68 2130
40 69 7813
40 70 4198
40 73 7678
40 75 1541
40 79 3302
40 80 3778
40 81 8068
40 82 4917
40 83 3671
40 85 9345
40 87 664
41 42 2226
41 44 6943
41 45 4814
41 47 2392
41 50 8003
41 51 6004
41 54 8404
41 58 1238
41 60 209
41 61 1516
41 62 867
41 63 2109
41 64 6657
41 65 4387
41 66 2218
41 67 9729
41 68 3637
41 69 8926
41 71 8718
41 72 3026
41 75 7230
41 77 8760
41 79 3829
41 80 6618
41 81 948
41 82 6388
41 83 151
41 86 2968
41 87 7558
42 43 9992
42 45 6305
42 47 5660
42 49 2094
42 51 4876
42 52 9739
42 53 5986
42 55 3347
42 58 2592
42 59 5003
42 60 7812
42 63 1713
42 70 2880
42 73 2562
42 76 320
42 77 3059
42 78 9743
42 79 84
42 81 9966
42 83 4139
42 84 3449
42 85 4394
42 86 1738
43 47 1645
43 49 9078
43 50 3398
43 51 2019
43 57 8568
43 58 8599
43 59 923
43 61 9147
43 62 9492
43 63 7059
43 65 716
43 66 901
43 69 3663
43 71 4533
43 72 20
43 74 2928
43 75 9569
43 76 9329
43 77 2481
43 79 1240
43 80 1383
43 81 1212
43 82 4413
43 84 9190
43 86 6137
44 45 7067
44 46 848
44 47 5270
44 49 9964
44 51 2561
44 52 4798
44 53 4399
44 54 9985
44 56 5766
44 57 4833
44 58 9628
44 61 9672
44 63 8614
44 64 7382
44 67 6612
44 68 4277
44 70 1857
44 71 4349
44 74 4128
44 78 7343
44 80 8588
44 83 1187
44 84 1286
44 86 1201
44 87 2618
45 48 8670
45 50 9505
45 51 9658
45 53 7407
45 54 8976
45 55 6871
45 56 7532
45 58 277
45 60 7985
45 64 6549
45 65 5548
45 68 7330
45 69 1116
45 72 2674
45 74 8631
45 75 8529
45 76 5414
45 83 5200
45 84 1220
45 86 9633
45 87 4870
46 48 3879
46 52 8379
46 56 6995
46 57 6202
46 62 74
46 71 1017
46 74 8189
46 75 7201
46 77 5464
46 78 6628
46 81 3914
46 82 4359
46 84 6425
46 85 6083
47 48 5995
47 49 7960
47 52 4524
47 53 5333
47 57 4779
47 58 2449
47 59 2278
47 60 652
47 63 6263
47 66 7259
47 68 6112
47 71 7865
47 74 7910
47 79 2066
47 80 1195
47 81 5717
47 82 4281
47 83 6880
47 85 5237
47 86 6361
47 87 2907
48 50 3400
48 51 7344
48 53 5476
48 54 236
48 57 8888
48 61 2987
48 63 8504
48 64 9854
48 66 3138
48 67 2219
48 68 3117
48 75 5580
48 77 9336
48 79 9876
48 80 4803
48 81 203
48 82 8754
48 83 6930
48 84 8077
48 85 3863
48 86 5218
48 87 6411
49 50 723
49 51 8916
49 54 4962
49 58 7223
49 59 814
49 61 9978
49 62 2003
49 63 7065
49 65 8162
49 68 8429
49 69 7485
49 73 2262
49 75 1234
49 76 3415
49 78 9704
49 79 275
49 82 2014
49 83 2221
49 84 732
50 51 2202
50 53 346
50 54 6808
50 58 885
50 60 9811
50 61 570
50 64 5955
50 66 5500
50 67 3574
50 70 9655
50 71 3346
50 73 3190
50 74 5828
50 76 5142
50 77 9606
50 78 5617
50 79 3976
50 80 3697
50 82 1058
50 84 9480
50 86 6092
51 52 6854
51 53 2551
51 56 9339
51 57 4202
51 58 9017
51 59 3754
51 60 3134
51 63 6691
51 67 2075
51 72 3510
51 73 2399
51 78 3953
51 80 588
51 81 2175
51 83 8709
51 84 5019
51 85 294
51 86 282
52 53 5371
52 54 389
52 55 8013
52 56 1448
52 57 8147
52 58 2890
52 59 3866
52 60 964
52 63 9635
52 64 5269
52 69 7701
52 77 3598
52 80 9837
52 81 3177
52 82 7497
52 83 7887
52 85 4296
52 86 7079
53 54 7161
53 55 76
53 56 4483
53 59 9785
53 60 3738
53 61 3604
53 64 8708
53 67 6991
53 70 5425
53 72 6345
53 73 5740
53 74 3296
53 75 4186
53 77 31
53 78 4089
53 81 573
53 85 1291
54 55 7474
54 57 5244
54 58 1808
54 61 5471
54 62 7456
54 63 7445
54 64 6900
54 69 8402
54 71 7785
54 74 7573
54 76 3725
54 77 3008
54 78 364
54 81 1352
54 82 5598
54 84 8771
55 57 7534
55 59 6021
55 60 656
55 61 9889
55 63 1719
55 65 6806
55 66 8736
55 71 3748
55 72 5554
55 75 1782
55 76 9087
55 80 4866
55 81 8685
55 83 3046
56 58 5282
56 60 9722
56 61 8931
56 63 4143
56 65 4103
56 67 5891
56 69 2286
56 71 4506
56 74 5590
56 75 3335
56 78 5450
56 79 9959
56 80 2333
56 82 6850
56 83 9637
56 84 1675
56 85 6078
56 86 540
57 60 3903
57 61 6242
57 67 1995
57 70 336
57 71 4259
57 73 8616
57 74 260
57 75 9270
57 76 6219
57 77 6451
57 78 3982
57 80 1827
57 83 6076
57 87 2744
58 59 128
58 60 2594
58 61 8476
58 62 1554
58 63 4057
58 69 958
58 70 5311
58 73 5297
58 74 3539
58 75 6407
58 77 6724
58 82 9884
58 84 7616
58 86 8659
59 63 3561
59 64 6404
59 68 341
59 69 7155
59 70 130
59 73 8541
59 75 6191
59 76 961
59 77 4590
59 80 2011
59 85 3861
59 86 8596
60 61 6971
60 62 7948
60 63 4045
60 66 5516
60 67 2716
60 68 1000
60 73 5644
60 74 8224
60 75 7233
60 77 642
60 79 648
60 81 3908
60 82 2453
61 63 4236
61 65 8737
61 67 4181
61 68 1055
61 70 6053
61 72 6298
61 73 8607
61 77 2989
61 78 8974
61 79 4823
61 80 3065
61 81 2091
61 82 1640
61 83 6846
61 86 259
61 87 9130
62 63 4015
62 64 6338
62 65 5163
62 66 2208
62 67 2385
62 74 2275
62 75 7739
62 80 1425
62 81 2869
62 82 2395
62 84 617
62 86 5894
62 87 9202
63 64 4216
63 66 7468
63 67 429
63 71 7787
63 72 415
63 75 1337
63 76 2538
63 79 7492
63 80 730
63 82 3857
63 87 7622
64 65 3724
64 67 7743
64 69 5033
64 70 3915
64 71 857
64 74 635
64 76 280
64 77 9393
64 78 2670
64 80 3853
64 82 6876
64 84 9200
64 85 2163
64 86 8983
65 69 4979
65 70 9523
65 71 55
65 72 9943
65 73 8610
65 75 3546
65 77 7527
65 81 2430
65 86 9551
66 71 6400
66 77 201
66 82 462
66 83 619
66 84 3528
66 87 5434
67 69 5181
67 71 8302
67 73 5702
67 76 6264
67 77 1443
67 79 4000
67 80 147
67 81 1496
67 84 698
67 85 3733
67 86 4745
68 75 798
68 76 2116
68 78 8647
68 79 8492
68 83 6237
68 86 5615
69 70 8655
69 71 9800
69 72 7082
69 73 8201
69 74 5038
69 76 7932
69 82 5821
69 84 6807
69 85 3972
69 87 9382
70 72 3623
70 76 4078
70 77 7316
70 79 946
70 84 3512
70 86 2952
70 87 4952
71 72 219
71 73 4287
71 74 999
71 75 6526
71 78 9030
71 80 8570
71 81 2765
71 82 2912
71 83 5166
71 84 4692
71 87 217
72 73 8713
72 74 5482
72 75 5944
72 76 4364
72 78 863
72 80 6147
72 87 5983
73 75 3324
73 79 5924
73 80 6786
73 81 8779
73 82 442
73 85 420
73 87 1278
74 75 9032
74 79 627
74 81 2080
74 82 6281
74 85 6082
75 76 7430
75 77 4815
75 80 6431
75 81 2626
75 84 4465
75 85 3277
75 86 9361
75 87 6251
76 83 9745
76 85 2709
76 86 5987
76 87 9824
77 78 5497
77 79 6260
77 82 7619
77 84 9079
77 86 3328
77 87 7285
78 79 7251
78 80 9387
78 81 1869
78 83 5148
78 84 6052
78 85 326
78 87 9674
79 80 5965
79 81 1265
79 82 2736
79 83 4003
79 86 7828
80 84 3580
80 85 9479
80 86 6956
81 82 8866
81 83 6184
81 85 3779
81 87 2264
82 85 9575
82 86 8498
83 85 6349
83 86 5888
84 87 3847
