47 506
0 1 7041
0 2 7825
0 4 9542
0 5 7978
0 10 732
0 13 3724
0 14 1227
0 16 2191
0 17 6101
0 18 9106
0 19 7617
0 20 6731
0 23 579
0 24 7076
0 25 3805
0 27 4048
0 28 4954
0 32 8389
0 33 8764
0 34 7465
0 35 3667
0 38 4864
0 41 9445
0 43 2608
0 44 4046
0 45 7510
0 46 2748
1 4 2337
1 7 6548
1 9 2339
1 10 7455
1 11 4474
1 13 5196
1 19 3897
1 21 2771
1 22 1204
1 23 9591
1 25 9817
1 29 3437
1 32 126
1 35 9481
1 38 923
1 39 2285
1 41 5652
1 42 655
2 5 1729
2 8 5876
2 9 7113
2 11 5356
2 13 2547
2 17 6630
2 23 184
2 25 9784
2 27 9815
2 29 1541
2 32 2193
2 33 2689
2 35 2064
2 36 9530
2 38 4932
2 39 5928
2 45 5109
3 6 9827
3 8 5009
3 9 7477
3 11 4285
3 13 8411
3 14 8668
3 18 2308
3 20 6759
3 21 6008
3 22 7626
3 23 1301
3 36 1905
3 39 3638
3 41 1978
3 42 6898
4 7 57
4 8 3031
4 9 5391
4 10 6404
4 11 4866
4 12 9173
4 13 9531
4 14 1995
4 16 3371
4 17 5131
4 18 9909
4 19 6085
4 23 4952
4 25 6624
4 26 6849
4 27 161
4 30 6619
4 33 6764
4 34 5978
4 36 6397
4 41 468
4 43 102
4 44 2099
4 45 2977
4 46 8063
5 6 1931
5 7 4974
5 9 5615
5 13 8707
5 16 994
5 17 7256
5 18 494
5 19 502
5 21 8793
5 23 2531
5 25 8961
5 26 7733
5 28 7699
5 29 309
5 31 5727
5 32 8807
5 33 2478
5 34 8622
5 35 1469
5 36 4940
5 38 1571
5 40 3057
5 43 3530
5 44 4782
6 7 9366
6 8 8536
6 9 6129
6 10 6132
6 11 243
6 12 6826
6 13 7374
6 15 5058
6 18 791
6 20 1256
6 22 3880
6 23 5240
6 25 7428
6 30 7692
6 31 481
6 33 3567
6 34 4889
6 37 4215
6 39 2053
6 40 566
6 41 9185
6 42 4515
6 43 4133
6 45 474
7 8 4257
7 11 9942
7 12 1062
7 13 7864
7 14 1169
7 16 2824
7 17 2089
7 20 8904
7 24 7375
7 26 7201
7 27 7065
7 30 3537
7 31 7395
7 32 2183
7 33 3732
7 36 1369
7 38 1564
7 40 9859
7 42 1815
7 45 8253
7 46 1431
8 9 1009
8 10 6864
8 15 8075
8 16 91
8 17 6234
8 18 1894
8 19 8431
8 26 7064
8 27 7556
8 32 4749
8 39 8267
8 41 9844
8 42 9455
8 44 6518
8 45 744
9 10 7902
9 13 2315
9 16 9511
9 17 3440
9 18 1088
9 19 3124
9 20 1747
9 21 3985
9 22 3647
9 23 1363
9 24 8087
9 26 210
9 28 9526
9 29 8427
9 31 664
9 32 8209
9 33 3412
9 35 297
9 37 6966
9 38 3703
9 39 8020
9 41 9149
9 43 5594
9 44 2306
10 13 4013
10 16 7068
10 18 7598
10 19 9878
10 20 2106
10 21 1145
10 23 6648
10 26 432
10 28 9538
10 29 5663
10 30 317
10 32 4718
10 33 6126
10 34 5242
10 36 1690
10 37 6176
10 38 141
10 42 3691
10 43 5749
10 45 3143
11 12 5724
11 13 530
11 15 3135
11 18 7319
11 19 5230
11 25 3540
11 33 5945
11 36 9587
11 39 65
11 43 5833
11 44 4435
12 14 6732
12 18 5545
12 19 960
12 20 5747
12 21 929
12 23 7785
12 24 1973
12 26 8582
12 27 7693
12 29 6270
12 30 6644
12 33 2322
12 37 267
12 38 5522
12 39 3217
12 42 1610
12 46 9375
13 16 5512
13 19 918
13 20 4483
13 22 4891
13 23 8066
13 24 4934
13 27 7815
13 28 9963
13 29 5604
13 30 6999
13 32 8259
13 36 3224
13 37 8410
13 38 8877
13 40 8050
13 42 2470
14 15 3066
14 20 5702
14 21 1306
14 24 6858
14 25 7572
14 26 2146
14 27 1229
14 29 8304
14 30 5377
14 32 4869
14 33 5220
14 34 2343
14 35 3209
14 37 5537
14 40 496
15 16 4865
15 18 8768
15 19 7691
15 20 8163
15 21 7157
15 22 2010
15 24 1309
15 29 4650
15 31 895
15 35 1061
15 37 7798
15 39 3433
15 41 6539
15 42 7817
15 43 7935
15 44 7276
15 46 3602
16 17 7900
16 21 4743
16 25 4071
16 29 5491
16 32 190
16 34 9024
16 35 1765
16 36 106
16 37 1091
16 38 4507
16 39 3137
16 46 8314
17 18 1339
17 20 1687
17 24 337
17 25 6824
17 26 43
17 28 8724
17 29 7638
17 31 3192
17 32 2117
17 34 8916
17 35 9830
17 38 4360
17 40 9904
17 41 7565
18 24 4075
18 25 7217
18 27 3154
18 29 5063
18 30 1861
18 33 2894
18 35 8738
18 36 303
18 37 7184
18 43 3190
18 46 513
19 20 2029
19 24 6667
19 25 6034
19 28 8006
19 29 2229
19 32 9898
19 33 7220
19 34 9127
19 38 9777
19 42 6174
19 45 4505
20 21 4838
20 22 3965
20 25 501
20 27 1368
20 29 5181
20 32 7285
20 35 711
20 37 1801
20 39 6499
20 42 1001
21 22 5328
21 23 9492
21 24 6810
21 26 5236
21 28 2774
21 32 2785
21 33 5388
21 36 1257
21 37 6264
21 42 2192
21 43 5581
21 44 5666
22 24 4792
22 26 2788
22 27 2499
22 30 2153
22 31 3390
22 32 2656
22 34 5860
22 43 4217
22 44 3230
22 45 3683
22 46 3163
23 25 8146
23 26 1505
23 27 4044
23 28 1438
23 31 1559
23 33 1449
23 34 2832
23 36 5186
23 37 4716
23 39 3439
23 41 7141
23 43 6915
24 26 526
24 27 6761
24 30 7177
24 32 649
24 34 7115
24 37 6846
24 40 5517
24 41 3085
24 43 9132
25 26 9418
25 28 1489
25 29 6614
25 30 925
25 32 2072
25 37 2694
25 38 5132
25 39 6197
25 43 2865
25 45 8226
26 27 3571
26 29 2866
26 31 6030
26 33 8340
26 35 7106
26 38 3836
26 39 4233
26 42 2836
26 44 3162
26 46 1500
27 29 7744
27 30 5180
27 35 5981
27 38 6268
27 42 8281
27 43 4915
27 46 6962
28 29 9235
28 30 5171
28 34 4885
28 35 7226
28 37 1803
28 38 5497
29 34 7949
29 36 2799
29 38 416
29 42 7339
29 43 116
29 44 4817
29 46 2573
30 31 814
30 33 3797
30 35 7136
30 36 6134
30 38 7990
30 39 5343
30 40 5856
31 32 9035
31 41 5296
31 43 6814
31 44 3481
31 45 2456
32 33 5888
32 34 5318
32 35 4653
32 38 3507
32 40 1860
32 41 5078
32 44 42
32 45 950
32 46 628
33 35 1447
33 37 4451
33 38 7322
33 42 2082
33 44 2426
34 36 4446
34 38 3211
34 40 1346
34 41 9872
34 42 7119
34 44 1435
34 45 9643
34 46 6674
35 37 6958
35 44 7298
36 39 3661
36 43 6599
37 38 8510
37 39 6990
37 42 1437
37 45 7675
37 46 2558
38 39 4283
38 46 6947
39 41 8291
39 45 4862
39 46 3061
40 41 2280
40 44 4678
42 43 5582
42 44 5493
42 46 6880
43 44 6140
43 46 5104
44 45 3130
44 46 9309
45 46 8943
