88 1918
0 3 9
0 4 2
0 7 6
0 11 5
0 16 9
0 19 2
0 22 4
0 24 8
0 25 6
0 26 6
0 27 7
0 28 7
0 30 2
0 31 2
0 33 8
0 35 10
0 38 10
0 40 2
0 41 8
0 43 4
0 44 6
0 46 9
0 50 5
0 51 3
0 54 5
0 56 6
0 58 9
0 59 1
0 60 2
0 62 2
0 63 1
0 65 2
0 66 2
0 68 7
0 69 7
0 71 4
0 72 4
0 75 1
0 76 3
0 80 6
1 2 8
1 5 6
1 6 10
1 8 9
1 11 10
1 14 4
1 16 2
1 17 7
1 19 9
1 20 8
1 21 2
1 24 10
1 25 7
1 27 3
1 28 8
1 33 1
1 34 9
1 35 7
1 37 2
1 38 6
1 39 8
1 40 3
1 41 5
1 43 3
1 49 9
1 50 7
1 52 8
1 54 1
1 58 8
1 62 1
1 63 2
1 67 5
1 68 4
1 69 10
1 72 1
1 74 10
1 75 4
1 78 4
1 79 10
1 81 10
1 82 2
1 85 8
1 86 5
2 4 9
2 9 3
2 11 7
2 13 2
2 14 3
2 16 4
2 17 1
2 19 4
2 21 3
2 22 3
2 23 3
2 25 1
2 26 10
2 27 5
2 28 3
2 32 6
2 33 3
2 34 10
2 35 9
2 37 2
2 38 10
2 39 5
2 41 2
2 42 4
2 44 8
2 45 6
2 46 6
2 48 10
2 52 8
2 53 7
2 61 2
2 66 6
2 67 1
2 70 6
2 74 5
2 77 10
2 78 5
2 79 1
2 84 3
3 7 3
3 9 6
3 10 3
3 14 8
3 15 6
3 17 4
3 18 2
3 20 10
3 23 10
3 24 5
3 26 9
3 27 10
3 28 9
3 29 7
3 31 8
3 34 8
3 37 6
3 38 4
3 45 7
3 50 1
3 51 2
3 53 7
3 56 8
3 58 10
3 60 4
3 64 4
3 65 6
3 66 6
3 68 1
3 69 6
3 70 2
3 71 7
3 72 3
3 73 1
3 78 1
3 79 2
3 82 8
3 83 5
3 85 7
3 87 7
4 5 1
4 6 7
4 8 10
4 14 9
4 15 3
4 16 4
4 17 5
4 20 8
4 21 5
4 22 9
4 25 1
4 26 3
4 27 2
4 30 3
4 32 9
4 36 6
4 37 4
4 41 4
4 42 7
4 45 5
4 47 7
4 50 5
4 53 4
4 57 7
4 59 10
4 60 3
4 61 7
4 64 6
4 65 10
4 66 10
4 74 4
4 75 3
4 77 4
4 79 5
4 83 9
4 85 5
5 6 2
5 7 1
5 8 9
5 9 4
5 11 6
5 13 4
5 16 3
5 18 8
5 20 2
5 23 10
5 26 1
5 28 2
5 32 8
5 33 10
5 36 8
5 37 7
5 40 8
5 41 3
5 42 8
5 44 3
5 45 10
5 47 10
5 49 2
5 51 3
5 52 9
5 55 3
5 56 4
5 58 1
5 59 3
5 60 7
5 63 7
5 64 5
5 66 6
5 69 5
5 70 3
5 72 9
5 74 1
5 76 8
5 78 1
5 82 7
5 83 2
5 84 4
5 86 7
6 7 5
6 8 1
6 9 4
6 11 8
6 12 9
6 13 4
6 15 1
6 16 1
6 17 4
6 18 10
6 20 5
6 21 4
6 22 4
6 26 9
6 29 6
6 30 3
6 31 3
6 32 9
6 33 3
6 34 9
6 35 5
6 37 5
6 38 2
6 40 5
6 43 6
6 46 5
6 47 8
6 48 5
6 49 4
6 50 7
6 51 5
6 52 10
6 53 2
6 54 4
6 58 10
6 59 6
6 62 7
6 64 1
6 69 10
6 70 3
6 71 10
6 73 2
6 80 4
6 81 5
6 84 4
6 86 2
6 87 2
7 8 9
7 9 2
7 13 2
7 14 9
7 19 2
7 20 4
7 22 9
7 23 9
7 24 10
7 25 7
7 26 2
7 27 3
7 28 6
7 31 6
7 36 1
7 37 8
7 39 7
7 40 4
7 41 6
7 42 3
7 43 4
7 46 5
7 47 8
7 48 5
7 50 2
7 51 6
7 53 3
7 57 8
7 58 6
7 61 7
7 62 10
7 65 10
7 66 5
7 67 6
7 74 2
7 76 6
7 77 7
7 78 1
7 80 10
7 81 3
7 82 7
7 85 4
7 86 3
7 87 7
8 9 10
8 12 1
8 16 2
8 17 8
8 22 6
8 23 9
8 24 8
8 28 2
8 30 2
8 34 3
8 40 6
8 42 5
8 45 6
8 46 2
8 47 2
8 49 4
8 52 6
8 53 9
8 54 10
8 58 8
8 61 8
8 62 9
8 63 7
8 64 6
8 66 6
8 68 3
8 69 1
8 70 2
8 72 9
8 73 5
8 76 2
8 83 4
8 84 8
9 11 10
9 15 10
9 17 10
9 18 5
9 19 10
9 20 3
9 22 4
9 24 3
9 29 2
9 31 7
9 32 2
9 34 2
9 35 1
9 36 10
9 37 9
9 38 3
9 39 1
9 40 10
9 41 8
9 43 2
9 45 4
9 46 5
9 47 1
9 49 8
9 50 5
9 51 8
9 52 9
9 53 9
9 55 5
9 59 10
9 61 2
9 68 5
9 70 9
9 72 3
9 74 2
9 75 7
9 77 10
9 78 10
9 80 5
9 82 1
9 83 10
9 86 5
9 87 9
10 11 3
10 12 1
10 13 6
10 15 4
10 16 2
10 17 1
10 18 7
10 20 5
10 22 9
10 24 9
10 25 8
10 28 2
10 31 5
10 36 1
10 37 8
10 39 6
10 40 1
10 42 4
10 43 4
10 44 3
10 45 6
10 47 10
10 52 7
10 53 6
10 55 7
10 56 10
10 60 4
10 64 5
10 65 1
10 69 2
10 70 3
10 75 10
10 77 9
10 79 1
10 80 10
10 81 4
10 84 8
10 85 1
11 13 9
11 19 10
11 20 9
11 21 3
11 23 10
11 28 4
11 33 4
11 35 3
11 38 2
11 39 10
11 41 1
11 42 7
11 43 5
11 51 10
11 53 5
11 54 4
11 55 2
11 57 10
11 61 1
11 64 9
11 65 10
11 68 7
11 69 5
11 70 5
11 74 7
11 75 3
11 78 3
11 79 8
11 80 1
11 81 5
11 85 8
12 13 10
12 15 5
12 16 8
12 25 9
12 26 4
12 29 9
12 32 4
12 33 10
12 34 3
12 35 6
12 38 7
12 40 8
12 42 6
12 43 7
12 44 10
12 45 6
12 46 9
12 48 7
12 49 10
12 50 7
12 51 5
12 53 8
12 59 9
12 60 9
12 61 7
12 62 6
12 63 9
12 64 2
12 65 8
12 68 1
12 70 7
12 72 3
12 74 5
12 75 9
12 76 8
12 78 3
12 81 5
13 14 5
13 16 3
13 17 3
13 18 2
13 19 1
13 20 9
13 23 1
13 26 1
13 28 10
13 29 8
13 32 5
13 33 5
13 37 2
13 39 3
13 40 4
13 41 8
13 43 6
13 46 3
13 47 2
13 48 1
13 52 3
13 54 8
13 55 1
13 57 7
13 59 6
13 60 9
13 62 2
13 64 5
13 66 5
13 68 10
13 70 6
13 72 4
13 76 4
13 78 5
13 79 4
13 81 3
13 82 6
13 83 10
13 84 10
14 18 3
14 19 1
14 21 5
14 22 1
14 25 8
14 29 3
14 30 1
14 32 9
14 34 10
14 35 9
14 38 10
14 39 5
14 45 7
14 51 4
14 52 2
14 54 7
14 55 9
14 58 5
14 60 2
14 61 7
14 62 1
14 65 6
14 66 6
14 69 8
14 70 8
14 71 4
14 75 1
14 77 10
14 79 1
14 80 10
14 81 2
14 83 8
14 86 4
15 16 1
15 18 2
15 21 10
15 24 7
15 25 2
15 27 1
15 28 1
15 33 7
15 36 10
15 37 6
15 38 7
15 41 4
15 43 2
15 44 7
15 45 3
15 48 7
15 54 5
15 55 10
15 56 5
15 57 3
15 58 5
15 59 2
15 60 1
15 62 5
15 65 6
15 66 3
15 67 3
15 69 3
15 72 8
15 73 2
15 76 2
15 77 9
15 78 6
15 80 2
15 82 7
15 83 3
15 86 9
15 87 1
16 17 3
16 18 10
16 21 10
16 23 5
16 24 1
16 26 5
16 28 4
16 31 5
16 33 7
16 35 10
16 37 5
16 38 9
16 39 4
16 42 1
16 43 9
16 44 5
16 46 10
16 47 2
16 48 3
16 59 3
16 60 10
16 62 4
16 63 5
16 67 1
16 68 7
16 69 1
16 70 2
16 71 2
16 72 5
16 73 3
16 74 2
16 75 3
16 76 2
16 79 9
16 82 6
16 83 10
16 86 7
16 87 8
17 18 2
17 21 8
17 28 10
17 29 9
17 31 2
17 32 1
17 33 6
17 35 3
17 36 3
17 38 1
17 39 4
17 40 5
17 44 7
17 45 10
17 46 2
17 47 5
17 50 10
17 51 4
17 53 8
17 54 1
17 55 3
17 57 8
17 58 4
17 59 8
17 61 10
17 63 5
17 64 8
17 66 7
17 68 6
17 69 10
17 70 10
17 71 4
17 72 3
17 73 2
17 75 7
17 77 6
17 78 6
17 79 4
17 81 5
17 83 10
17 84 10
17 85 5
17 86 1
17 87 2
18 20 5
18 26 8
18 28 1
18 29 3
18 30 4
18 31 7
18 32 6
18 34 2
18 35 10
18 39 6
18 40 9
18 41 1
18 42 7
18 43 5
18 44 1
18 45 3
18 49 7
18 53 8
18 55 8
18 56 6
18 57 7
18 58 4
18 59 3
18 60 7
18 61 9
18 62 4
18 63 5
18 64 10
18 66 3
18 70 8
18 72 7
18 75 8
18 77 7
18 80 9
18 82 5
18 85 6
18 86 9
18 87 6
19 21 10
19 23 4
19 24 2
19 26 1
19 30 1
19 31 10
19 33 1
19 34 10
19 38 5
19 39 1
19 41 6
19 42 6
19 44 6
19 46 10
19 49 9
19 54 5
19 56 2
19 59 8
19 61 9
19 62 10
19 64 6
19 65 5
19 66 3
19 67 3
19 72 8
19 73 10
19 76 1
19 78 9
19 79 4
19 80 4
19 83 10
19 87 5
20 21 1
20 23 3
20 28 1
20 30 3
20 33 1
20 39 6
20 41 6
20 44 1
20 45 1
20 46 7
20 50 10
20 51 1
20 53 6
20 55 9
20 56 5
20 57 9
20 60 3
20 61 7
20 62 9
20 65 5
20 66 6
20 67 1
20 70 3
20 71 7
20 73 10
20 76 7
20 78 8
20 81 10
20 82 7
20 84 2
20 87 4
21 23 3
21 24 2
21 25 9
21 27 5
21 28 7
21 29 10
21 30 8
21 31 10
21 32 4
21 34 8
21 36 4
21 37 4
21 38 4
21 39 5
21 41 6
21 43 10
21 44 6
21 47 7
21 57 2
21 58 9
21 61 9
21 62 10
21 65 6
21 66 6
21 67 1
21 70 1
21 72 2
21 73 2
21 74 7
21 77 1
21 81 3
21 82 2
21 83 9
21 85 2
22 23 6
22 24 9
22 26 4
22 28 9
22 31 7
22 32 1
22 34 9
22 36 1
22 39 3
22 40 2
22 42 4
22 44 9
22 45 1
22 46 9
22 49 10
22 50 6
22 53 7
22 54 10
22 55 3
22 58 4
22 61 8
22 63 2
22 71 6
22 75 5
22 77 10
22 78 1
22 79 6
22 80 4
22 81 1
22 82 6
22 85 9
22 86 9
22 87 7
23 24 4
23 25 8
23 26 5
23 28 9
23 31 5
23 33 9
23 34 9
23 36 1
23 37 2
23 38 4
23 39 8
23 40 5
23 42 4
23 43 8
23 45 2
23 47 6
23 52 9
23 58 9
23 59 3
23 61 9
23 62 5
23 63 3
23 64 3
23 65 2
23 66 1
23 71 10
23 73 10
23 74 10
23 75 5
23 76 6
23 79 10
23 80 1
23 83 1
23 84 5
23 86 8
24 27 3
24 30 3
24 32 3
24 33 9
24 35 7
24 36 8
24 37 2
24 38 10
24 39 9
24 44 10
24 47 7
24 49 4
24 50 10
24 51 9
24 52 1
24 53 2
24 55 8
24 56 7
24 59 4
24 63 7
24 64 10
24 68 5
24 69 3
24 71 9
24 72 8
24 73 6
24 74 6
24 77 3
24 80 4
24 83 4
24 84 7
24 85 5
24 86 4
25 27 1
25 28 9
25 29 8
25 34 3
25 36 5
25 37 6
25 38 7
25 42 6
25 43 3
25 47 2
25 48 5
25 50 8
25 51 3
25 52 10
25 57 1
25 58 5
25 59 5
25 60 8
25 62 3
25 63 3
25 64 8
25 65 2
25 66 8
25 67 2
25 69 2
25 74 8
25 76 1
25 78 10
25 80 7
25 81 7
25 82 6
25 83 7
25 84 8
26 32 10
26 35 1
26 36 8
26 37 9
26 40 10
26 43 5
26 44 8
26 46 5
26 47 3
26 48 2
26 50 1
26 51 5
26 52 5
26 58 1
26 59 10
26 60 4
26 62 9
26 63 8
26 66 2
26 67 5
26 68 2
26 69 7
26 70 4
26 72 2
26 73 5
26 75 8
26 76 1
26 77 3
26 78 2
26 81 8
26 83 2
26 86 9
26 87 4
27 28 10
27 29 4
27 31 2
27 33 8
27 35 1
27 37 9
27 39 3
27 40 8
27 43 5
27 44 3
27 45 6
27 46 10
27 47 1
27 51 7
27 52 5
27 53 1
27 54 4
27 58 7
27 60 9
27 62 3
27 65 9
27 67 10
27 68 10
27 69 10
27 70 10
27 71 9
27 76 9
27 78 6
27 80 6
27 81 6
27 84 10
27 85 9
27 86 8
27 87 4
28 29 6
28 31 5
28 36 5
28 40 9
28 41 2
28 42 8
28 50 3
28 51 4
28 52 9
28 53 7
28 54 8
28 55 1
28 56 6
28 62 4
28 66 9
28 67 2
28 68 8
28 73 7
28 75 8
28 76 4
28 78 8
28 79 3
28 81 6
28 82 9
28 83 2
29 30 5
29 31 8
29 34 7
29 36 3
29 40 1
29 41 9
29 44 6
29 45 6
29 46 2
29 50 10
29 51 6
29 54 9
29 55 3
29 57 5
29 61 8
29 66 2
29 67 9
29 69 5
29 71 1
29 72 6
29 73 4
29 74 9
29 77 9
29 80 7
29 84 8
29 86 10
29 87 2
30 31 3
30 34 9
30 35 5
30 36 4
30 39 8
30 40 2
30 41 8
30 42 10
30 43 7
30 44 10
30 45 7
30 47 5
30 49 8
30 50 4
30 52 5
30 54 6
30 55 8
30 56 10
30 57 2
30 60 9
30 61 10
30 63 10
30 65 3
30 67 8
30 70 2
30 71 5
30 72 3
30 74 5
30 75 4
30 77 8
30 78 8
30 79 2
30 82 9
30 86 10
30 87 5
31 35 8
31 38 2
31 39 1
31 41 9
31 42 7
31 44 6
31 46 5
31 47 2
31 48 1
31 51 7
31 54 7
31 55 9
31 56 6
31 57 6
31 58 9
31 59 8
31 60 3
31 62 1
31 63 2
31 64 2
31 65 8
31 66 10
31 67 5
31 69 4
31 70 8
31 71 9
31 73 4
31 74 4
31 77 3
31 80 6
31 85 6
32 33 2
32 37 8
32 38 9
32 39 10
32 40 3
32 42 2
32 44 8
32 45 10
32 46 2
32 47 4
32 49 7
32 50 2
32 51 8
32 52 5
32 53 10
32 55 9
32 58 3
32 60 1
32 63 7
32 71 6
32 74 5
32 75 7
32 79 8
32 80 5
32 81 5
32 82 1
32 83 3
32 86 6
32 87 9
33 36 5
33 37 1
33 40 6
33 41 1
33 43 5
33 47 3
33 50 3
33 51 3
33 54 1
33 60 2
33 61 10
33 63 4
33 65 6
33 66 5
33 68 4
33 69 5
33 70 7
33 71 9
33 74 4
33 75 6
33 76 6
33 77 6
33 79 6
33 81 7
33 82 4
33 83 2
33 84 9
33 85 9
33 87 8
34 37 6
34 38 7
34 41 6
34 43 4
34 44 4
34 45 1
34 46 6
34 47 9
34 48 8
34 49 4
34 50 5
34 52 3
34 53 10
34 54 4
34 56 6
34 57 4
34 60 2
34 61 3
34 62 4
34 63 7
34 64 3
34 65 6
34 66 6
34 67 4
34 68 5
34 70 4
34 72 6
34 75 8
34 76 4
34 79 4
34 81 1
34 82 7
34 86 8
35 37 5
35 47 2
35 48 3
35 49 3
35 50 4
35 52 3
35 53 7
35 54 5
35 56 9
35 59 10
35 61 1
35 63 1
35 64 6
35 66 7
35 69 4
35 71 3
35 72 4
35 74 9
35 75 5
35 76 2
35 77 8
35 79 2
35 80 1
35 82 7
35 83 7
35 86 9
35 87 6
36 37 4
36 39 5
36 41 8
36 42 3
36 43 4
36 46 1
36 47 5
36 52 1
36 54 7
36 61 2
36 62 5
36 63 9
36 64 8
36 65 7
36 66 7
36 67 6
36 68 10
36 70 8
36 72 8
36 73 3
36 74 10
36 75 10
36 76 6
36 80 10
36 82 2
36 85 10
37 38 5
37 42 4
37 43 7
37 50 2
37 51 4
37 52 7
37 53 7
37 54 3
37 55 7
37 59 4
37 60 9
37 61 8
37 72 8
37 73 6
37 76 8
37 77 9
37 78 9
37 81 3
37 82 9
37 83 8
37 85 7
37 86 5
37 87 10
38 39 4
38 42 10
38 43 1
38 44 4
38 49 1
38 50 6
38 52 4
38 54 5
38 55 6
38 57 10
38 61 5
38 63 10
38 66 2
38 67 7
38 74 7
38 76 6
38 78 4
38 80 5
38 82 5
38 83 1
39 42 8
39 44 3
39 46 10
39 47 10
39 48 6
39 49 9
39 50 7
39 51 1
39 52 8
39 56 6
39 60 4
39 61 6
39 64 8
39 75 2
39 76 9
39 77 6
39 79 10
39 80 5
39 81 10
39 83 2
39 84 6
39 85 8
40 41 5
40 42 4
40 47 5
40 48 10
40 50 4
40 51 2
40 54 8
40 55 3
40 56 9
40 59 3
40 62 4
40 63 3
40 65 7
40 66 4
40 68 9
40 70 4
40 71 3
40 73 3
40 74 8
40 75 10
40 76 5
40 77 10
40 79 5
40 85 3
41 42 5
41 43 6
41 45 3
41 46 6
41 49 3
41 50 1
41 53 8
41 54 5
41 58 1
41 59 7
41 62 5
41 63 7
41 65 7
41 69 3
41 74 8
41 75 7
41 76 3
41 77 2
41 79 7
41 81 3
41 82 1
41 83 3
41 85 6
42 43 4
42 49 10
42 50 1
42 54 5
42 55 6
42 59 4
42 60 10
42 61 10
42 63 7
42 64 8
42 66 2
42 67 5
42 70 5
42 71 3
42 74 9
42 75 8
42 79 9
42 80 2
42 81 8
42 82 10
42 84 1
42 87 10
43 45 5
43 47 5
43 52 1
43 53 2
43 54 7
43 55 1
43 56 10
43 60 6
43 63 10
43 65 1
43 66 4
43 67 1
43 68 3
43 70 4
43 71 7
43 72 8
43 77 10
43 78 8
43 81 7
43 83 5
43 84 5
43 85 3
43 87 10
44 48 5
44 49 1
44 52 7
44 55 7
44 56 7
44 57 4
44 59 7
44 61 9
44 63 5
44 66 5
44 67 7
44 72 10
44 75 7
44 77 4
44 78 5
44 79 1
44 80 10
44 81 7
44 82 8
44 83 4
44 86 6
44 87 10
45 48 4
45 50 10
45 51 7
45 52 5
45 55 9
45 57 2
45 58 10
45 59 5
45 60 5
45 65 8
45 66 3
45 67 5
45 70 6
45 71 5
45 75 9
45 76 10
45 82 10
45 84 4
45 86 2
45 87 7
46 48 8
46 49 2
46 51 10
46 52 3
46 54 1
46 55 2
46 57 2
46 58 2
46 59 3
46 60 4
46 61 9
46 63 4
46 65 10
46 66 3
46 67 8
46 68 6
46 73 1
46 76 10
46 78 6
46 81 3
46 82 10
46 83 8
46 84 8
47 49 5
47 50 4
47 52 9
47 53 10
47 58 2
47 60 2
47 64 6
47 65 2
47 67 2
47 68 9
47 69 5
47 71 2
47 72 10
47 73 9
47 74 6
47 80 5
47 84 7
47 87 4
48 49 3
48 50 9
48 52 2
48 54 9
48 56 6
48 57 5
48 58 3
48 61 5
48 62 9
48 63 3
48 65 6
48 67 7
48 68 6
48 69 7
48 70 1
48 71 4
48 72 7
48 74 7
48 75 1
48 76 6
48 77 7
48 80 3
48 82 6
48 83 1
48 87 9
49 51 3
49 55 7
49 57 10
49 58 1
49 59 5
49 60 3
49 64 5
49 66 3
49 69 3
49 72 1
49 77 2
49 83 6
49 85 8
49 86 7
49 87 2
50 51 3
50 55 10
50 56 2
50 57 8
50 58 3
50 59 4
50 60 5
50 61 1
50 65 2
50 70 5
50 73 7
50 74 10
50 78 1
50 81 1
50 83 4
50 84 4
50 86 4
50 87 10
51 53 9
51 55 4
51 56 1
51 58 10
51 59 10
51 60 8
51 61 6
51 64 1
51 65 5
51 66 6
51 70 8
51 72 6
51 76 8
51 78 3
51 80 8
51 84 6
51 87 7
52 53 7
52 54 3
52 55 5
52 56 10
52 57 5
52 58 8
52 60 9
52 62 8
52 63 7
52 65 3
52 66 9
52 67 2
52 70 9
52 72 7
52 74 1
52 76 3
52 78 3
52 79 2
52 80 9
52 83 3
52 84 4
52 87 6
53 54 7
53 55 6
53 57 8
53 59 10
53 60 5
53 64 7
53 65 7
53 66 10
53 67 10
53 68 8
53 70 7
53 71 2
53 72 3
53 74 1
53 75 8
53 77 6
53 81 7
53 82 8
53 83 4
53 84 8
53 85 1
53 87 4
54 56 2
54 60 4
54 62 5
54 66 6
54 70 4
54 71 3
54 72 4
54 75 5
54 80 10
54 81 10
54 82 6
54 84 1
54 86 8
54 87 9
55 56 8
55 62 10
55 63 10
55 64 9
55 66 8
55 67 2
55 68 5
55 70 8
55 71 1
55 73 9
55 77 1
55 79 7
55 87 10
56 57 2
56 58 10
56 62 2
56 65 5
56 66 1
56 67 7
56 69 5
56 72 8
56 73 4
56 75 3
56 77 3
56 79 6
56 80 6
56 82 1
56 83 5
56 87 6
57 58 8
57 59 3
57 61 2
57 71 10
57 72 9
57 73 4
57 74 6
57 75 5
57 76 3
57 77 7
57 81 3
57 85 8
57 87 9
58 62 7
58 63 7
58 67 2
58 70 9
58 71 2
58 75 7
58 76 3
58 78 1
58 82 7
58 83 10
59 62 9
59 63 9
59 66 1
59 67 2
59 68 1
59 73 3
59 78 2
59 79 5
59 82 6
59 83 3
59 86 7
60 62 10
60 63 9
60 65 3
60 66 2
60 68 10
60 69 9
60 72 7
60 76 6
60 78 1
60 80 6
60 83 5
60 84 6
60 85 9
60 87 4
61 64 10
61 66 7
61 67 4
61 75 1
61 80 2
61 84 1
61 85 4
62 65 9
62 66 9
62 67 9
62 68 10
62 70 7
62 71 6
62 72 9
62 77 4
62 79 9
62 80 1
62 82 4
62 85 8
62 87 6
63 68 6
63 72 6
63 74 10
63 77 1
63 78 5
63 81 8
63 82 10
63 83 3
63 84 7
63 86 2
63 87 7
64 68 4
64 70 6
64 72 7
64 74 9
64 76 3
64 79 5
64 80 6
64 81 10
64 82 8
65 66 9
65 68 2
65 69 7
65 74 4
65 75 2
65 77 2
65 79 9
65 81 9
65 82 7
65 84 1
65 85 4
65 86 7
65 87 1
66 67 8
66 68 5
66 69 2
66 70 4
66 71 2
66 77 3
66 82 8
66 83 4
66 85 5
67 71 6
67 74 3
67 75 3
67 77 5
67 81 6
67 82 4
67 84 4
67 86 1
68 71 1
68 72 6
68 73 7
68 76 10
68 77 6
68 78 2
68 79 6
68 80 3
69 70 1
69 71 4
69 72 10
69 74 4
69 78 4
69 81 2
69 82 2
69 84 7
69 85 5
69 86 9
70 71 2
70 72 4
70 77 6
70 78 10
70 79 7
70 82 2
70 84 4
70 86 9
71 72 6
71 74 6
71 75 9
71 76 4
71 78 1
71 79 2
71 80 4
71 81 9
71 82 10
71 85 2
71 86 6
71 87 6
72 74 3
72 76 6
72 78 5
72 79 6
72 81 5
72 84 9
72 85 9
72 87 4
73 76 8
73 78 1
73 79 9
73 80 4
73 82 8
73 83 8
73 84 6
73 85 1
73 87 7
74 75 6
74 77 1
74 81 6
74 84 3
74 85 1
74 86 2
74 87 3
75 77 8
75 86 8
76 80 4
76 82 7
76 83 6
76 85 3
77 81 9
77 83 2
77 84 4
77 85 9
77 87 7
78 79 3
78 82 6
78 83 1
78 84 5
79 80 1
79 81 4
79 85 10
79 86 10
79 87 6
80 81 4
80 85 6
80 86 4
81 82 5
81 83 2
81 84 1
81 86 7
82 84 3
82 86 8
84 87 7
85 87 8
86 87 10
