0 3 5
0 7 6
0 9 6
0 10 6
0 11 10
0 14 4
0 19 5
0 20 8
0 22 10
0 23 6
0 24 10
0 27 2
0 28 2
0 29 6
0 32 3
0 35 7
0 39 2
0 41 4
0 42 6
0 45 7
0 46 3
0 48 10
0 49 9
0 50 7
0 51 8
1 2 1
1 5 1
1 6 9
1 12 6
1 14 4
1 16 10
1 18 5
1 19 1
1 21 10
1 23 9
1 24 2
1 26 10
1 29 1
1 30 5
1 31 8
1 34 6
1 35 10
1 37 3
1 39 5
1 41 2
1 43 4
1 44 9
1 50 6
1 51 7
2 3 9
2 4 4
2 5 4
2 8 10
2 9 4
2 11 7
2 13 5
2 14 2
2 16 7
2 18 10
2 19 5
2 20 8
2 21 2
2 23 8
2 25 1
2 30 7
2 32 9
2 33 5
2 38 3
2 40 8
2 43 5
2 44 3
2 46 7
2 47 1
2 51 8
2 52 1
2 53 4
3 4 6
3 5 4
3 7 5
3 9 4
3 11 5
3 12 8
3 13 5
3 14 9
3 16 8
3 18 10
3 22 10
3 23 9
3 25 4
3 26 6
3 29 1
3 32 9
3 34 1
3 35 7
3 36 2
3 37 10
3 38 7
3 39 6
3 41 2
3 42 8
3 43 3
3 44 3
3 48 9
3 49 6
3 50 1
3 52 8
4 6 8
4 9 9
4 13 7
4 14 7
4 16 1
4 17 9
4 18 8
4 19 10
4 20 9
4 24 10
4 25 4
4 28 3
4 32 9
4 33 5
4 34 5
4 35 7
4 36 2
4 37 8
4 38 5
4 42 6
4 43 8
4 45 9
4 47 1
4 48 3
4 52 8
5 7 1
5 9 7
5 10 2
5 14 4
5 16 7
5 17 8
5 19 8
5 21 1
5 25 2
5 28 8
5 31 8
5 35 6
5 36 6
5 37 3
5 39 5
5 41 1
5 42 1
5 44 3
5 45 2
5 47 6
5 48 9
5 49 10
5 50 9
5 51 4
5 52 3
5 53 2
6 11 10
6 12 5
6 13 10
6 16 3
6 18 5
6 19 6
6 20 8
6 21 1
6 22 4
6 23 8
6 25 6
6 27 5
6 28 9
6 30 3
6 31 3
6 37 6
6 38 6
6 42 3
6 43 2
6 45 6
6 47 10
6 48 10
6 49 8
6 53 10
7 10 3
7 11 10
7 13 6
7 15 8
7 17 9
7 19 9
7 21 1
7 22 9
7 23 3
7 24 7
7 25 4
7 30 2
7 31 9
7 35 3
7 36 8
7 37 9
7 38 5
7 40 8
7 41 2
7 42 6
7 46 8
7 47 9
7 50 10
7 51 10
7 52 9
7 53 10
8 10 6
8 13 4
8 16 5
8 19 8
8 24 5
8 27 6
8 28 9
8 31 8
8 37 8
8 40 10
8 43 5
8 44 9
8 49 7
8 52 1
8 53 10
9 11 8
9 12 7
9 15 4
9 16 9
9 17 4
9 21 9
9 22 9
9 26 3
9 29 8
9 30 4
9 31 6
9 32 8
9 33 4
9 35 5
9 38 8
9 39 8
9 47 1
9 50 4
9 51 8
9 52 7
9 53 3
10 11 9
10 14 5
10 15 2
10 16 5
10 25 8
10 26 5
10 27 7
10 29 6
10 30 9
10 32 3
10 33 1
10 34 1
10 36 5
10 38 7
10 39 4
10 40 6
10 41 9
10 42 9
10 43 9
10 44 8
10 46 5
10 47 9
10 48 8
10 49 7
10 51 7
10 52 1
11 14 10
11 15 2
11 22 8
11 23 4
11 25 7
11 26 7
11 27 4
11 29 8
11 31 6
11 33 10
11 34 5
11 36 7
11 38 8
11 39 3
11 42 6
11 43 10
11 45 5
11 46 8
11 48 8
11 52 6
12 15 2
12 16 7
12 21 1
12 22 9
12 24 4
12 27 6
12 28 5
12 29 3
12 30 4
12 31 8
12 32 5
12 35 9
12 37 7
12 39 8
12 40 1
12 42 7
12 43 10
12 48 6
12 49 10
12 50 3
12 51 1
12 52 2
13 15 9
13 16 2
13 18 10
13 19 4
13 20 4
13 24 2
13 25 10
13 28 7
13 29 10
13 33 5
13 36 8
13 38 4
13 39 1
13 41 5
13 42 5
13 43 4
13 44 10
13 45 5
13 47 10
13 48 5
13 51 6
14 15 5
14 17 3
14 18 7
14 19 3
14 20 1
14 23 7
14 25 5
14 26 4
14 30 5
14 32 9
14 47 4
14 48 9
14 49 4
14 52 8
15 16 10
15 17 1
15 18 3
15 22 4
15 23 6
15 30 9
15 31 7
15 32 3
15 34 5
15 35 9
15 38 2
15 40 6
15 44 8
15 47 3
15 49 7
15 50 1
16 17 2
16 18 9
16 21 3
16 22 9
16 25 7
16 27 6
16 28 2
16 29 5
16 30 6
16 32 3
16 38 5
16 39 8
16 40 2
16 44 8
16 47 1
16 48 9
16 52 1
17 18 4
17 19 4
17 20 7
17 21 6
17 23 8
17 29 7
17 31 6
17 33 6
17 38 9
17 39 1
17 40 6
17 46 7
17 47 10
17 48 9
17 49 1
17 50 7
17 51 4
18 22 8
18 25 9
18 26 1
18 29 3
18 31 7
18 32 2
18 34 7
18 35 4
18 37 3
18 39 9
18 41 7
18 45 6
18 47 10
18 48 1
18 49 2
18 51 2
19 22 7
19 24 5
19 25 9
19 27 3
19 28 9
19 30 4
19 33 8
19 34 5
19 36 10
19 38 1
19 40 8
19 44 8
19 45 9
19 46 1
19 47 9
19 49 5
19 53 6
20 21 1
20 22 9
20 25 1
20 27 2
20 28 4
20 31 3
20 32 7
20 33 8
20 34 3
20 35 3
20 37 9
20 39 5
20 40 10
20 41 6
20 43 5
20 45 10
20 46 5
20 47 2
20 48 2
20 49 9
20 53 2
21 25 1
21 26 9
21 28 2
21 29 6
21 32 10
21 33 2
21 36 10
21 37 8
21 42 1
21 44 3
21 45 1
21 46 6
21 47 5
21 50 7
21 51 5
21 52 1
21 53 1
22 23 9
22 24 2
22 25 8
22 26 4
22 27 7
22 28 7
22 29 4
22 30 6
22 31 10
22 32 10
22 33 2
22 34 5
22 37 3
22 39 2
22 40 10
22 43 9
22 50 8
22 52 6
22 53 8
23 24 9
23 25 2
23 27 5
23 29 6
23 30 1
23 31 3
23 32 8
23 33 10
23 34 4
23 35 7
23 36 3
23 39 9
23 42 1
23 43 6
23 45 8
23 46 3
23 47 7
23 49 2
23 51 6
23 52 9
24 25 8
24 26 1
24 27 4
24 28 3
24 31 9
24 36 10
24 43 8
24 45 9
24 46 9
24 50 8
24 52 4
24 53 7
25 26 2
25 29 2
25 32 2
25 33 10
25 35 5
25 36 7
25 38 8
25 39 1
25 41 4
25 44 9
25 46 8
25 47 7
25 49 5
25 51 3
26 27 4
26 28 8
26 29 5
26 32 6
26 33 3
26 34 4
26 37 3
26 38 4
26 41 1
26 44 9
26 46 10
26 48 9
26 49 7
26 51 1
26 52 9
27 31 3
27 34 5
27 36 4
27 37 7
27 38 6
27 39 5
27 40 1
27 42 7
27 44 6
27 46 1
27 47 10
27 48 2
27 49 10
27 50 8
27 52 3
27 53 1
28 29 6
28 33 6
28 37 10
28 39 4
28 45 5
28 46 8
28 50 1
28 51 3
28 53 10
29 32 6
29 36 7
29 37 4
29 39 6
29 40 8
29 41 7
29 42 4
29 49 9
29 50 6
29 52 1
29 53 9
30 31 7
30 33 10
30 34 10
30 37 1
30 38 7
30 41 8
30 42 5
30 44 9
30 46 10
30 49 9
30 51 4
30 52 2
30 53 7
31 32 5
31 33 9
31 34 8
31 36 5
31 42 1
31 43 6
31 45 9
31 47 3
31 49 3
31 50 7
32 35 5
32 37 6
32 39 2
32 40 4
32 41 1
32 43 5
32 47 9
32 49 2
32 53 9
33 34 6
33 35 7
33 36 4
33 37 7
33 38 9
33 40 4
33 42 8
33 45 6
33 47 2
33 49 3
33 51 6
33 53 7
34 35 6
34 40 1
34 41 3
34 42 4
34 43 9
34 44 3
34 45 3
34 46 4
34 48 4
34 49 6
34 50 1
34 51 10
34 52 8
35 37 7
35 39 4
35 40 5
35 42 4
35 47 9
35 52 7
35 53 2
36 38 10
36 43 6
36 45 10
36 46 5
36 47 9
36 48 7
36 49 7
36 51 7
37 41 6
37 45 1
37 47 7
37 52 2
37 53 7
38 39 8
38 40 3
38 45 2
38 47 1
38 50 7
38 51 1
38 52 6
38 53 10
39 40 9
39 41 3
39 42 7
39 44 4
39 49 8
39 51 6
39 52 6
39 53 6
40 42 2
40 43 10
40 44 8
40 49 9
40 51 2
40 52 6
40 53 6
41 42 2
41 44 8
41 46 4
41 47 2
41 49 6
41 51 10
42 43 1
42 46 6
42 47 7
42 50 8
42 51 8
42 53 7
43 44 3
43 46 1
43 48 5
43 51 5
43 52 3
44 47 8
44 48 3
44 49 10
44 50 7
44 51 8
44 52 6
45 51 8
45 53 6
46 47 4
46 48 9
46 50 1
47 49 3
47 51 5
47 52 9
48 49 10
48 53 9
49 51 7
49 52 5
49 53 1
50 51 2
50 52 10
