87 1884
0 2 3142
0 3 9385
0 4 4645
0 9 6026
0 11 9408
0 15 9894
0 18 8874
0 21 8576
0 22 3995
0 25 2026
0 27 8392
0 28 3081
0 32 7261
0 33 4375
0 34 9596
0 36 70
0 38 769
0 40 5773
0 43 362
0 44 2307
0 45 2849
0 46 6053
0 50 1868
0 51 7738
0 53 4450
0 54 7788
0 57 5723
0 59 4269
0 64 4478
0 65 5942
0 66 3093
0 68 9434
0 71 391
0 72 7789
0 73 7767
0 76 5712
0 78 8070
0 79 7586
0 80 9571
0 81 4709
0 85 1559
0 86 2003
1 3 8361
1 5 6659
1 7 6940
1 8 1625
1 11 8552
1 12 1672
1 13 6933
1 14 4813
1 18 6841
1 20 9080
1 22 1567
1 25 282
1 26 795
1 29 3624
1 32 7284
1 34 6974
1 37 2616
1 38 1140
1 39 772
1 41 4372
1 44 2319
1 46 2340
1 51 978
1 55 7268
1 56 3045
1 59 723
1 62 583
1 65 9186
1 70 9298
1 73 2451
1 74 755
1 75 5207
1 76 9308
1 78 2821
1 79 7276
1 84 8378
1 85 5169
2 3 3891
2 9 8202
2 13 206
2 14 1090
2 16 7297
2 18 1368
2 20 2222
2 21 9447
2 24 9680
2 25 7601
2 26 63
2 31 5088
2 35 6031
2 36 2677
2 39 1419
2 42 1831
2 44 7461
2 48 4777
2 49 869
2 51 9687
2 54 5033
2 55 8169
2 57 1384
2 58 8004
2 60 83
2 61 855
2 62 6648
2 63 3728
2 66 8910
2 67 8296
2 68 4889
2 69 707
2 70 1249
2 71 6114
2 73 6918
2 74 148
2 76 8668
2 77 7056
2 79 8682
2 80 5800
2 82 6273
2 83 72
2 84 7098
2 85 4595
3 4 5092
3 10 4842
3 12 9117
3 13 3557
3 16 676
3 18 8585
3 19 7045
3 22 9352
3 24 4818
3 25 8554
3 27 3196
3 28 5867
3 31 9238
3 32 4221
3 35 5373
3 37 6650
3 39 168
3 40 8246
3 43 7088
3 46 1912
3 48 1023
3 52 673
3 54 638
3 55 1995
3 59 6256
3 60 3630
3 61 9864
3 62 3493
3 63 8938
3 64 4676
3 65 581
3 68 5577
3 69 8542
3 70 2089
3 71 2104
3 73 5808
3 74 1907
3 75 2694
3 76 4518
3 83 6973
3 84 311
3 85 8608
4 5 6284
4 6 682
4 9 3580
4 11 4345
4 12 9047
4 13 2756
4 14 3528
4 15 6357
4 17 8658
4 21 1581
4 22 5769
4 26 9682
4 27 5811
4 28 3905
4 30 7247
4 31 5701
4 34 2797
4 35 4279
4 36 4968
4 41 9040
4 43 2210
4 45 4956
4 46 7447
4 47 1356
4 48 3298
4 51 5653
4 52 7491
4 54 1146
4 55 4287
4 56 2466
4 57 3156
4 60 8363
4 61 2845
4 62 276
4 65 80
4 66 5030
4 67 8116
4 68 5514
4 69 518
4 70 5649
4 71 344
4 72 8024
4 73 2502
4 77 322
4 78 7442
4 79 2375
4 81 3104
4 85 9289
5 6 7645
5 7 6647
5 9 8257
5 10 2448
5 11 5820
5 12 1722
5 16 714
5 17 6248
5 20 4430
5 21 4017
5 30 2595
5 32 4244
5 33 6712
5 38 1050
5 39 572
5 42 2442
5 43 1703
5 45 8970
5 48 3269
5 50 4352
5 51 2779
5 52 8435
5 53 6370
5 55 2417
5 56 9836
5 61 9401
5 66 2673
5 67 3431
5 69 4344
5 71 6913
5 77 4406
5 78 192
5 79 5629
5 82 446
5 86 5035
6 9 1148
6 10 892
6 11 9426
6 13 1189
6 14 3464
6 17 6327
6 18 6085
6 19 3191
6 21 4708
6 23 889
6 24 5472
6 27 6993
6 28 9273
6 29 5413
6 32 7161
6 33 6880
6 34 6325
6 35 3926
6 36 3247
6 39 4283
6 49 8794
6 50 644
6 51 7403
6 52 8146
6 53 7650
6 54 6185
6 63 1349
6 66 3659
6 67 6943
6 70 8336
6 72 336
6 73 4892
6 74 2439
6 76 7749
6 78 239
6 79 865
6 80 3782
6 82 7055
6 84 5772
6 86 713
7 9 9901
7 10 9858
7 11 8888
7 14 9876
7 15 6404
7 16 3503
7 18 3153
7 19 3957
7 22 2989
7 24 3662
7 26 2248
7 27 3239
7 30 4108
7 31 5433
7 33 8953
7 34 4369
7 39 9610
7 43 378
7 44 5519
7 45 186
7 49 993
7 50 9619
7 51 6306
7 52 4572
7 55 556
7 56 9493
7 58 1525
7 62 877
7 63 5884
7 64 2414
7 66 5162
7 69 268
7 70 5484
7 71 5366
7 72 2000
7 73 6764
7 74 7565
7 75 5521
7 76 4379
7 78 1649
7 81 9160
7 83 8988
7 85 7982
8 9 9623
8 10 6926
8 12 1505
8 13 8993
8 14 7137
8 15 9398
8 17 2390
8 18 3756
8 19 2560
8 21 2991
8 23 2153
8 25 2438
8 26 6484
8 28 7630
8 31 2229
8 32 8912
8 35 4614
8 37 7531
8 40 738
8 41 3693
8 43 3414
8 44 1237
8 49 7773
8 50 3709
8 54 3683
8 55 2012
8 56 6017
8 57 3953
8 58 4571
8 59 8546
8 60 7629
8 63 4791
8 65 7620
8 66 8039
8 70 1857
8 71 9459
8 73 7717
8 75 1338
8 79 2122
8 81 1730
8 82 7879
8 84 1931
8 85 1754
9 10 8484
9 11 5904
9 12 655
9 14 303
9 15 2975
9 18 4733
9 22 6342
9 23 2822
9 24 6066
9 25 2152
9 28 6887
9 29 9098
9 30 7301
9 32 2008
9 33 7194
9 35 8825
9 36 7433
9 38 189
9 40 6339
9 41 4788
9 42 2625
9 43 3268
9 44 9169
9 45 1668
9 47 1346
9 48 262
9 49 984
9 51 789
9 55 4480
9 62 7723
9 65 3744
9 67 1456
9 69 8851
9 71 5782
9 76 4622
9 77 2300
9 79 2449
9 81 3379
9 83 8344
9 84 4037
10 12 296
10 14 2312
10 16 7501
10 18 7544
10 19 555
10 20 7446
10 22 5168
10 23 7218
10 25 2715
10 26 7381
10 27 7819
10 29 3307
10 30 5339
10 33 5971
10 34 3169
10 38 6969
10 43 2950
10 45 4897
10 50 9123
10 51 2483
10 53 570
10 54 3349
10 56 412
10 58 2591
10 59 6314
10 63 3733
10 67 3047
10 68 3314
10 73 1312
10 75 5415
10 77 6729
10 79 5589
10 81 7927
10 82 2901
10 84 2387
10 85 4347
10 86 8451
11 12 3631
11 14 3615
11 18 5480
11 20 3983
11 21 7360
11 23 2337
11 25 7304
11 26 7914
11 27 4099
11 29 1804
11 33 1739
11 35 1216
11 36 6844
11 38 5930
11 40 918
11 42 1695
11 43 3451
11 44 194
11 46 4267
11 47 1479
11 50 9664
11 51 5312
11 53 3220
11 54 6589
11 55 5643
11 59 9349
11 60 8777
11 63 1914
11 65 6441
11 66 1194
11 67 2893
11 68 5984
11 69 8657
11 71 3429
11 72 7154
11 74 4779
11 75 8599
11 79 511
11 80 3321
11 84 3938
11 85 4495
12 13 5091
12 15 6157
12 17 1201
12 18 9330
12 19 6461
12 20 3174
12 22 380
12 24 2305
12 25 4667
12 27 3571
12 30 3759
12 31 4532
12 32 8285
12 33 8753
12 35 7847
12 38 5060
12 42 2717
12 44 4683
12 45 4477
12 46 7292
12 47 3083
12 50 6608
12 52 7585
12 55 6469
12 56 5344
12 57 7515
12 58 9220
12 59 9251
12 62 79
12 64 750
12 69 5591
12 70 5003
12 73 342
12 75 9649
12 76 5123
12 80 3494
12 81 1968
12 82 6347
12 84 5405
12 85 2094
12 86 1110
13 14 3663
13 17 3477
13 18 4891
13 22 3425
13 24 6640
13 27 4417
13 28 7096
13 32 6254
13 34 8010
13 35 9307
13 36 9259
13 37 173
13 39 811
13 44 5685
13 45 4530
13 47 1370
13 48 6644
13 49 4126
13 52 9544
13 53 4798
13 56 7695
13 59 6412
13 60 1076
13 62 6220
13 63 6624
13 64 6599
13 65 7267
13 66 454
13 67 2571
13 68 5617
13 69 4912
13 70 5568
13 72 9653
13 76 4507
13 77 2188
13 79 3896
13 81 413
13 82 7507
13 83 7132
14 18 5832
14 19 6875
14 21 5441
14 22 1019
14 25 732
14 27 1016
14 32 4206
14 33 1522
14 37 534
14 39 4173
14 40 4937
14 41 1915
14 42 337
14 44 6630
14 45 8056
14 47 3897
14 48 352
14 49 7372
14 50 41
14 51 3134
14 52 8592
14 53 8764
14 56 4005
14 58 9833
14 60 7356
14 62 6494
14 64 9986
14 65 2978
14 66 1204
14 69 3384
14 73 5325
14 74 8868
14 75 3767
14 85 576
15 18 9634
15 20 2510
15 21 7288
15 24 5664
15 26 4749
15 27 7652
15 28 2075
15 31 734
15 32 8180
15 33 5974
15 34 9145
15 37 4065
15 39 460
15 44 4007
15 45 2133
15 47 7931
15 53 7430
15 55 2524
15 57 6852
15 62 4235
15 63 3131
15 66 4765
15 68 3548
15 69 5567
15 74 2898
15 75 1086
15 76 2037
15 78 2041
15 79 6679
15 80 4648
15 82 233
15 83 2601
15 85 1867
16 17 5249
16 20 4545
16 22 9120
16 23 3579
16 24 9246
16 26 287
16 27 3935
16 28 4475
16 29 2680
16 30 7039
16 31 4625
16 33 9250
16 37 455
16 38 6733
16 39 1106
16 41 2865
16 42 9315
16 43 8971
16 44 2055
16 45 1753
16 47 3361
16 50 7577
16 51 1412
16 53 9756
16 55 5018
16 56 6401
16 58 7893
16 60 957
16 63 788
16 64 8616
16 65 3688
16 67 7408
16 68 4119
16 69 3110
16 73 8407
16 74 1886
16 75 2174
16 78 9264
16 79 7775
16 80 3129
16 82 1241
16 84 6033
16 86 6658
17 18 1344
17 19 6406
17 20 3422
17 25 8995
17 30 3726
17 37 7047
17 38 4821
17 41 9400
17 44 3271
17 46 1895
17 51 4264
17 52 3103
17 53 9965
17 58 2274
17 59 3785
17 60 9888
17 61 997
17 62 2271
17 63 8799
17 64 8124
17 65 1844
17 66 1885
17 67 2117
17 68 7238
17 69 524
17 70 8914
17 73 1072
17 81 6030
17 82 7225
17 83 3001
17 85 7969
18 19 57
18 22 3000
18 23 779
18 24 4715
18 25 9785
18 29 6748
18 30 6280
18 31 8846
18 34 4934
18 38 1398
18 40 4331
18 41 9068
18 46 7617
18 47 1558
18 48 5628
18 50 5342
18 51 1422
18 52 5928
18 55 6645
18 57 103
18 58 8461
18 62 3341
18 63 1536
18 64 8771
18 68 6553
18 70 6266
18 72 1467
18 75 670
18 76 7236
18 77 3965
18 78 1482
18 79 3572
18 80 3133
18 83 176
18 84 5771
18 85 6558
18 86 7532
19 22 5969
19 24 4699
19 26 4984
19 27 1984
19 28 3712
19 29 1092
19 30 1036
19 31 3871
19 34 8551
19 36 7035
19 37 6742
19 38 7783
19 39 6434
19 40 3485
19 41 9655
19 42 3704
19 46 4898
19 49 2476
19 52 4077
19 54 1677
19 58 9640
19 59 2326
19 61 9936
19 63 9862
19 64 1959
19 65 3841
19 70 864
19 71 7198
19 72 1529
19 75 6867
19 76 2286
19 79 8036
19 83 6241
19 85 2610
20 21 6906
20 22 364
20 23 6168
20 25 1978
20 28 6984
20 29 4617
20 30 166
20 31 3551
20 38 5265
20 39 6255
20 40 3997
20 43 8962
20 44 8567
20 48 2036
20 51 4849
20 52 339
20 53 2021
20 54 8541
20 55 7915
20 56 1876
20 60 7337
20 61 630
20 62 594
20 63 3901
20 64 9
20 67 4540
20 68 4537
20 69 6823
20 71 2058
20 72 5982
20 73 4131
20 74 3473
20 75 2290
20 76 8477
20 79 8489
20 82 924
20 84 328
20 86 7959
21 22 7639
21 23 6749
21 26 1260
21 28 1990
21 32 8776
21 34 9804
21 37 551
21 39 5219
21 40 4586
21 42 3034
21 43 8983
21 46 46
21 48 7568
21 49 4679
21 50 5813
21 51 25
21 52 3376
21 53 8915
21 55 2048
21 57 1302
21 61 1799
21 63 5766
21 65 8283
21 66 706
21 71 7376
21 73 3138
21 75 7437
21 78 1856
21 80 3089
21 84 5774
21 86 6365
22 23 4655
22 24 3940
22 25 5201
22 27 8639
22 28 5722
22 31 9442
22 32 7084
22 36 9497
22 37 9915
22 39 3359
22 41 4253
22 42 893
22 43 5552
22 44 7668
22 49 6449
22 50 5386
22 51 1960
22 55 1815
22 63 1382
22 64 4100
22 67 7612
22 68 4768
22 69 7351
22 70 9239
22 71 4631
22 72 4349
22 73 1645
22 78 8604
22 80 3608
22 81 671
22 84 1808
22 85 4130
22 86 2259
23 25 905
23 28 2437
23 29 1028
23 31 2014
23 32 9495
23 35 6377
23 37 971
23 39 1144
23 40 2937
23 41 979
23 42 787
23 43 1552
23 48 2944
23 49 6489
23 52 1043
23 55 3339
23 57 8609
23 58 5212
23 64 7615
23 65 4282
23 67 1371
23 69 5851
23 70 9727
23 71 6795
23 72 2799
23 73 5336
23 74 7109
23 76 1503
23 80 517
23 83 2575
23 85 496
23 86 1975
24 27 7095
24 28 7427
24 29 8832
24 33 8625
24 36 8416
24 37 5909
24 39 7094
24 40 7946
24 41 5085
24 42 5338
24 45 8463
24 46 7120
24 49 7273
24 51 1541
24 53 1595
24 54 7114
24 55 6780
24 58 5959
24 62 8769
24 63 9877
24 64 6196
24 73 1582
24 74 8346
24 76 533
24 77 9732
24 82 8961
24 84 7025
25 26 2163
25 27 9575
25 29 418
25 31 6151
25 32 2847
25 33 1461
25 34 5572
25 35 7222
25 38 223
25 39 9065
25 41 6804
25 44 5530
25 45 367
25 46 6182
25 47 8577
25 48 7609
25 50 5358
25 52 9240
25 54 2562
25 57 9933
25 58 1875
25 59 1745
25 60 2224
25 63 1014
25 65 7610
25 70 6179
25 71 474
25 74 9853
25 77 1458
25 80 3769
25 83 177
26 28 2623
26 34 3467
26 35 6939
26 38 2704
26 39 9656
26 40 2098
26 43 3586
26 44 1728
26 47 3981
26 48 1297
26 49 602
26 51 7512
26 52 1063
26 53 7754
26 58 7081
26 59 5913
26 63 8440
26 67 6905
26 71 5148
26 75 183
26 83 1417
26 85 7062
27 28 2823
27 33 5051
27 34 6889
27 37 531
27 40 3685
27 41 4231
27 45 4580
27 49 1403
27 50 5288
27 52 9144
27 53 3124
27 54 5109
27 56 7357
27 57 1803
27 59 8502
27 60 5359
27 63 9735
27 64 3650
27 65 4846
27 66 9088
27 67 9057
27 68 9654
27 71 8194
27 72 2118
27 75 6894
27 76 6720
27 77 5084
27 78 3602
27 81 9210
27 82 800
27 83 5469
27 85 2384
27 86 430
28 29 4339
28 34 7058
28 36 8176
28 37 6998
28 40 6514
28 43 5914
28 45 1041
28 46 9095
28 47 4453
28 50 2223
28 52 584
28 53 5279
28 56 9310
28 59 1292
28 60 9182
28 61 3746
28 62 4435
28 64 3137
28 65 1700
28 70 2128
28 71 7234
28 73 6758
28 74 9594
28 75 208
28 76 6000
28 78 1462
28 79 8423
28 82 7034
28 83 4340
28 84 9829
28 86 8215
29 32 7007
29 33 71
29 35 7416
29 39 6697
29 40 9794
29 50 9902
29 52 3017
29 53 9083
29 54 8308
29 55 1100
29 56 5611
29 57 9819
29 58 259
29 61 1762
29 63 1298
29 64 3215
29 65 365
29 66 7692
29 68 2512
29 71 8587
29 72 8560
29 74 8063
29 76 6067
29 77 6438
29 78 6323
29 79 6902
29 80 9753
29 84 2447
30 36 9152
30 37 3094
30 42 8947
30 43 8437
30 44 8966
30 45 5746
30 46 4558
30 50 9921
30 51 2606
30 52 7737
30 53 828
30 58 968
30 59 5097
30 60 6464
30 62 8722
30 63 4550
30 64 5014
30 65 5892
30 66 566
30 68 8376
30 69 3637
30 71 4755
30 73 3205
30 82 9947
30 83 8926
30 85 2107
31 32 2687
31 33 4000
31 35 188
31 42 249
31 43 4442
31 44 422
31 46 6708
31 50 7043
31 51 3234
31 54 1465
31 56 8373
31 59 1262
31 61 9127
31 62 5662
31 64 9394
31 65 1177
31 66 8781
31 67 6776
31 70 7863
31 71 7939
31 74 5075
31 75 9651
31 76 9793
31 77 8230
31 78 8219
31 83 6828
31 85 8003
31 86 9206
32 33 6891
32 34 6245
32 35 7215
32 36 6439
32 37 4921
32 38 7944
32 40 7627
32 42 7201
32 45 1616
32 47 6359
32 49 39
32 51 6663
32 52 1637
32 53 1124
32 54 9597
32 55 8633
32 56 5506
32 57 6577
32 58 8652
32 59 956
32 60 3970
32 61 2475
32 66 2994
32 67 7978
32 69 3990
32 72 2558
32 74 8739
32 76 2019
32 78 9041
32 81 8161
32 83 6186
32 86 1699
33 34 2171
33 35 3520
33 38 6928
33 39 5639
33 40 1078
33 42 4208
33 43 2709
33 46 836
33 47 4134
33 48 408
33 49 7157
33 51 6789
33 52 4064
33 53 2203
33 54 3491
33 55 928
33 56 2462
33 60 4826
33 62 7581
33 64 7734
33 68 8640
33 69 1227
33 71 635
33 77 7038
33 78 4684
33 79 3161
33 80 1922
33 82 4581
33 84 2072
33 85 7700
33 86 7220
34 35 6602
34 36 6775
34 41 98
34 43 1901
34 44 2111
34 46 7953
34 47 4744
34 50 6671
34 54 6289
34 55 5593
34 59 7844
34 65 4986
34 68 485
34 69 2661
34 70 4215
34 71 5833
34 72 7550
34 74 3072
34 76 3538
34 80 1434
34 84 2984
35 36 8276
35 37 5121
35 38 5233
35 39 3851
35 42 3068
35 44 3167
35 46 6895
35 49 1540
35 53 8318
35 55 3647
35 56 9180
35 57 1139
35 62 6910
35 64 7744
35 67 9647
35 69 6531
35 76 1777
35 81 7370
35 83 7977
35 84 9193
35 85 5731
35 86 617
36 37 5317
36 42 9903
36 47 8164
36 48 108
36 49 218
36 50 6835
36 54 2324
36 58 9270
36 59 3115
36 61 5346
36 68 8136
36 70 5157
36 72 8459
36 78 4876
36 80 8990
36 86 8772
37 38 6798
37 39 6660
37 41 4508
37 43 510
37 46 9946
37 47 7802
37 48 3754
37 50 8707
37 51 8267
37 52 6020
37 54 3534
37 57 9892
37 58 5891
37 60 5515
37 61 3002
37 66 3966
37 76 385
37 80 1673
37 81 7067
37 82 104
37 84 8349
38 40 3567
38 41 4054
38 42 2974
38 43 9657
38 45 8046
38 46 2839
38 47 5401
38 48 3924
38 51 1058
38 56 6718
38 57 7709
38 63 2432
38 68 1388
38 74 6446
38 76 4814
38 77 6395
38 80 9686
38 81 3458
38 82 5377
38 84 2339
38 85 6623
39 42 7570
39 44 3894
39 47 8714
39 49 6981
39 50 2148
39 51 712
39 52 8263
39 53 4060
39 59 9973
39 61 1044
39 62 6614
39 63 6637
39 64 4998
39 66 9059
39 67 2125
39 68 3836
39 74 3644
39 75 4018
39 77 4201
39 78 2886
39 80 8960
39 85 1493
39 86 6084
40 43 8409
40 44 1824
40 45 9813
40 47 5750
40 48 6169
40 50 4384
40 53 9243
40 58 1963
40 64 7390
40 70 4858
40 72 6995
40 75 7972
40 77 6747
40 78 4706
40 79 4343
40 81 8374
40 84 8553
40 85 9814
41 47 3447
41 50 2530
41 52 7896
41 53 6198
41 54 2666
41 58 9878
41 60 8721
41 62 5307
41 64 6170
41 66 1555
41 68 5061
41 69 3569
41 72 7199
41 73 6355
41 77 4795
41 79 780
41 80 1065
41 83 8667
41 84 8637
42 45 1592
42 46 4840
42 47 1713
42 48 6825
42 49 9835
42 50 9318
42 51 1381
42 53 1255
42 54 1184
42 57 6303
42 58 619
42 63 6808
42 64 8475
42 65 1898
42 66 526
42 68 4048
42 70 9464
42 76 2099
42 77 5220
42 78 2951
42 81 9276
42 85 2876
43 45 6612
43 50 7312
43 52 8607
43 53 8957
43 54 2238
43 56 3180
43 57 6054
43 62 8269
43 65 5418
43 66 5139
43 68 8096
43 70 6393
43 72 482
43 74 2813
43 76 5645
43 78 7262
43 83 5257
43 84 7547
43 86 2537
44 49 2178
44 50 9089
44 53 6126
44 54 6105
44 55 5112
44 56 9109
44 62 373
44 65 797
44 66 6831
44 68 1487
44 71 8242
44 73 8165
44 75 8780
44 77 6496
44 79 909
44 80 4712
44 81 8128
44 82 7848
44 83 7646
44 84 1561
45 47 9118
45 48 4159
45 50 1372
45 51 4026
45 52 7760
45 53 6680
45 54 2803
45 55 4186
45 58 2788
45 59 3353
45 60 2092
45 61 7226
45 62 7992
45 63 9034
45 64 7272
45 65 852
45 68 7983
45 69 3513
45 70 9842
45 77 1587
45 78 4029
45 79 8815
45 81 5057
45 83 9388
45 84 1871
45 85 6295
46 49 8134
46 50 5129
46 51 3290
46 52 9323
46 55 1989
46 56 4879
46 57 8804
46 59 7619
46 60 54
46 62 2033
46 65 11
46 66 6071
46 67 9155
46 68 1397
46 70 8698
46 73 7339
46 75 3994
46 80 6092
46 81 267
46 82 121
46 86 7976
47 51 7995
47 53 1953
47 54 8425
47 58 5349
47 61 8404
47 64 6567
47 65 8145
47 70 6360
47 72 203
47 73 3079
47 75 3828
47 76 9587
47 77 7346
47 79 9337
47 84 2922
47 86 4485
48 52 5878
48 55 5888
48 56 5828
48 58 1596
48 60 9615
48 61 5098
48 62 3440
48 63 1534
48 64 9958
48 72 4682
48 77 7466
48 78 9581
48 79 488
48 80 2159
48 82 4149
48 85 8436
49 51 3944
49 52 1359
49 54 4313
49 55 6925
49 56 5855
49 61 136
49 62 3455
49 65 1704
49 68 2182
49 69 2506
49 72 5626
49 74 9909
49 76 920
49 77 5558
49 78 1330
49 79 5834
49 81 9082
49 82 8659
49 85 3249
49 86 7696
50 51 9347
50 52 7742
50 55 1240
50 56 1904
50 58 3971
50 63 3813
50 65 675
50 72 7499
50 73 7212
50 76 9035
50 77 5633
50 78 8048
50 81 947
50 83 8500
50 84 8482
50 86 578
51 52 9415
51 54 28
51 56 5740
51 61 5423
51 62 9263
51 68 2282
51 70 8861
51 72 890
51 73 4197
51 75 3210
51 78 575
51 79 9895
51 82 9444
51 84 2047
51 86 6872
52 57 2789
52 60 3686
52 62 2411
52 64 1317
52 68 3114
52 71 502
52 72 9392
52 74 2474
52 75 2851
52 76 4461
52 79 2426
52 80 3628
52 82 8643
52 83 9926
52 86 3618
53 55 7092
53 57 1956
53 58 1633
53 59 3531
53 60 332
53 66 2190
53 68 2574
53 69 1364
53 70 9724
53 73 316
53 76 5208
54 56 3856
54 58 7993
54 59 8894
54 60 1011
54 63 9652
54 64 5264
54 66 1481
54 67 6242
54 68 8521
54 69 4290
54 70 4193
54 73 6863
54 75 5442
54 76 1514
54 77 3265
54 79 4041
54 81 9602
54 83 7957
54 86 1266
55 57 9208
55 60 3291
55 61 2030
55 62 6088
55 64 7513
55 65 916
55 66 6227
55 67 8509
55 68 7580
55 73 9820
55 74 163
55 76 4950
55 77 784
55 82 513
55 83 1806
55 84 8200
56 58 2329
56 59 5002
56 64 1269
56 67 323
56 68 3452
56 69 9021
56 70 9579
56 76 5082
56 77 1935
56 78 2062
56 79 9996
56 80 5786
56 82 7479
56 84 505
56 86 3404
57 58 667
57 60 4613
57 63 7102
57 65 7223
57 66 1323
57 67 6881
57 68 6861
57 72 451
57 73 8511
57 74 9913
57 75 9342
57 76 9598
57 77 9678
57 78 626
57 79 6762
57 80 3675
57 82 8367
57 83 2995
57 86 6217
58 61 7229
58 64 300
58 66 5467
58 72 6167
58 73 6848
58 74 5040
58 75 5141
58 77 7046
58 78 5096
58 81 3985
58 82 2889
58 83 6420
58 84 3522
58 85 5926
59 61 5940
59 62 6128
59 63 1576
59 65 588
59 66 8520
59 67 810
59 70 8446
59 71 8786
59 72 5608
59 74 9244
59 75 3335
59 76 6800
59 78 7182
59 79 8798
59 82 347
59 83 2879
59 84 8923
59 86 3986
60 62 3256
60 67 2657
60 68 9073
60 69 1809
60 70 6901
60 71 7647
60 72 2766
60 76 8480
60 80 9435
60 81 9564
60 84 9963
60 85 1751
60 86 4020
61 63 3257
61 64 8927
61 65 8650
61 66 8408
61 68 2643
61 69 5494
61 70 2526
61 72 5896
61 73 472
61 74 1316
61 77 721
61 79 6275
61 81 4855
61 83 662
61 84 5569
61 85 5770
61 86 1281
62 63 17
62 65 7316
62 66 6826
62 68 2833
62 71 1445
62 73 8555
62 74 6883
62 75 2006
62 76 8002
62 78 8624
62 80 9955
62 81 3409
62 82 298
62 84 9060
62 86 2671
63 64 2604
63 66 1396
63 67 5827
63 68 5523
63 69 1147
63 72 4366
63 73 4069
63 75 9733
63 76 4226
63 77 3123
63 78 775
63 79 7383
63 80 6983
63 81 2065
63 84 6402
63 85 1038
63 86 9542
64 65 114
64 66 6987
64 67 4762
64 68 4342
64 69 4381
64 72 6734
64 76 7954
64 77 7099
64 78 8188
64 80 5885
64 82 7050
64 84 7779
64 86 5924
65 66 4414
65 67 1852
65 69 1752
65 72 2473
65 74 7736
65 75 3988
65 77 693
65 78 9692
65 79 2044
65 81 5298
65 82 6143
65 86 9049
66 67 6796
66 68 1643
66 69 5760
66 70 7731
66 71 549
66 73 9156
66 74 231
66 75 9261
66 76 5175
66 78 1863
66 81 9873
66 82 8975
66 85 7296
67 69 1683
67 71 974
67 74 3890
67 75 4190
67 76 281
67 78 44
67 79 8828
67 83 8245
67 84 3471
67 86 6121
68 70 4098
68 71 6957
68 73 5747
68 74 542
68 75 19
68 76 1453
68 80 3852
68 82 2471
69 71 6149
69 72 8727
69 76 1460
69 77 250
69 82 5428
69 84 8873
70 73 4337
70 74 3753
70 77 7353
70 78 5198
70 80 9488
70 83 2683
70 84 3750
70 86 7393
71 74 4092
71 77 7240
71 78 9910
71 79 3648
71 80 2747
71 81 43
71 82 4945
71 83 1471
71 86 6336
72 73 7934
72 74 4024
72 75 6865
72 79 9681
72 80 4851
72 81 9048
72 82 1820
72 83 9262
72 85 3261
73 74 5756
73 75 1354
73 77 4298
73 79 2632
73 80 988
73 81 4348
73 86 896
74 75 1632
74 78 3847
74 79 6011
74 80 7856
74 81 5331
74 82 8315
74 86 9736
75 79 5549
75 82 3338
75 83 7864
75 84 2977
75 85 9985
76 77 9390
76 79 1199
76 81 9479
76 82 7040
76 83 199
76 86 2988
77 78 3690
77 80 9414
77 81 4443
77 84 698
78 80 8503
78 82 2800
78 83 8816
78 84 5875
78 85 3832
79 83 786
80 81 7105
80 83 1519
80 84 3367
80 85 3968
81 82 9011
81 84 6620
82 86 5965
83 84 8345
83 85 642
83 86 58
84 85 2110
84 86 3099
85 86 4494
