0 1 8
0 3 8
0 4 10
0 8 4
0 9 3
0 10 4
0 12 7
0 13 5
0 14 5
0 18 4
0 19 3
0 21 6
0 22 4
0 25 4
0 26 10
0 28 8
0 31 6
0 32 3
0 35 4
0 38 2
0 40 2
0 41 6
0 44 1
0 45 10
0 48 6
0 50 10
0 51 8
0 56 3
0 58 10
0 59 6
0 60 2
0 63 7
0 64 8
0 65 8
0 68 6
0 69 4
0 71 1
0 72 5
0 73 6
0 75 4
0 78 1
0 80 9
0 81 8
1 3 2
1 4 4
1 7 2
1 13 2
1 14 6
1 15 1
1 19 8
1 21 8
1 23 9
1 24 2
1 28 8
1 29 10
1 34 10
1 35 10
1 36 1
1 38 9
1 39 7
1 40 4
1 41 8
1 45 3
1 48 10
1 49 10
1 50 3
1 51 7
1 57 9
1 63 6
1 64 7
1 70 7
1 71 9
1 74 6
1 79 10
1 80 2
2 4 7
2 5 1
2 6 9
2 8 7
2 9 1
2 14 6
2 17 7
2 19 8
2 21 6
2 22 7
2 23 3
2 25 1
2 28 1
2 31 2
2 32 6
2 34 9
2 35 8
2 39 6
2 41 9
2 42 5
2 43 1
2 44 2
2 46 5
2 47 5
2 48 6
2 53 9
2 54 3
2 57 9
2 58 1
2 59 10
2 61 9
2 62 8
2 64 4
2 66 4
2 68 4
2 69 8
2 72 4
2 73 8
2 75 7
3 5 2
3 7 4
3 12 8
3 14 3
3 15 8
3 16 5
3 19 4
3 20 8
3 21 5
3 22 8
3 23 9
3 24 1
3 33 8
3 35 10
3 37 7
3 39 4
3 40 9
3 44 2
3 46 1
3 47 5
3 49 8
3 51 9
3 53 8
3 57 1
3 61 10
3 64 2
3 67 10
3 71 7
3 72 7
3 74 3
3 76 1
3 77 5
3 80 6
4 5 9
4 8 6
4 9 8
4 10 6
4 11 6
4 12 10
4 17 6
4 18 6
4 20 1
4 21 10
4 23 7
4 26 3
4 27 10
4 28 3
4 29 9
4 34 8
4 35 5
4 36 2
4 38 8
4 40 6
4 43 6
4 45 6
4 46 4
4 49 1
4 51 9
4 52 2
4 53 6
4 55 3
4 58 10
4 59 8
4 62 2
4 65 10
4 66 8
4 67 9
4 68 10
4 71 8
4 72 7
4 74 4
4 81 2
5 9 9
5 11 5
5 16 10
5 18 8
5 20 2
5 21 9
5 23 10
5 26 5
5 28 4
5 30 6
5 32 7
5 33 6
5 34 10
5 35 7
5 36 2
5 38 4
5 39 8
5 40 6
5 43 3
5 48 10
5 52 9
5 54 2
5 58 8
5 59 8
5 63 4
5 65 8
5 68 2
5 70 6
5 72 7
5 75 5
5 78 9
5 81 2
6 9 3
6 10 4
6 15 4
6 16 1
6 17 1
6 20 2
6 22 2
6 23 5
6 25 9
6 26 10
6 31 9
6 36 10
6 38 1
6 40 10
6 42 2
6 43 2
6 44 3
6 46 3
6 47 2
6 48 7
6 52 7
6 53 8
6 55 4
6 59 4
6 60 5
6 61 4
6 62 6
6 66 7
6 70 5
6 72 7
6 73 3
6 76 1
6 77 10
6 78 10
6 80 1
7 13 2
7 15 7
7 17 2
7 19 6
7 20 4
7 21 7
7 22 2
7 24 3
7 25 3
7 29 2
7 32 6
7 36 8
7 38 10
7 39 8
7 42 2
7 45 8
7 46 8
7 47 1
7 48 4
7 53 5
7 57 5
7 62 2
7 64 3
7 67 2
7 70 6
7 76 1
7 77 5
7 78 8
7 81 4
8 9 2
8 12 3
8 13 2
8 14 8
8 15 7
8 16 4
8 17 10
8 18 5
8 19 6
8 21 2
8 22 8
8 25 10
8 28 9
8 35 10
8 38 4
8 39 5
8 42 6
8 44 10
8 47 3
8 48 7
8 49 10
8 51 1
8 55 3
8 58 2
8 61 6
8 63 5
8 64 10
8 65 2
8 67 6
8 71 5
8 72 3
8 73 9
8 74 6
8 76 5
8 78 9
8 79 1
8 80 6
9 13 3
9 14 3
9 15 3
9 17 4
9 18 1
9 19 2
9 20 2
9 21 10
9 24 5
9 26 2
9 30 4
9 31 7
9 32 4
9 33 2
9 34 8
9 35 4
9 37 6
9 39 1
9 40 3
9 41 10
9 43 10
9 44 3
9 46 4
9 47 7
9 50 3
9 54 2
9 55 10
9 60 3
9 61 7
9 62 6
9 64 5
9 65 6
9 67 5
9 69 10
9 71 9
9 74 6
9 77 4
9 78 9
10 12 10
10 13 9
10 14 7
10 15 4
10 16 10
10 17 1
10 19 8
10 21 1
10 22 9
10 24 1
10 25 4
10 26 7
10 28 4
10 29 3
10 30 2
10 31 1
10 32 2
10 33 3
10 36 6
10 39 8
10 40 10
10 43 2
10 44 2
10 47 4
10 50 5
10 51 9
10 53 6
10 55 1
10 56 1
10 57 3
10 58 10
10 60 10
10 62 8
10 64 10
10 66 3
10 67 10
10 68 10
10 70 3
10 71 10
10 73 5
10 77 9
10 79 9
10 81 9
11 12 2
11 14 5
11 18 4
11 19 6
11 22 5
11 23 1
11 24 4
11 26 8
11 27 7
11 30 1
11 31 7
11 38 2
11 40 2
11 42 1
11 44 10
11 46 5
11 47 9
11 49 4
11 51 8
11 52 8
11 54 7
11 55 5
11 56 9
11 61 8
11 63 3
11 64 10
11 65 3
11 66 4
11 67 9
11 70 3
11 71 9
11 76 6
11 81 3
12 13 3
12 14 2
12 15 3
12 16 5
12 17 5
12 18 1
12 20 10
12 21 2
12 22 4
12 25 4
12 26 5
12 28 5
12 29 8
12 31 4
12 34 1
12 35 6
12 36 10
12 37 1
12 38 9
12 41 8
12 43 9
12 44 5
12 45 10
12 46 4
12 47 1
12 48 1
12 50 6
12 51 5
12 52 5
12 56 9
12 60 10
12 61 10
12 63 8
12 67 10
12 73 9
12 75 9
12 76 6
12 77 8
12 78 10
13 14 3
13 17 2
13 18 6
13 20 8
13 23 3
13 27 4
13 30 2
13 32 10
13 34 5
13 36 10
13 37 5
13 39 7
13 45 2
13 48 2
13 52 1
13 53 8
13 55 2
13 58 1
13 59 8
13 63 2
13 66 8
13 68 2
13 71 9
13 72 2
13 75 10
13 78 4
13 80 10
13 81 9
14 15 6
14 18 9
14 19 8
14 20 6
14 22 7
14 24 3
14 25 7
14 27 9
14 28 2
14 29 8
14 30 4
14 31 8
14 35 2
14 36 9
14 37 1
14 38 2
14 39 1
14 41 1
14 43 9
14 44 5
14 45 6
14 46 7
14 47 4
14 48 10
14 49 9
14 51 1
14 52 1
14 62 2
14 63 1
14 65 4
14 68 8
14 69 6
14 72 5
14 73 2
14 74 3
14 76 4
14 79 8
14 81 3
15 16 2
15 17 8
15 18 3
15 19 6
15 24 3
15 25 5
15 30 9
15 34 9
15 35 10
15 38 3
15 39 9
15 43 2
15 45 4
15 46 4
15 47 5
15 52 9
15 55 7
15 56 10
15 57 1
15 60 10
15 61 6
15 62 1
15 65 2
15 68 5
15 70 10
15 72 8
15 73 5
15 77 7
15 80 5
16 17 10
16 18 1
16 21 7
16 22 8
16 23 3
16 26 2
16 27 6
16 28 6
16 34 8
16 35 1
16 37 10
16 42 9
16 44 1
16 47 1
16 50 9
16 51 6
16 52 2
16 53 8
16 56 6
16 60 5
16 63 4
16 64 4
16 65 6
16 66 5
16 68 5
16 69 2
16 70 8
16 71 6
16 72 8
16 74 9
16 76 5
17 18 1
17 19 4
17 21 2
17 25 1
17 26 9
17 27 4
17 30 1
17 31 7
17 32 2
17 36 8
17 37 9
17 39 6
17 41 9
17 43 2
17 45 6
17 46 7
17 47 2
17 48 5
17 52 6
17 54 2
17 55 7
17 56 3
17 59 1
17 60 2
17 61 9
17 62 9
17 63 10
17 64 10
17 65 6
17 66 5
17 67 4
17 69 9
17 70 4
17 71 6
17 72 4
17 74 6
17 75 7
17 77 1
17 79 3
17 81 1
18 21 2
18 23 10
18 24 10
18 25 8
18 28 7
18 29 4
18 31 4
18 34 1
18 36 6
18 39 9
18 40 4
18 41 3
18 43 9
18 44 6
18 46 8
18 47 2
18 54 1
18 55 3
18 57 3
18 58 1
18 59 2
18 60 4
18 61 2
18 66 8
18 67 5
18 68 7
18 71 1
18 77 1
18 78 3
18 81 6
19 21 3
19 22 5
19 26 3
19 27 5
19 29 8
19 30 5
19 35 1
19 36 3
19 37 7
19 38 1
19 39 7
19 42 7
19 43 4
19 47 3
19 49 9
19 50 7
19 51 10
19 54 10
19 55 8
19 57 2
19 59 4
19 60 8
19 65 4
19 72 3
19 73 7
19 75 10
19 76 7
19 80 6
19 81 7
20 21 1
20 22 3
20 23 3
20 32 3
20 35 1
20 36 2
20 37 1
20 38 6
20 42 2
20 44 3
20 45 1
20 49 7
20 52 3
20 55 6
20 56 6
20 57 1
20 58 10
20 59 9
20 61 2
20 62 4
20 63 10
20 64 10
20 65 8
20 66 10
20 68 7
20 69 3
20 76 10
20 78 10
20 80 6
20 81 3
21 25 4
21 27 8
21 30 3
21 32 6
21 33 3
21 34 4
21 37 8
21 38 10
21 40 7
21 41 4
21 45 8
21 47 1
21 48 2
21 49 10
21 52 8
21 53 5
21 54 4
21 55 6
21 58 2
21 61 2
21 67 7
21 72 3
21 73 8
21 76 7
21 79 7
21 80 1
22 23 3
22 24 7
22 30 4
22 33 2
22 34 2
22 35 1
22 37 8
22 42 5
22 43 9
22 45 3
22 46 1
22 48 8
22 51 4
22 56 8
22 57 2
22 60 9
22 62 5
22 64 3
22 65 10
22 66 6
22 70 2
22 71 5
22 72 1
22 75 2
22 76 1
22 77 9
22 79 9
22 81 7
23 24 3
23 25 8
23 26 6
23 27 1
23 28 4
23 31 3
23 32 2
23 33 3
23 35 9
23 37 6
23 40 3
23 44 6
23 46 8
23 48 1
23 50 9
23 52 5
23 54 7
23 56 10
23 57 3
23 58 4
23 62 8
23 63 5
23 64 8
23 65 5
23 67 2
23 72 4
23 73 5
23 74 10
23 75 9
23 76 5
23 79 5
24 28 2
24 29 5
24 30 1
24 32 2
24 33 4
24 35 7
24 37 4
24 40 4
24 42 1
24 43 3
24 46 4
24 49 10
24 51 5
24 52 6
24 62 3
24 63 3
24 73 7
24 74 10
24 79 4
24 80 1
25 26 10
25 28 2
25 30 9
25 31 5
25 35 7
25 37 7
25 38 2
25 39 4
25 42 8
25 44 9
25 45 10
25 47 5
25 50 6
25 51 8
25 53 4
25 54 2
25 57 7
25 62 4
25 63 8
25 64 7
25 65 8
25 66 7
25 69 2
25 71 1
25 72 3
25 73 10
25 74 10
25 76 10
25 77 1
25 79 9
26 29 10
26 32 1
26 33 2
26 34 8
26 36 10
26 37 1
26 38 6
26 39 5
26 42 10
26 44 1
26 45 7
26 48 4
26 49 1
26 50 9
26 53 5
26 54 2
26 60 10
26 61 10
26 62 3
26 63 5
26 65 5
26 68 9
26 69 5
26 71 5
26 72 2
26 73 7
26 74 9
26 75 3
26 76 4
26 79 9
26 81 3
27 29 7
27 33 3
27 34 1
27 36 3
27 37 9
27 40 2
27 41 4
27 45 2
27 46 8
27 47 2
27 49 3
27 50 6
27 51 10
27 54 6
27 59 7
27 64 4
27 69 4
27 70 1
27 71 6
27 73 7
27 74 8
27 75 5
27 77 2
27 78 9
27 81 7
28 31 4
28 32 9
28 33 3
28 34 1
28 36 1
28 38 10
28 40 5
28 41 5
28 42 9
28 43 5
28 47 3
28 50 7
28 51 10
28 52 5
28 55 8
28 57 7
28 61 2
28 62 2
28 64 1
28 68 7
28 69 4
28 71 1
28 74 5
28 75 5
28 76 6
28 77 1
28 78 5
28 79 2
28 80 3
29 35 6
29 37 7
29 39 4
29 40 8
29 42 6
29 43 6
29 44 3
29 47 4
29 48 2
29 49 4
29 52 6
29 54 10
29 55 3
29 56 4
29 57 7
29 58 9
29 59 2
29 60 10
29 61 10
29 62 9
29 63 2
29 64 7
29 66 10
29 71 9
29 73 2
29 74 6
29 76 2
29 77 2
29 79 4
29 81 10
30 32 6
30 33 4
30 34 6
30 36 5
30 39 6
30 43 5
30 44 6
30 45 1
30 48 6
30 49 9
30 50 5
30 53 2
30 54 6
30 56 2
30 58 6
30 62 1
30 63 10
30 64 8
30 65 5
30 69 8
30 70 5
30 72 7
30 73 6
30 75 5
30 79 8
30 80 7
31 34 5
31 35 8
31 37 10
31 38 10
31 41 10
31 43 1
31 45 7
31 46 6
31 51 10
31 52 5
31 56 1
31 57 10
31 58 3
31 59 1
31 60 6
31 64 7
31 65 5
31 66 5
31 67 8
31 69 10
31 71 5
31 74 8
31 81 9
32 34 7
32 35 4
32 36 6
32 41 8
32 42 5
32 43 10
32 46 4
32 50 9
32 51 9
32 54 2
32 57 3
32 58 3
32 59 10
32 63 4
32 64 9
32 66 4
32 67 5
32 68 6
32 71 8
32 72 9
32 73 4
32 78 7
33 34 5
33 35 7
33 40 8
33 41 7
33 42 6
33 43 5
33 47 5
33 48 7
33 52 9
33 53 5
33 55 10
33 56 8
33 57 5
33 58 5
33 59 8
33 60 4
33 63 8
33 64 10
33 67 6
33 69 1
33 70 6
33 72 9
33 73 10
33 76 10
33 77 7
33 79 3
33 80 2
34 35 5
34 38 7
34 39 1
34 41 8
34 42 4
34 44 4
34 45 8
34 46 10
34 47 8
34 49 8
34 50 8
34 52 7
34 55 10
34 57 10
34 63 10
34 67 9
34 69 10
34 71 7
34 73 2
34 74 5
34 77 2
34 79 3
35 36 9
35 37 3
35 39 3
35 40 6
35 41 8
35 43 3
35 46 1
35 49 8
35 50 9
35 51 10
35 52 9
35 53 10
35 57 2
35 59 3
35 60 8
35 61 3
35 62 9
35 63 1
35 71 2
35 73 2
35 75 10
35 77 8
35 79 1
35 80 5
36 37 9
36 38 2
36 40 9
36 41 10
36 46 10
36 47 10
36 48 5
36 50 5
36 51 8
36 53 1
36 54 5
36 55 10
36 56 6
36 58 9
36 59 2
36 60 7
36 63 3
36 65 5
36 68 1
36 69 2
36 70 10
36 72 2
36 73 6
36 75 4
36 76 6
36 77 4
36 78 9
36 80 1
37 43 1
37 47 6
37 53 7
37 54 4
37 56 6
37 59 4
37 63 4
37 65 3
37 68 5
37 71 10
37 72 10
37 73 10
37 76 2
37 77 3
37 78 3
37 80 5
38 39 5
38 41 10
38 42 7
38 43 8
38 44 5
38 46 2
38 47 8
38 48 5
38 51 6
38 52 3
38 56 8
38 57 5
38 59 10
38 61 2
38 68 7
38 70 6
38 73 3
38 77 10
38 80 6
38 81 6
39 40 8
39 41 1
39 48 1
39 49 9
39 50 4
39 51 8
39 54 3
39 55 10
39 58 1
39 60 9
39 65 3
39 66 10
39 68 6
39 70 1
39 71 1
39 72 7
39 73 7
39 74 2
39 75 6
39 76 3
39 78 4
39 79 3
40 42 6
40 43 10
40 45 8
40 46 1
40 47 3
40 49 1
40 53 4
40 54 6
40 57 9
40 61 2
40 63 2
40 64 2
40 65 6
40 68 4
40 74 10
40 75 3
40 76 3
40 77 4
40 78 6
40 79 1
40 80 10
41 42 3
41 44 2
41 53 8
41 54 5
41 55 1
41 57 1
41 59 4
41 61 2
41 63 1
41 65 7
41 67 3
41 68 5
41 69 9
41 73 7
41 74 1
41 75 10
41 76 5
41 78 4
41 81 8
42 43 5
42 47 8
42 48 8
42 50 4
42 52 6
42 53 8
42 54 7
42 56 7
42 57 2
42 58 7
42 59 1
42 60 9
42 61 6
42 68 4
42 69 8
42 70 10
42 71 2
42 72 6
42 74 2
42 76 6
42 77 3
42 78 8
42 80 9
43 44 10
43 45 2
43 46 3
43 48 5
43 50 4
43 51 1
43 54 1
43 57 6
43 61 1
43 62 9
43 64 5
43 66 6
43 68 10
43 70 7
43 74 8
43 75 9
43 76 7
43 77 6
43 78 4
43 79 5
43 80 10
44 45 1
44 47 10
44 48 8
44 49 8
44 50 4
44 52 3
44 53 1
44 54 5
44 55 10
44 58 2
44 59 1
44 61 1
44 62 4
44 63 7
44 65 9
44 67 6
44 69 7
44 71 2
44 72 7
44 73 2
44 77 8
44 79 9
45 47 3
45 48 5
45 52 5
45 54 9
45 56 5
45 59 4
45 60 4
45 61 9
45 62 1
45 63 10
45 64 2
45 65 4
45 66 2
45 68 1
45 69 7
45 71 7
45 73 10
45 74 1
45 75 2
45 81 5
46 47 3
46 49 7
46 50 10
46 55 10
46 56 7
46 57 4
46 60 5
46 63 5
46 68 7
46 71 1
46 75 8
46 76 8
46 77 3
46 80 9
47 49 7
47 50 2
47 51 2
47 52 10
47 53 4
47 56 5
47 57 2
47 58 4
47 59 6
47 61 10
47 62 5
47 66 9
47 67 4
47 69 7
47 71 8
47 72 1
47 76 8
48 49 7
48 50 4
48 51 4
48 52 2
48 53 7
48 57 7
48 58 8
48 60 5
48 62 5
48 64 5
48 65 4
48 67 10
48 68 5
48 69 7
48 70 2
48 71 4
48 72 7
48 74 4
48 75 4
48 81 4
49 51 5
49 53 8
49 55 2
49 56 1
49 58 10
49 60 7
49 62 5
49 63 9
49 64 5
49 66 2
49 70 6
49 76 8
49 79 4
49 81 4
50 52 5
50 56 10
50 58 3
50 59 2
50 60 7
50 61 7
50 62 6
50 63 2
50 65 7
50 66 6
50 69 5
50 70 9
50 72 5
50 73 3
50 74 9
50 77 5
50 79 6
50 80 7
50 81 5
51 56 8
51 59 9
51 61 1
51 62 6
51 63 2
51 66 2
51 69 5
51 70 7
51 72 1
51 73 3
51 74 8
51 76 7
51 78 7
52 53 8
52 56 10
52 57 10
52 58 8
52 61 9
52 62 9
52 65 9
52 67 8
52 70 1
52 72 5
52 73 1
52 75 8
52 77 4
52 78 2
52 80 7
52 81 1
53 54 4
53 55 7
53 56 5
53 58 4
53 59 6
53 62 8
53 65 8
53 67 9
53 70 7
53 71 9
53 72 7
53 73 1
53 74 1
53 78 3
53 79 7
53 81 8
54 55 8
54 56 2
54 58 3
54 60 7
54 63 7
54 64 5
54 65 6
54 71 5
54 72 2
54 73 9
54 74 2
54 78 1
54 81 7
55 56 5
55 57 9
55 58 4
55 59 10
55 60 7
55 65 10
55 66 3
55 67 2
55 68 7
55 70 1
55 71 2
55 73 2
55 75 4
56 57 9
56 60 7
56 62 1
56 64 8
56 66 1
56 73 1
56 76 1
57 59 8
57 60 10
57 61 9
57 67 10
57 70 10
57 72 5
57 73 3
57 75 7
57 77 6
58 59 4
58 60 6
58 63 7
58 67 7
58 69 10
58 71 6
58 72 9
58 73 4
58 74 9
58 75 8
58 76 2
58 78 7
58 80 7
58 81 5
59 60 2
59 63 5
59 64 3
59 66 2
59 67 2
59 69 8
59 70 3
59 71 8
59 72 2
59 73 7
59 74 7
59 76 8
59 77 8
59 80 7
59 81 6
60 64 3
60 65 1
60 66 8
60 70 4
60 72 8
60 73 7
60 74 5
60 75 7
60 76 10
60 77 6
60 80 6
61 68 6
61 69 7
61 70 10
61 71 3
61 73 1
61 76 1
62 63 9
62 66 3
62 68 1
62 69 4
62 70 5
62 71 3
62 72 9
62 75 4
62 76 10
63 64 3
63 66 6
63 73 6
63 76 7
63 78 5
64 65 1
64 73 8
64 74 3
64 75 6
64 77 6
65 66 3
65 67 5
65 68 6
65 70 8
65 72 3
65 75 4
65 76 3
65 77 10
65 80 4
66 67 9
66 68 3
66 69 9
66 70 2
66 71 9
66 72 1
66 73 6
66 74 9
66 75 10
66 76 4
66 79 2
66 81 5
67 70 7
67 72 5
67 74 8
67 75 7
67 76 8
67 77 4
67 80 10
68 70 8
68 75 2
68 76 6
68 79 2
68 81 1
69 71 5
69 72 4
69 74 2
69 76 8
69 78 9
69 81 8
70 71 8
70 79 3
70 81 1
71 73 2
71 74 7
71 75 7
71 76 5
71 77 9
72 74 10
72 75 6
72 76 3
72 77 7
72 78 2
72 79 2
72 81 4
73 74 7
73 76 5
73 77 4
73 79 6
73 81 7
74 76 6
74 77 1
74 78 3
74 79 3
74 81 8
75 78 6
75 79 7
75 81 10
76 77 9
76 79 8
76 81 5
77 78 10
78 80 9
78 81 7
79 80 8
79 81 2
