39 370
0 5 9222
0 7 1483
0 10 4371
0 12 196
0 14 7523
0 15 6248
0 18 6686
0 19 4459
0 21 1100
0 25 4087
0 26 4425
0 27 6101
0 37 2355
1 2 3335
1 5 8603
1 7 8367
1 11 8314
1 13 9037
1 14 9996
1 15 603
1 17 3739
1 20 8895
1 22 8186
1 27 1593
1 28 4015
1 29 2720
1 32 9890
1 33 1394
1 36 5419
1 37 8931
1 38 1574
2 3 5706
2 4 5936
2 6 806
2 7 9253
2 9 50
2 10 6176
2 13 3367
2 14 3691
2 15 2946
2 16 8837
2 18 701
2 19 319
2 21 6644
2 22 1005
2 23 2361
2 24 2003
2 25 3477
2 28 3327
2 30 2891
2 31 8118
2 34 8413
2 35 3976
2 36 9523
2 37 9842
2 38 4016
3 4 8759
3 5 388
3 7 8992
3 8 4626
3 9 863
3 10 1993
3 11 877
3 14 3423
3 15 3369
3 16 457
3 23 1936
3 25 716
3 28 2117
3 32 6812
3 38 1437
4 5 6105
4 6 3267
4 10 4027
4 11 7479
4 12 2091
4 13 5066
4 14 641
4 16 6800
4 17 1518
4 23 5488
4 25 1477
4 26 2181
4 29 6193
4 30 4309
4 31 7602
4 32 7721
4 33 9517
4 34 3492
4 35 3344
4 38 8561
5 8 2244
5 9 2223
5 11 9528
5 13 4018
5 16 878
5 17 249
5 20 8064
5 21 2114
5 26 1154
5 27 8531
5 28 3888
5 29 8966
5 32 6350
5 33 7835
5 36 7416
6 10 4149
6 11 5954
6 12 2895
6 16 801
6 17 2976
6 19 6149
6 21 6122
6 22 7360
6 23 9546
6 25 7847
6 27 1947
6 30 5735
6 33 226
6 34 141
6 35 5174
6 36 3089
6 37 8708
7 8 6656
7 9 3642
7 10 8607
7 12 2284
7 15 2906
7 19 8748
7 22 2260
7 24 431
7 25 1340
7 28 8114
7 30 1999
7 31 2947
7 32 10000
7 33 3968
7 34 7204
7 35 7493
7 37 3896
8 9 5008
8 10 1360
8 11 2388
8 12 2104
8 13 8099
8 14 5730
8 16 6223
8 19 6372
8 20 8085
8 22 8730
8 23 1946
8 25 8201
8 26 343
8 30 518
8 31 7056
8 32 8584
8 34 1920
8 35 3283
8 37 3130
9 11 7982
9 14 4925
9 15 1504
9 16 9116
9 21 2218
9 26 3664
9 28 8823
9 29 6346
9 30 4912
9 33 9044
9 37 2999
9 38 5939
10 16 375
10 18 961
10 20 7201
10 23 2511
10 25 2442
10 26 6771
10 31 3214
10 32 5370
10 38 6065
11 12 6087
11 15 2121
11 16 544
11 18 1456
11 19 5559
11 21 8093
11 23 4191
11 27 1681
11 29 9909
11 34 1723
11 37 8526
12 20 6977
12 21 6032
12 22 622
12 23 1695
12 27 3841
12 30 8438
12 31 6075
12 33 4457
12 34 4603
12 36 5278
12 38 7286
13 14 7945
13 16 5665
13 17 7417
13 18 8959
13 20 126
13 21 669
13 23 5891
13 26 3520
13 27 9742
13 28 3652
13 30 3779
13 32 7949
13 35 2702
13 38 6452
14 16 3399
14 19 4336
14 20 7597
14 21 7274
14 24 2387
14 27 9760
14 28 9082
14 29 6746
14 34 6473
14 36 9682
14 37 5388
15 17 798
15 19 1362
15 21 5696
15 22 5754
15 24 2482
15 26 369
15 29 4204
15 30 6539
15 31 9303
15 32 1809
15 36 8811
15 38 2251
16 20 473
16 21 2079
16 23 9301
16 26 2487
16 27 5836
16 29 2232
16 30 7188
16 32 2100
16 33 498
16 34 1516
16 35 4586
16 37 6587
17 18 6017
17 20 7897
17 21 4155
17 23 5161
17 24 8796
17 25 4785
17 27 188
17 29 127
17 33 5119
17 34 377
17 36 1649
17 38 9708
18 21 6691
18 22 3325
18 25 1557
18 31 7045
18 35 5747
18 36 57
18 38 2201
19 20 8668
19 21 7215
19 22 2070
19 23 3016
19 29 2345
19 30 927
19 31 7702
19 36 7225
19 38 8745
20 25 8233
20 26 1308
20 29 6545
20 30 7722
20 31 2176
20 32 5834
20 35 3469
20 37 8393
20 38 2068
21 24 730
21 25 3938
21 26 2969
21 29 3357
21 30 684
21 31 8302
21 33 2755
21 38 4407
22 23 8691
22 25 1284
22 29 7289
22 33 3569
22 34 4203
22 35 9806
22 36 7364
22 38 8433
23 24 8185
23 27 2236
23 28 9732
23 29 2346
23 30 2751
23 32 4756
23 33 1795
23 35 7826
23 37 1697
24 25 9604
24 27 292
24 28 4351
24 29 6078
24 32 9136
24 33 2821
24 35 963
24 36 5669
25 26 1859
25 30 3224
25 31 9244
25 32 7101
25 33 3953
25 34 817
25 37 9198
26 27 5572
26 28 3536
26 29 1694
26 30 4187
26 31 9289
26 32 5623
26 33 707
26 36 6842
26 37 5059
26 38 4808
27 29 5117
27 30 6086
27 31 4941
27 32 6427
27 33 8146
27 34 7088
27 35 3163
27 36 5789
27 38 3146
28 31 3195
28 33 9871
28 34 7872
28 35 1289
28 36 585
29 30 3799
29 32 9146
29 33 1299
29 37 4996
29 38 2944
30 31 3817
30 34 3803
30 35 656
30 37 7049
31 32 9308
31 37 3540
31 38 7947
32 35 6896
32 37 6257
33 36 5169
33 38 910
34 35 4210
35 37 6351
