109 2865
0 1 4218
0 3 5486
0 5 7833
0 8 1486
0 9 8530
0 10 438
0 12 7972
0 14 6343
0 15 7371
0 18 9984
0 19 11661
0 21 10338
0 22 9273
0 25 766
0 28 6879
0 29 11409
0 34 1801
0 35 8480
0 42 9331
0 43 1259
0 47 7410
0 49 6662
0 52 5888
0 55 1638
0 59 10086
0 60 10743
0 62 2895
0 67 3115
0 68 4351
0 69 6799
0 72 2299
0 77 1237
0 79 10871
0 80 1763
0 81 3979
0 85 10766
0 87 1513
0 88 1762
0 89 4506
0 91 9040
0 92 1090
0 93 9547
0 94 1480
0 95 7215
0 97 7725
0 99 11172
0 102 11085
0 104 5438
0 105 11227
0 106 11835
0 108 5280
1 3 7350
1 5 10014
1 7 278
1 8 11014
1 9 5388
1 12 1034
1 16 3672
1 18 4085
1 20 2101
1 21 7216
1 26 2684
1 27 5502
1 28 10096
1 31 9228
1 36 9802
1 37 758
1 40 7139
1 41 9933
1 42 10887
1 43 11786
1 45 11582
1 48 10016
1 50 3573
1 51 8699
1 52 5660
1 53 9927
1 54 3709
1 55 5633
1 58 11326
1 59 7058
1 60 6004
1 61 394
1 62 4999
1 63 1056
1 64 8847
1 68 10066
1 72 5567
1 76 8440
1 77 11045
1 82 7093
1 83 11324
1 84 4225
1 85 29
1 86 11052
1 87 7158
1 88 5554
1 90 11403
1 93 5646
1 95 9390
1 96 4340
1 98 7818
1 102 9146
1 103 2605
1 108 11261
2 4 9431
2 5 11271
2 6 111
2 8 893
2 10 9393
2 12 9739
2 13 28
2 15 7954
2 16 5310
2 20 7621
2 22 2039
2 23 4980
2 25 639
2 29 1681
2 30 5663
2 34 2047
2 36 1189
2 40 1570
2 41 1658
2 42 4058
2 44 9596
2 45 9836
2 52 10557
2 53 2816
2 54 5787
2 56 11160
2 57 3312
2 62 7717
2 63 3289
2 64 4912
2 65 6171
2 75 517
2 76 9458
2 79 4733
2 81 2836
2 83 9276
2 84 449
2 87 1555
2 88 9747
2 89 1918
2 93 3421
2 96 9787
2 99 549
2 101 1909
2 104 7487
2 105 9198
2 107 3850
3 4 11319
3 5 8316
3 6 10116
3 11 6521
3 12 6808
3 14 5173
3 15 9952
3 16 1220
3 17 4360
3 19 6204
3 20 6041
3 22 7292
3 23 10186
3 24 3599
3 26 7838
3 28 5192
3 30 8671
3 34 10786
3 35 4394
3 36 6534
3 37 2122
3 39 9811
3 40 11715
3 41 5509
3 42 3768
3 44 5908
3 45 4886
3 48 1802
3 49 3733
3 50 3626
3 51 5133
3 52 5140
3 53 1633
3 55 5590
3 58 9605
3 59 2244
3 61 4494
3 62 10475
3 64 7230
3 65 7982
3 67 2249
3 74 2489
3 75 1683
3 77 2585
3 78 8954
3 79 4684
3 82 7604
3 84 10963
3 87 10717
3 88 7336
3 91 1444
3 92 7892
3 94 9794
3 95 1163
3 96 3758
3 97 3435
3 101 9041
3 102 4467
3 103 4810
3 108 958
4 5 3746
4 6 11188
4 7 9221
4 11 3790
4 15 6086
4 18 8439
4 19 9510
4 20 3322
4 22 9632
4 24 6916
4 25 3678
4 30 8943
4 31 7830
4 32 177
4 34 8980
4 36 8898
4 37 8366
4 40 6519
4 43 5002
4 45 8750
4 46 10908
4 50 9719
4 52 4900
4 53 6700
4 55 10131
4 57 5372
4 60 11356
4 63 1030
4 64 6927
4 66 8966
4 67 2030
4 68 7383
4 75 9049
4 76 3391
4 79 7147
4 80 2070
4 81 3507
4 83 5460
4 86 5992
4 89 3670
4 91 3916
4 92 10194
4 96 7698
4 97 7609
4 99 11393
4 100 6210
4 102 3403
4 104 962
4 105 4019
4 106 4968
4 107 514
5 6 10083
5 7 1303
5 9 4204
5 10 1966
5 12 6561
5 13 2793
5 14 11858
5 16 5363
5 18 7177
5 19 3570
5 21 764
5 23 2241
5 25 9052
5 27 2081
5 29 11213
5 30 2270
5 31 5437
5 32 819
5 37 6539
5 38 5349
5 39 2762
5 40 6923
5 42 10905
5 43 4082
5 44 1274
5 45 9183
5 46 11554
5 47 11784
5 49 3162
5 50 9979
5 52 4762
5 54 3369
5 55 9126
5 56 9792
5 68 1963
5 69 44
5 73 8556
5 74 8135
5 79 10877
5 81 2527
5 82 10472
5 83 3922
5 86 1566
5 87 1629
5 88 8072
5 89 9678
5 92 11737
5 93 9598
5 94 1970
5 97 6678
5 98 3992
5 100 6844
5 101 1596
5 102 6560
5 103 9475
5 104 9947
5 105 4258
5 106 4668
5 107 1296
5 108 7994
6 7 9907
6 8 10907
6 10 5109
6 14 9515
6 15 402
6 16 10922
6 17 10524
6 18 7633
6 19 2868
6 20 10539
6 21 5213
6 22 121
6 23 2411
6 25 10426
6 28 10141
6 30 6551
6 32 11136
6 33 2984
6 34 6263
6 36 9232
6 38 3452
6 39 11442
6 40 7403
6 41 5326
6 43 2656
6 45 10818
6 48 3940
6 49 6168
6 51 6910
6 52 220
6 53 2474
6 54 8782
6 59 4845
6 62 2413
6 64 6132
6 67 3706
6 68 7499
6 74 2764
6 76 6131
6 77 10032
6 78 11641
6 80 6987
6 82 9853
6 85 2956
6 86 10037
6 87 8672
6 88 4389
6 90 8021
6 93 9247
6 95 1048
6 101 9982
6 102 7989
6 103 4281
6 104 539
6 106 3363
7 8 151
7 9 1297
7 13 2141
7 14 9745
7 17 4752
7 18 11627
7 21 1357
7 22 10431
7 24 640
7 25 10832
7 26 4504
7 32 3644
7 33 4298
7 34 6170
7 36 4090
7 37 456
7 38 1755
7 39 5089
7 40 7423
7 41 4772
7 42 7166
7 43 165
7 44 5959
7 45 8392
7 46 7140
7 47 6856
7 49 11454
7 53 477
7 54 5998
7 56 1891
7 58 7107
7 60 10801
7 68 5288
7 69 11731
7 72 4836
7 74 3696
7 75 3381
7 81 3454
7 83 1204
7 86 5328
7 88 10150
7 89 3679
7 90 11618
7 91 8343
7 93 9384
7 96 3031
7 99 10115
7 102 10197
7 104 7401
7 105 10207
7 107 7337
8 10 9904
8 12 10051
8 16 11061
8 19 8501
8 20 3096
8 21 11161
8 24 2617
8 26 8664
8 27 10865
8 34 8874
8 37 7078
8 38 5583
8 39 4378
8 42 6372
8 49 1748
8 50 9428
8 51 7148
8 52 3261
8 53 11448
8 58 11800
8 61 5136
8 63 11801
8 64 4561
8 65 4099
8 67 9193
8 68 1537
8 69 10985
8 71 10983
8 72 1678
8 76 4483
8 78 9258
8 82 5496
8 83 8376
8 86 8652
8 92 2894
8 97 9381
8 99 4655
8 101 1016
8 103 2238
8 107 3997
8 108 10593
9 10 2594
9 16 10370
9 19 6277
9 20 3590
9 21 23
9 23 10855
9 24 1746
9 25 10335
9 26 1114
9 28 6636
9 30 5179
9 31 6957
9 32 8574
9 37 11675
9 38 7939
9 41 173
9 43 2634
9 45 1959
9 49 10670
9 50 8888
9 55 354
9 59 8017
9 60 806
9 61 10134
9 63 925
9 66 3536
9 67 8426
9 70 8692
9 73 11611
9 78 11860
9 80 1275
9 81 8521
9 84 8654
9 89 6517
9 90 4387
9 91 7296
9 94 1511
9 97 9148
9 99 9936
9 100 4002
9 101 81
9 106 9172
10 11 4692
10 12 6071
10 13 11732
10 14 7185
10 15 2737
10 16 863
10 17 1862
10 19 5269
10 21 6082
10 22 10345
10 23 10746
10 24 8751
10 27 6888
10 32 9129
10 35 3301
10 36 10171
10 38 2322
10 39 383
10 40 1370
10 47 5141
10 50 7218
10 51 4287
10 55 9909
10 57 2303
10 61 7326
10 62 5717
10 64 5164
10 65 7569
10 66 7849
10 67 934
10 69 1439
10 70 8431
10 72 8805
10 73 7959
10 74 787
10 75 6062
10 79 9488
10 80 4219
10 83 6273
10 85 2291
10 86 8177
10 87 1410
10 89 2661
10 95 3874
10 99 5642
10 100 11038
10 101 9115
10 103 10994
10 105 91
11 12 1869
11 13 5734
11 15 11175
11 16 5943
11 18 11696
11 23 5419
11 24 5172
11 25 2132
11 27 7848
11 29 3103
11 34 8561
11 37 7722
11 39 11640
11 41 930
11 42 3894
11 43 5143
11 46 6535
11 57 7760
11 59 4051
11 63 11090
11 64 5591
11 65 5360
11 67 8012
11 71 2611
11 72 1769
11 73 7182
11 74 9495
11 75 3511
11 76 584
11 79 7079
11 81 10754
11 82 6995
11 84 2973
11 85 11653
11 87 3547
11 88 2798
11 90 7962
11 92 5497
11 93 4009
11 94 8879
11 95 2942
11 101 10474
11 102 1910
11 104 7343
11 105 5575
11 107 6543
12 14 10315
12 16 6259
12 18 8184
12 20 8967
12 22 5609
12 23 4047
12 25 9881
12 26 119
12 27 974
12 30 8010
12 33 1813
12 35 8723
12 36 2492
12 38 284
12 40 7550
12 41 1653
12 43 10671
12 44 1208
12 45 6513
12 47 771
12 48 8925
12 49 4670
12 52 4327
12 56 5568
12 61 6866
12 62 7169
12 69 7991
12 72 9223
12 75 6165
12 78 1154
12 82 10411
12 83 9838
12 84 8060
12 86 10241
12 91 7443
12 92 991
12 93 2629
12 95 8968
12 98 10811
12 101 3453
12 102 409
12 103 1304
13 15 5553
13 16 8582
13 19 1399
13 20 10248
13 23 6740
13 24 5617
13 26 9101
13 30 5988
13 31 3033
13 32 11154
13 34 3473
13 36 5901
13 38 9681
13 41 6658
13 43 7449
13 49 2747
13 52 11197
13 53 10957
13 54 4158
13 55 2725
13 58 4596
13 59 5916
13 60 8305
13 62 10806
13 63 3686
13 64 7170
13 65 3005
13 73 7149
13 76 8546
13 78 308
13 83 5851
13 85 10365
13 87 11523
13 91 2846
13 93 10643
13 97 10992
13 100 5293
13 104 7529
13 105 7605
13 106 9602
14 18 7862
14 21 9347
14 24 3319
14 26 6489
14 28 4945
14 30 10394
14 33 2833
14 34 4188
14 35 10866
14 37 11382
14 39 2288
14 40 3060
14 44 4525
14 48 7508
14 51 6794
14 54 10479
14 61 8908
14 62 10046
14 64 6564
14 68 8903
14 69 3729
14 72 1371
14 73 3718
14 75 5398
14 77 1419
14 78 3034
14 80 4187
14 81 11469
14 83 803
14 85 8
14 86 635
14 87 1749
14 92 8277
14 95 6820
14 96 11874
14 99 38
14 101 1484
14 102 10705
14 103 2481
14 104 5752
14 106 547
15 16 8528
15 19 5537
15 20 5889
15 21 373
15 22 2870
15 29 9392
15 33 7781
15 34 831
15 35 5566
15 38 3050
15 39 11672
15 41 7685
15 42 6473
15 43 3447
15 47 10173
15 49 1687
15 53 4238
15 54 10205
15 55 1673
15 56 11537
15 62 6899
15 65 1061
15 66 11151
15 69 5772
15 70 6109
15 71 1518
15 75 7661
15 76 1385
15 78 3600
15 79 6773
15 81 5699
15 83 6867
15 89 10130
15 92 1373
15 94 6123
15 95 6514
15 102 2921
15 106 3762
15 107 5452
16 17 11725
16 18 6079
16 21 5588
16 26 860
16 28 9157
16 30 7186
16 34 794
16 37 10234
16 38 6542
16 40 10300
16 43 9446
16 45 11508
16 47 8121
16 51 3065
16 52 9215
16 55 5194
16 56 6052
16 57 4229
16 60 9845
16 64 9664
16 69 475
16 72 4392
16 75 9731
16 76 2372
16 77 10362
16 78 4560
16 81 3466
16 83 2913
16 84 1671
16 85 7824
16 86 3929
16 88 6191
16 89 369
16 92 2163
16 93 7976
16 94 2119
16 96 1783
16 97 6018
16 98 5647
16 99 502
16 101 5837
16 102 6706
16 104 3024
16 106 10003
17 18 7581
17 20 9453
17 22 9566
17 24 5598
17 25 10733
17 27 6967
17 28 11275
17 29 10259
17 30 9344
17 31 6163
17 32 2045
17 33 2549
17 36 8815
17 37 11316
17 39 1004
17 40 4790
17 42 1242
17 44 7740
17 47 9700
17 52 3766
17 54 1496
17 56 7681
17 57 5577
17 58 3392
17 60 3441
17 62 5364
17 63 3606
17 64 6565
17 65 6362
17 67 1740
17 68 3517
17 69 1267
17 72 2172
17 74 1087
17 81 4474
17 83 8713
17 85 3779
17 86 5380
17 88 8152
17 92 4025
17 93 6555
17 94 1146
17 95 3546
17 96 8175
17 97 9640
17 100 5403
17 102 4818
17 104 3482
17 105 6567
17 106 6134
17 108 3999
18 23 4407
18 24 11577
18 25 5321
18 26 3112
18 28 4142
18 29 3927
18 31 11517
18 32 3710
18 33 10312
18 39 174
18 40 1124
18 41 11707
18 42 5317
18 43 11755
18 45 8387
18 47 8766
18 50 11578
18 53 7737
18 56 3280
18 57 3066
18 62 4580
18 65 11183
18 68 4946
18 70 10428
18 71 8907
18 73 8321
18 74 10543
18 77 2294
18 78 1675
18 86 5961
18 87 7799
18 88 8136
18 89 6787
18 93 6835
18 97 11507
18 98 6446
18 103 10168
18 104 9957
18 105 4638
18 106 7320
18 107 6861
19 21 6709
19 22 9315
19 24 5846
19 27 11810
19 29 6485
19 31 2200
19 33 3057
19 34 8146
19 35 10214
19 40 372
19 42 11381
19 43 11103
19 47 5871
19 48 2405
19 50 4754
19 51 2543
19 54 8260
19 56 8368
19 58 4891
19 60 9094
19 61 8123
19 64 2358
19 66 473
19 67 10437
19 68 6906
19 69 5565
19 70 4902
19 71 8391
19 74 1792
19 75 3875
19 76 7758
19 77 3813
19 78 8291
19 79 9196
19 80 8327
19 82 2704
19 88 9528
19 94 1279
19 95 5265
19 97 8941
19 103 5066
19 105 3680
19 106 6547
19 107 1425
20 23 4269
20 26 6990
20 27 7192
20 29 11011
20 30 8772
20 31 3212
20 35 3866
20 36 8591
20 38 2079
20 40 11077
20 42 11302
20 46 901
20 47 4024
20 48 8756
20 49 8860
20 51 10372
20 52 6396
20 55 844
20 56 2897
20 57 5948
20 60 10802
20 61 5229
20 62 4602
20 64 4724
20 65 8369
20 70 1289
20 71 10323
20 74 11758
20 76 7652
20 77 11764
20 81 505
20 83 5677
20 85 4711
20 86 8601
20 89 5227
20 90 4562
20 92 10690
20 96 10521
20 97 5399
20 98 2096
20 100 4356
20 101 178
20 102 9591
20 103 5662
20 104 2969
20 106 604
20 107 536
20 108 7882
21 24 8585
21 25 11421
21 26 9073
21 27 3412
21 28 9846
21 29 8334
21 31 9240
21 33 6283
21 36 5331
21 37 10154
21 39 34
21 41 1174
21 43 7495
21 47 2663
21 48 1212
21 50 6759
21 52 5625
21 55 9817
21 56 8294
21 57 875
21 58 329
21 61 1078
21 62 8033
21 64 7981
21 65 7247
21 68 9190
21 69 8553
21 70 9012
21 73 7358
21 74 2374
21 76 4255
21 77 1665
21 78 3087
21 80 4437
21 81 5999
21 85 5630
21 86 10132
21 90 227
21 93 2685
21 94 6321
21 96 6798
21 98 6670
21 99 9399
21 100 7757
21 101 1255
21 103 9644
21 104 321
21 105 6433
21 107 5026
22 23 5769
22 25 11146
22 26 6258
22 27 2925
22 28 11838
22 29 2201
22 33 5498
22 34 8446
22 36 11414
22 42 10706
22 45 3617
22 47 8237
22 50 2774
22 52 8519
22 53 582
22 58 1926
22 60 7618
22 63 8027
22 66 2502
22 68 10564
22 70 4285
22 71 7628
22 75 10721
22 77 9755
22 79 5985
22 81 10974
22 82 8673
22 91 2185
22 92 6357
22 93 7696
22 94 8579
22 96 11331
22 97 4871
22 99 8140
22 100 4767
22 101 2368
22 102 3645
22 103 4626
22 104 8781
23 24 11880
23 27 5230
23 30 5922
23 39 2791
23 40 3912
23 43 10708
23 44 8067
23 45 7747
23 47 8103
23 53 5768
23 59 4760
23 60 7999
23 67 5449
23 68 6216
23 69 4571
23 72 10941
23 73 6412
23 78 9858
23 79 8125
23 81 3623
23 86 1982
23 92 6532
23 93 7424
23 96 5638
23 97 3847
23 105 5862
23 107 2937
23 108 7483
24 25 5693
24 27 1313
24 32 7481
24 34 3613
24 35 6063
24 36 5578
24 37 670
24 38 9675
24 39 8963
24 40 4915
24 42 10615
24 44 10788
24 45 11596
24 47 1339
24 50 6346
24 52 11834
24 54 6233
24 55 5789
24 56 10331
24 58 2139
24 60 928
24 62 10456
24 63 11678
24 67 5206
24 69 6111
24 71 5463
24 76 4111
24 78 7480
24 79 1735
24 80 9472
24 82 6246
24 86 7258
24 88 3044
24 90 3578
24 91 6509
24 92 2645
24 96 3615
24 97 11445
24 100 6852
24 101 6316
24 102 1007
24 104 8128
24 106 8074
25 28 9600
25 30 2622
25 32 214
25 38 3938
25 39 8548
25 41 4286
25 42 3747
25 43 633
25 44 5775
25 45 11336
25 47 4694
25 48 11334
25 55 7720
25 56 4884
25 59 6070
25 60 8514
25 61 6324
25 62 239
25 63 5211
25 70 4133
25 76 10191
25 77 335
25 80 1676
25 81 8022
25 82 1479
25 83 2028
25 86 6669
25 88 10042
25 89 11206
25 91 3227
25 92 9235
25 93 6800
25 95 1807
25 97 5562
25 100 8308
25 101 8007
25 105 8429
26 28 2545
26 29 6723
26 30 6817
26 31 716
26 32 11820
26 34 262
26 35 10972
26 36 9734
26 38 7283
26 42 11408
26 46 1097
26 47 10179
26 48 1529
26 50 4338
26 52 2150
26 53 4252
26 55 9604
26 56 2717
26 61 9325
26 62 7719
26 64 6771
26 66 9639
26 67 2208
26 68 6552
26 71 10149
26 74 4808
26 75 11062
26 76 8909
26 78 10644
26 82 898
26 83 810
26 84 5804
26 87 9539
26 90 4563
26 92 4306
26 93 8108
26 94 9568
26 97 1494
26 98 938
26 99 8070
26 100 7841
26 101 5987
26 104 184
26 107 3460
27 28 4855
27 31 6545
27 39 6252
27 41 6413
27 42 2225
27 47 3273
27 48 7829
27 49 11571
27 58 5333
27 60 10588
27 63 6748
27 64 11460
27 68 7379
27 71 11066
27 78 2198
27 79 8647
27 82 5555
27 88 5332
27 89 3361
27 90 7271
27 91 5501
27 92 8629
27 93 1825
27 96 11591
27 98 1421
27 99 7267
27 100 1269
27 102 5296
27 104 3271
27 105 2055
27 107 10380
27 108 5018
28 29 11856
28 30 8052
28 31 1858
28 32 7474
28 36 8906
28 37 9306
28 38 8424
28 40 9750
28 44 8493
28 47 7491
28 49 10909
28 50 3123
28 51 3918
28 52 5573
28 53 1945
28 54 3795
28 58 3692
28 59 5336
28 60 1937
28 62 3639
28 65 1104
28 67 4862
28 69 2386
28 71 3117
28 72 9626
28 73 3380
28 76 9266
28 77 11111
28 78 327
28 80 9197
28 81 2826
28 84 1441
28 85 1322
28 87 6559
28 88 886
28 89 9173
28 90 1934
28 91 6818
28 93 11458
28 96 1249
28 97 4100
28 98 10509
28 101 1733
28 104 3191
28 105 7086
28 106 5099
28 107 6
28 108 610
29 30 11290
29 31 10556
29 32 1669
29 33 1281
29 34 4105
29 36 7987
29 39 5258
29 44 2949
29 45 8409
29 47 4777
29 50 7729
29 53 5741
29 57 7904
29 59 5524
29 60 7814
29 62 10544
29 63 1712
29 64 11551
29 66 2720
29 68 9385
29 72 448
29 74 4950
29 75 4268
29 79 4953
29 83 8379
29 88 7340
29 89 7324
29 90 1091
29 91 520
29 93 11620
29 95 2862
29 96 1599
29 97 5572
29 98 1330
29 101 10709
29 104 10864
29 108 7460
30 31 8929
30 36 11332
30 38 2321
30 39 5661
30 41 8086
30 43 139
30 46 9628
30 51 3220
30 52 9676
30 53 9797
30 54 4342
30 57 4061
30 61 9164
30 62 10977
30 65 6046
30 68 4749
30 69 8475
30 72 300
30 76 10953
30 81 3279
30 85 11733
30 87 9408
30 88 10006
30 90 8866
30 93 5214
30 94 10102
30 95 11142
30 98 3596
30 100 9437
30 102 1375
30 104 1962
30 105 6001
30 107 6182
31 32 10498
31 34 10445
31 35 10034
31 36 4388
31 37 2142
31 40 2133
31 41 2318
31 43 3098
31 51 8078
31 53 2339
31 54 10090
31 55 7228
31 60 1148
31 61 10552
31 65 11608
31 66 511
31 67 11778
31 71 788
31 72 9634
31 74 1302
31 75 4343
31 79 7335
31 81 4292
31 83 8041
31 85 1692
31 86 4434
31 87 10292
31 90 6047
31 91 1167
31 92 1012
31 93 7199
31 94 8085
31 95 4345
31 98 4180
31 99 3197
31 101 2327
31 104 11225
31 106 10571
31 107 11768
32 33 6008
32 34 9421
32 37 10900
32 38 11462
32 39 4978
32 40 3292
32 41 7898
32 42 3285
32 43 7969
32 46 5806
32 47 8479
32 49 6265
32 51 967
32 54 9297
32 58 6227
32 66 6230
32 67 6785
32 70 8704
32 73 7855
32 74 8844
32 75 10839
32 77 1285
32 79 2380
32 84 10596
32 85 9480
32 86 4404
32 87 3205
32 90 4903
32 91 2440
32 94 9867
32 96 4861
32 99 6666
32 101 6607
32 103 9144
32 106 9106
32 107 4275
32 108 10781
33 36 1852
33 37 8092
33 38 10352
33 40 7506
33 41 3971
33 45 4039
33 46 5595
33 50 7223
33 53 11575
33 54 9080
33 56 8767
33 63 10633
33 65 5639
33 67 7020
33 69 11416
33 70 5914
33 71 1366
33 74 1643
33 75 8354
33 76 9204
33 81 10204
33 83 11112
33 85 2522
33 88 6432
33 89 5835
33 90 573
33 91 162
33 92 110
33 93 9615
33 94 3263
33 100 2388
33 101 11130
34 35 9288
34 36 2679
34 38 10282
34 40 5709
34 42 565
34 43 4961
34 45 11868
34 46 2971
34 48 7411
34 49 6632
34 51 2794
34 53 11647
34 55 8801
34 57 11434
34 59 4574
34 61 6451
34 63 9592
34 65 2154
34 66 851
34 68 9635
34 69 6314
34 71 4102
34 74 1006
34 75 825
34 77 6801
34 78 1831
34 79 7642
34 80 7442
34 81 2792
34 83 1682
34 84 5489
34 85 3745
34 87 2308
34 89 7711
34 91 10793
34 92 4970
34 94 3250
34 96 7254
34 97 3732
34 98 1940
34 100 6609
34 104 2631
34 106 3641
34 107 9910
35 37 747
35 38 1310
35 39 5911
35 40 6707
35 42 7165
35 43 5877
35 46 11325
35 47 1992
35 49 6247
35 54 5687
35 59 10998
35 60 4312
35 62 6057
35 66 8755
35 67 7932
35 69 807
35 70 2919
35 71 7242
35 72 3316
35 75 8110
35 78 10375
35 79 8659
35 81 63
35 93 5415
35 95 10230
35 97 7274
35 107 5005
35 108 7891
36 40 1901
36 41 6474
36 45 2766
36 47 9609
36 48 3838
36 49 6945
36 51 3952
36 59 8683
36 60 7847
36 61 8293
36 63 6692
36 65 10570
36 68 6778
36 71 189
36 73 8374
36 75 5558
36 77 4463
36 79 7695
36 80 307
36 81 8697
36 83 5060
36 84 10187
36 86 3538
36 90 7270
36 91 7430
36 94 10553
36 95 4988
36 99 4155
36 103 6237
36 104 4628
36 107 8075
36 108 2755
37 38 6732
37 42 11360
37 44 6868
37 46 6445
37 53 3226
37 56 7406
37 59 9730
37 61 1967
37 62 9951
37 63 1932
37 65 2966
37 68 9195
37 69 2426
37 72 1395
37 73 2620
37 75 54
37 81 6755
37 82 8771
37 85 6242
37 86 4482
37 87 9426
37 88 3782
37 89 224
37 90 11177
37 91 3284
37 93 2080
37 95 4104
37 96 7176
37 97 2938
37 98 5818
37 100 2036
37 101 6768
37 102 11367
37 103 11139
37 105 2248
37 107 5080
37 108 9383
38 39 8213
38 42 7792
38 43 4278
38 44 9059
38 47 9625
38 50 4515
38 51 9277
38 52 8688
38 53 9180
38 54 4487
38 56 42
38 57 3182
38 58 951
38 61 10466
38 62 5062
38 64 4341
38 67 2564
38 72 5622
38 74 8048
38 75 5471
38 82 5189
38 83 8653
38 84 9529
38 88 6313
38 93 559
38 94 6427
38 97 3605
38 98 7114
38 100 1977
38 101 10628
38 102 10796
38 107 2889
38 108 1503
39 41 10255
39 43 8708
39 45 1027
39 48 3792
39 49 2431
39 50 8133
39 53 9409
39 54 8598
39 55 8531
39 56 9715
39 57 10846
39 58 11849
39 60 3976
39 62 5330
39 63 6236
39 64 2582
39 69 7706
39 72 289
39 75 8216
39 78 9643
39 79 6782
39 80 6459
39 82 10790
39 83 2544
39 86 3063
39 88 6274
39 90 246
39 93 11201
39 94 9537
39 98 1520
39 100 2959
39 106 8613
40 41 11164
40 42 1325
40 45 1552
40 46 9259
40 48 4293
40 49 5793
40 51 909
40 55 8272
40 57 11472
40 61 6076
40 63 2433
40 66 10446
40 67 3241
40 68 3439
40 69 5182
40 70 3764
40 72 9044
40 79 1803
40 81 6774
40 82 3165
40 83 8143
40 84 2905
40 87 3827
40 90 3120
40 91 6411
40 95 1222
40 96 7874
40 99 11656
40 100 1355
40 102 9178
40 103 5480
40 105 11602
40 106 10208
41 42 2123
41 45 4318
41 46 6975
41 48 5989
41 54 11423
41 57 856
41 63 6224
41 65 9637
41 66 4728
41 68 10693
41 69 11295
41 70 1017
41 72 41
41 75 2004
41 78 104
41 80 6416
41 81 4909
41 83 9761
41 84 7184
41 87 7377
41 88 5860
41 89 9807
41 90 6388
41 92 4794
41 93 11023
41 94 1221
41 96 10513
41 97 4976
41 99 6696
41 102 5942
41 104 1471
41 105 9564
41 107 10501
41 108 4261
42 43 2216
42 47 9252
42 48 10906
42 49 361
42 50 7111
42 51 4479
42 52 7229
42 53 9996
42 59 4787
42 60 9391
42 61 2701
42 62 10723
42 63 5079
42 64 3045
42 65 4540
42 66 4774
42 67 11645
42 69 257
42 70 751
42 72 8917
42 74 3715
42 75 2596
42 76 1388
42 79 874
42 83 3743
42 86 6849
42 87 9000
42 88 10189
42 89 2979
42 92 2256
42 94 1341
42 95 11545
42 96 9122
42 99 11637
42 101 6174
42 104 3698
42 105 11760
42 107 9716
43 46 7870
43 48 6931
43 49 5255
43 50 10869
43 51 10239
43 53 10677
43 54 9708
43 57 3561
43 58 5057
43 59 9463
43 63 7759
43 65 8616
43 72 2939
43 74 8413
43 75 3798
43 76 9562
43 79 4476
43 80 10278
43 81 6656
43 84 5812
43 86 4742
43 87 1822
43 88 7660
43 89 71
43 91 112
43 94 385
43 99 11648
43 100 11162
43 101 4419
43 104 4168
43 105 4421
43 106 9108
43 107 9864
43 108 10107
44 49 218
44 50 4851
44 52 882
44 53 8997
44 54 11624
44 58 10739
44 63 10530
44 65 3604
44 68 2729
44 69 10819
44 71 10438
44 75 11710
44 76 2092
44 77 10458
44 82 7275
44 85 9001
44 86 5571
44 87 6881
44 88 9292
44 89 3008
44 93 6488
44 94 1265
44 95 7193
44 96 9366
44 97 440
44 98 999
44 101 4103
44 108 8180
45 46 2022
45 48 7511
45 49 6078
45 54 7846
45 58 5
45 59 11616
45 62 523
45 64 3888
45 66 73
45 67 9865
45 69 2124
45 71 6900
45 74 3974
45 75 7896
45 76 11029
45 80 11730
45 82 209
45 83 10764
45 84 1252
45 86 1185
45 88 6973
45 89 6400
45 93 826
45 94 1698
45 95 7675
45 96 3122
45 98 11178
45 99 7106
45 101 4753
45 102 4550
45 104 3548
45 105 5124
45 106 5868
45 107 8463
45 108 1757
46 47 7378
46 48 3630
46 52 7645
46 59 3572
46 62 2900
46 64 6544
46 70 2050
46 71 3323
46 72 11674
46 73 9531
46 74 1775
46 77 3839
46 79 4555
46 80 453
46 81 9876
46 82 2674
46 83 9264
46 85 11129
46 89 5690
46 91 7782
46 94 9016
46 96 6152
46 101 2247
46 107 192
47 48 4108
47 51 7102
47 53 5926
47 59 3897
47 61 9599
47 62 8116
47 66 4803
47 68 3409
47 70 6760
47 72 7980
47 73 3515
47 75 4713
47 78 3160
47 79 8848
47 80 8607
47 81 7571
47 82 4409
47 83 4349
47 84 8571
47 89 10343
47 90 10055
47 95 4664
47 96 9435
47 97 9467
47 98 11024
47 100 5224
47 101 5979
47 104 4785
47 105 6734
47 108 3540
48 49 8812
48 51 9645
48 52 2366
48 53 3933
48 55 10269
48 56 3194
48 57 1507
48 61 3480
48 62 3939
48 66 6944
48 69 3443
48 70 7677
48 71 2832
48 72 9508
48 76 3495
48 80 1624
48 81 2856
48 82 8905
48 83 5906
48 84 6329
48 85 4267
48 86 7455
48 87 3489
48 89 8319
48 90 4064
48 98 11643
48 99 5519
48 101 8344
48 104 9217
48 106 8492
48 107 7431
48 108 1685
49 51 9487
49 55 11866
49 56 998
49 59 8567
49 60 6893
49 61 7979
49 63 9859
49 67 2162
49 68 3635
49 70 9104
49 71 7006
49 74 7359
49 75 5242
49 76 587
49 77 10753
49 82 1600
49 86 4122
49 87 4645
49 91 2106
49 93 7796
49 94 144
49 95 986
49 96 2436
49 98 7404
49 99 2981
49 100 9216
49 101 10245
49 103 6598
49 104 1829
49 105 2251
49 106 5015
49 108 8265
50 52 16
50 54 3358
50 55 1562
50 56 2515
50 57 1376
50 61 8660
50 62 10496
50 63 10265
50 64 1908
50 65 2402
50 66 6121
50 68 1587
50 69 3873
50 70 5682
50 71 10193
50 74 280
50 76 5427
50 77 7869
50 78 2572
50 81 7155
50 82 1469
50 83 9923
50 91 1560
50 92 6410
50 93 5377
50 99 11226
50 101 673
50 102 7268
50 103 10342
50 104 10563
50 106 5996
50 107 4113
50 108 8174
51 53 10874
51 54 10137
51 55 7665
51 58 4294
51 59 2479
51 60 3393
51 61 10910
51 62 10379
51 63 6757
51 64 7457
51 66 8182
51 68 1100
51 69 632
51 73 5874
51 74 10828
51 76 11817
51 80 739
51 81 8157
51 83 1128
51 84 4321
51 85 8394
51 88 9997
51 89 6619
51 92 9695
51 93 1939
51 95 980
51 99 2140
51 101 8144
51 102 2758
51 103 8209
51 105 3504
51 106 2483
51 108 3636
52 57 9245
52 58 3557
52 60 8383
52 64 478
52 66 7013
52 68 1514
52 69 2352
52 71 8544
52 75 2406
52 79 3856
52 82 7400
52 83 3799
52 84 7415
52 89 3246
52 92 814
52 94 1404
52 97 2441
52 98 3064
52 99 6502
52 100 8382
52 101 10857
52 103 10273
52 108 11341
53 54 9720
53 57 3577
53 58 7141
53 59 4771
53 62 5561
53 63 11684
53 64 4445
53 66 6100
53 69 11182
53 72 7236
53 73 11185
53 76 397
53 77 2767
53 78 6980
53 80 6266
53 81 5886
53 82 9672
53 83 3727
53 84 7262
53 88 3092
53 90 10938
53 95 9944
53 96 8760
53 97 6069
53 98 2021
53 99 6347
53 101 10800
53 104 6896
53 105 9100
54 56 10434
54 57 7936
54 58 6415
54 59 3960
54 60 6370
54 62 11780
54 63 1873
54 64 4303
54 69 1524
54 70 2646
54 72 3778
54 76 291
54 78 1649
54 80 5083
54 83 3265
54 87 6181
54 88 7025
54 89 5287
54 91 1954
54 92 1284
54 96 7289
54 99 6764
54 100 488
54 102 11679
54 103 2691
54 105 10849
54 106 4057
54 107 3310
54 108 4642
55 56 6213
55 58 10155
55 59 10310
55 60 8378
55 63 1342
55 65 5302
55 69 5468
55 70 3009
55 71 7069
55 75 8430
55 76 736
55 78 680
55 80 10424
55 83 3161
55 84 1323
55 85 4030
55 87 10026
55 88 8512
55 90 11280
55 94 6302
55 96 1694
55 99 9395
55 102 8447
55 106 2394
56 57 1526
56 59 4423
56 60 8749
56 61 4453
56 62 10111
56 63 2518
56 64 6178
56 66 10833
56 68 1924
56 70 8082
56 73 6824
56 75 8088
56 76 8407
56 77 11657
56 78 8197
56 79 7284
56 86 6279
56 87 3339
56 88 9814
56 89 5175
56 90 2822
56 93 7863
56 94 5216
56 96 6548
56 97 10691
56 100 9550
56 104 11039
56 105 6920
56 107 3902
56 108 2537
57 58 4062
57 59 5184
57 63 7168
57 64 978
57 66 3118
57 68 6129
57 73 2542
57 74 9503
57 76 11665
57 78 9779
57 79 6190
57 81 625
57 82 7080
57 83 6022
57 84 2643
57 85 3387
57 86 6882
57 87 11818
57 88 388
57 89 7795
57 94 5909
57 95 7766
57 96 85
57 98 9065
57 99 11214
57 101 8380
57 102 3829
57 103 6257
57 104 11450
57 105 8402
57 106 4929
58 60 9813
58 62 11043
58 65 9872
58 67 11726
58 69 2610
58 70 1168
58 71 1059
58 77 6959
58 78 1316
58 79 2379
58 80 3357
58 81 5316
58 82 5014
58 83 2183
58 84 4905
58 85 8798
58 87 7809
58 88 5337
58 92 9906
58 96 4246
58 97 2944
58 99 6045
58 101 3029
58 102 10666
58 106 251
59 60 2012
59 64 3586
59 69 2205
59 71 5072
59 72 634
59 76 5928
59 77 7291
59 78 4125
59 79 11352
59 80 6198
59 81 8765
59 82 7352
59 83 2203
59 84 5266
59 85 4182
59 86 3681
59 89 5453
59 90 8340
59 94 6989
59 99 3640
59 100 5745
59 107 6724
59 108 1307
60 61 11224
60 62 3259
60 64 8826
60 66 8256
60 67 1319
60 69 990
60 71 8109
60 72 5782
60 75 10326
60 79 11037
60 80 8969
60 81 10159
60 82 8643
60 83 9312
60 84 7153
60 85 6373
60 86 5672
60 88 530
60 89 546
60 92 8559
60 93 359
60 95 10233
60 96 2535
60 98 2008
60 101 2982
60 102 6376
60 103 6652
60 106 11846
61 62 1931
61 63 8648
61 64 4595
61 67 944
61 68 1445
61 73 7730
61 75 10820
61 76 9490
61 77 11312
61 79 2750
61 84 5462
61 85 11392
61 89 5703
61 90 2933
61 91 4465
61 92 11742
61 94 6886
61 95 8312
61 100 4751
61 102 7429
61 104 10078
61 105 4737
61 106 8117
62 63 9981
62 65 4408
62 69 9179
62 70 8371
62 72 1565
62 73 783
62 74 11798
62 75 3129
62 78 7748
62 80 1976
62 82 9272
62 83 2420
62 87 2532
62 89 4541
62 92 2711
62 95 4493
62 96 11272
62 98 3560
62 99 11354
62 100 24
62 101 11790
62 102 3988
62 103 5373
62 104 2099
62 105 5652
62 106 10566
63 64 4587
63 68 4625
63 69 7053
63 71 6711
63 74 8435
63 76 6222
63 77 259
63 80 5297
63 83 7197
63 86 6681
63 87 5813
63 92 2111
63 94 4397
63 96 9026
63 98 2286
63 104 6449
63 105 5396
63 107 5980
64 65 3084
64 70 1709
64 71 8976
64 73 2575
64 75 1438
64 77 9561
64 78 8635
64 79 10585
64 80 7000
64 84 8549
64 86 9597
64 87 10623
64 89 8155
64 90 1887
64 93 5873
64 96 5715
64 99 9002
64 101 4383
64 104 4324
64 106 8153
64 107 2306
65 66 9375
65 68 981
65 70 805
65 71 7288
65 74 2062
65 76 3144
65 78 6691
65 79 5033
65 83 128
65 88 4181
65 89 5858
65 94 4215
65 96 4756
65 98 10127
65 100 7327
65 103 7071
65 106 6328
65 107 7791
65 108 1818
66 67 8668
66 70 9332
66 74 6970
66 75 731
66 76 7138
66 78 9110
66 79 3945
66 80 7955
66 82 5910
66 84 3277
66 88 2576
66 91 8525
66 93 2408
66 94 3530
66 96 439
66 97 6375
66 98 9413
66 100 11451
66 103 3359
66 106 6603
66 108 4591
67 73 7118
67 79 9328
67 82 3419
67 83 3082
67 87 10508
67 88 4473
67 94 6557
67 95 7560
67 96 10029
67 98 3783
67 102 6718
67 104 9244
67 105 2267
67 106 10369
67 107 4391
67 108 5701
68 74 2245
68 75 11515
68 76 2839
68 77 7277
68 79 1427
68 80 47
68 81 2364
68 83 4477
68 85 11538
68 86 6223
68 87 8883
68 89 9606
68 90 4144
68 91 6138
68 92 10525
68 94 2907
68 95 8364
68 96 10222
68 99 4857
68 104 8995
68 107 346
68 108 6468
69 71 8289
69 79 2497
69 81 4919
69 82 5634
69 83 11439
69 85 7825
69 88 11850
69 89 8030
69 92 207
69 94 1741
69 95 6151
69 99 1886
69 100 2231
69 101 10465
69 103 5256
69 105 3765
69 106 4700
69 107 594
70 72 8577
70 76 11254
70 82 8275
70 83 241
70 84 9999
70 87 10925
70 88 8753
70 89 6958
70 90 8124
70 92 4677
70 93 506
70 94 5464
70 96 1717
70 99 2511
70 100 8165
70 101 769
70 102 7113
70 103 11322
70 108 641
71 73 2345
71 74 6772
71 75 5532
71 76 11536
71 78 8838
71 79 3272
71 80 11239
71 81 1364
71 82 4112
71 83 8854
71 87 7820
71 89 2615
71 95 2167
71 96 5786
71 99 3121
71 101 8503
71 105 5020
71 106 10534
71 107 11677
72 74 4208
72 77 2343
72 80 7219
72 81 2992
72 85 8612
72 86 1247
72 88 9270
72 90 2094
72 95 3982
72 99 6905
72 100 256
72 101 2330
72 103 708
72 106 9956
73 74 2320
73 76 3431
73 77 6173
73 81 2210
73 82 7952
73 86 3021
73 88 4565
73 90 10036
73 92 3754
73 98 853
73 100 1126
73 105 1062
73 106 10511
73 107 9662
73 108 10648
74 78 1561
74 79 10595
74 81 7551
74 82 10360
74 87 7490
74 90 8540
74 91 2350
74 92 9985
74 94 7130
74 95 3386
74 96 5913
74 99 8868
74 100 7132
74 102 2206
74 103 7231
74 104 3073
74 105 8978
75 76 9935
75 82 1350
75 84 4829
75 88 11099
75 91 11028
75 92 11642
75 94 6705
75 96 6255
75 97 3230
75 98 7315
75 99 881
75 100 5882
75 101 7390
75 102 2181
75 105 5550
75 107 5069
75 108 7911
76 84 4446
76 87 2681
76 89 390
76 92 2834
76 95 2517
76 98 9534
76 100 945
76 105 2121
76 106 1009
76 107 10172
76 108 2391
77 81 5436
77 82 9280
77 84 3425
77 85 7727
77 86 9546
77 87 6438
77 88 100
77 89 1726
77 90 3948
77 91 973
77 94 9565
77 96 3865
77 97 3649
77 102 3211
77 103 5722
77 104 7188
77 105 5803
77 107 3396
78 82 3836
78 83 9353
78 84 4533
78 86 138
78 90 2882
78 91 5732
78 92 2662
78 93 11644
78 95 3472
78 96 791
78 98 5041
78 100 9411
78 101 9544
78 103 9754
78 106 7573
78 107 6068
79 80 3986
79 81 8702
79 88 5448
79 89 5637
79 91 4859
79 92 2473
79 93 1066
79 94 11276
79 95 11089
79 96 10782
79 103 365
79 105 57
79 106 7545
79 107 9674
80 82 10654
80 83 5675
80 84 3428
80 85 7330
80 87 7127
80 88 1409
80 90 8434
80 99 492
80 100 558
80 103 3711
80 107 9803
80 108 2087
81 84 7393
81 87 1662
81 88 10620
81 90 5747
81 93 266
81 95 9459
81 97 2263
81 98 9990
81 101 1018
81 102 11667
81 105 10427
81 106 9422
81 107 4594
82 88 4748
82 90 4781
82 93 11669
82 95 9840
82 96 4459
82 97 11127
82 98 6212
82 100 11193
82 101 10565
82 102 3562
82 103 271
82 104 6581
82 107 1201
83 84 2197
83 89 357
83 90 11740
83 91 10126
83 93 5402
83 98 10398
83 100 11484
83 102 9481
83 103 258
83 105 11373
83 108 11072
84 86 7876
84 97 11281
84 98 8194
84 100 7426
84 103 11475
84 104 5576
84 105 5718
84 107 9054
84 108 6371
85 86 3955
85 87 784
85 90 6956
85 92 3855
85 95 676
85 97 1672
85 101 1202
85 104 11520
85 106 7382
85 107 493
86 89 11350
86 92 1510
86 94 10562
86 97 6149
86 98 2923
86 99 11095
86 100 1961
86 102 7124
86 106 324
86 107 5284
87 89 1207
87 91 6083
87 98 975
87 103 3416
87 104 3320
87 105 1595
87 106 8459
87 108 245
88 96 8727
88 99 960
88 101 3722
88 104 2230
88 106 9291
88 107 9260
88 108 3399
89 91 3687
89 92 10646
89 93 672
89 95 8665
89 98 3951
89 99 4553
89 100 2722
89 101 3389
89 108 3735
90 92 5104
90 93 10725
90 96 7537
90 99 2583
90 100 4243
90 101 1032
90 103 1295
90 107 4938
90 108 6104
91 93 2589
91 94 11034
91 96 1334
91 99 6988
91 101 9573
91 104 5090
91 107 9024
92 95 7889
92 97 3076
92 99 7368
92 100 6872
92 104 1464
92 105 11695
92 106 7908
92 107 11329
93 95 8960
93 98 3719
93 99 1065
93 101 10829
93 102 555
93 108 11535
94 95 7031
94 99 8524
94 101 7425
94 103 3761
94 104 9760
94 106 9651
94 107 8633
95 97 6009
95 98 7619
95 99 2501
95 101 217
95 102 252
95 103 1668
95 108 5780
96 97 3594
96 98 3238
96 99 686
96 100 8290
96 102 5935
96 103 8339
96 104 682
96 105 3789
96 107 8834
96 108 9468
97 98 8351
97 100 10329
97 103 8956
97 105 7764
97 106 331
98 100 1362
98 103 828
98 104 6331
98 105 9342
98 108 7119
99 100 3433
99 102 6028
99 104 9661
99 106 8736
99 107 1883
100 102 3163
100 104 1408
100 105 3022
100 106 4898
100 107 4779
101 102 5011
101 103 5050
101 104 3622
101 105 10993
101 106 326
101 107 10185
102 103 30
102 104 11435
102 105 7438
102 106 8722
102 107 841
103 104 2548
103 106 1860
103 107 11503
103 108 10529
105 106 11516
