47 550
0 1 4673
0 3 8479
0 4 904
0 6 7759
0 7 2549
0 9 54
0 13 9230
0 15 7718
0 16 8021
0 17 984
0 21 9583
0 22 4784
0 24 107
0 25 5711
0 27 8449
0 29 5043
0 31 7514
0 33 8349
0 34 5592
0 37 1832
0 39 2916
0 40 5215
0 45 8862
1 4 8493
1 8 1935
1 11 7262
1 12 3599
1 14 9750
1 20 5006
1 26 2763
1 32 8568
1 33 8391
1 37 2407
1 39 5902
1 40 6096
1 41 3100
1 43 3370
1 45 6884
2 4 2580
2 5 7918
2 7 698
2 9 6197
2 14 2323
2 15 2675
2 17 2139
2 19 7347
2 22 5568
2 25 9386
2 26 8043
2 29 4718
2 32 7476
2 33 7556
2 37 958
2 39 1309
2 41 1532
2 42 4891
2 43 8303
2 44 8640
2 45 7164
2 46 7204
3 4 2126
3 7 9019
3 10 6198
3 13 6218
3 21 1643
3 23 7955
3 25 5178
3 29 1444
3 30 5652
3 31 2156
3 32 9211
3 35 7842
3 37 371
3 39 3222
3 42 5080
3 43 5278
3 44 5144
3 46 9931
4 5 4045
4 7 6319
4 10 834
4 12 7982
4 16 2325
4 17 5140
4 18 4572
4 22 6092
4 23 8120
4 24 5681
4 25 1236
4 27 5364
4 28 6433
4 29 438
4 30 248
4 31 7526
4 32 9523
4 34 6316
4 35 5160
4 36 6201
4 37 9490
4 38 6235
4 41 48
4 44 6191
4 45 8316
4 46 3958
5 7 2670
5 10 7735
5 11 6112
5 12 6452
5 17 6968
5 18 2897
5 21 8281
5 23 9357
5 24 5472
5 27 9440
5 29 1410
5 30 5755
5 31 502
5 35 5058
5 36 677
5 37 1764
5 38 2279
5 39 9870
5 40 8297
5 41 4794
5 42 122
5 43 94
5 44 7335
6 8 210
6 9 3886
6 11 2958
6 13 9004
6 15 9042
6 16 8771
6 18 2424
6 19 5129
6 21 8189
6 25 4557
6 26 7555
6 27 9595
6 29 5173
6 30 9577
6 31 3861
6 33 4251
6 35 1572
6 36 8988
6 39 3205
6 41 1191
6 44 5544
6 46 7973
7 8 957
7 9 4597
7 10 9535
7 15 2209
7 17 4282
7 19 5286
7 20 4042
7 22 9426
7 25 8351
7 26 1407
7 27 463
7 28 4866
7 29 8324
7 31 8165
7 34 1599
7 35 1969
7 36 4240
7 37 9423
7 38 1302
7 39 4711
7 42 1401
7 43 5915
7 44 5702
8 10 4335
8 12 8990
8 13 8023
8 14 5921
8 18 5211
8 20 2866
8 21 2133
8 22 9234
8 26 8804
8 27 1392
8 31 483
8 32 7485
8 33 5801
8 36 3980
8 37 4500
8 38 5120
8 42 1525
8 43 3245
8 44 9717
8 45 8857
8 46 2089
9 10 8099
9 13 5698
9 15 4753
9 16 7697
9 19 8339
9 22 7319
9 23 6058
9 24 5396
9 25 1846
9 26 5207
9 28 9251
9 29 4439
9 30 5220
9 32 6225
9 33 3487
9 35 9355
9 38 3030
9 41 5363
9 43 92
10 11 3394
10 13 3690
10 14 5108
10 16 8552
10 21 4331
10 25 3859
10 27 9407
10 28 3348
10 29 9567
10 30 9350
10 32 7561
10 34 1768
10 37 1201
10 39 2721
10 41 6574
10 42 8117
11 14 9549
11 16 9946
11 20 8474
11 21 9966
11 27 9780
11 30 6810
11 34 1241
11 36 4087
11 38 68
11 39 1127
11 41 1390
11 42 5581
11 44 6220
11 45 6855
12 14 7577
12 15 7677
12 16 728
12 18 5519
12 19 4995
12 21 4742
12 22 1541
12 23 6757
12 26 1227
12 27 9212
12 29 3708
12 30 4477
12 33 3244
12 36 823
12 37 5357
12 42 7342
12 43 3067
12 44 623
12 45 8213
12 46 2420
13 16 4312
13 17 2551
13 20 7140
13 21 3044
13 23 4144
13 29 5697
13 30 6223
13 35 7624
13 36 3110
13 39 4027
13 40 8846
13 41 4054
13 42 4274
13 43 691
13 44 9612
13 45 8311
14 15 817
14 16 1812
14 17 3496
14 21 4061
14 22 3074
14 25 6356
14 34 9553
14 38 2381
14 39 1510
14 40 7441
14 43 544
14 46 5718
15 16 2921
15 18 3212
15 20 8606
15 21 5628
15 23 7412
15 25 4907
15 26 7857
15 30 5890
15 31 192
15 32 128
15 34 5923
15 35 5943
15 39 1840
15 41 9637
15 42 4448
15 45 4908
15 46 2821
16 17 9794
16 18 1540
16 20 5464
16 22 9365
16 23 1667
16 25 2913
16 27 3318
16 28 7296
16 29 9012
16 31 4451
16 33 4716
16 35 3987
16 37 8549
16 39 6835
16 40 1694
16 41 4674
16 43 1926
17 21 4128
17 25 3150
17 27 6717
17 28 6278
17 29 1526
17 31 2216
17 37 5067
17 38 6043
17 39 4617
17 40 4823
17 46 7562
18 19 5346
18 22 7159
18 25 2036
18 28 5704
18 31 5893
18 32 6845
18 34 9120
18 35 5299
18 37 7091
18 40 4077
18 42 8404
18 43 8398
19 20 3106
19 22 8968
19 23 8658
19 24 4153
19 26 1558
19 27 6646
19 28 8673
19 29 7421
19 30 3735
19 32 88
19 33 3649
19 36 8607
19 37 282
19 38 5156
19 41 3488
19 43 7097
20 21 6491
20 22 2115
20 23 9938
20 24 3123
20 26 1332
20 29 3925
20 31 9159
20 32 7512
20 35 3608
20 37 1001
20 42 5086
20 43 6749
20 44 792
20 46 6612
21 22 6684
21 23 1727
21 24 6462
21 25 1648
21 26 7446
21 31 3635
21 32 2339
21 33 5896
21 35 2893
21 36 4997
21 43 1716
21 44 5142
22 23 4322
22 24 2691
22 31 2463
22 33 5061
22 36 3328
22 37 5875
22 40 7584
22 41 8648
22 42 4283
22 45 5190
22 46 1737
23 24 9352
23 25 3884
23 26 8329
23 28 7355
23 32 6258
23 37 5032
23 39 239
23 45 2522
23 46 6787
24 25 4316
24 26 8087
24 27 607
24 29 8328
24 30 2787
24 31 167
24 32 2835
24 34 7640
24 35 9983
24 38 568
24 40 774
24 42 3877
24 45 3978
24 46 6442
25 26 6333
25 28 3146
25 29 604
25 30 7981
25 32 9881
25 33 911
25 36 9784
25 41 9972
25 43 4427
25 46 527
26 28 8187
26 33 435
26 35 4145
26 36 808
26 37 8483
26 39 8599
26 40 5097
26 42 1447
26 45 1841
26 46 9384
27 29 4941
27 32 6861
27 33 4877
27 34 5856
27 35 9145
27 37 5105
27 38 8605
27 39 3369
27 40 1710
28 29 3561
28 30 4940
28 31 2668
28 34 1530
28 35 3149
28 38 6113
28 39 5565
28 41 928
28 42 4899
28 44 3738
28 45 1767
28 46 2542
29 31 453
29 32 3225
29 33 1523
29 35 3662
29 37 9806
29 38 6141
29 43 9768
29 44 5663
29 45 6658
30 31 8729
30 32 4950
30 39 945
30 40 6718
30 41 8236
30 43 4190
30 44 2770
30 45 5417
30 46 5229
31 32 1286
31 33 2695
31 34 8537
31 36 3600
31 37 3675
31 38 1454
31 40 2335
31 41 8372
31 44 901
31 45 9062
31 46 8148
32 33 737
32 36 7276
32 38 5175
32 40 3286
32 41 5664
32 44 8523
32 45 2890
32 46 6494
33 34 8357
33 35 3588
33 36 7884
33 39 9636
33 40 236
33 41 2496
33 42 2361
33 44 106
33 45 1668
33 46 1582
34 35 9786
34 36 9851
34 38 3539
34 39 6885
34 40 9158
34 42 4857
34 46 7711
35 40 5655
35 41 7484
35 43 9982
35 44 341
35 45 4113
36 38 1145
36 39 2685
36 41 6587
36 45 9952
37 38 2613
37 39 1774
37 40 5203
37 41 9542
37 42 4688
37 43 8494
37 45 6100
37 46 3265
38 43 7784
38 46 8153
39 42 4958
39 44 5279
39 45 7885
40 41 7070
40 43 884
40 44 7163
41 44 2558
42 43 6520
42 44 8848
42 45 9297
42 46 3194
44 45 3704
44 46 2191
