66 1075
0 3 5
0 5 1
0 6 9
0 7 3
0 8 7
0 9 7
0 10 10
0 12 6
0 13 4
0 14 7
0 17 7
0 21 4
0 27 10
0 28 9
0 29 1
0 33 7
0 34 2
0 35 9
0 36 4
0 39 3
0 40 2
0 41 4
0 42 7
0 43 2
0 44 7
0 45 8
0 46 9
0 47 10
0 48 5
0 50 4
0 53 1
0 59 10
0 60 4
0 62 6
0 63 7
0 64 10
1 2 5
1 3 8
1 8 4
1 10 5
1 11 9
1 12 4
1 14 6
1 17 5
1 23 5
1 25 9
1 26 9
1 27 9
1 28 8
1 30 5
1 31 9
1 32 1
1 33 1
1 36 9
1 37 9
1 40 8
1 41 1
1 45 3
1 46 1
1 48 9
1 52 8
1 53 2
1 54 3
1 55 9
1 56 2
1 57 4
1 58 8
1 61 2
1 65 9
2 5 7
2 7 5
2 9 8
2 10 9
2 11 4
2 12 5
2 14 6
2 16 6
2 18 5
2 19 1
2 20 4
2 23 3
2 24 7
2 29 10
2 33 1
2 37 8
2 41 8
2 42 4
2 44 5
2 45 8
2 46 6
2 48 6
2 49 9
2 51 5
2 55 2
2 58 9
2 60 10
2 62 1
2 65 9
3 5 7
3 8 9
3 9 9
3 10 2
3 12 9
3 13 1
3 14 7
3 17 10
3 20 8
3 22 8
3 25 4
3 26 6
3 27 1
3 28 4
3 29 9
3 30 5
3 38 7
3 39 3
3 41 1
3 42 5
3 45 10
3 46 9
3 50 3
3 52 2
3 53 8
3 55 5
3 56 4
3 59 2
3 60 10
3 61 2
3 64 8
4 7 2
4 10 10
4 11 10
4 15 3
4 16 6
4 21 6
4 24 8
4 29 10
4 31 10
4 35 9
4 36 1
4 37 8
4 38 3
4 41 1
4 43 2
4 44 3
4 46 3
4 48 3
4 50 2
4 51 7
4 53 5
4 54 4
4 58 7
4 60 9
4 61 2
4 63 2
5 6 9
5 7 1
5 8 3
5 10 4
5 12 4
5 13 6
5 15 8
5 16 2
5 19 5
5 21 3
5 22 2
5 23 4
5 27 9
5 29 10
5 31 1
5 33 1
5 35 3
5 37 1
5 40 4
5 41 4
5 44 4
5 45 7
5 47 1
5 48 6
5 51 7
5 53 4
5 54 9
5 55 10
5 57 3
5 58 7
5 59 10
5 60 6
5 61 9
5 63 6
5 64 1
5 65 4
6 9 9
6 10 4
6 11 6
6 12 4
6 14 10
6 15 9
6 16 4
6 18 3
6 19 4
6 20 10
6 21 8
6 22 4
6 23 9
6 26 7
6 31 6
6 35 9
6 36 7
6 37 6
6 42 7
6 44 5
6 45 10
6 46 5
6 47 4
6 48 7
6 51 3
6 52 1
6 57 4
6 62 4
6 63 8
7 8 7
7 9 7
7 10 7
7 11 7
7 13 4
7 16 9
7 19 6
7 20 4
7 22 7
7 25 1
7 26 3
7 33 9
7 35 9
7 37 9
7 38 5
7 39 6
7 40 6
7 41 5
7 46 5
7 48 6
7 51 1
7 52 9
7 53 10
7 55 4
7 57 2
7 58 3
7 59 3
7 60 7
7 62 3
7 64 6
7 65 3
8 12 9
8 14 5
8 16 5
8 17 4
8 18 10
8 20 2
8 22 7
8 24 6
8 26 7
8 27 10
8 28 4
8 29 7
8 32 10
8 33 6
8 35 8
8 36 4
8 38 1
8 39 2
8 46 10
8 48 2
8 49 3
8 51 1
8 52 1
8 54 7
8 55 3
8 57 3
8 58 5
8 61 7
8 64 10
8 65 10
9 10 3
9 11 8
9 12 8
9 14 4
9 20 1
9 21 9
9 22 10
9 27 5
9 29 4
9 30 7
9 31 2
9 38 8
9 45 10
9 47 6
9 50 7
9 51 4
9 52 8
9 55 8
9 56 1
9 57 3
9 59 1
9 60 8
9 62 2
9 65 4
10 11 4
10 12 1
10 18 1
10 20 3
10 21 8
10 23 2
10 24 8
10 26 10
10 27 5
10 29 2
10 30 3
10 34 2
10 35 2
10 36 6
10 38 2
10 45 8
10 46 6
10 47 6
10 48 4
10 49 5
10 50 2
10 51 9
10 54 8
10 55 1
10 56 8
10 57 9
10 58 9
10 59 7
10 62 4
10 65 7
11 18 9
11 21 4
11 27 6
11 28 6
11 29 3
11 30 2
11 31 4
11 32 5
11 39 5
11 43 10
11 46 7
11 48 7
11 50 6
11 52 9
11 55 9
11 56 1
11 58 7
11 59 3
11 61 10
11 64 2
12 14 4
12 16 10
12 17 5
12 19 6
12 20 7
12 23 5
12 27 6
12 29 10
12 34 8
12 36 10
12 37 3
12 38 2
12 40 10
12 41 4
12 43 7
12 44 3
12 45 6
12 46 5
12 50 2
12 52 2
12 53 3
12 54 6
12 58 9
12 59 10
12 61 9
12 62 2
12 63 9
12 65 2
13 18 8
13 21 9
13 22 4
13 23 6
13 25 3
13 34 7
13 37 7
13 38 10
13 43 6
13 45 3
13 47 7
13 50 10
13 51 6
13 52 2
13 53 1
13 55 10
13 56 8
13 57 8
13 58 6
13 59 9
13 61 6
13 62 5
13 63 7
14 15 8
14 17 10
14 20 9
14 24 10
14 25 1
14 28 4
14 29 10
14 30 5
14 33 3
14 35 1
14 36 1
14 37 5
14 40 6
14 41 5
14 42 4
14 44 6
14 46 3
14 49 3
14 55 3
14 57 1
14 58 1
14 64 7
14 65 9
15 23 9
15 27 9
15 29 4
15 34 6
15 36 4
15 37 7
15 39 7
15 40 6
15 41 1
15 42 7
15 45 9
15 49 7
15 55 5
15 57 1
15 58 6
15 60 4
15 61 9
15 63 9
15 64 10
16 17 10
16 20 2
16 21 10
16 24 10
16 26 10
16 27 3
16 28 10
16 29 10
16 30 9
16 32 4
16 33 7
16 34 3
16 36 7
16 37 2
16 41 8
16 42 4
16 43 10
16 44 9
16 46 1
16 48 6
16 49 5
16 57 9
16 60 4
16 61 9
16 64 9
16 65 3
17 18 2
17 19 6
17 24 1
17 25 5
17 27 6
17 28 1
17 29 7
17 30 2
17 34 1
17 35 6
17 36 8
17 39 2
17 40 1
17 41 3
17 43 5
17 46 6
17 48 5
17 55 3
17 57 9
17 58 9
17 61 3
17 65 9
18 19 6
18 20 4
18 24 7
18 25 2
18 26 2
18 27 7
18 28 1
18 29 3
18 30 1
18 34 10
18 36 3
18 40 3
18 41 1
18 42 3
18 44 1
18 45 3
18 46 9
18 51 6
18 54 4
18 55 9
18 56 9
18 57 6
18 60 6
18 62 8
18 63 4
19 20 4
19 21 4
19 24 5
19 27 7
19 29 3
19 30 4
19 37 5
19 40 1
19 41 6
19 45 5
19 46 9
19 47 2
19 54 9
19 55 9
19 59 1
19 63 2
19 64 5
19 65 7
20 21 2
20 23 3
20 24 7
20 26 10
20 27 10
20 28 7
20 29 2
20 30 8
20 32 9
20 36 10
20 41 6
20 42 7
20 43 3
20 44 2
20 50 3
20 56 6
20 58 6
20 62 2
20 63 3
20 65 1
21 23 6
21 25 1
21 26 3
21 29 4
21 31 8
21 34 8
21 35 4
21 36 1
21 40 5
21 41 7
21 42 5
21 44 6
21 45 10
21 49 10
21 50 2
21 52 2
21 53 5
21 54 4
21 55 2
21 56 9
21 58 2
21 59 4
21 60 2
22 23 4
22 24 3
22 26 3
22 27 10
22 28 3
22 33 9
22 35 8
22 37 1
22 38 2
22 40 5
22 44 3
22 49 9
22 51 7
22 53 3
22 55 6
22 57 7
22 58 3
22 59 2
22 60 2
22 61 2
23 29 2
23 34 3
23 35 4
23 37 9
23 38 2
23 40 4
23 43 9
23 44 1
23 48 5
23 49 9
23 51 9
23 54 8
23 55 5
23 57 10
23 58 9
23 59 9
23 60 3
23 61 8
23 62 1
23 63 1
23 65 3
24 27 2
24 28 4
24 29 3
24 30 9
24 31 8
24 32 7
24 35 9
24 36 10
24 39 2
24 40 6
24 41 5
24 42 9
24 46 2
24 47 3
24 50 3
24 51 5
24 52 3
24 54 10
24 56 6
24 59 7
24 60 5
24 61 5
24 62 4
24 63 10
24 64 5
24 65 9
25 27 2
25 29 3
25 30 5
25 31 3
25 36 6
25 37 5
25 38 5
25 41 3
25 43 3
25 44 2
25 45 8
25 47 4
25 49 5
25 52 4
25 54 8
25 56 10
25 58 1
25 65 6
26 27 7
26 28 1
26 30 5
26 31 6
26 35 4
26 36 8
26 41 3
26 43 4
26 45 9
26 47 1
26 48 7
26 49 1
26 55 8
26 58 8
26 59 8
26 60 10
26 63 2
26 64 6
26 65 9
27 29 4
27 31 9
27 32 4
27 35 6
27 38 7
27 40 3
27 41 6
27 42 8
27 44 9
27 47 4
27 50 1
27 51 6
27 55 7
27 56 10
27 57 1
27 59 8
27 60 2
27 63 2
28 30 5
28 31 9
28 34 7
28 36 10
28 38 3
28 39 10
28 41 10
28 42 4
28 43 1
28 45 1
28 46 5
28 47 1
28 52 8
28 54 10
28 55 2
28 56 7
28 58 1
28 59 10
28 60 4
28 63 5
29 31 4
29 32 2
29 34 3
29 37 10
29 38 2
29 39 8
29 49 8
29 52 1
29 53 2
29 54 8
29 57 8
29 58 1
29 63 2
30 31 3
30 33 10
30 40 9
30 41 6
30 43 3
30 44 9
30 45 10
30 47 8
30 49 5
30 51 2
30 52 3
30 55 1
30 60 3
30 61 10
30 62 2
30 63 3
30 65 7
31 34 8
31 36 7
31 37 3
31 38 10
31 41 6
31 42 3
31 43 6
31 46 3
31 49 5
31 50 5
31 51 2
31 53 7
31 57 4
31 59 4
31 60 3
31 61 10
31 62 3
31 63 5
31 65 8
32 33 9
32 35 5
32 36 6
32 37 10
32 42 8
32 45 2
32 46 9
32 49 4
32 51 7
32 52 3
32 53 1
32 54 2
32 55 1
32 57 1
32 58 9
32 60 3
32 61 1
32 63 1
32 65 3
33 34 5
33 35 7
33 36 6
33 37 10
33 39 3
33 40 5
33 41 4
33 42 10
33 44 4
33 46 7
33 47 1
33 48 1
33 51 2
33 52 5
33 54 4
33 55 7
33 56 1
33 57 10
33 59 5
33 60 3
33 61 2
33 63 7
34 35 7
34 36 4
34 38 9
34 40 2
34 46 2
34 47 10
34 48 5
34 49 7
34 53 2
34 54 4
34 57 9
34 58 3
34 62 8
34 65 2
35 36 1
35 39 4
35 42 5
35 44 3
35 45 3
35 46 10
35 47 6
35 50 4
35 51 5
35 52 7
35 53 10
35 54 6
35 56 3
35 57 8
35 60 4
35 62 10
36 37 5
36 39 9
36 40 10
36 42 8
36 47 9
36 50 5
36 51 3
36 52 2
36 53 2
36 57 3
36 61 9
36 63 5
37 38 3
37 39 4
37 41 8
37 43 9
37 45 1
37 46 2
37 48 6
37 49 3
37 50 5
37 51 6
37 52 6
37 53 4
37 54 4
37 56 6
37 57 7
37 58 8
37 61 8
38 39 4
38 40 7
38 41 10
38 44 2
38 47 5
38 48 8
38 51 6
38 52 2
38 54 5
38 56 4
38 57 10
38 58 4
38 60 3
38 64 1
38 65 9
39 40 2
39 42 5
39 44 5
39 48 2
39 49 6
39 50 10
39 52 10
39 54 4
39 55 9
39 57 8
39 61 9
39 63 8
39 65 8
40 43 2
40 44 2
40 47 2
40 48 3
40 49 7
40 51 5
40 53 5
40 59 8
40 61 5
40 62 3
41 43 6
41 44 7
41 46 5
41 47 1
41 50 7
41 51 1
41 53 8
41 54 8
41 57 2
41 58 9
41 59 7
41 61 7
41 62 8
41 63 6
41 65 9
42 47 6
42 49 3
42 51 7
42 55 2
42 57 2
42 59 9
42 60 2
42 62 2
43 45 6
43 46 4
43 47 8
43 48 1
43 49 6
43 51 1
43 53 9
43 55 9
43 56 3
43 57 8
43 58 8
43 59 8
43 61 5
43 64 10
43 65 1
44 46 6
44 49 8
44 50 4
44 51 10
44 52 4
44 53 8
44 54 6
44 56 6
44 57 7
44 58 8
44 59 6
44 62 4
44 64 5
45 46 10
45 49 10
45 51 3
45 53 9
45 54 10
45 55 10
45 56 7
45 61 4
45 62 4
45 63 1
45 64 4
45 65 7
46 50 1
46 52 4
46 53 5
46 55 7
46 57 7
46 58 6
46 63 8
46 64 9
46 65 2
47 51 9
47 52 5
47 53 8
47 55 7
47 58 10
47 59 4
47 61 8
47 64 3
48 49 4
48 51 4
48 52 2
48 53 3
48 54 3
48 55 4
48 58 9
48 59 4
48 60 1
48 63 10
48 64 6
48 65 8
49 51 2
49 52 5
49 53 7
49 54 1
49 61 5
49 62 10
49 63 3
49 64 9
50 52 8
50 54 6
50 58 1
50 60 8
50 62 10
50 63 8
50 64 1
51 53 9
51 54 2
51 55 5
51 56 8
51 59 1
51 60 5
51 61 8
51 62 3
51 63 2
51 64 2
52 53 2
52 54 5
52 57 6
52 58 5
52 63 6
52 64 1
52 65 6
53 54 6
53 58 8
53 59 4
53 61 8
53 63 2
53 65 2
54 56 6
54 57 7
54 58 9
54 60 1
54 62 7
55 56 4
55 57 2
55 58 9
55 61 6
55 62 2
55 63 4
55 65 2
56 58 2
56 59 4
56 60 8
56 61 3
56 62 4
56 64 7
57 58 2
57 61 8
57 62 4
57 65 10
58 61 2
58 64 7
58 65 8
59 62 2
59 64 2
59 65 3
60 65 7
61 62 4
61 65 8
62 63 8
63 65 4
64 65 4
