21 103
0 4 1926
0 8 8108
0 9 2124
0 12 3909
0 17 5612
0 18 3916
0 20 2148
1 3 6223
1 4 3552
1 6 3518
1 10 8840
1 14 493
1 15 5126
1 16 2790
1 19 2964
1 20 9654
2 7 6352
2 11 3366
2 12 860
2 13 8923
2 15 6484
2 18 4930
2 19 2020
2 20 9413
3 6 1132
3 8 3476
3 9 9585
3 11 9972
3 13 8810
3 14 6750
3 15 2155
3 16 5410
3 18 3205
3 19 8526
4 5 5752
4 8 4272
4 9 247
4 11 9787
4 12 2992
4 13 4973
4 17 1748
4 18 7885
4 19 3898
5 6 1405
5 7 8197
5 8 8100
5 10 3086
5 11 8536
5 13 9687
5 15 1104
5 17 9921
6 13 2906
6 14 4502
6 15 7590
6 16 50
6 17 5887
7 8 9088
7 9 5832
7 11 4918
7 13 2013
7 14 4016
7 15 2577
7 16 162
7 17 7806
7 18 2526
7 19 5224
8 11 3320
8 12 1638
8 14 1842
8 15 7186
8 17 3827
8 18 5838
8 20 5754
9 11 2880
9 12 4817
9 13 9864
9 16 8671
9 17 1803
9 18 5900
9 20 9123
10 13 9280
10 14 3952
10 15 7817
10 19 2873
11 13 26
11 15 433
11 16 8289
12 14 1520
12 15 6390
12 16 2959
12 18 741
12 20 8134
13 14 1834
13 15 7523
13 16 8046
13 19 5213
14 15 6800
14 17 7514
14 18 623
15 16 6806
15 20 3310
16 19 9955
17 19 718
