0 1 7
0 6 8
0 7 2
0 9 8
0 10 7
0 13 8
0 15 3
0 16 7
0 17 10
0 20 2
0 26 1
0 27 7
0 31 5
0 32 7
0 33 1
0 35 10
0 36 8
0 37 6
0 38 5
0 39 1
0 48 8
0 51 9
0 54 2
0 56 3
0 59 8
0 62 2
0 65 4
0 66 3
0 68 9
0 69 3
0 73 2
0 77 1
1 3 1
1 5 5
1 6 8
1 7 8
1 10 9
1 14 7
1 15 4
1 16 4
1 17 5
1 19 6
1 21 8
1 23 1
1 26 6
1 27 10
1 29 5
1 30 9
1 31 1
1 32 10
1 33 1
1 38 8
1 39 2
1 42 4
1 43 4
1 44 4
1 45 10
1 47 1
1 50 1
1 51 8
1 58 10
1 59 6
1 61 1
1 63 3
1 64 7
1 65 9
1 66 2
1 67 4
1 68 3
1 70 5
1 72 7
2 3 4
2 5 10
2 6 10
2 8 2
2 9 1
2 10 2
2 11 1
2 17 7
2 21 8
2 22 10
2 25 6
2 26 3
2 27 3
2 28 4
2 32 10
2 33 8
2 35 10
2 36 8
2 43 7
2 44 8
2 46 10
2 47 9
2 50 3
2 51 8
2 53 4
2 55 8
2 59 10
2 65 1
2 66 8
2 69 9
2 72 4
2 75 8
2 77 6
3 4 7
3 5 1
3 6 3
3 8 1
3 14 10
3 15 5
3 17 6
3 18 7
3 20 6
3 24 2
3 27 8
3 29 3
3 31 1
3 36 4
3 37 8
3 43 9
3 46 7
3 48 3
3 50 7
3 55 4
3 57 8
3 61 6
3 62 9
3 64 1
3 65 10
3 66 9
3 67 6
3 68 5
3 69 9
3 70 8
3 73 3
3 76 3
4 6 4
4 8 3
4 10 10
4 11 4
4 12 7
4 15 2
4 19 4
4 21 4
4 24 2
4 25 4
4 27 6
4 28 2
4 31 5
4 32 8
4 33 7
4 34 2
4 37 2
4 38 8
4 41 10
4 43 10
4 45 7
4 46 3
4 47 1
4 50 3
4 51 3
4 52 6
4 55 4
4 58 9
4 60 3
4 61 3
4 62 10
4 65 1
4 66 8
4 69 3
4 71 5
4 72 3
4 75 2
4 76 2
4 77 2
5 8 6
5 9 5
5 11 5
5 13 7
5 15 6
5 17 5
5 19 7
5 28 9
5 30 4
5 31 5
5 34 9
5 38 6
5 40 3
5 41 10
5 44 4
5 45 5
5 46 7
5 47 10
5 48 10
5 51 10
5 53 6
5 55 2
5 56 7
5 57 7
5 58 4
5 66 8
5 70 1
5 72 6
5 73 1
5 74 10
5 76 9
5 77 7
6 11 4
6 12 3
6 22 2
6 23 9
6 25 1
6 26 10
6 27 7
6 29 5
6 30 7
6 31 5
6 33 8
6 34 3
6 36 5
6 37 8
6 38 9
6 41 3
6 42 2
6 44 3
6 53 5
6 54 10
6 55 9
6 56 3
6 59 4
6 61 8
6 62 3
6 66 9
6 67 10
6 68 1
6 69 4
6 73 6
6 74 2
7 8 7
7 10 9
7 14 10
7 15 6
7 16 2
7 17 8
7 18 2
7 19 2
7 21 1
7 22 4
7 23 2
7 25 6
7 28 8
7 30 10
7 31 7
7 32 6
7 33 10
7 36 7
7 37 3
7 38 4
7 42 1
7 44 2
7 47 7
7 50 7
7 54 6
7 55 2
7 57 8
7 58 7
7 59 5
7 61 1
7 62 5
7 63 3
7 66 10
7 67 8
7 70 4
7 71 9
7 72 5
7 74 3
7 76 1
7 77 9
8 9 10
8 10 4
8 11 1
8 13 6
8 14 2
8 16 2
8 17 7
8 18 6
8 22 8
8 26 10
8 27 8
8 28 3
8 29 7
8 30 6
8 31 5
8 32 10
8 35 9
8 38 1
8 40 8
8 43 7
8 45 9
8 46 7
8 49 3
8 50 7
8 52 7
8 53 5
8 54 6
8 55 4
8 56 3
8 57 8
8 58 8
8 59 10
8 62 10
8 63 6
8 64 5
8 65 6
8 70 7
8 71 6
8 74 10
9 14 4
9 15 2
9 22 2
9 23 3
9 24 10
9 26 4
9 27 4
9 28 8
9 29 8
9 31 8
9 33 1
9 34 8
9 35 8
9 36 9
9 37 9
9 39 1
9 40 3
9 43 7
9 44 4
9 48 8
9 49 6
9 50 9
9 52 9
9 54 10
9 57 3
9 58 6
9 63 9
9 64 3
9 65 1
9 66 6
9 68 6
9 69 7
9 71 8
9 72 7
9 74 10
9 76 2
9 77 1
10 11 1
10 12 8
10 13 4
10 14 1
10 15 10
10 19 10
10 21 6
10 22 2
10 30 9
10 31 10
10 34 2
10 39 9
10 40 4
10 42 1
10 43 10
10 44 10
10 45 9
10 46 8
10 48 10
10 49 2
10 51 3
10 55 2
10 57 3
10 67 9
10 69 3
10 72 10
10 74 4
10 77 1
11 13 6
11 18 7
11 22 7
11 23 6
11 25 1
11 26 9
11 27 1
11 28 4
11 29 3
11 30 6
11 32 7
11 33 1
11 34 6
11 37 5
11 38 3
11 40 4
11 42 7
11 43 1
11 44 8
11 52 9
11 57 1
11 59 7
11 60 9
11 61 7
11 68 6
11 71 9
11 72 6
11 73 5
11 74 7
11 76 9
12 18 7
12 21 6
12 26 4
12 29 7
12 30 1
12 31 10
12 39 1
12 40 10
12 41 7
12 42 8
12 44 10
12 46 5
12 49 7
12 51 8
12 53 10
12 54 1
12 60 8
12 61 4
12 64 9
12 65 1
12 68 3
12 72 7
12 73 9
12 74 1
12 76 5
13 14 10
13 16 3
13 17 9
13 20 9
13 22 1
13 24 5
13 25 8
13 26 7
13 28 6
13 29 3
13 32 8
13 37 1
13 38 2
13 40 4
13 43 2
13 44 6
13 45 5
13 46 10
13 48 9
13 52 2
13 53 3
13 59 8
13 62 1
13 63 1
13 64 2
13 66 5
13 67 4
13 69 3
13 70 3
13 71 7
13 72 5
13 73 8
13 75 10
13 76 10
14 15 6
14 16 10
14 17 5
14 19 2
14 20 6
14 21 2
14 22 3
14 24 4
14 25 9
14 26 9
14 27 1
14 31 4
14 32 2
14 35 1
14 39 6
14 40 8
14 42 3
14 44 7
14 51 5
14 52 3
14 56 7
14 57 1
14 58 6
14 61 3
14 67 7
14 70 2
14 72 8
14 73 4
14 74 8
14 76 5
15 17 5
15 20 10
15 22 1
15 23 5
15 24 10
15 25 8
15 29 6
15 30 1
15 33 4
15 35 8
15 37 7
15 43 5
15 45 7
15 46 1
15 48 5
15 49 5
15 50 6
15 51 3
15 52 8
15 53 5
15 54 6
15 55 4
15 57 8
15 59 10
15 66 10
15 67 10
15 68 8
15 69 1
15 73 10
15 75 3
15 76 9
15 77 9
16 18 9
16 19 5
16 21 2
16 22 2
16 24 8
16 25 7
16 26 7
16 27 1
16 28 2
16 29 9
16 30 5
16 36 8
16 37 3
16 38 2
16 39 5
16 42 5
16 44 8
16 45 1
16 46 4
16 47 3
16 49 7
16 52 2
16 54 7
16 55 7
16 56 3
16 59 3
16 61 9
16 63 8
16 64 4
16 65 9
16 66 7
16 68 5
16 70 3
16 71 9
16 72 5
16 74 1
16 75 2
16 76 3
16 77 3
17 19 1
17 20 10
17 21 10
17 24 10
17 25 2
17 27 7
17 30 6
17 31 1
17 32 1
17 35 1
17 36 5
17 37 3
17 42 3
17 46 8
17 48 9
17 49 4
17 51 8
17 52 4
17 53 2
17 54 6
17 55 5
17 57 5
17 58 9
17 60 8
17 61 8
17 62 2
17 68 6
17 70 3
17 71 8
17 72 8
17 74 1
17 75 9
17 77 6
18 19 7
18 22 5
18 24 8
18 25 1
18 26 6
18 30 4
18 31 8
18 32 6
18 34 5
18 35 4
18 37 2
18 39 9
18 40 5
18 44 2
18 46 2
18 47 3
18 48 7
18 49 1
18 51 8
18 52 3
18 53 6
18 54 9
18 56 9
18 57 5
18 59 9
18 60 5
18 61 3
18 62 9
18 63 7
18 67 8
18 69 1
18 70 6
18 73 10
18 74 3
18 76 7
18 77 3
19 20 1
19 22 1
19 25 10
19 27 9
19 28 2
19 29 8
19 32 6
19 33 8
19 35 10
19 36 8
19 37 4
19 38 9
19 39 2
19 40 7
19 43 9
19 44 10
19 45 6
19 49 8
19 50 6
19 52 1
19 53 2
19 54 10
19 56 9
19 57 8
19 60 7
19 63 6
19 65 5
19 66 10
19 67 2
19 70 8
19 71 9
19 73 5
19 77 10
20 24 5
20 25 1
20 26 2
20 27 5
20 30 3
20 32 1
20 33 7
20 34 4
20 35 10
20 39 6
20 40 2
20 41 4
20 47 9
20 50 9
20 52 5
20 54 3
20 57 6
20 59 5
20 60 10
20 64 10
20 66 1
20 68 8
20 72 6
20 74 6
20 75 8
20 76 10
20 77 4
21 22 7
21 24 2
21 27 8
21 28 4
21 29 2
21 30 8
21 31 9
21 35 9
21 36 6
21 37 2
21 39 4
21 44 10
21 45 2
21 47 10
21 48 5
21 49 6
21 50 6
21 51 5
21 52 10
21 53 7
21 56 2
21 57 1
21 58 7
21 59 5
21 60 5
21 63 6
21 64 8
21 66 10
21 67 1
21 68 5
21 69 5
21 70 5
21 73 1
22 23 10
22 24 10
22 26 4
22 27 10
22 32 9
22 33 7
22 34 3
22 38 5
22 44 6
22 45 2
22 46 7
22 47 7
22 50 8
22 51 3
22 52 9
22 53 5
22 54 2
22 55 8
22 57 4
22 59 5
22 60 9
22 61 6
22 65 5
22 66 10
22 67 1
22 68 8
22 70 2
22 71 10
23 25 7
23 26 7
23 27 8
23 29 4
23 30 3
23 31 5
23 32 3
23 34 4
23 35 6
23 36 8
23 38 5
23 39 4
23 40 4
23 42 10
23 43 3
23 44 5
23 45 10
23 46 1
23 51 1
23 52 1
23 53 3
23 63 10
23 65 8
23 66 10
23 70 8
23 72 8
23 74 8
23 75 2
23 76 4
24 25 3
24 28 4
24 30 9
24 34 3
24 35 9
24 37 10
24 38 4
24 47 8
24 48 7
24 51 2
24 54 4
24 55 10
24 56 6
24 63 3
24 65 5
24 67 8
24 69 7
24 71 5
24 72 1
24 74 4
24 75 3
24 76 7
24 77 3
25 26 6
25 28 9
25 29 5
25 31 9
25 35 1
25 37 1
25 38 8
25 43 10
25 45 3
25 46 9
25 47 7
25 52 2
25 53 1
25 54 2
25 55 5
25 57 7
25 59 4
25 63 7
25 65 3
25 67 4
25 71 3
25 72 1
25 74 6
25 76 10
25 77 5
26 29 4
26 30 9
26 32 10
26 36 10
26 37 4
26 38 3
26 39 6
26 41 3
26 43 4
26 44 2
26 45 8
26 46 2
26 48 5
26 49 7
26 50 9
26 52 8
26 53 4
26 54 6
26 55 10
26 57 6
26 60 1
26 61 1
26 62 9
26 64 1
26 65 4
26 68 7
26 69 8
26 71 4
26 72 1
26 73 1
26 76 9
27 29 1
27 30 9
27 31 9
27 32 9
27 33 1
27 35 7
27 36 8
27 41 5
27 43 10
27 44 3
27 48 5
27 50 9
27 52 9
27 53 7
27 54 9
27 55 6
27 56 4
27 57 3
27 61 2
27 65 10
27 66 10
27 67 6
27 68 10
27 70 6
27 71 5
27 72 10
27 77 4
28 31 5
28 35 9
28 42 6
28 44 6
28 46 9
28 47 2
28 48 4
28 49 1
28 50 6
28 54 10
28 57 2
28 58 3
28 61 8
28 62 2
28 63 8
28 64 5
28 67 4
28 70 3
28 72 3
28 73 10
28 75 6
28 77 3
29 32 10
29 35 6
29 37 9
29 38 4
29 42 10
29 44 2
29 45 2
29 47 5
29 48 4
29 49 7
29 50 5
29 51 2
29 52 8
29 53 6
29 54 3
29 55 8
29 57 1
29 58 1
29 60 2
29 64 9
29 68 5
29 69 8
29 70 8
29 73 9
29 76 6
29 77 5
30 33 8
30 34 1
30 40 10
30 44 5
30 45 6
30 46 7
30 47 5
30 48 1
30 49 8
30 50 10
30 52 5
30 53 9
30 54 7
30 55 1
30 64 1
30 65 9
30 66 7
30 71 4
30 72 5
30 74 3
30 75 8
30 76 2
31 32 3
31 37 2
31 38 1
31 42 2
31 43 3
31 47 10
31 48 8
31 49 7
31 50 1
31 52 2
31 53 2
31 55 6
31 56 8
31 57 9
31 59 8
31 62 4
31 63 3
31 65 5
31 69 10
31 70 10
31 72 1
32 33 2
32 38 2
32 39 3
32 41 1
32 43 2
32 44 3
32 46 1
32 49 10
32 50 9
32 51 5
32 53 10
32 54 8
32 55 8
32 57 1
32 61 5
32 62 10
32 64 2
32 67 7
32 68 9
32 70 9
32 72 4
32 73 1
32 74 1
32 75 5
33 34 6
33 38 7
33 40 10
33 41 2
33 42 1
33 43 5
33 48 4
33 49 2
33 50 1
33 53 10
33 55 9
33 60 3
33 62 1
33 63 10
33 64 5
33 67 6
33 70 10
33 71 9
33 72 4
33 73 7
33 74 10
33 75 3
34 35 8
34 36 8
34 40 3
34 41 9
34 43 2
34 44 9
34 45 8
34 48 4
34 50 5
34 51 8
34 52 2
34 54 6
34 55 8
34 56 5
34 59 2
34 60 4
34 62 4
34 64 5
34 69 4
34 73 2
34 74 6
34 75 9
34 76 2
34 77 3
35 38 9
35 42 7
35 47 7
35 48 5
35 49 6
35 52 4
35 53 5
35 55 7
35 56 9
35 57 8
35 60 8
35 61 6
35 63 5
35 66 10
35 72 2
35 74 4
35 77 10
36 37 8
36 39 2
36 40 5
36 41 2
36 42 4
36 43 9
36 45 4
36 47 9
36 49 8
36 53 8
36 54 7
36 55 1
36 56 6
36 58 4
36 59 5
36 60 3
36 61 8
36 62 1
36 64 8
36 65 2
36 67 9
36 68 5
36 69 5
36 70 9
36 72 6
36 73 7
36 74 3
36 76 2
37 38 10
37 39 8
37 41 9
37 45 4
37 46 1
37 47 1
37 49 2
37 51 3
37 53 4
37 55 1
37 56 2
37 57 4
37 58 6
37 59 4
37 60 4
37 62 5
37 64 10
37 68 9
37 70 1
37 71 4
37 74 1
37 75 6
37 76 5
37 77 5
38 39 10
38 43 6
38 44 9
38 47 10
38 49 9
38 52 8
38 53 5
38 56 5
38 57 9
38 59 4
38 60 9
38 63 9
38 64 6
38 65 8
38 66 9
38 67 9
38 68 5
38 69 5
38 71 2
38 72 4
38 74 5
38 75 8
38 76 2
39 40 2
39 41 2
39 44 7
39 45 9
39 46 2
39 47 7
39 48 2
39 50 8
39 52 8
39 56 7
39 57 2
39 58 3
39 59 7
39 60 2
39 61 5
39 64 8
39 65 9
39 66 8
39 70 3
39 72 4
39 73 5
39 74 8
39 75 7
40 47 8
40 48 8
40 54 9
40 55 6
40 56 7
40 57 2
40 58 7
40 60 9
40 61 3
40 64 1
40 65 1
40 66 4
40 67 5
40 70 1
40 71 3
40 72 4
41 42 10
41 43 1
41 44 5
41 46 2
41 47 7
41 50 10
41 51 8
41 53 7
41 55 9
41 58 10
41 62 2
41 63 8
41 65 7
41 66 10
41 70 5
41 73 5
41 74 5
41 75 6
41 76 7
41 77 6
42 43 2
42 44 6
42 45 8
42 46 8
42 47 4
42 49 2
42 55 7
42 57 4
42 58 6
42 59 2
42 60 8
42 61 9
42 67 8
42 68 10
42 69 4
43 44 1
43 45 5
43 50 9
43 51 9
43 52 3
43 55 4
43 57 7
43 59 4
43 61 7
43 62 10
43 64 9
43 65 6
43 70 3
43 71 1
43 72 8
43 75 8
43 76 2
44 45 1
44 47 4
44 48 10
44 49 4
44 50 7
44 52 10
44 53 3
44 54 2
44 55 10
44 56 10
44 57 6
44 59 10
44 60 6
44 69 5
44 72 3
44 73 4
44 74 9
44 75 8
45 46 5
45 48 9
45 49 3
45 50 1
45 51 7
45 52 7
45 55 3
45 57 7
45 58 6
45 59 2
45 61 9
45 63 5
45 64 5
45 66 3
45 67 4
45 74 2
45 75 4
45 77 7
46 47 9
46 48 3
46 49 1
46 50 5
46 55 8
46 56 8
46 57 10
46 58 7
46 59 4
46 64 5
46 65 7
46 67 5
46 69 4
46 70 9
46 73 9
46 76 8
46 77 9
47 48 4
47 49 4
47 51 8
47 53 9
47 54 10
47 56 8
47 59 1
47 60 2
47 63 8
47 65 7
47 66 5
47 67 9
47 68 6
47 69 8
47 70 1
47 71 7
48 49 9
48 50 2
48 51 9
48 52 8
48 53 7
48 55 10
48 58 1
48 60 5
48 62 7
48 63 6
48 65 3
48 66 4
48 67 8
48 70 10
48 71 5
48 73 6
48 74 6
49 50 4
49 53 8
49 55 9
49 58 4
49 61 8
49 65 9
49 68 10
49 69 9
49 70 2
49 73 1
49 74 3
49 75 10
49 76 2
49 77 10
50 52 9
50 53 9
50 54 6
50 55 9
50 56 5
50 57 6
50 58 6
50 61 7
50 62 7
50 63 1
50 66 9
50 69 6
50 70 6
50 71 3
50 73 3
50 74 1
50 77 8
51 53 4
51 55 2
51 56 10
51 60 8
51 62 1
51 63 7
51 67 1
51 68 3
51 71 6
51 73 1
51 77 7
52 53 10
52 56 1
52 57 7
52 60 3
52 62 1
52 67 10
52 69 1
52 73 6
52 76 7
53 55 9
53 56 6
53 61 1
53 62 8
53 64 2
53 66 3
53 69 9
53 70 6
53 74 8
53 75 4
53 76 9
53 77 8
54 61 4
54 63 2
54 65 4
54 66 4
54 68 7
54 71 10
54 72 1
54 74 8
54 76 9
54 77 4
55 56 10
55 58 3
55 59 2
55 60 7
55 64 2
55 65 7
55 68 8
55 70 9
55 71 2
55 72 2
55 73 2
55 74 1
55 76 5
55 77 5
56 57 6
56 58 9
56 64 6
56 65 8
56 66 6
56 67 9
56 68 8
56 76 4
56 77 1
57 58 7
57 59 8
57 61 5
57 64 4
57 66 10
57 67 1
57 68 10
57 69 1
57 72 3
57 74 10
57 75 5
57 76 5
57 77 1
58 59 4
58 61 9
58 63 4
58 66 6
59 65 7
59 66 2
59 67 7
59 68 4
59 69 4
59 70 3
59 71 8
59 74 7
59 75 6
60 61 9
60 63 3
60 69 1
60 70 6
60 71 5
60 72 2
60 76 9
61 62 8
61 63 10
61 66 8
61 68 9
61 75 4
61 76 5
62 65 4
62 68 10
62 69 8
62 70 4
62 77 1
63 64 9
63 66 9
63 67 2
63 69 4
63 71 4
63 73 7
63 74 7
63 76 9
63 77 4
64 70 8
64 73 4
64 75 5
64 76 9
65 66 4
65 71 8
65 73 2
65 74 6
65 75 2
65 77 8
66 67 1
66 72 5
66 74 1
66 75 10
66 76 9
67 69 7
67 71 1
67 72 5
67 73 9
67 74 5
67 75 6
67 76 7
68 69 6
68 70 1
68 71 7
68 73 1
68 75 2
68 77 9
69 70 10
69 71 8
69 74 7
69 75 6
69 76 1
70 71 5
70 74 8
70 75 2
70 77 8
71 73 8
71 75 5
71 77 7
72 73 5
72 75 10
73 74 10
73 76 10
74 75 2
74 76 3
75 76 7
