0 2 2
0 3 9
0 8 5
0 10 4
0 11 2
0 13 2
0 14 7
0 16 4
0 19 8
0 22 6
0 24 2
0 25 4
0 27 1
0 30 6
0 32 7
0 33 10
0 35 9
0 36 3
0 37 10
0 40 7
0 41 4
0 43 8
0 44 4
0 45 3
0 47 2
0 49 5
0 51 9
0 52 5
0 53 8
0 55 5
0 57 7
0 61 2
0 63 6
0 64 3
1 2 6
1 4 5
1 5 5
1 6 10
1 10 9
1 12 1
1 13 7
1 15 9
1 18 1
1 19 10
1 20 3
1 21 1
1 23 6
1 24 5
1 25 1
1 26 2
1 27 2
1 28 9
1 30 2
1 36 2
1 37 4
1 39 1
1 41 7
1 43 8
1 46 8
1 49 5
1 50 5
1 52 6
1 53 9
1 57 10
1 61 8
1 63 2
1 65 7
2 3 10
2 4 2
2 6 5
2 9 1
2 10 10
2 12 7
2 13 10
2 14 9
2 16 4
2 19 6
2 21 3
2 23 7
2 24 2
2 25 2
2 27 4
2 28 5
2 31 4
2 33 2
2 35 2
2 37 9
2 38 2
2 39 8
2 46 8
2 50 1
2 51 1
2 54 7
2 55 2
2 58 5
2 59 5
2 60 1
2 61 8
2 65 4
3 5 9
3 7 2
3 13 10
3 14 8
3 16 5
3 17 5
3 18 9
3 20 7
3 22 2
3 23 3
3 24 8
3 26 8
3 27 1
3 28 5
3 32 9
3 37 3
3 39 8
3 43 2
3 44 1
3 45 3
3 49 5
3 50 2
3 53 5
3 54 3
3 57 6
3 59 7
3 61 1
3 62 4
3 64 6
3 65 9
4 10 8
4 11 5
4 14 8
4 15 9
4 16 8
4 17 6
4 18 4
4 20 6
4 21 1
4 23 5
4 25 5
4 29 1
4 32 1
4 35 2
4 36 7
4 37 1
4 39 7
4 40 5
4 44 7
4 47 6
4 50 1
4 56 7
4 59 10
4 60 10
4 61 10
4 65 4
4 66 7
5 6 7
5 7 5
5 9 7
5 10 8
5 13 7
5 15 2
5 16 2
5 18 5
5 23 7
5 28 10
5 30 10
5 32 7
5 35 9
5 38 2
5 39 1
5 40 8
5 42 7
5 43 9
5 44 10
5 47 3
5 49 2
5 51 7
5 52 1
5 53 4
5 54 7
5 55 8
5 58 2
5 61 9
5 62 3
5 65 3
5 66 6
6 8 9
6 11 1
6 12 8
6 13 8
6 14 5
6 16 9
6 21 5
6 23 1
6 29 8
6 30 1
6 32 2
6 34 6
6 35 5
6 36 9
6 37 3
6 38 9
6 39 4
6 41 5
6 46 8
6 47 9
6 49 2
6 50 5
6 51 8
6 54 2
6 55 4
6 58 6
6 60 1
6 61 2
6 62 2
6 63 6
6 64 1
6 66 6
7 8 4
7 11 9
7 12 6
7 14 3
7 17 1
7 18 7
7 19 7
7 22 1
7 23 9
7 24 8
7 25 8
7 26 4
7 27 8
7 29 9
7 30 5
7 35 9
7 36 4
7 37 8
7 39 10
7 40 6
7 41 2
7 43 8
7 44 6
7 45 4
7 46 8
7 47 1
7 48 2
7 49 7
7 51 7
7 53 4
7 54 10
7 58 3
7 62 2
7 64 1
7 66 8
8 10 8
8 12 4
8 13 9
8 14 7
8 16 8
8 17 5
8 18 3
8 19 6
8 20 5
8 24 4
8 26 5
8 27 8
8 28 7
8 29 9
8 32 7
8 34 8
8 35 4
8 38 10
8 39 8
8 40 4
8 41 5
8 47 7
8 48 6
8 49 5
8 52 7
8 53 5
8 54 1
8 56 3
8 57 4
8 60 6
8 61 4
8 62 10
8 63 3
8 64 1
8 65 5
8 66 7
9 10 4
9 11 9
9 13 6
9 18 6
9 19 3
9 22 4
9 23 3
9 24 8
9 26 1
9 28 10
9 33 5
9 34 2
9 35 6
9 37 1
9 41 3
9 42 1
9 43 9
9 47 9
9 52 1
9 55 1
9 56 3
9 58 6
9 60 2
9 62 6
10 13 1
10 17 8
10 19 5
10 22 3
10 26 2
10 29 3
10 30 4
10 33 3
10 34 3
10 35 4
10 36 9
10 39 3
10 41 10
10 43 1
10 44 4
10 45 6
10 47 1
10 48 8
10 53 10
10 54 4
10 57 9
10 60 2
10 61 4
10 64 4
10 66 7
11 12 8
11 13 9
11 14 1
11 15 4
11 17 7
11 18 10
11 19 7
11 21 9
11 22 7
11 23 7
11 25 7
11 27 6
11 28 9
11 30 3
11 31 4
11 32 6
11 33 5
11 39 10
11 41 10
11 53 8
11 55 2
11 57 4
11 60 6
11 61 10
11 64 2
12 14 8
12 15 9
12 17 2
12 18 3
12 20 9
12 23 2
12 24 6
12 26 3
12 30 8
12 32 4
12 36 1
12 37 10
12 39 2
12 41 7
12 42 4
12 43 10
12 46 10
12 48 7
12 49 10
12 53 5
12 54 7
12 59 1
12 62 6
12 63 8
12 65 3
13 14 9
13 18 5
13 20 1
13 22 6
13 23 1
13 25 5
13 26 5
13 27 9
13 28 6
13 31 8
13 35 6
13 38 8
13 40 4
13 42 3
13 44 4
13 45 2
13 46 8
13 47 4
13 48 9
13 50 9
13 51 6
13 52 1
13 54 1
13 56 7
13 58 2
13 59 8
13 61 10
13 62 8
13 63 8
13 64 10
14 16 10
14 17 3
14 18 8
14 19 6
14 20 10
14 21 1
14 22 1
14 23 7
14 24 8
14 29 3
14 33 8
14 35 4
14 36 2
14 38 9
14 40 10
14 41 5
14 42 5
14 43 5
14 45 8
14 46 3
14 47 10
14 48 1
14 52 2
14 54 10
14 55 7
14 56 2
14 58 10
14 59 1
14 60 1
14 63 10
15 17 3
15 19 6
15 20 9
15 22 1
15 23 2
15 24 5
15 25 9
15 29 10
15 30 7
15 33 7
15 34 9
15 35 1
15 39 9
15 40 10
15 43 9
15 47 3
15 51 3
15 53 10
15 54 9
15 56 1
15 58 3
15 59 1
15 62 6
15 63 5
15 65 1
16 17 7
16 18 10
16 20 8
16 21 4
16 26 3
16 27 7
16 30 10
16 33 6
16 34 6
16 38 7
16 40 7
16 42 9
16 45 8
16 46 8
16 47 6
16 49 7
16 50 7
16 51 7
16 52 9
16 53 4
16 54 3
16 55 6
16 56 4
16 57 10
16 59 3
16 61 6
16 62 7
16 63 6
16 66 10
17 20 3
17 26 7
17 27 10
17 30 8
17 32 3
17 34 9
17 36 2
17 38 10
17 39 8
17 41 5
17 42 5
17 43 9
17 44 6
17 45 3
17 47 4
17 49 1
17 54 2
17 59 2
17 61 7
17 63 3
17 65 3
18 20 7
18 21 10
18 23 3
18 24 1
18 25 7
18 26 1
18 27 5
18 29 10
18 34 5
18 36 3
18 37 1
18 43 10
18 44 2
18 46 2
18 47 8
18 49 8
18 50 7
18 53 6
18 54 9
18 58 3
18 62 7
18 63 1
18 65 10
19 21 5
19 23 1
19 25 2
19 33 9
19 35 2
19 40 1
19 41 1
19 43 4
19 45 2
19 46 4
19 49 8
19 51 3
19 55 5
19 56 5
19 59 10
19 62 7
19 63 4
19 64 10
20 21 10
20 25 9
20 26 6
20 27 5
20 29 6
20 30 1
20 32 4
20 33 1
20 34 5
20 35 8
20 36 3
20 38 10
20 39 3
20 47 2
20 49 6
20 50 3
20 51 9
20 58 7
20 64 2
20 65 3
20 66 7
21 22 4
21 23 5
21 25 5
21 27 2
21 28 2
21 30 6
21 34 1
21 36 5
21 44 6
21 45 10
21 47 3
21 49 1
21 52 1
21 55 2
21 56 8
21 57 10
21 58 2
21 59 10
21 60 8
21 65 7
22 23 8
22 37 7
22 40 8
22 41 10
22 42 8
22 44 5
22 45 10
22 47 7
22 48 7
22 50 9
22 52 9
22 53 3
22 54 8
22 55 2
22 58 4
22 59 1
22 61 6
22 64 10
22 65 9
22 66 8
23 25 7
23 26 9
23 28 8
23 29 3
23 32 4
23 35 7
23 36 5
23 38 9
23 41 3
23 42 7
23 43 8
23 45 2
23 46 4
23 47 10
23 49 1
23 50 5
23 52 6
23 61 10
23 62 10
23 63 2
23 64 4
23 66 2
24 27 10
24 31 5
24 35 9
24 37 1
24 38 2
24 39 10
24 43 6
24 45 9
24 52 7
24 59 9
24 60 7
24 62 4
24 65 5
24 66 1
25 26 10
25 27 10
25 28 10
25 29 2
25 31 4
25 33 1
25 35 1
25 36 3
25 38 8
25 40 2
25 41 6
25 42 10
25 43 7
25 44 2
25 45 3
25 46 3
25 48 5
25 49 1
25 55 7
25 59 1
25 60 10
25 61 10
25 62 2
25 65 8
25 66 10
26 27 3
26 28 5
26 30 7
26 31 1
26 34 6
26 36 6
26 37 1
26 38 3
26 40 2
26 41 6
26 46 10
26 47 10
26 51 8
26 53 6
26 58 4
26 59 2
26 62 5
26 64 5
26 65 2
27 30 10
27 31 10
27 36 4
27 37 5
27 38 7
27 40 2
27 41 8
27 42 2
27 43 5
27 44 6
27 45 7
27 46 9
27 47 7
27 48 4
27 49 1
27 53 3
27 57 6
27 60 5
27 63 3
27 66 3
28 29 10
28 30 9
28 31 1
28 35 5
28 36 4
28 38 3
28 43 7
28 44 7
28 50 5
28 51 5
28 52 7
28 53 2
28 55 3
28 56 3
28 57 6
28 58 1
28 59 9
28 60 6
28 62 5
28 64 3
29 32 8
29 37 5
29 39 5
29 43 6
29 45 5
29 46 7
29 54 1
29 55 10
29 56 3
29 58 6
29 60 4
29 61 10
29 63 6
29 64 7
30 32 4
30 34 9
30 37 10
30 40 7
30 46 8
30 48 1
30 49 7
30 50 1
30 51 7
30 53 6
30 55 9
30 57 9
30 59 8
30 63 10
30 65 9
30 66 5
31 34 3
31 35 9
31 36 9
31 38 4
31 39 7
31 40 2
31 41 9
31 42 1
31 44 9
31 45 9
31 49 4
31 51 3
31 53 4
31 59 2
31 60 9
31 61 9
31 65 3
31 66 9
32 34 7
32 35 6
32 36 7
32 37 5
32 38 1
32 46 4
32 53 10
32 55 8
32 57 9
32 58 6
32 63 5
32 64 8
32 65 5
32 66 8
33 34 1
33 39 4
33 40 7
33 42 1
33 47 6
33 49 4
33 51 10
33 53 5
33 54 2
33 56 4
33 59 8
33 60 5
33 61 8
33 62 1
33 63 8
33 64 5
33 66 9
34 37 3
34 40 3
34 41 4
34 43 6
34 44 5
34 47 8
34 48 2
34 49 5
34 50 5
34 52 5
34 53 3
34 54 10
34 55 10
34 56 7
34 59 4
34 60 9
34 64 7
35 36 1
35 38 4
35 39 2
35 40 10
35 42 6
35 46 2
35 48 4
35 50 9
35 52 7
35 53 4
35 58 7
35 60 2
35 61 6
35 62 5
35 66 9
36 37 6
36 38 6
36 39 4
36 40 7
36 41 1
36 45 10
36 49 1
36 50 4
36 52 10
36 55 8
36 56 7
36 57 2
36 59 5
36 60 10
36 61 2
36 63 7
36 64 3
36 65 7
36 66 6
37 39 10
37 40 5
37 41 8
37 42 9
37 44 3
37 45 6
37 46 9
37 48 1
37 49 7
37 50 2
37 51 7
37 53 3
37 57 6
37 59 5
37 60 3
37 62 7
37 63 4
37 66 7
38 39 1
38 40 1
38 41 9
38 46 6
38 47 7
38 50 5
38 51 3
38 52 9
38 55 2
38 56 5
38 57 9
38 59 7
38 61 10
38 62 10
38 63 9
38 64 5
39 40 10
39 42 2
39 45 2
39 46 7
39 52 10
39 53 6
39 55 6
39 56 10
39 57 6
39 58 5
39 60 3
39 62 6
39 64 8
39 65 2
39 66 10
40 42 10
40 46 6
40 47 2
40 49 1
40 51 9
40 52 10
40 54 10
40 56 1
40 59 8
40 60 1
40 61 6
40 62 10
40 63 8
40 65 7
41 42 2
41 43 2
41 46 3
41 48 3
41 49 9
41 50 3
41 53 1
41 55 2
41 60 8
41 61 7
41 63 7
41 65 3
42 46 6
42 47 2
42 49 5
42 52 10
42 53 6
42 55 4
42 56 8
42 61 7
42 63 5
42 64 7
42 65 4
43 44 5
43 47 6
43 48 10
43 49 5
43 51 8
43 53 4
43 55 1
43 56 1
43 58 3
43 61 7
43 64 7
43 65 6
43 66 4
44 45 6
44 47 10
44 48 1
44 49 3
44 50 5
44 51 3
44 52 10
44 53 10
44 54 3
44 55 3
44 58 1
44 59 7
44 60 10
44 61 10
44 62 9
44 63 4
44 64 7
44 65 9
45 48 4
45 49 10
45 52 1
45 54 8
45 55 2
45 56 4
45 57 3
45 58 2
45 59 5
45 61 8
45 63 5
45 65 4
46 48 10
46 57 4
46 60 5
46 61 2
46 62 3
46 63 6
46 65 4
46 66 10
47 49 1
47 50 9
47 51 4
47 53 6
47 55 10
47 56 1
47 57 7
47 59 7
47 63 2
47 65 6
47 66 4
48 52 10
48 54 5
48 55 7
48 56 3
48 57 4
48 60 7
48 64 9
48 65 5
48 66 2
49 51 9
49 52 6
49 53 10
49 54 9
49 56 6
49 59 5
49 64 1
49 65 6
50 51 3
50 52 2
50 53 1
50 55 7
50 56 4
50 57 8
50 60 10
50 64 2
50 65 7
51 52 6
51 53 3
51 54 3
51 55 7
51 56 9
51 58 2
51 59 6
51 60 8
51 63 1
51 66 6
52 53 3
52 54 2
52 56 5
52 62 8
52 65 7
53 55 6
53 56 3
53 57 8
53 58 8
53 59 10
53 64 8
53 66 3
54 58 3
54 62 4
54 63 2
54 66 8
55 57 9
55 58 10
55 62 5
56 57 1
56 60 6
56 61 2
56 63 2
56 64 8
57 58 5
57 62 8
57 64 4
57 65 5
58 59 7
58 60 2
58 61 8
58 63 3
58 66 3
59 60 4
59 61 8
59 63 3
59 65 10
59 66 9
60 66 1
61 63 5
61 65 4
62 65 5
62 66 4
63 66 9
64 65 7
64 66 10
65 66 10
