88 1911
0 5 4083
0 8 8037
0 9 5973
0 11 6247
0 15 3431
0 16 3799
0 17 2088
0 18 3876
0 21 993
0 22 4178
0 23 334
0 25 4987
0 28 6666
0 29 4450
0 33 2837
0 35 3647
0 39 8442
0 42 7333
0 43 9007
0 44 1452
0 47 3664
0 50 7891
0 51 7422
0 53 8738
0 54 8491
0 55 455
0 60 3935
0 61 9878
0 64 4695
0 66 2872
0 67 9874
0 68 2473
0 70 3181
0 71 9079
0 72 5590
0 75 5042
0 76 3973
0 77 371
0 78 3512
0 82 1133
0 83 9436
0 84 5365
0 85 6587
0 87 5537
1 3 4584
1 4 6540
1 9 2615
1 10 3825
1 12 1629
1 14 5698
1 16 7878
1 17 3504
1 18 4269
1 20 9039
1 21 795
1 26 9449
1 28 6287
1 30 5017
1 34 1493
1 35 5643
1 38 3189
1 39 7502
1 41 2259
1 43 7231
1 44 7019
1 47 5426
1 48 2091
1 49 7071
1 51 5680
1 52 9815
1 53 6243
1 54 9049
1 55 4296
1 56 401
1 58 9152
1 62 7507
1 63 1641
1 64 5086
1 65 8437
1 66 1912
1 70 4220
1 71 9580
1 72 6172
1 75 9089
1 76 4098
1 78 3809
1 80 3615
1 84 747
1 85 8878
1 86 9424
1 87 8242
2 4 8961
2 6 7472
2 8 8069
2 11 9301
2 13 4396
2 14 728
2 19 463
2 20 1823
2 22 7225
2 27 5592
2 30 6664
2 31 2669
2 33 2007
2 34 4274
2 35 6392
2 36 5916
2 38 1711
2 43 7346
2 45 302
2 46 4972
2 47 5534
2 49 5983
2 50 7825
2 54 667
2 55 6863
2 56 5838
2 58 5984
2 62 7227
2 63 2197
2 64 9714
2 67 1543
2 70 7236
2 73 7496
2 74 7389
2 76 422
2 79 7746
2 82 9150
2 83 4111
2 84 8515
2 85 1963
2 86 9870
3 5 8020
3 6 4654
3 7 5761
3 10 7378
3 11 2889
3 12 4037
3 15 2072
3 16 1948
3 17 2263
3 18 7286
3 19 6836
3 20 8067
3 21 7517
3 23 1960
3 25 6556
3 26 5185
3 32 7126
3 40 842
3 41 5677
3 42 8425
3 43 2419
3 44 8381
3 45 9267
3 46 6986
3 47 3083
3 48 7589
3 49 9074
3 50 6885
3 54 9019
3 55 7421
3 59 6983
3 60 2753
3 64 3679
3 68 8678
3 69 9658
3 73 7379
3 75 9841
3 76 3557
3 77 2853
3 79 8826
3 80 4640
3 81 6100
3 82 6471
3 83 4009
3 85 2644
4 5 154
4 9 6968
4 11 7573
4 15 9495
4 16 9530
4 19 3511
4 21 1501
4 23 5988
4 25 4663
4 27 2051
4 30 436
4 31 5775
4 32 1177
4 33 6324
4 34 4810
4 37 5253
4 39 2869
4 40 3233
4 41 4292
4 44 4913
4 47 4495
4 48 1819
4 54 4301
4 56 5661
4 60 3340
4 61 6054
4 63 7360
4 64 6527
4 67 3224
4 68 6985
4 69 3781
4 74 7786
4 76 891
4 78 7913
4 79 1245
4 80 9351
4 81 4683
4 82 66
4 85 8564
4 87 9350
5 11 2497
5 12 2262
5 14 4390
5 15 9269
5 16 6969
5 18 2780
5 19 6504
5 24 8942
5 25 2965
5 26 2513
5 27 2408
5 28 5230
5 33 3016
5 35 8597
5 36 2605
5 37 8178
5 38 4968
5 40 4209
5 41 7357
5 42 9072
5 43 5876
5 45 4678
5 46 2882
5 47 1857
5 50 4969
5 51 6685
5 53 2431
5 55 8438
5 57 485
5 58 3020
5 59 9678
5 61 4147
5 63 3311
5 66 1076
5 68 3577
5 70 5781
5 71 8334
5 72 2764
5 75 6281
5 83 2807
5 84 2311
6 7 8525
6 8 1589
6 9 5312
6 11 7275
6 13 9793
6 14 136
6 15 2145
6 19 802
6 20 7252
6 23 5654
6 24 4312
6 27 8413
6 32 6173
6 34 7222
6 35 3330
6 36 1184
6 41 8713
6 44 4779
6 47 7404
6 48 811
6 51 7777
6 52 1082
6 55 2294
6 56 9992
6 57 5778
6 59 658
6 62 7228
6 63 6881
6 67 4570
6 68 3744
6 70 4778
6 71 461
6 72 6719
6 75 382
6 76 6568
6 78 6322
6 79 8277
6 81 1171
6 82 2035
6 84 8090
6 87 6349
7 10 4254
7 14 4242
7 15 1046
7 16 2307
7 17 8420
7 21 7067
7 22 2288
7 23 5642
7 24 5670
7 25 9379
7 26 2062
7 28 1478
7 30 5849
7 31 2597
7 32 3034
7 33 6828
7 35 5420
7 36 7438
7 38 8694
7 39 8527
7 40 8295
7 44 1267
7 45 7464
7 49 6141
7 50 2981
7 52 7690
7 54 8001
7 55 4737
7 56 1875
7 59 7442
7 61 4057
7 64 2401
7 66 4512
7 67 4672
7 68 3059
7 71 9696
7 72 7435
7 73 1836
7 77 2343
7 78 454
7 80 6973
7 82 6978
7 85 3760
7 86 1224
8 9 2614
8 13 4499
8 14 6272
8 16 314
8 17 2451
8 18 4534
8 24 9186
8 26 4880
8 28 4989
8 29 7578
8 30 148
8 31 4682
8 33 2876
8 35 7347
8 36 9161
8 39 9828
8 40 9970
8 42 3110
8 44 310
8 45 122
8 47 3646
8 48 5322
8 53 4078
8 55 1420
8 56 5833
8 59 4090
8 60 7007
8 61 6562
8 63 7818
8 65 9149
8 67 1762
8 69 8049
8 70 440
8 72 5807
8 78 5786
8 79 5605
8 82 9716
8 83 4470
8 84 1168
8 85 6839
8 86 5939
8 87 1991
9 10 5515
9 14 3851
9 15 8206
9 16 1475
9 19 2218
9 21 5200
9 22 9967
9 26 4598
9 32 7927
9 33 7853
9 34 6860
9 36 175
9 41 2954
9 43 562
9 44 6163
9 45 5829
9 47 7669
9 48 1060
9 49 5236
9 50 188
9 52 5971
9 54 8957
9 59 7196
9 61 6780
9 62 7998
9 63 4433
9 66 6950
9 69 959
9 73 7342
9 74 8695
9 75 4505
9 80 8526
9 81 5284
9 82 4610
9 83 5895
9 84 8748
9 85 1307
9 87 9173
10 11 6939
10 15 2796
10 16 5415
10 17 4660
10 18 6559
10 21 391
10 22 8898
10 29 2664
10 30 6967
10 34 3584
10 35 9718
10 40 6442
10 42 5373
10 43 2186
10 46 7010
10 48 3697
10 51 6956
10 53 6492
10 59 8908
10 60 6111
10 61 6733
10 62 8532
10 63 4477
10 65 8464
10 67 9395
10 72 9921
10 73 2933
10 75 3012
10 79 9680
10 80 7602
10 81 4416
10 83 7307
10 85 3663
10 87 8850
11 13 7155
11 14 2487
11 15 7129
11 16 3038
11 17 6321
11 18 4239
11 20 4158
11 21 7640
11 23 5822
11 25 8915
11 26 9415
11 29 6415
11 32 1872
11 35 2434
11 36 7383
11 37 9520
11 39 8799
11 40 1554
11 41 6052
11 42 604
11 43 5921
11 44 9792
11 45 2415
11 48 2573
11 50 5221
11 51 3668
11 54 469
11 58 9280
11 61 2893
11 62 4408
11 63 2026
11 65 5929
11 66 6011
11 70 6070
11 71 6112
11 72 3974
11 75 4168
11 76 313
11 77 2537
11 80 5272
11 82 7491
11 83 6920
11 84 5869
12 14 9063
12 15 5756
12 16 5121
12 17 5192
12 18 8703
12 19 5352
12 20 8645
12 21 7860
12 22 5874
12 23 6659
12 25 4932
12 26 7158
12 27 8368
12 29 9198
12 35 4940
12 36 3102
12 37 4849
12 38 4562
12 40 4091
12 41 7206
12 44 8143
12 45 7642
12 46 4271
12 48 4623
12 49 3552
12 50 3942
12 51 2979
12 52 2854
12 56 6472
12 57 8634
12 58 9315
12 64 1433
12 65 4119
12 66 2377
12 67 7359
12 68 9695
12 70 181
12 71 5332
12 72 217
12 74 1249
12 75 6285
12 78 9195
12 79 9774
12 81 9821
12 82 8244
12 83 9203
13 14 8405
13 18 8393
13 19 1055
13 20 1967
13 26 7145
13 27 4667
13 29 5313
13 30 3719
13 31 6427
13 35 4686
13 38 1021
13 39 9578
13 41 771
13 43 2960
13 45 3529
13 46 5804
13 49 8996
13 50 9824
13 51 6675
13 54 5835
13 56 621
13 57 6419
13 58 7666
13 61 1356
13 63 9124
13 66 4621
13 67 7323
13 68 4630
13 71 7356
13 74 1067
13 75 337
13 76 7263
13 77 7651
13 79 1210
13 84 4633
13 86 4960
14 17 4728
14 18 4047
14 19 8893
14 24 6753
14 25 6642
14 27 2182
14 28 7035
14 29 4291
14 31 6197
14 36 3490
14 39 2447
14 41 2455
14 42 7823
14 45 5630
14 48 9494
14 50 6639
14 51 480
14 53 7109
14 54 5318
14 55 525
14 56 5726
14 57 6176
14 58 8377
14 59 288
14 60 5265
14 61 7494
14 62 4946
14 63 2395
14 64 9707
14 65 8110
14 67 7131
14 68 6142
14 70 6299
14 71 7408
14 72 2333
14 76 8808
14 82 6149
14 83 717
14 85 5045
14 87 985
15 21 4172
15 22 3378
15 23 939
15 24 4746
15 26 3530
15 27 5866
15 28 1723
15 29 9684
15 30 2506
15 33 6356
15 35 7851
15 36 6708
15 37 4931
15 40 3567
15 43 1338
15 44 5273
15 46 7980
15 47 9611
15 49 4267
15 51 369
15 55 2569
15 56 1891
15 57 5142
15 59 5235
15 60 1152
15 62 8339
15 66 4710
15 67 9929
15 71 8172
15 72 6662
15 74 5448
15 75 8088
15 79 1484
15 80 8201
15 82 37
15 85 2177
15 86 7061
16 17 7962
16 19 4531
16 25 7592
16 26 1264
16 28 3348
16 31 4770
16 32 1571
16 33 8823
16 35 2698
16 37 6738
16 39 4950
16 40 9842
16 41 5430
16 43 8321
16 49 2770
16 50 9425
16 51 5729
16 53 1096
16 62 9113
16 64 4016
16 68 9086
16 70 1116
16 71 2844
16 72 9455
16 73 4376
16 74 8202
16 75 9385
16 76 3170
16 77 9999
16 78 9331
16 79 4608
16 80 8210
16 81 7154
16 82 7924
16 84 5805
16 87 1486
17 20 5314
17 23 412
17 24 7838
17 26 1144
17 29 5672
17 30 9251
17 31 9199
17 32 5535
17 36 5338
17 37 1
17 40 8781
17 44 7483
17 46 3927
17 47 4587
17 51 7018
17 54 813
17 56 2871
17 58 9889
17 62 120
17 63 8346
17 65 7787
17 66 250
17 67 1100
17 68 7253
17 69 7330
17 70 3929
17 71 2715
17 72 6847
17 73 4970
17 75 8744
17 78 8411
17 79 3405
17 82 7368
17 83 361
18 22 5536
18 23 2254
18 26 6372
18 28 6870
18 29 5457
18 30 4489
18 31 4190
18 33 7587
18 34 5735
18 36 6323
18 37 1013
18 38 4904
18 39 9935
18 42 4194
18 43 1208
18 45 1026
18 46 6900
18 51 2778
18 54 4034
18 56 6500
18 57 9339
18 58 7952
18 62 851
18 64 5568
18 66 9291
18 68 3985
18 69 6707
18 71 6316
18 73 8286
18 74 6855
18 82 4680
18 83 7503
18 84 2087
18 86 8557
18 87 8510
19 20 4069
19 23 6024
19 24 8177
19 25 3725
19 26 4542
19 32 8181
19 33 9253
19 34 5422
19 35 5339
19 38 1908
19 39 5619
19 41 903
19 42 58
19 43 1437
19 45 6998
19 48 3979
19 49 4569
19 50 4409
19 53 4460
19 55 8258
19 56 8642
19 57 2370
19 59 8030
19 60 6767
19 66 4953
19 68 2987
19 69 7522
19 71 652
19 73 7230
19 78 8353
19 80 6033
19 81 9302
19 83 3258
19 85 2964
19 86 9292
19 87 9025
20 21 6589
20 22 7979
20 23 4677
20 24 4138
20 25 7489
20 31 5947
20 32 8535
20 40 9482
20 42 1200
20 43 4405
20 47 7079
20 49 1926
20 50 267
20 53 5421
20 54 6981
20 55 5069
20 61 8920
20 63 6913
20 64 5624
20 66 4485
20 67 501
20 68 2009
20 69 2297
20 70 4698
20 74 2923
20 75 9411
20 79 8078
20 80 7348
20 82 9667
20 83 1094
21 22 5620
21 27 8659
21 31 5204
21 42 3755
21 43 6438
21 45 7349
21 50 9845
21 51 8493
21 55 445
21 56 2511
21 57 1401
21 59 2532
21 60 7216
21 61 8058
21 64 2946
21 65 9159
21 66 82
21 67 6179
21 70 9612
21 73 4099
21 74 222
21 79 6922
21 82 5828
21 83 7198
21 84 420
21 85 5212
21 86 3660
21 87 6988
22 23 631
22 24 4473
22 25 8697
22 26 7631
22 30 4533
22 32 8655
22 33 6777
22 36 1314
22 37 1822
22 39 4981
22 41 1657
22 42 6240
22 43 9211
22 46 9338
22 48 9116
22 51 5990
22 52 107
22 54 8584
22 56 9515
22 57 7341
22 59 3342
22 62 596
22 67 1069
22 73 1745
22 75 9087
22 76 5977
22 77 5757
22 78 8145
22 79 7271
22 81 4005
22 82 3672
22 84 7337
22 85 6288
22 86 9543
23 24 3901
23 28 5602
23 29 384
23 32 2056
23 35 3350
23 36 7815
23 37 4675
23 39 687
23 41 9480
23 43 9637
23 44 9108
23 45 2645
23 49 1351
23 50 997
23 51 1343
23 52 7157
23 56 5043
23 57 1646
23 58 3971
23 59 607
23 67 8260
23 68 5216
23 69 9631
23 76 441
23 78 5573
23 79 2232
23 86 9178
23 87 3086
24 25 5326
24 30 7535
24 32 6764
24 33 428
24 34 190
24 36 8038
24 37 5980
24 39 5261
24 40 252
24 42 865
24 44 4975
24 47 2383
24 49 9057
24 50 5220
24 55 4597
24 56 3666
24 59 6193
24 63 1289
24 64 3306
24 67 7798
24 68 2374
24 69 9276
24 70 3727
24 75 5925
24 78 8063
24 79 1255
24 83 1738
24 85 6946
25 26 534
25 28 8021
25 29 5245
25 31 1574
25 32 3132
25 36 1327
25 38 3844
25 39 7824
25 41 1426
25 42 2240
25 43 9472
25 45 3550
25 46 705
25 48 201
25 49 3687
25 50 8603
25 55 2183
25 56 3244
25 57 7119
25 58 6413
25 59 4136
25 60 6328
25 62 7397
25 63 1040
25 64 4015
25 66 96
25 67 6834
25 71 1660
25 72 6911
25 73 7265
25 75 8054
25 79 9309
25 80 6126
25 83 380
25 84 3713
25 85 613
25 87 2373
26 27 1416
26 29 3276
26 30 3640
26 33 7901
26 35 2593
26 38 5812
26 40 3576
26 41 9882
26 44 7783
26 47 7427
26 48 7869
26 49 9675
26 53 5394
26 54 9462
26 56 3878
26 60 6439
26 61 6977
26 63 4229
26 64 597
26 65 7733
26 66 97
26 67 4881
26 69 5063
26 71 9466
26 72 6297
26 75 8230
26 78 5038
26 79 1842
26 82 416
26 85 1820
26 87 2105
27 29 5725
27 30 5182
27 31 8863
27 32 2949
27 34 6277
27 35 4599
27 36 3987
27 37 5350
27 38 4624
27 40 2249
27 41 6462
27 46 5348
27 47 3165
27 49 6198
27 50 832
27 52 2567
27 55 3416
27 56 3970
27 58 5957
27 59 7515
27 60 3603
27 62 3757
27 63 6276
27 66 9761
27 67 8385
27 68 6819
27 69 9035
27 71 2504
27 73 3341
27 75 2059
27 76 4447
27 77 7731
27 80 938
27 84 2053
27 87 9355
28 29 3573
28 30 5852
28 33 7451
28 36 5401
28 38 3198
28 49 5056
28 54 6971
28 55 5341
28 58 5281
28 59 3917
28 60 5512
28 61 2205
28 63 1037
28 66 5914
28 68 9817
28 69 9604
28 71 8033
28 72 6727
28 75 316
28 76 7428
28 77 9125
28 78 9783
28 80 3323
28 81 6511
28 84 6663
28 86 4971
29 30 6676
29 31 5593
29 35 5644
29 36 3043
29 37 8155
29 38 243
29 40 2044
29 44 8517
29 48 7679
29 49 1976
29 53 801
29 57 5766
29 61 4417
29 62 1461
29 64 7043
29 65 1809
29 66 4509
29 67 9795
29 68 2801
29 72 9742
29 74 2692
29 75 2442
29 76 9522
29 78 5228
29 81 513
29 83 4596
29 84 4307
30 31 5975
30 33 1319
30 35 2762
30 38 3516
30 40 1666
30 42 1505
30 43 1665
30 44 1333
30 45 6002
30 48 3734
30 49 29
30 52 7303
30 55 9532
30 58 2372
30 60 1239
30 61 1689
30 62 4223
30 65 8848
30 66 3388
30 67 2417
30 68 1311
30 69 8081
30 72 397
30 73 9535
30 76 7603
30 77 4563
30 79 3268
30 80 1861
30 82 6421
30 84 5054
30 85 9940
30 86 7625
31 35 8240
31 38 6817
31 41 4035
31 42 5079
31 53 2594
31 55 7229
31 56 1361
31 59 8018
31 60 8552
31 61 62
31 63 8503
31 64 8536
31 65 2756
31 69 9317
31 71 5122
31 72 8772
31 73 4767
31 74 7999
31 75 3597
31 76 1142
31 77 3503
31 78 3491
31 79 1810
31 80 1905
31 83 3019
31 84 3594
31 85 5632
32 36 8954
32 38 2665
32 41 1467
32 42 5610
32 43 1476
32 44 6766
32 47 8805
32 48 4762
32 49 2990
32 50 7519
32 53 5543
32 55 2809
32 57 4031
32 59 4643
32 61 2551
32 62 2278
32 63 357
32 66 9525
32 67 6524
32 68 5436
32 70 8075
32 73 5708
32 75 4514
32 76 8362
32 77 9370
32 78 8877
32 79 6047
32 80 3706
32 81 5085
32 83 8365
32 84 86
32 86 2368
33 35 8121
33 36 4165
33 40 8222
33 43 2940
33 44 9910
33 46 9947
33 48 7667
33 50 3830
33 53 1623
33 55 2219
33 63 2566
33 64 5595
33 66 2967
33 68 1375
33 73 2357
33 75 3774
33 81 8817
33 82 5920
33 85 9850
33 87 6093
34 35 1770
34 36 7772
34 37 5959
34 39 6841
34 42 434
34 45 4789
34 46 968
34 49 87
34 50 8485
34 51 8903
34 53 716
34 54 6838
34 61 3409
34 66 7288
34 73 2256
34 74 3593
34 75 6716
34 76 2936
34 79 7395
34 82 2685
34 87 4334
35 36 5566
35 39 5489
35 40 2391
35 41 7276
35 42 131
35 43 8391
35 44 8358
35 45 5438
35 49 4282
35 50 8983
35 51 2959
35 52 4995
35 55 8690
35 58 7443
35 60 7735
35 63 4901
35 64 3483
35 65 1318
35 66 1735
35 67 5071
35 68 6074
35 69 6447
35 79 5213
35 80 8950
35 83 8995
35 85 9091
35 87 3761
36 37 3521
36 42 6266
36 43 8052
36 45 1685
36 47 2060
36 48 1414
36 49 274
36 53 8497
36 54 2121
36 55 7054
36 56 3700
36 57 6535
36 59 7153
36 60 8779
36 63 3333
36 64 9864
36 66 6991
36 68 4546
36 71 8763
36 73 3612
36 74 907
36 75 8151
36 76 4226
36 79 8709
36 81 1312
36 82 8176
36 85 7380
36 87 1284
37 38 9177
37 39 9464
37 40 3519
37 44 256
37 45 7262
37 46 2338
37 47 948
37 49 2657
37 53 6799
37 54 1187
37 55 195
37 56 7128
37 57 1860
37 58 6264
37 59 9959
37 62 6484
37 63 1838
37 65 965
37 66 7817
37 68 119
37 69 9538
37 70 2225
37 71 6049
37 76 764
37 80 6317
37 82 2907
37 83 4615
38 41 7914
38 44 6346
38 45 862
38 51 257
38 60 8370
38 61 7923
38 63 8148
38 64 5502
38 65 3614
38 66 4724
38 67 5389
38 73 5825
38 74 4207
38 75 6451
38 76 8282
38 77 1651
38 78 5495
38 80 9615
38 81 4585
38 83 9694
38 84 475
39 40 2284
39 42 4506
39 43 4257
39 47 5840
39 52 1681
39 54 5647
39 55 8229
39 57 4205
39 59 9192
39 60 669
39 64 9188
39 67 5417
39 68 7880
39 69 7806
39 72 7029
39 75 5994
39 76 1109
39 77 3792
39 78 5696
39 83 3138
40 41 7660
40 44 5439
40 46 5687
40 47 3263
40 50 9143
40 51 5233
40 56 1451
40 62 3653
40 63 1925
40 64 3485
40 66 6821
40 67 2793
40 68 2790
40 71 1643
40 72 6137
40 78 6157
40 79 4169
40 80 4798
40 82 4449
40 86 4482
40 87 8963
41 42 6455
41 44 1563
41 49 528
41 50 9104
41 51 8619
41 52 3423
41 53 8810
41 56 2798
41 57 8361
41 58 6480
41 60 6837
41 63 7701
41 64 6092
41 66 8350
41 67 8882
41 71 6343
41 72 8352
41 73 9780
41 76 227
41 78 8934
41 81 794
41 83 3965
41 84 593
41 85 3474
41 87 5461
42 43 753
42 44 8031
42 45 4613
42 47 8719
42 52 3820
42 55 7686
42 57 9218
42 63 1397
42 70 6804
42 71 5320
42 72 8859
42 74 8702
42 76 1937
42 78 4647
42 79 602
42 84 259
42 87 3738
43 46 8044
43 47 7076
43 48 4080
43 50 4198
43 51 9394
43 55 8870
43 62 5584
43 63 7680
43 67 1781
43 73 3273
43 75 2972
43 76 7774
43 79 9603
43 82 3848
43 83 1876
43 84 5604
43 85 1784
43 86 5917
43 87 2915
44 45 744
44 48 9706
44 49 5215
44 50 8836
44 52 95
44 54 2581
44 55 6018
44 56 4430
44 57 3782
44 60 7672
44 61 1578
44 62 6425
44 63 9738
44 66 8218
44 70 9202
44 71 8680
44 72 535
44 73 1828
44 74 4790
44 76 1153
44 77 162
44 78 8555
44 79 8761
44 80 1089
44 81 9888
44 82 9866
44 85 3972
44 87 1033
45 48 7490
45 50 8974
45 55 1686
45 57 5078
45 58 4664
45 59 1380
45 61 5598
45 66 2855
45 70 8930
45 71 431
45 72 3238
45 73 9933
45 74 221
45 76 2153
45 82 2700
45 85 6278
45 86 4201
45 87 7755
46 47 2112
46 48 6169
46 51 1432
46 55 7971
46 56 3406
46 59 2049
46 61 3994
46 62 6009
46 63 4766
46 68 7907
46 69 778
46 72 1427
46 74 248
46 75 5932
46 77 517
46 81 640
46 83 4628
47 48 8095
47 49 2866
47 50 9139
47 54 8163
47 55 5762
47 56 186
47 57 4700
47 59 7623
47 62 702
47 63 8184
47 64 6143
47 66 487
47 68 7740
47 72 9100
47 74 3319
47 75 5153
47 76 272
47 78 7788
47 79 8304
47 83 4851
47 85 5081
47 86 926
47 87 5639
48 52 2775
48 53 629
48 54 8376
48 55 6679
48 58 9001
48 60 7136
48 62 5931
48 63 321
48 67 7532
48 68 7993
48 69 4459
48 71 7653
48 74 8463
48 75 4423
48 78 8514
48 79 9314
48 83 7935
48 84 5629
48 87 5404
49 50 8606
49 52 1773
49 54 7646
49 55 8943
49 58 3913
49 60 9930
49 63 6218
49 66 2363
49 68 6715
49 70 616
49 72 6558
49 73 6066
49 74 4437
49 75 5331
49 79 8568
49 80 9644
49 83 580
49 84 8735
49 86 8538
50 53 6015
50 55 7538
50 56 4472
50 58 7460
50 59 3953
50 60 5418
50 61 5283
50 64 3694
50 65 7326
50 67 7025
50 69 8419
50 70 9759
50 71 7047
50 73 8965
50 74 268
50 79 6148
50 80 8315
50 82 3364
50 84 4886
50 85 8214
50 86 2805
51 53 4377
51 57 4835
51 58 7331
51 60 9957
51 61 1047
51 64 5518
51 68 7922
51 70 409
51 71 3856
51 75 9944
51 77 6249
51 78 4372
51 79 8134
51 80 4329
51 81 5659
51 84 48
51 87 2653
52 54 8621
52 56 6006
52 59 1588
52 62 941
52 66 5671
52 68 8639
52 74 7467
52 75 4180
52 78 5177
52 79 1954
52 80 1877
52 84 6802
52 85 8085
53 56 2983
53 57 7612
53 59 2050
53 61 5249
53 65 5882
53 66 3314
53 67 1979
53 72 1688
53 76 8599
53 78 9729
53 79 9326
53 80 3186
53 83 7857
53 87 8780
54 55 9566
54 56 3737
54 58 4350
54 59 7991
54 61 8439
54 62 3076
54 64 7121
54 66 4045
54 68 4819
54 69 2814
54 72 1884
54 73 417
54 74 109
54 75 85
54 76 8745
54 77 2238
54 84 6762
54 86 4053
54 87 9920
55 56 2104
55 59 7104
55 60 7562
55 61 60
55 63 2498
55 64 3950
55 66 775
55 72 840
55 74 6102
55 75 4256
55 78 128
55 82 7407
55 84 6144
55 85 9212
56 58 1240
56 59 6379
56 60 9688
56 61 8394
56 62 7083
56 66 3272
56 67 4571
56 68 6180
56 72 263
56 74 7900
56 75 3361
56 76 7628
56 80 8366
56 82 4407
56 83 4645
56 86 1883
56 87 9082
57 60 2016
57 61 3179
57 64 1760
57 65 2120
57 66 8226
57 67 1039
57 68 8643
57 69 5464
57 70 6537
57 72 9484
57 74 1025
57 75 6994
57 77 4156
57 78 4361
57 80 5189
57 81 6396
57 82 5625
57 84 3999
57 86 2113
57 87 7073
58 60 3850
58 61 8953
58 63 7170
58 67 7296
58 69 4741
58 70 1197
58 73 3585
58 75 5787
58 76 917
58 78 2651
58 80 8224
58 83 1117
58 85 2919
58 86 8246
59 64 7992
59 65 1635
59 71 3269
59 75 8064
59 76 4028
59 77 5720
59 79 4457
59 80 4831
59 82 5231
60 62 1099
60 66 6269
60 67 7940
60 68 2412
60 69 6557
60 71 4121
60 74 1793
60 75 3574
60 79 3171
60 80 5549
60 81 8911
60 83 2643
60 85 5391
61 63 366
61 67 8061
61 68 8570
61 69 824
61 70 8245
61 74 5607
61 75 2310
61 77 419
61 78 6525
61 79 4501
61 81 9324
61 82 1739
61 84 4327
61 86 9621
61 87 3909
62 66 6758
62 70 9340
62 72 3709
62 76 3539
62 80 5319
62 82 676
62 84 8234
63 64 9400
63 65 1706
63 66 35
63 69 3754
63 70 6594
63 71 1012
63 72 1413
63 73 8753
63 75 3520
63 76 9969
63 79 2672
63 81 6682
63 82 9995
63 86 6735
63 87 4879
64 66 1302
64 67 2118
64 68 5013
64 69 9137
64 71 9689
64 72 8320
64 73 9358
64 74 2713
64 76 4411
64 77 3106
64 79 1146
64 80 7440
64 82 1725
64 84 4843
64 87 8994
65 67 9725
65 69 4285
65 72 373
65 73 8256
65 77 574
65 79 4425
65 80 3430
65 84 358
66 70 9142
66 73 8094
66 75 9619
66 77 2011
66 79 6360
66 80 651
66 82 5773
66 85 808
66 86 6808
67 68 1866
67 70 7718
67 71 8208
67 73 2835
67 76 2758
67 81 7946
67 82 1403
67 83 6325
67 84 2557
67 85 1890
68 69 4990
68 70 1886
68 71 255
68 72 7724
68 75 4745
68 77 5485
68 81 4873
68 82 2478
68 83 6775
68 84 7287
68 85 9406
68 86 9916
69 70 2624
69 71 5240
69 72 6573
69 76 4568
69 77 2399
69 78 5846
69 80 1955
69 81 7608
69 85 4895
69 86 8024
69 87 3891
70 72 2534
70 76 8387
70 78 678
70 80 4073
70 81 4360
70 82 4102
70 83 5345
70 85 7550
70 87 8928
71 73 6314
71 76 1920
71 77 235
71 80 2935
71 85 6490
71 86 8490
71 87 6298
72 73 4316
72 74 7706
72 76 8000
72 77 1188
72 79 4481
72 81 2505
72 82 309
72 83 6803
73 76 8265
73 77 9463
73 78 9131
73 79 3049
73 84 2816
73 85 1801
73 86 4923
74 75 3062
74 76 7174
74 77 4478
74 78 3066
74 80 406
74 82 8658
74 85 6498
75 76 6669
75 83 7077
75 84 8418
75 85 2912
75 86 2583
75 87 618
76 77 1170
76 79 1244
76 82 5692
76 83 4794
76 87 7958
77 78 6995
77 80 8274
77 81 5440
77 82 6683
77 85 6482
77 86 4909
77 87 4082
78 79 8904
78 84 3932
78 85 1217
78 86 10
79 80 7466
79 83 2925
79 84 6947
80 81 8112
80 82 6212
80 83 9733
80 84 8992
80 85 3775
82 83 6014
82 84 1504
83 86 1160
84 85 8737
85 87 4100
