100 2506
0 2 6
0 4 8
0 5 3
0 8 6
0 12 1
0 13 2
0 14 3
0 17 6
0 18 8
0 19 6
0 20 5
0 21 5
0 22 8
0 24 6
0 25 3
0 26 5
0 27 5
0 29 9
0 30 5
0 31 1
0 33 6
0 35 2
0 36 6
0 40 1
0 42 7
0 44 6
0 46 6
0 47 7
0 48 4
0 52 3
0 53 3
0 57 1
0 58 1
0 60 6
0 63 7
0 64 2
0 66 3
0 67 5
0 70 3
0 71 7
0 73 9
0 74 1
0 75 1
0 76 8
0 77 2
0 78 10
0 82 8
0 83 3
0 85 2
0 88 4
0 92 10
0 94 8
0 95 3
0 96 6
0 97 2
0 99 4
1 3 4
1 4 9
1 5 10
1 7 1
1 10 4
1 11 2
1 12 7
1 14 1
1 17 6
1 19 8
1 20 8
1 21 5
1 23 10
1 24 6
1 26 3
1 27 7
1 32 5
1 33 2
1 40 8
1 42 3
1 47 9
1 51 5
1 52 7
1 53 10
1 54 7
1 57 6
1 58 9
1 61 4
1 62 10
1 64 1
1 67 3
1 70 7
1 72 3
1 76 5
1 78 6
1 79 5
1 80 8
1 84 7
1 85 9
1 86 5
1 87 3
1 88 10
1 89 4
1 90 6
1 91 4
1 92 6
1 93 7
1 94 3
1 98 7
1 99 8
2 3 5
2 5 5
2 8 5
2 12 5
2 20 9
2 23 8
2 24 2
2 26 3
2 27 1
2 29 8
2 30 7
2 31 9
2 33 1
2 35 4
2 36 8
2 37 7
2 38 4
2 39 3
2 41 4
2 44 3
2 45 7
2 48 7
2 49 8
2 50 6
2 51 4
2 53 1
2 54 4
2 56 8
2 57 7
2 61 2
2 63 1
2 69 10
2 71 1
2 72 1
2 73 8
2 75 9
2 77 4
2 78 6
2 79 7
2 81 4
2 84 4
2 88 5
2 89 5
2 90 1
2 92 2
2 96 2
2 98 8
2 99 2
3 4 4
3 5 9
3 8 2
3 10 10
3 15 2
3 17 3
3 18 4
3 20 3
3 23 2
3 24 6
3 25 10
3 26 4
3 27 7
3 30 10
3 35 2
3 36 4
3 39 7
3 42 4
3 43 4
3 46 10
3 49 9
3 53 4
3 54 6
3 55 3
3 56 4
3 57 2
3 58 10
3 59 6
3 60 8
3 61 6
3 62 10
3 66 2
3 69 3
3 70 5
3 71 6
3 73 5
3 74 4
3 75 4
3 76 1
3 77 9
3 78 1
3 79 9
3 83 6
3 88 5
3 89 9
3 91 7
3 92 3
3 93 10
3 94 10
3 95 6
3 98 10
3 99 9
4 7 4
4 8 2
4 10 1
4 13 3
4 14 9
4 15 7
4 16 5
4 19 2
4 20 4
4 21 4
4 23 7
4 28 9
4 33 6
4 38 9
4 39 6
4 42 9
4 44 1
4 46 8
4 47 2
4 53 1
4 54 4
4 56 6
4 60 7
4 64 4
4 68 7
4 70 7
4 71 5
4 73 4
4 79 4
4 83 8
4 86 3
4 87 10
4 89 8
4 90 5
4 93 6
4 94 1
4 95 4
4 98 9
5 7 7
5 10 1
5 13 3
5 15 1
5 17 10
5 18 5
5 19 1
5 20 2
5 21 5
5 22 8
5 25 10
5 26 2
5 27 3
5 28 3
5 30 10
5 31 8
5 33 9
5 34 2
5 35 8
5 36 6
5 37 1
5 41 4
5 43 3
5 44 6
5 45 4
5 46 10
5 48 10
5 49 6
5 50 4
5 51 6
5 52 2
5 54 10
5 56 8
5 60 5
5 61 1
5 62 4
5 63 3
5 64 6
5 65 5
5 67 10
5 73 4
5 74 1
5 75 10
5 76 1
5 77 10
5 79 10
5 80 7
5 82 6
5 86 8
5 90 2
5 91 2
5 92 9
5 93 2
5 94 6
5 96 5
5 97 7
5 98 10
5 99 7
6 7 6
6 9 6
6 10 9
6 11 10
6 14 10
6 18 2
6 22 6
6 24 2
6 25 6
6 27 5
6 30 4
6 31 6
6 32 4
6 33 5
6 34 5
6 35 4
6 37 3
6 39 7
6 40 8
6 43 5
6 46 5
6 47 7
6 51 3
6 52 3
6 54 9
6 56 10
6 58 9
6 61 9
6 63 10
6 66 9
6 67 4
6 68 3
6 69 5
6 72 10
6 73 3
6 74 4
6 76 9
6 77 6
6 80 6
6 81 10
6 82 2
6 86 8
6 91 5
6 92 2
6 94 3
6 95 8
6 96 3
6 97 10
7 14 2
7 15 7
7 18 5
7 21 1
7 22 1
7 24 4
7 26 5
7 28 10
7 29 5
7 30 6
7 31 9
7 33 5
7 35 5
7 37 7
7 39 1
7 40 1
7 41 5
7 43 1
7 45 7
7 46 4
7 47 5
7 48 1
7 52 3
7 53 4
7 55 7
7 58 10
7 60 3
7 64 3
7 66 8
7 69 10
7 71 3
7 73 4
7 74 9
7 75 8
7 76 4
7 84 1
7 86 5
7 87 9
7 88 8
7 89 2
7 90 10
7 91 2
7 93 2
7 97 8
7 99 9
8 9 2
8 11 4
8 13 9
8 15 7
8 17 6
8 20 5
8 21 9
8 26 9
8 27 1
8 28 4
8 32 9
8 34 1
8 35 6
8 39 5
8 42 6
8 43 3
8 44 10
8 45 6
8 46 2
8 47 10
8 50 4
8 51 8
8 53 3
8 54 2
8 56 9
8 62 1
8 64 1
8 65 8
8 66 4
8 68 2
8 69 6
8 71 2
8 72 4
8 74 4
8 75 7
8 76 8
8 78 4
8 79 10
8 86 10
8 88 6
8 91 5
8 92 8
8 94 3
8 95 8
8 97 7
9 14 2
9 16 9
9 18 6
9 21 4
9 22 4
9 24 4
9 25 10
9 30 5
9 31 9
9 32 4
9 33 10
9 34 3
9 35 4
9 41 6
9 43 9
9 44 6
9 48 7
9 50 7
9 53 7
9 54 1
9 55 7
9 56 4
9 57 3
9 60 1
9 62 6
9 65 10
9 68 5
9 74 5
9 77 9
9 79 1
9 80 1
9 81 10
9 83 10
9 85 10
9 86 7
9 87 9
9 90 3
9 92 9
9 95 5
9 99 7
10 11 3
10 13 7
10 14 10
10 15 8
10 18 4
10 19 5
10 21 7
10 23 3
10 24 10
10 28 7
10 30 3
10 31 7
10 32 3
10 33 2
10 37 7
10 41 9
10 42 5
10 43 9
10 44 7
10 48 6
10 49 2
10 52 1
10 53 2
10 54 8
10 55 2
10 56 9
10 61 1
10 63 2
10 68 6
10 69 5
10 71 8
10 72 2
10 74 1
10 79 7
10 80 7
10 82 9
10 84 10
10 87 2
10 90 4
10 93 10
10 94 3
10 95 5
10 98 10
10 99 3
11 12 5
11 13 5
11 15 6
11 17 2
11 22 4
11 25 10
11 27 6
11 28 2
11 29 1
11 40 3
11 45 3
11 46 5
11 48 10
11 49 6
11 50 8
11 51 1
11 52 2
11 55 5
11 56 9
11 58 5
11 59 4
11 61 2
11 68 8
11 69 3
11 70 4
11 73 1
11 76 2
11 78 7
11 84 4
11 86 10
11 87 2
11 88 6
11 89 1
11 91 3
11 98 1
12 15 10
12 16 7
12 20 8
12 22 7
12 24 1
12 28 4
12 29 7
12 30 2
12 33 9
12 34 1
12 35 9
12 36 5
12 38 9
12 41 10
12 44 3
12 46 9
12 47 7
12 55 5
12 56 3
12 57 8
12 60 3
12 62 10
12 63 1
12 64 5
12 65 7
12 67 10
12 68 8
12 70 6
12 72 10
12 74 8
12 75 1
12 76 2
12 77 2
12 79 5
12 80 5
12 81 1
12 85 1
12 86 1
12 88 2
12 90 5
12 92 5
12 93 10
12 94 6
12 96 8
12 97 8
13 16 9
13 17 3
13 19 2
13 20 5
13 23 5
13 27 7
13 28 7
13 29 8
13 30 4
13 31 3
13 32 3
13 35 3
13 37 10
13 39 1
13 43 4
13 47 4
13 50 5
13 51 2
13 53 3
13 54 10
13 56 1
13 57 8
13 59 5
13 60 1
13 61 9
13 62 9
13 65 10
13 66 6
13 71 1
13 73 3
13 76 3
13 78 7
13 80 1
13 81 4
13 82 3
13 84 9
13 85 6
13 86 9
13 89 5
13 90 7
13 91 9
13 93 9
13 94 5
13 96 9
13 99 3
14 15 5
14 16 5
14 17 10
14 18 3
14 21 8
14 27 5
14 30 10
14 32 6
14 33 2
14 35 8
14 38 2
14 40 1
14 41 8
14 42 3
14 45 4
14 46 4
14 47 3
14 48 8
14 54 2
14 56 10
14 57 3
14 59 7
14 60 7
14 61 4
14 72 8
14 75 2
14 76 7
14 77 9
14 78 9
14 80 7
14 84 9
14 85 3
14 88 2
14 92 1
14 93 6
14 95 1
14 96 10
14 98 5
14 99 8
15 16 2
15 18 2
15 19 6
15 20 9
15 24 3
15 25 9
15 26 4
15 28 9
15 29 6
15 31 9
15 32 8
15 33 6
15 35 9
15 37 4
15 42 2
15 45 9
15 47 2
15 48 6
15 49 9
15 54 4
15 55 2
15 57 3
15 58 1
15 60 9
15 63 2
15 67 3
15 71 9
15 73 5
15 76 4
15 77 3
15 79 5
15 80 8
15 83 9
15 85 2
15 87 9
15 88 2
15 89 1
15 90 6
15 92 3
15 93 1
15 95 4
15 97 5
15 99 9
16 20 2
16 23 10
16 24 1
16 25 7
16 27 2
16 29 10
16 31 9
16 32 3
16 34 10
16 37 7
16 39 1
16 42 4
16 43 9
16 46 3
16 48 8
16 51 5
16 54 9
16 55 2
16 56 4
16 58 6
16 61 5
16 62 1
16 63 7
16 64 3
16 65 5
16 66 10
16 69 5
16 71 8
16 74 5
16 76 2
16 78 3
16 79 1
16 80 8
16 83 6
16 84 9
16 87 2
16 89 6
16 94 1
16 99 5
17 18 3
17 19 3
17 20 8
17 23 4
17 29 2
17 30 5
17 32 5
17 33 1
17 38 9
17 39 2
17 41 4
17 42 3
17 43 10
17 44 5
17 46 6
17 48 3
17 50 5
17 51 3
17 52 8
17 54 8
17 57 4
17 59 6
17 60 8
17 61 10
17 62 1
17 63 7
17 65 1
17 68 1
17 69 4
17 71 2
17 76 7
17 77 2
17 78 2
17 79 9
17 80 1
17 82 4
17 83 6
17 84 4
17 85 1
17 87 3
17 88 5
17 90 1
17 94 7
17 97 4
17 98 4
18 22 2
18 24 8
18 25 9
18 27 4
18 28 1
18 31 10
18 32 10
18 33 8
18 38 8
18 40 6
18 41 5
18 42 4
18 43 1
18 45 1
18 50 3
18 51 6
18 52 6
18 53 8
18 54 9
18 59 6
18 60 8
18 61 6
18 62 3
18 63 8
18 64 5
18 65 4
18 71 5
18 74 2
18 75 7
18 76 8
18 80 3
18 81 6
18 82 2
18 85 10
18 86 10
18 90 7
18 92 5
18 99 2
19 22 2
19 24 10
19 25 5
19 26 9
19 30 2
19 33 4
19 34 3
19 35 5
19 36 6
19 38 8
19 40 2
19 44 7
19 46 3
19 48 5
19 49 2
19 50 3
19 52 8
19 54 10
19 55 10
19 56 8
19 60 6
19 62 10
19 64 4
19 68 3
19 69 1
19 70 10
19 71 7
19 73 9
19 74 9
19 78 2
19 82 10
19 84 7
19 87 3
19 88 6
19 89 1
19 91 5
19 92 10
19 93 2
19 98 6
19 99 1
20 25 3
20 28 10
20 29 8
20 31 8
20 34 7
20 35 10
20 39 3
20 40 7
20 41 6
20 42 3
20 46 4
20 48 7
20 50 5
20 51 2
20 53 2
20 55 7
20 56 4
20 60 3
20 65 6
20 67 1
20 68 3
20 74 4
20 75 3
20 79 4
20 83 9
20 84 9
20 87 2
20 89 9
20 91 7
20 93 1
21 24 6
21 27 1
21 28 9
21 33 7
21 34 7
21 36 4
21 38 3
21 39 6
21 40 10
21 41 6
21 42 3
21 47 7
21 48 4
21 49 2
21 50 3
21 51 3
21 53 10
21 54 9
21 55 1
21 57 6
21 58 8
21 61 1
21 62 8
21 63 8
21 64 5
21 65 5
21 69 10
21 71 7
21 72 10
21 73 1
21 80 6
21 81 4
21 82 5
21 88 6
21 89 9
21 90 2
21 93 10
21 95 10
21 96 3
21 97 10
22 23 2
22 24 3
22 25 3
22 27 3
22 28 6
22 35 4
22 36 6
22 39 10
22 40 2
22 43 10
22 44 3
22 45 6
22 46 10
22 48 6
22 49 8
22 50 1
22 54 7
22 55 6
22 57 9
22 63 4
22 69 9
22 70 4
22 72 1
22 73 7
22 74 7
22 75 1
22 76 3
22 77 3
22 78 8
22 80 7
22 81 2
22 87 10
22 92 3
22 98 9
23 24 3
23 25 2
23 26 5
23 27 10
23 28 8
23 31 3
23 32 4
23 33 3
23 34 7
23 37 2
23 40 4
23 44 1
23 45 4
23 46 8
23 47 3
23 50 9
23 51 10
23 54 1
23 56 1
23 57 9
23 58 7
23 60 6
23 61 9
23 62 10
23 63 1
23 67 2
23 68 10
23 76 2
23 79 4
23 81 8
23 82 9
23 87 5
23 89 3
23 90 1
23 92 9
23 93 9
23 95 4
23 97 9
23 98 1
23 99 3
24 25 2
24 29 10
24 31 6
24 32 4
24 34 9
24 36 10
24 38 7
24 39 4
24 40 5
24 41 3
24 43 8
24 44 3
24 46 2
24 49 2
24 50 8
24 51 10
24 54 6
24 55 3
24 58 7
24 61 1
24 64 10
24 65 6
24 66 10
24 67 8
24 69 10
24 70 9
24 71 6
24 72 4
24 75 4
24 78 6
24 79 6
24 80 2
24 81 7
24 84 8
24 85 6
24 86 2
24 87 1
24 88 9
24 89 7
24 90 4
24 91 5
24 92 9
24 94 2
24 96 4
24 97 4
25 28 7
25 33 5
25 34 10
25 36 7
25 39 8
25 40 8
25 41 2
25 42 6
25 43 5
25 44 5
25 45 9
25 46 5
25 47 9
25 50 8
25 51 7
25 52 8
25 54 6
25 55 2
25 59 8
25 62 1
25 63 2
25 69 3
25 71 4
25 76 4
25 77 9
25 78 2
25 80 8
25 82 3
25 84 3
25 85 9
25 89 7
25 90 2
25 91 1
25 92 2
25 93 4
25 94 3
25 96 10
25 98 1
25 99 10
26 27 1
26 31 7
26 33 3
26 35 5
26 37 4
26 38 1
26 40 2
26 41 1
26 44 4
26 50 7
26 52 7
26 53 2
26 59 5
26 61 4
26 62 8
26 63 10
26 64 8
26 69 1
26 70 5
26 71 1
26 72 6
26 74 2
26 78 7
26 79 1
26 80 1
26 82 1
26 85 7
26 86 7
26 87 4
26 88 9
26 91 5
26 92 9
26 93 8
26 94 7
26 95 2
26 96 9
26 97 9
26 98 1
26 99 10
27 28 8
27 32 7
27 36 4
27 42 8
27 43 1
27 44 8
27 47 7
27 48 1
27 49 8
27 51 7
27 53 9
27 55 1
27 57 3
27 59 2
27 60 8
27 62 1
27 65 3
27 67 1
27 69 4
27 70 2
27 71 2
27 73 4
27 74 5
27 76 1
27 77 3
27 82 5
27 83 6
27 84 6
27 86 5
27 87 4
27 88 2
27 90 5
27 92 3
27 93 3
27 94 9
27 95 9
27 96 4
27 98 6
28 31 8
28 34 8
28 35 9
28 38 10
28 40 6
28 41 4
28 42 3
28 43 4
28 45 3
28 47 4
28 48 9
28 51 2
28 53 3
28 55 9
28 59 7
28 63 4
28 64 2
28 65 5
28 68 2
28 69 9
28 70 1
28 73 9
28 79 2
28 82 7
28 83 10
28 84 4
28 85 10
28 90 6
28 92 1
28 95 7
28 97 6
28 99 2
29 31 9
29 33 4
29 36 10
29 37 2
29 39 6
29 45 2
29 46 3
29 48 10
29 49 8
29 50 6
29 51 10
29 52 7
29 54 10
29 55 5
29 59 1
29 61 2
29 62 4
29 63 9
29 65 7
29 67 2
29 69 8
29 70 9
29 74 9
29 76 3
29 78 2
29 79 6
29 80 9
29 81 7
29 82 8
29 83 8
29 88 5
29 89 3
29 92 2
29 95 4
30 34 1
30 35 1
30 36 3
30 39 4
30 43 2
30 46 9
30 47 4
30 49 1
30 54 3
30 58 9
30 60 9
30 63 6
30 64 6
30 65 8
30 66 9
30 69 2
30 76 3
30 77 5
30 78 6
30 83 7
30 86 9
30 87 4
30 91 2
30 94 1
30 95 6
30 96 4
30 97 10
30 99 7
31 32 5
31 36 6
31 38 1
31 39 8
31 46 1
31 47 4
31 49 2
31 54 1
31 56 10
31 57 1
31 59 8
31 60 6
31 61 10
31 64 1
31 68 2
31 70 4
31 74 2
31 76 9
31 77 10
31 78 6
31 81 3
31 82 3
31 83 9
31 85 9
31 86 5
31 89 4
31 93 3
31 94 10
31 96 5
31 99 9
32 34 1
32 38 2
32 39 6
32 41 6
32 43 8
32 45 1
32 46 9
32 56 8
32 58 7
32 60 10
32 61 3
32 62 5
32 67 3
32 68 3
32 73 7
32 74 4
32 75 8
32 76 2
32 77 9
32 78 4
32 79 6
32 80 10
32 81 3
32 83 1
32 84 4
32 88 7
32 91 8
32 92 8
32 93 8
32 95 6
32 97 2
32 98 6
32 99 6
33 34 3
33 35 1
33 37 1
33 38 8
33 40 6
33 41 6
33 42 9
33 43 2
33 44 1
33 47 9
33 48 3
33 50 7
33 51 10
33 52 5
33 57 7
33 58 10
33 59 1
33 60 8
33 62 10
33 63 7
33 64 5
33 65 7
33 66 10
33 68 10
33 69 4
33 71 6
33 72 10
33 73 2
33 75 2
33 81 1
33 82 9
33 83 1
33 84 1
33 86 8
33 87 1
33 88 8
33 90 10
33 91 1
33 98 3
34 37 5
34 40 4
34 41 2
34 42 2
34 43 2
34 44 7
34 46 4
34 51 5
34 53 5
34 54 2
34 55 2
34 56 5
34 60 9
34 63 4
34 64 5
34 66 3
34 67 10
34 68 10
34 71 5
34 73 9
34 74 1
34 75 4
34 76 4
34 78 1
34 79 8
34 82 10
34 83 6
34 84 9
34 87 8
34 91 3
34 92 2
34 95 4
34 96 10
34 97 5
34 98 9
34 99 9
35 36 1
35 37 10
35 38 3
35 41 3
35 46 10
35 47 7
35 49 3
35 50 5
35 52 9
35 57 4
35 59 8
35 61 10
35 62 5
35 64 8
35 67 2
35 68 8
35 69 5
35 73 10
35 74 5
35 76 7
35 79 1
35 80 2
35 82 3
35 85 1
35 86 4
35 87 10
35 88 9
35 89 3
35 91 7
35 93 7
35 94 6
35 96 8
35 97 10
35 99 1
36 37 3
36 39 2
36 41 6
36 42 4
36 45 5
36 46 10
36 47 3
36 49 10
36 51 7
36 52 5
36 54 2
36 56 8
36 57 2
36 58 8
36 60 3
36 63 4
36 66 1
36 71 7
36 72 3
36 74 8
36 77 9
36 80 2
36 81 5
36 83 10
36 84 10
36 85 4
36 87 6
36 88 6
36 90 5
36 91 10
36 93 6
36 94 1
36 96 6
36 97 6
36 98 8
36 99 2
37 39 3
37 40 8
37 41 2
37 42 5
37 44 1
37 48 1
37 49 8
37 56 4
37 59 8
37 62 1
37 65 5
37 66 3
37 68 1
37 74 4
37 75 2
37 76 6
37 78 9
37 79 3
37 80 4
37 83 4
37 84 9
37 86 5
37 87 6
37 88 6
37 89 3
37 91 5
37 92 5
37 93 8
37 96 8
37 98 9
38 40 7
38 44 4
38 47 3
38 53 2
38 56 8
38 57 7
38 58 3
38 59 2
38 60 5
38 61 10
38 63 2
38 65 3
38 66 1
38 71 2
38 73 9
38 76 7
38 77 10
38 81 6
38 86 10
38 88 1
38 89 1
38 90 6
38 96 6
38 97 7
38 98 7
39 43 4
39 45 2
39 46 9
39 50 7
39 51 6
39 55 4
39 59 10
39 61 4
39 62 10
39 63 6
39 64 5
39 65 8
39 67 5
39 68 5
39 71 10
39 72 10
39 76 4
39 77 9
39 79 9
39 80 3
39 82 6
39 85 3
39 88 9
39 89 5
39 90 6
39 93 9
40 41 3
40 42 1
40 45 5
40 46 6
40 48 3
40 50 6
40 52 2
40 53 9
40 54 9
40 55 4
40 57 8
40 58 9
40 59 4
40 60 5
40 61 6
40 62 2
40 63 10
40 64 10
40 65 7
40 69 4
40 72 3
40 73 4
40 74 6
40 75 2
40 78 7
40 79 4
40 82 9
40 83 10
40 84 10
40 86 10
40 87 3
40 90 3
40 91 3
40 93 1
40 99 5
41 43 2
41 45 8
41 46 5
41 47 10
41 48 6
41 51 6
41 53 4
41 55 6
41 59 8
41 62 10
41 64 6
41 68 3
41 69 9
41 70 8
41 71 10
41 72 7
41 73 9
41 74 9
41 79 7
41 81 8
41 82 8
41 84 4
41 85 7
41 86 10
41 87 6
41 93 9
41 94 9
41 96 3
41 97 10
41 98 10
42 47 7
42 51 9
42 55 10
42 56 2
42 57 6
42 58 6
42 61 1
42 62 6
42 63 8
42 66 9
42 67 7
42 68 3
42 69 3
42 72 2
42 73 2
42 76 4
42 78 10
42 79 1
42 81 1
42 86 4
42 89 7
42 91 1
42 92 5
42 94 6
42 96 5
42 99 9
43 44 6
43 51 6
43 53 5
43 55 3
43 57 7
43 58 3
43 59 3
43 61 4
43 63 7
43 64 9
43 65 1
43 66 6
43 68 1
43 70 5
43 71 8
43 74 2
43 75 7
43 81 5
43 82 3
43 83 3
43 87 8
43 90 7
43 94 7
43 95 2
43 96 10
43 99 5
44 46 2
44 47 5
44 51 10
44 52 1
44 53 1
44 54 8
44 55 8
44 56 9
44 57 10
44 58 3
44 59 3
44 66 6
44 68 6
44 69 1
44 70 2
44 75 7
44 76 9
44 78 8
44 89 7
44 92 8
44 93 9
44 94 8
44 96 2
44 97 7
44 99 2
45 46 1
45 47 5
45 49 7
45 50 10
45 51 5
45 53 9
45 54 4
45 57 7
45 58 1
45 62 2
45 63 3
45 65 2
45 66 1
45 67 2
45 70 4
45 74 9
45 76 8
45 77 5
45 78 1
45 80 6
45 82 7
45 84 1
45 85 1
45 87 2
45 88 2
45 89 7
45 90 5
45 91 9
45 94 3
45 95 10
45 96 9
45 98 8
45 99 3
46 47 7
46 49 1
46 50 7
46 51 5
46 52 10
46 54 7
46 56 6
46 57 5
46 58 8
46 59 6
46 60 10
46 62 7
46 63 4
46 64 4
46 66 7
46 68 6
46 69 4
46 74 8
46 78 1
46 79 2
46 80 6
46 81 9
46 82 4
46 85 7
46 86 3
46 89 3
46 91 1
46 96 3
46 97 4
47 53 6
47 55 3
47 60 7
47 61 9
47 62 3
47 63 1
47 65 2
47 71 2
47 73 8
47 74 10
47 76 3
47 77 2
47 78 7
47 80 10
47 83 5
47 86 4
47 90 3
47 91 1
47 92 8
47 95 7
47 98 6
47 99 1
48 50 6
48 52 7
48 53 5
48 54 10
48 55 2
48 56 3
48 57 4
48 58 2
48 60 8
48 61 4
48 62 2
48 67 5
48 68 3
48 71 5
48 84 6
48 85 8
48 86 10
48 89 2
48 90 5
48 93 3
48 94 6
48 97 8
49 50 8
49 51 3
49 53 6
49 54 1
49 56 7
49 57 5
49 58 2
49 60 6
49 61 1
49 62 3
49 64 4
49 65 9
49 66 7
49 67 9
49 68 2
49 70 4
49 75 8
49 76 8
49 77 6
49 79 2
49 81 4
49 82 4
49 83 4
49 85 4
49 86 7
49 88 7
49 90 6
49 92 1
49 94 4
49 95 1
49 97 10
50 53 4
50 54 8
50 55 8
50 57 10
50 58 2
50 59 3
50 61 1
50 62 10
50 63 2
50 64 10
50 66 5
50 69 8
50 70 7
50 72 6
50 73 1
50 74 5
50 75 1
50 76 4
50 77 5
50 78 5
50 80 9
50 81 2
50 85 9
50 89 7
50 94 4
50 96 10
50 97 6
50 99 7
51 53 3
51 54 2
51 57 2
51 59 5
51 60 8
51 61 1
51 64 10
51 65 2
51 66 9
51 69 3
51 70 6
51 71 1
51 73 5
51 76 9
51 79 3
51 83 7
51 87 1
51 88 5
51 93 9
51 98 7
51 99 4
52 53 4
52 55 3
52 56 4
52 58 8
52 59 10
52 60 6
52 61 6
52 62 10
52 64 3
52 65 1
52 66 2
52 67 9
52 68 2
52 69 6
52 73 6
52 74 8
52 75 6
52 76 7
52 79 7
52 80 6
52 82 9
52 83 3
52 85 1
52 86 4
52 89 4
52 93 10
52 94 7
52 95 4
52 96 9
52 97 10
52 98 1
52 99 3
53 56 4
53 58 3
53 60 6
53 61 3
53 66 3
53 68 2
53 71 7
53 73 3
53 75 7
53 77 9
53 78 10
53 79 5
53 82 9
53 87 7
53 88 7
53 89 8
53 91 9
53 92 8
53 94 2
53 97 10
53 99 10
54 55 8
54 56 6
54 57 4
54 58 6
54 59 1
54 60 9
54 62 7
54 63 2
54 64 3
54 65 6
54 67 5
54 68 10
54 70 5
54 71 1
54 72 2
54 73 7
54 74 2
54 75 10
54 76 8
54 77 5
54 78 2
54 79 2
54 80 2
54 82 3
54 83 10
54 84 2
54 86 4
54 88 4
54 91 5
54 92 1
54 97 6
54 98 6
55 56 4
55 58 2
55 59 6
55 64 10
55 65 3
55 67 7
55 68 8
55 69 10
55 70 5
55 73 2
55 75 8
55 78 5
55 79 3
55 87 5
55 94 9
55 96 6
55 98 2
56 59 3
56 61 7
56 62 8
56 63 4
56 64 7
56 67 5
56 69 1
56 71 6
56 73 1
56 75 5
56 77 5
56 79 3
56 80 4
56 82 4
56 83 2
56 85 4
56 88 1
56 91 3
56 92 5
56 93 5
56 95 4
56 96 7
57 59 2
57 62 4
57 65 3
57 66 1
57 67 7
57 69 3
57 70 10
57 71 2
57 72 8
57 73 8
57 74 9
57 75 7
57 80 2
57 81 3
57 83 8
57 85 2
57 88 2
57 89 9
57 93 9
57 95 10
57 97 2
57 98 8
58 65 8
58 66 4
58 67 4
58 68 6
58 69 7
58 71 7
58 73 9
58 75 6
58 76 7
58 77 9
58 78 2
58 81 4
58 82 10
58 83 3
58 85 2
58 86 1
58 87 9
58 89 10
58 90 6
58 92 9
58 94 5
58 97 10
58 98 3
58 99 1
59 62 7
59 67 8
59 69 3
59 70 10
59 72 5
59 73 1
59 75 5
59 77 3
59 78 3
59 81 9
59 82 8
59 84 9
59 86 1
59 88 5
59 89 10
59 90 4
59 96 8
59 97 9
59 98 2
60 61 9
60 62 7
60 63 2
60 67 1
60 68 3
60 70 7
60 72 10
60 73 5
60 74 7
60 75 4
60 78 3
60 80 10
60 84 3
60 85 3
60 86 7
60 87 2
60 91 4
60 94 8
60 95 1
60 96 6
60 97 7
61 62 4
61 63 10
61 65 2
61 67 3
61 68 2
61 70 5
61 72 4
61 74 5
61 75 8
61 77 10
61 80 1
61 81 4
61 82 6
61 83 2
61 84 2
61 85 9
61 87 9
61 90 2
61 92 9
61 96 6
61 97 5
62 64 9
62 66 3
62 68 5
62 69 8
62 73 6
62 76 3
62 78 9
62 80 7
62 81 1
62 82 7
62 83 3
62 84 3
62 85 6
62 87 10
62 88 2
62 89 2
62 91 6
62 97 1
62 98 9
63 64 9
63 65 6
63 67 8
63 69 7
63 70 3
63 71 9
63 72 3
63 73 1
63 74 1
63 76 6
63 77 7
63 78 10
63 80 9
63 81 4
63 82 7
63 83 2
63 84 1
63 87 10
63 88 5
63 90 5
63 92 9
63 96 9
63 97 4
64 66 5
64 67 4
64 69 4
64 70 2
64 71 5
64 73 4
64 77 4
64 79 10
64 80 8
64 82 4
64 86 7
64 87 7
64 91 1
64 93 9
64 96 2
64 98 8
64 99 7
65 67 2
65 68 9
65 69 4
65 70 9
65 72 5
65 73 2
65 75 10
65 77 9
65 81 4
65 83 9
65 86 10
65 87 6
65 89 7
65 93 6
65 94 4
65 96 5
65 97 1
65 99 5
66 69 4
66 70 6
66 71 1
66 72 2
66 73 6
66 74 6
66 76 8
66 77 7
66 78 6
66 79 4
66 82 10
66 83 1
66 85 2
66 87 6
66 92 1
66 93 9
66 95 6
66 96 5
66 98 8
67 71 1
67 72 5
67 74 6
67 76 2
67 77 2
67 84 7
67 89 4
67 95 9
67 96 4
67 98 10
67 99 1
68 71 8
68 74 9
68 77 10
68 79 5
68 80 3
68 82 5
68 84 10
68 85 7
68 91 10
68 92 5
68 93 7
68 94 8
68 95 4
68 98 3
69 70 2
69 71 6
69 72 3
69 73 1
69 77 7
69 78 6
69 81 5
69 85 5
69 86 5
69 87 2
69 89 9
69 90 5
69 92 9
69 93 2
69 94 6
69 95 10
69 96 8
70 71 9
70 75 8
70 76 9
70 78 7
70 79 3
70 80 1
70 81 4
70 82 7
70 83 4
70 88 5
70 92 5
70 93 1
70 94 10
70 95 3
70 96 3
70 97 5
70 99 5
71 72 4
71 76 3
71 79 5
71 82 10
71 83 5
71 84 1
71 85 9
71 86 5
71 88 3
71 89 9
71 90 6
71 91 6
71 93 7
71 95 5
71 96 7
72 75 9
72 80 9
72 81 9
72 82 3
72 83 7
72 85 4
72 88 8
72 89 9
72 90 4
72 91 5
72 97 6
73 76 7
73 79 4
73 82 2
73 83 1
73 84 7
73 85 8
73 86 7
73 93 4
73 95 8
73 96 4
73 98 1
73 99 1
74 75 5
74 76 4
74 77 1
74 79 3
74 83 4
74 85 6
74 88 8
74 89 1
74 91 6
74 94 4
74 95 6
74 99 4
75 76 3
75 78 10
75 79 6
75 81 5
75 84 8
75 85 10
75 87 6
75 88 1
75 91 2
75 95 2
75 99 4
76 78 9
76 79 10
76 80 2
76 81 6
76 83 10
76 86 3
76 87 4
76 88 7
76 89 4
76 90 3
76 91 3
76 93 1
76 95 6
76 96 5
76 97 10
76 99 2
77 78 10
77 79 6
77 81 5
77 82 4
77 83 4
77 84 5
77 86 10
77 88 10
77 91 9
77 97 7
77 98 9
77 99 5
78 79 3
78 83 4
78 86 8
78 88 8
78 90 8
78 91 1
78 92 1
78 96 4
78 98 1
79 81 2
79 83 6
79 85 8
79 86 3
79 89 10
79 90 10
79 92 2
79 93 6
79 94 8
79 95 3
79 97 3
79 98 10
79 99 10
80 81 2
80 83 1
80 86 8
80 87 7
80 88 6
80 90 7
80 92 4
81 84 7
81 87 9
81 88 5
81 90 10
81 91 1
81 92 2
81 94 2
81 95 4
81 96 1
81 98 6
81 99 5
82 83 7
82 85 5
82 86 6
82 88 3
82 91 1
82 94 6
82 95 6
82 97 9
82 99 9
83 84 3
83 85 9
83 86 5
83 91 3
83 95 8
83 97 10
83 99 6
84 86 3
84 87 1
84 89 1
84 91 10
84 92 2
84 93 3
84 94 4
84 98 9
85 86 5
85 87 4
85 88 6
85 91 5
85 93 4
85 94 8
85 95 2
85 96 9
85 97 7
85 99 1
86 88 3
86 89 10
86 91 8
86 92 6
86 93 7
86 96 2
86 98 5
87 89 1
87 91 10
87 92 2
87 93 8
87 94 10
88 91 10
88 92 4
88 93 5
88 96 7
88 97 8
88 99 4
89 90 7
89 91 6
89 93 1
89 97 9
90 92 7
90 93 8
90 94 9
90 95 1
90 97 3
90 98 1
90 99 10
91 94 1
91 95 6
91 96 5
91 97 1
91 98 4
92 93 4
92 95 6
92 97 1
93 94 8
93 95 9
93 97 9
94 95 8
94 97 2
94 98 8
95 98 1
95 99 3
96 98 4
97 98 6
98 99 6
