125 3881
0 1 937
0 3 11394
0 5 2052
0 7 5813
0 9 565
0 15 4396
0 16 9119
0 19 4707
0 20 1204
0 22 501
0 24 15448
0 28 9352
0 29 12112
0 30 8414
0 32 12233
0 34 11028
0 35 5582
0 36 8503
0 37 12205
0 38 493
0 41 9979
0 45 2727
0 49 11425
0 52 6041
0 54 4590
0 55 1434
0 57 4292
0 58 909
0 62 6286
0 63 15340
0 64 943
0 66 7456
0 71 11090
0 72 4896
0 74 4852
0 77 1323
0 78 15245
0 79 10449
0 80 7251
0 90 3906
0 91 13647
0 95 5267
0 96 6593
0 98 3147
0 100 2676
0 101 4188
0 104 13416
0 105 1866
0 106 4855
0 107 10543
0 108 14316
0 109 5299
0 113 4522
0 115 6218
0 119 15467
0 122 2471
0 123 10296
1 4 10151
1 6 1246
1 7 1200
1 8 586
1 14 14409
1 17 13257
1 23 962
1 25 8581
1 29 5062
1 31 6871
1 32 6379
1 34 14578
1 35 2318
1 36 3161
1 37 6787
1 39 8147
1 40 8366
1 41 4686
1 42 3599
1 45 12152
1 48 13279
1 51 10273
1 52 9920
1 53 10828
1 55 3921
1 56 2197
1 57 895
1 59 8997
1 63 12653
1 64 3238
1 66 4900
1 67 1362
1 68 3610
1 69 14366
1 70 3108
1 72 9692
1 73 11148
1 77 2809
1 78 15551
1 79 10741
1 80 13769
1 81 8629
1 86 2911
1 87 8886
1 91 4309
1 92 6888
1 93 1327
1 94 7962
1 95 13166
1 97 2218
1 98 14614
1 99 3761
1 102 5103
1 103 2099
1 105 8764
1 106 13576
1 108 3693
1 109 2406
1 110 2449
1 111 4092
1 113 14155
1 114 3844
1 115 4935
1 116 11246
1 118 13143
1 121 7031
1 122 14234
1 123 8083
1 124 14543
2 5 14615
2 6 8168
2 7 12156
2 9 11516
2 11 3470
2 12 15092
2 13 9404
2 15 3928
2 16 12616
2 19 5018
2 21 5879
2 23 10329
2 27 14387
2 31 2255
2 33 4923
2 34 6794
2 35 1446
2 37 3845
2 38 9533
2 39 3699
2 40 14832
2 42 8895
2 43 2198
2 44 4469
2 47 8370
2 52 6488
2 53 12645
2 54 2655
2 57 12033
2 64 5590
2 65 856
2 66 7535
2 67 3622
2 68 5830
2 69 3917
2 70 14094
2 77 1669
2 82 242
2 83 3555
2 85 1709
2 86 14181
2 87 2865
2 88 5983
2 95 7822
2 96 14296
2 98 12299
2 103 9822
2 104 8323
2 105 8413
2 106 8663
2 108 11939
2 109 9675
2 110 2639
2 111 12153
2 114 3430
2 115 5040
2 117 7776
2 119 11329
2 120 10819
2 121 9655
2 124 6140
3 4 2122
3 5 14236
3 6 5696
3 7 8777
3 8 14881
3 9 2219
3 10 3109
3 11 5865
3 12 13973
3 13 8991
3 15 8875
3 16 3999
3 17 9023
3 19 8150
3 22 11798
3 24 5963
3 26 10254
3 30 12301
3 31 7041
3 32 2344
3 36 11198
3 37 3344
3 38 9881
3 42 5065
3 43 5055
3 45 5579
3 46 10067
3 47 2900
3 48 4156
3 50 11123
3 51 333
3 52 13493
3 62 13577
3 63 10218
3 64 7467
3 67 1376
3 69 14842
3 70 615
3 71 10874
3 77 15020
3 79 6496
3 80 10884
3 82 7243
3 84 1212
3 86 10181
3 87 14073
3 92 1659
3 93 1352
3 95 3678
3 96 7107
3 98 7937
3 99 4072
3 103 8748
3 104 2986
3 105 13675
3 106 15044
3 108 1803
3 110 6456
3 111 3015
3 112 5516
3 113 7589
3 114 13812
3 116 13280
3 118 15593
3 119 7538
3 121 8971
3 123 3083
3 124 4676
4 6 11601
4 7 3725
4 8 5904
4 10 392
4 18 6918
4 20 7737
4 23 2862
4 26 1715
4 29 3382
4 30 8990
4 32 14750
4 34 3594
4 37 1781
4 38 14469
4 40 12282
4 41 15529
4 42 15350
4 44 2629
4 48 3484
4 50 3129
4 52 14611
4 53 2954
4 54 2736
4 57 14306
4 58 13410
4 59 6516
4 66 8444
4 68 557
4 70 1801
4 72 6347
4 75 14484
4 76 15590
4 77 7493
4 81 15609
4 84 2477
4 85 12257
4 86 419
4 88 12394
4 89 15482
4 91 1580
4 94 4502
4 96 1983
4 98 2420
4 99 10079
4 100 15037
4 101 4486
4 102 15314
4 107 1725
4 108 12416
4 110 7837
4 111 6783
4 113 2987
4 114 8073
4 116 7289
4 119 10008
4 120 9730
4 121 4938
4 123 983
5 6 6693
5 8 3541
5 11 12982
5 12 8398
5 13 11538
5 17 13287
5 18 1588
5 19 349
5 20 7100
5 21 15513
5 24 13722
5 25 3647
5 26 15381
5 27 2446
5 28 6383
5 31 8577
5 34 4336
5 35 14367
5 36 770
5 37 2313
5 39 1557
5 41 4485
5 43 9116
5 44 13042
5 46 9667
5 47 13148
5 48 12426
5 49 7824
5 51 11902
5 53 1045
5 54 48
5 56 13704
5 58 7820
5 63 1210
5 65 4101
5 71 7108
5 73 14800
5 75 12898
5 77 8922
5 79 7109
5 80 10742
5 81 3302
5 82 7322
5 83 7970
5 84 15301
5 88 9269
5 90 3107
5 91 2160
5 94 8549
5 95 5854
5 97 7116
5 99 7890
5 100 13496
5 101 6250
5 102 6922
5 103 7126
5 107 2506
5 108 12811
5 110 14989
5 111 11146
5 113 10677
5 114 4332
5 115 7690
5 116 5111
5 117 7312
5 121 14773
5 124 5827
6 7 11037
6 8 9832
6 9 13261
6 10 2193
6 11 5561
6 14 1568
6 15 12229
6 16 5707
6 17 7597
6 21 283
6 22 14501
6 23 14020
6 24 15388
6 27 12917
6 28 4095
6 29 10943
6 30 4431
6 32 5619
6 33 14242
6 35 3389
6 36 4820
6 37 10981
6 39 8806
6 40 10492
6 43 4331
6 45 11258
6 47 577
6 54 2752
6 55 5503
6 59 7123
6 61 13465
6 63 14679
6 64 12120
6 65 7547
6 69 1947
6 71 14412
6 72 15126
6 73 10780
6 75 1056
6 76 12619
6 77 345
6 78 3403
6 79 7476
6 81 2290
6 84 3273
6 85 548
6 86 14568
6 87 311
6 88 9323
6 89 11010
6 91 10980
6 96 1971
6 97 10098
6 99 13708
6 102 14755
6 104 9476
6 109 11888
6 115 10324
6 116 8721
6 117 7296
6 120 15282
7 9 8973
7 10 11445
7 12 11171
7 13 12277
7 14 13484
7 15 1143
7 18 4411
7 19 3831
7 20 5863
7 21 12032
7 22 7030
7 26 5017
7 27 1057
7 28 6738
7 29 4114
7 30 15552
7 31 15100
7 32 12933
7 34 12226
7 35 556
7 38 11167
7 39 1402
7 41 8497
7 43 10398
7 44 8670
7 49 12947
7 52 11994
7 54 13566
7 55 9473
7 56 9480
7 60 12662
7 62 12351
7 63 7223
7 64 9711
7 66 2435
7 67 1919
7 69 9216
7 70 8999
7 71 10483
7 73 3675
7 75 6799
7 76 2965
7 78 8050
7 79 5118
7 80 691
7 85 157
7 88 6626
7 95 10109
7 96 13251
7 98 8618
7 101 10889
7 103 3288
7 106 7936
7 107 5648
7 109 6532
7 110 7875
7 112 3780
7 113 2793
7 115 15408
7 116 7551
7 117 8760
7 120 2491
7 121 1993
8 9 9017
8 11 11269
8 12 3995
8 13 10615
8 14 694
8 15 3964
8 18 3201
8 21 10649
8 23 1073
8 26 578
8 27 9344
8 29 9762
8 30 2339
8 31 10696
8 33 3285
8 34 14311
8 35 1538
8 36 4233
8 37 2070
8 41 8584
8 42 2706
8 43 1130
8 45 8724
8 47 2577
8 48 8797
8 49 3511
8 50 7351
8 51 6315
8 55 1728
8 56 13511
8 57 1982
8 58 4490
8 61 1571
8 62 14938
8 63 7930
8 64 5079
8 66 109
8 67 12162
8 68 14146
8 69 4432
8 70 4754
8 71 4868
8 74 8667
8 75 7354
8 80 2549
8 82 4308
8 84 4532
8 85 6002
8 86 6147
8 87 370
8 89 1977
8 93 9502
8 95 7128
8 96 5653
8 97 1713
8 98 6542
8 100 8664
8 103 1615
8 105 8298
8 107 7149
8 108 10817
8 109 10931
8 110 5649
8 111 3032
8 112 4102
8 115 11844
8 116 6866
8 117 14673
8 118 7068
8 119 14260
8 120 10853
8 121 1207
8 123 8388
8 124 363
9 11 13011
9 12 5204
9 13 5728
9 15 3245
9 16 1138
9 18 3231
9 21 14632
9 22 2903
9 25 8268
9 26 6418
9 27 14715
9 29 3304
9 34 352
9 37 5910
9 38 3102
9 41 9757
9 44 526
9 45 14408
9 47 2709
9 49 9860
9 52 7848
9 53 7900
9 54 9596
9 56 12268
9 57 4613
9 58 6107
9 63 15439
9 65 140
9 69 1494
9 74 11629
9 75 3045
9 79 1758
9 81 365
9 82 8598
9 83 15121
9 85 4300
9 86 11536
9 88 12415
9 91 1829
9 93 10508
9 94 7444
9 95 3692
9 97 10281
9 98 12174
9 99 8784
9 100 3694
9 101 7111
9 103 4106
9 106 6111
9 108 12958
9 111 14610
9 112 9640
9 114 7884
9 115 2930
9 120 8129
9 123 4564
10 15 6385
10 16 4248
10 17 8709
10 22 11105
10 24 1846
10 30 2783
10 31 6282
10 33 8279
10 35 1892
10 37 7282
10 39 13624
10 40 221
10 42 15177
10 43 3910
10 46 14452
10 49 10253
10 51 2521
10 52 2379
10 53 941
10 58 11768
10 60 235
10 62 9627
10 63 551
10 64 253
10 66 14313
10 69 10594
10 71 11793
10 72 5762
10 74 8653
10 77 8746
10 79 12801
10 81 9170
10 84 10241
10 88 5164
10 89 13446
10 95 6033
10 98 1221
10 100 9031
10 103 9025
10 104 7524
10 109 3448
10 111 5855
10 113 12952
10 114 15290
10 115 6596
10 118 12236
10 119 13393
10 123 2696
10 124 13557
11 14 3614
11 15 7119
11 16 14292
11 17 7162
11 18 9697
11 19 5183
11 22 10251
11 23 12938
11 24 12305
11 32 8286
11 35 3669
11 42 760
11 46 3323
11 50 11319
11 51 2038
11 54 13611
11 56 9738
11 57 1252
11 59 5780
11 63 5845
11 65 13941
11 66 8588
11 67 10935
11 68 4471
11 69 5341
11 71 13459
11 72 7791
11 73 999
11 75 14273
11 76 4498
11 77 6856
11 78 15267
11 79 11184
11 80 2850
11 81 9179
11 83 8823
11 87 9985
11 89 7775
11 94 4961
11 95 11059
11 98 13805
11 101 14787
11 103 10683
11 105 2415
11 108 4995
11 110 1763
11 111 10665
11 113 11642
11 114 4082
11 117 671
11 120 6305
11 122 3945
11 124 10317
12 13 2483
12 14 8885
12 16 3141
12 19 13145
12 20 14857
12 21 2230
12 22 5472
12 24 12071
12 28 9892
12 29 9089
12 34 11935
12 35 181
12 36 12935
12 48 5384
12 53 10385
12 54 143
12 56 6506
12 57 9134
12 58 9045
12 59 11327
12 61 14940
12 62 14177
12 63 5732
12 65 3480
12 67 3100
12 73 7431
12 77 6395
12 78 2393
12 81 10625
12 83 9380
12 84 9499
12 85 10344
12 88 2523
12 89 7427
12 90 4628
12 91 7974
12 92 7246
12 93 3226
12 94 15056
12 95 8251
12 96 7725
12 99 4515
12 102 13603
12 103 14170
12 105 8111
12 109 12950
12 111 13285
12 112 1520
12 113 3702
12 114 10291
12 115 1697
12 118 10092
12 119 7279
12 120 13773
12 121 12738
12 123 886
13 14 10245
13 15 7115
13 16 566
13 19 6422
13 20 5154
13 21 7378
13 22 9460
13 23 9801
13 24 3488
13 27 8066
13 28 5911
13 34 14771
13 37 4160
13 38 10103
13 40 15285
13 41 1765
13 43 14667
13 45 11534
13 46 8781
13 47 4741
13 51 12360
13 52 11361
13 53 13757
13 56 425
13 58 7587
13 60 5385
13 63 14284
13 64 7817
13 65 2742
13 68 12451
13 69 14143
13 71 9446
13 72 14696
13 76 14064
13 78 5622
13 80 8845
13 81 473
13 82 1651
13 83 13742
13 90 11504
13 91 7925
13 93 4601
13 98 11661
13 99 788
13 104 9002
13 106 2131
13 108 7487
13 109 3561
13 110 5706
13 112 832
13 114 6885
13 118 10701
13 119 4209
13 120 5080
13 122 7329
13 124 15279
14 15 4612
14 19 6955
14 21 13092
14 22 11886
14 23 11818
14 25 7099
14 28 5690
14 29 14861
14 31 8590
14 35 5858
14 36 2770
14 37 2016
14 38 1610
14 40 4474
14 41 14054
14 43 14059
14 47 5005
14 50 979
14 52 13807
14 54 13837
14 55 6556
14 57 10472
14 58 11666
14 60 4599
14 63 13474
14 64 14245
14 65 12284
14 66 3481
14 69 657
14 70 1618
14 74 13477
14 79 2464
14 80 14926
14 83 14859
14 84 2912
14 85 5959
14 87 656
14 90 5912
14 98 2611
14 101 304
14 102 12660
14 104 10288
14 107 14813
14 112 11837
14 113 15523
14 115 63
14 116 12885
14 118 5958
14 119 6437
14 120 11251
14 121 7653
14 124 11779
15 16 9399
15 17 13061
15 22 5731
15 24 9504
15 26 13819
15 28 8638
15 31 1815
15 32 4201
15 34 10652
15 37 10031
15 42 8908
15 43 3534
15 44 1743
15 45 6426
15 47 11331
15 48 2448
15 50 5924
15 51 10315
15 53 14118
15 55 2383
15 65 740
15 66 12378
15 67 8939
15 68 10495
15 70 7356
15 71 15508
15 73 8338
15 74 10437
15 75 5526
15 76 13442
15 77 1717
15 79 11272
15 80 9261
15 81 5453
15 84 13706
15 85 14159
15 87 13035
15 88 7069
15 90 6847
15 92 5450
15 98 11662
15 99 14566
15 101 5495
15 102 3519
15 103 9729
15 106 4334
15 110 6616
15 111 5611
15 112 13828
15 113 3862
15 114 3425
15 116 4737
15 120 2163
15 124 5693
16 18 6361
16 19 4190
16 20 12376
16 21 10721
16 22 6192
16 25 6198
16 26 4798
16 29 416
16 31 5137
16 34 10835
16 35 15022
16 38 4895
16 42 12691
16 43 6330
16 44 13269
16 47 8815
16 49 6431
16 54 118
16 55 15094
16 58 15059
16 60 325
16 61 6659
16 63 310
16 65 2066
16 66 7181
16 68 11325
16 70 9678
16 71 10348
16 72 1400
16 75 10243
16 76 8170
16 77 12469
16 78 8696
16 80 9995
16 82 13336
16 84 2476
16 85 6573
16 86 7401
16 88 11085
16 89 4965
16 90 728
16 91 6758
16 92 10467
16 95 13449
16 96 11729
16 100 11544
16 101 13688
16 102 1179
16 103 3222
16 106 2789
16 109 19
16 110 9576
16 112 4047
16 116 15553
16 118 5609
16 123 3178
17 19 8260
17 22 2320
17 25 3312
17 28 14930
17 29 4418
17 30 14901
17 33 14869
17 34 3394
17 37 6991
17 38 11985
17 40 10336
17 41 1029
17 44 7883
17 47 11203
17 48 14562
17 49 9654
17 51 11870
17 52 2728
17 53 4804
17 58 8287
17 59 15303
17 62 11418
17 63 15149
17 65 3438
17 66 12638
17 67 2875
17 71 12219
17 72 2201
17 73 243
17 75 11150
17 76 7636
17 77 7311
17 78 10155
17 80 10929
17 83 12671
17 84 3014
17 85 40
17 86 1407
17 88 903
17 89 8675
17 90 11981
17 92 4360
17 93 10173
17 96 13492
17 98 346
17 100 6298
17 101 4993
17 102 14394
17 103 2472
17 105 902
17 108 4636
17 109 214
17 110 7982
17 111 11875
17 112 9710
17 113 940
17 117 3589
17 119 15491
17 121 12621
17 123 8379
17 124 10972
18 20 14453
18 21 10844
18 23 504
18 24 2514
18 29 14415
18 31 10132
18 34 3134
18 36 5672
18 41 3621
18 44 12874
18 46 12260
18 47 9068
18 52 5717
18 53 4777
18 54 12164
18 56 4830
18 59 10507
18 61 8098
18 66 12184
18 68 15167
18 71 7809
18 73 7545
18 74 11951
18 76 3359
18 77 1391
18 79 10010
18 81 9591
18 82 15336
18 85 3893
18 86 9996
18 87 11596
18 90 2188
18 92 15016
18 94 14775
18 97 13726
18 99 3381
18 100 3563
18 101 14812
18 102 15456
18 106 3326
18 111 9865
18 113 1477
18 116 8677
18 119 2326
18 120 11742
18 122 372
19 20 3963
19 21 11784
19 22 12169
19 23 4917
19 24 3871
19 26 817
19 31 13046
19 33 1025
19 34 3851
19 35 7286
19 36 6474
19 37 12052
19 39 3257
19 44 8020
19 47 9506
19 48 14096
19 49 3081
19 50 12190
19 58 5919
19 59 15254
19 60 9427
19 61 3698
19 62 10422
19 63 14685
19 65 6711
19 67 7451
19 68 10607
19 70 15155
19 71 4173
19 72 13804
19 74 8434
19 75 15470
19 78 1601
19 82 6444
19 83 12985
19 85 4150
19 87 8927
19 88 11033
19 90 13736
19 93 11342
19 95 15495
19 97 3606
19 100 13163
19 102 9204
19 103 10028
19 104 4729
19 106 5247
19 108 7145
19 109 2413
19 110 12490
19 111 3721
19 112 9078
19 113 8931
19 117 8056
19 118 10634
19 119 7797
19 121 14074
19 123 15596
19 124 543
20 21 8665
20 23 10366
20 24 12222
20 25 11987
20 28 14931
20 30 11938
20 31 8152
20 32 14945
20 33 4389
20 34 2489
20 35 9132
20 37 1060
20 39 11599
20 40 4805
20 46 5074
20 47 2958
20 50 11885
20 51 13800
20 52 8070
20 53 8921
20 54 3477
20 55 11130
20 57 7287
20 58 8774
20 59 17
20 61 2916
20 64 14497
20 65 8335
20 69 3842
20 73 8005
20 76 5144
20 83 4716
20 84 10431
20 88 1215
20 91 939
20 93 14043
20 96 5076
20 99 12939
20 100 1111
20 101 8106
20 102 2179
20 104 15159
20 106 14211
20 110 13938
20 111 10753
20 112 522
20 113 6476
20 114 13408
20 116 15555
20 117 14247
20 118 1908
20 120 5729
20 121 1299
20 124 3061
21 23 9249
21 26 1546
21 27 2150
21 28 7317
21 33 4052
21 37 10863
21 39 1301
21 44 8511
21 45 3986
21 46 8252
21 47 5436
21 49 10913
21 51 7051
21 52 5810
21 53 8893
21 54 10704
21 55 12456
21 56 14182
21 57 2522
21 58 4121
21 59 874
21 60 2924
21 62 14972
21 63 7857
21 66 1550
21 67 7179
21 70 1318
21 71 2102
21 73 13406
21 74 4489
21 76 1830
21 77 14570
21 78 9824
21 79 14459
21 83 9255
21 84 13872
21 85 2688
21 86 13960
21 88 3578
21 90 7633
21 91 4479
21 95 1508
21 96 14981
21 99 3313
21 101 2185
21 103 12759
21 104 6011
21 105 4518
21 106 5178
21 108 8692
21 109 1686
21 110 8703
21 111 46
21 114 1124
21 115 3962
21 122 15027
22 24 13366
22 25 5429
22 27 7533
22 29 3958
22 37 4762
22 38 8157
22 39 9326
22 41 10893
22 42 15430
22 44 10554
22 45 334
22 46 11974
22 47 1254
22 48 5207
22 51 8527
22 59 3748
22 61 14401
22 62 10914
22 63 8803
22 64 2953
22 66 1336
22 67 12163
22 68 3854
22 69 81
22 70 12336
22 72 13407
22 75 3595
22 78 1952
22 79 4765
22 80 6294
22 81 12354
22 82 13349
22 88 5715
22 89 7461
22 90 3170
22 91 5272
22 95 9163
22 96 14863
22 101 10832
22 102 7053
22 105 1198
22 107 1121
22 108 7618
22 113 7829
22 114 14584
22 116 5741
22 117 5903
22 118 1593
22 122 3701
23 25 7904
23 27 12142
23 30 1678
23 32 203
23 37 14322
23 40 7462
23 42 10518
23 43 2583
23 46 2257
23 47 739
23 48 9338
23 49 12022
23 50 2425
23 54 2252
23 55 8474
23 56 10709
23 57 11554
23 60 14683
23 61 12760
23 63 11809
23 64 11679
23 65 15493
23 66 13602
23 67 7078
23 68 5095
23 70 910
23 72 6236
23 75 4339
23 76 121
23 78 14896
23 80 10169
23 81 15162
23 82 9845
23 83 13165
23 84 12725
23 85 2140
23 86 4002
23 87 14580
23 88 10598
23 90 5150
23 91 10462
23 92 7389
23 99 15189
23 100 8730
23 102 11463
23 104 7239
23 105 9556
23 106 1120
23 107 10364
23 108 758
23 111 326
23 112 9270
23 113 2919
23 114 3174
23 115 7807
23 118 6420
23 120 2291
23 122 14235
24 25 1838
24 26 13023
24 27 344
24 28 3392
24 29 6215
24 30 7704
24 31 2665
24 36 13380
24 37 10744
24 39 11461
24 40 3315
24 41 8174
24 43 5422
24 45 11212
24 46 5764
24 49 14526
24 52 13724
24 53 7207
24 54 6481
24 55 10464
24 56 486
24 57 8597
24 58 2705
24 59 4641
24 61 6517
24 62 5441
24 64 6449
24 68 11375
24 69 9853
24 70 10921
24 71 3641
24 72 12620
24 73 2394
24 76 8078
24 77 6370
24 78 14594
24 83 1744
24 84 603
24 88 6801
24 89 8035
24 90 4430
24 92 6867
24 94 9913
24 95 11386
24 96 3768
24 98 4713
24 99 12527
24 100 3493
24 103 8197
24 104 409
24 105 2670
24 106 11428
24 110 4361
24 112 14795
24 118 3571
24 120 2467
24 121 9658
24 124 10826
25 26 7210
25 29 15315
25 34 5803
25 35 7601
25 36 9173
25 42 4136
25 44 519
25 45 11644
25 47 8176
25 48 4793
25 49 2373
25 51 11639
25 59 1190
25 65 3253
25 67 3916
25 69 6820
25 70 3825
25 72 15414
25 74 13664
25 75 15411
25 77 5296
25 78 5531
25 81 14230
25 82 11292
25 83 8998
25 84 6751
25 86 3539
25 88 2245
25 94 6797
25 95 2977
25 96 634
25 101 10110
25 102 1517
25 103 5128
25 105 12607
25 107 15208
25 108 8133
25 109 10032
25 111 14836
25 113 1325
25 114 7992
25 116 9156
25 117 6138
25 119 9102
25 120 12747
25 124 7090
26 29 162
26 31 8553
26 33 3311
26 34 3183
26 36 9240
26 38 12322
26 39 15141
26 40 14638
26 42 12697
26 44 10427
26 45 11440
26 46 9542
26 49 2325
26 50 15173
26 55 11057
26 58 14689
26 59 12365
26 60 2505
26 63 14476
26 65 7749
26 66 11346
26 67 14326
26 68 6333
26 69 6896
26 71 3118
26 72 13072
26 74 9827
26 75 10167
26 77 13120
26 78 11409
26 79 14461
26 80 10330
26 81 9594
26 82 14947
26 84 7232
26 85 14422
26 86 2009
26 90 2480
26 91 11049
26 92 10335
26 93 13457
26 94 1945
26 95 11055
26 96 15277
26 97 10842
26 100 1412
26 101 10106
26 102 9790
26 105 8831
26 108 2762
26 109 1292
26 110 14280
26 112 14684
26 113 12668
26 114 14030
26 115 3569
26 118 8261
26 120 2459
26 124 10055
27 30 2455
27 31 3267
27 32 2839
27 33 11467
27 34 676
27 35 10041
27 36 7963
27 39 3091
27 40 307
27 43 4603
27 44 6945
27 45 3585
27 46 15443
27 48 9388
27 49 2189
27 50 11096
27 51 9704
27 52 15225
27 54 6484
27 56 2028
27 57 8607
27 58 3781
27 59 12762
27 60 13230
27 63 4144
27 65 10849
27 68 1698
27 71 4667
27 72 13339
27 74 10258
27 78 8473
27 81 7513
27 83 11724
27 85 6911
27 88 11577
27 92 6231
27 97 6974
27 98 4313
27 99 8974
27 101 3351
27 104 4063
27 106 131
27 108 14621
27 112 12419
27 113 10408
27 116 7035
27 121 8685
28 29 4913
28 31 4163
28 32 8976
28 35 2154
28 38 7482
28 39 10101
28 42 6230
28 44 6706
28 45 720
28 46 723
28 48 13437
28 50 1288
28 51 5585
28 53 1282
28 54 3357
28 55 9398
28 56 13467
28 57 15463
28 58 4064
28 60 11806
28 61 4682
28 62 263
28 64 9819
28 65 8006
28 66 6354
28 67 10066
28 68 2791
28 72 12321
28 73 11391
28 76 9971
28 77 8405
28 78 12386
28 80 1069
28 81 9171
28 84 4258
28 85 4241
28 86 10895
28 87 4774
28 88 949
28 90 7258
28 91 645
28 95 10331
28 98 13550
28 100 13865
28 102 1461
28 104 11235
28 106 11064
28 107 3375
28 114 6308
28 116 10458
28 117 3415
28 118 7486
28 121 6539
28 122 4116
28 123 7647
29 31 8762
29 32 8028
29 35 14835
29 36 12285
29 38 12165
29 40 99
29 45 9947
29 49 3713
29 52 15112
29 53 11937
29 55 219
29 56 2138
29 57 4217
29 59 8195
29 60 3345
29 61 11142
29 62 7588
29 63 1439
29 64 2932
29 65 4846
29 70 4912
29 71 5348
29 72 10927
29 81 7075
29 82 6038
29 84 2030
29 86 2606
29 88 7687
29 90 10723
29 91 8818
29 93 4126
29 94 4157
29 98 4019
29 99 15368
29 100 8436
29 103 3912
29 107 6009
29 110 5215
29 111 7485
29 113 156
29 116 6291
29 117 314
29 120 13931
29 121 8402
29 123 4495
30 31 10666
30 33 13207
30 34 11152
30 35 9548
30 37 8880
30 39 6714
30 44 3463
30 45 10851
30 46 9043
30 50 2221
30 52 12548
30 54 8128
30 55 4285
30 56 15400
30 58 7148
30 60 273
30 66 15049
30 67 11063
30 69 5941
30 75 4191
30 79 13985
30 82 1581
30 85 2136
30 88 14536
30 91 6482
30 92 11357
30 93 12896
30 95 8105
30 97 8560
30 98 1988
30 107 47
30 108 9450
30 110 8211
30 111 14907
30 112 7643
30 113 5937
30 114 1637
30 119 9477
30 120 7839
31 32 5094
31 33 14435
31 36 14255
31 38 2621
31 41 9241
31 47 1209
31 49 8833
31 50 10974
31 53 11854
31 55 14858
31 56 14416
31 57 15265
31 58 11649
31 61 9522
31 62 5456
31 63 15410
31 64 15038
31 67 5597
31 70 3036
31 72 15137
31 73 15357
31 75 5126
31 77 12225
31 80 4435
31 81 14384
31 82 7334
31 83 4954
31 87 8655
31 91 13368
31 92 14643
31 94 15107
31 95 3491
31 96 4024
31 100 9287
31 101 3989
31 102 4509
31 103 9186
31 108 8872
31 109 5676
31 111 42
31 112 13619
31 113 298
31 114 14150
31 116 5182
31 117 14488
31 118 13119
31 119 9085
31 124 11121
32 33 9584
32 34 6247
32 37 1049
32 38 89
32 40 11447
32 41 6348
32 42 15276
32 44 2515
32 46 2124
32 47 12936
32 51 3861
32 53 14991
32 54 3741
32 55 8812
32 56 9382
32 57 4650
32 63 11759
32 65 5132
32 66 11861
32 79 5853
32 80 8644
32 82 11022
32 83 9834
32 85 608
32 86 14703
32 88 1999
32 89 3936
32 90 290
32 91 15321
32 94 15447
32 96 8546
32 97 10973
32 98 7989
32 99 1493
32 100 4743
32 101 3261
32 104 14213
32 107 13786
32 110 7559
32 111 5245
32 113 7912
32 114 6500
32 115 4679
32 119 9623
32 120 12872
32 121 915
32 122 9866
32 123 2608
33 34 7754
33 36 1981
33 39 1066
33 40 8349
33 41 1370
33 42 2559
33 45 10731
33 47 13993
33 49 631
33 53 13173
33 56 1757
33 58 8994
33 59 14968
33 60 11062
33 63 2215
33 64 3054
33 67 4009
33 68 10528
33 73 3553
33 75 1182
33 77 2804
33 79 6708
33 82 8262
33 84 6951
33 89 8808
33 92 9139
33 94 3580
33 96 2659
33 99 8822
33 102 3113
33 104 3404
33 107 2109
33 109 9436
33 112 7134
33 114 2376
33 115 5994
33 120 9030
33 123 5369
33 124 1677
34 37 12177
34 45 15083
34 46 8089
34 48 3007
34 51 15034
34 52 1583
34 54 1574
34 55 5350
34 57 13384
34 58 3957
34 59 3956
34 60 14627
34 61 2571
34 62 2473
34 64 14140
34 65 11153
34 68 3516
34 69 15621
34 70 4850
34 72 736
34 74 1654
34 76 8902
34 77 12346
34 81 11552
34 84 10998
34 85 5610
34 86 8011
34 87 4402
34 90 14495
34 91 13218
34 94 3876
34 95 14318
34 96 2340
34 98 10172
34 99 13817
34 102 13503
34 105 286
34 106 8905
34 111 4501
34 112 11543
34 113 1432
34 114 7089
34 115 1035
34 117 8612
34 121 8239
34 122 12810
35 41 14023
35 43 13513
35 45 2200
35 47 3334
35 54 14855
35 55 5066
35 56 3364
35 58 2045
35 59 11108
35 60 6388
35 67 3388
35 68 5446
35 69 4357
35 71 2674
35 75 11433
35 76 3133
35 80 4370
35 82 7849
35 83 13152
35 84 7891
35 85 7413
35 86 4203
35 88 929
35 91 11926
35 93 4843
35 94 2990
35 96 12427
35 97 2870
35 98 14894
35 99 5440
35 101 7531
35 103 12333
35 104 12497
35 107 11848
35 112 13893
35 113 8725
35 114 10237
35 115 14746
35 117 1590
35 118 13004
35 119 10102
35 122 7948
35 123 14183
35 124 12771
36 39 8594
36 41 1064
36 44 7160
36 47 13101
36 49 2225
36 52 11714
36 53 4933
36 56 14449
36 57 12951
36 58 13278
36 59 11002
36 60 6746
36 65 2935
36 66 13660
36 67 7866
36 69 10993
36 70 13631
36 74 306
36 76 930
36 78 13596
36 80 14457
36 82 14053
36 85 10941
36 89 13694
36 91 4372
36 94 14060
36 95 5777
36 97 8915
36 98 3319
36 101 4189
36 104 12836
36 105 9033
36 107 11474
36 109 8213
36 113 12258
36 115 10116
36 116 5352
36 117 10728
36 121 14754
36 123 9679
36 124 660
37 41 3671
37 42 11176
37 51 14427
37 52 8216
37 55 6
37 56 14815
37 57 5938
37 59 7863
37 60 12893
37 65 13105
37 70 8008
37 71 5133
37 72 289
37 73 27
37 74 12735
37 75 2285
37 78 10255
37 79 5534
37 80 2172
37 81 13306
37 82 13712
37 84 5087
37 85 10730
37 87 12439
37 89 741
37 91 1791
37 92 12667
37 93 7397
37 94 10719
37 96 12515
37 97 15601
37 98 5767
37 101 14400
37 102 7973
37 103 9575
37 106 2227
37 107 14440
37 108 8936
37 110 7213
37 111 4529
37 113 2417
37 114 302
37 115 13020
37 116 13
37 117 11263
37 119 3895
37 120 13132
37 121 11082
37 122 9314
37 123 12502
37 124 9301
38 39 13527
38 43 11107
38 44 7668
38 46 11304
38 47 579
38 49 7796
38 52 2015
38 53 5668
38 57 3961
38 60 11955
38 61 7205
38 62 7677
38 63 13730
38 65 9949
38 68 15565
38 71 9761
38 72 1890
38 76 10300
38 77 6128
38 78 12210
38 79 3046
38 80 1380
38 81 13978
38 83 4506
38 84 5893
38 85 1044
38 87 9976
38 89 12432
38 91 6878
38 94 2823
38 95 11884
38 96 3867
38 97 14720
38 100 10085
38 102 9540
38 106 8470
38 107 7854
38 108 14833
38 110 5759
38 112 2722
38 113 10782
38 114 7530
38 118 7938
38 122 11001
39 42 11290
39 43 2827
39 44 6166
39 46 5742
39 48 1778
39 49 2675
39 52 6279
39 54 14035
39 55 14979
39 58 5344
39 60 15603
39 61 12317
39 67 8615
39 71 524
39 74 3938
39 77 401
39 78 13758
39 81 7328
39 82 375
39 84 6901
39 85 7593
39 86 13762
39 94 4626
39 95 7095
39 96 8669
39 98 11303
39 99 6402
39 100 14258
39 106 12594
39 108 2173
39 111 11565
39 113 3278
39 114 12683
39 116 2517
39 119 10657
39 122 12489
40 42 4862
40 43 13358
40 45 57
40 50 11775
40 51 6502
40 53 9375
40 55 4512
40 58 11018
40 60 6666
40 61 455
40 63 13498
40 64 9431
40 66 7615
40 67 14224
40 70 10850
40 75 318
40 76 8310
40 78 1701
40 79 12535
40 81 11116
40 82 8611
40 83 938
40 87 13756
40 90 5848
40 92 74
40 93 10922
40 94 6791
40 95 11709
40 96 14908
40 97 9389
40 98 13944
40 99 8088
40 100 14620
40 102 8932
40 104 14392
40 109 12521
40 110 14916
40 111 14519
40 112 1307
40 113 4477
40 114 7321
40 115 6598
40 116 5755
40 117 14250
40 118 8095
40 122 12567
40 123 12787
41 43 1026
41 45 15012
41 46 2381
41 48 916
41 52 4391
41 55 8076
41 56 9820
41 57 12639
41 60 8668
41 62 1878
41 63 8637
41 64 10060
41 65 11043
41 68 5765
41 69 4839
41 70 11637
41 71 110
41 74 3714
41 75 14781
41 76 14927
41 77 3690
41 78 1168
41 79 13632
41 80 10497
41 84 9657
41 85 9088
41 87 5405
41 90 1661
41 91 7632
41 93 1180
41 94 13556
41 95 10037
41 104 11765
41 108 15067
41 111 8585
41 112 8545
41 115 11113
41 120 15151
41 122 5399
41 123 9546
42 43 1751
42 44 5839
42 46 4291
42 47 5773
42 48 3291
42 49 4070
42 51 5651
42 52 848
42 53 1008
42 54 1903
42 60 55
42 63 599
42 65 6656
42 66 11586
42 67 8283
42 69 13921
42 70 8753
42 76 13478
42 79 12712
42 82 13185
42 86 4789
42 93 14135
42 94 9041
42 96 7465
42 100 1191
42 103 4595
42 105 5971
42 106 424
42 109 11231
42 115 11911
42 117 12310
42 118 11250
42 120 928
42 124 6538
43 44 14884
43 46 11163
43 50 4413
43 53 11620
43 55 12852
43 57 10912
43 58 2807
43 59 3006
43 60 11483
43 62 9083
43 64 7637
43 65 8740
43 66 10214
43 67 5570
43 69 15421
43 71 10452
43 72 7043
43 73 8051
43 74 2265
43 77 6382
43 79 7803
43 84 10659
43 86 6113
43 89 11671
43 90 13253
43 91 10383
43 92 9935
43 94 4874
43 95 4089
43 97 12578
43 98 9475
43 99 4643
43 100 14886
43 103 1533
43 106 9313
43 108 6453
43 109 9743
43 114 6229
43 117 15116
43 118 13087
43 119 11157
43 121 10289
43 122 2802
43 123 13902
43 124 8631
44 45 11892
44 46 9879
44 47 6503
44 48 4219
44 49 5474
44 53 4172
44 55 6471
44 56 9562
44 62 13164
44 63 6944
44 64 7700
44 65 15600
44 66 3605
44 70 3445
44 72 7885
44 77 2137
44 79 14267
44 80 1770
44 82 4836
44 83 7771
44 87 7396
44 89 8656
44 91 3918
44 92 7650
44 93 4526
44 95 4103
44 96 8619
44 98 5001
44 102 319
44 103 3093
44 107 14860
44 108 7032
44 109 11295
44 113 3870
44 115 1848
44 116 9489
44 117 14034
44 120 781
45 50 5211
45 51 14608
45 53 10740
45 56 4124
45 57 1894
45 58 5058
45 61 15242
45 68 1496
45 70 7711
45 73 1955
45 74 7310
45 78 2592
45 81 6822
45 82 7468
45 83 14649
45 84 12870
45 85 5826
45 87 825
45 91 14251
45 96 9225
45 97 6220
45 100 13455
45 101 8481
45 103 15179
45 104 1452
45 106 13538
45 107 6369
45 108 15413
45 109 12707
45 110 6858
45 112 14794
45 113 1673
45 115 13237
45 116 7291
45 117 5447
45 118 8372
45 119 1639
45 120 3040
45 123 6864
45 124 2749
46 47 15432
46 48 2500
46 49 7627
46 50 12485
46 51 925
46 52 234
46 54 5171
46 55 15572
46 57 11623
46 58 9244
46 59 13678
46 60 13543
46 62 6727
46 63 1575
46 66 12297
46 69 4566
46 70 13584
46 74 169
46 75 14442
46 76 15078
46 78 7153
46 80 8064
46 81 11119
46 83 1926
46 84 9806
46 85 11192
46 89 9939
46 92 13376
46 93 8392
46 97 5670
46 98 12011
46 99 10871
46 101 12496
46 103 14559
46 104 6469
46 108 4749
46 109 8834
46 111 7348
46 112 12842
46 113 11133
46 114 3405
46 115 2303
46 118 797
46 119 3807
46 120 4662
46 123 13354
47 48 13696
47 49 4942
47 53 8506
47 56 13645
47 57 1869
47 58 2906
47 61 5554
47 65 11896
47 67 12223
47 68 11012
47 74 9151
47 79 34
47 82 9133
47 83 9164
47 85 4704
47 86 7307
47 87 12879
47 88 12570
47 90 11826
47 91 104
47 93 7892
47 94 15497
47 96 4010
47 101 3882
47 104 6331
47 105 7170
47 108 7882
47 109 13714
47 110 14195
47 111 9778
47 114 9727
47 121 12891
47 124 11502
48 51 6139
48 55 7121
48 58 1293
48 59 12057
48 60 6179
48 61 12019
48 63 7526
48 66 5174
48 69 7422
48 71 6454
48 73 8282
48 75 4825
48 76 9810
48 77 13747
48 80 14785
48 82 823
48 83 1632
48 84 1058
48 85 3943
48 86 5901
48 87 14220
48 88 11559
48 89 3848
48 90 15069
48 91 13065
48 92 9821
48 93 12390
48 95 4660
48 96 12871
48 98 9530
48 101 10504
48 102 5502
48 104 1317
48 105 10672
48 106 2635
48 107 14742
48 109 11944
48 111 13202
48 112 10186
48 113 8859
48 114 9220
48 116 4818
48 117 463
48 118 10541
48 121 5365
48 122 2336
49 51 8318
49 55 11227
49 56 14295
49 59 7743
49 61 10878
49 67 3625
49 68 633
49 70 3875
49 71 9773
49 72 2105
49 73 1429
49 75 14828
49 76 12754
49 79 14196
49 82 9708
49 85 15334
49 87 11240
49 88 15021
49 90 1607
49 96 14006
49 97 14424
49 98 4169
49 99 15348
49 103 2880
49 104 5490
49 108 5675
49 109 1474
49 110 4991
49 111 4087
49 113 12335
49 115 14097
49 116 10224
49 119 13172
49 120 4615
49 121 15148
49 122 2232
49 123 3629
49 124 12228
50 53 12235
50 54 108
50 56 14824
50 57 8847
50 58 11932
50 61 996
50 62 3586
50 64 8657
50 67 13906
50 69 10795
50 73 7235
50 74 5751
50 76 13016
50 77 1716
50 80 13983
50 82 10886
50 84 14126
50 85 1420
50 87 10295
50 88 9144
50 89 4338
50 93 277
50 94 11197
50 96 8400
50 98 11650
50 99 9166
50 103 1617
50 105 3836
50 107 10221
50 108 5281
50 110 10540
50 111 1126
50 113 5722
50 116 322
50 120 5322
50 121 1694
50 123 5484
51 54 11968
51 56 716
51 59 2062
51 61 8957
51 64 2941
51 67 9360
51 69 8232
51 71 7919
51 72 6076
51 74 6936
51 79 6796
51 80 9659
51 82 5960
51 86 8399
51 87 9825
51 89 5883
51 93 7372
51 94 7203
51 95 9359
51 96 11597
51 97 7981
51 99 8864
51 102 2497
51 106 4229
51 109 13687
51 110 7292
51 111 4091
51 114 9969
51 116 479
51 118 14379
51 119 6459
51 120 8081
51 124 8858
52 53 398
52 60 13515
52 62 14016
52 63 10354
52 64 9385
52 66 14354
52 67 13907
52 70 12856
52 71 10928
52 73 14021
52 74 7212
52 75 10985
52 76 5218
52 78 7138
52 79 9867
52 80 7582
52 81 14264
52 83 7394
52 86 8327
52 87 12894
52 91 13331
52 92 13750
52 93 5885
52 94 1140
52 99 15142
52 102 6668
52 103 6299
52 104 5135
52 106 3010
52 109 12998
52 114 6318
52 122 6636
52 123 6265
52 124 13262
53 55 14905
53 56 14909
53 58 6184
53 61 2898
53 64 2508
53 68 2568
53 69 6676
53 71 7944
53 72 7549
53 73 7349
53 74 9648
53 78 124
53 81 1006
53 82 60
53 83 10232
53 84 382
53 85 7261
53 86 2401
53 90 3626
53 92 14759
53 95 7990
53 100 9808
53 101 8739
53 104 15017
53 105 7609
53 106 5791
53 107 12841
53 108 9851
53 111 14958
53 112 4668
53 114 15474
53 116 4325
53 117 11205
53 118 3508
53 119 3300
53 120 3360
53 121 6344
53 122 14645
53 123 10566
53 124 5438
54 55 5188
54 56 7953
54 59 13963
54 64 11151
54 65 1599
54 67 10768
54 68 10555
54 70 12979
54 71 8742
54 75 12075
54 76 11275
54 77 7237
54 82 11691
54 85 6145
54 86 13199
54 87 7786
54 88 5521
54 89 1939
54 92 7402
54 94 855
54 95 2899
54 100 7066
54 109 8565
54 113 3191
54 114 13225
54 115 6006
54 117 6829
54 122 15442
54 124 5805
55 58 901
55 59 10802
55 60 13263
55 62 3058
55 64 4654
55 67 9038
55 69 14702
55 70 251
55 71 7200
55 72 882
55 73 5721
55 75 4178
55 76 1937
55 77 6827
55 79 13863
55 80 6153
55 91 3347
55 93 15178
55 94 4351
55 96 7435
55 97 4437
55 99 9544
55 103 14432
55 105 14129
55 108 14537
55 110 3777
55 111 9215
55 114 5788
55 115 9274
55 118 7057
55 120 8273
56 59 15263
56 60 9202
56 63 7764
56 64 2669
56 65 15305
56 66 15235
56 69 9005
56 76 3126
56 77 5262
56 78 22
56 85 5753
56 87 8362
56 88 12757
56 90 11878
56 92 9736
56 94 10533
56 96 6558
56 99 3044
56 100 4848
56 102 5021
56 103 2795
56 104 14642
56 106 12431
56 107 3421
56 108 5179
56 109 6853
56 110 6205
56 112 1761
56 113 7537
56 114 4143
56 118 591
56 120 4328
56 122 3633
56 123 69
57 58 2643
57 60 3190
57 61 12684
57 64 12182
57 67 1175
57 69 4826
57 70 13159
57 71 2442
57 72 5121
57 73 2740
57 76 14624
57 80 1963
57 82 4137
57 83 14375
57 84 2068
57 85 14315
57 89 11451
57 90 8244
57 91 15051
57 92 9336
57 93 3354
57 94 12540
57 98 9488
57 100 7608
57 101 8983
57 102 13401
57 103 564
57 105 3598
57 107 14217
57 109 5127
57 112 11259
57 114 5917
57 116 6310
57 117 502
57 118 6566
57 123 1472
58 61 4711
58 62 3464
58 65 976
58 66 1118
58 71 1424
58 74 7191
58 75 14670
58 77 6479
58 78 13324
58 81 10276
58 83 6844
58 85 3611
58 86 9897
58 88 9299
58 90 13122
58 93 13723
58 94 1344
58 95 10772
58 96 11505
58 97 3937
58 98 7490
58 100 7529
58 101 2094
58 102 9465
58 103 11814
58 105 10018
58 107 6493
58 109 12183
58 111 11479
58 113 7452
58 114 2593
58 115 7676
58 116 10794
58 117 1480
58 118 10786
58 119 7939
58 122 4329
58 124 8617
59 60 11952
59 62 4253
59 63 2059
59 64 1681
59 65 12252
59 66 13386
59 67 1516
59 70 3624
59 75 15073
59 76 1587
59 81 15318
59 82 177
59 84 13930
59 85 7093
59 90 6900
59 91 14973
59 94 12608
59 95 10270
59 100 9895
59 103 7365
59 104 2732
59 106 951
59 107 11241
59 108 6501
59 110 13831
59 111 10064
59 113 11177
59 119 4693
59 124 6001
60 61 11556
60 62 12137
60 64 11129
60 65 3462
60 68 3286
60 71 10681
60 73 11555
60 74 7373
60 76 1426
60 81 15452
60 88 7753
60 89 467
60 91 14717
60 92 10049
60 93 4761
60 94 3164
60 95 11621
60 97 6704
60 99 13827
60 100 12860
60 102 6281
60 104 14077
60 105 13201
60 106 10198
60 107 4420
60 109 5403
60 110 5401
60 111 2765
60 112 2623
60 113 8015
60 115 10215
60 117 10257
60 121 8007
60 123 10404
61 62 6763
61 64 3307
61 65 9844
61 66 12557
61 67 8702
61 68 4673
61 69 5434
61 70 4482
61 71 3447
61 75 10777
61 76 7358
61 77 14222
61 78 10514
61 79 2695
61 80 5471
61 82 12770
61 86 6043
61 87 6998
61 89 6051
61 90 5664
61 91 13322
61 93 6413
61 94 10104
61 95 1859
61 96 14144
61 97 1924
61 98 13372
61 101 2316
61 104 8117
61 106 8726
61 107 6669
61 109 13447
61 110 627
61 111 2944
61 112 10361
61 113 12862
61 114 12690
61 117 8142
61 118 12481
61 121 444
61 122 5061
62 69 13638
62 72 8543
62 73 12212
62 75 8167
62 78 7189
62 82 5785
62 84 14154
62 87 7814
62 88 13309
62 91 6528
62 96 11330
62 97 14270
62 100 8419
62 101 6601
62 102 14856
62 103 15330
62 104 11154
62 106 15058
62 111 3996
62 112 12340
62 113 435
62 114 6326
62 115 14551
62 117 12579
62 118 3940
62 120 3786
62 122 15489
62 124 3866
63 65 1731
63 67 4384
63 69 12332
63 70 12484
63 73 12056
63 79 10647
63 80 5416
63 81 2236
63 83 12207
63 84 12796
63 87 8034
63 88 15287
63 89 13788
63 93 3718
63 94 7113
63 96 10460
63 98 15476
63 100 12012
63 105 4125
63 108 8018
63 110 13565
63 111 5452
63 112 202
63 115 13524
63 119 4187
63 121 11958
63 122 5031
63 123 5413
64 65 7742
64 67 12445
64 68 3160
64 75 13633
64 77 9639
64 78 1392
64 80 10278
64 81 7284
64 82 4562
64 83 10703
64 86 3140
64 88 10341
64 91 3688
64 94 10007
64 96 185
64 97 7477
64 98 5961
64 100 4093
64 101 9993
64 102 14112
64 103 520
64 104 4199
64 105 13102
64 107 3167
64 110 13356
64 112 3705
64 113 45
64 116 7698
64 118 14595
64 120 438
64 124 15402
65 67 2457
65 70 7625
65 71 4078
65 72 11053
65 73 9709
65 77 123
65 80 2408
65 81 15010
65 83 5088
65 85 9662
65 88 8799
65 90 12417
65 93 10959
65 94 8391
65 95 3980
65 96 2909
65 98 309
65 99 2673
65 100 3791
65 102 6098
65 103 13990
65 104 749
65 108 14540
65 109 5982
65 110 1195
65 111 4314
65 112 1099
65 113 13398
65 117 14508
65 119 5030
65 123 11270
66 70 13415
66 72 6403
66 74 11923
66 75 9847
66 76 11308
66 79 7404
66 81 12110
66 83 6072
66 85 13325
66 86 4658
66 87 10810
66 89 11845
66 92 10582
66 94 2271
66 95 5867
66 96 7055
66 97 9180
66 98 1448
66 100 3229
66 107 4521
66 110 2607
66 111 12899
66 116 6261
66 117 10365
66 118 6634
66 119 13916
66 120 12605
66 121 13385
67 68 4902
67 70 8003
67 73 4297
67 77 8393
67 78 12854
67 81 1242
67 82 1723
67 84 721
67 85 10200
67 88 7917
67 89 986
67 90 11140
67 91 13939
67 95 4525
67 96 3501
67 98 10784
67 99 1482
67 109 8788
67 110 8711
67 111 11553
67 112 8022
67 113 9142
67 116 9701
67 117 12821
67 119 6673
67 122 12631
68 70 11099
68 71 5932
68 73 13084
68 74 5669
68 79 12792
68 80 11816
68 81 2882
68 82 12777
68 84 5700
68 89 6767
68 90 2955
68 91 6108
68 93 2092
68 95 7106
68 97 6489
68 98 5524
68 99 10837
68 100 8254
68 104 10857
68 105 14697
68 107 8267
68 109 6129
68 113 11564
68 114 261
68 115 7388
68 116 11659
68 122 7741
68 123 3500
69 71 11350
69 72 13598
69 75 12848
69 76 7856
69 77 8259
69 79 6221
69 81 6655
69 82 6240
69 84 327
69 85 13600
69 87 1932
69 91 485
69 93 4195
69 94 15306
69 95 14635
69 96 13628
69 97 10948
69 98 15461
69 113 3398
69 115 4581
69 116 1386
69 117 1163
69 120 2
70 75 4837
70 77 2474
70 80 8625
70 82 5697
70 83 215
70 84 403
70 91 2766
70 96 14853
70 98 6241
70 99 7151
70 101 3505
70 102 9680
70 105 8274
70 107 7733
70 109 2210
70 110 13621
70 112 15376
70 114 11527
70 115 2118
70 116 7599
70 117 5985
70 119 8904
70 121 2047
71 72 13851
71 74 6571
71 75 11979
71 78 2847
71 81 5629
71 82 5439
71 83 9513
71 86 12327
71 87 15195
71 90 3198
71 99 7910
71 100 3642
71 103 11957
71 104 14102
71 110 7417
71 111 15269
71 114 1506
71 115 10347
71 116 13184
71 117 5822
71 118 5712
71 120 2806
71 121 5679
71 122 9876
72 73 6776
72 76 3173
72 77 7522
72 78 12145
72 79 12727
72 80 10717
72 81 8950
72 82 1015
72 84 1674
72 85 10537
72 90 1491
72 91 3266
72 94 4946
72 95 4161
72 96 35
72 97 7255
72 98 6446
72 102 1310
72 104 11746
72 105 199
72 110 6364
72 111 7801
72 119 567
72 120 4306
72 124 7343
73 74 6810
73 77 337
73 80 8640
73 83 2315
73 89 1086
73 91 1369
73 94 8795
73 95 5884
73 96 714
73 97 12143
73 99 5326
73 101 10548
73 102 15327
73 103 4866
73 104 2537
73 105 6651
73 107 14207
73 108 10256
73 110 3661
73 113 207
73 115 3269
73 116 12530
73 117 9408
73 118 14147
73 120 8903
74 76 13295
74 79 1535
74 80 10654
74 81 7295
74 82 7484
74 83 11377
74 84 6293
74 86 8605
74 87 4920
74 88 1176
74 91 6902
74 93 2335
74 94 7494
74 95 10642
74 96 10880
74 101 13966
74 104 4712
74 105 278
74 106 15450
74 107 12808
74 109 4171
74 114 12732
74 115 9515
74 124 7556
75 77 1199
75 80 5445
75 81 9912
75 83 9207
75 84 13213
75 87 12482
75 91 561
75 94 3461
75 97 13369
75 98 8033
75 99 2035
75 104 15109
75 106 14272
75 107 13019
75 109 5335
75 110 9789
75 111 4
75 113 13367
75 116 12003
75 117 12866
75 118 4174
75 119 14529
75 120 6780
75 121 2447
75 122 15568
75 123 12130
76 81 5389
76 82 10520
76 83 10860
76 84 7443
76 85 11450
76 88 3432
76 91 7219
76 93 3736
76 94 13031
76 100 3790
76 101 7899
76 103 26
76 105 14201
76 107 13879
76 110 1315
76 111 14298
76 112 11141
76 113 6625
76 114 3868
76 118 2347
76 119 4587
76 121 8937
76 122 2306
76 123 8959
76 124 11313
77 80 13006
77 81 6790
77 82 9558
77 83 3915
77 84 10099
77 86 6824
77 90 14395
77 91 8738
77 95 7377
77 96 14240
77 97 12965
77 98 12626
77 99 8856
77 100 6644
77 101 5572
77 102 7096
77 105 8488
77 106 2971
77 108 13629
77 112 6089
77 113 6372
77 114 5002
77 115 15416
77 116 10306
77 117 6806
77 118 117
77 120 7390
78 79 1022
78 80 13432
78 81 1009
78 82 15342
78 84 11128
78 87 8540
78 88 11168
78 90 9105
78 92 12906
78 93 10163
78 96 2867
78 101 13693
78 102 1257
78 104 2798
78 109 11183
78 111 1528
78 113 2104
78 118 7250
78 119 5097
78 120 4365
78 122 13370
78 123 4817
78 124 5202
79 81 14186
79 88 1368
79 89 4575
79 90 14317
79 94 5089
79 95 9228
79 96 11964
79 97 8303
79 98 3682
79 99 10575
79 102 14153
79 104 14902
79 110 4488
79 114 3473
79 115 6649
79 122 1827
80 83 15161
80 92 15562
80 93 7999
80 94 7497
80 95 6106
80 97 11513
80 98 12078
80 99 8786
80 100 762
80 103 2100
80 105 12499
80 107 5025
80 108 7728
80 112 5550
80 113 10001
80 114 3663
80 115 10563
80 117 5592
80 120 14675
80 124 4333
81 85 7789
81 86 2874
81 88 6535
81 89 7125
81 91 12329
81 92 4796
81 93 9457
81 94 7968
81 98 6859
81 102 4057
81 104 10604
81 106 7265
81 108 2879
81 109 6524
81 112 11726
81 113 11164
81 116 14784
81 117 272
81 118 10970
81 119 13958
81 120 9218
81 121 3279
82 85 5816
82 87 12373
82 88 14418
82 89 3367
82 90 7853
82 91 5654
82 97 6615
82 98 7418
82 99 9361
82 101 12574
82 102 4865
82 103 2597
82 105 5645
82 106 8690
82 109 2110
82 110 10898
82 111 628
82 112 13792
82 114 6227
82 115 6118
82 117 14819
82 119 1187
82 120 4834
82 124 5427
83 87 8181
83 92 6271
83 95 14686
83 96 11831
83 97 12538
83 98 13374
83 99 11230
83 100 11772
83 101 12093
83 103 10024
83 110 15210
83 119 8641
83 124 12283
84 85 9231
84 86 258
84 87 5210
84 88 225
84 91 14002
84 92 13710
84 93 14694
84 94 15040
84 96 13579
84 97 12838
84 99 7921
84 100 1609
84 102 6583
84 104 15125
84 112 2582
84 113 10956
84 114 4638
84 116 2981
84 119 1870
84 122 5528
84 123 13683
85 86 1849
85 87 10690
85 91 5411
85 92 4773
85 94 5943
85 99 4404
85 101 10231
85 102 6049
85 103 386
85 104 9118
85 105 2982
85 106 14314
85 108 11013
85 114 9553
85 115 14817
85 116 2584
85 117 13753
85 122 11675
85 123 9396
86 90 11630
86 93 15124
86 96 2501
86 97 13656
86 99 10316
86 102 11362
86 103 7641
86 104 8911
86 109 7592
86 116 9882
86 119 12129
86 120 7387
86 122 13594
86 123 13423
87 88 8428
87 90 11570
87 91 13088
87 94 4833
87 96 13506
87 97 12015
87 98 12561
87 100 8849
87 102 6317
87 103 4671
87 104 9813
87 106 946
87 114 9250
87 116 10785
87 117 7595
87 120 12036
87 122 12847
87 124 7740
88 89 6137
88 93 10623
88 94 14174
88 95 7445
88 96 5644
88 98 14864
88 99 4701
88 100 12065
88 101 11582
88 102 3071
88 103 14693
88 104 2147
88 107 10264
88 108 15205
88 116 13525
88 118 14712
88 119 12043
88 120 2399
88 121 5092
88 122 7800
88 123 8057
89 96 3809
89 98 12516
89 100 13885
89 102 5269
89 103 993
89 105 14628
89 107 236
89 110 1245
89 111 6078
89 112 6855
89 113 5687
89 115 13609
89 120 2979
89 121 15427
89 123 8230
90 91 13439
90 92 9911
90 98 6734
90 100 9689
90 101 1750
90 102 974
90 104 9049
90 105 2694
90 109 4036
90 115 11413
90 119 9873
90 120 989
90 123 9152
90 124 13654
91 96 6126
91 99 3203
91 100 11585
91 103 1972
91 108 7010
91 109 6246
91 112 1201
91 114 2416
91 120 11417
91 122 6784
91 123 8770
92 93 8238
92 94 101
92 95 6849
92 96 11008
92 97 3720
92 100 8182
92 101 9230
92 103 2360
92 106 10378
92 107 14228
92 109 5301
92 112 13590
92 114 14739
92 116 7898
92 117 7475
92 118 14692
92 120 12635
92 121 12941
92 124 2585
93 94 11356
93 98 13874
93 99 8308
93 102 13549
93 103 8233
93 104 10322
93 108 9917
93 111 12976
93 112 11657
93 116 10357
93 119 15341
93 120 5665
93 122 3521
93 123 11256
93 124 3679
94 96 9864
94 97 7622
94 98 9234
94 99 13986
94 100 15104
94 104 10609
94 105 8086
94 106 15153
94 108 712
94 111 535
94 118 13924
94 121 9199
95 96 13154
95 98 3322
95 100 13994
95 101 11903
95 104 14677
95 105 4183
95 107 4824
95 109 10581
95 110 9915
95 111 4736
95 113 15484
95 116 625
95 117 1804
95 119 14285
95 122 655
96 98 8659
96 100 2668
96 101 2397
96 102 8296
96 103 3050
96 108 10962
96 109 4957
96 110 3439
96 113 2119
96 114 12790
96 116 4925
96 118 4594
96 119 6913
96 120 8376
96 123 3537
96 124 2710
97 99 10131
97 100 15387
97 101 6807
97 107 2627
97 108 1444
97 109 61
97 110 13530
97 111 4349
97 112 5337
97 114 2738
97 116 3666
97 120 3101
97 121 8482
97 124 2598
98 99 10463
98 104 9208
98 106 2371
98 107 413
98 108 13390
98 109 11558
98 110 10402
98 111 2814
98 114 13497
98 118 3907
98 123 14307
98 124 14878
99 100 3926
99 101 3670
99 102 9987
99 104 6213
99 105 10450
99 106 8689
99 109 12656
99 111 1230
99 113 11023
99 114 5537
99 116 4475
99 117 7946
99 119 9952
99 122 10339
99 124 3879
100 103 13856
100 106 9740
100 107 4952
100 110 4149
100 114 6653
100 117 12007
100 118 15283
100 120 14336
100 123 7994
100 124 1807
101 104 1656
101 105 8177
101 107 1780
101 109 13593
101 112 4969
101 113 14599
101 115 7036
101 116 5426
101 117 8735
101 118 13142
101 119 13108
101 121 12290
101 122 8132
101 123 10126
101 124 12726
102 104 9238
102 105 10405
102 108 5817
102 110 10039
102 112 15547
102 113 12807
102 117 6178
102 119 3246
102 124 12478
103 105 9894
103 107 8837
103 108 8242
103 111 2308
103 112 14138
103 113 13104
103 116 6436
103 119 10833
103 124 1458
104 109 8406
104 111 13008
104 113 8848
104 117 6175
105 109 14423
105 110 5236
105 113 7681
105 117 530
105 122 14116
106 108 4387
106 109 8294
106 111 14080
106 113 6710
106 118 8154
106 120 9406
106 122 6350
107 111 14067
107 113 14037
107 115 2183
107 117 14596
107 118 6933
107 121 12715
107 122 8024
108 109 2437
108 113 15212
108 114 8945
108 121 14249
108 124 6608
109 114 8042
109 117 6349
109 118 10876
109 119 13103
109 120 14165
109 122 3645
109 123 14658
110 112 9855
110 115 8873
110 116 490
110 118 13233
110 122 478
110 123 15039
111 112 5251
111 116 9702
111 117 7960
111 118 12981
111 119 617
111 121 406
111 122 3656
111 123 11462
112 115 3025
112 118 8134
112 120 4181
112 121 4046
112 122 10413
112 123 4109
112 124 14290
113 116 6663
113 117 9862
113 119 11423
113 120 9206
113 121 4963
113 123 5037
113 124 8917
114 115 12988
114 117 2058
114 118 14797
115 117 4478
115 120 11761
115 122 13346
116 121 5744
116 122 3976
116 124 15426
117 118 6597
117 122 7888
118 119 9831
118 120 8464
118 121 13208
118 122 3618
119 120 5757
119 121 11625
120 121 12339
120 122 5620
120 123 9426
122 124 4910
123 124 2194
