23 124
0 1 4
0 7 7
0 8 1
0 10 1
0 11 7
0 12 2
0 14 6
0 17 10
0 18 10
0 19 1
1 7 5
1 9 9
1 10 7
1 13 5
1 14 7
1 15 4
1 16 3
1 17 1
1 20 4
1 21 4
1 22 10
2 3 3
2 4 3
2 6 9
2 7 10
2 8 9
2 9 10
2 16 8
2 18 5
2 22 3
3 5 9
3 6 10
3 8 1
3 11 7
3 13 4
3 14 4
3 19 10
3 20 6
3 21 3
4 6 1
4 7 5
4 8 6
4 9 1
4 10 2
4 14 8
4 15 9
4 18 9
4 20 10
5 7 9
5 8 7
5 9 3
5 10 7
5 11 7
5 13 3
5 17 8
5 18 3
5 22 7
6 7 5
6 8 9
6 10 7
6 11 1
6 12 1
6 14 10
6 19 1
6 21 10
6 22 2
7 10 5
7 13 1
7 14 8
7 16 8
7 21 4
7 22 2
8 9 10
8 13 1
8 14 7
8 15 1
8 21 1
9 10 6
9 11 6
9 12 8
9 14 6
9 15 4
9 17 2
9 18 2
9 19 7
9 21 8
9 22 5
10 11 1
10 13 1
10 14 9
10 18 5
10 20 1
10 21 5
11 14 8
11 15 8
11 16 2
11 18 6
11 19 6
11 20 7
11 22 9
12 13 8
12 15 5
12 16 3
12 17 6
12 18 5
12 21 5
13 14 1
13 18 2
14 16 6
14 17 1
14 20 3
15 19 8
15 22 5
16 17 4
16 18 2
16 21 9
17 18 3
17 20 10
17 22 10
18 19 5
18 21 2
19 20 5
19 21 6
21 22 10
