0 2 7
0 5 4
0 6 9
0 7 1
0 8 2
0 9 9
0 14 6
0 17 2
0 18 9
0 20 7
0 24 2
1 4 2
1 5 1
1 6 5
1 7 4
1 8 2
1 12 1
1 17 1
1 19 6
1 23 2
1 24 10
1 25 10
2 3 9
2 5 5
2 8 2
2 9 1
2 10 9
2 11 3
2 15 8
2 16 6
2 18 1
2 21 3
2 22 2
2 24 6
2 26 6
3 4 1
3 6 10
3 7 5
3 8 7
3 9 4
3 10 4
3 11 1
3 12 5
3 15 6
3 19 9
3 20 9
3 21 7
3 25 7
3 26 6
4 5 5
4 6 9
4 8 1
4 9 4
4 10 2
4 13 6
4 16 8
4 20 10
4 21 5
4 26 7
5 9 3
5 10 6
5 12 6
5 15 5
5 18 9
5 20 10
5 21 4
5 22 7
5 24 5
5 25 8
5 26 5
6 8 5
6 9 9
6 10 6
6 11 3
6 13 2
6 14 6
6 17 5
6 19 8
6 21 4
6 22 7
6 25 10
7 8 9
7 9 4
7 10 6
7 11 2
7 12 2
7 14 9
7 16 4
7 17 5
7 19 3
7 22 5
7 25 10
8 9 6
8 11 8
8 12 1
8 15 4
8 16 2
8 17 7
8 18 7
8 20 6
8 23 8
8 25 2
8 26 5
9 10 5
9 16 3
9 20 2
9 22 2
9 26 5
10 13 3
10 14 6
10 18 6
10 19 7
10 20 5
10 21 3
10 23 10
10 24 8
10 25 3
10 26 7
11 15 7
11 16 4
11 17 9
11 18 9
11 19 3
11 20 7
11 21 8
11 22 1
11 26 3
12 13 2
12 15 8
12 17 9
12 18 9
12 19 3
12 22 9
12 24 10
12 25 9
12 26 9
13 18 7
13 21 6
13 25 5
14 16 9
14 17 7
14 19 1
14 22 9
14 23 7
14 24 10
14 25 5
15 16 8
15 17 6
15 18 2
15 19 9
15 20 3
15 21 2
15 24 3
16 20 6
16 21 4
16 26 9
17 19 8
17 20 2
17 21 4
17 22 4
17 25 7
17 26 1
18 19 1
18 20 10
18 21 5
18 22 6
18 23 6
18 25 3
19 21 3
19 22 1
19 23 7
19 24 7
20 21 5
20 22 6
20 24 3
20 25 8
21 22 3
21 25 9
22 23 9
22 24 4
22 26 2
23 26 4
