29 197
0 1 1319
0 3 4466
0 5 2064
0 6 7289
0 9 7644
0 11 7249
0 23 959
0 24 2126
0 25 1524
1 2 9649
1 3 4000
1 5 3323
1 6 7375
1 8 84
1 14 6810
1 15 9694
1 16 4951
1 17 719
1 18 6636
1 19 3025
1 22 9231
1 26 1768
2 3 4967
2 4 3741
2 7 7372
2 8 4391
2 9 3170
2 11 4712
2 14 1965
2 15 149
2 21 2996
2 23 4620
2 27 4936
3 5 8336
3 6 4266
3 10 1694
3 11 4633
3 13 4365
3 15 8293
3 16 8944
3 17 8478
3 23 932
4 5 6167
4 7 9081
4 12 2404
4 14 3402
4 15 6283
4 16 6580
4 17 6145
4 18 5235
4 23 9884
4 24 659
4 25 6800
4 26 1565
4 27 2350
5 6 624
5 7 3264
5 8 3556
5 9 6569
5 10 3769
5 11 6073
5 13 983
5 16 2501
5 18 2497
5 19 8635
5 23 1466
5 24 4590
5 25 4642
5 27 5388
6 10 8241
6 13 4621
6 19 446
6 21 2221
6 24 3320
6 25 3166
6 27 8862
6 28 594
7 10 3690
7 15 1981
7 17 7189
7 20 4934
7 22 3660
7 24 6474
7 26 4512
7 28 8780
8 9 6786
8 11 4016
8 12 9900
8 15 7124
8 16 5873
8 17 7459
8 18 3473
8 19 6546
8 22 1307
8 24 7349
8 25 4882
8 26 9556
9 11 2618
9 13 3093
9 14 4975
9 15 6170
9 16 8546
9 18 6477
9 19 8335
9 20 2156
9 21 5725
9 22 3931
9 23 6249
9 26 9121
9 27 4532
10 12 7008
10 14 4412
10 16 7019
10 18 6341
10 19 981
10 20 2014
10 22 3351
10 24 4920
10 25 5510
10 26 5548
10 28 411
11 13 4781
11 14 478
11 15 2391
11 17 4558
11 19 4422
11 21 8847
11 24 8573
11 26 3128
11 27 6171
12 16 2957
12 17 5296
12 18 993
12 21 82
12 25 131
12 26 6795
13 14 8791
13 15 8298
13 16 6703
13 18 9235
13 19 6191
13 22 2648
13 27 7347
14 17 6441
14 18 24
14 19 8962
14 22 1550
14 26 2375
14 27 5735
15 17 3009
15 18 645
15 19 9973
15 20 8468
15 22 8123
15 23 18
15 25 3701
15 26 1039
16 17 1474
16 18 88
16 19 1781
16 20 5009
16 22 9850
16 23 1410
16 24 230
16 26 6085
16 27 8767
17 18 6705
17 19 7412
17 21 9107
17 23 9905
17 25 1299
17 26 6979
17 27 3446
18 20 6740
18 21 876
18 23 1448
18 24 955
18 26 1582
18 27 8803
18 28 9795
19 25 6012
19 26 9381
19 28 925
20 22 5049
20 23 6188
20 25 4437
20 28 9572
21 28 2358
22 23 4801
22 24 2048
22 25 3734
22 27 6018
23 27 2164
25 26 1841
25 28 6523
26 27 3926
27 28 579
