64 1001
0 4 2816
0 5 366
0 9 2367
0 11 7193
0 12 1276
0 13 8937
0 16 9155
0 17 344
0 18 9527
0 20 5685
0 22 6979
0 24 4934
0 25 6265
0 27 7204
0 28 2602
0 30 4988
0 32 3749
0 35 6505
0 38 6125
0 40 1050
0 43 7942
0 44 1855
0 46 516
0 49 9222
0 50 2788
0 52 9542
0 54 7307
0 55 9509
0 57 5132
0 59 9821
0 61 255
0 62 7804
0 63 7534
1 2 2485
1 6 2715
1 7 7245
1 12 9436
1 15 727
1 17 5505
1 18 8544
1 21 4220
1 22 6230
1 23 5661
1 25 283
1 26 6436
1 28 6339
1 29 3433
1 30 4274
1 31 4690
1 33 4123
1 34 9470
1 35 4627
1 36 9736
1 37 6173
1 38 7678
1 39 9329
1 41 5341
1 42 380
1 44 5162
1 46 2300
1 49 9870
1 50 6844
1 52 2990
1 53 3577
1 56 296
1 58 9009
1 60 5324
2 3 7878
2 4 3834
2 5 9760
2 6 8452
2 7 1779
2 8 9395
2 9 3871
2 13 9640
2 14 6722
2 15 6564
2 17 6450
2 18 9170
2 19 5696
2 20 6980
2 22 1494
2 23 6662
2 27 1144
2 28 1453
2 30 1671
2 31 7919
2 35 5193
2 39 3156
2 40 9975
2 44 4668
2 46 5018
2 47 9016
2 51 6959
2 52 6694
2 53 5030
2 54 5983
2 55 461
2 58 7251
2 59 6775
2 60 8404
3 4 5113
3 7 6691
3 9 6823
3 10 4178
3 11 9815
3 14 9034
3 15 8384
3 19 7432
3 20 927
3 21 8691
3 24 1776
3 25 481
3 26 9371
3 28 781
3 32 729
3 34 9192
3 36 9802
3 42 4648
3 43 3158
3 44 8615
3 47 9876
3 48 8705
3 50 1385
3 51 4809
3 52 3053
3 54 3102
3 55 7740
3 57 2094
3 58 152
3 61 2054
3 62 2632
3 63 8337
4 9 1051
4 10 2413
4 11 7805
4 12 4354
4 16 139
4 19 177
4 23 1191
4 25 1625
4 26 148
4 28 9388
4 31 3073
4 33 5749
4 35 9378
4 39 6760
4 40 9625
4 41 212
4 43 8967
4 44 8172
4 45 9346
4 46 8068
4 50 616
4 57 1849
4 60 1863
4 63 1775
5 8 1516
5 9 7996
5 10 9162
5 11 7892
5 12 6904
5 14 7955
5 15 6139
5 17 2188
5 20 2629
5 22 8737
5 23 8478
5 24 8827
5 25 3049
5 26 7151
5 27 1772
5 30 2159
5 32 1234
5 35 7701
5 37 289
5 39 345
5 43 1749
5 45 2623
5 46 2750
5 52 3172
5 53 1362
5 54 4022
5 55 1471
5 56 1427
5 57 4182
5 59 2085
5 61 7040
6 7 1837
6 8 4916
6 11 1778
6 12 213
6 13 7938
6 15 6413
6 16 9468
6 24 2950
6 30 3569
6 32 1280
6 33 8479
6 34 3765
6 35 9161
6 36 7467
6 39 3583
6 41 6090
6 42 671
6 44 4908
6 45 6663
6 46 6679
6 48 7050
6 49 3205
6 51 5347
6 53 4439
6 55 4993
6 56 2039
6 57 7652
6 60 8127
6 61 4683
6 63 3923
7 8 4463
7 9 5839
7 10 8725
7 12 9659
7 14 7045
7 15 7461
7 20 9739
7 21 3032
7 23 2957
7 27 2402
7 33 9847
7 36 6765
7 37 4535
7 39 9487
7 40 1821
7 41 6286
7 42 8089
7 43 673
7 44 2676
7 45 1982
7 51 3417
7 52 5115
7 53 940
7 55 1679
7 56 8374
7 57 3113
7 59 6498
7 62 6328
7 63 3523
8 10 8241
8 11 7791
8 15 8939
8 17 184
8 19 8498
8 20 3038
8 22 6126
8 23 9710
8 24 9571
8 26 2885
8 27 7918
8 29 6127
8 33 6041
8 35 700
8 38 5847
8 39 6768
8 40 6501
8 42 4408
8 43 9004
8 44 9291
8 45 8962
8 49 1766
8 51 2947
8 52 2930
8 54 6246
8 55 6185
8 58 9745
9 10 3876
9 11 8749
9 12 1278
9 13 5803
9 16 8519
9 22 8534
9 23 5279
9 25 299
9 30 1470
9 32 2476
9 34 2642
9 35 1001
9 36 1605
9 37 4962
9 38 7663
9 40 179
9 42 9510
9 44 1751
9 46 1080
9 47 8796
9 48 2264
9 50 903
9 52 8791
9 53 6635
9 54 1329
9 57 4429
9 61 1341
10 11 6791
10 12 2308
10 14 4570
10 17 4362
10 18 4585
10 20 1315
10 21 6295
10 23 5171
10 24 635
10 27 4249
10 30 8415
10 32 869
10 35 4105
10 36 119
10 39 4732
10 43 8739
10 44 3020
10 46 8272
10 49 8697
10 51 2341
10 55 7872
10 56 3519
10 58 8362
10 59 710
10 60 3812
11 12 6400
11 17 9812
11 18 863
11 20 4982
11 24 8331
11 26 2148
11 27 4679
11 28 5890
11 29 1676
11 30 1399
11 31 9144
11 32 8852
11 35 2122
11 36 102
11 37 6658
11 39 7305
11 40 121
11 41 8187
11 44 5559
11 46 6317
11 47 8836
11 49 1143
11 50 8492
11 53 6157
11 54 9231
11 55 2604
11 56 9817
11 57 1468
11 58 9096
11 60 4000
11 63 4502
12 17 8528
12 19 3893
12 23 1117
12 25 5840
12 26 2838
12 29 1109
12 32 5593
12 38 6142
12 39 6262
12 40 9749
12 41 8346
12 43 9886
12 44 4727
12 46 8480
12 48 6921
12 49 243
12 51 7572
12 53 6587
12 54 2232
12 55 742
12 57 2692
12 61 4687
13 14 6729
13 15 9119
13 16 1649
13 18 2041
13 19 4752
13 20 4745
13 21 5553
13 24 9430
13 27 8627
13 28 5671
13 29 3221
13 30 5819
13 31 6215
13 33 858
13 36 6067
13 37 3277
13 38 898
13 39 5169
13 40 101
13 41 5737
13 43 6889
13 45 5571
13 47 3075
13 49 5130
13 50 1242
13 51 8633
13 52 3148
13 54 2710
13 55 9432
13 56 6509
13 60 1478
14 17 3567
14 21 3756
14 23 7163
14 26 6216
14 27 4466
14 29 2567
14 32 2153
14 36 6981
14 38 7860
14 39 4964
14 40 1875
14 44 2722
14 45 8845
14 47 8060
14 51 4258
14 52 6614
14 54 275
14 56 2978
14 60 428
14 63 6045
15 16 8861
15 20 3957
15 25 6352
15 26 2092
15 29 3729
15 32 1067
15 35 4259
15 36 3680
15 37 3235
15 39 5314
15 41 6499
15 44 3853
15 46 7743
15 54 9764
15 55 3525
15 56 9595
15 59 8501
15 62 675
15 63 7581
16 17 4301
16 21 1781
16 22 8225
16 24 3819
16 25 1264
16 27 1765
16 36 5357
16 38 546
16 39 7810
16 40 2277
16 44 8037
16 45 1540
16 48 7321
16 50 985
16 51 6008
16 53 7037
16 57 5977
16 59 7499
16 62 6316
17 19 2401
17 20 207
17 21 2164
17 23 1112
17 25 5525
17 26 2792
17 27 5058
17 30 1063
17 33 1991
17 35 7640
17 38 9772
17 39 4050
17 42 7226
17 43 9499
17 46 3692
17 47 7826
17 48 3029
17 51 3645
17 52 7458
17 53 9039
17 55 9698
17 59 6043
17 62 9769
17 63 41
18 19 1620
18 21 4786
18 22 4373
18 24 6885
18 30 1882
18 31 9651
18 33 5988
18 34 5901
18 35 4705
18 36 7670
18 38 1406
18 42 1291
18 47 7079
18 48 598
18 49 2183
18 52 346
18 53 7973
18 56 3324
18 57 8565
18 58 547
18 60 3449
18 61 3998
19 20 3630
19 21 1874
19 22 6444
19 23 4790
19 25 2507
19 26 9148
19 27 5688
19 28 5156
19 29 4011
19 30 5053
19 32 6219
19 38 8822
19 43 1764
19 49 457
19 50 1829
19 54 4406
19 55 7347
19 58 1738
19 59 8576
19 63 339
20 21 3628
20 22 7767
20 23 9781
20 24 9933
20 25 8881
20 29 7507
20 30 6610
20 31 1975
20 34 5376
20 41 2012
20 42 8030
20 45 4783
20 47 8496
20 48 7280
20 49 8146
20 54 8019
20 55 4856
20 56 7825
20 58 3831
20 59 7936
20 61 292
20 62 1643
21 22 3832
21 24 1505
21 27 327
21 28 3721
21 30 1212
21 31 542
21 32 6293
21 36 374
21 39 7783
21 41 4759
21 47 3202
21 48 9969
21 49 5656
21 50 3600
21 55 9603
21 61 9191
21 62 2407
22 26 6244
22 29 3278
22 30 8820
22 31 4
22 32 9665
22 37 5861
22 38 8197
22 39 2114
22 41 3400
22 42 3847
22 45 3586
22 51 7822
22 54 7430
22 57 9585
22 59 8733
22 63 9048
23 24 1451
23 27 7517
23 28 80
23 29 3408
23 30 7922
23 42 5303
23 44 5980
23 48 1460
23 52 2438
23 54 1550
23 55 4870
23 58 6535
23 60 2591
23 61 642
23 62 2905
24 25 2118
24 28 1334
24 30 9688
24 31 902
24 32 3962
24 34 8987
24 37 5258
24 38 6297
24 40 1127
24 41 7554
24 42 2720
24 43 7233
24 44 4762
24 45 476
24 47 5337
24 49 5275
24 51 7580
24 56 9376
24 57 3307
24 60 7240
24 63 2429
25 26 1584
25 27 2316
25 29 753
25 30 6482
25 31 9296
25 34 1141
25 36 6062
25 37 7454
25 39 7907
25 41 3220
25 42 8330
25 43 8701
25 45 4172
25 48 2952
25 49 8375
25 55 8515
25 56 5836
25 57 6373
25 58 2733
25 59 2273
25 63 3846
26 31 8997
26 32 8864
26 34 6310
26 38 8117
26 40 6399
26 41 5186
26 42 2210
26 43 6647
26 44 1301
26 45 2592
26 46 1115
26 51 887
26 52 4746
26 55 1919
26 59 2193
26 60 8942
26 61 7625
26 62 8704
26 63 4062
27 28 2400
27 30 9943
27 32 5110
27 35 7693
27 37 5469
27 38 3126
27 40 3465
27 41 2998
27 43 154
27 45 4098
27 48 6060
27 49 4836
27 51 8638
27 52 8277
27 53 5242
27 54 8631
27 56 3302
27 58 416
27 62 7699
28 30 1710
28 32 3671
28 33 9246
28 34 973
28 35 5215
28 39 168
28 40 620
28 42 9507
28 44 3772
28 47 5761
28 48 785
28 50 9941
28 54 7170
28 58 2464
28 60 150
28 62 8349
28 63 2943
29 30 4569
29 33 7092
29 36 7008
29 38 4421
29 39 399
29 40 2353
29 42 4960
29 43 1858
29 45 8578
29 48 2376
29 51 2130
29 54 6871
29 55 4190
29 57 2460
29 58 4992
29 62 1370
29 63 3167
30 31 2274
30 33 3298
30 34 6464
30 39 6108
30 40 5951
30 46 5166
30 47 8503
30 50 1475
30 51 1896
30 55 829
30 56 4973
30 58 2819
30 60 2709
30 61 4293
30 62 6507
31 32 1435
31 36 2422
31 38 5098
31 39 3997
31 40 4912
31 41 4735
31 42 7149
31 43 9308
31 44 886
31 45 7247
31 46 8064
31 47 3793
31 53 3872
31 54 6773
31 56 5991
31 57 6530
31 58 2817
31 62 9304
31 63 1447
32 36 4911
32 38 6374
32 41 6094
32 42 7308
32 45 696
32 48 7340
32 49 5198
32 50 1375
32 51 1425
32 53 1665
32 54 786
32 57 954
32 58 7528
32 59 3255
32 60 5005
32 63 4605
33 34 6914
33 38 8743
33 40 1936
33 41 3208
33 42 7792
33 43 3024
33 46 7980
33 47 5587
33 48 6954
33 50 7987
33 52 7584
33 57 6386
33 59 9656
33 61 3042
34 35 907
34 40 7449
34 41 4492
34 42 7845
34 43 6860
34 49 2293
34 55 9584
34 56 3840
34 59 1326
34 61 792
35 37 3242
35 38 5388
35 39 567
35 42 6593
35 43 7232
35 46 81
35 47 2847
35 48 6014
35 49 7505
35 50 2580
35 53 8932
35 56 7174
35 59 9315
35 60 2539
35 63 1244
36 37 1287
36 42 2143
36 43 432
36 44 2618
36 47 1213
36 48 6523
36 49 1965
36 50 5781
36 51 9073
36 58 1940
36 59 9642
36 61 4427
36 62 6059
36 63 1256
37 39 2923
37 40 8385
37 43 575
37 46 6064
37 51 5328
37 52 3990
37 53 7059
37 54 4939
37 55 7064
37 56 6314
37 58 4331
37 59 6704
37 61 4738
37 63 8856
38 39 9879
38 40 2823
38 41 9968
38 43 6323
38 46 12
38 47 1818
38 48 4112
38 51 3842
38 54 6300
38 55 2687
38 57 2138
38 58 1610
38 59 3538
38 63 4953
39 41 2745
39 45 9987
39 47 2756
39 50 4712
39 52 7133
39 53 6646
39 55 6855
39 56 9919
39 57 697
39 58 4450
39 60 3591
40 41 7619
40 43 2919
40 44 7509
40 45 4134
40 47 3868
40 48 6612
40 50 3022
40 51 3437
40 52 9637
40 53 8017
40 54 8804
40 57 3317
40 60 4231
40 61 9416
40 62 6007
41 43 9896
41 44 7395
41 46 7731
41 50 9605
41 51 4930
41 52 6486
41 54 7056
41 57 6685
41 58 7331
41 60 9017
41 61 4512
42 43 5349
42 46 9767
42 48 7143
42 51 816
42 53 8702
42 54 4219
42 57 9977
42 62 2658
43 44 3251
43 45 8698
43 48 689
43 49 6517
43 50 8335
43 51 569
43 52 9951
43 53 1403
43 56 278
43 63 22
44 45 9445
44 46 9089
44 48 6690
44 50 4842
44 52 6948
44 56 3231
44 58 286
44 59 5037
44 62 8586
44 63 8727
45 47 2466
45 48 9434
45 50 3837
45 53 9994
45 55 994
45 56 9644
45 59 8961
45 60 6815
45 63 6514
46 47 9730
46 48 4662
46 49 3582
46 50 134
46 51 3228
46 52 3116
46 54 7344
46 55 6897
46 56 7104
46 57 309
46 59 692
46 60 9412
46 61 8077
46 63 3446
47 48 8842
47 49 425
47 51 3420
47 52 2278
47 57 9567
47 58 3084
47 59 3352
48 50 634
48 51 9021
48 54 5439
48 55 418
48 57 8345
48 60 8572
48 62 2099
48 63 8080
49 51 8003
49 54 9097
49 56 6801
49 58 976
49 59 2965
49 60 1526
49 62 9457
50 51 7562
50 52 7345
50 53 2626
50 57 7489
50 60 7105
50 61 4158
50 62 8718
50 63 7241
51 53 633
51 54 3037
51 55 6732
51 56 992
51 57 8166
51 59 9381
51 61 6255
51 63 8858
52 54 353
52 55 1848
52 56 2895
52 59 3175
52 63 2103
53 57 2063
53 59 376
54 55 6390
54 56 3677
54 62 1828
55 56 5909
55 61 9733
55 62 2906
56 58 9176
56 59 7401
56 60 5152
56 63 9163
57 63 6864
58 60 5075
58 61 3955
58 63 8958
59 60 7144
59 62 9177
59 63 397
60 61 9807
62 63 9185
