51 595
0 1 2568
0 4 3184
0 6 4697
0 9 6521
0 12 5377
0 14 5720
0 19 2271
0 21 4367
0 27 8202
0 31 8812
0 32 1205
0 33 1245
0 34 3980
0 36 2505
0 37 6983
0 40 1863
0 42 8249
0 45 6030
0 46 1812
0 47 8411
0 48 3923
0 50 9053
1 3 9975
1 8 9634
1 9 9113
1 11 6385
1 12 9923
1 13 2273
1 20 1714
1 22 6655
1 26 8415
1 31 7475
1 32 9737
1 34 1461
1 35 2079
1 37 1360
1 41 7296
1 44 5173
1 47 6786
1 49 7709
2 4 1669
2 8 3403
2 10 192
2 11 906
2 13 8285
2 14 4726
2 15 5586
2 19 6891
2 20 5012
2 21 8507
2 24 4510
2 25 511
2 28 9674
2 29 2702
2 34 675
2 35 6059
2 36 8955
2 41 5322
2 42 2227
2 43 5398
2 45 3351
2 47 1106
2 48 5258
3 4 9577
3 5 7425
3 10 5361
3 12 339
3 14 2314
3 15 4867
3 16 5092
3 18 5768
3 20 436
3 22 630
3 24 9552
3 25 8103
3 26 6031
3 27 7892
3 28 6023
3 31 1771
3 36 4023
3 37 7580
3 42 8487
3 43 5008
3 44 8707
3 45 9758
3 48 7091
4 6 2132
4 9 380
4 10 699
4 12 1945
4 14 1252
4 16 1036
4 17 3734
4 18 4221
4 19 3553
4 20 1929
4 24 7693
4 25 2662
4 26 7887
4 27 9864
4 28 4546
4 32 7036
4 34 9791
4 35 8841
4 36 2182
4 37 7379
4 38 3194
4 39 8469
4 43 7823
4 47 4087
4 48 9752
4 49 8981
4 50 4863
5 9 5912
5 10 6366
5 13 5709
5 14 1706
5 15 9092
5 16 2179
5 18 712
5 20 8727
5 21 7643
5 22 1382
5 25 5561
5 26 491
5 27 8351
5 29 919
5 30 4290
5 34 1326
5 37 1172
5 38 8223
5 40 5421
5 42 2069
5 44 4486
5 45 6639
5 47 2386
6 13 6360
6 20 8264
6 24 3382
6 32 4588
6 33 622
6 37 5115
6 42 7166
6 43 49
6 45 5317
6 46 6863
6 48 3783
6 50 6251
7 9 3896
7 10 2537
7 12 160
7 13 2785
7 15 401
7 19 8566
7 26 5293
7 29 1603
7 30 3994
7 32 2625
7 33 7571
7 35 297
7 39 7611
7 42 7687
7 44 3150
7 45 8137
7 46 4134
7 47 4966
7 48 1857
7 50 1694
8 10 9871
8 14 8996
8 16 4164
8 17 6078
8 19 4890
8 20 8649
8 23 2781
8 24 1155
8 26 7424
8 30 9454
8 31 6016
8 32 9146
8 33 6397
8 35 896
8 36 7651
8 37 5907
8 40 8794
8 41 7919
8 43 6122
8 48 525
8 50 3958
9 11 2036
9 12 5126
9 13 2895
9 14 2354
9 17 1003
9 19 5342
9 20 687
9 21 3608
9 22 8738
9 24 2938
9 25 1479
9 28 8564
9 36 6409
9 38 903
9 40 4713
9 44 7676
9 47 6657
9 49 5798
10 12 9948
10 13 6663
10 15 8018
10 17 8961
10 18 6898
10 25 9681
10 27 6167
10 32 6925
10 33 7210
10 34 8074
10 36 6313
10 43 6936
10 44 4040
10 45 9522
10 48 5603
10 49 8101
11 15 6450
11 16 78
11 17 618
11 19 3709
11 21 649
11 23 2310
11 25 295
11 26 3300
11 29 3342
11 30 9123
11 31 8940
11 33 5892
11 34 2619
11 40 5580
11 41 6586
11 43 2274
11 44 1477
11 49 8193
11 50 2801
12 13 2223
12 14 1556
12 15 3299
12 16 444
12 17 4806
12 18 4575
12 19 9990
12 20 9421
12 21 1320
12 25 7358
12 26 4222
12 27 8028
12 29 6179
12 31 2388
12 32 4439
12 33 9305
12 37 3033
12 38 1993
12 39 6890
12 40 8388
12 44 89
13 16 1281
13 19 659
13 24 4998
13 25 4400
13 28 8330
13 29 3793
13 34 4993
13 38 5520
13 44 2786
13 45 6799
13 46 4604
13 47 6626
13 48 990
14 16 4373
14 17 709
14 18 543
14 24 2366
14 25 492
14 26 1239
14 27 6554
14 30 3140
14 32 6425
14 34 7518
14 36 3982
14 38 611
14 39 7997
14 41 177
14 42 8071
14 44 5428
14 45 3848
14 46 9069
14 48 258
15 16 7679
15 17 2400
15 19 2714
15 20 5594
15 22 6212
15 26 1647
15 27 3697
15 30 4630
15 32 531
15 34 5950
15 38 2947
15 39 9408
15 40 5815
15 45 1792
15 50 151
16 17 1533
16 19 1854
16 24 3204
16 25 6838
16 26 9587
16 27 4776
16 29 2828
16 32 3430
16 33 4919
16 38 4109
16 39 4277
16 40 8938
16 43 4718
16 44 8999
17 18 9673
17 21 4386
17 23 3576
17 27 7445
17 29 128
17 36 2812
17 37 6238
17 41 8895
17 42 5658
17 48 8717
17 50 4175
18 19 1515
18 20 9918
18 22 7389
18 24 9348
18 25 9399
18 27 2922
18 28 7124
18 33 5666
18 37 4071
18 38 8492
18 39 4015
18 42 6605
18 44 5137
18 45 7476
18 48 6162
18 49 3199
18 50 1756
19 24 4309
19 25 3768
19 26 4474
19 28 6467
19 29 4833
19 30 9087
19 31 3842
19 36 2389
19 37 3188
19 39 3386
19 41 8632
19 42 7781
19 43 9954
19 44 1954
19 46 7000
19 48 6522
19 49 4053
20 23 7407
20 28 3335
20 31 8889
20 33 6855
20 36 5073
20 37 6907
20 39 4997
20 41 603
20 43 5298
20 44 2374
20 45 8311
20 46 8450
20 48 9595
21 22 8449
21 26 3671
21 28 9722
21 29 3549
21 36 386
21 39 4480
21 41 3014
21 43 2051
21 44 5943
21 45 2490
21 47 9134
21 48 2020
22 24 5841
22 27 6341
22 29 5054
22 30 27
22 32 3295
22 34 30
22 36 4025
22 38 4602
22 40 9539
22 42 3760
22 44 6642
22 46 7975
22 49 2407
23 24 853
23 26 4860
23 27 2249
23 29 569
23 32 837
23 33 558
23 35 5968
23 39 3178
23 41 9074
23 43 4515
23 44 639
23 46 1127
23 47 4614
23 49 9984
23 50 8828
24 25 8326
24 29 6572
24 35 5521
24 36 2450
24 37 3284
24 39 8318
24 42 3668
24 43 6011
24 44 1757
24 45 105
24 46 3821
24 47 3485
25 26 5822
25 29 2697
25 33 5955
25 39 650
25 43 5776
25 45 7412
25 50 4509
26 27 2162
26 31 8192
26 32 6580
26 34 8863
26 35 7737
26 39 2383
26 40 5482
26 41 9223
26 42 9211
26 43 437
26 44 9294
26 45 2681
26 49 2750
26 50 2968
27 29 9261
27 33 7004
27 35 1902
27 36 644
27 40 3099
27 41 6611
27 42 3974
27 45 9693
27 46 6717
27 47 3769
28 30 1746
28 31 8039
28 34 1639
28 35 8502
28 37 8201
28 39 1648
28 41 3872
28 42 4316
28 47 9047
28 48 3325
28 49 1816
29 32 1475
29 34 1775
29 37 2238
29 38 6216
29 39 1283
29 45 1451
29 46 4210
29 47 9531
29 49 19
29 50 9371
30 32 7875
30 38 260
30 40 9527
30 42 9489
30 44 6606
30 46 2508
30 47 1855
30 48 582
30 49 455
30 50 9652
31 33 2138
31 34 5230
31 35 9600
31 37 3267
31 38 5828
31 40 8308
31 44 3789
31 45 6741
31 46 7081
32 33 9260
32 35 218
32 37 2728
32 38 5610
32 40 9537
32 44 1118
32 45 2203
32 46 5813
32 47 275
32 48 7962
32 49 9603
33 37 6539
33 38 36
33 40 422
33 43 4469
33 44 5467
33 46 5478
33 47 6057
33 48 1307
33 49 6661
34 37 7044
34 40 6699
34 42 1065
34 44 2655
34 45 1251
34 46 5159
34 48 968
34 49 7184
35 36 8618
35 37 6795
35 38 1337
35 39 5563
35 40 4964
35 41 4345
35 43 170
35 44 8034
35 45 4021
35 46 7867
35 47 8791
35 49 4282
36 37 547
36 38 7385
36 39 9085
36 40 4873
36 41 9266
36 43 7553
36 44 9330
36 46 9913
36 47 6201
36 50 5541
37 42 7686
37 44 5662
37 47 5796
37 48 2605
38 40 8611
38 43 7515
38 45 7754
38 46 2534
38 47 3384
38 48 7248
38 49 2723
38 50 2519
39 40 157
39 45 1709
40 42 1491
40 44 1376
40 45 5645
40 46 39
40 50 5608
41 42 6542
41 44 4720
41 47 6331
41 50 4038
42 44 5852
42 45 6115
42 46 7363
42 49 7612
43 46 2163
44 45 9062
44 48 6445
44 50 1871
45 46 9717
45 47 3579
45 48 6108
45 50 4247
46 47 1107
47 49 7242
48 49 7780
48 50 7698
49 50 8928
