79 1507
0 2 2
0 3 2
0 5 3
0 9 9
0 10 8
0 11 4
0 12 2
0 15 7
0 16 2
0 17 8
0 18 2
0 19 2
0 20 4
0 23 2
0 24 10
0 26 7
0 29 6
0 31 10
0 36 8
0 40 1
0 44 4
0 46 6
0 47 6
0 48 9
0 49 3
0 52 9
0 54 9
0 56 8
0 58 1
0 59 4
0 61 6
0 62 9
0 63 8
0 65 5
0 66 1
0 68 9
0 69 5
0 73 3
1 2 1
1 3 3
1 7 6
1 10 5
1 11 10
1 14 1
1 22 4
1 25 8
1 26 5
1 27 1
1 28 1
1 29 8
1 31 4
1 37 10
1 38 1
1 39 6
1 41 9
1 42 1
1 43 2
1 45 5
1 48 10
1 49 6
1 50 6
1 51 2
1 56 9
1 58 6
1 60 3
1 61 4
1 65 3
1 67 6
1 68 5
1 69 4
1 71 8
1 72 9
1 76 8
1 77 4
1 78 8
2 3 2
2 4 2
2 6 9
2 9 9
2 10 7
2 12 2
2 14 1
2 16 5
2 18 2
2 19 6
2 20 10
2 21 7
2 26 1
2 28 1
2 31 2
2 32 10
2 35 2
2 37 5
2 38 5
2 41 5
2 43 3
2 46 6
2 48 6
2 52 5
2 53 3
2 56 6
2 58 9
2 61 8
2 62 10
2 65 6
2 70 8
2 74 9
2 75 7
3 6 4
3 8 2
3 9 8
3 10 3
3 11 1
3 13 6
3 14 3
3 24 8
3 25 7
3 26 10
3 29 1
3 32 3
3 34 7
3 35 1
3 36 7
3 37 6
3 40 4
3 42 2
3 43 10
3 49 6
3 50 9
3 54 9
3 55 1
3 56 1
3 58 8
3 60 9
3 61 8
3 62 3
3 63 1
3 64 5
3 65 6
3 70 3
3 74 4
3 75 8
4 6 8
4 12 10
4 14 7
4 16 6
4 22 9
4 25 3
4 29 5
4 32 4
4 35 9
4 39 1
4 41 6
4 42 3
4 45 3
4 46 2
4 47 10
4 48 1
4 50 6
4 51 10
4 52 2
4 53 4
4 54 4
4 61 4
4 63 6
4 65 3
4 69 4
4 70 10
4 71 8
4 72 8
4 75 10
4 76 4
4 77 6
4 78 2
5 9 7
5 12 6
5 15 4
5 18 1
5 21 9
5 22 1
5 23 2
5 26 10
5 27 1
5 28 1
5 29 3
5 30 2
5 31 3
5 33 1
5 35 10
5 36 3
5 37 3
5 39 4
5 41 8
5 42 9
5 44 2
5 46 2
5 49 8
5 50 3
5 51 1
5 52 5
5 53 5
5 54 3
5 57 4
5 58 9
5 59 3
5 63 2
5 64 1
5 66 2
5 70 4
5 74 2
5 77 3
6 10 10
6 12 5
6 13 6
6 15 6
6 17 4
6 19 9
6 22 7
6 23 7
6 24 10
6 25 3
6 26 3
6 31 3
6 33 9
6 34 1
6 38 7
6 39 2
6 40 3
6 43 8
6 44 2
6 45 8
6 47 7
6 50 10
6 52 4
6 53 10
6 54 7
6 57 8
6 58 8
6 62 1
6 63 2
6 64 10
6 68 1
6 71 8
6 74 8
6 75 9
6 78 4
7 8 4
7 12 9
7 16 5
7 17 10
7 18 5
7 19 8
7 21 10
7 22 4
7 32 10
7 33 3
7 36 1
7 37 3
7 38 8
7 40 6
7 41 3
7 43 1
7 45 8
7 46 2
7 48 10
7 50 1
7 54 5
7 57 4
7 58 1
7 60 1
7 61 3
7 63 2
7 65 1
7 70 9
7 71 4
7 73 3
7 78 10
8 11 4
8 12 2
8 16 6
8 17 4
8 20 3
8 21 6
8 23 8
8 24 6
8 25 4
8 26 6
8 27 3
8 29 4
8 33 10
8 36 7
8 37 3
8 38 4
8 39 10
8 40 6
8 42 1
8 43 6
8 44 1
8 47 10
8 48 9
8 49 4
8 51 4
8 54 4
8 57 4
8 58 10
8 60 8
8 62 10
8 63 9
8 64 10
8 65 3
8 67 7
8 68 2
8 70 6
8 72 8
8 78 4
9 10 8
9 13 2
9 16 5
9 17 1
9 18 7
9 19 8
9 21 7
9 23 7
9 24 7
9 25 1
9 26 6
9 29 6
9 30 2
9 32 3
9 33 7
9 34 9
9 36 8
9 37 6
9 39 1
9 40 1
9 41 2
9 42 1
9 43 9
9 45 10
9 47 9
9 48 10
9 49 3
9 52 6
9 54 6
9 55 1
9 57 9
9 58 6
9 59 3
9 61 3
9 63 10
9 64 1
9 65 8
9 67 5
9 69 2
9 71 1
9 73 8
9 75 4
9 78 3
10 16 2
10 20 8
10 21 9
10 22 5
10 23 9
10 25 3
10 27 2
10 29 4
10 31 4
10 33 7
10 34 6
10 35 1
10 36 5
10 38 9
10 39 1
10 40 2
10 42 8
10 44 2
10 45 5
10 46 1
10 47 6
10 48 9
10 52 4
10 54 9
10 58 6
10 59 3
10 61 3
10 62 6
10 64 7
10 66 7
10 69 7
10 70 1
10 72 8
10 73 3
10 74 10
11 13 10
11 14 7
11 17 8
11 19 1
11 20 5
11 21 3
11 22 7
11 23 1
11 36 5
11 39 5
11 40 7
11 41 2
11 42 3
11 45 10
11 47 4
11 48 5
11 49 1
11 54 10
11 57 8
11 59 10
11 62 10
11 65 10
11 66 1
11 71 10
11 73 5
11 74 8
11 75 3
11 78 5
12 16 9
12 17 8
12 19 3
12 22 10
12 23 4
12 25 1
12 26 5
12 27 2
12 28 8
12 29 2
12 30 4
12 31 1
12 32 2
12 33 5
12 35 7
12 36 10
12 37 9
12 38 9
12 39 9
12 41 7
12 43 5
12 45 1
12 46 5
12 50 7
12 52 6
12 55 9
12 58 5
12 60 5
12 61 9
12 62 5
12 63 6
12 64 10
12 69 10
12 70 10
12 71 9
12 72 3
12 73 7
12 75 4
12 77 7
12 78 6
13 16 4
13 19 5
13 20 4
13 21 3
13 25 7
13 27 1
13 28 6
13 29 10
13 30 8
13 39 8
13 40 7
13 41 4
13 42 8
13 44 8
13 45 3
13 46 5
13 47 7
13 48 1
13 50 7
13 52 8
13 54 9
13 56 4
13 57 4
13 59 4
13 60 7
13 62 4
13 66 10
13 67 6
13 69 5
13 70 6
13 71 8
13 73 1
13 78 8
14 17 5
14 18 8
14 20 5
14 22 1
14 25 3
14 26 8
14 27 5
14 30 3
14 31 5
14 32 3
14 33 8
14 35 2
14 36 3
14 38 10
14 39 3
14 40 7
14 41 2
14 43 8
14 45 3
14 47 4
14 48 4
14 52 9
14 53 6
14 54 6
14 57 10
14 58 10
14 61 8
14 62 9
14 66 8
14 68 1
14 70 8
14 73 6
14 74 5
14 76 8
14 78 7
15 16 10
15 17 9
15 18 4
15 24 8
15 25 7
15 26 4
15 28 7
15 30 4
15 31 2
15 33 9
15 34 3
15 38 1
15 39 4
15 43 1
15 45 3
15 46 6
15 50 8
15 51 3
15 52 5
15 53 8
15 54 7
15 55 6
15 58 2
15 59 10
15 61 2
15 65 8
15 66 5
15 70 1
15 72 8
15 73 9
15 76 8
16 17 2
16 19 5
16 21 3
16 22 1
16 23 3
16 24 6
16 26 1
16 27 4
16 28 1
16 29 10
16 30 9
16 34 9
16 38 1
16 40 1
16 41 4
16 42 9
16 49 8
16 50 5
16 53 3
16 55 2
16 58 10
16 59 3
16 60 1
16 62 3
16 64 9
16 67 8
16 70 10
16 72 1
16 74 9
16 77 3
17 18 1
17 20 2
17 21 5
17 22 9
17 23 9
17 25 4
17 28 10
17 32 1
17 34 1
17 37 1
17 39 4
17 40 9
17 41 9
17 42 2
17 44 8
17 46 9
17 47 2
17 48 5
17 51 6
17 52 2
17 53 1
17 54 5
17 56 3
17 59 4
17 60 8
17 61 4
17 62 4
17 63 5
17 65 9
17 68 1
17 69 2
17 71 3
17 72 6
17 76 4
18 19 6
18 20 1
18 21 10
18 22 4
18 23 6
18 25 4
18 26 4
18 27 8
18 31 3
18 32 1
18 33 2
18 35 6
18 37 3
18 38 9
18 42 3
18 46 7
18 47 6
18 50 8
18 51 1
18 52 10
18 53 2
18 54 7
18 57 4
18 58 5
18 59 7
18 60 1
18 62 9
18 64 2
18 67 7
18 68 2
18 69 5
18 70 9
18 71 7
18 73 6
18 75 2
19 23 8
19 27 6
19 29 1
19 31 4
19 34 1
19 38 4
19 39 2
19 42 3
19 43 5
19 44 7
19 45 3
19 47 8
19 49 2
19 51 10
19 53 1
19 54 4
19 60 5
19 61 4
19 64 8
19 65 4
19 66 6
19 67 3
19 69 8
19 70 8
19 71 6
19 73 9
19 76 3
20 24 7
20 34 6
20 35 7
20 36 6
20 38 2
20 39 9
20 40 5
20 41 7
20 44 2
20 49 2
20 50 5
20 51 7
20 52 8
20 53 10
20 54 3
20 57 2
20 58 8
20 59 2
20 60 8
20 62 9
20 67 5
20 68 2
20 69 7
20 73 8
20 74 1
20 76 9
21 25 1
21 27 10
21 29 2
21 31 1
21 33 2
21 34 6
21 37 10
21 38 4
21 40 3
21 44 2
21 46 6
21 47 8
21 48 8
21 49 2
21 52 6
21 53 7
21 54 3
21 59 4
21 61 7
21 65 6
21 68 2
21 69 4
21 71 5
21 72 4
21 75 1
22 23 5
22 24 8
22 25 3
22 26 9
22 31 7
22 32 2
22 33 10
22 36 2
22 38 5
22 44 9
22 45 9
22 46 4
22 48 9
22 52 2
22 53 3
22 57 2
22 63 5
22 64 6
22 65 1
22 66 3
22 68 3
22 69 3
22 70 8
22 71 5
22 74 1
22 75 7
23 24 1
23 26 6
23 28 9
23 29 4
23 31 2
23 33 2
23 35 1
23 38 3
23 41 4
23 42 3
23 43 3
23 44 5
23 45 2
23 46 1
23 47 6
23 48 4
23 49 6
23 50 1
23 51 5
23 52 9
23 55 7
23 58 5
23 61 8
23 62 8
23 63 5
23 64 3
23 65 3
23 66 8
23 67 1
23 72 10
23 73 4
23 75 10
23 77 2
24 25 8
24 26 1
24 27 7
24 28 1
24 33 2
24 34 7
24 35 2
24 38 8
24 39 4
24 42 9
24 45 10
24 47 4
24 50 2
24 52 4
24 56 9
24 61 8
24 64 5
24 65 4
24 68 9
24 70 8
24 72 5
24 74 2
24 75 8
24 77 9
24 78 1
25 33 10
25 34 1
25 35 9
25 38 8
25 40 9
25 41 10
25 42 8
25 43 1
25 45 10
25 46 9
25 47 2
25 49 7
25 50 6
25 51 4
25 52 8
25 55 5
25 57 10
25 58 2
25 60 5
25 61 10
25 62 9
25 64 9
25 67 8
25 70 3
25 74 2
25 76 10
25 78 4
26 27 2
26 30 3
26 32 1
26 34 9
26 37 8
26 40 1
26 42 2
26 43 4
26 44 1
26 45 4
26 48 4
26 49 9
26 51 3
26 54 9
26 55 4
26 56 6
26 58 1
26 61 10
26 63 3
26 67 10
26 68 7
26 70 1
26 71 2
26 72 8
26 76 3
26 78 1
27 28 7
27 29 2
27 31 5
27 32 10
27 36 10
27 39 7
27 40 5
27 42 10
27 43 6
27 45 2
27 47 4
27 49 8
27 51 8
27 56 7
27 57 2
27 58 10
27 59 4
27 63 3
27 64 8
27 65 4
27 66 2
27 68 1
27 69 3
27 70 3
27 71 10
27 74 9
27 76 2
28 31 7
28 32 8
28 34 3
28 38 3
28 39 1
28 40 2
28 41 5
28 42 9
28 46 10
28 47 9
28 49 3
28 55 2
28 57 6
28 60 7
28 66 8
28 67 3
28 68 4
28 69 1
28 70 9
28 74 2
28 77 2
28 78 10
29 35 4
29 39 9
29 42 7
29 43 10
29 45 8
29 48 3
29 49 7
29 50 10
29 51 1
29 53 8
29 55 10
29 56 3
29 59 8
29 60 8
29 64 9
29 65 1
29 66 9
29 67 2
29 71 8
29 72 8
29 74 9
29 78 9
30 31 9
30 32 7
30 33 6
30 35 1
30 36 3
30 40 5
30 41 4
30 42 5
30 44 7
30 46 2
30 47 10
30 51 3
30 52 3
30 54 4
30 55 9
30 57 9
30 61 3
30 63 3
30 64 5
30 67 8
30 68 7
30 69 1
30 72 2
30 73 8
30 74 5
30 75 3
30 76 2
30 78 10
31 37 5
31 38 4
31 41 8
31 43 8
31 46 4
31 48 2
31 49 9
31 53 5
31 54 6
31 55 6
31 56 6
31 58 1
31 59 3
31 61 4
31 63 10
31 66 5
31 67 6
31 73 8
31 74 1
31 76 1
32 34 5
32 36 5
32 37 6
32 39 6
32 40 3
32 43 1
32 44 1
32 45 1
32 47 4
32 51 1
32 52 8
32 53 1
32 54 5
32 57 6
32 63 4
32 65 1
32 66 9
32 67 9
32 68 10
32 70 4
32 71 9
32 73 2
32 74 10
32 76 2
33 35 8
33 36 9
33 37 6
33 38 2
33 41 1
33 43 3
33 44 6
33 47 10
33 52 2
33 53 8
33 55 3
33 56 7
33 57 1
33 60 4
33 62 3
33 64 8
33 72 10
33 77 2
34 35 4
34 36 2
34 38 5
34 39 8
34 43 10
34 45 4
34 46 3
34 51 1
34 52 1
34 54 10
34 56 8
34 62 5
34 64 7
34 68 6
34 70 8
34 71 1
34 72 1
34 74 3
34 75 5
35 36 7
35 37 8
35 39 9
35 41 10
35 42 5
35 43 8
35 45 1
35 47 7
35 51 3
35 54 7
35 57 5
35 60 2
35 63 2
35 65 2
35 69 7
35 72 6
35 75 1
35 77 6
35 78 4
36 38 10
36 41 2
36 42 9
36 43 4
36 44 9
36 45 10
36 46 4
36 47 4
36 49 4
36 50 1
36 51 2
36 52 9
36 55 7
36 56 3
36 60 5
36 64 4
36 66 7
36 73 2
36 74 4
36 75 6
37 38 10
37 39 2
37 45 10
37 46 10
37 49 1
37 50 1
37 51 8
37 53 7
37 56 10
37 57 7
37 58 4
37 61 5
37 70 4
37 72 9
37 75 10
37 76 6
38 39 6
38 40 1
38 42 5
38 47 7
38 48 1
38 49 2
38 50 8
38 52 2
38 53 8
38 54 5
38 55 7
38 59 3
38 64 6
38 65 4
38 66 4
38 72 2
38 74 4
38 76 5
38 77 9
38 78 9
39 42 3
39 44 5
39 45 9
39 50 7
39 53 5
39 54 2
39 57 5
39 59 9
39 62 8
39 63 4
39 68 2
39 70 2
39 71 8
39 72 2
39 73 1
39 75 3
39 77 6
40 45 1
40 46 6
40 48 7
40 49 5
40 50 9
40 53 5
40 54 6
40 55 4
40 57 2
40 58 2
40 62 8
40 66 6
40 67 5
40 68 3
40 70 2
40 71 2
40 72 10
40 76 8
40 78 5
41 42 4
41 44 1
41 45 7
41 47 9
41 48 8
41 49 8
41 50 9
41 51 6
41 55 5
41 56 6
41 58 8
41 59 7
41 60 4
41 65 7
41 68 6
41 69 4
41 71 5
41 73 8
41 76 2
41 77 9
42 45 3
42 47 6
42 48 6
42 54 2
42 57 1
42 60 6
42 66 2
42 67 1
42 70 6
42 71 10
42 74 7
42 75 8
42 77 10
43 45 5
43 46 9
43 47 8
43 49 10
43 50 10
43 52 7
43 54 3
43 55 10
43 56 7
43 57 1
43 59 2
43 60 5
43 61 5
43 62 1
43 63 3
43 64 7
43 65 8
43 66 8
43 68 2
43 70 8
43 72 9
43 74 2
43 76 9
43 77 10
44 48 6
44 49 10
44 53 9
44 56 7
44 63 4
44 66 10
44 67 9
44 68 4
44 72 8
44 74 6
44 75 6
45 48 10
45 50 6
45 51 7
45 53 5
45 54 3
45 55 9
45 58 7
45 60 3
45 61 10
45 63 5
45 66 8
45 67 2
45 68 5
45 69 8
45 70 1
45 73 1
45 75 5
45 76 6
45 78 5
46 50 9
46 51 1
46 56 9
46 59 4
46 61 10
46 63 5
46 65 4
46 66 8
46 67 2
46 68 6
46 71 3
46 77 2
46 78 1
47 48 10
47 49 9
47 50 2
47 55 6
47 58 10
47 60 3
47 62 4
47 63 8
47 65 8
47 69 6
47 70 4
47 74 2
47 75 1
47 76 9
47 77 5
47 78 7
48 49 8
48 54 6
48 56 9
48 58 3
48 59 10
48 62 4
48 63 10
48 65 3
48 66 3
48 67 8
48 71 6
48 72 5
48 74 2
48 77 8
48 78 7
49 50 8
49 51 10
49 52 8
49 53 5
49 60 2
49 61 5
49 62 3
49 66 4
49 70 3
49 73 10
49 74 4
49 77 6
49 78 10
50 52 5
50 53 10
50 55 6
50 57 4
50 61 4
50 62 1
50 64 7
50 65 7
50 66 7
50 70 5
50 73 2
50 74 1
50 75 9
50 77 7
50 78 8
51 55 8
51 58 7
51 60 9
51 62 2
51 63 4
51 64 8
51 68 9
51 69 5
51 70 3
51 77 1
51 78 8
52 53 9
52 56 10
52 59 8
52 61 7
52 62 3
52 64 4
52 68 10
52 69 2
52 70 1
52 71 7
52 75 8
52 77 6
53 54 1
53 58 3
53 60 3
53 65 8
53 68 7
53 69 4
53 77 2
53 78 3
54 55 5
54 56 2
54 59 9
54 61 7
54 62 4
54 63 2
54 67 5
54 70 9
54 72 2
54 73 3
54 75 6
54 77 8
55 58 5
55 59 7
55 60 2
55 63 6
55 64 6
55 65 4
55 70 10
55 72 6
55 75 5
55 76 2
56 57 9
56 59 9
56 60 1
56 62 7
56 63 4
56 64 1
56 66 1
56 68 2
56 70 6
56 72 4
56 78 10
57 58 1
57 61 5
57 62 5
57 68 5
57 70 3
57 72 3
57 73 4
57 74 4
57 76 1
58 61 8
58 65 8
58 67 4
58 68 8
58 71 6
58 72 7
58 74 6
58 75 3
58 76 3
59 60 9
59 64 9
59 65 8
59 70 9
59 71 5
59 77 7
60 61 3
60 64 9
60 66 1
60 68 6
60 69 3
60 70 8
60 71 8
60 73 1
60 75 2
60 77 6
60 78 1
61 62 2
61 64 6
61 66 3
61 69 8
61 74 8
61 75 6
61 77 1
62 63 3
62 65 2
62 67 6
62 71 7
62 72 9
62 75 2
62 76 3
63 64 7
63 66 5
63 68 8
63 71 2
63 72 7
63 73 2
63 75 10
63 77 7
63 78 2
64 67 5
64 68 8
64 73 6
64 75 6
65 68 1
65 69 8
65 70 2
65 71 7
65 72 10
65 73 2
65 74 7
65 75 2
65 76 2
65 77 3
66 71 4
66 72 1
66 73 7
66 75 4
66 76 6
66 77 8
66 78 5
67 68 6
67 69 8
67 70 8
67 75 7
67 76 8
67 77 7
67 78 4
68 72 4
68 74 7
68 78 4
69 70 5
69 73 3
69 74 8
69 75 10
69 77 4
69 78 10
70 71 5
70 72 5
70 74 1
70 75 1
70 77 10
70 78 5
71 72 7
71 75 10
71 76 6
71 78 3
72 73 4
72 74 2
72 78 3
73 75 4
73 76 4
73 77 7
73 78 7
74 75 4
74 76 3
74 77 1
75 76 7
75 77 6
75 78 9
76 77 6
