55 749
0 1 6
0 6 2
0 8 1
0 14 6
0 21 4
0 22 8
0 24 6
0 25 5
0 26 10
0 31 4
0 33 5
0 37 9
0 38 8
0 39 9
0 42 4
0 44 7
0 48 9
0 49 2
0 51 7
1 2 6
1 3 5
1 4 1
1 6 10
1 7 10
1 8 5
1 10 8
1 12 6
1 13 8
1 14 1
1 15 6
1 16 1
1 17 3
1 20 4
1 23 1
1 25 9
1 27 8
1 28 8
1 29 9
1 32 1
1 33 3
1 34 5
1 35 4
1 37 5
1 38 8
1 40 10
1 45 6
1 46 5
1 47 2
1 52 1
2 3 1
2 4 8
2 6 7
2 8 10
2 9 7
2 11 10
2 13 5
2 14 8
2 15 4
2 17 9
2 18 8
2 19 6
2 20 9
2 21 4
2 22 5
2 25 6
2 26 4
2 29 4
2 32 6
2 34 5
2 36 1
2 37 5
2 38 10
2 39 4
2 40 3
2 41 10
2 42 1
2 44 2
2 46 3
2 47 6
2 48 7
2 53 2
2 54 1
3 8 8
3 9 7
3 10 6
3 17 7
3 18 6
3 21 3
3 25 6
3 27 2
3 28 9
3 32 9
3 33 10
3 34 2
3 35 7
3 36 9
3 37 1
3 39 5
3 40 4
3 41 7
3 43 5
3 44 3
3 45 10
3 46 6
3 47 6
3 50 1
3 51 8
3 54 4
4 5 2
4 7 9
4 8 8
4 13 2
4 14 4
4 16 3
4 19 1
4 21 10
4 26 6
4 29 4
4 30 2
4 32 1
4 37 4
4 38 5
4 39 2
4 40 10
4 45 7
4 47 7
4 51 9
4 52 1
4 54 8
5 7 6
5 14 9
5 15 4
5 16 9
5 21 6
5 22 7
5 23 8
5 26 9
5 30 4
5 31 8
5 34 6
5 35 1
5 36 10
5 37 6
5 38 7
5 44 4
5 46 4
5 49 3
5 50 1
5 51 2
5 53 5
6 8 5
6 9 8
6 10 6
6 14 8
6 17 1
6 21 10
6 23 10
6 25 9
6 28 2
6 32 1
6 33 8
6 34 3
6 35 4
6 36 9
6 37 2
6 40 2
6 43 9
6 47 1
6 49 2
6 50 9
6 51 2
6 52 7
6 54 6
7 8 10
7 9 7
7 10 10
7 11 6
7 12 2
7 13 7
7 14 7
7 17 6
7 20 1
7 21 10
7 22 7
7 23 7
7 26 7
7 27 9
7 28 3
7 29 7
7 33 10
7 34 8
7 35 6
7 38 3
7 40 9
7 41 7
7 42 8
7 43 5
7 44 6
7 46 6
7 51 9
7 54 6
8 9 3
8 12 3
8 13 1
8 16 4
8 17 4
8 20 2
8 21 1
8 22 5
8 23 3
8 24 7
8 25 2
8 30 6
8 31 3
8 32 7
8 33 3
8 34 1
8 35 7
8 36 9
8 40 4
8 41 6
8 42 9
8 43 3
8 45 6
8 46 6
8 49 4
8 50 8
8 52 2
9 10 1
9 13 1
9 14 7
9 18 1
9 19 6
9 22 10
9 23 2
9 24 10
9 25 4
9 27 9
9 30 2
9 31 8
9 32 4
9 35 6
9 37 8
9 39 10
9 45 2
9 46 9
9 50 3
10 11 10
10 12 6
10 13 1
10 15 7
10 23 2
10 26 3
10 29 9
10 30 10
10 33 1
10 37 10
10 39 5
10 41 6
10 42 7
10 43 8
10 45 3
10 52 1
10 54 6
11 12 2
11 14 2
11 16 8
11 17 6
11 18 5
11 19 9
11 21 10
11 22 3
11 23 3
11 27 5
11 29 8
11 30 9
11 36 7
11 37 4
11 38 6
11 39 2
11 41 2
11 42 10
11 44 5
11 46 4
11 47 3
11 48 8
11 49 10
11 50 3
11 51 5
11 54 8
12 13 5
12 14 9
12 15 2
12 21 3
12 22 1
12 23 8
12 24 1
12 25 6
12 26 6
12 27 1
12 29 8
12 30 9
12 32 6
12 34 6
12 35 2
12 36 8
12 37 2
12 38 1
12 40 2
12 41 1
12 43 3
12 48 6
12 49 8
12 50 2
12 51 7
12 52 4
12 53 6
13 14 9
13 15 5
13 19 4
13 20 10
13 24 10
13 27 4
13 29 3
13 30 9
13 31 3
13 33 2
13 34 2
13 36 2
13 40 8
13 41 10
13 42 2
13 43 10
13 44 1
13 47 1
13 48 10
13 49 5
13 53 8
14 15 6
14 16 4
14 17 9
14 20 2
14 21 2
14 22 9
14 23 10
14 25 8
14 26 9
14 27 4
14 29 10
14 30 2
14 31 4
14 33 5
14 34 3
14 38 10
14 40 10
14 41 1
14 42 2
14 43 4
14 44 7
14 47 6
14 49 2
14 50 4
14 51 5
15 16 9
15 23 2
15 25 3
15 26 2
15 28 8
15 32 5
15 34 8
15 35 8
15 36 7
15 37 1
15 38 10
15 39 3
15 40 9
15 42 2
15 43 4
15 44 9
15 46 8
15 48 9
15 50 9
15 51 8
15 53 5
15 54 5
16 17 10
16 19 1
16 21 7
16 23 7
16 24 4
16 25 5
16 26 6
16 28 9
16 30 3
16 32 9
16 33 4
16 34 4
16 35 5
16 39 4
16 41 10
16 42 5
16 44 5
16 45 9
16 48 9
16 50 4
16 51 8
17 18 6
17 21 4
17 22 8
17 24 6
17 30 10
17 34 4
17 37 9
17 38 8
17 39 5
17 40 5
17 41 7
17 42 6
17 43 1
17 46 2
17 47 3
17 49 3
17 50 8
17 51 1
18 20 7
18 22 5
18 25 4
18 28 2
18 29 6
18 33 1
18 36 8
18 39 4
18 40 8
18 41 7
18 46 4
18 49 4
18 50 4
18 53 7
19 20 10
19 22 8
19 23 10
19 24 7
19 28 7
19 29 4
19 30 2
19 31 1
19 32 10
19 33 3
19 34 1
19 35 10
19 38 7
19 40 10
19 41 7
19 42 3
19 43 2
19 45 10
19 47 5
19 49 8
19 50 7
19 51 8
19 53 8
20 21 6
20 22 7
20 23 1
20 25 6
20 27 3
20 29 6
20 31 8
20 33 7
20 34 1
20 40 3
20 43 1
20 45 4
20 47 9
20 48 3
20 52 8
21 22 6
21 24 9
21 26 7
21 27 6
21 29 10
21 30 8
21 32 9
21 34 7
21 35 1
21 36 9
21 38 4
21 39 5
21 40 1
21 41 1
21 42 3
21 45 9
21 46 8
21 47 3
21 48 8
21 52 3
21 53 6
22 25 2
22 26 1
22 28 1
22 31 7
22 34 5
22 36 1
22 37 5
22 39 10
22 43 6
22 46 8
22 48 6
22 49 8
22 51 8
22 52 2
22 53 9
23 24 7
23 25 2
23 27 8
23 28 9
23 29 2
23 30 5
23 31 7
23 33 8
23 35 6
23 37 10
23 38 1
23 39 2
23 44 10
23 45 2
23 46 8
23 49 9
23 53 10
23 54 6
24 25 2
24 26 1
24 30 8
24 34 6
24 36 8
24 39 3
24 40 2
24 41 6
24 44 2
24 46 2
24 47 5
24 49 7
24 53 4
24 54 7
25 29 2
25 31 8
25 32 2
25 34 8
25 35 3
25 37 3
25 38 4
25 39 4
25 43 8
25 44 2
25 47 2
25 48 10
26 27 3
26 28 6
26 32 2
26 33 4
26 34 10
26 40 7
26 41 8
26 42 10
26 43 8
26 46 6
26 47 3
26 48 3
26 52 5
27 30 3
27 32 1
27 33 6
27 34 10
27 35 2
27 37 8
27 39 7
27 41 4
27 45 6
27 51 3
28 31 10
28 32 10
28 33 4
28 34 2
28 36 2
28 38 1
28 39 7
28 40 2
28 41 3
28 42 1
28 43 6
28 45 9
28 49 9
28 50 6
28 52 2
28 54 1
29 30 5
29 32 1
29 35 2
29 39 10
29 40 4
29 44 6
29 46 9
29 48 5
29 50 8
29 52 7
29 53 3
29 54 7
30 32 7
30 36 3
30 37 5
30 38 5
30 44 10
30 45 6
30 49 4
30 52 9
30 53 2
30 54 3
31 33 10
31 34 9
31 35 7
31 36 4
31 39 10
31 40 3
31 41 8
31 45 9
31 46 3
31 50 10
31 51 2
31 54 2
32 34 8
32 36 3
32 38 10
32 42 2
32 44 1
32 45 10
32 46 6
32 48 1
32 49 9
32 51 9
32 52 1
32 53 1
32 54 10
33 36 9
33 37 2
33 38 8
33 39 5
33 40 9
33 45 6
33 46 8
33 50 9
34 36 2
34 39 2
34 40 10
34 44 3
34 46 6
34 47 3
34 49 8
34 51 4
35 38 9
35 40 7
35 41 7
35 44 10
35 48 5
35 51 5
35 54 3
36 38 4
36 41 5
36 45 5
36 47 10
36 50 9
36 51 8
36 54 6
37 38 2
37 39 5
37 41 3
37 43 2
37 45 8
37 49 7
37 53 5
38 40 1
38 41 9
38 43 5
38 44 3
38 45 4
38 48 8
38 49 9
38 50 7
38 52 8
38 53 7
38 54 8
39 42 1
39 44 3
39 45 4
39 46 7
39 47 4
39 48 7
39 51 8
39 52 4
39 53 2
39 54 9
40 43 9
40 44 3
40 47 3
40 49 7
40 50 5
40 53 4
41 43 6
41 44 1
41 46 10
41 47 6
41 50 6
41 51 2
42 43 7
42 48 1
42 50 9
42 51 6
42 53 9
43 47 1
43 50 5
44 46 1
44 48 6
44 50 6
44 51 10
44 54 9
45 47 8
45 48 7
45 49 6
45 50 2
45 52 2
46 47 6
46 49 7
46 52 8
46 53 2
46 54 3
47 48 10
47 51 8
47 52 1
47 53 4
48 49 5
48 50 5
48 53 2
49 51 1
49 53 8
49 54 1
50 51 7
50 52 1
50 54 6
51 54 9
52 53 8
