0 4 6
0 5 9
0 7 2
0 8 5
0 10 3
0 15 3
0 19 8
0 23 7
0 26 2
0 30 1
0 31 6
0 36 8
0 37 8
0 38 4
0 41 8
0 42 9
0 43 8
0 44 2
0 45 3
0 46 5
0 49 9
0 50 9
1 2 1
1 4 4
1 8 4
1 9 8
1 12 5
1 13 10
1 14 2
1 16 10
1 18 1
1 19 1
1 21 4
1 22 9
1 23 5
1 24 8
1 25 5
1 26 10
1 29 3
1 30 1
1 31 6
1 32 2
1 35 10
1 36 1
1 47 8
1 48 3
1 50 6
1 51 2
2 3 2
2 4 10
2 5 5
2 6 3
2 8 9
2 9 3
2 10 9
2 13 2
2 17 9
2 18 5
2 19 9
2 20 3
2 23 6
2 26 1
2 27 7
2 29 3
2 30 2
2 33 5
2 35 10
2 36 2
2 38 8
2 39 6
2 42 6
2 44 4
2 46 5
2 48 1
2 51 6
3 7 7
3 8 10
3 10 2
3 11 10
3 14 2
3 15 8
3 17 7
3 20 5
3 21 10
3 22 10
3 23 6
3 26 3
3 27 10
3 28 6
3 29 1
3 30 8
3 32 8
3 37 1
3 38 7
3 39 9
3 45 1
3 48 7
3 50 8
4 8 6
4 10 5
4 12 4
4 16 5
4 19 5
4 20 2
4 22 6
4 25 9
4 27 1
4 29 4
4 33 5
4 34 1
4 36 1
4 38 3
4 40 9
4 41 7
4 44 7
4 46 7
4 47 4
4 50 4
5 7 10
5 8 2
5 9 10
5 11 10
5 13 10
5 16 9
5 19 3
5 22 7
5 23 5
5 25 8
5 27 3
5 31 4
5 32 1
5 34 10
5 35 10
5 37 2
5 39 3
5 43 8
5 44 3
5 45 1
5 46 10
5 47 6
5 49 10
5 50 3
6 7 4
6 8 9
6 9 9
6 10 8
6 16 9
6 19 9
6 20 2
6 22 6
6 23 8
6 26 8
6 27 5
6 29 8
6 30 3
6 34 9
6 35 4
6 38 7
6 39 5
6 41 2
6 42 9
6 44 2
6 45 7
6 48 9
6 49 7
6 50 4
7 9 8
7 10 4
7 11 7
7 13 3
7 15 5
7 16 7
7 17 1
7 18 4
7 20 1
7 23 1
7 24 8
7 25 8
7 26 7
7 32 5
7 34 6
7 38 10
7 39 1
7 41 7
7 42 2
7 43 8
7 44 4
7 45 7
7 47 5
7 48 2
8 10 3
8 11 6
8 12 6
8 13 9
8 16 3
8 20 1
8 21 5
8 22 10
8 24 8
8 25 7
8 28 6
8 29 5
8 32 9
8 34 2
8 35 5
8 36 4
8 39 5
8 40 6
8 41 3
8 45 2
8 47 8
8 48 1
8 51 6
9 15 10
9 17 3
9 18 8
9 20 10
9 21 4
9 23 10
9 24 2
9 25 4
9 27 3
9 30 10
9 31 7
9 33 6
9 34 3
9 38 1
9 39 2
9 43 8
9 45 9
9 47 10
9 50 8
9 51 7
10 11 10
10 12 10
10 16 6
10 17 3
10 18 9
10 21 7
10 22 8
10 23 6
10 24 4
10 25 4
10 27 5
10 29 5
10 32 10
10 33 1
10 35 2
10 37 2
10 39 4
10 40 1
10 41 4
10 42 2
10 43 8
10 48 6
10 49 7
10 51 9
11 12 3
11 13 8
11 17 8
11 21 8
11 22 6
11 23 3
11 24 4
11 25 9
11 30 10
11 31 4
11 33 10
11 34 4
11 39 7
11 42 3
11 43 5
11 45 9
11 47 8
11 48 4
11 49 7
11 50 6
12 16 9
12 17 5
12 18 9
12 20 6
12 22 4
12 29 10
12 32 9
12 36 10
12 37 8
12 38 4
12 39 3
12 40 6
12 41 8
12 42 4
12 43 9
12 44 2
12 45 10
12 46 5
12 48 3
12 50 2
13 14 8
13 15 2
13 18 8
13 19 7
13 22 8
13 23 8
13 26 8
13 28 5
13 29 9
13 30 10
13 33 2
13 37 4
13 39 9
13 40 7
13 42 8
13 45 10
13 46 3
13 49 9
14 15 4
14 17 3
14 18 10
14 19 6
14 23 5
14 24 2
14 25 6
14 26 2
14 29 7
14 30 9
14 32 6
14 33 4
14 34 2
14 35 8
14 41 3
14 42 10
14 43 3
14 44 6
14 46 1
14 50 10
14 51 4
15 17 4
15 20 8
15 25 10
15 26 3
15 27 9
15 29 3
15 30 5
15 31 3
15 34 3
15 36 9
15 37 6
15 39 10
15 41 2
15 43 5
15 45 10
15 49 5
16 17 4
16 18 3
16 20 3
16 21 6
16 22 4
16 23 4
16 26 1
16 27 2
16 29 5
16 30 1
16 32 3
16 33 6
16 34 3
16 36 4
16 38 10
16 41 5
16 43 6
16 47 5
16 49 7
17 18 4
17 21 3
17 22 7
17 23 3
17 24 8
17 26 8
17 27 9
17 29 4
17 31 4
17 32 10
17 35 6
17 38 4
17 40 5
17 41 2
17 43 4
17 45 3
17 48 6
17 49 1
17 51 5
18 19 7
18 20 3
18 21 6
18 23 4
18 27 9
18 28 9
18 31 9
18 34 10
18 37 2
18 38 1
18 39 4
18 41 8
18 45 2
18 47 6
18 50 5
19 20 4
19 22 7
19 24 4
19 25 1
19 28 4
19 29 3
19 30 2
19 33 9
19 35 10
19 37 6
19 40 3
19 42 10
19 46 10
20 22 3
20 23 9
20 26 7
20 27 8
20 28 8
20 33 8
20 34 10
20 35 5
20 37 5
20 40 7
20 41 10
20 44 6
20 45 6
20 46 7
20 50 1
20 51 9
21 22 8
21 24 2
21 25 7
21 26 8
21 27 7
21 28 10
21 29 9
21 31 7
21 32 9
21 36 5
21 37 10
21 38 8
21 41 6
21 46 4
21 47 10
21 50 3
22 23 3
22 24 1
22 25 9
22 30 10
22 33 10
22 40 5
22 45 10
22 47 6
22 48 6
22 49 5
22 50 2
22 51 2
23 24 5
23 28 7
23 30 2
23 32 2
23 35 5
23 37 3
23 38 2
23 41 9
23 42 10
23 43 2
23 45 10
23 47 3
23 50 1
24 27 4
24 32 3
24 33 1
24 35 10
24 36 9
24 37 6
24 39 8
24 40 7
24 41 3
24 45 10
24 46 10
24 47 2
24 48 8
24 49 10
24 51 9
25 27 10
25 30 3
25 32 5
25 33 3
25 35 3
25 38 7
25 39 1
25 40 5
25 41 1
25 42 10
25 44 7
25 48 5
25 49 7
26 27 10
26 32 9
26 35 6
26 37 1
26 38 3
26 41 7
26 42 6
26 45 10
26 49 1
26 51 5
27 28 6
27 32 8
27 33 8
27 34 2
27 35 8
27 38 6
27 42 8
27 45 2
27 47 3
27 50 4
27 51 6
28 29 3
28 30 3
28 31 6
28 34 9
28 35 9
28 36 8
28 37 1
28 40 6
28 43 9
28 44 6
28 47 4
28 48 1
28 51 4
29 32 1
29 35 9
29 36 2
29 40 10
29 42 1
29 45 8
29 46 10
29 47 5
29 48 8
29 50 9
29 51 1
30 31 3
30 32 10
30 34 9
30 36 2
30 40 6
30 44 9
30 47 4
30 48 2
30 49 5
31 32 3
31 33 7
31 34 3
31 36 4
31 39 9
31 40 1
31 43 2
31 45 9
31 46 9
31 47 6
31 49 5
32 37 4
32 41 8
32 42 2
32 44 9
32 47 5
32 49 8
32 50 9
32 51 7
33 35 2
33 38 6
33 40 1
33 42 6
33 44 5
33 45 8
33 47 8
33 48 10
33 50 6
34 35 9
34 37 10
34 42 8
34 45 4
34 46 6
34 48 1
35 37 7
35 39 8
35 40 4
35 42 4
35 43 10
35 44 10
35 45 1
35 51 4
36 39 9
36 41 7
36 42 5
36 43 4
36 44 10
36 47 4
36 48 4
37 38 7
37 42 7
37 44 3
37 46 2
37 48 9
37 50 9
37 51 2
38 39 1
38 41 5
38 42 5
38 48 7
39 42 3
39 43 10
39 45 1
39 48 5
39 49 10
40 41 8
40 42 6
40 46 5
40 48 1
40 50 5
40 51 8
41 43 8
41 47 8
41 49 4
41 51 5
42 43 6
42 44 1
42 45 1
42 47 5
42 48 5
42 49 6
43 45 1
43 46 4
43 47 8
43 49 2
44 49 6
44 51 8
45 46 4
45 47 6
45 49 5
46 50 4
47 49 6
47 51 7
48 49 7
48 50 8
48 51 1
49 50 8
50 51 4
