65 1021
0 2 6
0 3 5
0 5 5
0 6 2
0 8 7
0 12 10
0 20 10
0 21 9
0 22 8
0 23 2
0 26 1
0 29 2
0 31 8
0 32 9
0 34 5
0 36 1
0 41 5
0 43 9
0 44 7
0 46 5
0 48 6
0 50 7
0 52 3
0 54 8
0 58 5
0 59 4
0 60 7
0 63 2
0 64 6
1 2 1
1 8 5
1 15 6
1 16 10
1 17 1
1 20 7
1 31 6
1 34 9
1 37 9
1 39 2
1 41 2
1 42 6
1 45 1
1 46 3
1 47 4
1 48 10
1 49 4
1 53 4
1 56 5
1 58 1
1 59 5
1 60 10
1 61 2
1 62 3
2 6 10
2 7 10
2 9 2
2 10 5
2 14 7
2 20 7
2 23 10
2 24 1
2 26 4
2 30 1
2 33 7
2 34 9
2 35 6
2 36 2
2 37 8
2 38 8
2 39 9
2 40 2
2 41 8
2 42 10
2 43 5
2 45 4
2 46 1
2 49 9
2 51 8
2 55 5
2 56 9
2 57 5
2 58 8
2 59 2
2 62 9
2 63 9
2 64 2
3 4 3
3 5 4
3 10 5
3 13 7
3 14 3
3 15 10
3 16 2
3 17 4
3 18 6
3 19 3
3 20 3
3 24 9
3 25 5
3 27 5
3 30 2
3 31 6
3 32 4
3 33 3
3 35 10
3 39 3
3 40 8
3 41 2
3 45 5
3 46 9
3 48 3
3 50 2
3 52 10
3 53 3
3 55 9
3 56 10
3 57 9
3 59 10
3 60 1
3 62 8
4 6 1
4 8 5
4 9 3
4 13 9
4 17 9
4 18 4
4 19 2
4 20 4
4 21 2
4 23 7
4 28 2
4 29 4
4 32 6
4 33 6
4 37 1
4 38 7
4 39 7
4 40 4
4 41 2
4 43 9
4 45 10
4 46 9
4 47 10
4 48 5
4 49 10
4 51 9
4 52 4
4 53 10
4 55 4
4 56 7
4 57 7
4 61 2
4 62 8
4 63 3
5 8 8
5 9 5
5 10 7
5 11 1
5 12 3
5 13 1
5 15 5
5 16 10
5 17 1
5 21 9
5 22 4
5 24 2
5 26 8
5 27 4
5 28 10
5 29 1
5 30 1
5 32 6
5 33 7
5 36 3
5 37 2
5 43 10
5 44 3
5 45 8
5 46 6
5 47 10
5 51 1
5 52 8
5 53 1
5 56 8
5 58 1
5 60 10
6 9 2
6 10 10
6 11 1
6 16 3
6 23 10
6 29 8
6 33 8
6 34 8
6 35 1
6 36 3
6 38 8
6 39 7
6 41 10
6 44 2
6 45 1
6 50 1
6 51 3
6 53 8
6 54 3
6 59 9
6 60 8
6 61 5
6 62 8
6 63 8
7 8 2
7 10 9
7 12 3
7 17 2
7 18 5
7 20 10
7 22 5
7 27 10
7 28 9
7 31 3
7 34 8
7 35 2
7 38 2
7 40 9
7 41 4
7 42 1
7 44 10
7 47 7
7 48 6
7 51 6
7 56 2
7 57 3
7 58 2
7 59 2
7 60 3
8 13 6
8 15 1
8 16 2
8 17 6
8 19 4
8 20 8
8 22 9
8 23 4
8 24 5
8 25 6
8 26 10
8 27 6
8 34 4
8 35 1
8 37 2
8 42 1
8 45 10
8 46 8
8 48 6
8 49 3
8 52 4
8 53 10
8 54 5
8 56 1
8 58 2
8 61 1
8 63 6
8 64 3
9 11 3
9 12 9
9 15 8
9 16 1
9 17 8
9 19 2
9 21 1
9 22 4
9 24 7
9 25 4
9 30 9
9 31 9
9 32 6
9 36 4
9 37 10
9 38 4
9 39 8
9 40 4
9 41 3
9 42 8
9 45 6
9 47 2
9 52 9
9 55 10
9 56 6
9 57 7
9 58 2
9 60 6
9 61 2
9 64 8
10 12 10
10 14 2
10 15 7
10 17 6
10 19 5
10 22 5
10 23 9
10 24 6
10 26 1
10 31 2
10 33 10
10 35 2
10 37 8
10 38 8
10 39 10
10 43 2
10 45 6
10 47 4
10 51 9
10 52 6
10 53 5
10 54 2
10 55 2
10 56 1
10 59 4
10 62 10
10 63 1
10 64 5
11 15 9
11 17 4
11 19 8
11 20 4
11 21 7
11 22 9
11 25 7
11 26 4
11 27 8
11 29 4
11 30 7
11 32 3
11 33 5
11 34 4
11 35 8
11 36 5
11 38 6
11 41 10
11 43 6
11 44 6
11 49 2
11 51 7
11 54 1
11 55 6
11 58 10
11 59 1
11 60 9
11 61 10
11 63 6
12 13 8
12 14 6
12 16 7
12 18 8
12 21 3
12 24 9
12 25 3
12 26 3
12 27 10
12 28 2
12 32 4
12 33 9
12 35 9
12 36 1
12 37 3
12 38 8
12 42 5
12 45 6
12 46 8
12 48 7
12 49 5
12 50 6
12 52 5
12 53 7
12 55 9
12 57 3
12 59 7
12 61 10
12 62 6
13 14 5
13 15 5
13 16 1
13 18 9
13 19 3
13 20 2
13 21 9
13 22 8
13 23 6
13 25 1
13 27 4
13 28 4
13 29 4
13 31 7
13 32 4
13 33 9
13 35 8
13 38 7
13 39 2
13 40 9
13 42 9
13 43 5
13 45 2
13 46 2
13 47 6
13 49 4
13 51 2
13 52 4
13 56 1
13 57 5
13 58 4
13 59 10
13 61 2
14 15 9
14 16 3
14 19 6
14 20 5
14 22 10
14 25 2
14 29 4
14 31 2
14 33 10
14 35 6
14 36 4
14 37 10
14 39 2
14 40 1
14 42 10
14 44 3
14 47 2
14 48 3
14 49 8
14 50 5
14 54 3
14 56 8
14 59 9
14 60 2
14 63 1
14 64 1
15 18 8
15 20 6
15 23 8
15 24 10
15 27 10
15 28 4
15 29 7
15 30 3
15 35 3
15 36 8
15 40 6
15 41 5
15 42 10
15 48 6
15 49 2
15 51 6
15 52 1
15 53 3
15 54 4
15 56 8
15 60 1
16 21 10
16 23 10
16 24 10
16 25 7
16 27 4
16 30 10
16 32 2
16 36 9
16 37 3
16 39 2
16 41 10
16 43 7
16 44 1
16 45 8
16 47 5
16 48 10
16 49 8
16 51 3
16 53 10
16 55 4
16 58 2
16 59 4
16 61 8
16 64 9
17 19 8
17 22 2
17 25 5
17 27 5
17 29 10
17 30 6
17 31 10
17 32 4
17 33 3
17 37 1
17 38 6
17 39 9
17 40 3
17 41 8
17 44 3
17 45 8
17 47 10
17 48 4
17 51 4
17 52 5
17 57 6
17 60 6
17 62 10
17 64 10
18 19 5
18 20 3
18 22 2
18 24 2
18 25 1
18 26 8
18 29 3
18 30 1
18 31 5
18 32 2
18 33 8
18 34 7
18 35 1
18 40 4
18 41 5
18 43 8
18 44 1
18 49 4
18 51 4
18 55 10
18 57 10
18 60 2
18 61 3
19 25 5
19 30 2
19 34 9
19 35 10
19 36 7
19 39 5
19 40 8
19 42 1
19 49 7
19 52 7
19 53 5
19 54 8
19 56 1
19 59 10
19 60 2
19 62 2
19 63 9
19 64 9
20 22 9
20 25 10
20 27 10
20 28 2
20 30 8
20 33 9
20 34 6
20 35 1
20 37 2
20 38 5
20 40 5
20 48 7
20 50 10
20 51 3
20 52 4
20 58 8
20 59 7
20 61 3
20 63 2
21 24 9
21 26 1
21 27 1
21 28 8
21 31 5
21 32 7
21 33 2
21 36 9
21 37 8
21 38 1
21 39 6
21 40 2
21 42 4
21 44 4
21 45 3
21 47 3
21 48 7
21 49 5
21 51 1
21 53 1
21 54 6
21 55 2
21 59 9
21 61 10
21 62 4
21 64 8
22 23 7
22 25 1
22 27 3
22 31 2
22 33 10
22 35 10
22 38 4
22 40 4
22 41 1
22 42 10
22 47 1
22 50 4
22 52 10
22 55 2
22 56 7
22 57 9
22 58 6
22 59 6
22 60 6
22 63 8
23 25 5
23 27 3
23 28 7
23 29 4
23 30 8
23 32 5
23 33 4
23 41 3
23 42 3
23 44 8
23 48 3
23 49 7
23 51 2
23 57 9
23 58 8
23 60 3
23 61 2
23 62 6
24 27 5
24 28 10
24 31 5
24 32 6
24 34 6
24 35 10
24 36 1
24 41 2
24 44 6
24 46 7
24 47 2
24 48 1
24 50 1
24 54 3
24 55 1
24 56 8
24 58 9
24 60 10
24 61 9
24 63 8
25 26 2
25 28 1
25 29 8
25 31 5
25 33 3
25 36 2
25 38 3
25 40 1
25 43 2
25 44 2
25 45 2
25 49 3
25 50 6
25 51 5
25 53 3
25 61 6
25 63 4
26 27 1
26 31 5
26 32 5
26 34 8
26 35 3
26 38 8
26 41 6
26 43 10
26 54 7
26 58 8
26 63 10
26 64 3
27 33 2
27 34 4
27 35 8
27 36 6
27 37 4
27 38 6
27 39 7
27 42 7
27 46 4
27 50 10
27 51 6
27 54 5
27 55 10
27 56 4
27 57 4
27 63 5
28 29 4
28 30 2
28 31 5
28 33 9
28 36 3
28 38 4
28 46 8
28 47 1
28 48 4
28 50 3
28 51 6
28 53 7
28 55 3
28 56 4
28 57 2
28 61 3
28 62 1
28 63 7
28 64 10
29 31 5
29 33 7
29 34 9
29 36 3
29 38 3
29 40 3
29 43 1
29 44 6
29 46 8
29 48 6
29 51 2
29 53 10
29 60 2
29 62 6
30 33 9
30 35 2
30 37 9
30 39 2
30 42 2
30 44 5
30 45 7
30 48 10
30 52 3
30 54 5
30 57 9
30 58 5
30 62 5
30 63 7
31 32 10
31 33 10
31 35 8
31 36 3
31 38 10
31 42 6
31 45 2
31 46 8
31 48 9
31 49 1
31 51 8
31 56 6
31 58 1
31 59 4
31 63 4
32 34 6
32 35 4
32 37 4
32 40 5
32 42 4
32 43 10
32 44 9
32 45 1
32 47 4
32 50 9
32 51 4
32 54 3
32 57 10
32 58 9
32 59 3
32 61 10
32 62 8
33 34 10
33 37 10
33 40 9
33 41 10
33 42 1
33 43 1
33 45 5
33 46 3
33 48 3
33 51 5
33 52 5
33 53 3
33 54 2
33 57 2
33 59 4
33 61 2
33 63 2
33 64 7
34 35 2
34 38 1
34 39 10
34 40 9
34 41 2
34 42 2
34 43 4
34 45 7
34 46 3
34 47 4
34 48 4
34 49 7
34 50 1
34 51 1
34 52 10
34 53 9
34 54 10
34 58 6
34 59 9
34 60 2
34 61 3
34 63 1
34 64 5
35 39 3
35 41 2
35 45 9
35 46 5
35 47 1
35 48 3
35 50 7
35 51 9
35 53 7
35 54 7
35 57 1
35 60 8
35 61 4
36 39 9
36 40 2
36 41 9
36 44 5
36 45 8
36 46 9
36 48 7
36 49 4
36 51 6
36 53 10
36 57 3
37 38 9
37 40 9
37 42 3
37 43 7
37 45 3
37 47 3
37 48 2
37 49 8
37 52 10
37 53 5
37 54 10
37 55 5
37 56 9
37 60 10
37 61 4
37 62 3
38 41 9
38 43 5
38 44 10
38 45 7
38 47 6
38 49 6
38 50 3
38 53 9
38 54 1
38 55 10
38 57 3
38 59 4
38 64 9
39 40 7
39 41 7
39 42 1
39 47 8
39 48 3
39 49 4
39 50 10
39 51 2
39 53 7
39 55 6
39 56 10
39 60 2
39 61 7
40 41 7
40 42 5
40 45 5
40 46 6
40 48 3
40 53 7
40 54 4
40 56 4
40 57 3
40 62 9
41 43 5
41 44 8
41 46 3
41 49 10
41 51 8
41 54 1
41 55 6
41 56 8
41 57 3
41 60 10
41 61 1
41 64 2
42 43 10
42 45 1
42 46 7
42 49 2
42 51 2
42 53 1
42 54 5
42 55 8
42 57 2
42 60 6
42 62 4
42 63 9
43 45 2
43 46 10
43 49 10
43 53 10
43 61 3
43 62 5
43 63 8
44 49 3
44 50 7
44 57 7
44 58 5
44 60 1
44 61 2
44 62 1
45 46 10
45 48 10
45 56 5
45 60 5
46 47 4
46 48 4
46 49 10
46 51 5
46 53 2
46 54 10
46 55 10
46 57 10
46 59 10
46 63 3
47 55 2
47 56 5
47 57 10
47 58 6
47 59 7
47 61 3
47 64 2
48 49 10
48 52 1
48 53 5
48 55 7
48 56 8
48 57 7
48 60 9
48 62 5
48 64 6
49 53 7
49 56 2
49 58 9
49 59 9
49 63 6
49 64 6
50 52 3
50 53 5
50 54 4
50 55 1
50 56 6
50 58 1
50 59 4
50 64 3
51 52 4
51 53 5
51 54 1
51 55 5
51 56 5
51 57 3
51 58 2
51 60 7
51 61 9
51 63 6
51 64 4
52 53 4
52 55 3
52 61 6
52 63 8
52 64 4
53 54 6
53 56 1
53 57 4
53 60 4
53 61 5
53 64 2
54 56 6
54 57 4
54 60 2
54 63 6
55 61 2
55 62 2
55 63 1
55 64 7
56 57 7
56 59 4
56 60 5
56 63 8
56 64 5
57 59 5
57 62 4
57 64 7
58 59 1
58 61 2
58 62 8
59 61 9
59 64 10
61 63 10
62 63 3
62 64 7
63 64 6
