80 1633
0 2 997
0 9 3195
0 12 5648
0 13 2615
0 14 6489
0 20 9674
0 21 4670
0 22 6365
0 24 6815
0 25 2348
0 26 7064
0 31 448
0 34 52
0 35 3849
0 36 8662
0 37 3719
0 38 9873
0 39 5314
0 42 7635
0 43 708
0 44 7565
0 45 7978
0 54 5631
0 56 6601
0 57 7368
0 58 4433
0 60 7014
0 61 9486
0 62 3364
0 64 3224
0 65 4193
0 66 9866
0 68 820
0 69 7718
0 70 1251
0 74 4822
1 2 9564
1 3 8414
1 4 8194
1 5 988
1 6 9083
1 9 6186
1 11 3495
1 13 8917
1 14 4928
1 15 8881
1 17 1268
1 19 9597
1 20 1304
1 23 2416
1 25 6674
1 29 9481
1 33 2718
1 36 5378
1 37 2222
1 38 6071
1 39 2709
1 40 4188
1 42 7781
1 43 8469
1 45 77
1 47 3140
1 48 4851
1 50 8958
1 51 17
1 52 4864
1 55 2041
1 58 1793
1 59 6982
1 60 7961
1 65 6873
1 66 7862
1 68 3705
1 73 860
1 76 1484
1 78 4290
2 3 894
2 7 3948
2 8 965
2 9 8461
2 11 9829
2 12 5536
2 18 7869
2 22 7838
2 23 2346
2 26 6782
2 27 5841
2 30 6872
2 32 4011
2 33 4828
2 35 6923
2 36 4515
2 37 4314
2 38 9025
2 44 3005
2 45 408
2 46 3625
2 48 4113
2 49 3392
2 50 1427
2 51 7271
2 52 7411
2 55 5406
2 56 688
2 57 501
2 58 1801
2 59 5472
2 62 7379
2 63 4961
2 65 330
2 66 8308
2 67 6578
2 69 7361
2 70 4229
2 79 1862
3 4 2961
3 5 6568
3 6 6813
3 8 2070
3 10 5574
3 11 5500
3 12 371
3 13 7974
3 15 164
3 17 7479
3 18 3801
3 21 3786
3 26 5718
3 27 9447
3 30 9921
3 31 1046
3 36 6685
3 37 7450
3 39 6180
3 41 4301
3 42 8790
3 43 8495
3 44 383
3 46 1445
3 52 2716
3 55 1610
3 57 7670
3 59 7933
3 60 46
3 61 329
3 63 9862
3 65 3207
3 67 8691
3 71 523
3 72 6778
3 74 9158
3 77 287
4 5 6535
4 6 4464
4 7 2998
4 8 9215
4 9 7601
4 10 9598
4 11 5932
4 12 3158
4 14 9066
4 16 6911
4 18 8663
4 19 585
4 20 5392
4 21 5308
4 23 5461
4 25 3507
4 27 3817
4 30 950
4 31 7188
4 35 5637
4 36 216
4 37 5921
4 41 6250
4 42 4719
4 44 8601
4 46 7947
4 50 6278
4 51 1907
4 52 4171
4 54 3927
4 55 2290
4 56 4738
4 58 1078
4 60 5304
4 61 9596
4 65 643
4 66 7345
4 68 6054
4 69 6825
4 70 5318
4 72 8354
4 74 5672
4 76 525
4 79 6731
5 6 3714
5 7 11
5 8 8529
5 11 9417
5 13 3568
5 15 550
5 16 1620
5 18 5659
5 19 6770
5 20 2209
5 27 9713
5 30 8048
5 32 6411
5 33 8920
5 36 9882
5 37 5716
5 39 2321
5 40 7214
5 42 7497
5 45 886
5 46 7219
5 47 3288
5 48 3363
5 49 4707
5 50 4142
5 51 7031
5 53 1802
5 54 705
5 56 5011
5 58 9462
5 61 1181
5 67 1414
5 68 2339
5 71 3883
5 72 545
5 73 475
5 74 7849
5 75 6124
5 76 8784
5 77 3843
5 78 8390
5 79 8321
6 8 5946
6 9 9822
6 10 837
6 11 8063
6 13 7180
6 14 5022
6 16 9754
6 18 2267
6 19 2356
6 22 175
6 23 6338
6 25 4940
6 26 3893
6 27 957
6 28 2320
6 29 9567
6 30 3534
6 31 8640
6 33 83
6 34 7223
6 35 4739
6 36 7640
6 39 5815
6 40 2963
6 41 7992
6 43 7468
6 44 4398
6 46 2798
6 47 741
6 48 9556
6 49 7597
6 51 5166
6 52 6820
6 53 2911
6 54 724
6 55 9853
6 58 2198
6 63 1879
6 64 3811
6 66 416
6 68 5704
6 72 1311
6 73 117
6 74 2824
6 76 5128
7 8 7367
7 9 8746
7 10 9016
7 11 4342
7 12 5188
7 14 6998
7 15 9903
7 16 563
7 17 7906
7 19 9062
7 21 4684
7 22 1370
7 23 6847
7 24 4603
7 25 962
7 26 495
7 31 4798
7 33 5391
7 35 1768
7 36 7835
7 37 84
7 40 8410
7 41 7194
7 43 8602
7 44 3469
7 45 9294
7 46 3141
7 47 2003
7 51 1411
7 52 4444
7 53 235
7 54 4762
7 56 7041
7 57 9378
7 58 6582
7 59 8055
7 60 5828
7 62 6852
7 65 4275
7 66 895
7 70 9825
7 71 9224
7 78 9590
7 79 3063
8 11 3615
8 14 4618
8 18 3357
8 19 398
8 21 3754
8 22 6767
8 24 1492
8 25 6098
8 26 3365
8 30 3199
8 32 4065
8 36 3427
8 37 6432
8 39 703
8 40 4371
8 42 4123
8 43 3470
8 46 409
8 50 7758
8 51 6333
8 53 8272
8 57 3014
8 58 9952
8 61 7124
8 64 5387
8 66 7426
8 68 5395
8 71 313
8 72 1899
8 73 8175
8 74 3648
8 76 5995
8 78 4015
8 79 6105
9 10 7045
9 12 284
9 17 5077
9 19 7282
9 24 9797
9 26 6425
9 27 1675
9 32 1667
9 36 9442
9 38 487
9 45 2845
9 48 1749
9 50 7449
9 53 8456
9 54 6480
9 57 9593
9 58 1048
9 59 3887
9 60 1816
9 61 4295
9 62 378
9 63 5316
9 64 6857
9 65 5834
9 72 4244
9 74 5513
9 77 5657
9 78 2441
10 12 7551
10 14 4570
10 18 2211
10 19 9387
10 23 7028
10 24 5953
10 25 2077
10 26 2188
10 28 5445
10 30 3033
10 31 6364
10 32 4227
10 33 1831
10 34 2359
10 36 8924
10 38 2059
10 39 4787
10 40 2104
10 41 4741
10 45 7493
10 46 4054
10 47 3193
10 48 400
10 49 3869
10 51 6357
10 53 4651
10 54 8754
10 58 7495
10 60 4225
10 61 1432
10 65 2783
10 66 25
10 72 3776
10 73 3725
10 74 7589
10 76 2031
10 78 4509
11 13 3081
11 15 4796
11 19 4847
11 22 7399
11 23 6844
11 25 3330
11 27 9199
11 28 907
11 29 6310
11 33 4979
11 37 301
11 39 2770
11 43 307
11 46 4200
11 48 3338
11 49 2593
11 52 6459
11 55 7319
11 58 4715
11 63 3520
11 64 979
11 68 8993
11 72 6733
11 74 7162
11 76 3840
11 77 6937
12 14 7800
12 17 1622
12 20 2622
12 22 5078
12 23 5503
12 24 8258
12 25 789
12 26 3504
12 27 6403
12 28 9012
12 30 6004
12 31 1336
12 33 341
12 34 845
12 39 2224
12 43 7178
12 46 2767
12 48 3543
12 49 1071
12 50 8427
12 52 1417
12 53 2414
12 54 4294
12 55 5568
12 57 6083
12 58 792
12 59 526
12 60 2009
12 65 8142
12 66 7503
12 67 2052
12 71 2095
12 72 9757
12 74 9958
12 75 1524
12 78 8525
13 14 9834
13 15 2971
13 17 172
13 19 2396
13 20 9086
13 24 8438
13 29 8158
13 30 2867
13 36 7892
13 40 3194
13 41 6439
13 42 7499
13 44 5771
13 47 4780
13 50 3755
13 51 2424
13 52 6637
13 55 8674
13 56 5358
13 57 5910
13 58 188
13 59 5333
13 60 8907
13 62 7689
13 64 4591
13 66 1434
13 67 3043
13 71 7529
13 72 2092
13 76 1807
14 15 5537
14 16 6409
14 18 7418
14 23 192
14 24 8188
14 27 6590
14 28 8433
14 32 1056
14 35 6081
14 36 5373
14 37 4292
14 38 4220
14 40 847
14 41 2248
14 43 3004
14 49 8967
14 51 893
14 55 4607
14 59 7159
14 61 686
14 62 2490
14 64 3899
14 65 1502
14 66 4808
14 67 4844
14 72 5509
14 75 6264
14 76 6040
14 77 3127
15 19 3197
15 21 7727
15 22 8849
15 23 2392
15 26 3484
15 27 6431
15 28 6129
15 30 3790
15 31 1010
15 32 8133
15 34 7981
15 35 7547
15 36 5181
15 37 2919
15 38 8813
15 44 5399
15 45 4954
15 47 9566
15 48 5526
15 49 9729
15 53 5898
15 54 4036
15 55 3864
15 58 442
15 60 4060
15 63 1111
15 65 3287
15 68 5560
15 71 9852
15 74 5521
15 75 1766
15 76 7896
15 78 28
16 17 908
16 19 1518
16 21 4675
16 22 6882
16 25 8966
16 29 9149
16 31 3544
16 32 9308
16 35 7491
16 36 3815
16 38 280
16 41 2171
16 43 1299
16 45 359
16 47 2804
16 48 7382
16 49 8666
16 51 3119
16 52 4648
16 54 7583
16 58 5111
16 59 6343
16 60 4802
16 61 913
16 62 6745
16 64 8811
16 66 9571
16 68 4793
16 69 3324
16 73 8
16 76 3020
16 77 480
16 79 9602
17 22 7037
17 25 9945
17 28 1927
17 30 9383
17 31 7879
17 33 2018
17 35 6561
17 37 6003
17 38 4807
17 41 8756
17 46 2497
17 47 5372
17 48 8506
17 49 1977
17 52 7040
17 53 4885
17 54 4513
17 55 5873
17 56 882
17 58 6256
17 59 1172
17 60 9927
17 61 8853
17 62 5504
17 63 2569
17 68 2037
17 69 4124
17 70 270
17 73 6059
17 75 9148
17 76 3449
17 78 3805
17 79 632
18 20 4696
18 22 4578
18 26 9003
18 27 1154
18 28 1068
18 29 3984
18 30 4832
18 31 4098
18 33 2306
18 36 8977
18 38 3690
18 41 8942
18 42 8266
18 44 85
18 48 8439
18 52 9283
18 53 5390
18 54 3565
18 58 3704
18 62 265
18 64 6742
18 65 4007
18 66 3017
18 67 4457
18 68 4379
18 69 2371
18 70 2190
18 71 9113
18 72 4175
18 73 5676
18 74 6952
18 76 2524
18 78 5645
19 20 3965
19 22 6991
19 24 7305
19 26 415
19 27 2828
19 31 119
19 33 4842
19 40 557
19 42 9051
19 48 2504
19 52 8045
19 54 2878
19 57 5004
19 58 6008
19 60 7241
19 61 4094
19 62 5552
19 64 9174
19 65 7161
19 68 5370
19 70 7322
19 71 4480
19 74 3327
19 75 6602
19 76 2277
19 77 2017
19 78 9038
20 21 340
20 22 2057
20 23 6074
20 24 9211
20 26 2500
20 32 263
20 33 1144
20 36 7023
20 37 3804
20 39 3052
20 41 5958
20 44 9796
20 45 4911
20 49 4640
20 52 8936
20 55 6968
20 58 3823
20 59 6785
20 60 1097
20 61 8950
20 63 6178
20 64 372
20 65 6374
20 68 3599
20 71 4871
20 72 3153
20 73 4883
20 74 5249
20 77 8153
20 78 903
20 79 9007
21 23 7753
21 26 896
21 30 4945
21 35 5950
21 36 7617
21 37 1466
21 38 2147
21 41 5734
21 43 5525
21 44 5564
21 46 1400
21 49 4860
21 50 9623
21 52 7190
21 54 6086
21 55 2975
21 57 8982
21 58 5433
21 60 6802
21 62 4827
21 63 1940
21 64 9831
21 65 5968
21 67 9197
21 69 3267
21 70 2548
21 71 2637
21 73 4474
21 75 3149
21 76 2899
21 78 2447
22 24 481
22 26 4232
22 27 8195
22 28 7320
22 31 2568
22 32 6360
22 34 272
22 35 1007
22 36 4800
22 38 3907
22 39 2093
22 42 1258
22 43 3183
22 45 934
22 48 4722
22 49 2535
22 50 5925
22 51 6994
22 52 1190
22 54 3240
22 55 9506
22 59 1395
22 60 3798
22 61 4489
22 63 1567
22 64 1565
22 65 3845
22 68 892
22 71 6621
22 73 5118
22 75 4495
22 76 8532
22 78 3832
23 25 6542
23 26 1252
23 30 167
23 31 6628
23 32 8522
23 34 6580
23 35 2280
23 38 8825
23 39 5114
23 40 2354
23 41 6320
23 42 9080
23 43 9741
23 44 6549
23 46 5765
23 48 8113
23 49 5984
23 50 9691
23 51 9391
23 53 8722
23 54 9529
23 55 3561
23 57 8652
23 59 1393
23 60 6673
23 61 8105
23 67 5102
23 71 4794
23 72 8191
23 73 5037
23 76 3612
23 77 2916
23 78 2731
23 79 8981
24 25 7149
24 28 3161
24 29 9000
24 31 7900
24 36 7729
24 39 9604
24 40 4811
24 43 6141
24 44 3174
24 45 1332
24 47 6273
24 48 1431
24 50 4708
24 52 747
24 53 7732
24 59 5864
24 61 2905
24 63 6319
24 65 5382
24 66 5282
24 68 5675
24 69 8075
24 70 9889
24 71 5780
24 72 6488
24 74 2035
24 76 3218
24 79 2954
25 26 7397
25 27 3488
25 29 7441
25 30 8066
25 31 8481
25 37 2930
25 39 2689
25 41 6870
25 42 2181
25 45 2415
25 46 5493
25 47 2964
25 48 3447
25 49 4929
25 50 9064
25 52 9823
25 53 6363
25 54 5926
25 56 450
25 58 5460
25 61 8672
25 63 6265
25 67 8244
25 68 9463
25 69 1788
25 71 4981
25 73 9323
25 75 1534
25 76 8117
25 77 6016
25 78 8583
25 79 923
26 27 6892
26 29 5542
26 30 3329
26 33 3466
26 34 5972
26 35 5862
26 36 5535
26 38 3040
26 40 7051
26 43 2254
26 45 5702
26 46 1209
26 48 9181
26 49 8580
26 50 8089
26 51 1176
26 52 6487
26 54 3428
26 59 9412
26 62 8898
26 64 3974
26 66 7667
26 68 8435
26 69 1699
26 70 8304
26 71 767
26 72 2163
26 73 2881
26 74 182
26 75 7579
26 77 8329
27 29 9899
27 32 8492
27 33 7791
27 38 1514
27 40 355
27 42 4899
27 43 4608
27 49 6753
27 50 1158
27 52 41
27 60 4594
27 61 7429
27 62 4963
27 64 1114
27 65 7089
27 69 9961
27 71 7588
27 72 7959
27 75 5221
27 76 8317
27 77 8086
27 78 4208
27 79 7790
28 29 4288
28 32 9237
28 34 3321
28 37 6653
28 38 9311
28 40 5113
28 41 3702
28 43 7679
28 44 5065
28 46 3980
28 47 2912
28 48 8838
28 49 7899
28 53 5596
28 55 6798
28 56 4934
28 57 2384
28 59 5214
28 60 6289
28 61 7741
28 62 8852
28 66 5104
28 68 4091
28 71 698
28 72 1963
28 73 367
28 74 3230
28 78 3281
28 79 219
29 30 9991
29 31 326
29 32 6790
29 36 5182
29 38 8695
29 40 7782
29 41 1487
29 43 7534
29 44 405
29 45 7155
29 47 9863
29 48 9482
29 51 233
29 52 1696
29 53 6693
29 57 7289
29 58 9666
29 59 6188
29 62 8858
29 66 7293
29 67 3933
29 73 7423
29 74 898
29 76 1611
29 78 2076
29 79 1725
30 32 8477
30 33 1052
30 35 6919
30 36 730
30 38 1488
30 43 638
30 45 5397
30 47 8332
30 48 3206
30 49 3792
30 50 4402
30 52 9131
30 54 5634
30 58 8539
30 64 7564
30 65 3889
30 66 5039
30 68 5068
30 69 3367
30 70 9520
30 71 140
30 73 3539
30 74 1049
30 75 3766
30 78 4613
30 79 5196
31 32 6792
31 35 6973
31 36 9499
31 38 7632
31 39 3635
31 40 3546
31 41 3038
31 42 9657
31 43 1101
31 44 7213
31 46 9150
31 50 5915
31 53 3654
31 57 19
31 58 6505
31 59 4753
31 60 1130
31 62 8498
31 63 7798
31 64 1349
31 65 8826
31 66 2226
31 68 88
31 71 6171
31 72 6783
31 74 7331
31 76 8661
31 79 2411
32 34 7768
32 35 1289
32 36 1358
32 37 4483
32 39 7232
32 40 1246
32 43 9204
32 44 1223
32 47 3295
32 48 7144
32 49 954
32 54 1513
32 55 4122
32 56 7182
32 58 7146
32 59 4389
32 63 4986
32 64 9097
32 65 9508
32 70 7113
32 73 6909
32 75 1772
32 78 376
32 79 6170
33 37 417
33 39 7853
33 42 9582
33 44 5013
33 45 5974
33 47 644
33 49 7400
33 50 4298
33 51 3485
33 52 718
33 53 5362
33 54 2085
33 55 597
33 57 4042
33 60 6218
33 61 6523
33 62 7147
33 63 1609
33 64 9048
33 65 9449
33 66 9095
33 70 7417
33 71 7185
33 72 6238
33 73 1426
33 74 6759
33 76 4610
33 77 5843
34 37 5180
34 38 2021
34 41 1845
34 42 6687
34 43 5135
34 45 9219
34 46 3214
34 48 5187
34 51 7776
34 53 8101
34 54 1687
34 55 438
34 58 2661
34 60 6467
34 61 4994
34 63 1474
34 64 1748
34 65 6266
34 67 9743
34 68 1088
34 70 2635
34 71 3951
34 72 7239
34 75 3346
34 76 6812
34 79 2302
35 36 2440
35 37 2239
35 44 9943
35 45 2426
35 46 738
35 48 7609
35 49 7153
35 51 8284
35 53 5099
35 54 295
35 55 2575
35 58 4101
35 61 314
35 63 662
35 64 8795
35 66 9682
35 67 1036
35 70 111
35 71 8893
35 72 1150
35 74 7363
35 76 9653
35 77 5156
35 78 7807
36 37 4560
36 38 1249
36 39 6239
36 41 8432
36 43 8839
36 47 2178
36 48 5549
36 52 7358
36 53 6045
36 54 5952
36 55 2286
36 57 8745
36 59 1050
36 61 1205
36 62 9314
36 64 7593
36 66 3806
36 67 1438
36 68 2613
36 69 832
36 73 9263
36 77 6314
36 78 6771
36 79 9626
37 39 4660
37 41 6376
37 42 5134
37 43 4148
37 44 9767
37 46 2457
37 48 7842
37 49 6113
37 53 5610
37 54 755
37 56 8184
37 57 3368
37 60 8185
37 61 9307
37 63 5635
37 66 8141
37 69 3748
37 70 4743
37 72 2203
37 73 2850
37 77 6694
37 78 7006
38 40 9357
38 43 3293
38 47 3493
38 48 2955
38 49 5064
38 51 5818
38 52 2856
38 59 3604
38 60 6570
38 62 1407
38 64 1501
38 67 5121
38 70 4690
38 71 7664
38 74 440
38 75 6479
38 79 4319
39 42 9628
39 44 5450
39 45 3446
39 47 3476
39 49 2632
39 50 321
39 56 437
39 57 2293
39 58 9337
39 59 8801
39 63 5991
39 64 9491
39 65 7390
39 66 3831
39 68 3133
39 73 8393
39 77 48
39 78 277
40 43 5930
40 45 8978
40 46 3283
40 47 3706
40 50 133
40 52 8292
40 53 1537
40 55 7033
40 56 900
40 57 3173
40 58 7522
40 60 8988
40 61 8805
40 63 9932
40 64 7311
40 65 5043
40 67 8884
40 68 2507
40 71 4967
40 73 2166
40 74 410
40 75 4039
40 76 8705
40 77 7140
40 78 2011
41 42 2169
41 44 4167
41 45 4140
41 46 214
41 47 9725
41 48 521
41 51 6736
41 52 2361
41 57 8482
41 58 5867
41 59 3608
41 62 9011
41 65 6361
41 69 3374
41 70 7515
41 71 5019
41 72 5100
41 73 7160
41 74 1908
41 78 1540
42 43 256
42 44 4424
42 45 1127
42 52 5661
42 53 2109
42 54 8892
42 56 7048
42 57 6283
42 59 7802
42 64 1686
42 65 1577
42 67 6744
42 68 9305
42 73 6566
42 75 6378
42 76 6646
42 78 8726
43 45 7481
43 47 3627
43 48 8165
43 49 7342
43 50 4005
43 51 2586
43 53 6169
43 54 1720
43 59 2578
43 61 6530
43 64 5616
43 66 1614
43 68 6465
43 71 8568
43 72 7923
43 73 7580
43 74 2923
43 75 2210
44 47 6528
44 48 9519
44 50 8337
44 51 2991
44 59 5911
44 61 5671
44 62 4337
44 63 5363
44 64 5662
44 65 6134
44 69 6501
44 70 6843
44 71 8067
44 72 6200
44 73 1331
45 46 4199
45 48 9738
45 49 7508
45 50 1156
45 51 8528
45 52 7489
45 60 5627
45 62 3585
45 65 1980
45 66 6603
45 68 2141
45 70 5174
45 71 983
45 72 5337
45 73 1931
45 76 4274
45 77 5489
45 78 3988
45 79 6110
46 48 1592
46 49 627
46 51 3274
46 52 2994
46 55 5129
46 57 9116
46 60 6658
46 64 1096
46 66 2151
46 69 2601
46 71 1898
46 73 2917
46 74 7230
46 75 4266
46 76 2383
46 78 885
47 48 8111
47 49 6885
47 50 6493
47 52 7775
47 53 7656
47 54 4990
47 56 8836
47 62 1267
47 64 8367
47 65 2069
47 69 1
47 70 5087
47 71 4564
47 73 8417
47 75 4890
47 77 7136
48 50 6138
48 60 7263
48 61 6651
48 63 4601
48 65 6416
48 69 3791
48 70 9198
48 71 2653
48 73 840
48 74 328
49 53 7561
49 54 9351
49 55 4286
49 58 3405
49 60 7907
49 62 3016
49 63 8300
49 66 4534
49 70 7717
49 71 9231
49 73 7850
49 75 2908
49 76 948
49 77 8635
49 79 942
50 55 3200
50 57 5205
50 58 8464
50 59 3768
50 61 5982
50 62 8704
50 63 3746
50 67 7684
50 69 4265
50 70 5305
50 72 5218
50 73 1526
50 74 8510
50 75 4084
50 78 7099
51 56 1557
51 60 9333
51 61 8963
51 62 3703
51 63 7253
51 66 237
51 71 4280
51 72 2153
51 73 6832
51 74 7431
51 78 9018
51 79 1570
52 53 4806
52 58 1237
52 60 797
52 61 1142
52 62 7695
52 69 397
52 70 6950
52 71 4064
53 55 3866
53 57 9229
53 59 4863
53 64 9980
53 67 8737
53 68 7148
53 69 7711
53 70 7951
53 72 1276
53 74 6428
53 75 4029
53 79 5191
54 56 16
54 58 4350
54 59 9058
54 61 1265
54 62 7939
54 65 5719
54 66 7201
54 68 9833
54 69 3729
54 70 951
54 73 6359
54 75 8296
54 76 6725
54 79 4303
55 57 6877
55 59 7018
55 60 8408
55 61 9905
55 64 7941
55 65 2765
55 66 9928
55 68 6936
55 69 1545
55 71 6604
55 75 2846
55 77 4681
55 78 8015
56 58 787
56 60 8138
56 61 3290
56 63 352
56 64 2854
56 68 1535
56 70 6650
56 72 3175
56 78 1992
56 79 4330
57 58 3311
57 63 9334
57 65 8868
57 67 4804
57 69 8309
57 70 9363
57 71 3148
57 72 4296
57 73 7163
57 74 1442
57 75 5801
57 79 6699
58 59 3579
58 61 9361
58 62 1938
58 63 2988
58 64 9929
58 65 5879
58 69 7746
58 70 5658
58 71 5176
58 76 5210
58 77 4111
58 79 171
59 60 3008
59 61 4384
59 62 6947
59 63 1152
59 66 1983
59 67 9329
59 69 1236
59 70 8987
59 71 8665
59 74 500
59 76 5456
59 77 5090
59 78 5418
59 79 5463
60 61 5997
60 63 5727
60 64 2676
60 68 5384
60 70 8827
60 71 5404
60 73 956
60 74 9099
60 75 4177
60 76 9426
60 77 9
60 79 1372
61 63 5379
61 64 8842
61 68 5888
61 71 9817
61 74 6675
61 75 9966
61 76 5753
61 77 3232
61 78 7492
62 66 9480
62 67 1821
62 69 3444
62 70 9780
62 71 53
62 74 8137
62 77 8577
62 79 6254
63 64 6634
63 68 6247
63 71 6230
63 75 7341
63 76 9273
63 77 7486
63 78 5922
63 79 2665
64 67 7932
64 68 7022
64 70 599
64 72 618
64 75 673
65 71 6983
65 72 4609
65 74 723
65 79 8835
66 69 5071
66 70 4143
66 71 6539
66 72 1884
66 74 5609
66 76 4630
67 70 3772
67 71 5614
67 72 6458
67 73 5417
67 74 5481
67 77 8341
68 70 6789
68 72 2973
68 74 3128
68 75 6934
68 77 6817
68 79 2328
69 70 955
69 73 5508
69 75 7344
69 77 4482
69 78 5306
69 79 5935
70 71 57
70 72 2566
70 74 1697
70 75 4566
70 77 806
70 78 6096
70 79 7882
71 74 6212
71 75 8281
71 76 8406
71 77 5496
71 78 2381
71 79 6524
72 73 7767
72 74 5849
72 75 6107
72 76 3234
72 78 2373
73 74 3822
73 75 4583
74 75 8673
74 76 9630
74 78 5001
74 79 9769
75 76 5553
76 77 1054
77 78 2358
77 79 5235
78 79 7082
