0 1 6
0 4 4
0 5 4
0 6 9
0 7 4
0 8 1
0 11 8
0 12 10
0 13 1
0 17 5
0 18 3
0 20 1
0 22 4
0 23 8
0 25 10
0 33 9
0 34 1
0 37 9
0 38 10
0 40 3
0 41 10
0 43 1
0 46 10
0 47 6
0 48 9
0 50 9
0 53 4
0 54 9
0 59 5
0 62 9
0 64 1
0 65 8
0 66 7
0 67 2
0 68 9
0 75 7
0 76 8
0 77 3
0 78 6
0 79 10
0 80 4
0 81 8
0 84 5
0 88 4
1 2 9
1 7 4
1 9 2
1 10 1
1 13 1
1 14 6
1 16 5
1 19 3
1 23 7
1 25 8
1 26 1
1 27 10
1 28 2
1 32 4
1 33 8
1 38 6
1 39 9
1 40 10
1 44 8
1 46 2
1 47 6
1 48 2
1 49 9
1 50 4
1 57 10
1 58 1
1 59 4
1 60 10
1 61 10
1 63 7
1 64 8
1 65 10
1 67 6
1 69 7
1 70 6
1 71 3
1 72 3
1 74 4
1 76 2
1 77 3
1 78 2
1 79 4
1 81 3
1 86 10
1 87 5
1 88 7
2 3 5
2 5 3
2 6 10
2 7 1
2 10 1
2 12 3
2 14 8
2 16 2
2 20 3
2 23 5
2 25 6
2 26 6
2 28 4
2 29 2
2 30 8
2 32 10
2 33 5
2 34 4
2 36 6
2 37 6
2 38 1
2 41 10
2 44 9
2 45 10
2 46 5
2 49 6
2 50 8
2 52 7
2 53 2
2 54 9
2 55 4
2 57 10
2 59 8
2 61 8
2 65 8
2 66 7
2 67 2
2 68 8
2 71 1
2 73 2
2 75 4
2 76 8
2 77 6
2 79 3
2 80 6
2 83 5
2 85 2
2 86 7
2 88 10
3 4 7
3 6 9
3 8 6
3 10 5
3 14 2
3 16 4
3 17 4
3 18 4
3 19 9
3 20 2
3 23 6
3 25 4
3 26 2
3 28 8
3 29 2
3 33 4
3 34 8
3 35 6
3 37 7
3 38 9
3 40 8
3 41 9
3 42 9
3 43 1
3 45 2
3 46 10
3 47 9
3 52 5
3 53 5
3 54 8
3 55 2
3 56 10
3 57 10
3 58 7
3 62 1
3 63 8
3 64 10
3 65 1
3 67 3
3 69 7
3 70 6
3 72 3
3 75 4
3 76 8
3 78 4
3 82 2
3 83 1
3 84 6
3 85 7
3 88 3
4 8 10
4 9 4
4 10 3
4 12 3
4 14 5
4 17 4
4 18 6
4 20 7
4 21 9
4 22 9
4 23 4
4 26 1
4 27 7
4 28 8
4 29 2
4 30 2
4 31 1
4 35 4
4 37 8
4 39 5
4 41 3
4 45 6
4 46 7
4 48 3
4 50 5
4 58 6
4 60 5
4 61 5
4 62 3
4 63 10
4 70 7
4 72 1
4 74 4
4 76 4
4 77 3
4 78 7
4 79 3
4 81 2
4 82 2
4 83 4
4 84 10
4 85 1
4 87 9
5 6 1
5 12 7
5 13 7
5 14 8
5 17 7
5 21 7
5 22 7
5 27 10
5 29 5
5 31 5
5 34 5
5 40 4
5 43 4
5 44 6
5 45 7
5 47 3
5 48 9
5 52 4
5 53 3
5 55 9
5 59 9
5 60 10
5 63 3
5 64 3
5 67 5
5 69 9
5 71 4
5 72 7
5 73 8
5 79 7
5 82 2
5 83 9
5 85 7
5 86 4
6 8 6
6 9 8
6 10 8
6 13 1
6 14 9
6 17 1
6 20 6
6 21 5
6 23 1
6 29 9
6 30 10
6 32 2
6 34 3
6 35 6
6 36 3
6 38 6
6 39 1
6 40 6
6 43 8
6 44 5
6 45 6
6 47 8
6 50 1
6 51 7
6 54 8
6 55 6
6 56 2
6 58 2
6 60 10
6 63 10
6 67 10
6 68 3
6 69 2
6 70 4
6 71 8
6 73 2
6 74 3
6 76 4
6 77 6
6 78 10
6 81 7
6 82 2
6 83 2
6 86 8
6 87 3
6 88 7
7 8 7
7 9 8
7 11 8
7 12 7
7 14 3
7 15 9
7 19 7
7 20 6
7 21 5
7 22 10
7 24 10
7 26 7
7 28 1
7 29 1
7 31 9
7 32 5
7 34 5
7 37 1
7 38 2
7 39 6
7 40 5
7 43 7
7 44 2
7 45 6
7 46 4
7 47 9
7 48 10
7 52 7
7 53 2
7 54 6
7 55 5
7 62 9
7 64 10
7 65 1
7 71 1
7 72 10
7 73 4
7 74 1
7 75 6
7 80 6
7 82 4
7 87 7
7 88 8
8 11 7
8 13 9
8 14 9
8 17 7
8 18 3
8 20 4
8 24 1
8 28 8
8 30 7
8 32 7
8 33 10
8 34 10
8 35 2
8 38 5
8 39 6
8 40 7
8 42 8
8 43 5
8 44 10
8 45 9
8 48 1
8 49 5
8 50 6
8 51 8
8 53 1
8 54 4
8 56 4
8 61 2
8 62 6
8 63 9
8 67 1
8 69 9
8 70 4
8 73 1
8 76 10
8 77 3
8 78 1
8 80 4
8 85 9
8 86 8
8 87 4
8 88 9
9 11 2
9 13 7
9 15 6
9 16 2
9 18 7
9 21 2
9 24 5
9 25 5
9 26 8
9 27 4
9 30 7
9 32 5
9 39 3
9 41 2
9 46 1
9 47 4
9 48 9
9 50 9
9 51 7
9 57 1
9 58 3
9 60 2
9 62 3
9 67 7
9 71 4
9 72 4
9 75 2
9 76 10
9 77 6
9 78 5
9 80 4
9 85 1
9 87 1
9 88 8
10 14 5
10 17 3
10 18 3
10 19 7
10 20 7
10 21 8
10 22 8
10 24 5
10 25 3
10 27 1
10 29 3
10 30 9
10 32 9
10 33 2
10 34 1
10 36 8
10 41 4
10 42 3
10 44 1
10 45 6
10 46 2
10 49 7
10 50 7
10 51 1
10 53 10
10 57 10
10 59 8
10 64 4
10 65 3
10 72 2
10 73 9
10 75 5
10 76 1
10 78 10
10 79 10
10 80 2
10 82 10
10 84 8
10 85 10
10 86 3
11 15 7
11 16 5
11 19 4
11 20 6
11 22 5
11 23 3
11 24 7
11 25 7
11 28 5
11 30 9
11 32 8
11 33 2
11 38 5
11 39 8
11 41 4
11 43 9
11 45 3
11 50 7
11 52 10
11 54 6
11 64 3
11 65 8
11 67 6
11 68 2
11 69 9
11 70 10
11 72 7
11 74 4
11 76 5
11 77 9
11 78 6
11 82 1
12 13 4
12 14 2
12 16 2
12 19 7
12 20 2
12 21 2
12 25 1
12 26 9
12 27 9
12 29 6
12 30 2
12 31 1
12 34 1
12 39 5
12 41 8
12 42 9
12 44 3
12 47 1
12 48 4
12 49 5
12 52 4
12 53 3
12 56 4
12 58 6
12 59 3
12 60 2
12 66 5
12 68 9
12 71 7
12 75 9
12 76 8
12 77 4
12 78 1
12 79 6
12 81 4
12 83 6
12 86 9
12 87 9
12 88 9
13 16 2
13 18 3
13 20 6
13 21 9
13 22 4
13 24 9
13 25 1
13 27 4
13 28 4
13 30 1
13 31 3
13 32 6
13 33 10
13 34 4
13 35 7
13 38 1
13 39 9
13 46 4
13 52 7
13 53 9
13 59 3
13 61 7
13 63 5
13 64 10
13 66 4
13 67 1
13 68 7
13 70 2
13 72 5
13 74 7
13 76 6
13 80 1
13 81 9
13 84 6
14 15 4
14 17 5
14 21 8
14 22 7
14 28 1
14 30 1
14 31 9
14 33 5
14 37 5
14 38 9
14 42 8
14 43 2
14 45 9
14 46 1
14 47 8
14 52 10
14 53 2
14 54 7
14 56 3
14 57 6
14 58 8
14 59 8
14 60 7
14 61 4
14 66 8
14 67 3
14 68 3
14 70 1
14 73 9
14 75 3
14 76 6
14 78 9
14 80 10
14 82 9
14 83 1
14 84 2
14 85 2
14 86 8
14 87 10
15 16 6
15 17 10
15 18 10
15 19 6
15 21 1
15 22 10
15 24 6
15 25 5
15 31 8
15 33 9
15 35 3
15 36 4
15 39 7
15 40 3
15 43 5
15 47 8
15 49 6
15 50 1
15 53 4
15 57 10
15 61 2
15 62 8
15 63 9
15 66 10
15 70 7
15 71 9
15 72 7
15 73 8
15 74 7
15 75 8
15 76 10
15 77 7
15 78 2
15 79 5
15 80 6
15 83 2
15 84 9
15 85 3
15 86 10
15 87 8
16 17 10
16 18 1
16 19 8
16 27 7
16 28 1
16 31 6
16 33 8
16 35 6
16 36 1
16 39 5
16 40 1
16 43 10
16 44 1
16 45 8
16 49 2
16 50 2
16 53 3
16 54 10
16 56 5
16 59 4
16 60 3
16 61 2
16 62 9
16 63 10
16 65 10
16 67 4
16 68 2
16 69 6
16 70 6
16 73 10
16 76 3
16 77 4
16 78 8
16 80 9
16 81 3
16 83 3
16 86 5
17 18 10
17 24 4
17 27 7
17 31 7
17 35 4
17 41 6
17 45 9
17 47 6
17 48 4
17 49 2
17 50 1
17 52 5
17 53 8
17 54 8
17 57 2
17 58 1
17 61 4
17 62 1
17 63 8
17 64 3
17 65 6
17 66 9
17 67 5
17 69 4
17 71 5
17 72 3
17 73 10
17 74 1
17 75 2
17 79 9
17 80 7
17 81 6
17 83 9
17 84 2
17 86 6
17 88 3
18 21 2
18 23 8
18 24 9
18 26 10
18 28 1
18 29 2
18 32 2
18 33 1
18 35 2
18 38 10
18 39 10
18 42 4
18 45 5
18 47 8
18 48 8
18 51 4
18 52 5
18 53 6
18 55 7
18 56 7
18 58 3
18 60 1
18 67 3
18 68 10
18 69 3
18 70 10
18 75 9
18 82 2
18 83 2
18 84 2
18 86 6
18 87 1
18 88 2
19 21 7
19 22 5
19 24 5
19 27 9
19 29 9
19 30 5
19 34 5
19 36 8
19 39 10
19 41 6
19 46 3
19 51 2
19 55 1
19 58 3
19 59 8
19 60 4
19 61 3
19 63 1
19 64 6
19 67 2
19 69 10
19 71 9
19 73 2
19 74 6
19 76 3
19 78 5
19 79 4
19 80 4
19 81 9
19 82 2
19 84 7
20 23 2
20 24 5
20 26 9
20 28 5
20 29 1
20 32 2
20 35 4
20 36 8
20 39 10
20 41 7
20 44 9
20 45 9
20 46 8
20 47 6
20 49 7
20 50 5
20 51 4
20 53 10
20 54 1
20 55 1
20 56 1
20 57 10
20 59 1
20 60 10
20 61 4
20 63 9
20 64 1
20 67 4
20 69 3
20 70 4
20 72 2
20 75 7
20 77 7
20 78 5
20 80 3
20 81 9
20 82 6
20 85 6
20 87 6
21 27 9
21 30 4
21 33 8
21 34 8
21 36 7
21 37 10
21 40 2
21 46 6
21 47 1
21 51 10
21 54 4
21 55 10
21 59 7
21 61 9
21 62 2
21 63 2
21 65 1
21 66 4
21 70 7
21 71 5
21 72 5
21 75 3
21 87 6
22 24 2
22 26 9
22 29 3
22 30 6
22 31 5
22 33 2
22 34 4
22 35 5
22 38 3
22 39 10
22 40 10
22 41 4
22 42 4
22 45 9
22 47 8
22 51 7
22 52 9
22 53 3
22 59 3
22 60 3
22 61 9
22 62 10
22 63 2
22 64 3
22 69 4
22 72 4
22 75 10
22 76 10
22 78 7
22 79 6
22 80 3
22 81 7
22 82 7
22 86 7
22 88 2
23 25 3
23 27 6
23 29 4
23 30 6
23 31 7
23 32 7
23 33 9
23 38 1
23 39 3
23 43 2
23 44 1
23 45 7
23 46 4
23 47 9
23 49 4
23 50 6
23 51 3
23 52 5
23 54 9
23 59 6
23 60 8
23 62 7
23 66 7
23 68 8
23 71 6
23 72 10
23 73 10
23 74 6
23 76 7
23 78 5
23 79 1
23 81 9
23 83 1
23 86 5
24 26 8
24 27 1
24 28 9
24 29 3
24 32 8
24 33 1
24 39 8
24 41 2
24 42 9
24 43 3
24 47 2
24 50 10
24 53 5
24 54 1
24 56 3
24 57 6
24 58 3
24 60 3
24 62 3
24 63 1
24 65 2
24 66 8
24 69 4
24 73 8
24 75 2
24 76 6
24 83 7
24 84 10
24 85 9
24 86 8
24 88 10
25 27 1
25 29 1
25 30 9
25 31 7
25 32 4
25 33 4
25 34 4
25 35 5
25 37 7
25 39 9
25 40 1
25 41 2
25 43 1
25 47 5
25 48 8
25 49 6
25 50 7
25 52 6
25 53 8
25 56 10
25 58 4
25 59 2
25 65 10
25 66 2
25 67 7
25 68 1
25 69 3
25 71 2
25 75 5
25 77 2
25 78 9
25 80 6
25 82 3
25 83 4
25 86 5
26 30 1
26 33 5
26 34 2
26 36 7
26 39 4
26 40 7
26 41 5
26 42 1
26 47 6
26 48 4
26 49 8
26 50 6
26 53 10
26 57 8
26 58 2
26 59 9
26 60 7
26 63 3
26 68 4
26 69 6
26 70 2
26 75 3
26 77 8
26 78 6
26 79 3
26 80 2
26 83 10
26 84 9
26 87 3
26 88 10
27 29 7
27 31 7
27 32 8
27 33 4
27 36 4
27 38 9
27 42 3
27 44 2
27 45 8
27 47 10
27 48 1
27 50 10
27 52 7
27 53 10
27 54 4
27 56 8
27 58 6
27 59 6
27 61 4
27 62 2
27 65 8
27 67 4
27 68 8
27 69 2
27 71 7
27 73 2
27 74 6
27 77 8
27 80 8
27 81 7
27 82 1
27 83 6
27 88 8
28 29 6
28 33 8
28 35 7
28 37 7
28 38 2
28 42 6
28 45 5
28 46 10
28 48 6
28 51 8
28 53 4
28 54 4
28 56 4
28 57 2
28 58 8
28 60 4
28 62 2
28 63 3
28 65 3
28 66 7
28 72 1
28 74 5
28 79 3
28 80 4
28 81 8
28 82 2
28 84 3
28 85 1
28 87 1
29 32 2
29 35 9
29 36 8
29 39 5
29 40 5
29 41 9
29 43 8
29 45 10
29 46 4
29 47 5
29 49 10
29 51 5
29 54 5
29 60 1
29 61 8
29 65 7
29 66 9
29 67 3
29 68 10
29 69 1
29 70 10
29 73 2
29 74 5
29 75 9
29 76 3
29 80 10
29 81 7
29 87 9
29 88 1
30 32 7
30 35 2
30 36 9
30 37 5
30 39 5
30 40 7
30 41 2
30 42 6
30 44 5
30 46 6
30 48 8
30 50 5
30 51 10
30 52 7
30 54 5
30 55 8
30 61 8
30 64 10
30 65 5
30 66 1
30 67 7
30 68 4
30 70 8
30 71 6
30 73 6
30 75 1
30 77 3
30 78 7
30 80 7
30 81 4
30 85 4
31 32 5
31 34 10
31 35 6
31 37 1
31 39 9
31 40 1
31 43 7
31 44 3
31 46 1
31 49 3
31 53 4
31 54 7
31 56 10
31 58 3
31 60 10
31 61 6
31 62 2
31 63 5
31 65 6
31 67 10
31 69 7
31 70 8
31 72 4
31 74 2
31 76 3
31 84 5
32 33 6
32 34 9
32 36 8
32 40 7
32 41 9
32 44 7
32 46 3
32 48 10
32 51 3
32 52 9
32 57 9
32 58 2
32 60 3
32 61 9
32 62 5
32 64 2
32 66 9
32 67 7
32 70 10
32 72 4
32 73 4
32 74 2
32 77 8
32 78 1
32 79 8
32 81 10
32 82 1
32 86 10
32 87 8
33 34 4
33 36 9
33 39 10
33 41 6
33 42 5
33 44 9
33 45 3
33 47 5
33 49 7
33 50 9
33 51 6
33 52 10
33 58 10
33 60 8
33 61 4
33 65 5
33 68 10
33 69 9
33 71 7
33 72 9
33 73 4
33 75 1
33 76 5
33 78 10
33 84 8
33 85 1
33 86 9
33 87 6
34 35 6
34 36 2
34 37 6
34 38 9
34 41 4
34 43 10
34 44 4
34 45 1
34 47 1
34 51 2
34 52 1
34 56 8
34 57 7
34 58 7
34 60 6
34 62 5
34 63 1
34 64 10
34 65 2
34 66 6
34 69 10
34 70 1
34 71 6
34 74 10
34 76 4
34 78 10
34 79 3
34 81 6
34 82 5
34 85 3
34 86 5
34 88 10
35 37 4
35 38 10
35 40 8
35 44 8
35 47 7
35 52 9
35 55 1
35 56 3
35 57 9
35 59 4
35 62 10
35 65 9
35 67 4
35 68 3
35 70 1
35 71 2
35 72 9
35 74 5
35 75 6
35 77 8
35 78 10
35 82 7
35 83 9
35 85 1
36 39 5
36 41 8
36 42 10
36 50 6
36 51 2
36 53 5
36 54 1
36 55 10
36 56 4
36 57 7
36 60 8
36 65 1
36 66 9
36 67 2
36 68 6
36 69 10
36 74 10
36 76 1
36 77 7
36 78 7
36 82 7
36 84 5
36 87 6
36 88 8
37 39 8
37 40 9
37 41 1
37 46 3
37 47 10
37 49 8
37 60 1
37 66 2
37 68 6
37 69 9
37 71 10
37 73 9
37 74 5
37 77 1
37 78 9
37 79 8
37 82 2
37 84 3
37 86 7
37 87 6
37 88 10
38 40 9
38 41 1
38 42 3
38 43 8
38 44 2
38 45 2
38 46 4
38 49 8
38 51 3
38 52 7
38 53 3
38 54 6
38 55 5
38 59 6
38 60 7
38 62 3
38 65 10
38 68 3
38 69 5
38 73 4
38 79 4
38 81 6
38 82 3
38 83 9
38 85 1
38 86 10
38 87 2
38 88 8
39 42 6
39 43 9
39 44 8
39 49 3
39 50 2
39 53 2
39 56 8
39 57 7
39 58 2
39 59 1
39 60 8
39 69 10
39 72 1
39 73 10
39 74 6
39 76 7
39 77 5
39 80 10
39 81 6
39 83 6
39 84 4
39 85 1
40 41 7
40 43 3
40 48 4
40 51 4
40 52 2
40 55 9
40 56 9
40 57 1
40 59 9
40 60 5
40 62 4
40 64 7
40 66 3
40 68 1
40 69 6
40 70 8
40 71 3
40 75 7
40 76 4
40 79 4
40 81 8
40 84 4
40 86 8
41 43 4
41 49 7
41 51 10
41 53 5
41 55 3
41 57 6
41 58 6
41 61 1
41 62 8
41 63 5
41 64 4
41 65 8
41 66 10
41 68 7
41 70 7
41 73 9
41 76 6
41 78 4
41 81 1
41 83 8
41 84 4
41 85 9
42 46 10
42 48 7
42 49 6
42 51 3
42 52 2
42 54 1
42 55 2
42 56 10
42 58 1
42 59 10
42 61 1
42 62 4
42 63 8
42 64 3
42 70 5
42 73 10
42 74 8
42 76 7
42 78 8
42 81 4
42 82 5
42 83 10
42 85 1
42 86 9
42 88 3
43 44 2
43 45 1
43 48 7
43 49 7
43 50 5
43 51 4
43 52 8
43 54 8
43 59 9
43 67 1
43 68 1
43 69 2
43 70 6
43 71 3
43 74 6
43 79 4
43 81 10
43 82 9
43 84 10
43 85 3
44 45 5
44 46 4
44 47 4
44 49 4
44 50 4
44 51 1
44 53 10
44 58 7
44 62 3
44 63 7
44 66 6
44 67 8
44 68 7
44 72 9
44 74 4
44 76 3
44 79 4
44 80 8
44 81 5
44 82 3
44 83 6
44 84 1
44 85 2
44 88 8
45 46 4
45 47 4
45 51 6
45 54 1
45 56 4
45 59 2
45 61 3
45 66 5
45 68 4
45 72 4
45 74 10
45 76 4
45 77 2
45 80 9
45 84 3
45 88 6
46 48 5
46 49 1
46 52 2
46 53 10
46 58 1
46 60 7
46 61 5
46 62 7
46 64 7
46 65 10
46 66 2
46 67 9
46 69 3
46 72 6
46 73 4
46 77 9
46 78 2
46 79 1
46 81 10
46 84 7
46 85 2
46 86 1
46 87 6
46 88 5
47 49 8
47 53 9
47 56 8
47 58 6
47 59 9
47 60 9
47 62 10
47 63 8
47 64 10
47 65 4
47 66 8
47 67 3
47 70 7
47 71 9
47 72 6
47 73 8
47 75 7
47 76 9
47 78 6
47 80 2
47 81 8
47 82 1
47 84 7
47 85 9
47 86 8
47 87 5
48 49 3
48 51 3
48 52 2
48 53 2
48 54 5
48 55 2
48 61 5
48 65 10
48 67 10
48 68 2
48 72 8
48 73 8
48 74 7
48 76 7
48 77 6
48 78 9
48 82 10
48 83 5
48 85 8
48 86 2
48 87 1
49 51 5
49 53 10
49 54 7
49 57 9
49 59 5
49 60 2
49 66 8
49 67 10
49 69 3
49 71 2
49 72 6
49 73 10
49 74 8
49 78 9
49 80 4
49 81 6
49 84 2
49 85 5
49 88 4
50 51 3
50 52 8
50 55 7
50 58 2
50 60 7
50 61 1
50 62 9
50 64 7
50 67 4
50 68 6
50 73 5
50 79 3
50 84 5
50 85 3
50 88 9
51 52 10
51 53 5
51 56 6
51 58 10
51 59 8
51 61 9
51 62 6
51 63 8
51 64 5
51 69 10
51 70 8
51 71 10
51 73 7
51 74 5
51 78 8
51 80 1
51 82 4
51 84 5
51 85 5
51 86 2
51 87 2
51 88 7
52 54 10
52 58 5
52 59 3
52 60 7
52 61 1
52 63 2
52 64 1
52 66 2
52 67 3
52 71 10
52 72 2
52 73 4
52 74 2
52 77 2
52 83 1
52 86 3
52 87 8
52 88 5
53 55 5
53 57 10
53 58 2
53 59 1
53 61 10
53 62 4
53 63 2
53 75 10
53 77 2
53 79 5
53 80 4
53 81 2
53 82 10
53 84 2
53 85 8
53 86 7
53 87 7
54 58 8
54 60 6
54 61 2
54 62 3
54 63 6
54 71 1
54 74 6
54 78 10
54 79 9
54 81 10
54 84 1
54 86 3
54 88 1
55 56 8
55 57 4
55 58 3
55 59 6
55 62 9
55 66 1
55 67 10
55 68 9
55 70 8
55 71 7
55 76 2
55 78 1
55 80 10
55 86 4
55 87 9
55 88 2
56 58 5
56 59 7
56 60 5
56 62 1
56 64 10
56 66 9
56 67 10
56 68 6
56 69 2
56 72 8
56 73 10
56 74 3
56 77 4
56 81 8
56 83 7
57 58 4
57 67 4
57 72 5
57 73 9
57 78 8
57 80 2
57 81 7
57 83 1
57 85 9
57 88 6
58 62 10
58 63 9
58 65 1
58 70 10
58 71 10
58 72 9
58 74 2
58 75 2
58 77 7
58 79 5
58 80 7
58 87 10
59 60 10
59 64 7
59 66 4
59 67 1
59 68 3
59 69 9
59 71 9
59 73 1
59 75 6
59 79 2
59 84 7
59 85 6
59 86 5
59 88 9
60 63 3
60 68 6
60 70 6
60 76 4
60 77 4
60 78 7
60 79 5
60 80 6
60 83 3
60 87 2
61 63 7
61 64 10
61 65 3
61 68 5
61 69 3
61 70 1
61 74 7
61 76 6
61 78 6
61 83 5
61 84 8
61 85 5
61 86 3
61 87 5
61 88 5
62 63 8
62 65 3
62 66 3
62 68 10
62 69 7
62 70 1
62 71 2
62 72 6
62 75 8
62 76 10
62 79 3
62 81 6
62 83 7
62 86 3
62 88 5
63 64 10
63 65 5
63 67 4
63 69 3
63 71 3
63 72 9
63 73 8
63 83 6
63 84 9
63 86 3
63 87 3
63 88 7
64 65 3
64 66 1
64 68 5
64 69 6
64 70 5
64 73 6
64 74 7
64 75 3
64 81 9
64 82 4
64 83 7
64 84 10
64 87 7
65 66 7
65 69 6
65 70 2
65 71 4
65 72 4
65 73 9
65 75 7
65 76 4
65 80 10
65 81 2
65 82 2
65 83 10
65 85 10
65 86 7
66 69 5
66 70 5
66 72 2
66 77 8
66 79 8
66 84 3
66 85 4
67 68 8
67 69 2
67 70 4
67 72 5
67 74 4
67 78 5
67 81 7
67 84 5
67 85 7
68 69 10
68 71 7
68 73 7
68 74 4
68 75 8
68 76 2
68 78 5
68 80 3
68 84 7
68 85 9
68 86 9
68 87 9
69 72 10
69 73 4
69 75 4
69 78 5
69 79 10
69 80 8
69 82 10
69 86 8
69 87 5
70 71 3
70 76 10
70 77 9
70 80 5
70 83 5
70 84 8
70 85 2
71 73 6
71 74 2
71 75 8
71 76 7
71 77 7
71 78 3
71 79 7
71 84 6
71 85 7
71 86 2
71 87 6
71 88 6
72 73 3
72 74 1
72 76 4
72 81 5
72 85 3
72 87 7
72 88 3
73 75 8
73 76 6
73 77 6
73 79 2
73 80 7
73 81 1
73 82 1
73 83 3
73 84 7
73 85 3
73 86 9
73 87 4
73 88 1
74 76 6
74 77 6
74 78 1
74 79 2
74 80 9
74 83 9
74 84 4
74 85 1
74 86 5
74 88 3
75 78 7
75 79 7
75 81 8
75 84 1
75 86 4
75 87 2
75 88 10
76 77 7
76 80 6
76 82 1
76 85 4
76 87 9
76 88 7
77 78 7
77 80 5
77 82 2
77 83 10
77 84 6
77 88 8
78 79 8
78 80 1
78 82 10
78 83 10
79 80 4
79 82 4
79 84 2
79 86 10
79 87 4
80 81 6
80 86 6
81 82 9
81 83 3
81 84 2
81 85 3
81 86 9
81 87 4
82 84 7
83 85 9
83 86 1
83 87 5
84 85 10
84 86 4
84 87 3
84 88 9
85 87 9
86 88 7
87 88 4
