75 1337
0 2 6691
0 7 9781
0 8 2020
0 9 2074
0 10 6497
0 11 3136
0 12 6341
0 15 2046
0 17 7801
0 20 7533
0 22 9770
0 23 498
0 26 2696
0 31 2467
0 32 3837
0 36 9106
0 38 114
0 39 9320
0 42 4150
0 43 1953
0 49 7874
0 51 7200
0 52 6771
0 54 3209
0 56 7863
0 59 8600
0 62 3129
0 65 2915
0 66 8105
0 67 4566
0 71 9222
0 74 3035
1 2 5740
1 5 8090
1 7 6905
1 8 51
1 9 541
1 11 3471
1 14 5992
1 16 62
1 23 8237
1 24 225
1 29 2332
1 31 4346
1 35 882
1 39 7646
1 43 1021
1 45 9574
1 46 1948
1 47 6296
1 48 9216
1 49 8634
1 50 5608
1 53 2264
1 54 9329
1 58 7704
1 64 3815
1 66 600
1 68 1748
1 72 5383
1 73 4013
2 3 1634
2 4 9727
2 6 5197
2 7 8847
2 9 8232
2 13 344
2 18 9109
2 19 8387
2 21 6469
2 25 8772
2 27 1180
2 28 938
2 29 6402
2 31 5483
2 36 8743
2 39 4549
2 43 2415
2 46 5549
2 50 6651
2 51 2194
2 52 3779
2 53 3069
2 55 5378
2 59 1631
2 60 8841
2 62 3516
2 63 4286
2 67 175
2 68 8978
2 69 2636
2 70 5140
2 71 7816
2 72 9380
2 74 4271
3 4 6833
3 5 9162
3 7 4399
3 8 9767
3 9 6855
3 10 145
3 14 3421
3 15 7345
3 17 6603
3 18 4283
3 27 5325
3 29 216
3 33 6630
3 35 6275
3 37 893
3 38 6716
3 40 1594
3 42 7618
3 43 3500
3 46 2488
3 47 5413
3 48 6653
3 50 2949
3 52 94
3 55 7082
3 56 5505
3 57 3359
3 59 6528
3 60 6083
3 65 8625
3 66 5422
3 68 5431
3 70 22
3 73 4973
4 5 3599
4 7 224
4 10 9197
4 11 2663
4 12 2567
4 13 6747
4 14 6041
4 15 5386
4 16 5932
4 20 5203
4 21 9958
4 22 3495
4 23 5312
4 28 5260
4 29 6247
4 30 4996
4 31 6534
4 32 7354
4 33 6445
4 34 3575
4 35 2361
4 46 4683
4 48 6256
4 51 3273
4 52 9485
4 53 5253
4 54 7607
4 56 8390
4 59 2101
4 63 1933
4 64 3084
4 65 2130
4 67 2349
4 68 6141
4 69 1936
4 70 3567
4 73 5944
5 6 2720
5 7 7502
5 10 9131
5 12 6182
5 13 6759
5 14 4530
5 15 6238
5 16 3066
5 20 2559
5 21 1930
5 26 21
5 28 3613
5 29 8218
5 32 9799
5 36 5583
5 37 3391
5 39 1661
5 41 4263
5 42 1111
5 43 2431
5 46 3080
5 47 3953
5 48 4509
5 49 8152
5 52 4557
5 58 87
5 61 4731
5 69 1278
5 74 5334
6 8 1161
6 12 9289
6 13 3166
6 17 5622
6 20 5889
6 22 1683
6 23 9072
6 24 7104
6 26 2689
6 27 9719
6 28 881
6 29 9085
6 31 9057
6 34 5127
6 35 9235
6 36 2919
6 37 8440
6 39 5193
6 43 4411
6 44 8721
6 48 443
6 49 7513
6 51 9964
6 52 8613
6 53 6412
6 54 8424
6 57 1516
6 58 2844
6 61 4319
6 65 2997
6 66 7128
6 72 5897
6 73 2151
6 74 7440
7 9 396
7 10 9469
7 11 6710
7 13 1068
7 14 236
7 18 4645
7 22 978
7 24 8630
7 26 4913
7 28 2287
7 29 7258
7 30 5850
7 32 6242
7 33 4756
7 34 1810
7 35 2232
7 36 1881
7 37 4984
7 40 5365
7 41 7851
7 43 6495
7 45 4143
7 46 6923
7 47 5180
7 48 5934
7 51 3632
7 52 9896
7 54 8953
7 59 8489
7 60 9755
7 63 7958
7 65 2357
7 66 6896
7 67 3098
7 68 8690
7 70 5063
7 71 6354
8 13 215
8 15 8239
8 16 8458
8 17 6391
8 18 1589
8 19 3128
8 23 927
8 29 3059
8 34 3732
8 39 6145
8 40 8543
8 41 4398
8 44 1057
8 45 7873
8 48 9805
8 50 2045
8 56 6372
8 57 2328
8 58 7263
8 60 3908
8 61 3528
8 63 2280
8 69 9458
8 72 9761
9 13 9933
9 16 475
9 20 4145
9 21 3223
9 23 233
9 25 9227
9 27 3289
9 28 2079
9 30 7332
9 31 2215
9 34 1692
9 35 6641
9 41 5120
9 42 8999
9 43 2322
9 48 1224
9 51 710
9 57 9145
9 60 4547
9 65 3390
9 68 8333
9 70 8940
10 12 4523
10 13 6192
10 15 8396
10 16 6767
10 17 4562
10 19 2226
10 20 5669
10 24 7881
10 25 8820
10 26 2212
10 27 5949
10 32 8367
10 33 1662
10 35 4235
10 45 6605
10 46 7280
10 48 1104
10 49 7598
10 51 6741
10 53 9926
10 54 1041
10 55 2396
10 56 8291
10 57 6177
10 58 3054
10 59 813
10 63 2976
10 64 1464
10 65 8602
10 66 894
10 67 8864
10 69 2153
10 71 1429
10 73 4148
11 15 9433
11 16 6209
11 17 8337
11 18 6970
11 20 1249
11 21 4976
11 23 4190
11 24 3639
11 27 4025
11 29 4542
11 30 4067
11 32 3940
11 34 9552
11 35 504
11 38 8071
11 40 8322
11 41 711
11 42 338
11 43 5589
11 45 5255
11 46 7912
11 47 1502
11 49 8960
11 51 7746
11 53 8834
11 57 9643
11 61 5384
11 62 5142
11 64 4305
11 65 578
11 66 9194
11 67 7049
11 70 8472
11 71 9586
11 73 4318
12 15 7986
12 16 149
12 19 5001
12 20 9382
12 21 7272
12 24 6361
12 25 4762
12 28 2518
12 29 4719
12 31 4587
12 32 667
12 36 3552
12 37 6054
12 40 9304
12 45 4901
12 46 9402
12 48 5404
12 49 2854
12 51 6169
12 53 3171
12 54 4870
12 57 4771
12 58 2805
12 65 4819
12 66 8854
12 67 8975
12 68 8829
12 70 9524
12 73 5136
12 74 7269
13 14 8971
13 16 7257
13 17 1581
13 18 846
13 21 8991
13 22 9671
13 25 8078
13 27 1604
13 30 2923
13 32 7802
13 33 5245
13 34 8713
13 36 2461
13 37 2698
13 39 2633
13 40 5109
13 42 3337
13 43 4834
13 44 5116
13 48 8100
13 49 9214
13 53 5195
13 54 367
13 56 3279
13 57 7492
13 58 627
13 59 293
13 63 2176
13 64 3444
13 67 2928
13 68 1697
13 71 1568
13 72 6940
13 74 1040
14 15 7891
14 17 6637
14 19 458
14 23 6076
14 26 5353
14 31 6924
14 33 6003
14 34 681
14 35 8554
14 36 6049
14 37 5590
14 43 7711
14 44 4914
14 46 6573
14 50 5570
14 51 946
14 52 3061
14 56 1756
14 58 8895
14 62 8215
14 63 8567
14 66 2178
14 71 5434
14 72 2096
14 73 5376
15 16 397
15 17 5872
15 22 8391
15 27 5405
15 29 6699
15 30 1070
15 31 9967
15 32 2920
15 38 7395
15 39 1410
15 42 3079
15 45 3389
15 46 5166
15 47 3181
15 50 1759
15 51 6941
15 54 3978
15 56 5735
15 58 6021
15 63 4400
15 64 1877
15 65 1272
15 69 4706
15 71 347
15 72 5543
15 73 9974
15 74 4265
16 18 7632
16 20 7163
16 25 5510
16 26 5237
16 30 9164
16 36 3781
16 37 7662
16 39 7335
16 40 3202
16 42 2291
16 43 1570
16 44 9319
16 45 4226
16 46 7973
16 47 2715
16 49 1603
16 50 8938
16 51 6853
16 52 1601
16 56 1357
16 59 9641
16 62 9397
16 63 3854
16 66 955
16 67 2092
16 68 3693
16 74 8641
17 18 8973
17 22 7984
17 23 5114
17 26 8281
17 27 8972
17 31 1063
17 32 9508
17 33 1369
17 38 9728
17 39 3379
17 40 5346
17 41 6167
17 42 5792
17 45 3486
17 46 1957
17 47 5863
17 49 4408
17 54 4480
17 55 1952
17 57 3237
17 59 9542
17 60 119
17 63 9426
17 64 7664
17 69 3515
17 70 9575
17 71 3678
17 73 5530
17 74 2612
18 19 3381
18 22 3650
18 23 7517
18 25 455
18 26 3677
18 28 6823
18 31 1722
18 33 9902
18 34 2892
18 35 545
18 37 8606
18 40 7764
18 42 3439
18 43 2570
18 44 8542
18 45 1475
18 47 4503
18 49 9474
18 51 1466
18 54 9211
18 55 5632
18 58 5685
18 59 7114
18 60 2770
18 62 8031
18 63 6815
18 64 9028
18 66 8927
18 67 6010
18 68 2897
18 70 6938
18 72 1303
18 74 6859
19 22 7601
19 23 1754
19 24 6489
19 26 8282
19 27 2111
19 28 6314
19 30 7837
19 31 8217
19 34 5782
19 35 1992
19 36 9699
19 37 7675
19 38 9934
19 39 1680
19 43 7556
19 48 9881
19 50 8527
19 51 4773
19 52 943
19 53 2610
19 57 345
19 60 6899
19 62 4308
19 63 993
19 64 3582
19 65 29
19 67 655
19 68 2999
19 69 8069
19 71 4468
19 72 4639
19 74 7759
20 21 5559
20 23 524
20 27 3878
20 30 7033
20 31 355
20 33 574
20 36 9480
20 37 4679
20 38 137
20 39 477
20 42 8058
20 43 6817
20 47 1705
20 48 6462
20 50 3032
20 52 701
20 58 5236
20 59 4415
20 60 3847
20 61 2274
20 62 7199
20 63 7423
20 64 2642
20 65 5818
20 67 8378
20 71 4502
20 72 9025
20 74 9559
21 24 9664
21 29 2756
21 31 478
21 33 9873
21 34 1797
21 36 9905
21 37 7046
21 38 4031
21 41 53
21 46 999
21 49 2718
21 50 8882
21 51 3633
21 53 5531
21 55 922
21 56 7106
21 57 5794
21 58 9494
21 59 9212
21 60 2059
21 64 5710
21 67 4717
21 68 8677
21 70 9620
21 71 5147
21 72 5041
21 73 4812
22 24 5823
22 28 3221
22 29 368
22 32 9683
22 33 1185
22 39 6470
22 40 2983
22 43 6207
22 44 55
22 46 2088
22 48 2556
22 50 9603
22 51 3841
22 54 2705
22 55 5684
22 56 2887
22 57 151
22 58 1907
22 59 5296
22 61 1671
22 63 9389
22 64 2560
22 65 8670
22 66 6437
22 67 3267
22 68 7291
22 70 2419
22 71 5637
22 72 8663
23 24 8782
23 26 9287
23 28 2784
23 31 199
23 33 2139
23 36 3942
23 37 4045
23 39 6793
23 42 7083
23 43 4975
23 45 4113
23 46 181
23 48 555
23 50 4985
23 52 3283
23 53 4389
23 55 3933
23 56 4960
23 58 9263
23 59 6364
23 60 1060
23 61 6348
23 62 4357
23 63 296
23 66 3282
23 67 4317
23 69 80
23 71 5675
23 72 1559
23 73 5902
23 74 6608
24 25 5066
24 26 4388
24 28 7095
24 29 4507
24 32 7228
24 36 5512
24 39 9596
24 41 4933
24 42 2628
24 43 294
24 44 5300
24 45 2265
24 46 5672
24 50 1274
24 54 9521
24 56 7389
24 60 3687
24 62 6490
24 63 1416
24 64 2017
24 66 3229
24 67 3182
24 68 7333
24 69 2676
24 70 4658
24 72 3315
24 73 4063
25 26 4027
25 27 6945
25 28 2588
25 34 9965
25 35 2331
25 36 7682
25 37 1910
25 38 8233
25 42 9549
25 45 1282
25 48 7288
25 51 4310
25 55 4822
25 56 3455
25 58 9769
25 59 3951
25 60 6414
25 63 5687
25 64 2479
25 65 9253
25 66 5609
25 67 7180
25 70 6357
26 27 3952
26 30 4904
26 33 7103
26 34 3354
26 35 9061
26 36 9415
26 40 5232
26 46 4971
26 47 1806
26 50 5921
26 51 8746
26 52 5007
26 56 9566
26 59 8128
26 61 8381
26 63 850
26 65 6893
26 68 872
26 69 5551
26 70 1646
26 71 738
26 73 2180
27 28 7959
27 29 1945
27 30 8828
27 31 243
27 34 2392
27 35 1878
27 36 2494
27 39 4171
27 41 9646
27 43 8435
27 44 8308
27 48 7231
27 49 3889
27 52 6417
27 56 7324
27 60 3989
27 61 7775
27 62 5391
27 63 8612
27 64 5082
27 67 1206
27 69 9828
27 70 6709
27 72 7003
28 31 7368
28 33 4652
28 38 6425
28 39 2552
28 40 9063
28 41 4478
28 42 2379
28 44 8497
28 45 2946
28 46 7451
28 47 9410
28 52 6017
28 54 1170
28 55 9010
28 56 4041
28 60 4282
28 61 5507
28 66 7952
28 67 8081
28 68 8302
28 71 6105
28 72 817
28 73 1758
28 74 2657
29 32 649
29 33 8300
29 37 1598
29 38 4378
29 43 8082
29 47 5040
29 48 1731
29 49 1110
29 50 9577
29 52 1822
29 54 2848
29 55 5993
29 57 6921
29 58 4909
29 63 2075
29 68 7520
29 70 3573
29 71 3210
29 74 8062
30 31 4872
30 32 1263
30 33 9
30 36 5602
30 37 1344
30 39 8113
30 40 1652
30 41 9040
30 42 84
30 52 7806
30 54 229
30 55 4580
30 57 373
30 59 4609
30 60 1273
30 61 5023
30 63 4485
30 64 7826
30 65 2221
30 69 5611
30 70 589
30 71 5181
30 73 9927
31 34 2063
31 36 3275
31 40 6038
31 42 941
31 43 6919
31 52 5976
31 53 3414
31 57 1105
31 60 2384
31 64 2525
31 67 4257
31 69 6353
31 70 2860
31 71 2596
31 72 50
31 74 4040
32 34 8495
32 37 1659
32 39 8912
32 40 4128
32 43 3556
32 46 2329
32 50 6163
32 52 9824
32 54 3429
32 56 1557
32 61 2524
32 63 3517
32 64 1248
32 67 1221
32 69 7206
32 71 6079
32 72 2939
33 34 1830
33 35 1675
33 37 7093
33 38 8122
33 39 5714
33 40 6860
33 44 4291
33 45 1917
33 46 8996
33 48 6618
33 49 2799
33 50 7685
33 53 1427
33 54 708
33 55 759
33 57 7266
33 61 2186
33 63 9895
33 66 5708
33 69 992
33 70 6674
33 73 5697
33 74 7832
34 36 9635
34 38 4720
34 40 4489
34 41 9838
34 42 7905
34 43 5852
34 45 5055
34 48 3605
34 50 4174
34 52 758
34 53 4251
34 54 6569
34 55 2684
34 58 1338
34 61 3921
34 62 7642
34 66 3668
34 67 6908
34 68 6708
34 69 3161
34 72 3081
34 73 6211
35 36 4383
35 37 8905
35 41 776
35 42 4136
35 49 2793
35 50 3187
35 52 7342
35 57 8348
35 58 6912
35 63 2345
35 64 2168
35 69 8093
35 73 8839
35 74 1932
36 40 966
36 41 1812
36 42 6613
36 43 8476
36 45 7898
36 46 6310
36 49 8461
36 51 4495
36 52 5196
36 53 266
36 57 5095
36 58 4224
36 60 7862
36 61 5020
36 62 5693
36 64 2023
36 67 2442
36 68 6976
37 42 7518
37 43 704
37 45 112
37 46 6276
37 50 7361
37 51 6581
37 53 3796
37 54 2310
37 56 1673
37 58 5123
37 60 8604
37 61 6891
37 62 612
37 66 282
37 67 8523
37 68 3340
37 69 2714
37 70 6066
37 73 4483
38 45 951
38 46 350
38 47 6579
38 50 2872
38 54 9827
38 57 8240
38 58 82
38 60 8299
38 61 9720
38 63 6362
38 69 3346
38 73 7768
38 74 5406
39 42 260
39 46 401
39 47 8791
39 48 8007
39 53 7736
39 54 1460
39 56 7181
39 57 159
39 58 4094
39 60 473
39 61 204
39 62 3310
39 64 7525
39 66 5955
39 68 7487
39 69 9765
39 73 319
39 74 2779
40 43 5654
40 44 6436
40 45 2895
40 47 6347
40 49 1053
40 50 7388
40 51 6602
40 52 9513
40 53 4733
40 58 1840
40 59 803
40 60 5793
40 61 1461
40 66 195
40 67 5097
40 68 8913
40 69 402
40 71 7016
40 73 840
41 42 8324
41 46 3201
41 47 8488
41 49 2607
41 50 663
41 51 7993
41 52 1082
41 55 1196
41 58 9917
41 59 7065
41 66 3278
41 68 6392
41 69 2907
41 70 6404
41 71 5027
41 72 1484
42 46 5045
42 48 506
42 49 2030
42 50 9555
42 52 1396
42 54 328
42 60 7573
42 61 769
42 70 130
42 71 4635
42 74 2407
43 44 37
43 46 2247
43 49 8267
43 50 8948
43 51 9102
43 52 5918
43 53 2505
43 54 2520
43 55 8118
43 56 4722
43 59 833
43 60 6538
43 66 9505
43 67 3387
43 68 5427
43 70 734
43 72 4337
44 47 2583
44 48 9421
44 49 7531
44 51 6466
44 54 579
44 55 9803
44 56 9619
44 57 7814
44 58 4504
44 59 5012
44 60 622
44 62 5190
44 63 6677
44 66 9982
44 68 720
44 69 3109
44 71 4471
44 72 5461
44 73 1142
45 52 2078
45 55 4876
45 56 3744
45 59 5962
45 61 2833
45 63 3362
45 65 3004
45 66 7376
45 68 8404
45 71 9855
45 72 4022
45 74 4959
46 47 3555
46 50 9132
46 51 4037
46 55 5820
46 57 8076
46 59 2051
46 61 3363
46 62 9675
46 63 6539
46 64 4345
46 65 6006
46 69 5395
46 73 1159
46 74 7514
47 49 5210
47 55 4787
47 56 7712
47 58 7774
47 61 2339
47 62 6738
47 63 6363
47 68 7204
47 71 1706
47 73 5199
48 51 7761
48 52 3773
48 54 9655
48 55 4464
48 56 7383
48 58 375
48 59 3651
48 62 6283
48 63 139
48 64 7669
48 66 1857
48 68 4467
48 70 9083
48 71 9898
48 72 3818
49 52 6875
49 54 5753
49 55 9369
49 56 6298
49 59 4163
49 60 9277
49 61 1990
49 62 1230
49 65 3227
49 66 7473
49 67 6086
49 68 2708
49 70 4104
49 73 6779
49 74 1268
50 51 2241
50 52 1188
50 54 4884
50 57 4795
50 58 5603
50 60 5791
50 61 8176
50 73 6200
51 53 6060
51 54 7456
51 57 4406
51 59 1345
51 60 7519
51 63 6598
51 66 4149
51 69 4628
51 72 5057
52 53 6116
52 57 4192
52 58 5923
52 59 6250
52 60 3755
52 62 3964
52 64 6680
52 67 8515
52 68 880
52 70 415
52 71 7482
53 56 3913
53 66 3465
53 67 3943
53 68 8195
53 73 7411
54 55 6393
54 59 3302
54 60 2128
54 64 4981
54 65 6751
54 69 7278
54 70 1632
54 71 9439
54 72 939
54 73 696
55 56 6978
55 59 5310
55 64 5301
55 66 5853
55 72 1120
55 73 1101
56 58 9069
56 59 4115
56 62 1472
56 64 7463
56 65 2506
56 66 4262
56 69 4571
56 71 9811
56 72 8708
56 73 4814
56 74 691
57 59 7096
57 60 3126
57 62 9282
57 67 8616
57 69 6373
57 70 6711
57 71 2036
58 60 3912
58 61 2288
58 64 6159
58 66 5648
58 74 8251
59 62 6258
59 63 6056
59 64 868
59 65 2158
59 67 3741
59 68 7975
59 69 5354
59 70 4450
59 74 2977
60 61 4463
60 62 3053
60 64 6023
60 65 4918
60 68 6881
60 71 2144
60 72 8553
60 73 5618
60 74 5615
61 64 1284
61 66 7177
61 69 675
61 70 3927
61 73 6082
62 65 2744
62 66 9786
62 69 3572
62 72 2550
63 64 4894
63 68 9054
63 70 4854
63 72 471
63 73 5479
63 74 7623
64 67 5213
64 68 9152
64 70 9602
64 71 303
64 73 3025
65 66 8649
65 69 2585
65 70 486
65 72 1135
66 68 5156
67 68 4824
67 69 5381
67 70 3000
67 71 4746
67 72 9160
67 73 2526
67 74 3893
68 69 4085
68 70 7938
68 71 7535
68 73 4360
68 74 4227
69 70 4656
69 71 4138
69 72 4368
70 73 9149
70 74 9692
71 72 8121
73 74 3118
