96 2289
0 1 5188
0 2 7109
0 3 3442
0 4 8248
0 5 8349
0 10 9265
0 11 877
0 12 1304
0 15 9433
0 16 6681
0 17 7822
0 18 8886
0 21 8600
0 22 3432
0 23 2161
0 24 1602
0 25 9020
0 26 727
0 29 1065
0 30 5254
0 34 1626
0 35 9893
0 38 3384
0 39 9277
0 40 450
0 42 7199
0 43 4800
0 44 8791
0 48 3700
0 49 6158
0 50 2797
0 51 3949
0 52 5194
0 53 4238
0 59 5996
0 64 2830
0 65 2976
0 66 5742
0 68 8263
0 69 9887
0 70 3336
0 71 3717
0 72 171
0 74 2594
0 78 4701
0 80 7348
0 81 2233
0 82 6290
0 83 5253
0 86 9913
0 88 6029
0 89 9004
0 90 2018
0 91 614
0 93 2253
0 94 4352
0 95 8778
1 5 6545
1 8 2844
1 9 902
1 12 7382
1 13 7847
1 16 29
1 18 1960
1 21 2900
1 23 6123
1 24 2885
1 27 1723
1 28 5826
1 30 4040
1 32 1640
1 34 2850
1 37 5718
1 42 2238
1 46 1098
1 48 1746
1 49 4107
1 51 1285
1 52 6108
1 54 3781
1 56 2236
1 57 981
1 58 8033
1 59 8988
1 61 1249
1 64 582
1 68 7158
1 69 6513
1 70 7469
1 72 3859
1 74 4000
1 75 6845
1 76 7726
1 78 8900
1 79 3870
1 81 4542
1 82 5484
1 89 564
1 93 2614
1 95 8812
2 4 3080
2 5 8835
2 6 1383
2 8 5474
2 9 5435
2 10 1128
2 12 7746
2 14 3007
2 17 7146
2 18 6193
2 20 1057
2 26 2493
2 27 5590
2 30 9203
2 33 1716
2 36 6676
2 38 7244
2 40 5261
2 41 5554
2 43 7958
2 44 5005
2 46 8986
2 47 9839
2 48 840
2 49 7070
2 51 39
2 52 255
2 53 2212
2 54 8195
2 59 627
2 61 8209
2 62 5056
2 63 7540
2 67 8698
2 68 3944
2 69 1279
2 70 9520
2 73 9842
2 74 243
2 76 2453
2 77 4181
2 81 7350
2 82 7812
2 83 7938
2 86 5805
2 89 4714
2 91 549
2 92 5512
2 94 3798
3 6 7100
3 10 2776
3 11 4993
3 14 6197
3 15 8140
3 16 295
3 18 8957
3 19 1993
3 20 1015
3 21 7157
3 22 1855
3 27 5471
3 29 6400
3 32 1504
3 33 8410
3 34 6176
3 35 2814
3 36 3821
3 37 7246
3 39 831
3 43 709
3 44 3609
3 45 3799
3 46 6162
3 47 429
3 49 8422
3 51 3290
3 52 2315
3 54 350
3 56 3368
3 57 3006
3 58 9023
3 59 6530
3 60 1153
3 61 1364
3 62 7569
3 63 7167
3 65 8259
3 66 681
3 67 2284
3 68 811
3 71 8147
3 78 4605
3 80 176
3 82 2952
3 85 2641
3 92 7416
3 95 6267
4 7 8983
4 10 5611
4 11 6534
4 13 9106
4 15 3689
4 16 2572
4 17 3474
4 19 5861
4 20 8984
4 23 7639
4 24 921
4 25 7399
4 27 9419
4 28 7238
4 30 2826
4 31 7303
4 33 4357
4 34 1757
4 37 9416
4 39 9109
4 43 6424
4 45 2391
4 46 5682
4 50 8858
4 54 2286
4 57 1439
4 58 2834
4 60 6644
4 61 4082
4 65 8145
4 68 2630
4 69 8153
4 70 4264
4 73 5667
4 76 4372
4 84 1328
4 85 5408
4 86 2691
4 87 3940
4 88 465
4 92 462
4 93 8959
4 94 7373
4 95 576
5 7 500
5 9 9376
5 10 419
5 11 9513
5 13 985
5 15 5626
5 17 4623
5 18 3783
5 19 7525
5 20 876
5 21 3685
5 22 2818
5 23 1175
5 24 9129
5 25 8261
5 27 6336
5 28 1309
5 30 7973
5 32 2750
5 33 2867
5 39 9668
5 45 7766
5 46 3237
5 49 8715
5 54 266
5 55 2141
5 56 217
5 57 7671
5 59 8114
5 60 5049
5 61 2879
5 65 4986
5 68 1917
5 69 5734
5 79 1034
5 81 3505
5 84 9764
5 85 1742
5 86 8831
5 88 987
5 89 1581
5 90 8019
5 94 6192
5 95 9505
6 8 9500
6 9 4877
6 12 5206
6 16 8546
6 18 2112
6 19 9229
6 20 2265
6 22 7495
6 24 7282
6 25 6409
6 28 3046
6 30 8862
6 31 3695
6 32 8640
6 34 3074
6 35 5812
6 36 8605
6 37 5070
6 38 8504
6 41 4321
6 44 6032
6 46 4439
6 48 1950
6 49 2467
6 50 4854
6 53 3981
6 54 744
6 58 8348
6 61 6628
6 64 6726
6 67 5974
6 70 5517
6 71 2084
6 72 5695
6 73 9892
6 75 7845
6 77 8848
6 78 2382
6 81 2419
6 85 3915
6 88 6590
6 90 633
6 91 7007
6 92 2860
6 93 8216
6 95 1414
7 10 436
7 15 1909
7 19 6564
7 20 5251
7 21 4887
7 23 1449
7 27 3683
7 28 9760
7 41 2865
7 42 8063
7 53 8051
7 54 8381
7 56 3628
7 57 770
7 58 7679
7 65 8946
7 69 8194
7 74 5007
7 76 1953
7 81 4144
7 83 6140
7 84 1621
7 87 7748
7 88 4421
7 89 8103
7 90 9300
7 91 4776
7 92 8538
7 93 8896
7 94 7628
8 15 2466
8 17 6429
8 19 7088
8 20 2792
8 21 1101
8 22 5311
8 24 5575
8 26 1174
8 29 697
8 30 4090
8 31 1753
8 33 4078
8 35 3712
8 36 3610
8 40 3978
8 42 1294
8 43 1091
8 45 3137
8 49 1612
8 51 8379
8 54 3766
8 57 585
8 58 8496
8 59 4657
8 60 362
8 62 8073
8 63 7959
8 65 2736
8 67 1330
8 68 3189
8 69 947
8 70 4662
8 71 4495
8 74 9912
8 77 9694
8 80 8787
8 85 9607
8 87 8160
8 90 2104
8 91 5262
8 92 4113
8 93 4182
8 95 8251
9 10 611
9 12 2775
9 13 5559
9 14 9807
9 15 7893
9 16 9440
9 17 4263
9 19 6563
9 23 7521
9 27 8134
9 28 4688
9 31 4415
9 33 1380
9 40 2451
9 43 8942
9 44 349
9 45 4343
9 46 3746
9 49 1777
9 51 4289
9 52 946
9 56 8300
9 57 7894
9 58 7672
9 60 7609
9 61 2148
9 62 84
9 65 3091
9 67 5190
9 73 3807
9 75 6081
9 76 9680
9 77 8746
9 79 9302
9 82 4765
9 85 7063
9 88 7073
9 93 382
9 94 5016
9 95 7385
10 11 4722
10 14 7694
10 15 672
10 16 6261
10 17 4399
10 18 3935
10 20 45
10 21 3207
10 22 3081
10 25 2320
10 26 8502
10 30 2645
10 33 1063
10 35 1028
10 36 7527
10 37 5627
10 38 1517
10 39 7362
10 40 6748
10 44 1437
10 45 7488
10 46 1962
10 48 9891
10 49 9266
10 50 2747
10 58 6879
10 60 3868
10 61 4966
10 62 5957
10 64 7767
10 67 5970
10 69 3020
10 71 302
10 72 7490
10 74 4004
10 77 3196
10 79 8736
10 82 5215
10 85 2012
10 89 7417
10 90 8354
10 91 6006
10 92 7358
10 93 1031
10 94 8750
10 95 8629
11 17 3902
11 18 4862
11 20 5304
11 23 9855
11 25 9955
11 26 5281
11 28 8246
11 29 4444
11 30 7379
11 32 2853
11 35 1920
11 37 9701
11 39 4451
11 41 6157
11 42 6051
11 43 934
11 45 6504
11 47 3631
11 50 9874
11 51 6815
11 52 1013
11 55 7862
11 56 1320
11 57 5615
11 60 1592
11 61 6658
11 62 9281
11 65 2548
11 69 999
11 70 7043
11 72 9018
11 74 9219
11 75 4077
11 76 9510
11 78 2561
11 79 4678
11 80 1529
11 81 1162
11 82 5751
11 83 2914
11 84 673
11 88 1536
11 89 8175
11 91 3245
11 95 3908
12 17 8741
12 20 2608
12 21 7999
12 23 827
12 29 1861
12 31 147
12 33 7391
12 35 501
12 36 914
12 40 8675
12 43 2434
12 44 3289
12 48 2669
12 49 974
12 51 5531
12 52 9595
12 55 4267
12 57 8436
12 59 458
12 60 5545
12 61 3971
12 62 8547
12 64 9235
12 65 7072
12 67 6617
12 70 1769
12 72 2760
12 75 9325
12 76 7562
12 77 5962
12 82 2153
12 83 8765
12 84 6273
12 87 8437
12 89 1186
12 90 50
13 15 9382
13 16 2369
13 17 7094
13 18 8464
13 19 5210
13 23 2748
13 24 5401
13 25 8609
13 27 6057
13 34 5213
13 38 5706
13 39 6447
13 42 496
13 45 9827
13 47 8998
13 48 3788
13 49 2071
13 50 3697
13 52 1929
13 53 1741
13 54 3675
13 57 8523
13 59 443
13 62 4160
13 63 6987
13 67 2478
13 68 1912
13 69 666
13 77 4020
13 79 698
13 80 3544
13 83 6408
13 86 2049
13 87 6292
13 90 1467
13 93 9724
13 95 7464
14 15 7272
14 17 685
14 19 9490
14 20 3668
14 21 9811
14 22 6041
14 24 4908
14 27 6718
14 29 5564
14 30 9972
14 31 2336
14 32 9569
14 33 5006
14 34 6496
14 36 1184
14 37 6729
14 38 3860
14 39 8309
14 41 1684
14 44 6058
14 45 8198
14 47 3048
14 52 9799
14 54 5520
14 55 7085
14 56 4342
14 66 1044
14 67 1406
14 68 2066
14 70 9231
14 72 4066
14 75 401
14 76 560
14 77 3663
14 82 4275
14 83 9311
14 84 7346
14 85 8095
14 87 982
14 89 6717
14 90 9170
14 92 9261
14 93 8390
14 95 1564
15 21 730
15 22 4325
15 24 1810
15 25 5975
15 26 8895
15 28 1534
15 29 6425
15 30 2426
15 31 9683
15 35 1108
15 36 6816
15 40 5147
15 42 4670
15 43 2857
15 45 6451
15 48 5274
15 49 5529
15 50 4704
15 51 1250
15 55 9974
15 57 4062
15 58 6670
15 62 9948
15 63 8529
15 64 8239
15 65 6922
15 67 6708
15 68 4220
15 71 1211
15 76 998
15 78 440
15 84 5461
15 85 5510
15 87 9120
15 90 6772
15 93 9188
15 94 3789
16 19 1893
16 21 5849
16 22 6402
16 23 971
16 24 126
16 28 803
16 29 7270
16 30 9097
16 31 622
16 32 3226
16 33 9320
16 34 4236
16 35 1238
16 36 4707
16 38 3301
16 39 9872
16 41 1421
16 42 3496
16 44 4248
16 47 4432
16 49 3372
16 50 4886
16 53 6893
16 54 7795
16 56 1556
16 62 6078
16 63 5406
16 64 9861
16 67 6743
16 68 4164
16 71 1554
16 72 630
16 73 4253
16 74 8071
16 79 9495
16 80 3970
16 83 3286
16 86 265
16 89 2408
16 91 9315
16 94 4338
17 18 4225
17 19 7920
17 22 7233
17 23 9101
17 24 8405
17 26 8311
17 29 6453
17 31 2373
17 32 2904
17 37 2556
17 38 3436
17 42 8767
17 43 4455
17 47 1140
17 49 8773
17 50 8413
17 53 5097
17 56 8018
17 59 6335
17 60 3387
17 61 563
17 63 1987
17 66 2440
17 70 4820
17 72 2490
17 73 9900
17 74 6139
17 75 4638
17 78 2314
17 79 2650
17 83 5053
17 85 4672
17 87 9719
17 88 5921
17 89 2155
17 92 6097
17 94 8747
17 95 6862
18 19 7230
18 20 8105
18 21 5496
18 23 5389
18 28 9800
18 29 4612
18 30 2372
18 34 6535
18 35 4162
18 36 8080
18 38 5712
18 39 1358
18 40 267
18 45 8213
18 48 8521
18 49 8612
18 50 1710
18 51 7921
18 57 8243
18 62 7444
18 63 4053
18 64 1314
18 65 5613
18 66 3581
18 67 7192
18 69 5851
18 71 6517
18 72 6543
18 73 9837
18 74 6711
18 75 178
18 76 9961
18 77 5349
18 78 5475
18 80 3005
18 81 965
18 82 8218
18 84 6706
18 85 5303
18 86 4178
18 91 5132
18 93 515
18 94 3147
19 21 5430
19 22 9232
19 25 6825
19 26 8446
19 27 7601
19 28 5025
19 29 51
19 31 9898
19 32 8863
19 33 5978
19 36 7826
19 38 2477
19 39 7310
19 40 5622
19 42 228
19 43 2937
19 46 3472
19 47 5639
19 48 5947
19 50 4242
19 53 9712
19 54 7632
19 55 6156
19 56 4631
19 57 5797
19 58 9355
19 59 3519
19 61 8752
19 66 7935
19 72 3024
19 73 7706
19 74 3468
19 76 5129
19 77 8859
19 79 4598
19 80 7306
19 81 7882
19 84 3638
19 86 9478
19 87 4070
19 88 2331
19 90 2822
19 95 2945
20 23 3191
20 24 569
20 25 5305
20 26 4958
20 31 2801
20 32 5439
20 34 1351
20 37 1978
20 38 9667
20 41 1425
20 42 8661
20 44 9815
20 45 3084
20 46 6190
20 47 7079
20 48 4218
20 49 7616
20 51 2688
20 52 2658
20 53 5054
20 55 3135
20 56 2574
20 57 5831
20 58 7337
20 61 4270
20 62 156
20 65 8833
20 67 5109
20 70 4229
20 72 8415
20 73 924
20 74 9270
20 76 1552
20 78 4934
20 81 1599
20 82 2942
20 83 2765
20 87 2781
20 88 7299
20 91 1394
21 22 3790
21 23 8875
21 25 6884
21 33 1813
21 36 6544
21 39 1269
21 40 11
21 42 9215
21 44 9474
21 49 2081
21 50 707
21 51 8734
21 52 4069
21 54 7456
21 57 5672
21 58 9931
21 59 9722
21 61 3750
21 63 7493
21 68 4429
21 69 2901
21 70 8420
21 71 9226
21 72 2581
21 75 9983
21 77 5779
21 78 3095
21 81 7122
21 83 836
21 85 723
21 87 2070
21 89 7049
21 90 5976
21 92 7312
21 94 2010
21 95 7541
22 23 1921
22 25 4117
22 26 9976
22 27 7926
22 29 9048
22 31 70
22 33 4893
22 36 6028
22 37 595
22 38 9810
22 39 6373
22 40 3438
22 42 1079
22 43 3418
22 45 5179
22 46 12
22 48 2934
22 51 8603
22 52 6223
22 53 8136
22 54 3143
22 56 1668
22 57 56
22 60 8501
22 61 3667
22 62 4319
22 63 2041
22 67 7785
22 68 9528
22 71 7811
22 75 7668
22 77 3538
22 79 859
22 80 4207
22 81 17
22 82 4790
22 83 6974
22 84 3417
22 90 9276
22 91 1851
22 92 8754
22 93 2651
22 94 3871
23 26 1043
23 28 327
23 32 8716
23 33 7437
23 36 4239
23 37 80
23 40 8171
23 41 4044
23 42 1611
23 44 756
23 45 8163
23 46 7887
23 47 5302
23 48 3677
23 49 1224
23 50 2515
23 51 2187
23 52 9843
23 54 8083
23 55 9916
23 56 5925
23 57 8601
23 58 8200
23 60 2902
23 61 2912
23 63 8275
23 66 4965
23 67 6442
23 70 9174
23 71 1220
23 72 9177
23 73 365
23 74 6878
23 75 9563
23 77 6521
23 79 14
23 81 1465
23 82 8936
23 86 4894
23 87 4103
23 91 8265
23 92 9515
23 93 4016
23 94 5649
23 95 7529
24 26 2321
24 28 6281
24 30 9841
24 31 6868
24 32 2564
24 33 8569
24 35 7669
24 36 3129
24 37 8486
24 38 9251
24 41 1588
24 48 5939
24 52 9870
24 54 823
24 55 2689
24 57 9558
24 61 8497
24 64 7474
24 68 9984
24 70 9996
24 71 1119
24 72 5413
24 73 9126
24 74 1139
24 80 5935
24 81 6557
24 84 6191
24 85 8656
24 86 256
24 89 104
24 90 8714
24 92 6072
24 93 2308
24 95 4899
25 28 6648
25 29 7455
25 31 7016
25 32 8427
25 33 4092
25 35 8737
25 37 2401
25 45 2537
25 47 7678
25 49 7624
25 50 1686
25 52 7717
25 54 2365
25 56 3244
25 57 9390
25 58 818
25 61 3660
25 64 247
25 68 8235
25 71 5125
25 72 721
25 75 4633
25 77 5514
25 78 8255
25 79 2805
25 81 2015
25 85 7285
25 88 6571
25 92 3012
25 94 7075
26 27 6100
26 31 2214
26 33 1382
26 35 3350
26 36 2293
26 43 1217
26 45 6553
26 47 9514
26 48 4177
26 52 2946
26 53 3127
26 55 1989
26 57 5400
26 62 7839
26 63 5453
26 64 7153
26 72 2310
26 74 613
26 76 2360
26 78 746
26 81 8557
26 83 4963
26 84 4261
26 86 3153
26 87 1115
26 89 2037
26 90 3086
26 92 7263
26 94 1077
26 95 2050
27 28 7697
27 31 3593
27 40 6924
27 41 3864
27 43 1193
27 45 424
27 46 1835
27 47 2120
27 49 386
27 52 7239
27 57 8203
27 61 9404
27 62 4210
27 63 9121
27 64 4521
27 67 7827
27 71 8
27 72 4380
27 73 769
27 74 8113
27 75 1135
27 76 5875
27 77 3808
27 79 695
27 82 321
27 83 8595
27 84 7497
27 87 8287
27 88 5538
27 91 7500
27 93 761
28 29 5244
28 30 1407
28 31 2190
28 36 8151
28 37 5185
28 40 715
28 41 8525
28 43 6251
28 47 2347
28 49 9784
28 50 3248
28 52 9833
28 53 5911
28 54 374
28 55 2906
28 57 8541
28 61 7633
28 63 6784
28 67 7705
28 68 6914
28 69 8599
28 73 7300
28 74 4606
28 75 5450
28 76 1904
28 78 8283
28 80 8825
28 81 9317
28 84 5756
28 85 3306
28 86 3030
28 90 2920
28 92 5382
28 93 7047
28 94 6199
29 30 6284
29 32 2915
29 33 6182
29 35 5498
29 41 9732
29 46 905
29 47 4912
29 50 948
29 52 3849
29 53 6789
29 54 2184
29 56 5648
29 59 7696
29 60 3705
29 61 1499
29 63 3160
29 64 2661
29 66 2339
29 67 2005
29 68 4715
29 71 4941
29 72 9786
29 73 8840
29 74 6474
29 75 220
29 77 4116
29 79 8677
29 82 9307
29 84 1283
29 86 6476
29 87 5291
29 89 490
29 92 3168
29 95 1027
30 35 3
30 36 6800
30 37 8860
30 39 4318
30 40 6796
30 42 3620
30 43 5356
30 46 4354
30 47 1789
30 51 7092
30 53 8823
30 59 3300
30 60 5198
30 61 5503
30 62 7418
30 64 3234
30 65 9543
30 66 311
30 68 3053
30 70 5057
30 72 1274
30 73 2231
30 74 4930
30 76 5633
30 77 1853
30 78 3484
30 80 3464
30 82 9638
30 85 6485
30 86 1391
30 89 4213
30 90 4281
30 91 5933
30 92 1476
30 95 8178
31 36 1401
31 39 5373
31 40 4212
31 42 3518
31 44 9698
31 45 1431
31 47 4333
31 50 4964
31 51 3916
31 57 1295
31 63 1562
31 64 9780
31 67 7997
31 69 1235
31 70 9425
31 71 9906
31 74 8928
31 77 6220
31 79 446
31 80 8490
31 81 8861
31 83 4088
31 84 2632
31 90 2497
31 91 7857
31 92 1650
31 93 6021
31 94 6785
31 95 1510
32 33 90
32 35 1740
32 36 1525
32 40 8220
32 41 8578
32 42 9997
32 45 4437
32 47 3527
32 49 8327
32 52 1006
32 53 5602
32 54 8563
32 56 4330
32 57 737
32 58 2996
32 61 7703
32 62 5749
32 66 8292
32 67 7112
32 68 8992
32 70 4313
32 71 6666
32 72 4317
32 73 1072
32 74 4005
32 76 7010
32 78 4454
32 84 913
32 85 4692
32 86 5581
32 88 8844
32 89 3443
32 90 9314
32 93 7406
33 35 3767
33 38 193
33 40 8951
33 45 3510
33 46 7855
33 49 4697
33 51 3755
33 52 5398
33 53 7078
33 54 8943
33 57 6727
33 58 1345
33 60 7931
33 64 5088
33 66 7650
33 67 4166
33 69 5277
33 70 6101
33 76 9744
33 77 9928
33 78 9042
33 79 4761
33 80 224
33 82 7277
33 86 1620
33 87 9111
33 88 2938
33 89 5923
33 90 8006
33 91 1800
33 92 7689
34 36 8738
34 37 3017
34 40 486
34 41 7008
34 42 5714
34 45 8189
34 46 1934
34 50 8264
34 51 7139
34 53 8448
34 55 139
34 56 7591
34 62 3112
34 63 526
34 66 6588
34 68 9164
34 69 4833
34 70 8671
34 71 8387
34 72 833
34 77 6609
34 80 5240
34 81 4696
34 82 4038
34 83 9037
34 87 6579
34 88 1924
34 89 6332
34 92 979
34 93 9890
34 95 8954
35 37 9585
35 39 2301
35 40 3068
35 41 2003
35 47 4607
35 49 7201
35 54 7595
35 59 4585
35 60 8947
35 61 1762
35 62 7683
35 67 7351
35 70 9830
35 71 8286
35 73 7081
35 76 4706
35 81 300
35 83 1696
35 85 6469
35 86 7824
35 90 8923
35 95 3341
36 37 8494
36 38 9888
36 39 8100
36 40 8110
36 42 4729
36 43 5537
36 44 2861
36 45 7404
36 48 6378
36 49 1614
36 51 6449
36 52 2082
36 55 2967
36 58 3841
36 61 3455
36 65 2812
36 67 262
36 68 4634
36 70 3413
36 73 546
36 75 9875
36 83 7889
36 84 4109
36 88 7354
36 89 2899
36 90 577
36 92 9346
36 94 9061
37 38 7784
37 40 2719
37 41 7196
37 42 4158
37 44 5180
37 46 7597
37 52 9501
37 53 7762
37 54 7466
37 55 8882
37 58 9386
37 59 7652
37 60 5596
37 61 5944
37 63 2624
37 64 8801
37 67 6561
37 68 7984
37 69 5553
37 70 8925
37 74 2083
37 76 5492
37 77 6638
37 78 1473
37 80 8346
37 81 2601
37 83 9105
37 84 2589
37 86 1619
37 87 8874
37 90 6231
37 92 7743
37 94 9981
37 95 912
38 39 6980
38 40 9130
38 43 1340
38 44 6957
38 45 3322
38 46 3653
38 47 8776
38 50 2396
38 51 3157
38 52 8299
38 53 3924
38 54 2431
38 55 9853
38 58 6077
38 59 3985
38 60 9804
38 66 1462
38 70 8520
38 73 9950
38 74 368
38 75 5271
38 76 9778
38 77 2151
38 79 2302
38 80 2376
38 81 3193
38 85 9728
38 86 2602
38 87 319
38 89 9361
38 90 5196
38 92 5940
38 93 1005
38 94 969
38 95 8295
39 40 4615
39 41 6086
39 42 7177
39 43 1187
39 45 3698
39 55 915
39 56 71
39 57 4744
39 58 1263
39 60 5737
39 61 8827
39 62 8120
39 65 2718
39 69 1281
39 70 3454
39 71 4768
39 72 2381
39 73 9925
39 74 6925
39 75 6606
39 76 8887
39 77 7776
39 83 1273
39 87 3122
39 88 5195
39 90 8834
39 91 7512
39 93 2963
40 41 760
40 45 8130
40 48 1038
40 50 8043
40 52 2817
40 57 6807
40 58 1844
40 59 1701
40 61 4777
40 62 3427
40 75 6122
40 77 8576
40 78 4830
40 81 6444
40 82 8991
40 83 1719
40 84 4809
40 85 904
40 88 8535
40 89 3994
40 91 589
40 92 7340
40 93 8385
40 94 7155
41 44 7143
41 45 4091
41 47 2997
41 48 7579
41 54 8434
41 58 7874
41 62 513
41 64 7701
41 65 2332
41 67 6298
41 68 6618
41 70 7219
41 71 3776
41 73 2753
41 75 9584
41 78 2550
41 79 3393
41 80 8458
41 81 5591
41 82 5913
41 83 7858
41 84 3195
41 86 6790
41 87 3305
41 88 3839
41 89 4250
41 91 3487
41 94 4937
41 95 5015
42 48 3782
42 49 9153
42 53 5754
42 57 7816
42 58 9246
42 62 451
42 63 8338
42 65 5556
42 66 5530
42 74 2292
42 77 790
42 80 9340
42 81 5368
42 82 8646
42 83 511
42 85 7702
42 86 507
42 88 3156
42 89 6186
42 90 7654
43 44 2712
43 45 3669
43 49 3133
43 62 8508
43 67 602
43 71 2533
43 73 7634
43 74 575
43 76 5953
43 77 2638
43 78 4913
43 81 2802
43 82 5673
43 83 4042
43 86 910
43 87 5632
43 90 4921
43 91 6873
43 93 2392
43 95 5569
44 47 928
44 49 6709
44 50 8926
44 52 4650
44 53 6902
44 55 867
44 56 7150
44 57 6462
44 58 348
44 59 4720
44 60 6689
44 62 9181
44 63 6366
44 65 683
44 68 4953
44 69 834
44 73 5912
44 77 8691
44 79 9322
44 82 5821
44 86 4247
44 87 9352
44 90 5876
44 91 2433
44 93 2829
44 94 2254
45 46 5203
45 47 4858
45 52 2021
45 54 150
45 55 3430
45 58 2109
45 60 1435
45 61 4251
45 62 2268
45 67 7055
45 68 5794
45 69 7898
45 70 9576
45 73 7787
45 74 5286
45 76 3466
45 78 3504
45 81 2512
45 82 4583
45 84 8559
45 85 9705
45 89 9717
45 93 2681
45 94 4128
45 95 4146
46 49 4473
46 50 8845
46 53 1559
46 54 775
46 57 7583
46 58 7810
46 59 4196
46 61 8359
46 63 5877
46 65 5576
46 66 4946
46 67 199
46 70 7896
46 72 3917
46 74 8519
46 75 3636
46 76 6765
46 77 3990
46 78 6853
46 81 2846
46 82 5984
46 91 2257
46 92 682
46 93 5469
46 95 9454
47 48 258
47 53 7617
47 54 2036
47 55 7953
47 56 931
47 58 3583
47 59 6038
47 63 5730
47 64 2239
47 65 4080
47 67 5882
47 69 7744
47 70 6728
47 76 3319
47 77 1492
47 78 3676
47 79 4331
47 81 5456
47 83 2011
47 86 9228
47 88 8007
47 90 7692
47 91 1104
48 49 4874
48 51 1773
48 52 2072
48 53 6164
48 55 826
48 57 4389
48 58 2230
48 59 3243
48 60 5705
48 62 604
48 64 8932
48 66 4977
48 67 610
48 69 2204
48 72 8558
48 73 8447
48 75 6255
48 76 8320
48 77 1058
48 78 8036
48 83 169
48 85 8589
48 86 2258
48 90 249
48 91 7923
48 93 3058
49 50 8631
49 54 8205
49 58 7104
49 59 8485
49 61 2213
49 63 4190
49 67 4512
49 70 922
49 71 8743
49 73 4781
49 75 3138
49 76 4812
49 77 2635
49 79 9146
49 83 8417
49 85 8020
49 86 5790
49 87 6416
49 88 7207
49 91 5072
49 92 427
49 93 7463
49 95 7698
50 51 2059
50 52 4610
50 54 3033
50 55 8582
50 56 1579
50 57 5543
50 58 1672
50 60 2346
50 61 8974
50 62 9711
50 64 7106
50 65 67
50 67 3445
50 69 1868
50 70 1292
50 74 8616
50 76 5354
50 77 753
50 78 3042
50 82 315
50 85 9161
50 86 290
50 87 8250
50 89 4511
50 91 1792
50 92 6627
50 94 7356
50 95 6762
51 53 8721
51 55 1657
51 56 8467
51 59 6173
51 61 5230
51 63 5774
51 64 1008
51 65 2333
51 67 3208
51 70 253
51 71 7278
51 72 4561
51 75 561
51 77 5463
51 78 508
51 83 1306
51 85 44
51 87 2927
51 89 4122
51 91 3597
51 92 1402
51 93 5031
51 94 8872
52 53 6576
52 54 4785
52 56 4246
52 57 6842
52 58 9907
52 61 280
52 65 5757
52 66 381
52 69 6955
52 71 8598
52 72 4048
52 73 4223
52 77 190
52 81 4571
52 82 5421
52 83 3557
52 84 5050
52 85 5182
52 86 205
52 87 3028
52 89 229
53 54 1811
53 56 269
53 58 5873
53 59 4713
53 60 510
53 61 783
53 65 9054
53 66 7274
53 69 372
53 72 185
53 74 3038
53 75 6568
53 78 4369
53 81 718
53 85 1254
53 86 9384
53 87 2973
53 89 4664
53 92 9523
53 94 7962
54 55 1368
54 56 449
54 57 5579
54 58 9469
54 61 1035
54 65 8123
54 67 8186
54 70 6797
54 71 9154
54 77 7917
54 83 5033
54 84 2585
54 86 3253
54 87 7396
54 90 3707
54 91 4075
54 92 6779
54 93 1617
55 56 2276
55 57 835
55 58 7481
55 59 6817
55 60 4140
55 61 5111
55 64 1353
55 65 3590
55 67 9421
55 68 2931
55 69 6405
55 75 5887
55 78 5172
55 82 1654
55 87 5343
55 88 8673
55 89 4555
55 92 8395
55 93 2539
55 95 2916
56 57 3051
56 59 8416
56 60 4072
56 61 5549
56 65 2652
56 66 2672
56 68 5205
56 69 1522
56 71 7968
56 73 3227
56 77 3085
56 78 1927
56 80 992
56 81 3236
56 83 4320
56 90 820
56 91 4760
56 92 8336
56 94 3150
56 95 9192
57 58 5728
57 60 1596
57 61 810
57 62 8237
57 65 3361
57 68 245
57 69 544
57 70 9418
57 73 6927
57 75 4300
57 76 1527
57 79 9731
57 82 8562
57 83 8017
57 88 964
57 89 8883
57 90 9867
57 91 4403
57 92 5881
57 93 6936
57 94 6602
58 59 4593
58 60 3848
58 61 8333
58 63 6560
58 64 2827
58 65 5808
58 66 6056
58 68 5283
58 70 3354
58 71 6539
58 73 4837
58 74 3794
58 76 4287
58 80 2974
58 82 2324
58 83 5324
58 85 9017
58 90 1338
58 93 1137
58 95 9299
59 62 1829
59 65 918
59 66 600
59 67 2918
59 68 5290
59 69 6419
59 70 5938
59 74 4509
59 75 7012
59 83 2327
59 87 5837
59 88 1422
59 89 6700
59 92 9341
59 93 9301
60 62 2649
60 63 5399
60 65 3148
60 66 9951
60 67 453
60 72 9494
60 76 5042
60 77 1223
60 78 5811
60 79 1803
60 80 7102
60 81 4067
60 83 9036
60 87 6967
60 92 9143
60 93 1500
60 94 5284
60 95 2833
61 62 4762
61 63 957
61 64 4172
61 66 4834
61 67 1781
61 68 7450
61 69 4878
61 71 870
61 73 9693
61 76 7886
61 77 8407
61 78 619
61 79 1694
61 80 5895
61 82 8785
61 83 8052
61 84 3825
61 88 3869
61 89 8573
61 94 7186
61 95 9929
62 63 3221
62 65 7242
62 73 3569
62 77 393
62 78 2462
62 79 9653
62 80 8941
62 81 110
62 82 4336
62 83 46
62 84 8084
62 88 2362
62 90 8966
62 91 2950
62 92 4018
62 93 3775
62 94 7871
62 95 5032
63 66 1697
63 67 7823
63 69 8463
63 71 2412
63 73 4493
63 74 3096
63 78 7974
63 82 8917
63 83 4209
63 87 2402
63 88 5375
63 89 2342
63 91 8382
63 92 3872
63 94 8347
64 66 7948
64 67 6624
64 68 9095
64 69 3567
64 70 7001
64 74 3210
64 76 3125
64 77 843
64 80 340
64 83 9318
64 88 2754
64 92 8537
65 67 8526
65 68 9443
65 69 2958
65 72 3335
65 74 2312
65 75 6964
65 77 7553
65 80 801
65 81 626
65 82 8644
65 85 2954
65 86 3956
65 87 483
65 88 7503
65 90 5786
65 93 1190
65 94 8214
65 95 8495
66 67 4485
66 69 4557
66 70 5650
66 71 3616
66 72 8826
66 73 6377
66 74 6864
66 78 3111
66 81 2025
66 82 6514
66 83 6552
66 85 3421
66 86 550
66 87 7069
66 91 9856
66 93 1413
66 94 4602
66 95 8627
67 69 2768
67 70 1177
67 71 5106
67 72 8026
67 73 3353
67 74 471
67 78 9458
67 79 3031
67 80 6137
67 81 4315
67 84 1733
67 88 6525
67 90 3564
67 93 819
68 70 5273
68 71 1574
68 72 5346
68 74 3795
68 76 1433
68 77 6165
68 82 7260
68 84 7730
68 86 6686
69 70 2522
69 71 4184
69 72 8615
69 74 568
69 78 5385
69 82 1218
69 83 5333
69 84 2656
69 85 9886
69 89 2595
69 90 2325
69 92 528
69 94 5800
69 95 1056
70 72 4923
70 77 4962
70 78 4121
70 81 6990
70 82 4824
70 83 2008
70 85 711
70 88 5653
70 89 7257
70 92 4608
70 93 6996
71 72 1843
71 74 8818
71 77 8093
71 79 3503
71 81 3607
71 82 3891
71 89 9844
71 91 2693
71 93 4297
71 94 3344
72 73 9430
72 74 3847
72 75 2387
72 78 93
72 82 5760
72 84 3757
72 85 1036
72 87 3785
72 88 2463
72 92 7424
73 74 7442
73 75 7588
73 77 917
73 79 8396
73 86 8975
73 87 2166
73 89 7251
73 90 7712
73 92 1664
73 93 7653
73 95 6302
74 75 2734
74 76 9594
74 77 1085
74 78 3830
74 79 8122
74 81 3219
74 84 925
74 87 7636
74 88 5891
74 91 1282
74 92 8350
74 94 2110
74 95 1418
75 76 779
75 77 3367
75 78 6441
75 86 1215
75 87 8628
75 89 357
75 90 4271
75 92 9255
75 93 5802
75 94 9710
76 77 7486
76 82 6549
76 86 3716
76 87 2135
76 89 8658
76 91 4925
76 92 3596
76 93 5231
76 94 4737
76 95 4816
77 78 4517
77 81 5077
77 82 4379
77 83 8729
77 84 3896
77 85 4120
77 87 8659
77 92 5740
77 93 9432
77 95 5479
78 79 9260
78 85 9287
78 86 4366
78 87 2298
78 88 4234
78 89 9629
78 90 2313
78 92 3120
79 80 2864
79 81 691
79 82 7376
79 84 7076
79 86 4990
79 87 8065
79 88 9309
79 89 8674
79 90 2338
79 91 6865
79 94 789
79 95 9627
80 84 4676
80 85 6198
80 86 5686
80 87 9055
80 88 6085
80 92 8687
80 94 7120
80 95 7975
81 82 8870
81 85 2139
81 86 2476
81 88 3349
81 90 3608
81 93 9176
82 83 1833
82 86 8706
82 89 8262
83 86 6234
83 87 1622
83 88 3954
83 91 911
83 92 8031
83 93 3703
83 95 4586
84 87 5208
84 90 1003
84 93 5815
84 94 8678
84 95 6859
85 86 6715
85 88 6167
85 89 9791
85 90 1420
85 93 3215
85 94 5422
85 95 4327
86 87 3108
86 89 3414
86 90 1653
86 93 8740
86 94 2542
86 95 182
87 88 4256
87 91 4161
87 93 8489
87 94 4643
88 89 4272
88 90 7339
88 91 5628
89 90 2738
89 91 4822
89 92 631
89 93 2348
89 94 9410
90 95 3052
91 92 2869
91 93 1722
92 93 153
92 95 2235
93 94 5087
94 95 6091
