47 541
0 2 6
0 3 2
0 4 5
0 5 8
0 7 6
0 11 4
0 17 5
0 18 1
0 19 10
0 20 7
0 22 1
0 27 1
0 30 3
0 36 5
0 46 4
1 4 8
1 7 9
1 8 9
1 9 8
1 14 4
1 15 5
1 17 8
1 18 9
1 23 4
1 29 7
1 31 10
1 34 6
1 35 2
1 38 5
1 39 9
1 43 7
2 5 3
2 6 2
2 8 9
2 10 4
2 11 6
2 12 6
2 15 5
2 16 1
2 19 8
2 21 6
2 22 4
2 29 10
2 30 2
2 31 2
2 34 3
2 35 7
2 40 6
2 41 8
2 44 6
2 45 3
3 5 3
3 7 4
3 8 8
3 9 3
3 10 5
3 13 5
3 17 8
3 20 9
3 23 2
3 24 8
3 26 6
3 31 8
3 32 9
3 33 2
3 34 8
3 35 10
3 36 1
3 37 1
3 38 4
3 40 5
3 42 7
3 44 10
3 45 9
3 46 1
4 5 4
4 6 4
4 7 8
4 8 4
4 10 2
4 12 3
4 15 5
4 19 2
4 20 6
4 21 1
4 22 5
4 24 3
4 25 8
4 26 10
4 27 8
4 28 2
4 30 1
4 31 1
4 33 7
4 34 6
4 35 7
4 36 4
4 40 2
4 42 8
4 43 2
4 44 8
4 45 2
5 8 1
5 9 2
5 10 9
5 11 2
5 13 8
5 14 1
5 16 8
5 19 7
5 22 5
5 24 6
5 28 10
5 30 4
5 31 6
5 33 2
5 37 3
5 39 10
5 40 8
5 42 10
5 43 8
5 45 2
5 46 5
6 7 4
6 8 2
6 9 2
6 12 2
6 14 3
6 15 3
6 16 9
6 17 4
6 18 6
6 20 9
6 23 8
6 26 2
6 28 5
6 29 7
6 30 10
6 33 5
6 36 10
6 37 6
6 40 7
6 41 4
6 45 10
7 11 8
7 12 8
7 13 3
7 14 9
7 15 9
7 17 6
7 18 6
7 22 8
7 25 6
7 26 2
7 29 6
7 31 10
7 33 6
7 37 7
7 39 6
7 42 6
7 43 10
7 44 2
7 45 4
7 46 2
8 9 9
8 10 2
8 11 3
8 18 9
8 22 2
8 24 4
8 27 3
8 28 1
8 31 2
8 32 9
8 34 10
8 35 4
8 36 4
8 37 4
8 38 8
8 40 6
8 44 5
8 46 4
9 13 10
9 16 5
9 17 8
9 19 9
9 21 7
9 23 5
9 24 8
9 26 8
9 27 3
9 28 1
9 29 4
9 30 4
9 32 3
9 33 3
9 34 3
9 37 10
9 39 3
9 41 10
10 14 9
10 16 10
10 17 10
10 18 8
10 19 3
10 22 9
10 26 5
10 27 1
10 33 7
10 35 1
10 36 10
10 40 10
10 41 7
10 43 5
10 44 4
10 45 4
10 46 4
11 12 7
11 15 2
11 16 1
11 17 10
11 18 2
11 22 10
11 23 3
11 30 9
11 31 7
11 32 3
11 33 6
11 34 9
11 35 9
11 36 1
11 38 2
11 39 7
11 41 7
11 42 3
11 43 3
11 46 4
12 14 2
12 15 1
12 16 4
12 17 2
12 18 9
12 22 3
12 23 2
12 26 7
12 27 9
12 28 3
12 31 7
12 33 8
12 34 7
12 36 7
12 37 7
12 38 1
12 39 3
12 40 7
12 44 3
13 18 8
13 19 7
13 20 2
13 22 3
13 23 10
13 29 9
13 30 4
13 33 5
13 35 9
13 36 9
13 37 10
13 38 8
13 39 1
13 41 7
13 46 9
14 16 2
14 18 4
14 19 3
14 20 1
14 21 10
14 23 8
14 24 2
14 28 1
14 31 5
14 33 6
14 35 1
14 39 5
14 40 9
14 42 9
14 43 9
14 44 1
14 45 2
14 46 6
15 16 6
15 17 10
15 21 5
15 23 2
15 24 5
15 28 1
15 30 3
15 31 4
15 33 4
15 34 1
15 35 2
15 36 4
15 38 5
15 39 2
15 41 1
15 43 1
15 44 8
15 45 9
15 46 5
16 17 2
16 18 2
16 19 2
16 20 8
16 21 5
16 22 3
16 24 10
16 26 9
16 30 10
16 31 4
16 32 2
16 33 7
16 36 1
16 37 10
16 40 1
16 42 5
16 44 1
16 46 9
17 20 9
17 21 7
17 22 3
17 23 10
17 25 2
17 26 7
17 27 4
17 30 2
17 31 6
17 33 9
17 39 5
17 40 3
17 41 1
17 43 7
17 44 9
17 45 2
17 46 6
18 19 2
18 21 5
18 30 8
18 32 4
18 34 10
18 35 6
18 38 8
18 40 10
18 42 7
18 46 7
19 20 3
19 21 4
19 22 3
19 23 10
19 24 1
19 25 3
19 26 6
19 27 5
19 30 10
19 33 8
19 34 4
19 38 8
19 40 8
19 41 1
19 44 7
19 45 4
19 46 5
20 25 8
20 26 6
20 30 6
20 32 1
20 34 10
20 36 10
20 37 6
20 38 1
20 40 8
20 41 6
20 43 5
20 45 6
21 22 10
21 24 1
21 25 9
21 28 10
21 31 8
21 32 10
21 33 4
21 36 7
21 42 10
21 45 2
22 23 9
22 25 4
22 26 5
22 27 5
22 28 1
22 33 7
22 34 6
22 36 4
22 37 3
22 39 9
22 40 8
22 41 7
22 43 2
22 44 10
22 46 4
23 24 4
23 25 3
23 27 10
23 28 9
23 29 3
23 34 7
23 36 5
23 37 4
23 38 9
23 40 10
23 41 4
24 29 10
24 33 8
24 34 6
24 37 8
24 38 8
24 40 3
24 41 8
24 44 8
24 45 5
25 26 8
25 27 1
25 30 1
25 31 5
25 32 1
25 35 8
25 37 3
25 39 8
25 40 2
25 41 2
25 43 9
26 27 10
26 30 7
26 31 6
26 33 9
26 35 10
26 36 2
26 41 3
26 42 2
27 29 3
27 33 3
27 34 9
27 37 2
27 40 8
27 41 2
27 42 10
27 44 9
28 29 8
28 31 7
28 32 5
28 33 6
28 35 9
28 36 2
28 37 2
28 38 5
28 39 5
28 41 6
28 42 7
28 43 1
28 46 8
29 30 4
29 31 1
29 33 5
29 36 3
29 37 2
29 40 5
29 41 3
29 45 3
30 32 2
30 33 8
30 35 6
30 36 6
30 37 2
30 38 4
30 39 1
30 40 6
30 41 9
30 43 5
30 44 9
31 38 7
31 40 4
31 42 5
32 33 7
32 34 1
32 35 10
32 40 1
32 41 10
32 43 3
33 34 5
33 40 6
33 41 6
33 42 9
33 44 5
33 45 1
34 36 5
34 38 9
34 44 10
34 45 3
35 36 10
35 38 10
35 40 6
35 42 10
35 43 2
35 44 4
35 45 1
36 38 9
36 39 4
36 40 5
36 43 7
36 44 1
36 45 1
36 46 10
37 38 2
37 40 1
37 44 7
37 46 4
38 39 7
38 40 9
38 42 2
38 43 5
38 45 9
39 43 10
39 44 6
39 45 4
39 46 10
40 41 5
40 43 9
41 43 4
41 44 8
42 43 6
42 44 3
42 46 2
43 44 2
44 45 2
