0 3 6
0 6 7
0 10 9
0 12 2
0 13 3
0 15 10
0 18 2
0 19 6
0 20 2
0 21 4
0 22 4
0 23 9
0 24 1
0 25 6
0 27 3
0 28 4
0 29 1
0 34 9
0 37 6
0 38 10
0 40 10
0 41 3
0 43 2
0 45 2
0 46 5
0 48 3
0 50 4
0 51 6
0 52 6
0 53 8
0 54 10
0 55 9
0 57 5
0 58 7
0 59 4
0 60 1
0 61 6
0 64 1
1 2 5
1 7 8
1 8 4
1 10 4
1 11 9
1 12 2
1 16 8
1 18 9
1 19 2
1 22 10
1 23 7
1 33 8
1 36 9
1 37 6
1 40 1
1 42 7
1 44 5
1 47 5
1 48 9
1 49 9
1 51 4
1 53 5
1 58 6
1 61 6
1 63 10
2 3 3
2 8 6
2 11 10
2 16 4
2 19 10
2 20 4
2 21 8
2 22 2
2 24 4
2 25 2
2 27 6
2 29 10
2 31 7
2 32 9
2 33 8
2 35 1
2 36 8
2 38 8
2 40 7
2 41 5
2 42 10
2 44 5
2 46 3
2 50 1
2 51 1
2 52 2
2 53 4
2 54 8
2 56 3
2 57 2
2 60 10
2 61 2
2 63 10
2 64 5
3 5 4
3 10 5
3 11 2
3 13 2
3 16 2
3 18 2
3 21 5
3 24 4
3 25 6
3 34 2
3 36 10
3 39 5
3 44 3
3 45 3
3 47 5
3 49 9
3 56 9
3 57 5
4 7 3
4 8 10
4 9 6
4 10 6
4 12 9
4 14 9
4 15 7
4 16 8
4 18 1
4 21 10
4 23 7
4 24 1
4 27 8
4 28 2
4 29 10
4 30 9
4 32 7
4 33 10
4 34 5
4 38 10
4 40 7
4 41 5
4 44 3
4 45 1
4 46 3
4 47 5
4 50 9
4 51 2
4 52 10
4 56 7
4 57 7
4 59 4
4 61 10
4 64 10
5 10 3
5 15 7
5 16 6
5 18 5
5 19 10
5 20 1
5 23 8
5 24 1
5 27 10
5 29 6
5 30 8
5 31 4
5 37 1
5 39 2
5 40 3
5 41 2
5 42 4
5 45 8
5 48 8
5 49 2
5 50 3
5 53 3
5 57 3
5 58 3
5 60 10
5 63 9
6 7 10
6 11 5
6 18 6
6 19 3
6 20 4
6 21 7
6 24 2
6 25 5
6 26 8
6 29 1
6 34 10
6 36 3
6 37 10
6 39 3
6 41 2
6 44 5
6 45 8
6 46 4
6 50 8
6 51 3
6 53 3
6 54 9
6 60 5
6 61 7
7 9 8
7 11 1
7 12 1
7 16 1
7 18 7
7 19 5
7 22 7
7 23 5
7 24 6
7 25 3
7 26 5
7 28 7
7 31 3
7 33 6
7 36 9
7 37 2
7 38 7
7 40 8
7 42 6
7 43 10
7 44 6
7 45 5
7 47 5
7 49 6
7 50 2
7 53 7
7 54 6
7 55 5
7 58 7
8 9 7
8 10 1
8 13 7
8 15 6
8 18 5
8 20 8
8 21 4
8 22 7
8 23 3
8 24 4
8 25 10
8 27 10
8 28 7
8 29 5
8 31 5
8 32 4
8 33 5
8 34 4
8 38 6
8 40 4
8 42 5
8 44 3
8 47 2
8 50 1
8 52 8
8 54 5
8 55 2
8 56 3
8 57 4
8 58 5
8 60 5
8 61 2
8 64 6
9 10 5
9 11 5
9 16 5
9 17 7
9 19 4
9 22 5
9 24 6
9 25 9
9 28 2
9 29 8
9 32 4
9 36 4
9 38 10
9 39 8
9 41 3
9 42 5
9 46 3
9 47 6
9 52 4
9 53 10
9 61 10
9 62 3
9 64 4
10 11 10
10 13 4
10 14 6
10 18 1
10 19 4
10 20 2
10 23 9
10 25 4
10 26 9
10 27 2
10 28 5
10 31 6
10 36 5
10 37 9
10 38 10
10 39 9
10 40 8
10 41 5
10 42 9
10 44 4
10 46 9
10 47 6
10 48 6
10 49 10
10 51 6
10 54 9
10 55 10
10 58 8
10 59 2
10 60 7
10 63 10
10 64 8
11 12 1
11 15 9
11 16 1
11 20 3
11 23 1
11 25 6
11 27 6
11 28 2
11 29 5
11 31 8
11 32 4
11 34 6
11 37 10
11 39 8
11 41 2
11 48 7
11 49 4
11 53 9
11 54 6
11 56 5
11 57 8
11 59 4
11 60 2
11 61 9
11 62 9
11 63 3
12 14 1
12 16 3
12 17 7
12 19 6
12 23 1
12 24 9
12 25 3
12 26 8
12 32 9
12 34 4
12 35 5
12 40 1
12 41 3
12 42 10
12 43 4
12 44 3
12 45 4
12 46 3
12 48 2
12 52 3
12 53 6
12 56 10
12 58 9
12 61 3
12 62 3
12 63 4
12 64 4
13 15 8
13 17 6
13 20 1
13 21 8
13 22 2
13 23 4
13 24 10
13 28 3
13 29 6
13 30 2
13 32 10
13 34 7
13 36 6
13 39 4
13 40 8
13 41 8
13 44 10
13 45 6
13 48 8
13 50 2
13 51 9
13 52 5
13 53 3
13 58 3
13 59 4
13 61 2
13 62 4
13 63 2
14 20 6
14 23 1
14 24 9
14 25 9
14 27 10
14 28 3
14 29 5
14 31 10
14 32 3
14 33 7
14 34 5
14 40 5
14 41 6
14 42 8
14 44 1
14 46 5
14 47 5
14 48 2
14 49 1
14 52 9
14 53 3
14 55 2
14 59 1
14 62 8
15 21 10
15 23 7
15 25 3
15 27 10
15 30 8
15 35 3
15 36 6
15 37 5
15 39 9
15 40 1
15 41 2
15 42 9
15 43 8
15 44 10
15 45 8
15 49 6
15 50 8
15 51 3
15 52 6
15 54 5
15 55 3
15 58 9
15 59 9
15 62 2
15 63 8
15 64 1
16 17 7
16 19 3
16 23 7
16 26 5
16 27 4
16 28 5
16 29 7
16 34 10
16 37 10
16 42 5
16 48 6
16 51 7
16 56 6
16 57 9
16 58 7
16 61 9
16 62 6
17 19 10
17 20 6
17 22 7
17 23 5
17 24 3
17 27 2
17 29 10
17 31 1
17 34 4
17 35 7
17 38 3
17 41 6
17 42 3
17 43 9
17 44 5
17 46 8
17 47 2
17 52 9
17 53 7
17 55 6
17 57 7
17 58 9
17 59 4
17 60 3
17 61 7
17 62 9
17 63 3
17 64 2
18 23 4
18 28 5
18 29 1
18 30 3
18 32 3
18 33 7
18 34 1
18 36 1
18 43 5
18 44 6
18 45 7
18 47 5
18 52 10
18 53 2
18 55 3
18 56 4
18 57 6
18 59 7
18 62 8
18 63 1
18 64 5
19 20 2
19 24 8
19 25 7
19 29 3
19 30 2
19 31 1
19 32 10
19 33 4
19 38 8
19 40 4
19 41 9
19 42 2
19 43 1
19 44 5
19 45 2
19 46 6
19 47 10
19 48 7
19 49 1
19 51 6
19 55 8
19 60 3
19 61 10
19 62 10
19 64 5
20 22 3
20 25 8
20 34 5
20 36 1
20 38 10
20 39 3
20 40 5
20 43 2
20 45 9
20 46 4
20 48 4
20 49 9
20 51 6
20 56 8
20 57 5
20 59 10
20 60 4
20 61 9
20 64 7
21 26 5
21 27 8
21 28 5
21 29 6
21 33 10
21 34 8
21 35 5
21 37 6
21 38 1
21 42 5
21 46 3
21 49 3
21 51 4
21 52 7
21 57 3
21 59 9
21 60 7
21 61 5
21 62 10
21 64 4
22 25 5
22 26 8
22 29 7
22 30 5
22 31 7
22 32 1
22 33 7
22 36 1
22 37 2
22 39 4
22 40 10
22 41 6
22 42 9
22 44 2
22 46 7
22 47 10
22 48 7
22 49 1
22 50 1
22 51 7
22 52 4
22 53 5
22 54 9
22 57 10
22 60 9
22 62 6
22 63 8
23 26 2
23 27 9
23 29 1
23 30 1
23 31 2
23 32 7
23 33 4
23 35 9
23 36 6
23 37 3
23 38 6
23 39 3
23 40 5
23 43 4
23 45 8
23 46 6
23 48 1
23 50 4
23 52 8
23 53 5
23 54 6
23 55 7
23 58 1
23 60 10
23 61 5
23 63 7
24 26 3
24 27 9
24 28 1
24 33 9
24 35 2
24 37 5
24 38 6
24 42 5
24 44 4
24 49 9
24 50 7
24 55 2
24 57 8
24 59 3
24 61 3
24 62 7
24 64 8
25 26 1
25 28 4
25 30 2
25 32 6
25 33 10
25 34 10
25 36 7
25 37 5
25 38 3
25 40 10
25 42 10
25 43 10
25 44 3
25 45 4
25 48 3
25 49 4
25 52 2
25 55 3
25 56 3
25 58 3
25 59 2
25 63 2
25 64 6
26 39 4
26 41 1
26 45 1
26 48 5
26 57 2
26 58 9
26 59 4
26 61 1
27 29 1
27 31 1
27 32 6
27 33 8
27 34 1
27 35 10
27 36 1
27 37 10
27 40 3
27 41 2
27 45 5
27 46 7
27 50 9
27 53 3
27 56 1
27 59 2
27 60 1
27 61 10
27 62 4
27 63 3
28 29 7
28 30 6
28 31 3
28 32 9
28 33 7
28 35 10
28 39 8
28 42 9
28 47 7
28 49 10
28 50 4
28 51 5
28 52 8
28 53 1
28 54 3
28 55 4
28 57 7
28 60 9
28 61 10
28 62 2
28 64 2
29 31 2
29 32 3
29 33 1
29 36 3
29 38 6
29 41 10
29 42 5
29 43 5
29 44 8
29 46 7
29 47 9
29 48 3
29 53 5
29 55 8
29 56 10
29 57 8
29 59 7
29 63 7
30 34 7
30 36 9
30 38 10
30 40 5
30 42 3
30 45 5
30 46 3
30 47 8
30 48 1
30 49 1
30 50 6
30 53 5
30 54 2
30 57 5
30 58 7
30 59 9
30 61 8
30 63 1
30 64 6
31 33 8
31 34 6
31 35 1
31 39 6
31 40 2
31 42 9
31 46 5
31 47 10
31 48 5
31 52 3
31 54 1
31 56 2
31 57 6
31 58 2
31 59 3
31 60 8
31 62 8
32 35 3
32 37 4
32 39 7
32 41 7
32 43 3
32 51 2
32 53 1
32 54 10
32 55 10
32 57 5
32 58 3
32 60 7
32 61 10
32 62 5
32 64 7
33 34 6
33 35 3
33 37 8
33 40 8
33 43 5
33 44 6
33 45 6
33 46 3
33 47 4
33 48 7
33 49 10
33 50 4
33 52 6
33 54 2
33 55 3
33 56 2
33 57 10
33 59 8
33 60 8
33 61 2
33 62 5
33 63 3
34 35 6
34 36 8
34 37 10
34 38 8
34 39 1
34 40 1
34 42 1
34 43 1
34 44 6
34 45 7
34 47 10
34 49 10
34 50 10
34 51 5
34 52 6
34 53 3
34 54 8
34 55 6
34 57 8
34 58 3
34 60 1
34 62 2
35 36 6
35 39 3
35 40 10
35 41 1
35 43 2
35 45 5
35 46 2
35 47 9
35 48 5
35 50 4
35 51 1
35 52 9
35 55 8
35 56 4
35 60 9
35 61 4
35 63 1
35 64 1
36 37 9
36 39 5
36 40 9
36 41 9
36 49 1
36 53 1
36 57 4
36 59 4
36 61 8
36 63 10
37 38 5
37 40 5
37 42 6
37 43 1
37 44 5
37 45 10
37 47 8
37 48 7
37 50 8
37 53 9
37 54 5
37 55 9
37 57 1
37 58 8
37 59 3
37 61 6
37 62 7
37 63 9
37 64 4
38 43 10
38 44 2
38 45 10
38 48 8
38 49 6
38 53 3
38 55 9
38 58 7
38 59 7
38 62 3
38 63 5
38 64 1
39 40 9
39 44 1
39 46 6
39 48 6
39 50 6
39 53 7
39 54 5
39 55 1
39 58 3
39 60 2
39 61 8
39 63 8
40 42 9
40 46 10
40 47 5
40 50 7
40 51 8
40 54 6
40 55 5
40 56 1
40 57 6
40 61 8
40 63 6
41 42 3
41 44 6
41 46 1
41 47 4
41 49 10
41 53 9
41 54 7
42 44 6
42 45 6
42 46 7
42 47 1
42 50 9
42 53 8
42 54 10
42 56 10
42 57 9
42 58 10
42 59 5
42 62 9
42 63 10
43 44 4
43 46 6
43 48 3
43 51 10
43 55 7
43 56 7
43 59 4
43 60 2
43 61 10
43 62 5
44 46 10
44 50 5
44 51 3
44 52 10
44 55 1
44 56 8
44 57 10
44 59 10
44 60 4
44 61 8
44 62 4
44 64 10
45 46 1
45 47 7
45 49 7
45 51 4
45 53 4
45 56 4
45 57 6
45 59 10
45 60 6
45 61 2
45 62 3
45 64 10
46 54 8
46 56 9
46 64 5
47 48 8
47 49 6
47 50 5
47 53 5
47 56 4
47 57 7
47 58 4
47 59 4
47 61 9
47 62 7
48 51 9
48 52 9
48 53 8
48 56 6
48 57 10
48 60 10
48 64 2
49 50 1
49 51 3
49 52 8
49 53 2
49 62 7
49 64 6
50 53 9
50 54 1
50 55 1
50 58 3
50 59 2
50 62 8
50 63 1
50 64 2
51 53 4
51 54 9
51 55 10
51 56 6
51 59 3
51 62 8
51 64 4
52 53 10
52 57 5
52 59 10
52 60 2
52 62 4
52 63 9
53 56 8
53 57 5
53 58 1
53 59 8
53 60 6
53 61 1
53 62 10
53 64 10
54 57 9
54 58 7
55 56 6
55 57 9
55 58 10
55 59 8
55 61 2
55 63 5
55 64 9
56 59 6
56 64 2
57 59 5
57 61 10
57 63 2
57 64 10
58 59 5
58 63 1
60 64 10
61 62 4
61 63 7
62 64 8
63 64 1
