47 512
0 1 5
0 2 5
0 3 6
0 5 10
0 7 8
0 8 1
0 9 5
0 10 10
0 12 3
0 15 6
0 17 3
0 18 6
0 21 1
0 22 5
0 23 7
0 25 1
0 26 9
0 27 1
0 29 8
0 31 4
0 36 5
0 38 1
0 40 6
0 41 10
0 42 1
0 44 1
1 2 3
1 3 7
1 4 5
1 6 9
1 8 8
1 12 6
1 18 9
1 19 3
1 23 9
1 24 10
1 25 10
1 27 8
1 31 9
1 32 2
1 33 2
1 34 10
1 36 10
1 37 3
1 38 10
1 39 7
1 41 5
1 42 3
1 43 9
2 3 2
2 5 1
2 6 3
2 7 8
2 9 3
2 11 7
2 13 7
2 15 7
2 16 6
2 18 10
2 19 1
2 20 10
2 22 7
2 23 3
2 24 5
2 26 6
2 31 3
2 32 5
2 33 2
2 38 7
2 39 8
2 41 1
2 42 9
2 44 3
2 45 1
3 4 6
3 7 4
3 11 1
3 14 4
3 17 6
3 18 6
3 19 9
3 25 2
3 27 6
3 30 7
3 32 9
3 34 2
3 36 1
3 40 1
3 41 4
3 43 1
3 44 4
3 45 1
4 5 10
4 7 2
4 10 1
4 17 3
4 18 6
4 23 3
4 25 7
4 26 4
4 34 6
4 36 10
4 38 4
4 41 6
4 42 4
4 43 3
4 45 3
5 8 8
5 11 9
5 12 7
5 14 6
5 18 9
5 19 3
5 24 7
5 25 1
5 26 2
5 27 1
5 28 3
5 32 7
5 36 7
5 38 1
5 39 8
6 8 7
6 9 4
6 13 4
6 19 3
6 22 4
6 23 1
6 24 2
6 26 9
6 30 7
6 31 6
6 33 1
6 35 6
6 36 6
6 38 5
6 40 9
6 42 9
7 10 10
7 12 6
7 13 5
7 14 7
7 15 3
7 16 9
7 17 1
7 19 8
7 20 2
7 22 5
7 23 9
7 27 8
7 28 6
7 29 3
7 31 9
7 32 1
7 34 7
7 35 2
7 36 9
7 37 2
7 42 5
7 43 9
7 46 3
8 9 3
8 11 6
8 13 4
8 16 3
8 17 5
8 21 10
8 23 10
8 25 10
8 27 5
8 29 10
8 31 9
8 32 9
8 34 6
8 35 8
8 36 4
8 39 9
8 40 10
8 41 3
8 42 8
8 43 10
8 44 10
9 10 9
9 12 3
9 15 5
9 19 7
9 20 7
9 21 10
9 22 9
9 25 5
9 26 9
9 27 6
9 29 8
9 33 4
9 34 1
9 35 2
9 36 4
9 37 10
9 38 10
9 39 1
9 41 9
9 45 2
9 46 5
10 11 6
10 13 2
10 17 3
10 18 5
10 21 1
10 22 6
10 23 5
10 24 9
10 29 8
10 32 3
10 33 5
10 34 1
10 36 9
10 37 2
10 40 3
10 44 4
10 45 7
10 46 7
11 14 10
11 16 1
11 17 7
11 19 3
11 20 5
11 22 9
11 23 1
11 25 7
11 26 1
11 27 4
11 28 6
11 30 4
11 31 6
11 32 4
11 35 6
11 37 4
11 39 5
11 40 3
11 41 6
11 42 5
11 44 10
11 46 4
12 14 10
12 15 4
12 19 3
12 21 3
12 24 3
12 26 3
12 28 7
12 30 9
12 39 2
12 40 5
12 45 2
12 46 5
13 17 8
13 18 7
13 19 1
13 20 3
13 22 4
13 24 10
13 25 7
13 27 3
13 28 1
13 30 1
13 31 7
13 32 10
13 34 2
13 35 6
13 36 3
13 37 7
13 40 4
13 43 1
13 46 4
14 16 4
14 17 8
14 21 5
14 24 7
14 25 8
14 27 5
14 28 8
14 30 2
14 40 2
14 44 9
15 17 1
15 24 8
15 25 6
15 26 10
15 29 9
15 32 3
15 34 6
15 37 4
15 38 2
15 39 6
15 46 6
16 18 1
16 19 9
16 22 1
16 23 5
16 24 2
16 25 2
16 26 6
16 28 9
16 29 2
16 30 8
16 32 9
16 36 8
16 39 10
16 40 4
16 41 8
16 42 7
16 46 2
17 18 7
17 19 9
17 21 8
17 22 5
17 23 3
17 26 4
17 27 4
17 28 5
17 30 3
17 32 8
17 33 8
17 37 7
17 40 4
17 41 7
17 42 7
17 43 2
18 20 3
18 21 5
18 22 2
18 23 7
18 24 2
18 28 7
18 31 3
18 32 1
18 34 2
18 35 6
18 37 1
18 42 1
18 44 10
18 45 1
18 46 4
19 20 6
19 22 8
19 23 3
19 25 10
19 26 5
19 27 1
19 29 5
19 30 9
19 35 7
19 36 6
19 38 8
19 40 4
19 41 1
19 44 9
19 46 9
20 22 9
20 23 8
20 24 1
20 25 3
20 28 7
20 30 4
20 32 3
20 35 2
20 38 4
20 39 8
20 41 6
21 22 7
21 24 5
21 27 9
21 29 10
21 30 2
21 33 5
21 38 4
21 40 8
21 42 6
21 43 2
21 44 9
22 25 9
22 26 7
22 28 6
22 29 4
22 30 2
22 31 10
22 34 10
22 35 3
22 36 6
22 37 10
22 38 7
22 40 2
22 41 6
22 42 1
22 43 5
22 44 1
22 45 9
23 24 5
23 28 1
23 29 8
23 31 8
23 32 2
23 33 2
23 35 8
23 36 2
23 37 10
23 38 8
23 39 10
23 42 7
23 45 4
24 25 6
24 26 1
24 28 1
24 33 7
24 34 6
24 36 7
24 38 1
24 39 8
24 41 8
24 43 2
24 46 8
25 33 6
25 36 2
25 45 8
26 27 4
26 31 6
26 35 9
26 36 9
26 39 2
26 40 7
26 41 6
26 44 5
27 32 10
27 33 6
27 35 10
27 36 3
27 38 3
27 39 10
27 42 5
27 45 2
28 33 8
28 35 4
28 38 1
28 39 2
28 40 2
28 41 5
28 42 8
28 45 6
28 46 3
29 30 7
29 32 6
29 33 8
29 35 2
29 37 2
29 39 9
29 41 9
29 44 7
29 45 7
29 46 10
30 34 3
30 37 1
30 41 6
30 42 7
30 44 9
30 45 10
31 36 2
31 40 8
31 41 7
31 42 5
31 43 4
31 45 8
31 46 5
32 39 1
32 41 8
32 42 2
32 43 1
32 44 5
32 46 3
33 34 3
33 36 3
33 42 8
33 43 5
33 44 9
33 45 7
33 46 4
34 37 7
34 38 2
34 41 8
34 44 3
34 45 5
35 42 7
35 46 4
36 38 3
36 39 1
36 40 10
36 41 10
36 42 2
36 46 4
37 40 2
37 42 4
37 44 5
38 42 5
38 45 2
39 42 7
39 45 3
40 41 6
40 42 7
40 44 8
40 45 6
41 44 1
41 46 9
43 44 10
