69 1166
0 1 1
0 2 10
0 3 3
0 4 4
0 5 10
0 6 5
0 8 3
0 11 9
0 12 6
0 14 5
0 16 2
0 17 8
0 18 4
0 19 6
0 26 9
0 27 1
0 31 1
0 35 1
0 39 6
0 40 7
0 41 2
0 42 3
0 43 10
0 45 10
0 49 4
0 50 10
0 51 5
0 54 6
0 57 1
0 58 1
0 60 7
0 61 9
0 63 1
0 64 8
0 65 4
0 66 4
1 3 7
1 4 1
1 5 10
1 7 4
1 9 7
1 10 2
1 13 10
1 14 7
1 15 8
1 16 4
1 17 1
1 18 1
1 24 6
1 25 1
1 28 2
1 30 10
1 31 7
1 34 7
1 36 5
1 40 10
1 41 3
1 42 9
1 44 6
1 45 10
1 46 9
1 47 1
1 54 8
1 56 4
1 57 3
1 58 10
1 59 2
1 60 2
1 62 3
1 63 8
1 66 6
1 68 1
2 6 7
2 9 5
2 10 9
2 11 1
2 12 8
2 13 10
2 15 4
2 16 3
2 23 4
2 24 4
2 26 7
2 27 1
2 29 8
2 37 6
2 38 2
2 39 6
2 41 8
2 42 3
2 47 1
2 49 2
2 51 10
2 52 6
2 54 10
2 55 2
2 56 2
2 58 7
2 60 3
2 65 7
2 67 8
2 68 6
3 4 2
3 5 10
3 7 9
3 8 2
3 9 1
3 11 3
3 12 1
3 15 5
3 16 5
3 17 10
3 18 4
3 19 7
3 20 6
3 22 4
3 26 1
3 34 9
3 37 9
3 38 7
3 39 1
3 43 8
3 44 2
3 60 9
3 62 10
3 64 9
3 65 7
4 6 7
4 9 6
4 10 7
4 13 5
4 15 1
4 16 4
4 17 5
4 18 7
4 19 10
4 23 5
4 24 8
4 25 1
4 27 3
4 28 4
4 29 1
4 32 1
4 33 10
4 36 1
4 37 7
4 39 9
4 40 7
4 43 7
4 44 1
4 46 8
4 48 8
4 52 8
4 53 7
4 59 7
4 60 1
4 61 9
4 65 1
4 67 1
5 10 3
5 11 4
5 15 8
5 16 5
5 18 8
5 19 7
5 22 8
5 24 5
5 25 3
5 27 2
5 32 9
5 33 2
5 34 9
5 40 4
5 42 9
5 45 7
5 46 1
5 47 6
5 48 1
5 50 8
5 51 9
5 52 9
5 56 9
5 57 8
5 58 10
5 61 8
5 62 8
5 63 3
5 66 6
5 68 7
6 10 8
6 11 5
6 12 9
6 14 6
6 15 7
6 18 2
6 19 8
6 21 5
6 24 1
6 25 10
6 26 6
6 27 6
6 29 5
6 33 3
6 34 6
6 35 10
6 40 7
6 41 8
6 42 7
6 46 3
6 47 7
6 48 1
6 51 10
6 52 4
6 54 5
6 56 7
6 57 6
6 58 9
6 64 7
6 65 8
6 66 3
6 67 6
6 68 6
7 15 10
7 16 6
7 18 3
7 19 4
7 24 10
7 25 10
7 27 9
7 29 9
7 34 1
7 36 9
7 38 1
7 40 4
7 41 7
7 42 1
7 44 2
7 45 6
7 46 3
7 49 2
7 51 1
7 53 8
7 54 7
7 56 8
7 60 4
7 61 8
7 63 6
7 64 7
7 65 4
7 66 8
8 9 7
8 11 6
8 12 3
8 13 8
8 16 3
8 19 5
8 20 6
8 23 9
8 24 7
8 25 3
8 26 6
8 27 6
8 29 5
8 30 7
8 37 9
8 38 8
8 39 1
8 41 5
8 42 6
8 45 3
8 46 6
8 47 6
8 49 7
8 50 4
8 52 6
8 53 3
8 55 5
8 56 5
8 57 7
8 59 5
8 61 9
8 62 3
8 63 2
8 64 2
8 65 2
9 12 7
9 13 8
9 17 10
9 18 7
9 20 2
9 22 3
9 25 8
9 27 3
9 28 1
9 30 8
9 32 5
9 36 4
9 39 7
9 41 8
9 42 5
9 44 8
9 45 2
9 47 10
9 50 9
9 51 3
9 53 8
9 56 7
9 60 9
9 62 1
9 63 6
9 64 2
9 65 6
9 66 5
9 67 1
10 12 3
10 14 9
10 17 10
10 18 5
10 20 8
10 21 2
10 28 4
10 31 2
10 34 8
10 37 8
10 38 4
10 41 1
10 42 6
10 45 3
10 46 5
10 47 7
10 55 6
10 57 9
10 60 6
10 61 7
10 62 10
10 63 3
10 66 1
10 67 6
11 14 2
11 18 8
11 19 6
11 20 1
11 24 6
11 26 1
11 28 4
11 30 6
11 31 10
11 33 8
11 35 9
11 38 6
11 40 7
11 42 2
11 45 1
11 47 10
11 49 9
11 51 1
11 53 6
11 54 10
11 55 8
11 60 6
11 61 6
11 64 1
11 65 1
11 67 3
12 13 4
12 15 9
12 16 7
12 19 9
12 20 3
12 23 5
12 26 10
12 27 5
12 28 1
12 34 6
12 35 9
12 36 6
12 38 6
12 39 9
12 47 9
12 48 9
12 49 9
12 50 4
12 52 2
12 53 7
12 55 9
12 57 2
12 58 9
12 60 10
12 61 8
12 63 4
12 64 7
12 65 6
12 68 1
13 14 4
13 15 1
13 16 3
13 18 3
13 19 10
13 22 9
13 24 8
13 25 4
13 28 10
13 33 7
13 34 7
13 35 6
13 36 2
13 42 4
13 45 10
13 47 3
13 48 7
13 50 4
13 51 8
13 52 1
13 53 1
13 55 6
13 56 5
13 62 5
13 63 2
13 65 1
13 66 2
13 67 6
13 68 5
14 15 2
14 16 6
14 21 3
14 22 4
14 24 7
14 25 8
14 26 5
14 28 3
14 34 3
14 37 7
14 39 3
14 40 1
14 42 1
14 43 2
14 45 9
14 48 2
14 49 4
14 50 5
14 53 9
14 55 10
14 56 3
14 59 2
14 60 8
14 62 9
14 64 1
14 67 9
15 19 7
15 20 10
15 21 10
15 22 3
15 23 5
15 24 9
15 26 5
15 28 9
15 29 7
15 34 4
15 36 2
15 38 5
15 41 2
15 42 5
15 44 1
15 45 7
15 48 4
15 50 6
15 52 5
15 53 8
15 56 4
15 59 2
15 60 7
15 61 10
15 62 4
15 63 7
15 65 7
15 66 6
15 67 5
15 68 1
16 18 6
16 19 3
16 22 3
16 23 6
16 24 3
16 26 7
16 27 6
16 29 5
16 34 3
16 35 8
16 36 1
16 37 6
16 39 7
16 40 4
16 41 2
16 42 5
16 43 8
16 46 6
16 48 9
16 51 8
16 54 2
16 55 9
16 57 4
16 58 8
16 59 7
16 60 4
16 61 8
16 63 6
16 64 1
16 65 3
16 66 7
16 68 7
17 19 10
17 21 9
17 22 5
17 24 3
17 25 7
17 27 10
17 28 7
17 29 7
17 30 3
17 32 6
17 35 4
17 36 1
17 37 3
17 39 5
17 42 10
17 43 4
17 45 6
17 46 2
17 47 6
17 49 1
17 50 9
17 51 9
17 52 5
17 56 5
17 57 7
17 64 5
17 65 4
17 68 5
18 19 8
18 20 9
18 24 2
18 28 9
18 29 4
18 32 10
18 34 9
18 35 6
18 36 1
18 40 9
18 43 7
18 48 9
18 49 5
18 51 5
18 53 10
18 56 4
18 57 1
18 59 1
18 60 6
18 61 8
18 64 7
18 65 8
18 66 8
18 68 1
19 21 10
19 22 2
19 27 4
19 28 7
19 30 7
19 33 8
19 35 6
19 36 2
19 42 2
19 44 4
19 45 7
19 47 3
19 48 1
19 49 3
19 50 5
19 52 8
19 64 7
19 65 2
20 22 1
20 23 5
20 24 8
20 25 5
20 26 4
20 27 3
20 28 2
20 29 9
20 30 6
20 33 5
20 36 4
20 39 3
20 46 2
20 48 6
20 49 5
20 50 2
20 52 5
20 53 9
20 57 5
20 58 4
20 59 5
20 60 6
20 61 1
20 62 9
20 64 1
20 65 3
20 67 8
21 24 4
21 26 9
21 27 4
21 29 7
21 35 9
21 39 1
21 40 9
21 41 1
21 46 9
21 51 9
21 52 10
21 53 9
21 54 9
21 55 3
21 58 9
21 59 6
21 60 6
21 61 3
21 62 1
21 64 1
21 65 5
21 66 9
22 24 2
22 25 2
22 28 3
22 29 10
22 30 5
22 33 3
22 34 8
22 38 8
22 39 4
22 41 4
22 43 1
22 44 3
22 45 5
22 47 4
22 48 1
22 51 8
22 53 7
22 55 3
22 56 3
22 58 10
22 60 3
22 61 4
22 62 6
22 64 6
22 66 6
22 68 8
23 25 1
23 30 3
23 32 3
23 34 7
23 35 1
23 36 10
23 37 6
23 38 8
23 39 7
23 40 1
23 41 7
23 44 7
23 45 10
23 46 2
23 49 7
23 50 3
23 51 6
23 52 6
23 54 4
23 55 3
23 56 3
23 57 5
23 64 8
23 65 1
23 66 3
23 67 10
23 68 8
24 29 5
24 30 10
24 31 3
24 33 4
24 34 8
24 36 4
24 45 1
24 47 2
24 49 8
24 54 7
24 56 9
24 57 7
24 58 8
24 59 9
25 26 2
25 28 4
25 29 10
25 33 4
25 35 1
25 38 1
25 39 9
25 40 6
25 42 2
25 45 8
25 46 7
25 56 1
25 58 2
25 59 9
25 60 10
25 61 6
25 65 8
25 66 6
25 67 8
25 68 4
26 29 7
26 30 5
26 31 7
26 32 10
26 33 6
26 35 6
26 37 3
26 39 6
26 43 9
26 49 4
26 51 4
26 55 1
26 56 2
26 58 9
26 59 7
26 63 2
26 65 8
26 67 6
27 29 6
27 34 10
27 35 9
27 40 6
27 41 2
27 42 6
27 45 2
27 48 10
27 49 6
27 50 6
27 54 8
27 56 1
27 57 7
27 58 1
27 59 2
27 60 4
27 62 1
27 64 2
27 65 5
27 66 10
27 68 4
28 36 10
28 39 7
28 41 3
28 44 1
28 45 4
28 47 2
28 49 9
28 53 5
28 55 5
28 56 3
28 57 5
28 58 9
28 59 10
28 61 3
28 62 8
28 63 10
28 67 6
29 30 7
29 31 1
29 33 2
29 34 5
29 38 2
29 39 10
29 41 1
29 42 4
29 44 6
29 48 2
29 49 4
29 50 7
29 52 7
29 54 9
29 59 5
29 60 2
29 61 7
29 62 3
30 31 4
30 33 9
30 35 4
30 36 5
30 41 3
30 43 7
30 45 7
30 50 10
30 51 6
30 52 9
30 53 10
30 56 5
30 57 10
30 59 9
30 60 9
30 61 7
30 64 1
30 65 1
30 66 3
30 67 10
30 68 7
31 32 4
31 33 4
31 37 9
31 38 3
31 40 3
31 41 3
31 42 3
31 43 1
31 44 2
31 49 5
31 53 3
31 54 6
31 57 6
31 61 10
31 63 1
31 64 10
31 66 4
31 67 8
32 35 3
32 37 5
32 39 1
32 40 5
32 43 3
32 44 10
32 46 9
32 47 5
32 48 3
32 49 8
32 51 2
32 55 8
32 56 8
32 57 5
32 59 9
32 60 1
32 62 4
32 63 9
32 68 5
33 35 5
33 37 9
33 40 6
33 43 10
33 44 6
33 45 10
33 51 4
33 53 5
33 59 6
33 63 9
33 66 2
34 35 8
34 37 2
34 39 8
34 42 1
34 44 7
34 46 4
34 47 7
34 49 7
34 52 5
34 53 1
34 56 3
34 60 5
34 62 4
34 63 6
34 67 5
34 68 9
35 39 7
35 41 8
35 43 5
35 44 4
35 45 3
35 46 7
35 47 5
35 50 6
35 53 8
35 55 10
35 56 5
35 59 8
35 65 6
35 66 7
35 67 5
35 68 7
36 37 9
36 38 10
36 47 7
36 48 1
36 51 3
36 54 10
36 55 10
36 56 8
36 59 7
36 60 9
36 62 6
36 66 7
36 67 10
37 39 6
37 40 8
37 42 2
37 43 3
37 44 6
37 45 1
37 46 1
37 48 3
37 49 3
37 51 2
37 52 4
37 55 6
37 57 5
37 59 10
37 61 5
37 63 5
37 65 10
37 67 10
38 39 3
38 41 3
38 43 1
38 46 2
38 47 5
38 49 9
38 55 3
38 56 10
38 57 2
38 58 1
38 60 9
38 61 9
38 64 9
38 65 8
38 66 3
38 68 1
39 41 1
39 42 6
39 43 10
39 44 10
39 45 8
39 46 5
39 47 2
39 54 4
39 55 5
39 56 8
39 58 8
39 60 7
39 61 2
39 63 9
39 64 7
39 65 7
39 66 10
40 41 6
40 42 2
40 45 10
40 46 9
40 50 8
40 52 9
40 53 5
40 54 10
40 56 1
40 57 10
40 59 8
40 60 4
40 61 8
40 62 4
40 63 6
40 66 1
40 68 3
41 42 10
41 43 2
41 44 3
41 47 2
41 48 4
41 49 2
41 50 9
41 52 2
41 53 5
41 56 2
41 59 5
41 60 7
41 62 6
41 64 2
41 65 5
41 66 9
41 67 4
41 68 10
42 43 2
42 44 6
42 45 2
42 46 7
42 47 5
42 49 4
42 50 8
42 56 3
42 57 5
42 59 1
42 60 6
42 63 3
42 65 3
42 66 9
42 68 10
43 47 3
43 49 3
43 51 2
43 55 10
43 57 5
43 61 3
43 62 6
43 65 4
43 66 7
43 68 4
44 45 7
44 46 2
44 47 10
44 48 1
44 52 7
44 53 4
44 55 9
44 56 3
44 59 6
44 64 4
44 68 5
45 48 8
45 49 7
45 50 10
45 51 5
45 52 1
45 53 2
45 55 2
45 57 2
45 58 10
45 62 8
45 64 10
45 65 1
45 66 5
46 47 4
46 48 10
46 49 9
46 50 2
46 52 2
46 53 10
46 54 9
46 55 1
46 60 10
46 61 5
46 64 5
46 68 10
47 48 4
47 49 9
47 50 9
47 51 1
47 52 10
47 53 5
47 60 7
47 61 3
47 64 7
48 51 2
48 53 7
48 55 5
48 58 8
48 60 2
48 61 6
48 62 3
48 64 1
49 50 2
49 53 4
49 58 2
49 59 10
49 61 10
49 62 7
49 64 5
49 66 5
49 67 2
50 52 4
50 56 2
50 58 9
50 65 9
50 68 8
51 52 1
51 55 6
51 56 6
51 57 1
51 58 6
51 59 1
51 60 9
51 61 9
51 64 6
51 65 5
51 66 5
51 67 10
52 53 9
52 54 3
52 55 7
52 56 7
52 60 7
52 61 8
52 62 3
52 63 1
52 64 2
52 65 1
52 66 6
52 68 9
53 54 6
53 58 4
53 59 5
53 60 8
53 61 7
53 62 5
53 65 5
53 66 2
54 55 4
54 58 3
54 59 3
54 66 3
54 67 10
54 68 4
55 56 3
55 58 1
55 60 1
55 61 3
55 62 8
55 64 6
55 66 4
55 68 8
56 57 4
56 64 6
56 65 3
56 67 7
56 68 4
57 59 2
57 60 9
57 63 4
57 65 7
57 66 5
57 67 8
58 59 4
58 60 7
58 62 6
58 63 10
58 65 1
58 68 9
59 60 10
59 61 4
59 62 3
59 64 3
59 65 8
59 67 7
59 68 1
60 62 7
60 63 1
60 64 5
60 67 4
61 63 6
61 66 6
62 65 2
63 64 9
63 67 3
63 68 8
64 65 3
65 67 7
66 68 6
67 68 9
