25 147
0 1 8446
0 2 8174
0 3 336
0 8 8414
0 10 7251
0 13 3767
0 14 4958
0 15 5546
0 16 9208
0 19 3813
0 23 7599
0 24 3733
1 2 1518
1 3 9963
1 5 3004
1 7 3480
1 11 925
1 12 5040
1 16 861
1 17 1254
1 18 6759
1 21 2095
1 22 877
1 23 2177
2 3 5763
2 4 7266
2 7 7177
2 9 3982
2 10 1474
2 15 3823
2 19 1641
2 20 9391
2 21 7490
2 22 5132
3 6 7919
3 8 4929
3 9 8801
3 10 9519
3 11 4379
3 12 4986
3 13 4458
3 15 2255
3 16 8497
3 17 8613
3 18 4658
3 20 746
3 22 6404
3 23 9047
4 5 6388
4 8 7809
4 11 9972
4 13 7987
4 14 6821
4 15 1514
4 19 4129
4 22 6940
4 23 5503
5 7 9277
5 8 1434
5 10 4049
5 11 9575
5 13 8657
5 15 669
5 18 4201
5 19 5331
5 20 892
5 21 9596
5 23 3519
5 24 7869
6 7 2588
6 8 3680
6 9 5918
6 10 5602
6 12 9665
6 13 4132
6 14 4474
6 16 6609
6 18 463
6 19 2213
6 20 3006
6 23 1077
7 10 4365
7 12 8067
7 13 4759
7 15 992
7 19 852
7 21 740
7 22 3845
7 23 8566
7 24 883
8 13 8225
8 15 3729
8 21 1420
8 22 7979
8 24 7439
9 10 5036
9 15 9819
9 17 952
9 19 4268
10 11 4124
10 13 8578
10 14 8817
10 19 9423
10 23 6456
10 24 2029
11 12 7417
11 14 7868
11 16 7231
11 17 3027
11 21 2668
11 23 9738
12 13 257
12 14 9626
12 16 6905
12 18 3622
12 20 5687
12 24 2729
13 17 5189
13 18 750
13 19 335
13 24 8810
14 18 6807
14 20 208
14 21 6629
15 16 1134
15 17 1085
15 19 4927
15 22 5425
15 24 2226
16 18 4823
16 19 1037
16 21 4987
16 22 9649
16 24 6756
17 18 6887
17 19 7946
17 23 5890
18 19 5739
18 20 4844
18 21 9019
18 23 5230
18 24 7391
19 23 5828
20 23 4042
20 24 5830
22 23 3228
22 24 5150
