74 1389
0 2 4
0 5 3
0 6 7
0 8 6
0 9 1
0 10 6
0 19 10
0 23 2
0 27 3
0 28 1
0 29 2
0 30 10
0 32 1
0 33 6
0 34 8
0 36 10
0 38 6
0 39 5
0 42 2
0 44 3
0 46 3
0 48 7
0 49 9
0 54 9
0 55 4
0 56 9
0 57 9
0 59 2
0 62 3
0 63 2
0 65 10
0 70 9
0 71 2
0 72 5
0 73 1
1 3 8
1 6 5
1 8 5
1 12 3
1 13 10
1 14 1
1 15 9
1 17 9
1 19 1
1 21 4
1 22 3
1 23 8
1 26 3
1 28 1
1 31 1
1 33 4
1 34 1
1 36 6
1 39 6
1 40 4
1 41 9
1 42 6
1 46 4
1 48 2
1 49 5
1 51 5
1 53 2
1 54 1
1 55 1
1 58 10
1 59 5
1 60 1
1 61 9
1 62 1
1 63 5
1 64 10
1 66 2
1 68 3
1 72 7
2 3 2
2 7 7
2 8 2
2 12 3
2 16 9
2 17 5
2 18 10
2 21 8
2 23 2
2 24 6
2 25 7
2 27 10
2 28 9
2 31 7
2 34 8
2 35 2
2 39 1
2 45 5
2 46 7
2 47 8
2 49 9
2 50 7
2 51 7
2 55 3
2 56 4
2 57 4
2 58 5
2 59 3
2 61 10
2 64 2
2 65 2
2 66 6
2 68 8
2 71 5
2 72 10
2 73 7
3 6 9
3 7 5
3 9 1
3 11 8
3 12 5
3 14 7
3 17 7
3 18 9
3 22 1
3 23 10
3 27 1
3 30 6
3 31 5
3 33 2
3 37 6
3 38 6
3 39 6
3 41 1
3 46 8
3 49 1
3 50 8
3 52 2
3 54 6
3 57 3
3 58 6
3 61 2
3 63 9
3 65 3
3 67 8
3 68 5
3 69 3
3 71 5
3 73 9
4 6 3
4 11 5
4 12 6
4 13 4
4 14 10
4 15 1
4 17 4
4 18 1
4 19 6
4 21 9
4 22 9
4 24 8
4 26 4
4 28 5
4 33 2
4 34 4
4 35 9
4 37 1
4 39 8
4 43 10
4 44 5
4 46 10
4 47 3
4 51 4
4 53 8
4 55 6
4 57 10
4 59 5
4 64 4
4 66 7
4 68 6
4 69 3
4 71 1
5 7 3
5 9 4
5 10 6
5 11 6
5 13 10
5 14 9
5 15 9
5 16 1
5 17 10
5 18 1
5 20 5
5 21 3
5 25 3
5 31 3
5 32 6
5 35 6
5 36 7
5 40 2
5 42 7
5 44 7
5 45 5
5 47 8
5 51 2
5 52 2
5 53 10
5 55 7
5 57 6
5 58 1
5 60 1
5 65 1
5 69 6
5 70 1
5 71 5
6 8 3
6 10 4
6 12 1
6 17 5
6 18 10
6 19 3
6 21 8
6 23 7
6 25 5
6 27 10
6 30 6
6 31 10
6 32 8
6 35 4
6 36 8
6 37 3
6 38 2
6 40 10
6 41 1
6 42 3
6 44 5
6 45 10
6 48 9
6 49 10
6 50 8
6 51 5
6 52 1
6 53 7
6 56 4
6 57 1
6 59 7
6 61 1
6 62 3
6 63 9
6 64 8
6 67 6
6 69 9
6 70 10
6 73 2
7 8 5
7 9 7
7 10 9
7 13 8
7 15 9
7 16 3
7 18 8
7 19 4
7 22 1
7 23 7
7 25 8
7 27 6
7 29 9
7 31 4
7 36 5
7 38 9
7 40 2
7 42 6
7 43 2
7 46 4
7 47 8
7 49 3
7 51 8
7 52 2
7 53 6
7 56 9
7 58 5
7 60 10
7 62 6
7 63 4
7 68 2
7 69 3
7 71 6
7 73 5
8 10 10
8 11 5
8 14 5
8 15 1
8 22 9
8 23 10
8 26 5
8 27 4
8 28 3
8 30 8
8 31 1
8 32 1
8 33 10
8 35 4
8 36 5
8 40 9
8 41 10
8 43 9
8 44 5
8 49 9
8 50 2
8 51 2
8 55 8
8 56 7
8 59 10
8 60 1
8 61 10
8 62 4
8 63 2
8 67 5
8 68 8
8 69 7
8 70 3
8 72 1
9 11 4
9 12 9
9 16 1
9 17 3
9 19 1
9 20 5
9 21 5
9 22 10
9 25 3
9 29 2
9 31 9
9 33 1
9 34 3
9 35 4
9 37 7
9 40 1
9 41 10
9 46 2
9 47 5
9 48 8
9 49 3
9 50 10
9 53 2
9 54 2
9 57 7
9 58 7
9 59 2
9 60 3
9 62 10
9 64 9
9 65 10
9 67 10
9 69 9
9 71 4
9 72 10
9 73 5
10 11 3
10 12 6
10 13 2
10 15 8
10 17 8
10 21 3
10 22 6
10 23 6
10 25 10
10 27 4
10 29 6
10 30 6
10 37 6
10 40 5
10 43 1
10 45 3
10 47 6
10 49 9
10 50 9
10 51 2
10 52 10
10 54 4
10 55 5
10 57 6
10 58 6
10 59 8
10 60 9
10 61 8
10 62 2
10 63 4
10 64 10
10 67 3
10 71 7
11 16 7
11 18 5
11 25 6
11 26 7
11 31 4
11 34 4
11 35 3
11 36 4
11 38 10
11 39 6
11 40 5
11 45 7
11 47 10
11 48 8
11 50 9
11 51 8
11 53 1
11 55 7
11 57 10
11 58 5
11 60 10
11 61 4
11 63 10
11 64 1
11 66 7
11 67 4
11 68 10
11 69 6
11 72 10
12 14 7
12 15 5
12 17 8
12 18 5
12 19 6
12 20 2
12 21 4
12 24 8
12 27 4
12 28 5
12 29 2
12 32 3
12 33 1
12 35 10
12 37 9
12 40 7
12 45 3
12 50 4
12 52 9
12 55 2
12 57 4
12 58 2
12 59 5
12 61 10
12 62 8
12 63 10
12 64 9
12 66 5
12 67 5
12 69 10
12 70 8
12 72 8
13 14 3
13 15 7
13 20 5
13 22 7
13 25 6
13 28 1
13 32 1
13 33 5
13 34 7
13 35 1
13 36 2
13 37 4
13 40 3
13 41 5
13 42 10
13 44 7
13 45 6
13 47 8
13 48 3
13 50 7
13 51 6
13 52 1
13 53 3
13 55 10
13 58 5
13 59 7
13 61 7
13 63 3
13 65 10
13 67 4
13 68 1
14 15 5
14 19 5
14 20 2
14 23 1
14 26 6
14 28 10
14 30 8
14 32 5
14 33 2
14 34 1
14 38 8
14 41 6
14 42 7
14 43 1
14 44 8
14 46 7
14 49 7
14 54 2
14 55 8
14 58 8
14 59 3
14 60 9
14 63 10
14 64 5
14 65 9
14 66 10
14 69 3
14 70 8
14 71 8
14 73 10
15 19 6
15 20 3
15 21 9
15 22 2
15 32 9
15 33 8
15 34 1
15 36 1
15 39 1
15 40 7
15 41 10
15 42 6
15 43 3
15 45 8
15 47 4
15 48 10
15 50 4
15 51 3
15 53 8
15 54 4
15 55 9
15 57 7
15 59 1
15 60 6
15 67 5
15 68 4
15 71 6
15 73 5
16 18 10
16 20 3
16 21 6
16 22 3
16 23 7
16 24 5
16 27 4
16 30 6
16 32 5
16 34 6
16 35 9
16 36 6
16 37 3
16 39 4
16 41 10
16 43 2
16 44 8
16 46 8
16 47 10
16 49 4
16 52 7
16 53 2
16 63 8
16 66 6
16 70 5
16 71 2
16 72 5
16 73 3
17 19 7
17 21 1
17 23 2
17 28 4
17 29 2
17 30 8
17 32 4
17 34 6
17 36 7
17 37 10
17 38 3
17 40 4
17 41 7
17 43 2
17 45 8
17 46 7
17 52 9
17 55 1
17 56 4
17 57 6
17 59 4
17 60 2
17 62 2
17 65 10
17 69 3
17 71 9
18 21 5
18 22 2
18 27 2
18 30 10
18 33 10
18 36 1
18 37 3
18 38 7
18 39 4
18 41 8
18 42 3
18 43 2
18 44 7
18 45 7
18 48 5
18 49 10
18 50 5
18 51 4
18 53 2
18 54 2
18 58 2
18 63 4
18 64 6
18 65 2
18 66 2
18 67 1
18 70 8
18 72 5
18 73 2
19 20 10
19 23 10
19 24 8
19 25 3
19 26 8
19 27 6
19 29 3
19 30 7
19 31 3
19 32 6
19 33 7
19 40 10
19 41 9
19 42 9
19 43 5
19 44 4
19 46 2
19 51 9
19 54 10
19 56 2
19 61 8
19 62 2
19 63 7
19 64 8
19 65 9
19 67 8
19 68 10
19 69 7
19 70 1
19 71 9
19 72 8
20 21 5
20 22 5
20 27 4
20 28 8
20 29 8
20 31 4
20 32 8
20 34 2
20 35 3
20 36 2
20 38 1
20 41 8
20 42 10
20 43 4
20 46 6
20 47 4
20 55 7
20 57 1
20 64 10
20 68 4
20 69 2
20 70 5
21 22 8
21 25 9
21 26 9
21 31 6
21 32 6
21 33 9
21 34 9
21 36 2
21 38 8
21 39 9
21 40 10
21 42 3
21 43 3
21 44 2
21 45 10
21 46 5
21 47 10
21 48 10
21 52 6
21 53 6
21 59 3
21 62 2
21 65 6
21 68 9
22 25 1
22 26 3
22 27 10
22 29 6
22 31 9
22 36 5
22 38 6
22 39 10
22 40 3
22 45 1
22 47 3
22 52 6
22 53 4
22 54 9
22 56 7
22 59 7
22 60 10
22 63 2
22 68 9
22 69 5
22 70 9
22 72 9
22 73 6
23 25 2
23 29 5
23 34 2
23 38 8
23 39 4
23 40 10
23 43 3
23 44 4
23 45 2
23 46 1
23 49 9
23 53 3
23 54 3
23 56 5
23 57 2
23 60 8
23 61 10
23 62 10
23 63 7
23 66 4
23 67 2
23 68 5
23 69 1
23 70 2
23 73 8
24 27 2
24 29 2
24 34 6
24 36 2
24 39 9
24 41 1
24 44 3
24 45 4
24 46 4
24 47 5
24 48 9
24 49 8
24 52 4
24 53 8
24 55 9
24 60 1
24 61 10
24 62 2
24 65 8
24 67 8
24 68 1
24 70 5
24 71 3
24 72 2
25 27 4
25 28 3
25 31 6
25 33 10
25 34 2
25 37 2
25 38 8
25 39 1
25 41 4
25 43 3
25 44 1
25 52 9
25 53 1
25 55 7
25 57 8
25 60 9
25 61 6
25 62 8
25 64 8
25 65 3
25 67 8
25 71 6
25 73 2
26 27 10
26 28 7
26 29 3
26 30 8
26 33 5
26 36 1
26 37 3
26 38 1
26 42 8
26 44 8
26 45 7
26 46 10
26 47 6
26 56 9
26 57 10
26 59 7
26 60 6
26 62 9
26 63 3
26 65 4
26 69 7
26 71 6
27 30 8
27 31 2
27 32 10
27 33 3
27 38 4
27 39 1
27 40 5
27 41 6
27 43 2
27 49 6
27 50 3
27 53 10
27 54 4
27 55 4
27 56 8
27 57 7
27 58 9
27 61 1
27 62 10
27 63 6
27 66 5
27 67 4
27 69 5
27 70 7
27 72 4
27 73 8
28 29 1
28 30 6
28 32 2
28 35 8
28 36 10
28 40 8
28 47 8
28 49 9
28 51 4
28 52 9
28 53 9
28 54 8
28 58 3
28 59 1
28 63 9
28 65 1
28 66 8
28 71 10
28 72 10
28 73 9
29 30 2
29 31 7
29 32 8
29 35 1
29 36 5
29 41 7
29 46 4
29 49 6
29 50 8
29 51 3
29 52 7
29 54 1
29 55 1
29 56 2
29 57 10
29 58 4
29 59 9
29 60 10
29 62 2
29 63 5
29 66 9
29 69 4
29 70 9
29 71 1
29 73 8
30 31 6
30 34 3
30 35 8
30 36 6
30 38 6
30 40 7
30 41 9
30 42 9
30 43 8
30 44 10
30 45 8
30 46 5
30 47 10
30 49 5
30 52 8
30 53 5
30 54 5
30 55 2
30 56 6
30 57 8
30 58 1
30 59 10
30 61 4
30 62 5
30 64 2
30 67 10
30 68 6
30 69 3
30 70 5
30 71 3
30 72 6
31 32 8
31 37 1
31 38 4
31 40 2
31 41 8
31 43 6
31 50 5
31 53 4
31 55 7
31 56 9
31 57 4
31 58 3
31 60 5
31 61 10
31 62 6
31 63 10
31 64 5
31 67 8
31 68 6
31 69 8
31 70 9
31 72 10
31 73 3
32 34 3
32 37 3
32 39 8
32 40 5
32 42 3
32 50 6
32 51 7
32 55 10
32 56 4
32 57 8
32 58 8
32 59 1
32 61 2
32 63 3
32 68 3
32 71 1
32 72 9
32 73 5
33 35 8
33 36 8
33 41 4
33 42 9
33 45 3
33 46 5
33 49 5
33 52 3
33 58 7
33 59 7
33 61 3
33 63 8
33 65 6
33 66 6
33 67 9
34 38 8
34 39 9
34 40 10
34 42 10
34 44 1
34 45 7
34 47 5
34 51 9
34 53 4
34 57 3
34 58 8
34 59 7
34 60 9
34 61 4
34 62 2
34 65 9
34 66 6
34 67 1
34 69 4
34 73 4
35 37 8
35 38 10
35 39 1
35 40 5
35 42 8
35 43 8
35 46 7
35 47 6
35 48 9
35 50 2
35 51 10
35 52 7
35 53 9
35 55 7
35 56 2
35 57 1
35 61 8
35 62 3
35 68 2
35 72 3
36 39 6
36 41 10
36 43 1
36 44 6
36 45 3
36 47 7
36 48 8
36 49 6
36 50 8
36 52 1
36 53 5
36 54 3
36 55 5
36 56 4
36 58 3
36 60 3
36 61 2
36 63 3
36 65 1
36 69 6
36 72 2
37 38 10
37 42 3
37 43 1
37 45 6
37 47 4
37 49 9
37 50 8
37 51 7
37 53 8
37 56 2
37 58 8
37 59 10
37 60 8
37 61 8
37 64 3
37 65 5
37 67 4
37 69 1
37 71 6
37 72 6
37 73 6
38 41 2
38 42 4
38 43 6
38 44 5
38 46 10
38 47 7
38 48 1
38 49 10
38 50 2
38 51 2
38 53 8
38 54 3
38 56 4
38 57 9
38 58 8
38 59 2
38 60 4
38 61 9
38 62 2
38 63 7
38 65 2
38 66 6
38 67 8
38 68 8
38 70 10
38 73 7
39 42 4
39 43 8
39 44 7
39 45 3
39 48 8
39 49 6
39 54 10
39 59 3
39 60 1
39 68 5
39 69 5
39 73 4
40 41 6
40 42 5
40 43 7
40 44 6
40 47 1
40 49 3
40 52 6
40 54 10
40 56 8
40 59 6
40 60 10
40 61 10
40 62 9
40 68 8
40 69 4
40 72 1
40 73 1
41 45 9
41 46 6
41 47 1
41 51 3
41 54 7
41 56 1
41 57 6
41 60 5
41 61 4
41 67 8
41 68 2
41 69 2
41 70 7
41 71 4
41 72 10
41 73 6
42 44 2
42 47 7
42 49 1
42 50 8
42 51 6
42 53 7
42 54 10
42 57 9
42 59 2
42 61 10
42 63 1
42 66 7
42 67 5
42 69 5
42 70 2
42 72 4
43 44 5
43 48 8
43 49 10
43 50 2
43 51 1
43 53 7
43 54 10
43 55 5
43 57 5
43 60 9
43 61 7
43 62 10
43 63 2
43 64 5
43 65 9
43 66 3
43 67 6
43 68 4
43 73 3
44 46 7
44 47 1
44 48 9
44 49 6
44 50 5
44 53 9
44 54 6
44 55 5
44 57 6
44 60 4
44 61 5
44 63 2
44 65 10
44 67 9
44 68 6
44 69 3
44 70 5
44 71 7
44 72 3
45 46 1
45 47 2
45 50 1
45 51 2
45 52 3
45 53 1
45 54 4
45 55 7
45 56 6
45 57 2
45 59 5
45 61 6
45 62 9
45 63 9
45 66 10
45 69 8
45 71 8
45 73 10
46 48 7
46 49 3
46 53 4
46 54 6
46 55 8
46 62 5
46 64 10
46 65 8
46 66 7
46 68 2
46 71 9
46 72 6
46 73 8
47 49 5
47 51 9
47 53 8
47 55 3
47 57 1
47 62 3
47 65 9
47 67 9
47 68 7
47 69 10
48 51 8
48 52 3
48 53 5
48 54 6
48 55 3
48 57 1
48 62 10
48 63 10
48 64 6
48 68 6
48 69 2
48 71 9
48 72 7
48 73 7
49 51 4
49 52 10
49 54 4
49 57 4
49 58 5
49 61 8
49 62 6
49 63 3
49 66 9
49 68 2
49 73 6
50 51 10
50 54 9
50 57 2
50 58 2
50 59 5
50 60 3
50 62 8
50 63 1
50 64 4
50 65 2
50 66 4
50 67 5
50 70 1
50 71 7
50 72 4
50 73 8
51 52 6
51 53 1
51 54 2
51 55 7
51 58 6
51 60 2
51 61 1
51 62 6
51 63 3
51 64 8
51 65 8
51 67 2
51 71 2
51 73 6
52 53 6
52 57 6
52 58 4
52 60 10
52 62 4
52 63 3
52 64 9
52 65 3
52 67 3
52 68 8
52 69 2
52 70 4
52 73 1
53 56 6
53 58 4
53 60 8
53 61 7
53 63 5
53 65 6
53 67 4
53 69 6
53 70 10
53 71 8
54 55 9
54 56 2
54 58 6
54 59 3
54 63 1
54 64 1
54 65 8
54 67 4
54 68 4
54 69 9
54 70 1
54 71 9
54 72 8
54 73 2
55 57 4
55 58 6
55 61 2
55 62 8
55 65 1
55 67 10
55 68 9
55 69 3
55 73 6
56 57 1
56 58 6
56 59 7
56 60 4
56 61 3
56 63 1
56 64 2
56 66 5
56 69 1
56 70 2
57 58 4
57 62 6
57 64 3
57 65 1
57 67 9
57 69 3
57 72 4
58 59 6
58 66 9
58 67 5
58 68 10
58 69 7
58 71 9
58 72 3
58 73 1
59 60 2
59 63 3
59 64 2
59 68 9
59 69 2
59 71 7
60 63 4
60 65 4
60 66 8
60 69 10
60 70 3
60 71 3
60 72 3
60 73 2
61 67 7
61 68 4
61 70 4
61 71 1
61 73 8
62 64 7
62 66 8
62 67 4
62 69 10
63 64 8
63 68 4
63 69 1
63 72 8
64 65 1
64 66 7
64 71 2
65 66 2
65 67 9
65 69 4
65 71 1
65 72 4
66 68 6
66 70 5
67 68 5
67 71 3
67 72 1
68 70 1
68 72 4
68 73 3
69 73 4
70 73 8
