98 2346
0 2 7442
0 3 496
0 4 5667
0 5 4853
0 6 4662
0 8 6425
0 10 7958
0 11 1606
0 14 4902
0 15 8307
0 16 2899
0 17 5767
0 18 2662
0 24 167
0 25 561
0 26 5962
0 27 3570
0 28 4483
0 32 2855
0 34 1818
0 36 4145
0 40 2267
0 41 7668
0 42 2292
0 43 6436
0 50 1160
0 53 3292
0 55 4740
0 56 182
0 59 7391
0 61 7734
0 62 6753
0 63 5580
0 64 1582
0 67 7043
0 72 9669
0 73 3641
0 78 1031
0 80 4449
0 81 3706
0 82 8305
0 84 6145
0 85 2105
0 87 5078
0 90 8019
0 94 1517
0 96 4690
1 6 2281
1 12 3172
1 16 5362
1 21 1532
1 22 4685
1 23 3535
1 25 2964
1 26 2553
1 31 1943
1 32 8391
1 33 6089
1 34 1315
1 35 2774
1 36 2334
1 41 7690
1 42 3006
1 44 8458
1 46 7045
1 47 1563
1 48 8233
1 55 7840
1 57 5932
1 59 4488
1 61 9209
1 64 5812
1 65 6928
1 67 1548
1 69 8188
1 70 7338
1 71 5968
1 74 5616
1 75 2118
1 79 57
1 81 3191
1 83 9066
1 84 4548
1 85 9725
1 87 7912
1 88 6125
1 90 7156
1 92 9634
1 93 173
1 94 2490
1 95 2902
1 96 8326
1 97 3302
2 4 7373
2 5 5015
2 6 6043
2 8 7384
2 9 6822
2 10 9456
2 14 9766
2 15 9644
2 17 8753
2 18 5736
2 21 1968
2 23 66
2 25 9003
2 26 256
2 27 3464
2 28 7376
2 29 2463
2 31 2384
2 35 5627
2 36 9835
2 37 2599
2 38 6694
2 39 93
2 43 9018
2 48 8275
2 49 6772
2 52 6650
2 54 8170
2 55 4502
2 56 1110
2 58 2240
2 60 6970
2 61 2993
2 64 8269
2 68 4737
2 69 5209
2 71 3340
2 72 2772
2 79 6051
2 80 4494
2 83 2984
2 84 4360
2 85 3470
2 86 6713
2 87 2935
2 89 2981
2 95 8063
2 96 5464
3 4 8684
3 5 6005
3 6 3616
3 7 873
3 10 8708
3 12 2266
3 13 3937
3 16 6383
3 17 3305
3 18 5276
3 19 2059
3 22 2941
3 23 9560
3 24 4827
3 25 6394
3 27 5875
3 28 6894
3 29 1127
3 30 3642
3 31 3007
3 33 3411
3 35 784
3 36 1276
3 39 3475
3 41 10000
3 43 5376
3 44 9678
3 46 9577
3 48 4354
3 50 22
3 53 8651
3 54 532
3 56 2026
3 58 2793
3 59 1628
3 60 9882
3 61 2103
3 62 3181
3 64 7951
3 67 1753
3 71 7308
3 72 1307
3 73 8596
3 78 9241
3 79 7020
3 80 747
3 81 1139
3 87 8112
3 88 5232
3 90 3417
3 91 5641
3 94 1306
3 95 6430
3 96 2456
3 97 2792
4 6 1245
4 8 6084
4 10 8700
4 14 4516
4 16 1100
4 17 9832
4 19 7304
4 20 4322
4 21 8156
4 23 3546
4 25 3316
4 26 6720
4 27 6754
4 28 1673
4 29 1646
4 35 541
4 36 1745
4 37 5240
4 38 5527
4 39 5390
4 42 8306
4 43 5445
4 44 9333
4 48 3215
4 52 5296
4 54 7872
4 56 1480
4 61 525
4 63 9883
4 67 815
4 68 7975
4 69 4715
4 71 1565
4 73 7864
4 75 4076
4 82 2919
4 84 3179
4 85 2153
4 87 4261
4 88 9488
4 89 8264
4 90 9980
4 91 7288
4 92 1567
4 93 3399
4 95 8581
5 6 9664
5 10 8409
5 11 4369
5 12 9110
5 13 7895
5 14 1908
5 15 3090
5 16 8730
5 18 9580
5 19 1633
5 20 9316
5 22 7207
5 23 4907
5 25 3236
5 26 6047
5 28 7637
5 29 8001
5 32 6489
5 34 4004
5 36 4990
5 37 3768
5 39 2782
5 40 1289
5 41 112
5 46 3471
5 49 6750
5 51 5562
5 53 4587
5 54 3585
5 58 4341
5 61 2728
5 64 4509
5 66 4842
5 68 1311
5 71 385
5 73 7145
5 74 1579
5 76 4703
5 78 4042
5 79 5615
5 80 2661
5 85 4435
5 86 7993
5 87 3632
5 89 9401
5 91 8653
5 93 9077
5 94 1512
5 95 2037
5 97 7522
6 8 9324
6 9 2472
6 11 3911
6 12 8637
6 16 3066
6 17 5460
6 19 1591
6 20 8921
6 24 1564
6 26 5936
6 27 2613
6 28 5682
6 29 3839
6 31 2526
6 32 4705
6 39 2244
6 40 5788
6 42 8702
6 44 8092
6 48 4875
6 49 8763
6 50 4469
6 51 7489
6 52 2549
6 56 1490
6 59 3866
6 61 2250
6 62 6230
6 64 8979
6 66 2330
6 69 201
6 71 319
6 72 2698
6 74 8785
6 76 4735
6 77 7805
6 79 104
6 85 2648
6 88 2634
6 91 1622
6 93 5911
6 95 9299
6 96 7233
6 97 7797
7 8 5565
7 11 1424
7 12 4931
7 14 9015
7 15 6439
7 20 6898
7 21 3018
7 22 785
7 23 9149
7 25 3961
7 28 7928
7 29 9789
7 30 3327
7 33 4589
7 36 3749
7 37 2042
7 38 3391
7 41 6314
7 47 6217
7 48 9282
7 49 5188
7 50 9194
7 53 3704
7 57 4668
7 60 4561
7 61 5198
7 62 4019
7 63 3665
7 64 4195
7 67 8082
7 70 9447
7 73 9170
7 74 6604
7 75 1448
7 79 8530
7 80 6682
7 81 1274
7 82 968
7 83 1032
7 86 3653
7 88 8381
7 89 6139
7 90 4514
7 91 3557
7 92 8521
7 96 1071
8 11 7952
8 12 9929
8 16 3973
8 17 3063
8 18 9486
8 20 9204
8 21 341
8 27 5606
8 28 3418
8 29 4186
8 30 3380
8 31 5364
8 36 8898
8 37 7791
8 38 8224
8 39 7249
8 42 8555
8 43 7002
8 46 8042
8 48 5610
8 55 4343
8 56 7846
8 62 658
8 65 8467
8 66 4226
8 71 6036
8 72 3530
8 73 1235
8 74 5451
8 75 1182
8 76 4163
8 78 6977
8 79 125
8 80 8048
8 81 9668
8 82 8272
8 84 9860
8 87 5211
8 90 9142
8 91 1279
8 92 7804
8 95 2812
9 13 2283
9 14 1569
9 16 1756
9 17 8400
9 21 9484
9 22 7591
9 23 5062
9 31 134
9 32 2498
9 34 7747
9 36 5320
9 43 4594
9 45 8728
9 46 3895
9 49 4789
9 51 8697
9 55 6999
9 56 2870
9 62 8007
9 64 3779
9 66 3759
9 68 9542
9 69 9285
9 70 8767
9 71 588
9 72 9301
9 75 2671
9 81 6307
9 84 874
9 87 8689
9 90 4578
9 94 2933
9 95 2183
10 11 6120
10 12 2763
10 15 4947
10 18 8127
10 20 5119
10 21 9685
10 22 4863
10 23 872
10 24 673
10 28 4511
10 29 3013
10 32 3468
10 35 3445
10 36 1890
10 37 4014
10 38 1296
10 43 2011
10 44 4027
10 47 3180
10 50 1808
10 52 8550
10 56 5741
10 58 5219
10 60 3856
10 63 564
10 64 2419
10 65 1868
10 69 1935
10 70 6474
10 71 1614
10 74 6788
10 75 3640
10 78 2212
10 79 738
10 82 2691
10 83 8582
10 84 6149
10 85 8562
10 87 8536
10 93 5182
10 95 3651
10 96 479
11 12 7140
11 14 7223
11 15 6565
11 17 9904
11 18 89
11 20 250
11 23 6002
11 24 8426
11 25 6454
11 27 8986
11 29 2905
11 32 723
11 33 8392
11 34 3396
11 35 4165
11 41 1706
11 42 5969
11 44 1560
11 49 5304
11 54 5549
11 55 7950
11 56 9779
11 58 4193
11 64 8465
11 65 9386
11 66 159
11 70 3818
11 73 3923
11 74 5101
11 75 4616
11 76 8816
11 80 602
11 85 5791
11 87 8027
11 88 3002
11 89 4878
11 94 3630
11 96 1054
12 14 8028
12 16 608
12 17 8935
12 18 4091
12 19 5943
12 21 1474
12 24 4914
12 27 9060
12 29 9994
12 30 3752
12 31 1057
12 33 9557
12 35 3378
12 36 678
12 38 921
12 43 878
12 45 904
12 47 729
12 48 8667
12 50 1026
12 51 940
12 52 1342
12 53 7702
12 55 4035
12 56 5330
12 57 4140
12 59 7419
12 60 1155
12 61 6166
12 62 9278
12 63 1659
12 64 2882
12 66 6589
12 69 856
12 75 6576
12 76 4359
12 78 8772
12 79 2263
12 80 9046
12 82 9407
12 88 1948
12 90 8368
12 91 3263
12 92 6943
12 93 2249
12 94 4078
12 95 3671
12 97 5462
13 16 2875
13 20 9227
13 23 9571
13 26 4613
13 28 5017
13 29 123
13 30 9387
13 31 5544
13 32 8486
13 36 8453
13 37 1670
13 38 6598
13 39 7364
13 41 3229
13 43 3988
13 44 9736
13 45 8120
13 50 4837
13 51 8533
13 55 100
13 56 3683
13 58 1505
13 59 1708
13 64 1738
13 65 5832
13 67 1467
13 68 5501
13 69 4588
13 72 4669
13 75 6637
13 76 7066
13 77 1471
13 80 6601
13 81 6697
13 84 772
13 86 5691
13 87 5355
13 88 7106
13 90 4413
13 92 5863
14 15 7811
14 16 4492
14 18 1702
14 22 1058
14 23 7736
14 24 1367
14 25 5843
14 26 2894
14 28 1382
14 30 2020
14 33 8914
14 34 9403
14 35 2022
14 37 9167
14 38 7894
14 40 8598
14 41 6029
14 44 5257
14 46 7755
14 48 1877
14 51 1940
14 53 8552
14 54 76
14 55 8817
14 58 3857
14 63 2968
14 66 6533
14 68 3539
14 71 2448
14 75 8231
14 78 534
14 79 9621
14 81 1501
14 83 824
14 85 794
14 89 4308
14 90 9833
14 92 8468
14 93 7989
14 94 9858
14 97 6344
15 17 4205
15 19 4581
15 23 8565
15 26 6887
15 29 9759
15 31 2970
15 32 6949
15 33 4601
15 34 3933
15 38 2573
15 39 269
15 42 4030
15 43 3088
15 44 6876
15 45 1905
15 46 9072
15 48 2765
15 50 7013
15 51 3104
15 52 5414
15 54 9587
15 57 6392
15 60 9326
15 62 1781
15 64 506
15 66 9872
15 67 8152
15 69 3496
15 70 8543
15 72 8572
15 73 6385
15 75 1167
15 77 7136
15 78 1721
15 79 8217
15 82 2547
15 92 3211
15 93 977
15 94 7484
15 95 8412
15 97 771
16 17 6881
16 18 6752
16 19 2784
16 20 6644
16 21 206
16 25 6349
16 26 7965
16 28 8125
16 32 8088
16 40 2881
16 41 721
16 44 5712
16 47 8900
16 48 5009
16 50 1977
16 54 4724
16 58 4493
16 62 5428
16 63 4518
16 65 7290
16 66 4688
16 73 2060
16 76 1494
16 78 1033
16 79 4553
16 83 5878
16 87 9448
16 89 9302
16 91 3048
16 92 2254
16 93 8557
16 95 3707
17 19 2866
17 22 4377
17 23 1547
17 26 2195
17 27 6004
17 29 3817
17 33 2604
17 35 4366
17 36 6484
17 37 6931
17 38 3714
17 41 7026
17 43 7979
17 46 8799
17 48 2424
17 49 1441
17 50 1229
17 53 2385
17 54 1557
17 55 9139
17 58 7063
17 59 5665
17 62 9666
17 63 4349
17 64 5383
17 65 7065
17 66 6541
17 68 1640
17 69 6472
17 70 2844
17 72 5824
17 76 5596
17 79 3899
17 83 4373
17 85 8845
17 86 3603
17 88 1103
17 89 846
17 91 6816
17 95 1907
17 96 4454
17 97 6941
18 19 2257
18 20 2302
18 21 3534
18 22 6460
18 23 3543
18 24 591
18 25 8287
18 29 1094
18 30 8094
18 31 4092
18 33 2265
18 37 9300
18 38 1246
18 39 1309
18 42 1704
18 45 6719
18 47 5636
18 48 5576
18 49 8814
18 53 6878
18 54 1611
18 55 8719
18 56 6674
18 57 6768
18 61 3606
18 62 2605
18 65 6649
18 68 8356
18 69 6630
18 71 2115
18 72 3904
18 74 9918
18 77 469
18 78 1205
18 79 8285
18 80 6499
18 81 5799
18 84 6913
18 85 3783
18 88 9803
18 89 1883
18 91 2966
18 93 6852
18 96 5979
19 20 8855
19 21 8804
19 25 8445
19 27 800
19 28 2467
19 29 6748
19 30 7204
19 33 4767
19 34 6220
19 37 8221
19 39 820
19 41 6789
19 43 7670
19 44 5548
19 47 2645
19 48 8662
19 51 1540
19 54 4384
19 55 7180
19 56 6160
19 59 4847
19 60 1225
19 62 717
19 64 1524
19 70 2556
19 71 1028
19 72 6815
19 73 9511
19 74 9602
19 75 187
19 77 9265
19 79 1539
19 81 7827
19 82 7346
19 83 360
19 84 9764
19 85 4550
19 86 4736
19 87 9320
19 89 1558
19 92 5977
19 93 383
19 94 1479
19 95 8545
19 96 5808
19 97 8903
20 21 6622
20 24 4894
20 27 6513
20 29 7189
20 31 6592
20 32 5262
20 34 8256
20 38 9362
20 40 1068
20 41 487
20 45 7991
20 46 7255
20 47 7324
20 48 6223
20 51 6616
20 53 3218
20 55 9416
20 57 3216
20 58 8313
20 60 9573
20 61 8464
20 64 1376
20 66 5337
20 67 6247
20 68 7678
20 69 5317
20 70 1944
20 74 6266
20 75 7089
20 77 3664
20 78 9432
20 79 9357
20 80 1426
20 81 2372
20 82 4641
20 84 1546
20 85 6075
20 86 8032
20 90 9801
20 91 8951
20 92 1931
20 93 7794
20 94 7446
20 95 8352
20 96 9604
21 22 7792
21 23 6290
21 25 4095
21 26 9082
21 27 7746
21 28 9222
21 30 1810
21 31 3163
21 33 7751
21 39 4632
21 40 5255
21 44 5261
21 45 6410
21 47 624
21 51 2829
21 52 1117
21 53 235
21 55 4792
21 60 1013
21 64 6488
21 65 6206
21 67 3080
21 68 5176
21 69 3559
21 70 2491
21 74 6678
21 75 3157
21 76 4689
21 79 8826
21 80 1352
21 81 2307
21 82 8085
21 83 7117
21 87 1259
21 89 9499
21 93 6466
21 94 7753
21 96 7672
22 27 9794
22 29 6708
22 30 5193
22 33 8382
22 37 5522
22 38 743
22 43 3041
22 57 3997
22 59 7452
22 61 2994
22 62 3948
22 63 1972
22 67 2429
22 69 4643
22 70 2580
22 71 9480
22 72 7730
22 73 6896
22 75 9131
22 77 395
22 78 3901
22 79 8802
22 81 5191
22 82 2618
22 83 5482
22 84 9237
22 86 1304
22 88 6864
22 93 7526
22 94 9330
22 95 1994
22 96 6912
22 97 8512
23 24 3165
23 26 9094
23 27 5402
23 28 7477
23 31 9579
23 33 3178
23 36 2016
23 37 9156
23 39 5295
23 40 9548
23 42 4712
23 43 3031
23 48 174
23 49 4285
23 50 6175
23 54 9273
23 55 6010
23 60 1165
23 63 4238
23 64 3297
23 66 2264
23 67 5272
23 68 4312
23 69 8749
23 70 4151
23 77 1268
23 79 6438
23 82 4291
23 85 3574
23 87 7856
23 90 219
23 95 5893
23 96 7823
23 97 2775
24 25 6158
24 27 9562
24 28 6208
24 29 4210
24 30 2107
24 34 4652
24 37 7331
24 38 9674
24 42 3730
24 43 9133
24 47 7459
24 48 9677
24 49 8204
24 50 2528
24 53 6109
24 55 5541
24 56 8677
24 59 2820
24 60 2437
24 62 7334
24 63 554
24 65 732
24 66 9363
24 67 9477
24 69 3636
24 71 5918
24 72 3725
24 77 3260
24 78 4777
24 79 9455
24 80 1986
24 81 1221
24 85 9394
24 86 6607
24 88 4024
24 91 2076
24 92 5369
24 95 6300
24 96 9374
24 97 7487
25 31 1776
25 32 7158
25 33 8424
25 35 755
25 38 4235
25 39 661
25 40 641
25 43 5611
25 44 9067
25 46 3793
25 48 7069
25 53 3160
25 54 6839
25 55 6511
25 56 3930
25 59 8998
25 62 5923
25 65 71
25 66 5852
25 67 7758
25 72 823
25 77 3497
25 81 2847
25 83 3075
25 85 2893
25 86 566
25 87 7305
25 88 2237
25 91 4989
25 93 9052
25 94 7401
25 97 5089
26 27 5263
26 30 1226
26 31 9144
26 33 791
26 34 5041
26 38 2140
26 40 2861
26 41 7686
26 44 9189
26 45 8132
26 46 2760
26 47 3414
26 52 8110
26 53 2586
26 57 1770
26 58 5807
26 61 4850
26 62 8398
26 63 3982
26 67 7351
26 69 7252
26 71 3046
26 78 364
26 80 7619
26 81 1649
26 84 8835
26 86 9418
26 87 2813
26 88 2552
26 91 8661
26 94 1176
26 97 2710
27 28 1394
27 29 7642
27 33 8316
27 34 6397
27 35 7793
27 36 6081
27 37 6115
27 38 5685
27 39 9881
27 41 670
27 42 1817
27 44 3125
27 50 1255
27 52 2457
27 53 1963
27 55 4480
27 57 9225
27 59 1278
27 62 8522
27 66 7347
27 67 8803
27 70 1449
27 72 5202
27 73 640
27 75 5655
27 76 158
27 81 2251
27 84 9338
27 86 507
27 88 4085
27 89 4031
27 92 7694
27 93 8114
27 97 5814
28 29 6176
28 30 8756
28 33 6505
28 34 1869
28 35 984
28 37 7121
28 38 8346
28 39 500
28 40 9529
28 41 4179
28 42 3270
28 44 2942
28 45 693
28 46 4826
28 47 3037
28 49 4411
28 50 2711
28 53 7967
28 57 3372
28 59 6627
28 64 1833
28 65 4471
28 66 701
28 68 8253
28 69 6001
28 73 8389
28 75 8760
28 76 2091
28 77 5226
28 81 1639
28 84 4729
28 86 7680
28 87 4135
28 89 267
28 90 8695
28 91 6784
28 93 4470
28 94 5973
28 95 4338
28 97 8842
29 30 3851
29 34 8334
29 38 8195
29 39 2043
29 40 1377
29 41 2668
29 42 2688
29 44 2029
29 45 1536
29 46 3595
29 47 8234
29 49 3916
29 52 7479
29 54 8121
29 55 6097
29 56 8918
29 58 7966
29 59 6197
29 60 5774
29 61 5551
29 62 7211
29 64 3514
29 65 5086
29 68 1152
29 69 3924
29 70 6605
29 71 6062
29 72 222
29 75 3865
29 77 6347
29 78 1570
29 80 4889
29 81 2375
29 83 7519
29 85 8731
29 87 6091
29 89 9497
29 91 8259
29 92 4293
29 93 6964
29 95 7664
30 31 7652
30 32 9812
30 33 6653
30 34 7350
30 37 3614
30 40 2750
30 43 9782
30 45 3257
30 46 4316
30 49 2222
30 50 9719
30 54 1204
30 55 7008
30 57 355
30 60 3915
30 61 1872
30 63 2480
30 64 2040
30 65 7339
30 69 5190
30 70 5890
30 73 7669
30 74 1516
30 75 1112
30 78 4726
30 79 1928
30 82 5412
30 83 4399
30 85 5345
30 86 1835
30 87 6469
30 89 6038
30 90 2578
30 93 6337
30 97 524
31 32 8248
31 34 4629
31 35 1295
31 36 7129
31 37 4959
31 38 345
31 40 2706
31 43 1362
31 46 5349
31 48 4353
31 49 2961
31 51 708
31 52 2068
31 54 1498
31 56 9874
31 58 336
31 61 4768
31 65 3321
31 68 8302
31 70 6187
31 73 1671
31 76 475
31 80 4955
31 81 4732
31 85 6963
31 86 1515
31 87 9311
31 88 3390
31 91 6393
31 92 5720
31 93 6319
31 94 7137
32 33 7161
32 34 8471
32 35 2641
32 37 7443
32 45 936
32 47 5311
32 48 5476
32 50 2616
32 51 7613
32 53 1593
32 54 8226
32 60 9670
32 63 290
32 64 7217
32 67 7119
32 69 1073
32 72 6617
32 73 6920
32 76 5900
32 78 1724
32 80 5952
32 83 4784
32 84 8493
32 85 1710
32 88 9138
32 91 4498
32 92 6258
32 95 9947
32 96 6203
33 34 6636
33 35 8150
33 36 1439
33 37 7930
33 38 3812
33 39 6318
33 41 3068
33 43 8570
33 44 6237
33 46 9233
33 47 5706
33 48 2821
33 49 6189
33 50 2482
33 51 7343
33 53 6420
33 57 6143
33 58 6262
33 59 6279
33 60 8411
33 61 7777
33 70 6976
33 71 8680
33 75 9700
33 76 7430
33 79 8955
33 81 5366
33 82 6527
33 83 6648
33 86 7617
33 88 9690
33 89 2890
33 94 8296
33 97 4269
34 39 5978
34 43 9749
34 47 2958
34 50 2985
34 52 7586
34 53 7628
34 54 446
34 56 2967
34 58 6380
34 59 1432
34 60 3712
34 61 5130
34 62 2787
34 63 363
34 64 3762
34 67 1093
34 68 9896
34 70 4944
34 71 8748
34 73 5122
34 74 8060
34 75 3293
34 77 9212
34 80 7133
34 82 3553
34 84 9818
34 88 5927
34 90 619
34 92 4457
35 37 5764
35 39 7550
35 41 4965
35 42 8528
35 43 1735
35 44 575
35 45 1816
35 46 8087
35 47 4196
35 56 9356
35 58 1754
35 61 8078
35 62 7439
35 65 6072
35 68 7720
35 69 7316
35 71 5584
35 74 9347
35 75 2914
35 76 6891
35 79 3663
35 80 5432
35 81 3522
35 82 7604
35 83 8523
35 84 7542
35 86 4614
35 87 5695
35 89 8895
35 91 1888
35 92 9007
35 93 1719
35 95 6455
36 39 7625
36 40 827
36 46 6869
36 49 1108
36 56 16
36 63 7608
36 64 2708
36 65 8068
36 66 1630
36 69 7162
36 71 3832
36 73 1914
36 75 6900
36 78 5575
36 79 3806
36 80 6251
36 83 5653
36 84 6130
36 87 439
36 89 1195
36 90 7114
36 91 2379
36 92 2513
36 94 682
36 95 7944
36 96 1620
36 97 3246
37 38 7843
37 39 463
37 41 9313
37 52 959
37 54 9751
37 55 436
37 59 7360
37 61 4698
37 67 4877
37 68 4062
37 69 4696
37 70 6022
37 77 2808
37 78 4793
37 81 7873
37 82 2003
37 85 6053
37 86 5260
37 87 3523
37 88 8069
37 92 7544
37 93 9591
37 94 5753
38 41 2509
38 42 5077
38 43 3910
38 45 9026
38 46 9206
38 47 672
38 50 2992
38 52 8236
38 53 9020
38 54 1925
38 55 5974
38 58 8504
38 60 6958
38 61 8670
38 62 7518
38 64 4160
38 69 349
38 71 5742
38 72 8868
38 74 6763
38 76 1607
38 80 9134
38 81 450
38 82 2278
38 83 8965
38 84 4440
38 85 4436
38 88 5463
38 91 8113
38 93 970
38 96 1668
39 40 776
39 42 8602
39 44 6284
39 46 7512
39 47 7648
39 48 3357
39 49 7571
39 50 537
39 51 5980
39 55 8371
39 58 79
39 59 9892
39 61 7904
39 64 2220
39 67 4983
39 68 1658
39 69 3691
39 70 5279
39 72 5607
39 73 6794
39 76 8124
39 79 2449
39 80 4803
39 81 8942
39 82 1841
39 83 5631
39 87 5236
39 91 7406
39 92 5982
39 94 8167
39 95 7393
40 42 558
40 43 3860
40 47 7425
40 49 3845
40 51 3985
40 52 4816
40 54 2348
40 58 3087
40 60 3078
40 62 7337
40 65 2831
40 66 6168
40 70 698
40 73 2757
40 74 9247
40 76 1811
40 77 3138
40 79 929
40 84 7898
40 88 131
40 89 5490
41 42 442
41 43 5507
41 45 5433
41 46 4197
41 47 5795
41 48 6517
41 49 3708
41 50 2740
41 51 6667
41 55 1840
41 56 2655
41 58 3886
41 59 1728
41 60 3116
41 61 3913
41 62 2080
41 64 5967
41 68 7920
41 70 5984
41 76 7090
41 77 4468
41 79 7022
41 80 1198
41 81 5543
41 83 5398
41 86 2680
41 90 5120
41 91 7382
41 92 3945
41 93 4158
41 96 9192
42 45 1217
42 47 7295
42 48 8853
42 49 801
42 50 912
42 51 9485
42 53 825
42 54 6443
42 56 4083
42 57 6935
42 59 472
42 60 9784
42 61 899
42 62 1555
42 65 1397
42 66 3200
42 71 6965
42 72 6359
42 75 128
42 76 4402
42 78 7195
42 79 1157
42 81 3501
42 82 9255
42 83 6440
42 90 9785
42 91 377
42 92 5400
42 95 3855
42 96 3394
43 44 9837
43 45 6524
43 46 813
43 51 9737
43 52 8385
43 56 4045
43 57 1897
43 59 3177
43 60 4591
43 61 8633
43 64 4747
43 65 8115
43 71 410
43 72 1134
43 74 4926
43 75 530
43 76 5502
43 78 5786
43 80 5513
43 85 296
43 86 7372
43 87 3583
43 88 4084
43 93 956
43 97 2061
44 45 3129
44 48 1878
44 50 1830
44 53 1916
44 54 212
44 58 1049
44 60 961
44 66 2589
44 68 4741
44 69 5429
44 71 9182
44 72 2455
44 74 7494
44 76 389
44 78 659
44 85 4132
44 86 7780
44 87 5609
44 90 7891
44 91 2944
44 92 1194
44 93 2927
44 94 8157
44 95 586
44 96 2357
45 46 6922
45 47 5409
45 49 6144
45 51 3106
45 52 5360
45 54 352
45 55 1850
45 56 8003
45 58 4753
45 60 1478
45 62 4590
45 63 390
45 64 1343
45 65 9321
45 66 542
45 70 5125
45 73 9963
45 74 4137
45 78 920
45 83 7599
45 84 2585
45 85 6295
45 87 8474
45 88 7120
45 89 7483
45 90 9016
45 91 7264
45 94 2387
45 96 495
45 97 9503
46 47 5868
46 48 5247
46 49 6749
46 52 3586
46 53 4836
46 56 2862
46 57 9214
46 60 9396
46 63 7353
46 68 1530
46 71 3425
46 75 6942
46 76 4276
46 77 5143
46 78 8091
46 79 552
46 80 4040
46 84 5340
46 85 8755
46 88 6057
46 90 8066
46 94 2781
46 95 6790
47 48 9160
47 49 626
47 50 1024
47 53 9196
47 54 5271
47 55 1135
47 59 9041
47 62 3693
47 66 3579
47 67 5676
47 68 5678
47 72 6521
47 76 5647
47 79 3964
47 81 9890
47 83 3907
47 84 1341
47 85 6470
47 86 7215
47 87 8538
47 91 9977
47 93 1450
47 94 5650
47 95 1189
47 97 8263
48 51 2041
48 52 5368
48 54 1996
48 56 2887
48 58 7509
48 59 233
48 60 3194
48 61 1946
48 65 1431
48 66 3213
48 67 249
48 68 5898
48 70 2995
48 71 7469
48 74 9428
48 78 3189
48 81 2922
48 82 3753
48 83 1683
48 86 9153
48 87 1398
48 88 9822
48 89 8933
48 90 6834
48 93 3288
48 94 5243
48 95 5287
49 51 5735
49 52 8433
49 53 5471
49 60 2913
49 61 8584
49 62 8769
49 64 4665
49 66 1081
49 67 8665
49 68 6557
49 69 5591
49 70 1893
49 72 9489
49 73 2777
49 76 5277
49 79 3867
49 81 7142
49 82 7818
49 85 3634
49 86 8038
49 89 9120
49 90 5557
49 91 9701
49 92 7813
49 93 9424
49 95 947
49 96 1711
50 52 1715
50 54 7932
50 55 667
50 58 2858
50 59 1360
50 61 431
50 63 3026
50 64 4110
50 65 1036
50 69 8850
50 74 4974
50 75 1288
50 78 2208
50 80 3947
50 82 3929
50 86 8699
50 89 8040
50 91 9402
50 93 3920
50 94 3204
50 96 1995
50 97 9810
51 52 623
51 53 8859
51 54 2008
51 56 7157
51 58 6136
51 59 9399
51 62 9739
51 64 6776
51 67 8964
51 70 9280
51 71 1792
51 72 2631
51 74 8818
51 75 7926
51 80 6534
51 81 6608
51 84 6619
51 86 3021
51 89 3254
51 91 464
51 93 7878
52 55 3770
52 56 8996
52 58 1442
52 59 2598
52 60 4497
52 63 4016
52 65 9122
52 66 6055
52 68 997
52 70 394
52 71 4320
52 72 2488
52 73 8872
52 74 2737
52 76 7536
52 77 8321
52 80 635
52 85 5588
52 87 7454
52 88 6552
52 89 5331
52 94 8111
52 96 9473
53 54 5750
53 56 6937
53 58 453
53 59 2569
53 60 8635
53 64 851
53 65 5045
53 68 6669
53 69 2850
53 76 2594
53 80 9224
53 81 7154
53 82 5418
53 84 1732
53 85 5915
53 88 516
53 89 2694
53 91 368
53 92 1991
53 93 1337
53 97 4462
54 60 551
54 61 7572
54 62 7289
54 65 3555
54 66 1936
54 67 4356
54 69 6200
54 70 5797
54 72 6730
54 80 2089
54 83 642
54 84 4693
54 86 3735
54 87 7428
54 89 8541
54 92 8837
54 94 347
55 56 9431
55 57 7998
55 58 9085
55 61 5468
55 64 6269
55 65 4121
55 66 1499
55 67 7943
55 68 4970
55 72 9423
55 74 4367
55 76 455
55 78 2246
55 82 9721
55 84 486
55 86 3435
55 87 4355
55 88 9838
55 89 6417
55 93 985
55 94 5817
55 95 3774
55 96 9297
55 97 3944
56 57 6299
56 59 4323
56 61 897
56 63 2546
56 64 8276
56 68 4427
56 71 9168
56 72 9875
56 74 9507
56 79 264
56 80 8905
56 81 3836
56 83 7298
56 89 2749
56 90 9844
56 91 321
56 92 9465
56 94 5391
56 96 6090
57 59 9308
57 63 1199
57 69 2625
57 72 2869
57 74 1395
57 82 3379
57 84 8380
57 85 4188
57 88 6642
57 89 1317
57 92 3244
57 93 3230
57 96 8344
57 97 2669
58 60 461
58 62 2086
58 63 4744
58 66 9502
58 67 4822
58 68 1297
58 69 2148
58 70 8268
58 73 9056
58 75 1855
58 77 6862
58 78 9683
58 79 3319
58 81 2602
58 82 589
58 83 8608
58 84 6982
58 85 2692
58 87 9238
58 88 989
58 90 7717
58 91 2269
58 93 6905
58 94 3401
58 95 3267
59 60 7001
59 62 8388
59 64 3202
59 66 2928
59 68 7057
59 69 5694
59 73 3631
59 74 4300
59 76 9907
59 77 7405
59 79 5091
59 81 1789
59 86 3035
59 87 5144
59 88 4060
59 90 7602
59 92 3301
59 94 8260
59 96 2954
59 97 1866
60 65 9747
60 71 2853
60 74 1463
60 76 9086
60 77 9095
60 78 1526
60 80 9221
60 82 7171
60 84 4823
60 85 4362
60 86 7646
60 88 919
60 93 9744
60 94 1313
60 95 6741
61 62 7266
61 64 2070
61 66 5356
61 68 3541
61 70 8619
61 74 181
61 75 8294
61 76 3243
61 77 85
61 78 9817
61 79 7450
61 81 7234
61 82 8949
61 83 7906
61 85 9676
61 88 5068
61 96 3649
61 97 7796
62 63 273
62 64 2989
62 67 1153
62 68 55
62 73 4639
62 78 3227
62 80 9906
62 82 6064
62 83 7960
62 84 7219
62 85 735
62 86 4564
62 88 8447
62 93 1574
62 94 6892
62 96 5871
62 97 189
63 65 9279
63 66 2990
63 67 231
63 71 5021
63 72 5167
63 74 6426
63 84 4001
63 88 6769
63 89 3251
63 90 9039
63 91 7407
63 96 5780
63 97 371
64 65 3442
64 66 3167
64 70 5153
64 72 7379
64 74 8656
64 77 3385
64 78 2440
64 79 4102
64 81 3680
64 82 1917
64 84 5986
64 85 557
64 87 6066
64 88 5221
64 89 4577
64 92 335
64 93 7633
64 94 7269
64 97 9400
65 69 9288
65 73 6871
65 74 774
65 76 9107
65 77 3698
65 79 2878
65 81 4679
65 82 3473
65 85 3694
65 86 7100
65 88 9464
65 89 5689
65 92 8604
65 93 5626
65 95 5415
65 97 6812
66 70 4987
66 72 4977
66 73 2144
66 75 3027
66 78 7782
66 80 9773
66 82 6536
66 83 4115
66 85 1837
66 86 3825
66 91 6011
66 95 2736
66 96 4236
67 70 3742
67 73 5430
67 75 9175
67 76 2832
67 77 6849
67 78 9956
67 79 1832
67 81 3207
67 82 3519
67 83 6689
67 86 6895
67 87 4456
67 91 3801
67 92 7163
67 93 8808
67 96 7723
68 69 4884
68 73 8622
68 74 9989
68 75 828
68 77 5291
68 80 1573
68 81 3811
68 82 3225
68 83 294
68 87 2479
68 91 430
68 92 9521
68 96 625
69 70 8345
69 72 5113
69 73 5268
69 79 5467
69 82 4417
69 84 4053
69 85 700
69 86 4191
69 88 1496
69 90 8355
69 91 9558
69 96 9058
69 97 2663
70 71 6446
70 73 3819
70 76 1899
70 77 5170
70 78 3602
70 79 2543
70 80 8980
70 81 133
70 82 9859
70 84 149
70 85 4280
70 89 7449
70 90 1124
70 91 279
70 92 2642
70 93 8020
70 94 9218
70 95 1300
71 72 2010
71 75 4448
71 76 3731
71 80 7400
71 83 5744
71 86 3846
71 87 5859
71 91 7080
71 92 5921
71 93 5162
71 97 5332
72 73 5926
72 74 9565
72 75 9037
72 77 4099
72 78 4281
72 82 2418
72 83 932
72 84 852
72 88 7922
72 89 9718
72 91 4981
72 93 9688
72 94 5710
72 96 2567
73 74 9304
73 77 6995
73 83 3342
73 84 6539
73 85 7122
73 87 6777
73 88 4992
73 90 6961
73 91 102
73 92 928
73 96 6987
74 75 1111
74 76 1836
74 77 9457
74 81 5335
74 84 2973
74 87 797
74 91 6859
74 93 2779
74 96 4706
74 97 9707
75 77 8292
75 78 7462
75 82 3371
75 85 2446
75 87 331
75 88 3995
75 90 7511
75 94 4941
75 95 1880
75 96 6384
75 97 4919
76 77 5194
76 78 5778
76 83 5394
76 86 6875
76 89 1695
76 90 5970
76 91 8657
76 95 7375
76 97 8847
77 79 1485
77 80 2442
77 83 5121
77 85 9223
77 88 9660
77 95 695
77 96 4865
78 79 3561
78 86 303
78 88 754
78 90 5583
78 94 656
78 97 2557
79 81 7321
79 86 685
79 87 5894
79 89 1758
79 90 5704
79 93 6353
79 94 8576
79 95 7814
79 96 6016
79 97 4905
80 81 7432
80 87 3533
80 90 1648
80 93 9474
80 95 2327
80 96 8010
80 97 2126
81 82 2272
81 83 8254
81 84 8450
81 87 3032
81 89 4505
81 91 8794
81 95 1336
82 83 8080
82 89 5600
82 91 1583
82 92 3370
82 96 6974
82 97 8239
83 85 914
83 88 3472
83 90 2771
83 92 7310
83 93 3151
83 96 1086
83 97 9021
84 94 2974
85 86 9873
85 87 7877
85 88 731
85 90 9834
85 91 6702
85 96 8910
86 87 5722
86 88 2320
86 91 6006
86 92 4495
86 93 6468
86 94 5020
86 97 5484
87 89 4087
87 90 3073
87 91 4430
87 93 4607
87 94 32
87 96 3282
87 97 5953
88 89 7537
88 90 3311
88 91 6235
88 94 6939
88 97 3550
89 91 9031
89 92 2683
89 93 1731
89 94 124
89 95 5922
89 97 5299
90 93 6486
90 94 3566
90 97 8706
91 92 5269
91 96 5486
91 97 6434
92 94 6856
92 96 7345
93 94 7980
93 95 7445
95 96 6739
95 97 3617
96 97 5319
