0 5 3
0 8 2
0 9 2
0 13 10
0 16 8
0 17 8
0 18 9
0 19 10
0 20 8
0 24 8
0 26 3
0 27 7
0 28 2
0 30 1
0 35 7
0 37 7
0 38 7
0 40 9
0 41 7
1 4 5
1 9 6
1 11 2
1 13 4
1 16 10
1 19 8
1 20 4
1 21 9
1 23 3
1 25 5
1 27 8
1 30 9
1 32 7
1 34 3
1 35 6
1 36 8
1 38 2
1 41 10
2 6 5
2 7 10
2 8 10
2 9 5
2 12 5
2 15 1
2 17 1
2 22 7
2 27 6
2 28 6
2 29 5
2 33 5
2 34 9
2 39 4
2 40 10
2 41 10
3 6 2
3 7 4
3 8 10
3 9 5
3 11 6
3 14 3
3 15 7
3 16 1
3 18 4
3 19 2
3 20 3
3 21 10
3 22 3
3 23 9
3 25 4
3 26 8
3 32 10
3 33 5
3 35 6
3 36 3
3 38 2
3 40 9
3 41 1
4 6 8
4 8 3
4 10 4
4 14 9
4 16 3
4 18 9
4 19 8
4 21 9
4 23 8
4 24 3
4 25 6
4 26 8
4 28 6
4 29 6
4 30 2
4 31 9
4 32 3
4 35 2
4 36 6
5 7 4
5 8 10
5 11 4
5 13 4
5 15 6
5 16 9
5 20 7
5 21 10
5 27 3
5 29 1
5 31 9
5 32 7
5 34 7
5 36 6
5 37 1
6 7 2
6 8 9
6 9 2
6 10 4
6 12 10
6 14 2
6 16 5
6 17 10
6 19 10
6 20 10
6 21 4
6 24 3
6 25 10
6 26 6
6 28 10
6 29 8
6 33 3
6 37 2
6 38 10
6 39 6
6 40 1
7 11 6
7 14 3
7 21 9
7 22 10
7 24 5
7 27 2
7 33 7
7 37 2
7 38 7
7 39 8
7 40 3
7 41 5
8 9 4
8 10 9
8 11 8
8 16 5
8 18 9
8 19 8
8 21 7
8 22 10
8 23 2
8 25 6
8 26 1
8 28 4
8 29 7
8 30 2
8 31 5
8 32 7
8 34 2
8 37 2
8 38 5
8 39 4
9 10 3
9 11 10
9 15 8
9 17 5
9 18 6
9 19 6
9 23 3
9 24 9
9 25 2
9 26 6
9 27 9
9 29 1
9 34 7
9 35 6
9 38 8
10 15 1
10 16 2
10 18 1
10 20 3
10 24 5
10 27 4
10 28 5
10 30 8
10 32 9
10 35 10
10 41 3
11 12 10
11 13 3
11 15 5
11 17 1
11 19 7
11 20 10
11 22 10
11 24 7
11 28 9
11 30 1
11 31 10
11 37 8
11 38 1
11 41 7
12 13 2
12 15 10
12 16 5
12 17 5
12 19 4
12 20 8
12 21 3
12 23 4
12 26 8
12 27 8
12 28 4
12 29 10
12 30 9
12 31 4
12 32 7
12 33 7
12 36 3
12 37 2
12 40 9
12 41 5
13 15 8
13 16 7
13 17 9
13 19 4
13 20 6
13 23 8
13 25 2
13 27 1
13 28 8
13 29 7
13 35 7
13 36 8
13 37 3
13 38 6
13 39 2
13 40 9
14 15 7
14 16 8
14 18 2
14 19 10
14 20 4
14 22 6
14 26 9
14 27 8
14 28 6
14 30 2
14 32 8
14 34 1
14 36 7
14 37 4
14 38 2
14 39 9
14 41 4
15 17 4
15 19 1
15 21 8
15 22 10
15 24 5
15 28 10
15 29 4
15 30 10
15 32 2
15 33 1
15 34 7
15 35 2
15 38 1
15 39 7
15 41 1
16 18 5
16 21 8
16 23 2
16 26 10
16 28 9
16 29 3
16 30 9
16 32 8
16 34 5
16 36 5
16 37 5
17 22 3
17 23 7
17 26 1
17 29 6
17 30 10
17 32 2
17 36 4
17 40 2
18 19 7
18 20 2
18 21 6
18 23 1
18 25 10
18 26 6
18 30 3
18 31 3
18 33 7
18 35 1
18 39 8
18 40 7
19 22 2
19 23 9
19 24 10
19 26 5
19 28 10
19 29 2
19 30 10
19 31 6
19 34 2
19 35 1
19 36 2
19 37 8
19 41 4
20 21 8
20 23 7
20 27 9
20 35 1
20 37 4
20 39 3
20 40 4
21 23 8
21 24 7
21 26 6
21 28 10
21 30 3
21 31 9
21 34 7
21 37 8
21 38 7
21 40 9
21 41 6
22 25 4
22 27 9
22 29 4
22 30 5
22 32 10
22 36 5
22 40 6
23 24 6
23 25 6
23 27 1
23 28 2
23 31 5
23 33 2
23 34 1
23 38 6
23 39 8
23 40 7
24 25 3
24 26 10
24 29 8
24 30 2
24 32 7
24 33 8
24 34 8
24 36 6
24 38 9
24 40 8
25 26 7
25 29 9
25 30 5
25 33 5
25 38 2
25 39 8
25 40 4
25 41 3
26 29 5
26 30 4
26 31 10
26 32 5
26 34 9
26 35 1
26 40 7
26 41 8
27 28 5
27 29 5
27 30 2
27 34 1
27 39 9
27 40 1
28 31 7
28 35 1
28 36 2
28 37 7
28 38 2
28 39 10
28 41 6
29 30 8
29 33 3
29 36 1
29 39 4
29 40 10
30 31 10
30 32 9
30 34 3
30 37 10
30 39 5
30 40 1
30 41 6
31 32 4
31 34 2
32 35 3
32 36 2
32 40 7
33 36 3
33 38 7
33 39 5
34 38 6
34 39 1
34 41 4
35 36 4
36 38 4
36 40 8
36 41 3
37 38 6
37 41 10
38 39 3
38 40 5
39 40 4
39 41 1
