86 1774
0 1 4522
0 2 6497
0 5 4947
0 9 5993
0 10 446
0 11 1990
0 13 3772
0 14 3423
0 15 6087
0 16 9712
0 20 8081
0 21 9306
0 24 7815
0 30 4891
0 31 3948
0 32 8528
0 34 5075
0 35 5639
0 36 3343
0 37 5229
0 38 2928
0 44 5543
0 45 4988
0 46 3873
0 50 6321
0 51 7680
0 53 3474
0 54 2712
0 55 8807
0 58 981
0 59 9050
0 60 6813
0 63 2008
0 64 3314
0 68 8733
0 74 9251
0 77 4966
0 80 4135
1 2 1169
1 3 5892
1 4 9074
1 5 2427
1 6 692
1 8 4112
1 9 2763
1 12 2339
1 14 6034
1 15 3834
1 16 2614
1 19 7323
1 20 7199
1 21 2073
1 22 6000
1 24 8036
1 29 9332
1 32 420
1 41 5653
1 42 9951
1 43 3444
1 45 7018
1 48 723
1 53 3243
1 54 6929
1 55 844
1 60 8922
1 61 8548
1 64 2260
1 66 5556
1 74 6065
1 78 3420
1 79 3256
1 80 5233
1 83 1675
1 84 3995
1 85 4094
2 4 5147
2 5 9544
2 7 1289
2 8 1043
2 9 1519
2 11 9904
2 12 7507
2 13 1883
2 14 1292
2 16 6053
2 18 30
2 22 1882
2 23 9958
2 25 6713
2 34 6273
2 36 2117
2 39 4231
2 41 4542
2 43 5365
2 45 3018
2 47 7350
2 52 1865
2 53 8704
2 57 229
2 58 8187
2 59 6846
2 60 9162
2 63 7794
2 64 3931
2 65 7171
2 70 9383
2 71 6169
2 72 5000
2 79 1996
2 80 5464
2 81 5452
2 84 2737
3 5 7406
3 6 2554
3 9 4429
3 11 7411
3 12 3946
3 15 5742
3 16 9578
3 19 2029
3 26 8060
3 27 2754
3 28 3573
3 29 2478
3 30 703
3 33 7945
3 34 7693
3 35 6695
3 39 5020
3 40 7572
3 41 3466
3 43 7754
3 45 3367
3 47 9537
3 48 1941
3 49 75
3 52 9252
3 53 2598
3 60 7492
3 61 9999
3 63 5400
3 64 6579
3 65 2397
3 72 2981
3 73 7515
3 75 4408
3 77 4252
3 78 3661
3 81 3143
3 82 1023
3 84 4971
3 85 7974
4 5 303
4 9 3199
4 12 7577
4 13 700
4 16 717
4 19 538
4 21 8295
4 23 3699
4 24 7006
4 25 6383
4 27 5429
4 28 8730
4 32 5732
4 33 388
4 34 8478
4 35 9140
4 36 8964
4 37 963
4 39 6094
4 40 5131
4 41 5003
4 42 183
4 43 456
4 46 2632
4 49 9902
4 51 9208
4 53 2071
4 54 3378
4 55 6653
4 59 4077
4 61 3079
4 65 9977
4 66 5598
4 69 4043
4 70 5466
4 71 4144
4 73 7363
4 74 7396
4 76 9924
4 79 3967
4 80 2493
4 82 3351
4 83 6797
5 6 8376
5 7 3297
5 11 7410
5 12 4579
5 14 3267
5 15 6181
5 18 6773
5 19 5276
5 22 1537
5 23 2897
5 25 9273
5 27 242
5 29 7583
5 30 2532
5 31 1062
5 33 817
5 34 9088
5 36 5290
5 37 786
5 38 3222
5 40 5964
5 42 3316
5 45 9008
5 46 3778
5 47 6809
5 49 3688
5 50 4148
5 53 4143
5 55 8076
5 58 5869
5 64 7475
5 66 8961
5 69 4432
5 70 8564
5 72 5046
5 73 6369
5 74 3986
5 79 866
5 80 9989
5 81 8721
5 82 5726
5 83 2233
5 84 1670
6 8 7473
6 9 9256
6 10 2152
6 11 4540
6 12 8498
6 14 4041
6 17 4216
6 21 3579
6 25 8628
6 28 7598
6 30 3014
6 31 4525
6 32 5763
6 34 118
6 37 3379
6 39 6155
6 40 4119
6 41 9752
6 42 1845
6 45 2580
6 55 200
6 56 1265
6 57 1761
6 61 8020
6 63 1527
6 64 6115
6 66 9853
6 69 7625
6 75 463
6 78 1770
6 82 6815
6 83 5009
6 84 5638
7 10 9089
7 11 4406
7 16 2026
7 19 5293
7 22 4819
7 24 7901
7 26 3067
7 27 6224
7 29 4065
7 30 6472
7 32 7128
7 33 9453
7 35 4635
7 36 7380
7 37 4017
7 38 7452
7 44 4666
7 46 236
7 49 5227
7 51 8960
7 52 5285
7 53 9029
7 58 4617
7 59 8280
7 61 2725
7 62 2693
7 63 6205
7 64 9296
7 65 721
7 66 1690
7 68 8955
7 72 318
7 73 7077
7 76 3221
7 77 2972
7 78 7719
7 79 9270
7 80 5144
7 81 3229
7 84 8664
8 9 1400
8 10 9101
8 11 7446
8 18 8699
8 21 1351
8 25 1136
8 26 7750
8 29 8391
8 30 4249
8 31 6152
8 33 4621
8 34 5270
8 37 5604
8 38 6908
8 40 6559
8 41 3296
8 42 4944
8 48 250
8 49 1922
8 50 6970
8 52 3327
8 55 7444
8 57 2868
8 59 8696
8 62 6244
8 64 929
8 69 8401
8 71 9432
8 74 8414
8 76 3554
8 80 3744
8 82 5355
8 85 6294
9 10 968
9 13 1774
9 15 2785
9 18 8956
9 19 5119
9 20 8248
9 23 9439
9 24 4161
9 27 2780
9 28 1521
9 29 3104
9 32 9991
9 35 2640
9 41 2403
9 42 5595
9 43 2704
9 44 6352
9 45 8790
9 46 9515
9 47 3980
9 48 719
9 50 4240
9 51 1792
9 52 1042
9 53 8033
9 55 5896
9 56 9339
9 59 3592
9 60 1685
9 61 6322
9 64 8824
9 65 6947
9 66 2086
9 67 2869
9 68 1867
9 69 6130
9 71 8282
9 72 4839
9 73 1666
9 74 1447
9 77 9519
9 78 3326
9 79 2757
9 81 914
9 85 1224
10 15 2348
10 16 9153
10 17 1441
10 20 3994
10 21 4297
10 22 1477
10 23 2659
10 24 6008
10 26 1844
10 27 2201
10 28 5752
10 29 9188
10 30 5775
10 33 2519
10 37 1804
10 39 2047
10 42 5674
10 43 724
10 45 4434
10 47 564
10 48 2045
10 49 9229
10 51 5153
10 54 4780
10 55 6899
10 60 5341
10 62 5264
10 63 1416
10 66 8178
10 74 6540
10 75 1636
10 79 7025
10 80 3372
10 82 5515
10 83 8070
11 12 3103
11 13 7640
11 15 9575
11 16 1055
11 19 5448
11 22 618
11 23 7499
11 24 8766
11 26 423
11 30 1348
11 34 8073
11 36 9465
11 44 3403
11 46 1930
11 48 4685
11 53 7675
11 54 2426
11 61 56
11 62 7870
11 67 8431
11 69 5937
11 70 6782
11 77 5239
11 80 9401
11 81 4619
11 82 2994
12 13 5155
12 16 1051
12 17 8737
12 18 7092
12 21 1184
12 22 5149
12 23 797
12 28 8079
12 30 5282
12 34 7842
12 37 4837
12 38 7558
12 43 5066
12 45 802
12 48 3435
12 50 2141
12 54 6798
12 56 6591
12 58 7118
12 61 4764
12 62 9291
12 63 9676
12 68 3771
12 69 6005
12 70 5219
12 72 3817
12 74 9072
12 75 9847
12 80 1312
12 81 5344
13 18 4047
13 22 8150
13 23 5723
13 27 4951
13 28 5972
13 30 7795
13 32 4071
13 35 3754
13 36 4173
13 38 1732
13 39 8695
13 40 5824
13 43 9584
13 46 1699
13 47 9892
13 49 4171
13 51 2089
13 53 8703
13 57 4520
13 58 4367
13 59 2100
13 60 8953
13 61 3042
13 62 1895
13 63 2702
13 65 2920
13 66 2691
13 67 5053
13 69 819
13 70 1813
13 74 2526
13 77 7681
13 84 4885
13 85 9827
14 17 6199
14 18 7172
14 21 3600
14 24 1080
14 25 5152
14 26 5056
14 29 4168
14 30 6616
14 34 227
14 36 2490
14 37 5334
14 38 7394
14 40 1045
14 41 244
14 43 1702
14 44 6751
14 45 6666
14 46 568
14 47 7617
14 49 5688
14 50 6382
14 52 9158
14 55 9311
14 56 8095
14 59 3500
14 60 7917
14 65 4530
14 66 4063
14 67 878
14 70 9622
14 71 6151
14 72 8462
14 76 6869
14 77 6417
14 78 4912
14 82 6754
15 18 1847
15 21 524
15 22 7510
15 23 1353
15 27 8337
15 30 1622
15 33 7117
15 35 3835
15 39 4304
15 42 5340
15 44 3240
15 45 6789
15 48 8112
15 49 9149
15 50 976
15 51 8503
15 59 7986
15 66 5864
15 67 9629
15 70 4105
15 72 3077
15 73 2483
15 74 4892
15 75 7968
15 76 5585
15 77 5905
15 78 4882
15 79 162
15 80 9301
15 81 138
15 82 4279
15 84 9959
15 85 2459
16 18 9393
16 19 572
16 20 5146
16 21 6586
16 22 2474
16 23 490
16 25 865
16 27 2381
16 28 8340
16 29 9597
16 33 6102
16 35 5873
16 37 9965
16 40 6643
16 44 5724
16 47 6743
16 48 5979
16 51 9963
16 52 737
16 53 579
16 54 4125
16 55 9901
16 56 3369
16 57 46
16 58 4097
16 59 4652
16 61 8135
16 65 7716
16 66 2253
16 68 9857
16 69 533
16 70 4104
16 72 1812
16 74 6854
16 75 6567
16 76 2291
16 77 2372
16 79 8649
16 80 1460
16 82 6597
16 84 1223
17 18 4593
17 19 8668
17 21 1431
17 22 1217
17 25 8905
17 27 7630
17 28 5748
17 30 937
17 31 1040
17 32 8353
17 34 5202
17 36 8801
17 37 9930
17 42 1705
17 44 345
17 45 8149
17 53 6992
17 54 4288
17 57 8386
17 59 8566
17 60 4730
17 61 3854
17 64 5669
17 66 4334
17 67 8430
17 70 4786
17 71 2684
17 72 5536
17 73 8054
17 74 1459
17 75 6630
17 80 3424
17 84 6679
18 20 3295
18 21 1869
18 22 2992
18 23 369
18 25 912
18 26 2333
18 29 5811
18 32 4440
18 34 2806
18 36 8261
18 38 7661
18 42 7597
18 50 7995
18 52 5807
18 55 279
18 56 9389
18 58 7112
18 59 5261
18 61 8379
18 63 8997
18 66 6006
18 67 7853
18 68 4124
18 70 3743
18 71 641
18 77 3548
18 79 5195
18 80 8883
18 82 2337
18 84 9433
19 22 164
19 25 5079
19 26 3076
19 28 8978
19 31 6207
19 33 6744
19 35 8553
19 38 8017
19 40 1949
19 41 5213
19 45 9611
19 52 8761
19 57 430
19 58 6253
19 59 8258
19 60 7631
19 61 3718
19 62 4883
19 63 2176
19 64 5782
19 65 2435
19 67 903
19 68 3789
19 70 1551
19 73 9851
19 75 5729
19 76 9733
19 77 5123
19 78 7820
19 79 4936
19 80 6467
19 84 2396
19 85 9731
20 21 4690
20 22 5830
20 24 385
20 26 822
20 32 7522
20 33 2338
20 34 305
20 35 6819
20 36 511
20 37 5990
20 40 8671
20 44 9781
20 45 4914
20 46 739
20 47 2921
20 50 9141
20 54 8271
20 55 1532
20 57 5911
20 58 3184
20 59 898
20 60 1505
20 62 8954
20 63 5551
20 64 7738
20 67 2715
20 71 2731
20 74 4585
20 75 9626
20 78 4198
20 79 7304
20 81 287
20 82 6481
21 24 1375
21 25 5611
21 26 336
21 28 9786
21 29 1763
21 30 5906
21 31 6249
21 33 7766
21 35 4335
21 36 8881
21 37 5918
21 38 9993
21 40 1388
21 41 5867
21 42 7455
21 43 3198
21 45 6570
21 46 6863
21 49 4706
21 52 2422
21 54 9893
21 58 677
21 62 7113
21 64 4035
21 66 3114
21 68 6263
21 69 7863
21 71 5420
21 72 9501
21 77 7729
21 79 4044
21 83 908
22 23 4838
22 25 3382
22 26 8794
22 27 7547
22 29 3493
22 30 2345
22 34 5010
22 40 6088
22 41 3649
22 42 6223
22 43 3953
22 46 3324
22 47 6948
22 48 8000
22 52 7749
22 53 1700
22 54 1245
22 56 6221
22 59 1366
22 63 8423
22 65 6879
22 66 8744
22 70 5098
22 71 487
22 73 6858
22 74 6063
22 75 8874
22 76 6822
22 78 5201
22 79 8472
22 80 8798
22 81 5582
22 82 9328
22 83 1363
22 84 4028
23 25 7677
23 26 7776
23 28 4974
23 36 4805
23 37 8688
23 40 2475
23 41 2496
23 42 5671
23 44 8481
23 45 5931
23 46 9862
23 49 1311
23 51 7880
23 54 7860
23 57 5678
23 58 3626
23 60 159
23 63 1270
23 64 1057
23 65 4701
23 68 7325
23 70 9133
23 71 1387
23 75 7926
23 78 2309
23 79 2597
23 81 1841
23 84 4636
23 85 5728
24 25 8181
24 26 3790
24 27 8526
24 28 9660
24 29 3833
24 30 3177
24 33 9552
24 36 8420
24 37 4760
24 38 8158
24 39 2458
24 40 5887
24 42 1153
24 43 3137
24 45 5771
24 49 3045
24 50 9580
24 51 593
24 52 9922
24 53 6489
24 58 151
24 61 4114
24 64 4458
24 65 5461
24 67 9283
24 68 3016
24 74 7220
24 77 8092
24 81 1355
24 84 382
24 85 9796
25 28 2553
25 29 3201
25 35 5199
25 36 7353
25 38 3518
25 39 8513
25 42 7605
25 48 5632
25 51 7581
25 53 3604
25 56 1344
25 60 8530
25 61 3338
25 62 1772
25 64 8038
25 65 1857
25 67 7009
25 68 7389
25 70 7715
25 72 2843
25 73 5947
25 76 4442
25 79 81
25 80 6216
25 82 8627
25 83 1192
25 84 5703
26 33 3929
26 37 997
26 38 2236
26 40 7643
26 44 9995
26 45 4845
26 46 9452
26 50 282
26 51 9118
26 52 3239
26 53 4302
26 54 9539
26 55 7952
26 57 2805
26 58 3120
26 60 4709
26 69 179
26 70 8142
26 72 6940
26 76 9460
26 79 581
26 82 4075
26 83 1584
26 84 8202
26 85 9002
27 30 2392
27 32 6208
27 33 177
27 34 6057
27 35 2808
27 36 6752
27 41 1382
27 42 2460
27 43 8727
27 44 5139
27 48 2766
27 49 3273
27 52 7268
27 54 8022
27 55 2983
27 57 7562
27 58 8413
27 59 1283
27 60 6411
27 62 6765
27 63 411
27 66 2768
27 67 830
27 70 9831
27 71 2901
27 73 2942
27 78 8260
27 79 7855
27 81 4526
27 82 6344
28 29 5938
28 35 4415
28 38 8770
28 42 6406
28 44 5057
28 45 6308
28 47 4741
28 48 4439
28 51 6329
28 53 8403
28 54 1362
28 55 6839
28 56 2156
28 57 6046
28 61 8968
28 63 1352
28 64 3097
28 66 2848
28 68 4453
28 70 9879
28 72 2056
28 73 300
28 77 1927
28 82 8244
28 83 6414
28 85 1491
29 31 600
29 32 3489
29 35 1039
29 36 4217
29 39 7508
29 40 3290
29 41 3448
29 42 8426
29 43 7198
29 44 4165
29 45 4205
29 47 7826
29 48 144
29 50 7836
29 52 5710
29 53 1648
29 55 8895
29 56 1451
29 61 29
29 64 1221
29 65 907
29 66 5546
29 67 2359
29 69 6260
29 71 444
29 72 738
29 73 3943
29 76 4849
29 77 6935
29 78 7186
29 79 9728
29 80 5074
29 84 880
30 33 2111
30 36 6831
30 39 6330
30 41 2384
30 42 6557
30 43 3028
30 45 4306
30 49 7387
30 51 4027
30 52 366
30 53 1855
30 54 9533
30 56 4354
30 59 1567
30 60 7518
30 63 953
30 64 2735
30 66 6174
30 67 8357
30 69 7460
30 70 567
30 71 4751
30 72 8670
30 74 2419
30 75 7982
30 76 8328
30 78 5036
30 79 8680
30 80 3582
30 82 4300
30 83 2351
30 85 9035
31 32 1269
31 33 8898
31 34 2204
31 35 5022
31 36 2268
31 39 1220
31 44 8602
31 45 6656
31 47 2276
31 50 4930
31 52 2217
31 60 1167
31 63 2686
31 64 4748
31 65 1602
31 66 7235
31 67 9798
31 68 1576
31 71 6453
31 72 8878
31 74 1238
31 75 1418
31 76 9444
31 77 132
31 78 5825
31 80 7404
31 82 9889
31 83 7981
31 85 2099
32 33 6159
32 38 7909
32 40 3619
32 41 2031
32 46 9105
32 47 6396
32 48 6636
32 53 3064
32 55 1094
32 56 1126
32 58 577
32 62 8993
32 64 7403
32 68 688
32 73 1768
32 74 1849
32 75 8088
32 77 3443
32 78 390
32 79 3857
32 80 2511
32 81 8638
32 82 6380
32 84 6064
33 34 3590
33 36 5359
33 37 6186
33 39 2908
33 40 9834
33 41 5530
33 46 4413
33 48 8832
33 49 4832
33 50 812
33 54 4576
33 55 2467
33 56 4968
33 57 4255
33 60 8221
33 61 9239
33 62 6393
33 63 1560
33 64 9201
33 66 2904
33 69 7840
33 73 51
33 74 441
33 77 2585
33 81 1633
33 83 2944
33 84 712
34 35 8236
34 37 6509
34 38 5772
34 39 4464
34 40 4769
34 42 8915
34 44 3395
34 45 3399
34 48 7798
34 53 871
34 56 1372
34 58 4192
34 59 6734
34 61 5444
34 63 6760
34 65 6670
34 66 3030
34 67 3469
34 68 4817
34 71 4894
34 72 9106
34 73 7185
34 77 3148
34 79 5244
34 82 4840
34 83 5881
34 85 2133
35 37 6473
35 38 3768
35 39 6601
35 40 9807
35 41 6610
35 45 127
35 46 1394
35 51 1540
35 56 3617
35 58 4779
35 59 2628
35 61 1624
35 67 196
35 68 5023
35 69 5162
35 71 6179
35 73 4495
35 75 9412
35 76 5051
35 77 3738
35 78 5516
35 79 5575
35 83 4117
35 84 3566
35 85 2919
36 37 6390
36 39 412
36 41 3916
36 43 5954
36 44 2542
36 45 5930
36 47 9226
36 49 8123
36 52 1563
36 57 8367
36 58 9419
36 59 7535
36 60 744
36 62 1791
36 64 5181
36 66 1194
36 67 2518
36 68 5301
36 71 7714
36 75 9981
36 77 7030
36 78 4742
36 79 1668
36 80 3302
36 81 8484
36 83 4859
36 85 4700
37 39 3168
37 40 8329
37 42 2229
37 48 166
37 49 6409
37 51 1309
37 52 9098
37 53 3851
37 55 1948
37 56 7959
37 57 1300
37 61 2898
37 67 9558
37 68 9843
37 70 7922
37 71 6120
37 72 5970
37 73 2476
37 75 1326
37 77 3766
37 79 6443
37 80 7467
37 81 2036
37 85 2489
38 42 146
38 46 6503
38 51 8231
38 53 8604
38 56 3728
38 61 1534
38 62 6771
38 63 8316
38 64 3388
38 65 3323
38 66 8246
38 68 6269
38 70 7929
38 73 4583
38 74 2871
38 75 8314
38 78 4738
38 79 9669
38 82 2783
38 84 2432
39 43 9354
39 44 407
39 45 3885
39 46 6154
39 48 466
39 51 7858
39 55 5140
39 57 2128
39 58 5676
39 59 8010
39 60 2831
39 62 729
39 63 3644
39 64 9865
39 72 2638
39 74 7596
39 76 7636
39 77 4913
39 78 4176
39 80 9503
39 84 1793
40 41 2625
40 42 7079
40 43 8220
40 44 1256
40 45 4514
40 47 9340
40 48 2181
40 49 7932
40 51 4544
40 52 845
40 56 1411
40 58 2572
40 59 5280
40 60 165
40 61 8677
40 62 12
40 63 7530
40 64 2949
40 65 9483
40 66 6488
40 68 4055
40 70 7132
40 71 9457
40 72 9962
40 74 6086
40 78 9610
40 80 8074
40 81 2594
40 83 3397
40 84 1749
40 85 3095
41 43 2560
41 50 1279
41 52 3891
41 54 2183
41 56 1420
41 57 8576
41 58 4149
41 59 4274
41 60 7167
41 61 4521
41 62 8675
41 64 4045
41 66 3749
41 68 6720
41 71 3105
41 72 7662
41 73 1499
41 74 7977
41 76 4382
41 78 4454
41 79 7912
41 80 3525
41 82 6364
41 84 5256
41 85 8582
42 43 9360
42 44 2672
42 45 7080
42 47 9297
42 48 7852
42 49 418
42 51 2491
42 52 8804
42 53 1407
42 55 1625
42 59 2413
42 63 3344
42 64 8404
42 67 760
42 69 9470
42 71 1443
42 73 6770
42 74 4407
42 76 2028
42 77 6914
42 81 9913
42 84 5963
43 47 2020
43 48 1331
43 49 6270
43 51 5985
43 52 7039
43 53 8
43 54 7760
43 57 4856
43 63 4518
43 64 1404
43 67 6095
43 68 2457
43 71 9523
43 73 1554
43 74 9778
43 75 8982
43 79 2589
43 80 7483
43 81 7908
43 82 554
43 84 5116
44 45 665
44 50 3322
44 52 6985
44 53 3093
44 54 9661
44 56 5899
44 57 553
44 58 3040
44 63 4224
44 65 3874
44 68 8719
44 69 1660
44 72 2600
44 73 893
44 75 4625
44 78 3072
44 79 4387
44 81 5479
44 82 1237
44 83 6237
44 84 8739
45 59 2312
45 61 7993
45 65 294
45 66 6855
45 68 5110
45 70 6873
45 73 92
45 80 5960
45 81 2112
45 82 5832
45 84 8820
46 50 1186
46 51 7724
46 52 8277
46 53 8046
46 54 9317
46 61 2257
46 62 7778
46 63 3407
46 65 5347
46 67 4203
46 68 3836
46 69 711
46 70 5263
46 71 3733
46 73 3384
46 75 9871
46 78 7423
46 83 3947
46 85 7115
47 52 5967
47 54 3860
47 55 8126
47 57 5457
47 59 3197
47 60 6445
47 62 1401
47 63 2002
47 69 9529
47 70 7902
47 71 2956
47 72 7931
47 78 1211
47 79 8890
47 80 4019
47 83 7319
47 84 6954
47 85 1219
48 49 3848
48 51 8778
48 54 32
48 63 9003
48 66 1839
48 67 791
48 70 5128
48 73 9041
48 77 5088
48 79 2547
48 85 4884
49 51 1663
49 53 1709
49 55 7045
49 57 5498
49 59 8007
49 62 307
49 65 6749
49 68 1266
49 70 185
49 76 1385
49 77 1393
49 78 8103
49 80 1824
49 82 2719
49 83 9992
49 85 224
50 51 7438
50 57 4138
50 61 9873
50 66 3622
50 67 9284
50 69 1384
50 74 1489
50 75 4672
50 78 7777
50 79 1829
50 83 9916
50 84 1424
50 85 8171
51 52 705
51 56 4145
51 58 5520
51 59 5550
51 60 4803
51 61 6836
51 62 4313
51 63 3362
51 64 3390
51 65 5640
51 72 9416
51 73 5062
51 74 3061
51 76 9826
51 77 5137
51 78 2543
51 82 4290
51 85 5776
52 53 406
52 59 409
52 60 3922
52 63 5586
52 66 4178
52 67 4768
52 69 3690
52 70 7745
52 74 7240
52 75 7292
52 76 3715
52 79 6054
52 81 5880
52 83 7076
52 84 467
52 85 7352
53 55 8416
53 58 2938
53 61 3511
53 63 8525
53 67 2013
53 70 8593
53 71 8783
53 72 6373
53 73 2755
53 75 5628
53 78 1135
53 80 5650
53 82 669
53 85 7261
54 57 9445
54 60 2404
54 62 6361
54 65 8467
54 66 7016
54 69 6190
54 70 989
54 75 2943
54 76 7120
54 77 2149
54 78 129
54 79 1091
54 80 2425
54 81 1174
54 82 3669
54 84 2088
54 85 6581
55 59 1453
55 60 470
55 62 1291
55 63 7555
55 67 3150
55 68 6292
55 69 2453
55 73 9514
55 77 1322
55 82 2123
56 57 8297
56 58 4470
56 63 9176
56 65 493
56 66 1649
56 69 9266
56 70 4932
56 71 78
56 72 1107
56 73 776
56 74 4752
56 75 4986
56 77 3527
56 78 310
57 58 7864
57 59 471
57 60 6814
57 61 1574
57 62 3805
57 63 2663
57 64 4000
57 66 8568
57 67 5353
57 68 3454
57 69 7765
57 71 5737
57 72 1137
57 74 3650
57 76 6729
57 78 7844
57 81 8870
57 83 827
58 61 859
58 63 7095
58 64 6555
58 65 8441
58 66 6502
58 68 2120
58 69 4739
58 71 8621
58 72 4908
58 73 3837
58 74 7037
58 75 4480
58 76 5919
58 78 4018
58 79 3223
58 83 7147
59 60 1157
59 61 543
59 62 8305
59 65 5369
59 68 6638
59 69 7493
59 72 4147
59 75 589
59 77 4081
59 78 4175
59 80 775
59 81 38
59 82 9793
59 84 1724
60 61 4872
60 64 8039
60 67 8368
60 68 6479
60 72 5109
60 74 4364
60 75 4116
60 76 3191
60 80 148
60 82 1323
60 84 7775
61 62 6600
61 63 2145
61 64 4169
61 66 4626
61 67 5685
61 68 726
61 70 492
61 71 4766
61 74 8344
61 77 6004
61 78 2300
61 80 1132
61 84 7746
62 64 3009
62 68 6430
62 72 3855
62 74 2225
62 80 8847
62 81 1954
62 82 2050
62 84 9495
62 85 7564
63 64 9359
63 65 1848
63 66 7183
63 69 3499
63 70 1591
63 71 1364
63 72 8831
63 75 7284
63 77 3596
63 78 3913
63 80 3962
63 82 3441
63 83 6138
63 85 2748
64 66 5138
64 69 7223
64 72 1342
64 79 4020
64 81 2999
64 83 6727
64 84 7914
65 69 6950
65 71 1074
65 73 6052
65 76 8157
65 85 7668
66 67 7474
66 68 8869
66 69 5917
66 70 176
66 72 3175
66 74 9968
66 75 5648
66 77 5953
66 78 4527
66 79 5787
66 80 9152
66 85 66
67 71 6962
67 72 8116
67 73 1623
67 74 4680
67 75 5898
67 76 5070
67 80 5552
67 82 4814
67 83 4220
67 85 8625
68 69 8742
68 71 2651
68 72 6812
68 77 956
68 80 5169
68 81 7667
68 82 2902
68 83 8050
68 85 5423
69 71 7347
69 72 675
69 74 2858
69 75 6620
69 76 2365
69 81 5837
70 71 6378
70 72 2140
70 73 7451
70 74 2407
70 75 2452
70 77 9632
70 78 8309
70 79 5848
70 82 2189
70 83 7900
70 84 6376
71 74 9390
71 75 3124
71 77 3122
71 79 7215
71 80 7270
71 82 3480
71 84 11
72 74 7471
72 75 489
72 76 794
72 79 7312
72 84 2321
73 81 9588
73 82 6910
74 75 8247
74 77 7996
74 80 2797
74 84 1391
74 85 4296
75 76 894
75 77 2937
75 78 7133
75 82 5596
75 84 2817
76 79 6515
76 80 7785
76 84 7525
77 79 7642
77 81 8109
77 85 3019
78 79 2304
78 80 4160
78 85 3203
79 80 8786
79 81 4074
79 84 4448
79 85 230
80 82 4076
80 84 8077
81 82 442
81 84 7741
81 85 8006
82 83 4834
83 85 5310
84 85 9683
