56 818
0 1 2
0 2 3
0 4 7
0 7 9
0 10 10
0 11 9
0 12 1
0 13 5
0 15 2
0 16 7
0 17 8
0 18 3
0 20 9
0 22 7
0 23 10
0 24 7
0 25 3
0 28 8
0 29 7
0 34 3
0 35 6
0 36 3
0 37 1
0 39 3
0 41 7
0 44 7
0 45 1
0 47 1
0 48 1
0 50 10
0 53 7
1 3 2
1 6 8
1 8 10
1 9 8
1 10 5
1 11 10
1 12 8
1 14 3
1 16 4
1 18 10
1 19 9
1 21 10
1 22 7
1 24 9
1 26 2
1 28 7
1 30 7
1 31 7
1 32 10
1 34 7
1 36 8
1 37 10
1 40 10
1 41 1
1 44 10
1 46 8
1 54 7
2 3 3
2 5 8
2 6 7
2 9 7
2 10 5
2 11 3
2 12 9
2 14 1
2 15 8
2 18 9
2 19 1
2 20 1
2 21 5
2 25 9
2 27 4
2 28 5
2 29 5
2 30 1
2 32 9
2 33 10
2 34 5
2 35 7
2 37 1
2 40 9
2 41 8
2 42 6
2 43 3
2 44 6
2 45 10
2 47 4
2 49 7
2 50 1
2 51 1
2 52 2
2 55 1
3 4 6
3 5 9
3 6 9
3 7 1
3 8 7
3 10 9
3 13 7
3 14 8
3 15 4
3 16 2
3 18 1
3 19 2
3 20 6
3 21 8
3 23 10
3 25 4
3 27 2
3 31 3
3 32 6
3 34 2
3 41 5
3 43 8
3 46 4
3 48 9
3 49 4
3 51 10
3 54 2
4 6 3
4 10 2
4 11 2
4 12 4
4 14 10
4 15 1
4 16 7
4 17 9
4 18 8
4 19 4
4 20 4
4 21 4
4 25 2
4 28 10
4 32 1
4 33 9
4 37 9
4 38 2
4 42 4
4 43 7
4 44 9
4 45 10
4 46 6
4 49 1
4 51 4
4 54 7
5 7 9
5 8 7
5 9 4
5 10 4
5 12 1
5 13 9
5 16 1
5 18 6
5 19 5
5 20 8
5 22 1
5 24 9
5 26 1
5 27 8
5 28 1
5 29 6
5 32 2
5 34 8
5 35 6
5 36 1
5 37 10
5 39 5
5 43 9
5 47 4
5 49 6
5 51 1
5 52 2
5 53 1
5 55 6
6 7 5
6 8 7
6 9 2
6 10 4
6 11 5
6 13 9
6 14 3
6 18 4
6 19 3
6 20 5
6 22 6
6 23 3
6 24 1
6 26 10
6 27 1
6 30 4
6 31 2
6 32 4
6 35 6
6 36 5
6 39 10
6 41 6
6 43 9
6 46 8
6 48 1
6 51 2
6 53 10
6 54 1
7 8 3
7 9 2
7 10 2
7 11 5
7 12 2
7 14 1
7 15 3
7 17 6
7 19 6
7 21 9
7 22 4
7 23 6
7 24 4
7 26 7
7 27 4
7 28 9
7 29 2
7 34 3
7 36 1
7 39 7
7 46 8
7 48 7
7 51 4
7 52 10
7 55 3
8 11 4
8 12 1
8 14 6
8 16 10
8 17 7
8 18 7
8 19 2
8 20 4
8 26 2
8 30 9
8 31 7
8 32 9
8 34 6
8 37 1
8 40 10
8 44 5
8 45 2
8 46 5
8 47 7
8 49 7
8 50 9
8 51 8
8 52 8
8 55 7
9 10 2
9 12 10
9 18 1
9 19 10
9 28 1
9 30 6
9 31 8
9 32 7
9 36 3
9 37 8
9 40 7
9 41 9
9 42 6
9 44 8
9 45 9
9 46 6
9 52 2
9 53 3
9 54 4
10 11 3
10 12 5
10 15 6
10 18 3
10 21 3
10 25 8
10 26 7
10 27 9
10 29 5
10 30 4
10 32 9
10 35 7
10 36 5
10 38 10
10 42 2
10 43 10
10 44 3
10 47 5
10 49 8
10 50 5
10 53 5
10 55 2
11 12 10
11 16 6
11 17 5
11 18 6
11 21 8
11 25 1
11 26 1
11 28 10
11 31 7
11 32 9
11 35 9
11 38 10
11 39 6
11 41 10
11 51 9
11 53 5
11 54 3
11 55 3
12 14 3
12 15 4
12 17 9
12 29 7
12 30 4
12 31 3
12 32 4
12 34 5
12 36 10
12 37 8
12 39 8
12 41 3
12 46 10
12 48 2
13 14 7
13 16 2
13 18 3
13 19 8
13 20 9
13 21 3
13 22 10
13 23 2
13 24 2
13 25 7
13 26 9
13 27 1
13 30 10
13 31 4
13 35 8
13 36 5
13 37 9
13 38 6
13 40 7
13 45 9
13 47 1
13 49 1
13 51 6
13 52 1
13 55 5
14 16 2
14 18 5
14 19 10
14 20 4
14 22 9
14 26 2
14 28 5
14 29 7
14 30 4
14 31 8
14 32 8
14 34 2
14 35 8
14 36 9
14 38 5
14 39 9
14 41 9
14 44 10
14 45 4
14 46 7
14 49 8
14 52 10
14 55 2
15 17 1
15 23 7
15 27 9
15 29 8
15 31 6
15 32 2
15 34 3
15 35 8
15 36 3
15 38 4
15 40 1
15 41 4
15 42 6
15 43 2
15 46 9
15 47 1
15 48 9
15 49 3
15 50 9
15 51 2
15 54 3
15 55 4
16 18 10
16 19 10
16 20 6
16 21 6
16 23 3
16 25 9
16 26 2
16 27 10
16 29 8
16 31 9
16 33 4
16 36 8
16 37 3
16 38 7
16 39 1
16 40 3
16 41 3
16 45 10
16 46 7
16 49 10
16 50 9
16 51 1
16 52 3
16 53 10
16 54 1
17 18 10
17 19 8
17 21 7
17 22 10
17 23 4
17 25 7
17 28 5
17 29 2
17 31 10
17 33 10
17 37 1
17 43 7
17 44 6
17 45 7
17 46 9
17 48 4
17 53 4
17 54 5
17 55 10
18 19 9
18 27 3
18 30 5
18 36 9
18 37 2
18 38 1
18 39 1
18 40 4
18 41 4
18 42 10
18 44 4
18 45 4
18 46 4
18 47 7
18 50 7
18 51 9
18 52 1
18 53 8
18 54 8
18 55 7
19 21 5
19 23 2
19 24 8
19 25 6
19 26 9
19 28 10
19 30 6
19 32 2
19 34 6
19 37 2
19 38 6
19 39 10
19 42 4
19 43 3
19 44 9
19 45 8
19 47 4
19 48 10
19 49 8
19 50 8
19 51 5
19 52 4
19 53 6
19 55 6
20 21 5
20 22 8
20 23 6
20 24 4
20 26 5
20 27 4
20 28 9
20 29 7
20 31 4
20 32 1
20 33 5
20 34 5
20 36 9
20 37 8
20 40 10
20 42 9
20 43 4
20 47 6
20 51 8
20 52 3
20 53 10
20 54 4
20 55 8
21 22 10
21 23 10
21 25 7
21 27 4
21 28 1
21 29 7
21 30 5
21 31 8
21 32 5
21 33 10
21 34 7
21 35 10
21 36 1
21 37 8
21 38 1
21 41 3
21 42 5
21 45 3
21 47 5
21 49 9
21 51 1
21 53 4
21 54 6
22 26 7
22 27 2
22 31 2
22 32 5
22 34 5
22 35 6
22 38 10
22 42 8
22 44 3
22 45 6
22 46 3
22 47 2
22 49 8
22 50 1
22 52 10
22 53 8
22 55 5
23 24 7
23 28 4
23 29 4
23 30 4
23 31 5
23 32 5
23 36 6
23 38 3
23 41 3
23 42 1
23 43 3
23 45 5
23 46 4
23 47 8
23 49 5
23 50 10
23 52 5
23 55 3
24 25 8
24 32 2
24 35 3
24 36 7
24 37 6
24 39 4
24 41 3
24 42 7
24 45 5
24 46 3
24 47 1
24 49 4
24 52 5
24 53 5
24 55 1
25 26 7
25 29 8
25 31 10
25 33 10
25 34 4
25 36 1
25 39 7
25 40 5
25 45 4
25 46 8
25 48 1
25 52 3
25 53 3
25 55 2
26 28 8
26 29 5
26 31 6
26 32 10
26 33 7
26 35 6
26 38 7
26 39 8
26 41 10
26 43 9
26 44 8
26 45 2
26 49 5
26 51 10
26 52 5
26 53 10
26 54 1
26 55 8
27 29 7
27 30 3
27 31 2
27 34 10
27 35 4
27 36 3
27 40 6
27 41 9
27 44 9
27 46 7
27 47 8
27 48 2
27 49 5
27 50 10
27 51 6
27 54 1
28 29 7
28 30 5
28 33 10
28 35 2
28 36 7
28 42 8
28 48 9
28 49 6
28 50 7
28 51 8
28 54 2
28 55 1
29 31 9
29 34 7
29 35 8
29 36 2
29 41 5
29 42 3
29 43 9
29 44 9
29 45 10
29 47 5
29 48 7
29 49 5
29 51 8
29 53 9
29 54 10
29 55 8
30 33 9
30 34 6
30 37 2
30 39 10
30 40 2
30 41 3
30 42 4
30 43 3
30 47 9
30 48 5
30 49 8
30 50 9
30 52 3
31 32 5
31 33 7
31 34 2
31 35 7
31 38 9
31 39 7
31 40 2
31 42 3
31 43 5
31 45 1
31 47 3
31 50 4
31 52 6
31 54 5
31 55 7
32 33 9
32 34 7
32 36 4
32 40 6
32 41 8
32 42 4
32 43 10
32 45 2
32 47 6
32 49 7
32 50 3
32 51 5
32 52 9
32 54 7
33 34 4
33 39 5
33 41 8
33 42 10
33 44 3
33 49 2
33 53 6
33 55 4
34 35 7
34 38 4
34 39 4
34 42 2
34 43 7
34 44 10
34 48 7
34 49 8
34 50 3
34 52 9
34 53 8
34 54 1
34 55 6
35 36 1
35 37 10
35 38 2
35 39 5
35 41 1
35 43 9
35 45 10
35 50 1
35 54 8
35 55 4
36 39 6
36 42 7
36 43 10
36 44 9
36 45 8
36 46 8
36 48 5
36 53 7
36 54 9
36 55 3
37 40 8
37 42 4
37 43 8
37 44 9
37 45 4
37 49 2
37 50 10
37 51 5
37 53 3
38 40 8
38 41 2
38 43 6
38 45 1
38 46 10
38 47 1
38 48 5
38 49 7
38 50 9
38 52 10
39 40 2
39 43 6
39 46 7
39 50 2
39 53 7
39 54 10
40 46 1
40 49 10
40 50 8
40 53 7
41 42 4
41 43 9
41 45 8
41 48 9
41 49 7
41 53 7
41 54 8
41 55 2
42 45 4
42 46 4
42 47 2
42 48 1
42 49 1
42 50 7
42 51 7
42 54 1
43 44 1
43 45 8
43 47 2
43 48 1
43 51 2
43 53 3
43 55 8
44 46 5
44 48 7
44 49 2
44 51 10
44 53 1
44 55 8
45 46 7
45 47 8
45 49 7
45 54 3
46 48 4
46 50 7
46 51 5
46 52 2
47 50 5
47 51 7
47 53 4
47 54 3
48 49 6
48 51 8
48 52 6
49 53 10
49 55 10
50 51 5
51 54 1
52 53 5
53 55 8
54 55 7
