0 1 1
0 4 1
0 5 8
0 7 9
0 8 5
0 9 3
0 12 7
0 14 5
0 15 2
0 16 2
0 25 5
0 26 6
0 29 6
0 30 3
0 34 8
0 35 5
0 38 8
0 39 5
0 41 1
0 43 10
0 44 3
0 45 8
0 46 2
0 47 5
0 50 5
0 51 8
0 53 7
0 57 6
0 60 3
1 2 10
1 3 5
1 4 9
1 6 9
1 7 3
1 8 7
1 11 5
1 12 3
1 14 1
1 16 2
1 19 6
1 23 3
1 26 7
1 28 7
1 29 7
1 30 9
1 33 5
1 34 3
1 35 7
1 37 5
1 38 7
1 39 7
1 40 5
1 43 6
1 44 3
1 45 6
1 46 1
1 47 10
1 49 3
1 51 9
1 52 1
1 53 2
1 54 3
1 57 5
1 58 2
1 59 10
2 3 10
2 5 6
2 8 9
2 9 7
2 10 3
2 11 9
2 12 6
2 13 3
2 15 2
2 16 4
2 20 9
2 21 3
2 26 10
2 29 9
2 30 9
2 34 2
2 35 7
2 36 9
2 38 9
2 39 5
2 41 8
2 43 10
2 45 2
2 48 10
2 53 6
2 55 1
2 56 5
2 57 6
2 58 2
2 60 2
3 4 4
3 6 6
3 8 7
3 9 5
3 10 2
3 11 6
3 14 2
3 18 2
3 24 4
3 26 6
3 27 6
3 29 6
3 32 10
3 34 8
3 36 9
3 37 7
3 40 6
3 42 6
3 43 9
3 44 7
3 47 10
3 49 7
3 50 10
3 51 5
3 53 6
3 54 10
3 55 9
3 58 10
3 59 1
4 6 3
4 9 1
4 10 9
4 11 5
4 13 8
4 15 4
4 16 4
4 18 10
4 19 7
4 23 7
4 24 4
4 26 3
4 27 4
4 29 4
4 31 7
4 34 5
4 37 7
4 38 9
4 39 9
4 41 3
4 42 2
4 43 10
4 44 2
4 46 2
4 50 10
4 53 2
4 55 6
4 56 4
4 57 8
4 58 4
5 8 1
5 10 2
5 12 2
5 14 10
5 16 7
5 20 9
5 21 5
5 25 7
5 26 10
5 29 3
5 31 6
5 35 3
5 36 8
5 39 6
5 40 4
5 41 4
5 46 5
5 47 8
5 48 4
5 49 2
5 50 4
5 51 3
5 52 10
5 54 8
5 55 2
5 57 1
5 60 9
6 7 3
6 8 3
6 9 9
6 10 5
6 14 7
6 15 7
6 16 7
6 17 7
6 21 8
6 24 5
6 28 9
6 29 4
6 31 5
6 32 3
6 34 9
6 35 9
6 36 10
6 39 9
6 40 7
6 43 6
6 44 2
6 47 5
6 48 2
6 50 8
6 51 4
6 53 9
6 55 3
6 58 7
6 60 10
7 9 6
7 11 6
7 14 2
7 15 2
7 16 8
7 18 8
7 19 1
7 30 1
7 31 9
7 32 5
7 34 9
7 35 6
7 36 8
7 37 2
7 40 8
7 42 4
7 43 6
7 44 8
7 46 8
7 48 5
7 50 4
7 51 7
7 52 6
7 57 7
7 59 4
7 60 3
8 9 3
8 14 9
8 16 2
8 17 10
8 18 3
8 19 9
8 23 7
8 26 9
8 29 8
8 30 6
8 31 6
8 33 4
8 34 8
8 35 4
8 37 5
8 39 1
8 41 3
8 42 2
8 43 9
8 44 10
8 45 8
8 48 5
8 53 1
8 56 7
8 57 4
8 58 8
8 60 9
9 12 4
9 14 8
9 19 3
9 21 4
9 23 9
9 25 10
9 27 6
9 28 4
9 30 10
9 33 1
9 34 10
9 37 7
9 38 8
9 41 2
9 42 4
9 43 3
9 45 6
9 49 10
9 51 3
9 52 7
9 55 8
9 57 8
9 60 8
10 11 5
10 13 8
10 15 7
10 18 1
10 23 5
10 25 6
10 26 9
10 29 5
10 31 5
10 32 2
10 33 4
10 35 10
10 36 4
10 37 5
10 39 4
10 41 6
10 42 7
10 44 1
10 49 9
10 50 7
10 53 1
10 57 4
10 58 6
11 14 7
11 16 9
11 18 8
11 19 3
11 23 7
11 26 7
11 27 4
11 28 6
11 29 2
11 30 10
11 33 7
11 37 6
11 39 8
11 47 8
11 48 9
11 49 2
11 50 7
11 54 10
11 55 2
11 56 2
11 57 5
11 58 8
11 59 3
12 15 8
12 16 8
12 17 6
12 18 8
12 19 1
12 21 8
12 22 2
12 27 3
12 28 5
12 30 2
12 32 10
12 37 4
12 38 4
12 39 7
12 40 6
12 41 6
12 46 3
12 47 7
12 48 9
12 52 5
12 53 5
12 56 3
12 57 9
12 59 5
13 15 5
13 16 6
13 17 4
13 19 2
13 22 2
13 24 6
13 25 9
13 28 8
13 29 3
13 32 2
13 33 2
13 35 3
13 45 5
13 47 6
13 49 2
13 50 7
13 52 9
13 53 2
13 54 4
13 56 9
13 57 9
13 58 5
13 59 2
14 19 9
14 20 6
14 24 5
14 26 1
14 27 8
14 30 9
14 31 7
14 33 4
14 36 10
14 38 5
14 39 1
14 41 10
14 44 1
14 47 7
14 49 5
14 50 4
14 51 4
14 52 1
14 53 3
14 57 1
14 59 7
14 60 8
15 16 7
15 21 9
15 24 5
15 26 7
15 29 8
15 30 6
15 32 7
15 33 2
15 37 10
15 43 10
15 44 5
15 45 1
15 48 8
15 50 10
15 53 5
15 56 7
15 60 9
16 18 4
16 19 3
16 20 8
16 23 1
16 26 5
16 27 4
16 28 1
16 33 8
16 39 9
16 40 5
16 41 3
16 42 10
16 43 7
16 44 10
16 47 6
16 49 9
16 50 2
16 54 7
16 55 9
16 58 5
16 59 10
16 60 10
17 18 1
17 20 4
17 27 5
17 31 3
17 39 10
17 40 3
17 41 9
17 42 6
17 43 1
17 44 10
17 46 10
17 48 5
17 49 7
17 52 7
17 53 10
17 55 6
17 56 9
17 58 4
18 22 8
18 23 4
18 24 3
18 27 3
18 29 3
18 32 1
18 33 5
18 34 9
18 35 1
18 36 4
18 37 9
18 40 5
18 42 2
18 45 7
18 49 5
18 53 5
18 54 7
18 55 4
18 56 7
18 57 5
18 58 5
18 60 9
19 20 9
19 23 6
19 27 2
19 31 6
19 32 4
19 35 9
19 36 3
19 37 9
19 39 10
19 40 10
19 41 3
19 42 8
19 45 1
19 47 7
19 51 10
19 54 2
19 55 6
20 31 10
20 36 5
20 37 3
20 44 2
20 48 9
20 53 10
20 57 1
20 60 5
21 25 2
21 27 10
21 29 8
21 30 7
21 32 1
21 34 6
21 37 9
21 41 6
21 42 5
21 45 2
21 48 9
21 51 3
21 52 8
21 53 4
21 55 4
21 56 3
21 58 5
22 23 2
22 25 9
22 28 8
22 29 3
22 31 7
22 32 7
22 34 9
22 37 3
22 38 7
22 40 9
22 41 9
22 42 4
22 45 7
22 47 2
22 49 8
22 50 10
22 51 3
22 52 10
22 54 9
22 55 9
22 57 4
22 58 3
22 59 7
23 25 9
23 26 1
23 27 10
23 28 3
23 29 1
23 30 8
23 31 10
23 35 5
23 36 1
23 38 2
23 39 8
23 42 7
23 43 2
23 45 5
23 46 5
23 50 7
23 51 8
23 53 7
23 55 9
23 56 7
23 57 1
23 58 6
23 59 1
24 26 1
24 27 3
24 28 1
24 30 7
24 31 7
24 32 2
24 34 5
24 36 5
24 38 5
24 42 5
24 45 1
24 47 9
24 50 6
24 51 7
24 54 4
24 57 7
24 59 10
24 60 10
25 27 10
25 30 5
25 31 5
25 37 2
25 38 7
25 42 2
25 43 7
25 44 8
25 47 3
25 49 2
25 50 5
25 51 4
25 52 4
25 53 1
25 54 7
25 55 3
25 56 2
25 57 6
25 59 8
26 27 8
26 29 8
26 30 2
26 32 7
26 33 6
26 35 5
26 36 4
26 37 2
26 38 7
26 39 9
26 40 7
26 43 3
26 47 8
26 50 8
26 51 9
26 53 1
26 55 6
26 57 5
26 58 1
26 59 4
26 60 3
27 28 3
27 30 8
27 32 9
27 33 1
27 35 7
27 36 4
27 37 10
27 38 10
27 39 2
27 40 3
27 44 10
27 47 4
27 49 2
27 50 4
27 51 7
27 54 3
27 59 1
28 30 2
28 33 8
28 37 2
28 38 3
28 39 5
28 40 10
28 43 5
28 44 5
28 45 2
28 46 2
28 49 10
28 55 2
28 56 7
28 57 6
28 58 9
28 59 3
29 31 3
29 35 8
29 36 7
29 38 10
29 39 10
29 42 7
29 44 10
29 49 9
29 50 2
29 51 6
29 53 4
29 54 10
29 56 2
29 59 1
30 38 1
30 39 4
30 40 6
30 44 10
30 45 7
30 49 7
30 50 2
30 55 10
30 56 8
30 58 7
30 60 10
31 33 10
31 35 10
31 36 9
31 41 10
31 43 7
31 46 7
31 48 8
31 51 1
31 55 10
31 57 5
31 58 8
31 59 2
32 33 2
32 34 9
32 36 10
32 38 3
32 39 9
32 40 9
32 41 7
32 42 7
32 43 6
32 45 2
32 46 3
32 47 10
32 48 3
32 49 7
32 50 8
32 56 9
32 58 5
32 59 3
33 34 9
33 37 7
33 42 4
33 43 7
33 44 4
33 46 2
33 48 8
33 49 2
33 50 3
33 51 9
33 52 6
33 53 7
33 54 9
33 55 10
33 56 1
33 57 2
33 58 8
34 35 2
34 36 4
34 38 2
34 39 3
34 41 5
34 42 7
34 44 9
34 45 4
34 46 1
34 52 8
34 53 3
34 55 5
34 56 1
34 58 9
34 59 1
35 36 4
35 37 3
35 39 1
35 41 6
35 42 8
35 44 8
35 45 9
35 51 3
35 52 5
35 56 8
35 57 5
35 59 6
35 60 5
36 38 1
36 41 7
36 42 7
36 43 2
36 44 9
36 47 10
36 48 8
36 49 8
36 53 1
36 54 4
36 55 6
36 56 4
36 60 10
37 45 4
37 48 10
37 50 5
37 51 2
37 52 10
37 53 5
37 54 6
37 55 10
37 57 3
37 59 10
38 40 2
38 44 4
38 45 1
38 46 6
38 53 1
38 54 1
38 55 2
38 58 1
39 40 3
39 42 6
39 43 4
39 44 4
39 47 3
39 48 9
39 50 5
39 53 8
39 54 6
39 56 5
39 57 6
40 42 2
40 47 6
40 48 7
40 50 6
40 52 7
40 53 3
40 54 9
40 56 6
40 57 8
40 58 10
40 59 10
41 42 4
41 46 1
41 47 10
41 48 9
41 49 10
41 51 4
41 52 6
41 54 4
41 55 1
41 57 2
41 59 2
41 60 10
42 45 4
42 46 8
42 48 10
42 49 5
42 53 7
43 48 3
43 50 4
43 51 10
43 52 10
43 57 8
43 58 8
43 59 5
44 46 4
44 47 1
44 49 8
44 51 6
44 52 1
44 53 3
44 54 6
44 55 4
44 56 6
44 59 2
45 54 8
45 55 4
45 57 6
45 58 10
46 48 4
46 53 2
46 55 10
46 58 8
46 60 1
47 49 9
47 50 4
47 51 10
47 52 10
47 56 8
48 49 10
48 52 2
48 53 4
48 56 2
48 58 6
48 60 1
49 51 8
49 52 3
49 55 8
49 57 1
49 58 6
49 59 4
50 52 7
50 53 10
50 57 1
50 60 7
51 52 8
51 54 6
51 55 4
51 58 6
51 59 7
51 60 5
52 57 6
52 58 2
53 56 1
53 57 2
53 58 5
53 59 9
53 60 5
54 57 9
55 56 10
55 57 1
55 59 10
56 60 1
57 59 5
57 60 3
58 59 4
58 60 4
