0 1 9
0 8 9
0 9 2
0 11 9
0 12 2
0 13 8
0 15 8
0 16 7
0 17 10
0 19 7
0 20 9
0 22 7
0 23 8
0 26 6
0 28 1
0 29 4
0 33 1
0 34 5
0 35 6
0 36 2
1 2 4
1 3 3
1 8 3
1 9 7
1 10 5
1 11 2
1 12 1
1 13 4
1 14 3
1 15 9
1 19 6
1 20 5
1 21 10
1 22 7
1 23 1
1 27 9
1 28 10
1 30 10
1 31 7
1 34 1
2 3 10
2 5 5
2 7 6
2 8 1
2 12 1
2 13 4
2 14 10
2 15 4
2 16 5
2 22 1
2 24 6
2 25 2
2 26 3
2 28 3
2 29 4
2 30 1
2 32 10
2 36 3
3 4 1
3 5 9
3 6 4
3 7 2
3 14 10
3 16 8
3 17 2
3 19 5
3 20 8
3 22 8
3 25 4
3 27 2
3 33 6
3 34 8
3 35 5
3 36 9
4 5 1
4 6 1
4 7 3
4 9 5
4 11 10
4 18 1
4 21 6
4 27 2
4 32 2
5 8 4
5 10 2
5 14 2
5 18 6
5 20 6
5 24 5
5 25 7
5 28 2
5 34 5
5 35 8
5 36 5
6 8 9
6 9 6
6 10 6
6 13 5
6 15 5
6 16 9
6 17 5
6 18 9
6 19 4
6 20 5
6 21 1
6 22 8
6 23 9
6 24 2
6 27 8
6 28 7
6 30 4
6 33 2
6 34 8
6 35 3
7 8 10
7 11 6
7 12 6
7 13 8
7 14 3
7 18 2
7 19 6
7 20 7
7 24 4
7 25 9
7 26 1
7 27 9
7 28 9
7 29 10
7 34 8
7 36 4
8 9 1
8 10 2
8 11 4
8 12 10
8 13 1
8 14 7
8 16 7
8 17 9
8 18 6
8 20 2
8 21 2
8 24 1
8 26 10
8 30 7
8 31 10
8 33 1
8 36 9
9 10 9
9 14 3
9 15 4
9 16 8
9 18 8
9 19 1
9 20 10
9 22 7
9 23 8
9 26 7
9 29 6
9 30 7
9 34 8
9 35 8
9 36 3
10 12 1
10 13 4
10 15 9
10 18 1
10 21 2
10 23 8
10 25 2
10 26 9
10 27 1
10 28 10
10 30 4
10 34 2
11 13 5
11 14 1
11 16 5
11 17 6
11 18 5
11 19 2
11 22 9
11 32 5
11 35 10
12 15 9
12 17 3
12 18 1
12 21 8
12 22 8
12 23 8
12 24 9
12 25 6
12 27 9
12 29 2
12 30 9
12 31 7
12 32 10
12 34 7
12 36 5
13 16 3
13 17 5
13 20 4
13 21 10
13 27 8
13 29 2
13 31 6
13 33 10
13 34 9
13 35 3
13 36 4
14 15 8
14 17 9
14 22 9
14 23 7
14 25 10
14 26 8
14 28 4
14 29 1
14 31 9
14 32 3
14 33 2
14 34 4
14 35 10
14 36 5
15 20 1
15 21 6
15 24 5
15 25 7
15 29 2
15 30 3
15 32 9
15 33 6
15 36 6
16 17 6
16 25 5
16 27 6
16 29 6
16 31 5
16 33 7
16 34 10
16 35 4
16 36 4
17 21 4
17 22 2
17 23 3
17 27 9
17 28 10
17 29 3
17 30 4
17 33 8
17 35 9
17 36 5
18 19 10
18 24 8
18 26 9
18 28 8
18 30 6
18 33 6
18 34 3
18 36 2
19 20 6
19 21 7
19 22 3
19 26 5
19 27 10
19 28 9
19 29 8
19 30 6
19 31 8
19 34 3
19 35 5
20 21 3
20 22 7
20 29 4
20 30 10
20 34 4
20 35 8
21 23 10
21 27 1
21 32 6
21 34 7
21 36 9
22 23 7
22 24 4
22 25 3
22 27 3
22 28 4
22 34 3
22 35 10
22 36 10
23 24 1
23 25 8
23 28 9
23 32 10
23 35 3
23 36 1
24 26 7
24 30 2
24 32 2
24 33 1
24 34 7
24 35 7
25 27 5
25 28 9
25 34 3
26 29 8
26 30 1
26 35 6
27 31 4
27 32 10
27 33 2
27 36 3
28 29 5
28 32 4
28 33 1
28 34 4
28 35 9
28 36 4
29 34 5
29 36 8
30 31 4
30 34 3
30 35 5
30 36 4
31 32 10
31 33 7
32 33 2
32 36 3
33 34 1
34 36 9
35 36 7
