93 2184
0 3 4
0 4 6
0 5 5
0 8 9
0 11 5
0 13 5
0 15 4
0 17 7
0 19 1
0 20 2
0 22 3
0 23 5
0 25 7
0 26 6
0 28 9
0 31 2
0 32 3
0 34 10
0 39 8
0 40 2
0 41 6
0 44 10
0 45 5
0 47 1
0 48 8
0 51 3
0 52 2
0 56 10
0 57 4
0 58 8
0 59 5
0 62 2
0 64 4
0 69 5
0 71 3
0 73 1
0 74 7
0 75 7
0 76 2
0 78 3
0 79 5
0 81 7
0 84 9
0 85 1
0 87 9
0 91 8
0 92 2
1 3 1
1 8 7
1 10 1
1 12 8
1 14 4
1 16 2
1 18 8
1 21 5
1 22 8
1 26 6
1 27 1
1 29 4
1 30 1
1 31 5
1 32 1
1 36 6
1 37 3
1 39 4
1 40 8
1 41 7
1 43 10
1 44 10
1 45 10
1 47 9
1 49 10
1 51 7
1 53 2
1 54 1
1 55 2
1 57 6
1 58 5
1 59 4
1 60 5
1 63 7
1 64 4
1 65 6
1 66 7
1 67 3
1 69 9
1 72 9
1 73 8
1 75 10
1 76 7
1 78 10
1 81 10
1 82 7
1 84 3
1 85 9
1 86 10
1 87 10
1 91 6
2 5 5
2 7 3
2 8 1
2 9 5
2 10 1
2 11 6
2 14 6
2 15 4
2 16 3
2 21 6
2 22 9
2 24 8
2 25 9
2 26 3
2 32 6
2 35 6
2 38 5
2 41 1
2 42 6
2 44 8
2 47 9
2 48 10
2 49 1
2 50 7
2 52 7
2 54 8
2 55 4
2 58 3
2 59 3
2 61 3
2 62 4
2 67 10
2 69 10
2 76 9
2 77 1
2 78 6
2 79 3
2 80 4
2 81 7
2 83 2
2 84 1
2 86 9
2 87 3
2 89 10
2 90 8
2 91 4
2 92 8
3 4 3
3 5 6
3 6 3
3 7 9
3 8 1
3 9 10
3 11 5
3 12 3
3 13 9
3 15 10
3 19 2
3 20 6
3 25 6
3 26 8
3 27 8
3 28 4
3 29 9
3 31 7
3 32 8
3 36 4
3 38 10
3 41 7
3 42 3
3 43 10
3 46 9
3 50 7
3 51 10
3 52 3
3 53 1
3 57 1
3 58 9
3 60 10
3 61 3
3 63 6
3 64 7
3 65 3
3 66 8
3 67 5
3 69 8
3 70 1
3 72 1
3 74 6
3 76 5
3 77 2
3 80 10
3 81 4
3 83 1
3 86 9
3 87 5
3 89 10
3 91 1
4 5 6
4 6 2
4 7 2
4 8 2
4 13 2
4 15 6
4 16 6
4 18 9
4 19 7
4 20 1
4 22 2
4 26 4
4 27 6
4 30 5
4 31 10
4 32 7
4 35 2
4 36 4
4 37 2
4 45 6
4 47 2
4 49 4
4 50 8
4 53 3
4 56 7
4 58 2
4 59 9
4 61 7
4 64 1
4 66 10
4 67 4
4 68 3
4 69 9
4 71 9
4 72 3
4 73 2
4 77 10
4 78 7
4 80 1
4 82 1
4 83 1
4 84 3
4 85 7
4 86 9
4 90 2
4 91 2
4 92 3
5 7 9
5 9 4
5 10 3
5 11 2
5 12 3
5 15 10
5 16 5
5 17 4
5 19 4
5 22 1
5 24 3
5 27 10
5 29 9
5 31 2
5 32 8
5 34 3
5 43 6
5 44 9
5 46 5
5 47 10
5 51 1
5 56 2
5 63 8
5 64 2
5 67 8
5 68 2
5 69 7
5 71 7
5 74 10
5 79 1
5 83 7
5 85 9
6 9 5
6 11 4
6 12 8
6 15 8
6 17 10
6 18 3
6 23 1
6 24 2
6 25 4
6 26 6
6 27 8
6 28 2
6 30 5
6 31 2
6 33 6
6 40 10
6 42 10
6 44 8
6 47 8
6 50 9
6 54 9
6 56 1
6 59 8
6 60 2
6 61 7
6 65 1
6 66 8
6 67 10
6 68 4
6 78 1
6 82 7
6 84 2
6 87 3
6 88 6
6 89 9
6 92 1
7 9 8
7 11 5
7 13 3
7 14 4
7 18 8
7 20 9
7 21 8
7 22 4
7 24 6
7 26 3
7 29 1
7 30 9
7 32 2
7 33 7
7 34 2
7 35 3
7 36 9
7 37 3
7 39 2
7 44 5
7 45 2
7 49 6
7 50 9
7 51 8
7 52 9
7 57 7
7 58 2
7 61 9
7 62 8
7 64 6
7 65 6
7 66 1
7 70 4
7 72 2
7 73 7
7 75 2
7 79 3
7 81 2
7 82 3
7 83 9
7 85 9
7 86 9
7 88 2
7 89 5
7 90 9
8 9 7
8 11 10
8 12 8
8 13 5
8 14 3
8 15 6
8 16 10
8 17 5
8 18 4
8 20 5
8 22 4
8 23 7
8 25 10
8 26 9
8 28 4
8 29 10
8 30 3
8 31 5
8 32 2
8 33 2
8 34 7
8 35 1
8 37 7
8 38 6
8 41 6
8 43 1
8 45 4
8 47 5
8 49 2
8 50 6
8 52 9
8 54 7
8 56 2
8 57 9
8 58 4
8 60 6
8 61 3
8 65 6
8 66 6
8 68 8
8 70 8
8 71 6
8 74 3
8 75 3
8 77 9
8 79 9
8 80 6
8 81 8
8 83 9
8 84 7
8 90 8
8 91 2
8 92 2
9 11 3
9 12 2
9 14 1
9 17 2
9 18 1
9 25 8
9 26 5
9 27 4
9 28 9
9 30 1
9 32 5
9 39 8
9 40 9
9 42 10
9 43 5
9 44 8
9 46 2
9 47 9
9 48 10
9 49 8
9 50 5
9 51 8
9 54 9
9 55 1
9 57 3
9 62 8
9 64 6
9 67 10
9 68 2
9 69 7
9 74 5
9 75 1
9 76 2
9 77 2
9 78 10
9 84 8
9 85 2
9 86 9
9 89 10
9 90 4
9 91 5
10 11 3
10 12 6
10 13 5
10 15 2
10 16 9
10 17 6
10 18 5
10 19 7
10 20 8
10 23 7
10 24 6
10 33 4
10 34 5
10 36 2
10 37 7
10 38 9
10 40 6
10 42 4
10 43 1
10 46 10
10 47 5
10 48 7
10 49 6
10 52 5
10 55 2
10 56 5
10 57 6
10 58 4
10 60 2
10 61 10
10 62 1
10 65 1
10 69 8
10 74 1
10 76 4
10 80 10
10 81 1
10 85 2
10 86 5
10 88 2
10 89 5
10 91 7
10 92 2
11 15 8
11 19 1
11 22 1
11 24 4
11 25 3
11 26 9
11 30 2
11 33 9
11 35 6
11 36 10
11 40 2
11 41 10
11 42 6
11 48 3
11 49 9
11 50 3
11 51 9
11 56 10
11 57 5
11 58 1
11 59 9
11 61 5
11 63 4
11 64 3
11 68 5
11 69 2
11 71 5
11 73 4
11 74 1
11 75 2
11 78 7
11 79 4
11 80 1
11 81 8
11 83 6
11 84 1
11 86 8
12 17 9
12 21 8
12 22 6
12 23 1
12 25 6
12 26 5
12 27 1
12 28 2
12 31 4
12 32 4
12 33 7
12 35 8
12 36 1
12 37 7
12 38 4
12 41 3
12 42 8
12 43 10
12 44 7
12 45 7
12 48 3
12 49 4
12 51 2
12 52 9
12 53 3
12 56 10
12 61 6
12 62 10
12 63 2
12 65 10
12 67 7
12 69 2
12 70 3
12 71 8
12 72 4
12 75 6
12 77 2
12 78 6
12 79 4
12 80 5
12 86 1
12 87 3
12 89 2
12 90 9
12 91 1
12 92 10
13 14 8
13 15 1
13 16 5
13 18 6
13 24 8
13 26 10
13 28 1
13 30 2
13 31 6
13 33 5
13 34 2
13 39 10
13 40 5
13 48 3
13 51 4
13 52 9
13 53 2
13 54 10
13 56 9
13 63 1
13 64 5
13 66 5
13 67 8
13 68 6
13 69 9
13 70 7
13 71 5
13 74 9
13 79 2
13 80 1
13 81 3
13 85 4
13 86 7
13 88 1
13 89 5
13 90 6
13 92 4
14 18 7
14 20 3
14 24 9
14 25 1
14 26 8
14 28 1
14 29 10
14 30 1
14 32 2
14 34 2
14 41 3
14 43 3
14 44 4
14 45 5
14 46 1
14 51 8
14 54 6
14 55 3
14 61 3
14 62 5
14 63 4
14 64 7
14 69 3
14 72 10
14 73 1
14 74 9
14 77 6
14 78 10
14 79 10
14 82 9
14 83 10
14 84 8
14 88 10
14 89 4
14 90 8
15 16 6
15 18 10
15 23 8
15 25 3
15 26 10
15 27 4
15 28 6
15 29 5
15 30 9
15 31 4
15 32 6
15 34 5
15 36 7
15 37 1
15 39 1
15 42 7
15 43 5
15 44 1
15 46 3
15 47 5
15 49 8
15 50 9
15 51 6
15 52 4
15 53 9
15 59 4
15 60 9
15 61 10
15 63 3
15 65 4
15 66 3
15 69 4
15 71 4
15 72 8
15 73 1
15 74 6
15 76 2
15 78 10
15 79 6
15 80 9
15 81 3
15 83 4
15 85 9
15 88 5
15 89 10
15 90 5
15 91 6
15 92 5
16 18 9
16 19 5
16 21 5
16 23 7
16 25 5
16 29 10
16 33 2
16 34 5
16 35 4
16 36 1
16 38 10
16 39 6
16 41 1
16 45 6
16 46 5
16 48 5
16 49 4
16 50 1
16 51 4
16 52 7
16 53 1
16 57 4
16 58 3
16 59 6
16 60 3
16 61 2
16 63 8
16 64 1
16 67 9
16 69 5
16 73 4
16 74 2
16 77 5
16 79 4
16 82 4
16 83 8
16 84 2
16 85 4
16 87 7
16 92 8
17 18 3
17 19 3
17 20 5
17 22 8
17 23 5
17 24 5
17 25 2
17 32 5
17 33 8
17 34 8
17 36 9
17 37 2
17 38 2
17 39 9
17 42 3
17 43 3
17 44 9
17 45 2
17 46 2
17 48 1
17 49 1
17 52 8
17 53 4
17 54 3
17 55 9
17 59 3
17 60 4
17 62 8
17 64 10
17 67 2
17 68 2
17 72 10
17 73 9
17 74 10
17 76 7
17 77 8
17 79 10
17 81 7
17 87 3
17 89 2
18 19 3
18 21 2
18 22 3
18 27 8
18 28 1
18 29 1
18 30 5
18 31 4
18 33 4
18 35 10
18 36 6
18 39 3
18 43 8
18 45 2
18 47 9
18 49 5
18 51 2
18 53 10
18 54 5
18 56 4
18 57 10
18 59 7
18 60 1
18 61 7
18 62 6
18 63 7
18 65 7
18 67 5
18 68 5
18 69 8
18 70 8
18 71 10
18 78 3
18 79 6
18 82 4
18 83 5
18 84 5
18 85 4
18 87 10
18 89 3
18 92 1
19 20 1
19 30 9
19 31 1
19 32 4
19 35 8
19 36 10
19 40 5
19 41 9
19 44 6
19 46 8
19 51 2
19 52 1
19 53 10
19 57 1
19 60 3
19 61 7
19 65 4
19 66 5
19 67 5
19 68 8
19 69 5
19 71 2
19 72 7
19 74 1
19 76 9
19 77 5
19 78 3
19 81 4
19 84 6
19 85 1
19 89 1
19 90 10
19 91 6
20 24 3
20 25 7
20 26 8
20 28 7
20 29 7
20 30 1
20 31 7
20 34 6
20 35 1
20 36 3
20 38 5
20 40 10
20 41 5
20 42 4
20 44 9
20 45 8
20 46 4
20 47 8
20 53 10
20 54 4
20 58 10
20 60 7
20 61 5
20 67 4
20 68 10
20 73 8
20 74 10
20 75 4
20 84 9
20 86 5
21 24 9
21 26 5
21 27 2
21 28 6
21 30 1
21 33 2
21 35 4
21 40 8
21 43 9
21 44 9
21 46 1
21 47 9
21 48 2
21 49 8
21 50 5
21 53 8
21 58 8
21 59 2
21 61 9
21 63 7
21 64 3
21 65 5
21 68 10
21 69 8
21 71 8
21 75 10
21 76 8
21 77 8
21 81 8
21 82 3
21 85 6
21 87 9
21 88 4
21 89 8
21 92 9
22 24 4
22 25 2
22 26 2
22 32 7
22 33 6
22 34 8
22 36 2
22 41 6
22 44 6
22 47 8
22 50 7
22 51 6
22 54 2
22 58 8
22 63 2
22 64 9
22 65 5
22 70 1
22 75 5
22 76 10
22 77 3
22 78 1
22 80 5
22 81 6
22 83 3
22 85 10
22 86 7
22 87 7
22 88 10
22 89 4
22 91 2
23 24 10
23 27 7
23 29 1
23 34 4
23 35 9
23 36 2
23 37 1
23 38 5
23 39 5
23 44 2
23 48 7
23 57 5
23 61 6
23 63 8
23 67 10
23 68 2
23 69 10
23 70 8
23 71 9
23 72 4
23 73 9
23 74 9
23 77 8
23 78 2
23 79 8
23 82 6
23 87 9
23 88 2
23 89 5
23 91 6
24 25 1
24 27 8
24 28 9
24 29 6
24 32 5
24 35 1
24 36 4
24 37 10
24 39 7
24 40 4
24 41 10
24 42 2
24 43 1
24 44 4
24 45 1
24 46 3
24 48 4
24 53 9
24 54 9
24 56 10
24 59 7
24 60 2
24 62 7
24 64 8
24 65 3
24 68 6
24 70 4
24 73 3
24 75 1
24 76 8
24 77 4
24 79 6
24 80 6
24 83 9
24 84 7
24 85 8
24 86 1
24 87 3
24 91 2
25 28 9
25 30 1
25 34 7
25 36 9
25 37 6
25 38 4
25 39 3
25 41 5
25 42 6
25 44 6
25 45 10
25 47 6
25 49 8
25 50 7
25 57 5
25 58 2
25 64 7
25 65 5
25 68 9
25 70 10
25 71 8
25 75 6
25 78 3
25 79 10
25 82 4
25 84 8
25 86 5
25 87 4
25 89 10
25 92 7
26 27 9
26 28 7
26 29 3
26 30 3
26 32 9
26 33 10
26 35 2
26 36 5
26 37 2
26 38 6
26 42 9
26 43 7
26 44 3
26 45 2
26 46 4
26 47 7
26 50 7
26 53 1
26 54 2
26 56 8
26 59 3
26 60 4
26 62 8
26 64 5
26 65 7
26 66 7
26 67 6
26 68 6
26 69 10
26 70 1
26 71 3
26 73 1
26 74 4
26 75 1
26 76 10
26 77 9
26 79 1
26 83 4
26 84 9
26 87 3
26 89 1
26 90 6
26 91 1
26 92 5
27 28 3
27 29 10
27 32 3
27 36 3
27 38 7
27 39 5
27 40 2
27 41 4
27 43 1
27 44 5
27 49 7
27 50 9
27 52 3
27 54 4
27 56 9
27 58 2
27 59 10
27 61 10
27 62 5
27 66 5
27 67 8
27 68 6
27 69 2
27 72 3
27 74 10
27 76 4
27 77 4
27 78 6
27 79 6
27 82 9
27 83 4
27 85 10
27 86 4
27 87 4
27 90 1
27 91 9
28 29 1
28 32 5
28 34 3
28 35 3
28 38 9
28 42 7
28 46 8
28 48 1
28 49 3
28 50 2
28 52 3
28 54 9
28 56 3
28 57 3
28 58 3
28 59 2
28 62 3
28 64 9
28 66 9
28 67 10
28 68 4
28 69 2
28 71 10
28 74 7
28 77 1
28 80 5
28 81 3
28 82 5
28 86 2
28 88 10
28 89 3
28 91 8
28 92 7
29 30 7
29 32 10
29 33 1
29 36 5
29 37 9
29 38 7
29 43 6
29 45 8
29 46 3
29 49 5
29 51 8
29 52 5
29 53 9
29 56 3
29 58 7
29 59 6
29 60 6
29 61 6
29 62 4
29 63 6
29 64 8
29 68 2
29 70 6
29 71 3
29 74 10
29 75 3
29 77 2
29 78 6
29 79 3
29 81 8
29 84 1
29 86 3
29 90 6
29 92 10
30 31 3
30 37 3
30 40 5
30 42 9
30 43 7
30 44 2
30 50 6
30 51 9
30 57 10
30 59 6
30 60 2
30 61 7
30 62 9
30 63 8
30 66 10
30 67 5
30 68 9
30 69 8
30 70 2
30 72 8
30 76 4
30 79 2
30 82 10
30 83 2
30 85 5
30 86 6
30 92 6
31 33 10
31 34 3
31 35 1
31 37 8
31 39 9
31 40 4
31 41 7
31 42 7
31 44 6
31 47 10
31 48 4
31 49 7
31 50 10
31 52 4
31 54 5
31 55 3
31 56 7
31 58 3
31 59 6
31 60 9
31 65 8
31 67 7
31 68 8
31 70 6
31 71 4
31 74 10
31 75 9
31 77 8
31 84 1
31 85 9
31 87 4
31 90 10
31 91 9
32 36 2
32 38 1
32 42 7
32 43 10
32 49 9
32 50 10
32 52 1
32 53 3
32 58 6
32 62 7
32 65 10
32 68 6
32 72 8
32 73 10
32 75 1
32 77 1
32 78 6
32 80 5
32 83 9
32 84 1
32 85 8
32 86 10
32 90 6
32 91 10
32 92 9
33 34 1
33 38 10
33 39 8
33 40 4
33 41 6
33 42 1
33 44 2
33 45 8
33 46 8
33 48 2
33 49 4
33 50 5
33 53 10
33 54 9
33 55 7
33 56 10
33 57 5
33 58 2
33 59 1
33 60 1
33 61 7
33 63 5
33 64 10
33 65 5
33 66 6
33 69 7
33 70 10
33 73 6
33 76 5
33 79 6
33 80 5
33 81 5
33 83 2
33 85 10
33 88 9
33 90 2
33 92 4
34 39 9
34 40 10
34 42 4
34 44 10
34 46 8
34 47 1
34 48 2
34 49 5
34 50 1
34 56 9
34 58 9
34 60 7
34 61 5
34 62 8
34 64 3
34 65 1
34 67 2
34 68 6
34 71 6
34 72 9
34 75 8
34 77 1
34 80 4
34 81 5
34 84 1
34 88 10
34 89 6
34 90 8
34 92 7
35 37 2
35 39 8
35 41 4
35 42 9
35 43 10
35 44 2
35 46 8
35 54 3
35 60 6
35 63 3
35 69 8
35 70 8
35 71 9
35 77 7
35 80 5
35 82 3
35 83 5
35 84 10
35 86 2
35 87 2
35 88 5
35 90 6
35 91 5
35 92 4
36 37 5
36 45 6
36 47 5
36 49 8
36 50 5
36 51 4
36 53 6
36 55 3
36 56 6
36 57 9
36 60 1
36 62 10
36 63 4
36 65 3
36 67 5
36 68 9
36 71 8
36 73 8
36 74 6
36 76 10
36 77 6
36 81 1
36 84 8
36 85 8
36 87 10
36 89 9
36 90 5
36 91 6
36 92 9
37 38 8
37 39 10
37 40 4
37 41 6
37 43 2
37 47 3
37 49 10
37 50 10
37 52 8
37 54 10
37 55 1
37 57 9
37 59 6
37 61 10
37 62 9
37 63 2
37 64 1
37 65 9
37 66 6
37 67 9
37 68 1
37 70 3
37 71 4
37 73 8
37 74 5
37 76 3
37 85 6
37 87 6
37 89 1
37 90 8
37 91 8
37 92 6
38 39 9
38 40 3
38 42 4
38 44 1
38 45 6
38 47 6
38 50 9
38 51 2
38 52 3
38 53 3
38 55 3
38 56 4
38 57 5
38 60 2
38 61 10
38 64 2
38 66 9
38 67 5
38 68 5
38 69 7
38 70 9
38 71 3
38 75 3
38 79 9
38 81 1
38 83 1
38 84 6
38 85 4
38 87 10
39 43 1
39 44 8
39 47 2
39 51 9
39 53 10
39 56 8
39 57 8
39 58 6
39 59 2
39 61 3
39 62 8
39 69 7
39 73 9
39 81 10
39 83 1
39 85 6
39 88 7
39 91 4
40 43 3
40 44 6
40 45 4
40 49 1
40 50 5
40 52 4
40 53 10
40 54 5
40 56 5
40 59 4
40 60 7
40 61 2
40 62 2
40 68 10
40 69 1
40 73 8
40 76 4
40 79 10
40 80 10
40 82 10
40 84 2
40 86 10
40 87 1
40 88 3
40 89 4
40 91 8
40 92 2
41 42 6
41 43 5
41 47 5
41 49 8
41 51 7
41 53 4
41 57 3
41 58 9
41 61 7
41 62 5
41 63 5
41 66 5
41 68 5
41 72 9
41 73 8
41 76 1
41 80 10
41 81 6
41 82 8
41 83 8
41 84 3
41 87 9
41 89 4
41 91 10
42 44 2
42 48 5
42 51 3
42 54 3
42 56 6
42 58 7
42 65 4
42 66 8
42 67 5
42 68 9
42 70 1
42 72 8
42 76 1
42 77 3
42 80 7
42 81 8
42 83 5
42 84 1
42 86 7
42 89 7
42 90 8
42 92 6
43 47 5
43 50 9
43 51 1
43 52 5
43 54 3
43 58 7
43 59 8
43 61 7
43 62 8
43 65 2
43 66 4
43 71 6
43 72 8
43 74 1
43 75 4
43 76 2
43 77 1
43 78 2
43 79 2
43 82 1
43 84 5
43 85 7
43 87 4
43 88 4
43 89 6
43 90 7
43 91 5
43 92 8
44 45 4
44 47 4
44 48 8
44 51 1
44 52 1
44 54 8
44 55 10
44 57 9
44 61 8
44 62 4
44 64 8
44 65 7
44 67 7
44 72 8
44 74 3
44 76 8
44 77 8
44 78 3
44 79 9
44 86 7
44 87 9
44 92 5
45 47 3
45 48 8
45 49 1
45 50 3
45 51 4
45 53 9
45 57 4
45 63 9
45 64 10
45 66 3
45 68 9
45 74 3
45 75 6
45 79 9
45 84 5
45 86 4
45 90 3
45 91 5
46 48 6
46 50 1
46 51 5
46 52 1
46 53 6
46 59 4
46 60 9
46 61 5
46 62 4
46 63 6
46 65 10
46 68 10
46 70 5
46 71 8
46 72 4
46 75 8
46 76 6
46 77 5
46 79 7
46 81 1
46 82 10
46 84 8
46 85 9
46 87 5
46 88 5
46 89 5
46 92 1
47 48 1
47 49 9
47 50 5
47 51 8
47 52 1
47 54 7
47 58 2
47 59 4
47 61 7
47 63 8
47 65 3
47 66 9
47 69 6
47 72 8
47 73 1
47 74 5
47 75 1
47 78 5
47 79 2
47 80 3
47 81 3
47 82 4
47 83 5
47 87 5
47 88 9
47 89 4
47 90 1
48 49 2
48 52 3
48 55 2
48 57 7
48 59 6
48 61 9
48 62 9
48 64 9
48 65 4
48 66 10
48 69 8
48 73 6
48 75 2
48 79 10
48 81 7
48 83 4
48 87 9
48 89 8
48 91 5
48 92 2
49 50 6
49 51 4
49 53 1
49 56 5
49 57 1
49 60 9
49 62 2
49 66 5
49 70 5
49 71 2
49 74 7
49 77 2
49 78 7
49 79 4
49 81 6
49 82 10
49 83 3
49 89 1
50 52 6
50 54 1
50 56 2
50 57 3
50 58 4
50 59 9
50 60 4
50 62 8
50 67 1
50 68 4
50 69 2
50 72 5
50 75 3
50 76 4
50 77 3
50 79 4
50 81 10
50 82 10
50 83 4
50 86 9
50 92 3
51 54 5
51 55 1
51 59 7
51 60 10
51 62 3
51 63 5
51 64 4
51 65 3
51 66 10
51 67 8
51 69 1
51 70 4
51 71 10
51 72 3
51 73 9
51 74 8
51 76 10
51 77 1
51 78 10
51 80 5
51 82 3
51 83 1
51 84 8
51 85 7
52 55 3
52 57 9
52 60 7
52 62 9
52 64 9
52 66 8
52 67 10
52 68 10
52 73 6
52 74 9
52 75 7
52 79 1
52 81 8
52 83 8
52 85 3
52 89 3
52 91 8
52 92 4
53 55 1
53 57 6
53 58 1
53 59 3
53 61 3
53 64 2
53 65 1
53 68 1
53 70 7
53 72 10
53 73 1
53 74 8
53 75 1
53 76 9
53 77 6
53 78 6
53 79 3
53 81 4
53 82 10
53 84 8
53 85 6
53 86 10
53 88 5
54 56 9
54 59 9
54 60 4
54 61 2
54 63 1
54 65 10
54 66 1
54 68 7
54 69 3
54 70 2
54 71 1
54 74 10
54 75 7
54 76 2
54 77 4
54 78 1
54 81 2
54 83 5
54 84 8
54 85 5
54 86 8
54 88 5
54 89 2
54 90 9
55 57 4
55 61 7
55 62 3
55 63 6
55 64 6
55 65 7
55 66 2
55 67 6
55 68 10
55 69 4
55 70 4
55 72 5
55 74 9
55 83 3
55 84 3
55 85 5
55 90 9
55 92 3
56 57 3
56 58 3
56 59 2
56 62 6
56 63 5
56 64 10
56 65 4
56 67 10
56 73 2
56 74 8
56 78 1
56 81 5
56 82 8
56 85 10
56 86 7
56 87 4
56 89 3
56 90 2
56 91 1
57 59 7
57 61 6
57 62 3
57 64 7
57 66 10
57 68 10
57 69 2
57 70 1
57 71 7
57 75 10
57 76 4
57 81 9
57 82 1
57 83 6
57 85 5
57 87 7
57 88 10
57 89 3
57 92 4
58 62 1
58 63 10
58 64 9
58 65 3
58 69 8
58 71 5
58 73 2
58 76 3
58 77 3
58 79 3
58 81 4
58 83 2
58 84 3
58 85 2
58 88 10
58 90 5
58 91 1
58 92 8
59 61 4
59 62 9
59 66 10
59 67 10
59 70 1
59 73 1
59 74 5
59 75 10
59 76 3
59 77 7
59 78 7
59 80 5
59 81 1
59 82 3
59 84 1
59 85 2
59 90 9
59 92 4
60 61 2
60 63 10
60 64 2
60 65 9
60 66 1
60 67 3
60 68 4
60 70 1
60 73 7
60 76 5
60 78 1
60 81 4
60 88 7
60 89 5
60 90 6
60 92 2
61 63 10
61 64 4
61 67 7
61 71 5
61 72 6
61 75 2
61 76 1
61 77 2
61 81 5
61 85 10
61 86 1
61 91 3
61 92 10
62 63 2
62 65 4
62 67 3
62 68 2
62 69 6
62 72 7
62 73 7
62 74 1
62 77 1
62 80 9
62 83 3
62 84 5
62 85 8
62 88 6
62 89 1
62 90 6
62 91 1
63 64 3
63 65 5
63 67 7
63 72 7
63 73 1
63 75 9
63 77 7
63 80 5
63 81 9
63 83 7
63 85 2
63 86 8
63 90 4
63 92 6
64 65 3
64 69 4
64 70 4
64 74 8
64 75 7
64 76 2
64 77 2
64 78 6
64 79 6
64 80 3
64 81 8
64 83 6
64 84 8
64 85 8
64 87 8
64 89 2
64 91 8
65 68 3
65 69 8
65 74 8
65 75 8
65 82 4
65 83 6
65 85 10
65 86 9
65 90 3
65 91 7
65 92 8
66 67 3
66 68 2
66 71 5
66 73 1
66 74 5
66 75 3
66 76 2
66 79 4
66 88 6
66 91 4
66 92 5
67 68 1
67 69 4
67 70 10
67 72 1
67 73 4
67 74 4
67 75 6
67 76 3
67 78 2
67 84 1
67 85 2
67 88 4
67 90 8
67 91 9
67 92 10
68 69 8
68 70 6
68 71 2
68 72 3
68 75 5
68 76 8
68 77 1
68 81 7
68 82 1
68 83 3
68 86 8
68 87 3
68 88 4
68 89 2
68 90 2
68 91 2
69 70 9
69 71 3
69 72 7
69 78 4
69 79 7
69 80 6
69 87 10
69 89 9
69 90 10
69 91 2
70 72 8
70 73 6
70 74 2
70 77 3
70 78 8
70 80 10
70 81 4
70 82 4
70 84 4
70 85 4
70 86 7
70 87 4
70 88 5
70 91 3
71 73 4
71 74 4
71 75 8
71 78 9
71 79 5
71 80 9
71 81 8
71 82 5
71 83 9
71 85 5
71 86 3
71 88 10
71 89 5
71 92 9
72 74 3
72 77 10
72 78 10
72 79 10
72 80 7
72 82 3
72 84 8
72 85 6
72 86 7
72 89 5
72 90 10
73 74 5
73 75 1
73 76 8
73 77 5
73 78 1
73 81 2
73 82 10
73 83 1
73 91 4
74 75 6
74 76 6
74 77 2
74 78 3
74 80 9
74 82 8
74 85 1
74 90 8
74 92 4
75 77 4
75 78 3
75 83 2
75 85 7
75 92 5
76 81 2
76 82 7
76 83 6
76 85 1
76 86 5
76 87 3
76 88 2
76 90 5
76 91 4
77 78 3
77 87 10
77 89 10
77 90 4
78 83 10
78 84 1
78 85 5
78 88 5
78 89 4
78 90 8
78 91 5
79 81 9
79 82 10
79 83 8
79 84 7
79 85 7
79 86 8
79 90 2
80 81 9
80 82 8
80 83 2
80 86 2
80 89 10
80 90 6
80 91 1
80 92 9
81 83 9
81 84 6
81 87 6
81 89 10
81 91 3
81 92 9
82 83 5
82 85 1
82 86 4
82 91 9
82 92 9
83 84 6
83 85 10
83 86 2
83 87 9
83 91 6
84 85 9
84 86 2
84 90 5
84 91 5
85 87 3
85 89 4
85 90 7
85 91 9
85 92 2
86 87 2
86 88 9
86 90 1
87 89 6
87 91 6
88 89 9
88 90 1
88 91 2
88 92 7
89 91 6
89 92 3
90 91 2
