47 526
0 1 2859
0 2 8143
0 3 7512
0 4 1847
0 5 8519
0 7 9971
0 8 533
0 10 8656
0 11 2433
0 12 6726
0 16 8918
0 17 5111
0 18 592
0 19 682
0 23 9052
0 25 8062
0 27 111
0 28 8724
0 29 8022
0 30 9572
0 31 789
0 32 566
0 33 7079
0 35 3684
0 39 6981
0 42 4678
0 43 8177
0 44 4483
1 5 9598
1 6 8422
1 10 4777
1 13 4481
1 14 2328
1 15 6157
1 16 3193
1 18 8737
1 19 2237
1 20 7140
1 22 7609
1 27 387
1 31 7488
1 33 979
1 37 4831
1 39 5994
1 41 777
1 42 4375
1 43 419
2 7 2962
2 8 6881
2 9 7516
2 10 2630
2 11 5058
2 12 577
2 13 8104
2 14 786
2 17 9381
2 18 4388
2 21 1125
2 23 8871
2 24 5774
2 25 2215
2 27 1141
2 33 3564
2 34 551
2 35 9161
2 38 6164
2 39 6297
2 40 2683
2 41 4985
2 42 5623
2 43 3483
2 44 7756
2 45 5112
2 46 3522
3 6 7106
3 11 7434
3 15 8851
3 16 4908
3 17 6236
3 18 9977
3 21 2545
3 22 8363
3 23 5428
3 26 3594
3 31 8085
3 32 1239
3 34 2477
3 35 4490
3 41 4575
3 44 8390
3 45 7561
3 46 2740
4 5 420
4 7 9089
4 8 4672
4 9 3299
4 10 2511
4 11 9060
4 12 1891
4 14 1031
4 15 2000
4 17 2639
4 18 4461
4 21 8844
4 22 9847
4 23 5636
4 25 3178
4 29 6779
4 30 3917
4 31 5146
4 32 4219
4 37 3319
4 41 8883
4 42 5933
4 46 5089
5 6 1584
5 9 1380
5 10 7582
5 12 8153
5 13 4934
5 14 9146
5 15 3680
5 16 3589
5 18 554
5 20 7991
5 24 9956
5 27 6857
5 29 5400
5 31 7028
5 33 5847
5 36 6520
5 37 42
5 38 750
5 40 4707
5 43 591
5 44 4600
5 46 5332
6 9 1284
6 10 8747
6 11 2732
6 15 4400
6 16 1248
6 18 8052
6 23 3782
6 25 5610
6 26 7199
6 28 2458
6 30 3882
6 31 7
6 32 1583
6 33 9418
6 34 7725
6 35 8552
6 38 6388
6 39 3490
6 40 6339
6 42 8816
6 45 4056
6 46 9160
7 8 1465
7 10 4213
7 11 9555
7 13 8313
7 14 413
7 17 7201
7 19 1803
7 20 4020
7 23 780
7 24 7865
7 25 1565
7 26 9026
7 28 8275
7 30 9911
7 33 4295
7 34 7554
7 36 7619
7 43 7182
7 45 916
8 11 3147
8 12 1760
8 13 6902
8 15 4756
8 16 9283
8 18 6915
8 19 4659
8 21 5795
8 22 8334
8 23 8886
8 26 9732
8 31 4451
8 33 1951
8 34 9820
8 35 613
8 37 749
8 42 8387
8 43 411
8 44 6424
8 46 1544
9 10 3864
9 11 7916
9 12 6134
9 15 1132
9 16 7120
9 17 2304
9 18 6368
9 20 3271
9 22 7305
9 23 9913
9 24 4250
9 25 1275
9 26 1860
9 29 1170
9 30 2992
9 31 8455
9 36 362
9 38 6133
9 40 1921
9 43 1913
9 45 9305
10 11 4104
10 14 6397
10 15 946
10 17 3273
10 22 2446
10 25 9683
10 32 991
10 34 330
10 38 4998
10 40 9778
10 44 6224
10 46 4214
11 12 745
11 13 5140
11 15 547
11 16 2162
11 17 6490
11 21 7775
11 26 7084
11 29 8990
11 30 2573
11 31 1028
11 32 1960
11 33 2180
11 34 1366
11 38 7093
11 39 8170
11 40 8320
11 44 909
11 46 1716
12 14 988
12 15 8447
12 18 6682
12 20 4693
12 23 8946
12 24 2365
12 28 9647
12 32 1268
12 33 4691
12 37 1359
12 38 8521
12 40 4716
12 41 294
12 43 322
12 45 5881
12 46 4584
13 14 6505
13 15 21
13 25 5837
13 27 9422
13 29 8730
13 31 867
13 32 9729
13 35 9393
13 37 6685
13 38 3485
13 43 6662
13 44 2226
13 45 8419
14 16 8245
14 20 4595
14 25 5049
14 30 7358
14 31 4068
14 36 2093
14 37 8041
14 39 1271
14 40 9659
14 42 802
14 46 396
15 17 513
15 18 4947
15 19 973
15 20 206
15 24 6263
15 25 7570
15 26 8051
15 27 4713
15 29 7761
15 30 9506
15 31 8573
15 33 4037
15 34 3693
15 35 1371
15 36 4587
15 38 4196
15 42 4236
15 43 3728
15 44 6595
15 46 5993
16 20 6532
16 21 51
16 22 5677
16 23 7141
16 24 6701
16 26 9582
16 27 63
16 28 6585
16 30 8661
16 33 1206
16 35 7785
16 37 107
16 38 9363
16 43 9802
16 45 9556
16 46 4486
17 18 6828
17 19 7588
17 21 6357
17 22 7298
17 25 8093
17 26 5707
17 27 3159
17 28 9498
17 29 5569
17 31 3387
17 34 3941
17 35 7578
17 37 5906
17 41 3293
17 42 9407
17 44 5054
17 45 2864
17 46 3628
18 21 9929
18 26 1290
18 30 8400
18 32 1035
18 34 3551
18 41 7805
18 43 3500
18 44 8234
18 45 7858
18 46 8509
19 20 3120
19 22 180
19 23 3739
19 27 5188
19 28 8876
19 32 7734
19 34 1768
19 35 9492
19 37 3088
19 43 5669
20 21 4280
20 24 1785
20 29 2997
20 31 2158
20 34 4912
20 38 1665
20 41 1745
20 43 632
20 45 2751
21 25 8973
21 26 3713
21 27 8460
21 29 5485
21 30 5639
21 31 7222
21 32 1372
21 33 5727
21 41 3505
21 44 4961
21 45 3897
21 46 7110
22 23 7562
22 26 3154
22 28 4289
22 29 232
22 32 1404
22 36 7547
22 38 5694
22 40 9109
22 41 7259
22 43 2496
22 44 114
22 45 6378
23 24 5472
23 26 8315
23 27 9842
23 28 2782
23 29 8606
23 31 5946
23 32 6580
23 33 2735
23 38 321
23 39 4752
23 43 4125
23 45 5742
24 31 6911
24 32 7334
24 35 4131
24 36 7439
24 37 7372
24 39 9354
24 40 6255
24 41 5482
24 44 9124
24 45 7871
24 46 6629
25 27 8740
25 30 2613
25 33 7740
25 34 589
25 35 933
25 37 2519
25 39 798
25 40 4256
25 41 1994
25 43 5504
25 44 1769
25 46 4623
26 28 2428
26 29 4979
26 34 6722
26 36 2424
26 37 3849
26 38 7150
26 39 6853
26 40 4153
26 42 7283
27 28 223
27 29 235
27 35 6365
27 36 9336
27 39 3220
27 42 5365
27 46 8842
28 29 4167
28 31 6800
28 33 5126
28 36 9858
28 40 4630
28 41 9618
28 45 5860
29 32 5523
29 33 6811
29 35 5186
29 36 9423
29 37 2126
29 38 6643
29 39 5226
29 40 9784
29 42 8109
29 43 6933
29 44 7454
29 46 6292
30 32 3102
30 35 3511
30 37 9340
30 39 4501
30 45 3401
30 46 3230
31 32 692
31 33 2746
31 36 2068
31 37 8044
31 39 1566
31 41 9187
31 44 2366
31 45 1221
32 33 1384
32 36 1997
32 37 442
32 38 8524
32 41 2841
32 42 2018
32 43 5542
32 45 4633
32 46 196
33 37 2480
33 40 7556
33 42 9287
33 45 3126
34 35 5029
34 39 1090
34 46 1699
35 38 7422
35 39 6863
35 41 4099
35 43 5284
35 44 2492
36 39 6033
36 41 7970
36 42 154
36 46 4344
37 38 4903
37 39 46
37 41 1078
37 42 7674
37 44 7421
37 46 7329
38 39 7948
38 41 2646
38 42 5714
38 44 1569
38 45 3526
38 46 4399
39 41 3275
39 42 5715
40 41 5923
40 42 3818
40 44 4835
40 46 855
41 43 4078
42 44 4396
42 45 7879
