88 1913
0 1 6581
0 3 4701
0 5 1178
0 8 7001
0 11 1313
0 12 1523
0 13 5483
0 14 3350
0 15 9018
0 18 408
0 20 7760
0 22 2955
0 23 6668
0 24 6784
0 25 8433
0 26 2055
0 29 8149
0 30 675
0 32 3605
0 34 9600
0 35 8631
0 38 6922
0 40 313
0 43 9139
0 44 3047
0 45 5970
0 46 4855
0 47 2134
0 48 1209
0 49 5222
0 52 3235
0 54 2073
0 55 6682
0 57 6878
0 59 9352
0 61 1490
0 62 1816
0 66 9678
0 67 3192
0 68 6542
0 69 6072
0 73 8609
0 74 1846
0 75 1170
0 79 4934
0 80 1044
0 81 3778
0 82 1377
0 83 5512
0 84 1958
0 85 2784
0 86 8153
0 87 9940
1 3 9626
1 6 5175
1 7 7035
1 8 2019
1 11 4438
1 12 4876
1 15 5775
1 16 7258
1 17 814
1 24 4964
1 28 4763
1 29 1231
1 33 4051
1 34 6444
1 38 6547
1 39 4925
1 41 1805
1 44 780
1 45 2362
1 47 3537
1 48 2111
1 49 5416
1 52 2116
1 54 3155
1 56 4329
1 57 7051
1 62 9439
1 63 2267
1 64 9909
1 65 9056
1 67 541
1 68 3301
1 69 1420
1 70 2399
1 73 3171
1 75 2584
1 80 5474
1 82 8663
1 84 9715
1 85 3166
1 87 600
2 4 2565
2 5 9327
2 6 1863
2 8 3985
2 10 1113
2 12 9991
2 13 4486
2 17 9840
2 22 4714
2 23 2922
2 24 635
2 25 3588
2 27 4610
2 28 6486
2 29 8477
2 31 971
2 32 6151
2 35 145
2 37 2719
2 38 6683
2 39 4944
2 42 3170
2 45 8721
2 47 7137
2 48 87
2 49 9721
2 51 1535
2 53 919
2 54 862
2 57 5761
2 58 7205
2 59 4489
2 60 7945
2 62 5598
2 65 3845
2 66 2405
2 67 198
2 70 4910
2 72 7311
2 74 5230
2 76 8360
2 78 7813
2 79 6801
2 81 4128
2 86 5564
2 87 2046
3 4 3820
3 5 7468
3 6 7823
3 10 574
3 11 1207
3 13 8037
3 14 8007
3 18 5394
3 19 3330
3 22 9929
3 24 1404
3 28 39
3 30 5273
3 33 4718
3 37 2952
3 42 8795
3 45 2329
3 46 5427
3 47 9742
3 54 4825
3 56 5855
3 65 589
3 66 7437
3 67 9662
3 68 1822
3 77 9463
3 82 4475
3 84 6655
3 86 1975
3 87 7033
4 6 2621
4 8 4216
4 9 6558
4 11 3879
4 12 6010
4 13 2666
4 14 108
4 18 810
4 23 2663
4 25 6073
4 28 7182
4 29 6061
4 30 1834
4 35 5446
4 36 2463
4 39 5206
4 43 5170
4 45 4006
4 48 5268
4 51 465
4 55 90
4 57 8737
4 59 8585
4 60 7208
4 62 2908
4 63 7790
4 64 6795
4 65 679
4 66 4605
4 67 2498
4 69 842
4 70 8416
4 73 4643
4 74 9882
4 75 1682
4 76 6811
4 77 8356
4 79 296
4 81 5643
4 82 2810
4 86 5661
4 87 7550
5 9 6180
5 14 2257
5 16 4952
5 18 6022
5 19 2005
5 21 1852
5 24 2082
5 25 2695
5 26 3031
5 29 3966
5 30 998
5 31 4281
5 32 7418
5 33 572
5 34 7744
5 35 3710
5 37 8404
5 38 3746
5 39 7885
5 42 9111
5 43 2505
5 44 5295
5 45 6107
5 46 5831
5 47 7868
5 48 5720
5 49 6639
5 50 2149
5 51 2451
5 53 7411
5 56 9568
5 58 9441
5 59 652
5 60 5854
5 61 417
5 62 1933
5 65 4824
5 67 8627
5 68 2318
5 69 5940
5 70 28
5 71 7173
5 72 5224
5 76 3698
5 77 8092
5 83 7139
5 85 9853
5 86 1120
5 87 8950
6 7 3526
6 9 6860
6 10 1665
6 13 2799
6 14 8570
6 16 4454
6 18 8022
6 21 8520
6 24 2842
6 26 9893
6 27 3439
6 30 2091
6 31 8932
6 32 3536
6 33 1713
6 36 7034
6 42 2288
6 43 53
6 47 317
6 48 1358
6 51 4705
6 53 4392
6 55 7926
6 58 653
6 59 9138
6 60 8283
6 61 8945
6 62 7302
6 64 2988
6 65 1142
6 66 6746
6 67 1675
6 68 8
6 69 1250
6 70 8966
6 73 8351
6 74 463
6 77 4398
6 78 8744
6 79 4864
6 80 496
6 82 658
6 85 9705
6 86 1345
7 8 3003
7 9 2131
7 10 8986
7 11 9161
7 15 8103
7 19 1391
7 20 4826
7 21 6907
7 22 2252
7 23 4600
7 25 6211
7 26 64
7 28 2730
7 29 3897
7 32 1162
7 35 913
7 36 4249
7 39 2678
7 40 3478
7 43 7741
7 45 4094
7 48 4694
7 50 1469
7 52 9646
7 54 9450
7 57 8857
7 58 7315
7 61 3912
7 63 4417
7 64 7460
7 68 9874
7 69 7195
7 72 8491
7 74 3137
7 75 8560
7 78 1731
7 83 3808
7 85 6456
7 86 1030
8 10 7018
8 12 355
8 13 3583
8 14 2001
8 15 5956
8 17 4300
8 19 266
8 20 3963
8 21 1197
8 26 5389
8 27 8711
8 28 4286
8 32 4830
8 33 1062
8 34 3319
8 37 452
8 38 5204
8 39 2216
8 41 4243
8 42 4769
8 44 853
8 46 4960
8 47 2370
8 48 7602
8 49 3769
8 50 1185
8 52 6452
8 53 4619
8 54 7523
8 58 5283
8 61 8538
8 62 1860
8 63 9452
8 64 6314
8 66 3572
8 70 7718
8 73 7009
8 74 5663
8 78 8526
8 83 7383
9 11 262
9 14 5127
9 16 9865
9 18 2105
9 19 7549
9 20 9518
9 22 9338
9 24 1458
9 27 1935
9 30 8265
9 32 6031
9 33 4343
9 34 6273
9 35 689
9 36 9416
9 42 8886
9 45 9604
9 46 9512
9 50 2447
9 51 470
9 54 9989
9 56 9001
9 59 5424
9 60 5622
9 64 1765
9 66 154
9 69 2855
9 70 3401
9 71 7870
9 74 7068
9 75 3364
9 76 6270
9 77 9393
9 78 9126
9 81 7215
9 85 5407
10 13 1408
10 15 522
10 16 8556
10 20 5237
10 21 3441
10 22 6137
10 28 1795
10 33 2729
10 34 1168
10 35 7699
10 37 7341
10 40 9495
10 43 5304
10 45 4177
10 47 9557
10 48 845
10 54 1653
10 56 1784
10 59 5441
10 60 3745
10 61 1582
10 64 6088
10 66 461
10 68 9563
10 73 7458
10 76 2108
10 78 1494
10 79 876
10 80 4740
10 82 8372
10 84 6538
10 85 3340
10 86 1804
10 87 2919
11 13 923
11 19 4900
11 20 9764
11 23 2349
11 25 4259
11 30 2971
11 31 5050
11 33 357
11 34 3873
11 35 191
11 37 9667
11 40 628
11 43 6232
11 44 3346
11 45 5436
11 48 2101
11 50 9434
11 53 4171
11 57 3176
11 59 8785
11 61 3038
11 63 9108
11 64 4494
11 65 363
11 66 4692
11 72 7963
11 76 9852
11 77 5020
11 78 6333
11 80 2904
11 83 4987
11 87 1187
12 14 650
12 17 8173
12 18 2873
12 20 5520
12 21 483
12 23 7451
12 24 3506
12 26 7462
12 27 5589
12 28 3075
12 29 1945
12 33 7528
12 34 4210
12 41 4022
12 42 8989
12 46 5478
12 47 4901
12 50 4012
12 57 4917
12 59 2781
12 64 2764
12 65 5148
12 66 6687
12 67 5457
12 72 9261
12 73 7040
12 74 4950
12 80 1485
12 81 7855
12 82 7014
12 84 582
12 85 1979
12 86 9024
13 15 1970
13 18 1014
13 20 2381
13 22 5767
13 25 2976
13 26 325
13 27 8653
13 30 9993
13 31 3503
13 32 5952
13 33 9969
13 40 8807
13 42 9623
13 44 1971
13 45 8588
13 46 1895
13 48 6802
13 55 5996
13 56 2383
13 57 8165
13 58 8209
13 60 8437
13 62 5500
13 63 2779
13 64 8016
13 65 7163
13 66 8553
13 67 4244
13 68 1811
13 70 3008
13 72 703
13 76 7048
13 82 6055
13 84 8710
13 86 7119
13 87 6286
14 15 1263
14 16 2934
14 17 7947
14 19 1308
14 20 4263
14 21 9282
14 23 2180
14 24 4972
14 26 3072
14 27 7821
14 28 7700
14 30 7907
14 37 2284
14 39 5805
14 41 1652
14 42 3262
14 43 9483
14 45 5985
14 49 8068
14 50 8654
14 53 9863
14 54 9202
14 55 6070
14 56 8911
14 57 762
14 58 4865
14 60 9221
14 64 8394
14 65 8141
14 68 7129
14 69 6726
14 70 763
14 71 5491
14 72 5282
14 74 5202
14 77 754
14 79 4503
14 81 4330
14 83 5836
14 84 6829
14 85 3525
15 17 3767
15 18 5637
15 21 1923
15 22 9746
15 25 9689
15 26 7784
15 27 6246
15 30 8017
15 32 6008
15 33 1206
15 34 1956
15 35 2501
15 39 9303
15 40 5095
15 42 9118
15 43 7278
15 46 6951
15 48 4842
15 50 5167
15 51 5862
15 56 5112
15 58 7076
15 60 2141
15 64 4245
15 67 9845
15 69 2240
15 70 6976
15 74 1598
15 75 188
15 79 1227
15 80 6312
15 83 170
15 84 6466
16 17 1337
16 19 4661
16 20 9506
16 21 1838
16 23 4271
16 24 8120
16 25 1356
16 26 9916
16 27 3378
16 31 3158
16 33 8942
16 37 6277
16 38 4743
16 42 3819
16 43 9525
16 44 2892
16 46 8026
16 48 7222
16 52 6530
16 53 2742
16 57 5073
16 58 4563
16 59 5743
16 64 3876
16 67 3828
16 68 8626
16 70 3274
16 73 8038
16 74 3136
16 75 2739
16 76 4280
16 77 5826
16 78 1387
16 81 9364
16 83 8208
16 85 7358
16 86 8840
16 87 2631
17 18 8321
17 20 7038
17 21 8816
17 25 4039
17 28 2074
17 30 9761
17 31 4119
17 34 7858
17 35 3595
17 40 1942
17 41 9273
17 42 7589
17 43 9470
17 46 1081
17 47 7069
17 48 6458
17 49 6814
17 50 2199
17 51 1040
17 54 5749
17 55 1443
17 56 9608
17 57 5310
17 60 9917
17 62 8929
17 63 8888
17 64 3034
17 65 4267
17 66 8696
17 69 9340
17 70 9297
17 71 2644
17 73 9460
17 74 4620
17 76 776
17 77 3499
17 78 2963
17 80 6013
17 81 4688
17 82 4
17 83 466
17 84 356
17 85 1548
17 86 3169
18 20 486
18 22 37
18 24 813
18 26 8608
18 27 6623
18 29 1210
18 33 3766
18 35 5068
18 36 5246
18 37 3286
18 38 9510
18 39 3283
18 40 5615
18 41 8389
18 43 1393
18 47 2881
18 49 3392
18 50 6476
18 51 3230
18 52 6042
18 53 1329
18 58 9106
18 61 1117
18 63 9934
18 64 1875
18 65 2380
18 66 8846
18 67 3688
18 69 5174
18 70 22
18 72 2973
18 73 5014
18 74 2120
18 76 4646
18 84 382
18 85 5514
18 86 1978
18 87 6991
19 20 194
19 21 3489
19 24 1171
19 26 6392
19 27 633
19 28 897
19 30 1031
19 31 1536
19 39 268
19 41 1803
19 42 2060
19 43 8507
19 45 5511
19 47 8644
19 49 3253
19 50 7994
19 54 5358
19 55 3194
19 56 4911
19 63 7430
19 66 6118
19 68 2468
19 69 5456
19 71 4126
19 72 8206
19 74 2743
19 75 1826
19 77 7644
19 78 5559
19 80 7191
19 81 8357
19 82 4188
19 86 920
20 22 1993
20 25 4137
20 26 2699
20 29 3747
20 30 3351
20 31 1555
20 32 6340
20 35 4307
20 40 4331
20 42 4772
20 43 6715
20 45 4159
20 47 9781
20 48 5895
20 50 7568
20 51 9080
20 52 9003
20 54 2208
20 56 8110
20 58 2090
20 60 7480
20 66 7711
20 67 5877
20 68 7905
20 70 5324
20 72 3609
20 76 8069
20 78 1591
20 80 7406
20 81 1593
20 82 3225
20 84 4025
20 85 1696
21 23 4955
21 24 734
21 25 4696
21 26 4747
21 27 6084
21 29 6026
21 30 4547
21 31 5359
21 33 8139
21 35 4777
21 36 6677
21 37 4780
21 38 8364
21 39 6225
21 44 9175
21 46 9822
21 47 2127
21 48 4209
21 50 9652
21 52 474
21 55 8957
21 59 5465
21 60 8348
21 64 9550
21 67 2063
21 69 1027
21 70 4143
21 72 2671
21 77 7457
21 81 5284
21 83 7488
21 85 9785
21 86 4081
21 87 6641
22 23 1841
22 26 534
22 27 5000
22 30 4504
22 31 1324
22 32 2875
22 33 7384
22 34 7690
22 38 1375
22 39 7595
22 40 4645
22 45 222
22 46 9028
22 47 3310
22 48 9866
22 51 6114
22 54 3735
22 55 8824
22 57 554
22 63 9702
22 64 7899
22 65 9541
22 66 8586
22 67 3284
22 69 8042
22 75 9498
22 76 2716
22 78 7219
22 79 48
22 81 2706
22 82 3569
22 84 5265
22 85 3668
23 24 9837
23 25 4982
23 27 5102
23 28 9918
23 30 3615
23 31 5635
23 32 1658
23 35 3272
23 38 9990
23 43 7764
23 44 9554
23 45 6356
23 46 9073
23 47 6166
23 49 4912
23 53 8302
23 54 4525
23 58 9115
23 61 2298
23 63 6927
23 64 1796
23 65 2253
23 67 5189
23 68 6096
23 73 977
23 74 7299
23 75 9333
23 77 2259
23 78 9783
23 80 4875
23 81 767
23 84 7050
23 85 4969
23 86 8683
24 27 6960
24 28 5398
24 30 6036
24 31 2128
24 32 3567
24 34 5402
24 36 4863
24 38 8527
24 40 9357
24 42 7444
24 43 4543
24 44 7906
24 45 3644
24 46 6369
24 47 15
24 48 7143
24 49 4813
24 57 5624
24 58 5218
24 59 9240
24 60 7596
24 62 1779
24 65 5275
24 67 1772
24 68 8992
24 69 7803
24 71 8943
24 72 5773
24 73 4670
24 75 2027
24 77 8214
24 78 4441
24 80 6253
24 81 1777
24 82 6408
24 83 9285
24 84 6112
25 27 2029
25 29 7443
25 31 1974
25 32 3296
25 33 8515
25 35 5585
25 38 9980
25 39 7012
25 40 4681
25 41 5065
25 44 6256
25 46 7184
25 49 5172
25 50 9994
25 52 8868
25 53 7428
25 54 1119
25 55 2980
25 57 7178
25 58 1601
25 61 3400
25 63 7908
25 65 1709
25 67 9344
25 72 4121
25 74 5659
25 75 4941
25 76 4524
25 77 607
25 78 475
25 80 8001
25 81 6929
25 82 1708
25 85 8812
25 87 406
26 27 5124
26 30 8874
26 34 6195
26 38 2786
26 40 4729
26 42 1529
26 45 484
26 47 2330
26 49 6787
26 51 6698
26 52 3112
26 53 1398
26 55 3620
26 56 3390
26 57 8964
26 58 9925
26 59 8684
26 60 9255
26 61 9474
26 64 5361
26 65 7427
26 68 2692
26 70 212
26 74 8142
26 75 1892
26 77 1401
26 78 4198
26 80 4905
26 83 4886
26 84 8475
27 29 6338
27 38 4206
27 40 632
27 42 5477
27 44 4060
27 45 2935
27 46 9762
27 48 9959
27 53 4469
27 56 5074
27 59 6865
27 60 3331
27 61 1477
27 64 6240
27 65 9305
27 69 6024
27 72 6731
27 75 187
27 77 1730
27 78 8823
27 79 8136
27 83 4540
27 84 5964
27 85 1627
28 30 7539
28 33 390
28 35 9570
28 37 9945
28 38 2226
28 39 426
28 42 7421
28 46 476
28 47 8531
28 50 7757
28 51 2044
28 54 6257
28 57 2171
28 59 4431
28 60 4071
28 62 1738
28 65 4906
28 68 7349
28 69 4314
28 73 2527
28 80 6605
28 81 6398
28 82 3073
28 83 1563
28 86 4376
28 87 4248
29 30 1253
29 31 7347
29 32 6310
29 33 3337
29 34 4519
29 36 4592
29 42 9298
29 44 9399
29 46 7022
29 47 200
29 49 6252
29 50 4345
29 52 7476
29 53 6680
29 54 8318
29 55 2325
29 57 3504
29 60 2125
29 62 8361
29 63 9658
29 64 2926
29 66 5294
29 67 1003
29 68 922
29 70 9135
29 71 5007
29 74 9878
29 77 5428
29 78 6000
29 80 1853
29 83 8455
29 85 4903
29 86 8892
29 87 7002
30 34 263
30 36 4255
30 37 8539
30 38 827
30 40 4786
30 41 4798
30 45 5738
30 50 384
30 51 8982
30 52 2220
30 55 350
30 57 488
30 58 8430
30 59 163
30 60 3113
30 64 6077
30 65 8119
30 67 2049
30 69 6803
30 70 4853
30 77 9388
30 78 7246
30 79 9856
30 81 1087
30 82 118
30 84 5783
30 85 9892
30 87 203
31 32 9299
31 33 1440
31 35 4648
31 36 3665
31 37 2529
31 40 5638
31 42 8848
31 44 8391
31 46 4088
31 50 7894
31 51 5857
31 52 2616
31 55 7052
31 56 2735
31 58 8028
31 59 4465
31 61 9368
31 62 4023
31 63 1122
31 64 8131
31 65 249
31 67 7759
31 68 8741
31 70 3553
31 71 838
31 72 8717
31 73 5714
31 76 9530
31 77 1982
31 79 8414
31 81 8169
31 82 7610
31 86 3111
31 87 8685
32 33 7910
32 34 215
32 41 5677
32 42 3011
32 43 1815
32 45 6859
32 47 571
32 48 7913
32 49 7297
32 51 997
32 52 2263
32 55 1476
32 56 3494
32 57 5308
32 59 7138
32 61 7266
32 62 4150
32 63 9924
32 67 9699
32 69 3312
32 73 5812
32 74 6205
32 75 6053
32 78 6130
32 83 6613
32 85 8493
32 86 7420
32 87 9322
33 36 9908
33 38 9179
33 39 472
33 40 5599
33 42 8867
33 43 9597
33 44 9946
33 45 3046
33 46 6598
33 47 3826
33 49 9960
33 50 7471
33 55 974
33 56 9745
33 57 1266
33 58 9397
33 60 4218
33 61 2121
33 65 2830
33 67 4856
33 68 7353
33 69 2553
33 70 743
33 71 4200
33 76 8134
33 78 6447
33 79 103
33 80 936
33 81 3268
33 83 2423
33 84 9444
34 36 9696
34 37 1961
34 38 3023
34 41 4058
34 42 4108
34 46 8481
34 47 1446
34 49 7244
34 50 4166
34 52 1260
34 56 5321
34 58 7722
34 59 673
34 62 6635
34 63 4358
34 69 3466
34 71 7726
34 72 1508
34 74 447
34 76 8540
34 78 2202
34 80 7540
34 82 4872
34 83 3551
34 84 9016
34 85 8869
34 87 3888
35 39 8187
35 40 2075
35 41 5468
35 45 1625
35 46 8242
35 58 101
35 60 89
35 61 2181
35 67 1033
35 69 3078
35 71 7321
35 73 6568
35 78 4179
35 80 9682
35 81 8682
35 82 7112
35 85 2688
36 38 7330
36 39 1836
36 41 6060
36 43 2970
36 46 38
36 50 528
36 51 7343
36 57 3909
36 58 29
36 61 7752
36 62 6276
36 65 3202
36 72 5226
36 77 186
36 78 9556
36 83 8551
36 85 2767
36 86 2506
37 38 2643
37 40 7260
37 42 5024
37 48 8220
37 49 3086
37 50 9025
37 51 4601
37 52 7564
37 53 8610
37 54 7925
37 55 1395
37 57 66
37 59 6160
37 60 7272
37 62 8245
37 63 625
37 66 6651
37 68 3275
37 69 3159
37 70 5777
37 71 3197
37 72 3784
37 74 8702
37 77 5918
37 78 5886
37 79 5485
37 81 9572
37 82 6293
37 83 5719
37 85 1025
37 86 3800
37 87 8399
38 39 4359
38 40 829
38 43 8375
38 44 8636
38 46 1409
38 48 6638
38 49 3557
38 50 2653
38 55 5038
38 56 6342
38 58 2309
38 60 6068
38 61 9711
38 63 1134
38 64 6454
38 66 402
38 68 1870
38 75 4895
38 77 5612
38 79 9679
38 80 3143
38 81 9226
38 84 3309
38 87 558
39 41 9086
39 44 9580
39 46 8486
39 50 6754
39 52 9629
39 53 5507
39 54 6119
39 56 5675
39 58 4868
39 59 5701
39 61 5156
39 62 9565
39 63 7431
39 64 8769
39 65 1177
39 69 269
39 70 6189
39 71 7162
39 77 129
39 79 1310
39 80 5517
39 82 8614
39 84 878
39 87 9274
40 41 3024
40 42 4313
40 43 3991
40 48 8740
40 49 8959
40 51 27
40 57 7419
40 60 8925
40 64 5111
40 65 6507
40 68 2836
40 70 6628
40 73 824
40 77 4954
40 78 9610
40 79 5505
40 81 5998
40 82 4238
40 85 3570
40 87 67
41 45 2246
41 46 5070
41 47 3479
41 54 7277
41 56 3754
41 57 9082
41 60 1447
41 63 982
41 67 837
41 69 5963
41 73 7336
41 74 547
41 80 5907
41 84 6590
41 86 3619
41 87 1429
42 46 3681
42 48 822
42 51 609
42 55 6684
42 56 5347
42 61 6632
42 62 8058
42 63 4510
42 64 5544
42 65 7367
42 68 6172
42 72 7574
42 74 1043
42 75 4189
42 76 412
42 78 3682
42 80 5434
42 81 7704
42 82 8314
42 83 748
42 84 7149
42 85 4859
42 86 6083
43 44 5869
43 45 7729
43 46 3738
43 47 5376
43 48 3322
43 50 7436
43 51 510
43 52 196
43 53 3967
43 54 8541
43 55 8908
43 57 7213
43 58 4591
43 59 361
43 61 9277
43 62 1347
43 63 1258
43 67 7755
43 68 9485
43 69 8629
43 70 8259
43 74 1294
43 79 6136
43 80 2035
43 81 2169
43 82 6021
43 83 555
43 84 4191
44 47 4299
44 50 1985
44 53 8234
44 54 5703
44 57 3349
44 58 4356
44 61 1953
44 64 5999
44 69 5311
44 70 5917
44 75 9153
44 76 7895
44 79 2650
44 83 1484
45 51 8573
45 53 3749
45 54 4168
45 55 8023
45 56 8350
45 57 6512
45 65 9937
45 66 9616
45 67 312
45 69 277
45 71 5058
45 72 1648
45 74 560
45 76 9462
45 81 3360
45 86 5113
46 47 4470
46 48 7739
46 50 9279
46 52 9595
46 55 6705
46 56 1518
46 60 5936
46 61 5711
46 66 8772
46 69 6085
46 70 8479
46 71 2243
46 74 3315
46 76 9957
46 79 4309
46 84 2274
46 85 4833
46 86 5166
47 48 6493
47 49 908
47 50 2242
47 52 1925
47 59 4752
47 60 8170
47 62 287
47 64 7134
47 67 9412
47 68 1666
47 69 3937
47 70 2794
47 71 9304
47 72 790
47 76 7120
47 77 7008
47 79 4377
47 80 7467
47 81 4320
47 83 4882
47 86 6770
47 87 9200
48 50 4290
48 51 147
48 52 8215
48 57 8111
48 58 7044
48 59 6864
48 60 7950
48 62 3566
48 63 8225
48 64 5422
48 66 3807
48 67 7505
48 68 3108
48 71 9214
48 72 9448
48 77 8311
48 78 3637
48 82 794
48 86 2020
49 51 2629
49 53 5075
49 54 6328
49 56 120
49 60 686
49 61 4857
49 65 4124
49 66 9373
49 69 7464
49 71 1857
49 73 2844
49 78 1226
49 79 1968
49 81 2422
49 84 3149
49 85 7511
50 52 7849
50 54 6390
50 57 9147
50 60 1098
50 62 9085
50 64 9583
50 70 8084
50 72 4837
50 74 4315
50 76 7123
50 84 8204
50 86 7504
51 52 2373
51 55 4163
51 63 5733
51 64 2424
51 65 4784
51 69 6773
51 71 7354
51 72 6996
51 74 696
51 75 8958
51 76 6037
51 77 443
51 82 1995
51 83 4414
51 86 239
51 87 6601
52 55 464
52 57 4820
52 58 6515
52 61 5090
52 62 8621
52 66 6357
52 68 981
52 69 4055
52 70 5240
52 73 8238
52 75 2738
52 82 4496
52 83 7571
52 85 4261
53 55 3110
53 57 178
53 58 7231
53 59 9978
53 61 6928
53 62 7513
53 64 8293
53 65 6615
53 66 4140
53 68 9833
53 69 2225
53 74 5476
53 77 872
53 78 3969
53 79 7176
53 81 2092
53 82 9103
53 83 2997
53 87 2133
54 55 4062
54 56 3576
54 58 4427
54 59 5489
54 61 4518
54 63 6292
54 65 6882
54 66 2694
54 67 9513
54 68 4371
54 71 1327
54 72 467
54 75 5791
54 76 3977
54 81 865
54 84 6463
54 86 8403
54 87 7150
55 56 9970
55 58 3060
55 61 9375
55 62 6219
55 63 5100
55 64 7317
55 65 7965
55 67 9105
55 70 6237
55 75 9197
55 77 8335
55 78 951
55 79 5840
55 80 6559
55 85 995
56 57 4649
56 58 4869
56 61 5896
56 63 4735
56 64 231
56 66 8447
56 68 1389
56 69 7061
56 70 3417
56 72 1701
56 73 4730
56 75 3542
56 76 832
56 77 7348
56 81 3341
56 82 6658
56 86 8161
56 87 2747
57 61 2718
57 65 7538
57 66 8512
57 69 6585
57 73 2906
57 75 7679
57 77 3636
57 79 6661
57 80 6640
57 83 5338
57 84 9361
57 85 63
57 86 8032
58 60 6159
58 63 1165
58 65 7570
58 68 4564
58 70 6102
58 71 9477
58 72 2484
58 77 4014
58 78 8049
58 86 5870
59 60 1691
59 63 165
59 64 4443
59 66 2191
59 67 5047
59 68 1403
59 70 9900
59 71 2466
59 77 5535
59 79 2818
59 80 2235
59 81 9520
59 83 6923
59 84 3621
59 85 7469
60 61 9215
60 62 3880
60 63 2256
60 64 1174
60 67 5103
60 70 4684
60 72 2958
60 73 5729
60 76 7620
60 82 1686
60 87 6287
61 63 6711
61 64 5759
61 67 1776
61 69 3624
61 70 6244
61 71 1276
61 72 3523
61 74 1146
61 75 260
61 77 8705
61 79 2993
61 80 781
61 81 5997
61 82 7448
61 83 1092
61 84 854
61 85 8952
61 87 4838
62 68 4557
62 69 4001
62 70 3189
62 72 6931
62 74 5731
62 75 8861
62 76 6755
62 77 3856
62 79 6788
62 80 5423
62 81 359
62 82 8890
62 85 1421
62 86 1689
62 87 4332
63 64 6699
63 68 4426
63 69 3564
63 70 2966
63 71 6667
63 75 8289
63 76 1542
63 79 1488
63 80 9527
63 82 9601
63 84 5730
63 86 6793
63 87 9293
64 66 9504
64 67 4498
64 69 9870
64 70 2016
64 71 2939
64 72 7976
64 73 6656
64 75 489
64 76 8646
64 77 7046
64 82 989
64 83 8743
65 67 5274
65 70 1368
65 71 2416
65 72 8345
65 75 1996
65 76 7402
65 77 2669
65 78 8362
65 79 9920
65 82 3756
65 83 4145
65 86 6917
66 67 7957
66 68 2765
66 69 7751
66 71 770
66 72 2375
66 74 9442
66 78 3545
66 79 9196
66 81 4505
66 83 4683
66 84 8749
66 86 1575
66 87 5168
67 71 6941
67 74 2413
67 77 3573
67 79 8804
67 80 6719
67 84 6323
67 85 9035
67 86 9054
68 72 2391
68 73 7845
68 74 1513
68 75 7322
68 78 8073
68 79 4710
68 81 2071
68 82 1967
68 85 2244
68 87 2012
69 70 3458
69 73 1789
69 75 1644
69 76 2435
69 80 2936
69 81 588
69 85 1089
69 87 327
70 71 9149
70 75 2271
70 77 8107
70 78 3968
70 79 5927
70 80 6148
70 81 6393
70 83 2533
70 84 5850
70 85 4473
70 86 102
70 87 3362
71 72 3741
71 76 8859
71 78 1272
71 80 4450
71 84 1642
71 85 6335
71 86 6204
71 87 7122
72 73 1962
72 77 731
72 79 1150
72 82 8746
72 87 6992
73 74 1928
73 76 3423
73 78 9008
73 79 1741
73 80 9065
73 86 4115
73 87 6897
74 78 1562
74 79 6498
74 81 7826
74 83 4484
74 84 5176
74 86 8115
74 87 925
75 76 7631
75 77 5939
75 79 9508
75 81 2944
75 83 3669
75 84 9207
75 86 8222
75 87 3629
76 77 1820
76 78 125
76 79 8498
76 81 1914
76 82 2539
76 84 6207
76 85 969
76 86 1151
76 87 1623
77 79 4787
77 80 9751
77 81 7839
77 83 1109
77 84 1720
77 86 7742
77 87 7193
78 81 8652
78 82 1318
78 86 5602
79 80 4164
79 81 7113
79 86 4812
80 82 4382
80 83 6208
80 84 9348
80 85 5425
80 87 1965
81 87 3498
82 85 1646
82 86 4501
82 87 9828
83 84 2238
83 85 8811
83 86 5287
83 87 9052
84 85 5041
84 87 6126
85 87 1732
86 87 9141
