74 1359
0 1 5
0 3 5
0 7 6
0 9 5
0 10 1
0 12 1
0 15 2
0 16 4
0 18 5
0 20 3
0 22 10
0 24 2
0 27 5
0 28 4
0 29 6
0 30 9
0 31 7
0 33 4
0 34 5
0 35 3
0 37 9
0 38 1
0 39 9
0 40 5
0 42 6
0 43 1
0 49 3
0 50 7
0 51 4
0 61 6
0 62 9
0 63 6
0 68 4
0 69 3
0 72 6
0 73 3
1 2 4
1 5 6
1 8 1
1 10 3
1 12 8
1 13 3
1 15 8
1 17 8
1 20 3
1 22 6
1 23 9
1 26 9
1 27 2
1 29 7
1 31 2
1 36 1
1 37 7
1 38 10
1 41 3
1 44 1
1 46 8
1 47 2
1 48 5
1 49 4
1 51 2
1 53 10
1 56 2
1 57 2
1 63 3
1 67 5
1 70 6
1 71 2
1 72 2
2 4 1
2 5 7
2 7 5
2 9 10
2 12 2
2 13 6
2 14 6
2 16 5
2 20 6
2 21 5
2 22 9
2 23 7
2 24 1
2 25 1
2 26 6
2 27 10
2 28 9
2 29 4
2 30 2
2 32 9
2 33 8
2 35 2
2 36 2
2 37 9
2 38 10
2 39 7
2 40 3
2 41 7
2 44 6
2 46 7
2 47 9
2 50 2
2 51 1
2 52 3
2 53 1
2 54 8
2 55 3
2 57 4
2 58 2
2 59 9
2 60 2
2 62 6
2 64 9
2 66 2
2 70 1
2 72 3
2 73 6
3 4 6
3 5 1
3 6 7
3 9 3
3 16 9
3 17 9
3 19 3
3 21 8
3 25 1
3 26 2
3 27 5
3 29 8
3 30 5
3 31 2
3 32 6
3 33 5
3 34 6
3 36 6
3 39 9
3 40 10
3 42 7
3 45 10
3 47 6
3 49 10
3 52 7
3 53 2
3 54 7
3 55 6
3 56 7
3 57 7
3 60 1
3 62 7
3 63 5
3 64 1
3 65 8
3 66 2
4 10 2
4 13 1
4 19 9
4 20 6
4 21 3
4 22 5
4 24 8
4 29 5
4 30 2
4 31 4
4 32 2
4 33 3
4 36 8
4 37 8
4 42 6
4 47 5
4 50 6
4 52 2
4 55 10
4 56 4
4 57 8
4 58 5
4 59 6
4 63 10
4 64 4
4 65 1
4 66 2
4 67 1
4 68 1
4 69 1
4 70 1
4 72 4
5 8 5
5 9 9
5 10 9
5 11 9
5 13 7
5 14 1
5 17 2
5 18 4
5 22 10
5 24 5
5 25 3
5 28 1
5 30 10
5 31 10
5 33 6
5 34 10
5 37 3
5 38 3
5 39 3
5 40 9
5 41 9
5 44 1
5 46 3
5 48 7
5 51 8
5 54 5
5 55 5
5 56 2
5 58 9
5 59 2
5 60 3
5 61 6
5 64 2
5 65 5
5 66 7
5 69 5
5 71 8
6 13 5
6 14 8
6 19 5
6 20 3
6 21 5
6 22 5
6 26 2
6 30 6
6 32 9
6 33 4
6 34 6
6 36 4
6 37 1
6 38 9
6 39 6
6 43 7
6 46 7
6 47 8
6 48 9
6 52 9
6 55 7
6 56 8
6 57 5
6 58 5
6 63 1
6 67 1
6 70 9
6 73 7
7 9 1
7 11 10
7 13 4
7 16 10
7 17 5
7 20 8
7 21 3
7 24 1
7 26 3
7 29 5
7 31 4
7 32 7
7 33 7
7 34 2
7 36 1
7 37 3
7 38 5
7 40 7
7 41 9
7 43 7
7 44 4
7 46 2
7 49 8
7 53 6
7 54 1
7 55 10
7 57 5
7 58 1
7 59 6
7 60 2
7 61 3
7 63 9
7 66 6
7 67 10
7 71 7
8 9 1
8 10 1
8 16 7
8 18 1
8 19 10
8 25 2
8 27 4
8 30 10
8 35 9
8 36 3
8 38 9
8 41 7
8 45 1
8 47 4
8 52 9
8 53 6
8 54 1
8 56 9
8 60 9
8 61 8
8 63 3
8 64 10
8 65 7
8 66 3
8 69 8
8 70 2
8 72 1
8 73 4
9 13 6
9 15 10
9 16 1
9 17 8
9 18 4
9 20 5
9 22 7
9 25 2
9 26 5
9 28 2
9 30 5
9 31 7
9 32 10
9 34 7
9 35 2
9 36 2
9 37 4
9 39 8
9 41 2
9 46 3
9 48 8
9 49 4
9 52 3
9 53 6
9 54 4
9 55 9
9 58 5
9 60 9
9 61 7
9 62 7
9 64 9
9 66 10
9 67 2
9 70 1
9 73 1
10 11 10
10 12 10
10 16 8
10 18 2
10 19 5
10 21 2
10 25 6
10 26 5
10 27 3
10 29 3
10 31 6
10 34 3
10 36 2
10 38 8
10 39 8
10 40 5
10 41 8
10 45 5
10 46 5
10 50 6
10 55 3
10 57 9
10 58 10
10 61 4
10 63 2
10 65 2
10 67 1
10 68 5
10 69 6
10 70 10
10 73 2
11 14 7
11 16 4
11 20 8
11 26 8
11 29 6
11 32 4
11 33 8
11 35 9
11 37 1
11 44 8
11 46 10
11 50 10
11 51 8
11 52 3
11 54 6
11 55 7
11 56 2
11 59 10
11 60 7
11 62 1
11 64 7
11 69 2
11 71 7
12 19 8
12 20 8
12 24 1
12 26 4
12 28 7
12 30 3
12 31 2
12 32 8
12 33 9
12 36 8
12 38 6
12 41 8
12 45 1
12 46 9
12 47 8
12 49 4
12 51 1
12 54 10
12 55 6
12 56 6
12 59 7
12 65 6
12 71 8
12 72 10
13 17 7
13 18 9
13 19 6
13 20 4
13 21 1
13 22 1
13 25 10
13 27 3
13 28 1
13 31 6
13 33 7
13 35 10
13 36 7
13 37 1
13 38 2
13 39 8
13 40 7
13 41 4
13 42 5
13 43 10
13 50 4
13 52 5
13 53 6
13 55 2
13 57 5
13 58 3
13 59 5
13 60 3
13 61 7
13 62 4
13 63 10
13 65 8
13 67 1
13 68 2
13 69 6
13 72 2
13 73 3
14 16 3
14 20 9
14 21 3
14 25 5
14 27 1
14 32 10
14 33 5
14 34 5
14 35 4
14 36 3
14 37 10
14 38 10
14 40 4
14 41 1
14 43 10
14 44 5
14 47 2
14 49 9
14 52 9
14 56 5
14 57 10
14 58 7
14 59 8
14 62 8
14 63 2
14 65 8
14 69 5
14 70 5
14 71 3
15 17 7
15 18 4
15 19 5
15 20 5
15 21 9
15 23 7
15 27 6
15 29 9
15 31 5
15 32 1
15 33 5
15 35 4
15 36 10
15 38 9
15 39 4
15 40 9
15 42 3
15 45 6
15 46 10
15 49 3
15 50 9
15 52 3
15 53 1
15 54 5
15 55 8
15 56 8
15 57 6
15 61 8
15 63 7
15 67 7
15 69 6
15 71 3
15 73 7
16 22 1
16 23 1
16 25 2
16 26 6
16 27 1
16 29 6
16 30 4
16 32 8
16 34 9
16 35 1
16 37 1
16 43 10
16 45 7
16 46 9
16 47 9
16 50 7
16 51 3
16 52 9
16 53 2
16 59 8
16 61 7
16 62 9
16 68 5
16 73 10
17 21 10
17 22 9
17 23 4
17 24 10
17 26 6
17 29 1
17 30 6
17 31 2
17 34 5
17 36 4
17 37 8
17 39 9
17 40 4
17 43 5
17 44 3
17 46 8
17 49 8
17 55 9
17 58 10
17 60 4
17 61 7
17 62 5
17 65 9
17 66 2
17 67 8
17 70 9
17 72 2
17 73 5
18 19 9
18 23 8
18 26 3
18 31 2
18 32 10
18 37 5
18 38 5
18 39 9
18 42 3
18 49 9
18 50 1
18 52 1
18 53 5
18 56 3
18 57 7
18 58 7
18 59 6
18 60 1
18 62 1
18 63 5
18 70 10
18 71 5
18 72 1
18 73 6
19 20 1
19 21 10
19 22 8
19 23 7
19 26 5
19 27 9
19 28 1
19 29 6
19 32 4
19 33 9
19 35 9
19 36 4
19 37 3
19 40 2
19 42 2
19 43 6
19 44 5
19 45 7
19 46 9
19 49 7
19 50 4
19 53 9
19 54 7
19 59 9
19 63 3
19 64 7
19 65 8
19 66 5
19 67 2
19 71 9
19 72 3
19 73 9
20 22 9
20 24 6
20 28 5
20 29 1
20 30 4
20 34 1
20 37 9
20 39 7
20 41 1
20 43 6
20 44 1
20 47 6
20 48 2
20 49 1
20 50 10
20 51 3
20 53 6
20 55 4
20 58 5
20 60 5
20 64 10
20 65 7
20 67 4
20 71 2
21 22 8
21 24 2
21 25 5
21 26 10
21 30 6
21 32 8
21 35 1
21 40 9
21 42 4
21 43 4
21 44 9
21 45 8
21 46 8
21 47 4
21 51 7
21 53 8
21 56 9
21 57 1
21 58 3
21 59 10
21 60 3
21 61 2
21 62 5
21 63 1
21 64 4
21 65 5
21 66 9
21 67 4
21 70 6
22 23 9
22 24 7
22 26 6
22 29 9
22 32 4
22 34 5
22 39 10
22 40 4
22 41 3
22 42 8
22 44 7
22 47 2
22 49 2
22 53 6
22 54 1
22 55 9
22 60 3
22 62 10
22 63 3
22 65 5
22 66 7
22 69 3
22 70 8
22 71 10
23 25 1
23 26 8
23 28 8
23 32 4
23 34 7
23 36 9
23 38 9
23 39 7
23 40 5
23 41 3
23 42 1
23 45 10
23 47 8
23 49 4
23 52 3
23 54 6
23 55 7
23 58 4
23 59 9
23 60 9
23 62 1
23 69 7
23 70 8
23 72 10
23 73 9
24 26 4
24 27 9
24 29 4
24 30 7
24 33 5
24 36 8
24 38 1
24 42 1
24 48 1
24 50 1
24 51 4
24 52 8
24 53 7
24 54 2
24 56 7
24 57 2
24 58 9
24 60 3
24 62 5
24 63 2
24 68 5
24 69 2
24 70 1
24 72 2
24 73 5
25 28 2
25 29 10
25 33 8
25 34 7
25 35 3
25 39 3
25 40 4
25 41 1
25 42 7
25 44 2
25 46 5
25 47 1
25 48 2
25 52 6
25 53 4
25 55 7
25 57 2
25 59 5
25 60 2
25 62 8
25 65 3
25 66 8
25 67 2
25 71 3
25 72 2
25 73 8
26 28 7
26 29 2
26 32 5
26 35 6
26 36 5
26 37 4
26 38 8
26 39 6
26 41 7
26 43 10
26 45 6
26 47 1
26 48 2
26 49 7
26 53 2
26 57 3
26 58 3
26 59 8
26 60 9
26 61 10
26 63 3
26 65 8
26 67 1
26 68 4
26 69 3
26 71 5
26 72 8
27 29 3
27 30 6
27 33 5
27 34 9
27 35 6
27 39 2
27 41 8
27 46 1
27 51 3
27 53 3
27 54 3
27 55 1
27 60 8
27 61 6
27 63 1
27 67 8
27 68 6
27 69 7
27 70 4
27 72 1
27 73 1
28 29 2
28 31 7
28 32 2
28 33 10
28 37 5
28 38 6
28 39 9
28 43 7
28 46 1
28 50 10
28 52 4
28 53 7
28 54 3
28 55 6
28 57 6
28 58 7
28 61 8
28 62 9
28 70 10
28 73 4
29 31 1
29 33 7
29 37 9
29 43 3
29 44 8
29 49 8
29 51 2
29 54 8
29 61 2
29 62 6
29 69 1
29 71 8
30 31 7
30 36 2
30 37 2
30 38 1
30 39 10
30 40 8
30 41 10
30 42 2
30 43 4
30 45 8
30 47 8
30 48 3
30 49 9
30 50 9
30 52 8
30 53 4
30 54 10
30 58 5
30 59 10
30 61 4
30 65 6
30 66 7
30 70 10
30 71 4
31 33 8
31 36 1
31 37 3
31 42 4
31 43 7
31 45 5
31 46 1
31 47 2
31 48 8
31 50 5
31 51 2
31 53 9
31 54 6
31 55 7
31 56 9
31 58 1
31 60 10
31 65 5
31 66 7
31 69 5
31 70 9
31 71 1
31 73 4
32 34 10
32 35 4
32 36 3
32 37 4
32 38 4
32 41 4
32 44 5
32 45 8
32 46 9
32 47 10
32 48 7
32 50 1
32 51 9
32 52 8
32 53 6
32 54 2
32 55 1
32 56 4
32 57 3
32 58 2
32 59 3
32 63 8
32 64 2
32 66 9
32 69 2
32 72 8
32 73 7
33 35 4
33 38 8
33 47 4
33 48 8
33 50 8
33 59 2
33 60 4
33 63 8
33 64 7
33 68 5
33 69 4
33 71 3
33 72 9
33 73 1
34 38 6
34 39 8
34 43 2
34 44 8
34 46 2
34 47 9
34 48 3
34 49 2
34 51 7
34 52 6
34 53 5
34 54 6
34 56 3
34 58 4
34 63 3
34 65 8
34 66 3
34 68 5
34 70 2
34 72 2
35 36 7
35 37 6
35 38 4
35 39 6
35 41 5
35 44 4
35 45 6
35 47 9
35 49 7
35 50 6
35 51 7
35 53 9
35 54 10
35 57 8
35 58 10
35 59 4
35 64 2
35 66 5
35 70 10
35 72 2
35 73 5
36 39 7
36 40 7
36 43 5
36 44 3
36 45 6
36 47 1
36 48 8
36 50 9
36 52 5
36 53 8
36 58 1
36 59 3
36 61 4
36 62 3
36 63 3
36 64 10
36 65 7
36 66 2
36 68 9
36 69 9
36 72 1
36 73 5
37 38 10
37 39 9
37 42 4
37 43 10
37 46 5
37 47 7
37 48 3
37 54 9
37 61 4
37 62 5
37 63 8
37 64 8
37 65 4
37 72 10
37 73 7
38 41 10
38 42 7
38 43 3
38 45 3
38 47 9
38 48 10
38 50 7
38 53 3
38 54 4
38 55 5
38 56 2
38 62 5
38 63 8
38 64 7
38 65 7
38 66 5
38 69 6
38 72 6
38 73 4
39 41 2
39 43 1
39 44 6
39 45 7
39 47 10
39 48 1
39 49 1
39 51 10
39 52 8
39 53 8
39 54 2
39 56 6
39 58 4
39 60 9
39 61 3
39 65 4
39 66 2
39 70 9
39 71 9
39 72 2
39 73 4
40 42 6
40 43 4
40 45 5
40 46 2
40 47 7
40 48 3
40 50 7
40 52 1
40 53 7
40 55 7
40 59 4
40 61 6
40 63 7
40 65 4
40 66 3
40 67 10
40 71 3
41 42 8
41 43 5
41 44 8
41 45 6
41 46 8
41 49 8
41 50 5
41 51 7
41 53 1
41 54 7
41 55 1
41 58 10
41 59 6
41 60 4
41 61 5
41 62 7
41 66 3
41 67 7
41 71 10
42 43 9
42 44 2
42 45 7
42 47 4
42 51 3
42 52 10
42 54 9
42 56 7
42 57 10
42 60 10
42 62 6
42 63 2
42 68 1
42 70 10
42 73 6
43 44 8
43 48 5
43 49 7
43 52 1
43 54 9
43 56 1
43 57 4
43 60 2
43 61 6
43 65 7
43 67 2
43 68 1
43 69 9
43 72 3
43 73 6
44 46 4
44 50 2
44 54 2
44 55 7
44 56 2
44 60 1
44 62 3
44 63 9
44 65 3
44 66 1
44 69 5
44 70 5
44 72 4
45 48 9
45 50 1
45 53 10
45 54 1
45 55 1
45 59 7
45 62 9
45 65 6
45 67 8
45 72 5
46 47 9
46 48 9
46 50 1
46 53 5
46 61 3
46 62 1
46 64 10
46 65 1
46 66 4
46 67 2
46 68 9
47 48 5
47 49 7
47 50 10
47 53 3
47 54 6
47 56 8
47 58 1
47 59 4
47 60 4
47 63 1
47 64 8
47 66 5
47 68 7
47 69 4
47 70 10
47 71 4
47 73 3
48 49 4
48 50 7
48 51 4
48 52 9
48 54 7
48 55 7
48 56 1
48 58 4
48 61 8
48 62 7
48 64 10
48 68 4
48 73 2
49 50 4
49 52 4
49 61 9
49 62 6
49 63 7
49 64 3
49 65 9
49 68 7
49 72 3
49 73 5
50 51 5
50 52 2
50 53 8
50 54 3
50 55 6
50 56 10
50 57 9
50 59 6
50 63 8
50 66 7
50 68 7
50 69 4
50 70 5
50 73 7
51 53 2
51 56 1
51 58 10
51 60 7
51 62 5
51 64 5
51 65 5
51 67 7
51 69 6
51 72 7
52 53 8
52 54 6
52 58 2
52 59 6
52 61 2
52 62 9
52 66 7
52 67 7
52 70 4
53 54 4
53 55 9
53 56 1
53 61 2
53 62 10
53 63 2
53 64 5
53 65 9
53 67 5
53 71 4
53 73 6
54 57 9
54 60 5
54 61 3
54 62 9
54 63 1
54 64 9
54 66 8
54 67 1
54 69 4
54 73 4
55 56 8
55 57 7
55 58 6
55 60 7
55 62 4
55 63 7
55 67 1
55 68 3
55 69 4
55 70 2
55 71 5
56 57 3
56 58 1
56 59 2
56 60 10
56 61 5
56 62 1
56 64 7
56 65 6
56 66 2
56 69 9
56 70 9
56 72 10
56 73 5
57 59 6
57 62 6
57 63 9
57 64 10
57 66 1
57 67 4
57 68 8
57 73 5
58 63 4
58 65 10
58 66 6
58 67 10
58 71 10
58 72 9
58 73 5
59 60 7
59 61 7
59 62 3
59 64 8
59 65 10
59 71 10
59 72 9
59 73 3
60 65 6
60 66 6
60 68 9
60 71 5
60 72 5
61 62 10
61 63 7
61 64 3
61 67 9
61 69 2
61 71 5
61 72 6
61 73 6
62 65 2
62 66 3
62 67 9
62 69 5
62 72 4
62 73 2
63 69 2
63 71 4
63 73 4
64 65 6
64 71 7
64 72 2
64 73 9
65 66 1
65 68 1
65 70 7
65 72 10
65 73 5
66 67 6
67 68 5
67 69 1
67 70 8
67 72 8
68 69 10
68 70 6
68 71 1
68 73 7
69 70 10
69 71 10
69 73 9
70 72 7
70 73 1
71 72 2
71 73 7
