56 771
0 2 3
0 3 3
0 5 1
0 6 4
0 9 7
0 10 4
0 11 10
0 15 2
0 18 5
0 22 8
0 23 5
0 24 2
0 26 7
0 27 2
0 28 8
0 29 3
0 31 1
0 33 7
0 34 6
0 38 10
0 39 4
0 40 3
0 41 9
0 43 9
0 44 4
0 48 4
0 50 8
0 51 9
0 55 2
1 3 6
1 8 5
1 12 6
1 13 6
1 14 8
1 15 10
1 16 3
1 18 2
1 19 10
1 20 6
1 21 8
1 22 9
1 23 8
1 25 1
1 27 4
1 29 10
1 30 5
1 33 5
1 35 10
1 36 8
1 38 7
1 39 5
1 40 9
1 42 2
1 43 5
1 46 2
1 48 10
1 50 9
1 51 1
1 54 7
1 55 3
2 5 7
2 6 7
2 7 9
2 8 3
2 10 8
2 14 3
2 16 2
2 17 5
2 21 2
2 22 10
2 23 1
2 24 3
2 25 7
2 27 7
2 29 3
2 31 7
2 32 1
2 35 9
2 36 5
2 41 7
2 43 1
2 46 10
2 47 9
2 49 7
2 50 7
2 51 3
2 52 10
2 53 8
2 55 2
3 5 4
3 6 10
3 10 2
3 13 2
3 16 6
3 20 1
3 22 9
3 23 10
3 24 9
3 28 10
3 32 10
3 36 7
3 38 2
3 43 6
3 46 7
3 48 5
3 49 3
3 53 9
4 6 6
4 7 8
4 9 5
4 11 1
4 13 7
4 14 9
4 18 1
4 21 7
4 24 1
4 27 6
4 29 10
4 33 10
4 35 5
4 38 10
4 42 9
4 43 5
4 47 2
4 48 6
4 49 8
4 50 9
4 52 2
4 54 10
4 55 5
5 7 10
5 8 9
5 13 6
5 17 2
5 18 6
5 19 1
5 21 2
5 23 2
5 24 8
5 25 8
5 27 9
5 28 2
5 31 1
5 33 3
5 34 7
5 35 3
5 40 3
5 47 5
5 48 6
5 50 6
5 52 1
5 54 8
6 7 4
6 8 3
6 9 8
6 10 6
6 11 6
6 16 7
6 23 8
6 24 6
6 26 1
6 27 3
6 28 9
6 30 4
6 32 1
6 39 9
6 42 9
6 43 2
6 47 7
6 53 6
6 54 5
6 55 8
7 8 3
7 10 7
7 12 3
7 13 8
7 15 9
7 21 2
7 23 4
7 24 2
7 25 1
7 27 5
7 29 9
7 30 8
7 32 5
7 34 8
7 35 5
7 36 6
7 39 7
7 40 4
7 41 9
7 42 5
7 43 8
7 44 4
7 45 10
7 49 4
7 50 2
7 51 7
8 10 9
8 12 10
8 13 8
8 15 7
8 16 3
8 17 1
8 24 10
8 26 9
8 28 9
8 30 4
8 31 3
8 32 1
8 34 1
8 35 10
8 36 8
8 39 4
8 40 6
8 41 7
8 42 7
8 43 4
8 44 1
8 46 10
8 47 9
8 48 10
8 50 7
8 51 4
8 53 4
8 54 8
8 55 10
9 10 3
9 15 3
9 16 7
9 21 1
9 22 2
9 27 1
9 28 9
9 29 2
9 30 5
9 34 9
9 39 4
9 40 5
9 44 9
9 46 6
9 50 8
9 51 5
9 54 5
9 55 7
10 12 3
10 15 5
10 18 6
10 19 3
10 20 6
10 22 6
10 24 3
10 26 1
10 27 9
10 28 6
10 29 7
10 32 5
10 34 1
10 35 4
10 37 8
10 38 4
10 39 10
10 40 6
10 41 5
10 43 9
10 44 8
10 45 7
10 48 10
10 49 3
10 51 8
10 52 1
10 53 8
10 55 8
11 15 2
11 16 9
11 21 9
11 23 9
11 24 1
11 27 8
11 28 1
11 29 2
11 33 9
11 34 1
11 35 8
11 36 7
11 39 1
11 40 6
11 42 3
11 43 4
11 46 9
11 47 9
11 48 10
11 52 3
11 54 6
12 14 8
12 15 9
12 17 1
12 19 7
12 20 2
12 21 1
12 22 9
12 25 9
12 27 1
12 32 1
12 33 10
12 38 6
12 41 9
12 42 1
12 43 10
12 44 5
12 45 3
12 48 3
12 52 1
12 54 6
12 55 9
13 15 1
13 16 2
13 17 3
13 18 6
13 22 6
13 23 1
13 25 8
13 30 5
13 31 8
13 32 9
13 33 7
13 34 9
13 35 8
13 37 4
13 38 8
13 41 1
13 44 6
13 47 9
13 48 8
13 49 4
13 51 2
13 53 9
13 54 2
14 15 10
14 16 9
14 19 9
14 23 9
14 25 6
14 26 8
14 27 2
14 29 4
14 30 6
14 31 8
14 37 10
14 38 7
14 40 4
14 43 10
14 44 8
14 45 7
14 46 1
14 48 3
14 52 4
14 53 4
14 54 9
14 55 1
15 18 9
15 19 4
15 23 10
15 24 10
15 26 1
15 28 1
15 34 4
15 35 1
15 36 1
15 37 4
15 41 3
15 42 9
15 43 1
15 46 2
15 48 10
15 49 3
15 50 5
15 52 6
15 53 8
16 20 5
16 21 4
16 30 2
16 31 1
16 32 10
16 33 6
16 34 8
16 35 6
16 38 10
16 41 7
16 43 1
16 44 4
16 46 6
16 48 8
16 49 9
17 20 7
17 23 5
17 29 9
17 30 1
17 31 1
17 33 8
17 34 4
17 35 6
17 38 8
17 39 10
17 41 1
17 42 10
17 45 2
17 47 7
17 48 8
17 51 8
17 52 4
18 22 7
18 23 2
18 25 6
18 28 10
18 29 4
18 33 4
18 35 5
18 36 8
18 39 1
18 41 2
18 46 3
18 47 7
18 49 3
18 51 2
18 53 2
18 55 10
19 21 8
19 23 1
19 24 10
19 26 1
19 27 5
19 28 9
19 30 10
19 32 4
19 34 5
19 36 1
19 38 10
19 42 10
19 45 9
19 46 9
19 48 1
19 50 8
19 51 1
19 52 1
19 54 1
20 21 4
20 22 7
20 23 9
20 24 5
20 25 3
20 27 1
20 29 10
20 32 8
20 34 4
20 35 10
20 36 8
20 39 10
20 44 4
20 45 7
20 49 1
20 50 1
20 51 9
20 52 9
20 53 3
20 54 1
21 22 8
21 23 9
21 24 9
21 26 2
21 29 7
21 33 8
21 34 8
21 36 1
21 37 4
21 39 2
21 42 2
21 46 6
21 48 5
21 49 7
21 50 7
21 52 4
21 53 5
21 54 6
21 55 7
22 24 10
22 31 5
22 36 2
22 37 7
22 39 4
22 42 2
22 44 7
22 48 4
22 49 1
22 50 9
22 52 3
22 53 10
22 55 3
23 24 5
23 25 10
23 26 3
23 33 2
23 34 4
23 36 5
23 38 10
23 39 6
23 40 8
23 41 6
23 42 2
23 44 1
23 45 2
23 48 3
23 49 4
23 50 8
23 52 10
23 53 2
23 55 2
24 26 9
24 27 9
24 28 2
24 34 8
24 35 8
24 40 7
24 42 2
24 47 8
24 48 9
24 49 4
24 55 9
25 28 6
25 29 4
25 31 4
25 32 2
25 34 10
25 35 5
25 37 7
25 38 1
25 39 10
25 40 7
25 42 5
25 43 1
25 46 1
25 47 10
25 49 9
25 50 1
25 52 6
25 53 6
25 55 3
26 27 2
26 28 1
26 29 4
26 33 8
26 34 4
26 35 9
26 36 2
26 38 3
26 41 7
26 42 1
26 43 6
26 45 10
26 47 3
26 49 9
26 52 7
26 54 8
27 29 2
27 31 6
27 35 6
27 39 10
27 42 1
27 46 9
27 48 2
27 49 9
27 50 6
27 53 7
28 29 3
28 30 2
28 34 7
28 35 5
28 36 5
28 38 8
28 42 7
28 44 3
28 49 5
28 50 4
28 51 8
28 52 4
28 53 10
28 54 9
29 30 6
29 31 10
29 33 5
29 39 4
29 40 2
29 41 2
29 43 5
29 47 10
29 48 2
29 49 4
29 50 10
29 51 10
29 52 7
29 54 9
29 55 1
30 31 1
30 32 4
30 33 1
30 35 10
30 36 1
30 37 2
30 40 4
30 47 8
30 48 3
30 49 10
30 50 4
30 51 3
30 54 10
31 32 8
31 35 1
31 37 1
31 39 8
31 40 3
31 41 6
31 42 4
31 43 10
31 45 6
31 46 5
31 48 5
31 51 2
31 52 5
31 53 9
31 54 6
32 34 4
32 35 4
32 37 6
32 43 3
32 44 7
32 45 5
32 46 8
32 51 5
32 52 8
33 34 9
33 35 2
33 37 10
33 39 5
33 40 8
33 43 8
33 44 10
33 46 6
33 47 10
33 48 3
33 50 8
33 51 4
33 52 2
33 53 4
33 55 7
34 35 1
34 37 8
34 38 10
34 39 7
34 40 7
34 43 2
34 44 4
34 49 9
34 51 10
34 53 8
34 54 7
34 55 8
35 36 4
35 37 8
35 38 4
35 39 2
35 40 3
35 42 7
35 43 6
35 46 5
35 50 7
35 52 1
35 53 8
36 39 6
36 40 1
36 41 7
36 42 8
36 43 4
36 44 3
36 48 10
36 49 8
36 51 2
36 54 8
37 38 2
37 39 7
37 43 4
37 45 9
37 46 3
37 49 10
37 51 7
37 53 10
38 40 10
38 45 3
38 48 2
38 51 10
38 53 9
39 40 8
39 42 6
39 44 3
39 45 7
39 48 1
39 49 8
39 51 5
39 52 5
39 54 4
40 44 1
40 46 1
40 48 1
40 52 9
40 53 7
40 54 3
41 43 6
41 44 6
41 45 10
41 46 5
41 51 7
41 52 3
41 53 3
41 54 10
42 43 5
42 44 9
42 45 7
42 47 7
42 48 1
42 49 7
42 50 7
42 51 9
42 52 3
42 55 1
43 46 2
43 47 10
43 49 7
43 50 10
43 51 5
43 52 8
43 54 2
44 47 7
44 48 7
44 49 10
44 51 8
44 52 2
44 53 3
44 55 9
45 47 5
45 48 10
45 49 8
45 55 1
46 48 4
46 49 4
46 50 7
46 51 9
46 54 2
47 54 2
48 49 2
48 50 4
48 52 8
48 53 6
48 54 4
49 50 6
49 52 2
49 54 6
50 54 10
51 54 6
52 53 1
52 55 4
53 54 6
54 55 6
