36 299
0 1 5
0 2 6
0 3 2
0 4 9
0 5 7
0 6 9
0 8 8
0 11 3
0 13 7
0 14 10
0 17 1
0 18 1
0 21 8
0 22 1
0 23 10
0 25 9
0 26 1
0 28 9
0 32 6
0 33 2
0 35 10
1 2 5
1 3 10
1 5 6
1 6 9
1 8 8
1 10 8
1 11 8
1 12 5
1 13 10
1 16 10
1 17 5
1 20 7
1 21 10
1 23 1
1 25 1
1 26 2
1 28 7
1 29 7
1 30 8
1 31 4
2 4 6
2 7 4
2 8 3
2 11 7
2 18 10
2 21 6
2 22 7
2 25 10
2 29 3
2 30 1
2 34 9
3 5 10
3 12 8
3 14 7
3 15 10
3 17 5
3 20 1
3 24 4
3 25 2
3 27 7
3 29 6
3 30 4
3 34 1
4 6 1
4 8 7
4 10 4
4 14 8
4 16 9
4 17 10
4 20 4
4 23 3
4 25 9
4 27 4
4 28 6
4 31 7
4 32 8
4 34 8
5 7 1
5 9 10
5 11 1
5 14 9
5 16 6
5 19 1
5 20 3
5 21 3
5 26 7
6 7 10
6 9 4
6 12 10
6 16 9
6 17 1
6 24 6
6 25 3
6 27 1
6 34 1
7 8 8
7 9 9
7 12 7
7 15 9
7 16 5
7 19 7
7 20 6
7 23 6
7 24 4
7 26 6
7 27 6
7 29 2
7 30 1
7 32 2
7 33 10
7 34 3
7 35 7
8 9 5
8 10 9
8 13 6
8 14 5
8 17 9
8 18 5
8 19 10
8 20 7
8 22 4
8 23 9
8 24 10
8 28 6
8 32 4
8 34 6
8 35 7
9 11 5
9 12 5
9 13 7
9 15 7
9 19 5
9 22 6
9 27 5
9 29 3
9 30 4
9 32 5
9 33 6
10 12 2
10 14 3
10 15 9
10 23 7
10 24 3
10 25 7
10 29 6
10 30 2
10 31 10
10 32 7
10 34 1
11 14 3
11 16 3
11 19 5
11 20 9
11 21 2
11 24 6
11 26 1
11 33 1
12 13 10
12 16 7
12 22 8
12 23 8
12 25 10
12 26 8
12 28 4
12 31 8
12 32 7
12 33 9
13 14 1
13 17 3
13 23 3
13 26 6
13 27 10
13 31 2
13 32 9
13 34 1
14 15 1
14 18 2
14 19 3
14 20 10
14 23 8
14 24 1
14 25 9
14 27 6
14 30 1
14 31 5
14 33 1
14 35 5
15 19 1
15 20 2
15 21 10
15 22 3
15 26 3
15 30 7
15 31 9
15 33 8
15 34 1
16 17 9
16 18 2
16 19 2
16 21 2
16 22 9
16 23 2
16 24 4
16 25 8
16 26 9
16 28 8
16 30 5
16 34 10
17 18 8
17 20 9
17 21 4
17 22 4
17 23 6
17 25 6
17 27 7
17 29 8
17 30 6
17 33 8
17 35 2
18 24 8
18 25 4
18 26 3
18 30 1
18 31 9
18 33 5
18 34 7
18 35 2
19 20 2
19 22 4
19 23 2
19 24 4
19 25 2
19 26 9
19 27 1
19 28 1
19 29 5
19 30 1
19 31 5
19 32 5
19 35 10
20 21 3
20 23 1
20 24 3
20 25 10
20 28 6
20 32 9
20 35 10
21 27 2
21 28 7
21 29 10
21 30 5
21 31 5
21 32 8
21 34 5
22 23 1
22 25 5
22 26 6
22 27 1
22 28 9
22 32 8
23 25 4
23 27 1
23 31 3
23 32 10
23 33 3
23 34 4
24 27 4
24 28 7
24 29 7
24 30 10
24 31 9
24 33 10
24 34 7
24 35 8
25 26 10
25 27 10
25 29 2
25 30 1
25 32 7
25 33 5
25 34 1
26 27 1
26 29 7
26 31 1
26 32 3
26 35 5
27 29 3
27 30 3
27 31 10
28 30 2
28 35 6
29 30 7
29 31 1
29 33 9
31 33 10
32 33 9
33 34 3
34 35 2
