87 1914
0 2 2
0 4 4
0 6 7
0 7 6
0 9 9
0 11 7
0 12 10
0 13 5
0 16 1
0 17 1
0 20 7
0 21 5
0 22 6
0 23 4
0 24 3
0 26 7
0 28 4
0 29 7
0 30 9
0 31 8
0 32 1
0 33 8
0 34 9
0 36 9
0 37 2
0 44 1
0 45 8
0 46 1
0 47 6
0 48 4
0 50 1
0 52 7
0 53 7
0 54 3
0 55 9
0 56 10
0 57 5
0 58 3
0 60 1
0 62 6
0 63 1
0 66 3
0 67 5
0 68 1
0 69 3
0 72 3
0 75 4
0 80 3
0 81 2
0 82 7
0 83 9
0 84 5
1 4 10
1 7 2
1 9 6
1 10 7
1 12 9
1 13 8
1 14 10
1 16 8
1 17 3
1 18 1
1 20 5
1 21 1
1 22 1
1 25 9
1 34 8
1 35 5
1 37 8
1 41 6
1 43 5
1 44 7
1 48 10
1 49 4
1 50 2
1 51 6
1 52 3
1 55 2
1 56 8
1 57 3
1 59 2
1 60 5
1 61 10
1 62 5
1 64 9
1 70 1
1 71 5
1 72 7
1 73 6
1 74 6
1 76 10
1 80 8
1 84 7
2 6 7
2 8 3
2 10 1
2 11 4
2 12 4
2 14 3
2 15 5
2 18 6
2 19 9
2 20 9
2 23 4
2 24 8
2 25 3
2 26 4
2 27 6
2 32 7
2 33 10
2 34 1
2 37 7
2 40 2
2 41 6
2 42 3
2 46 5
2 52 8
2 53 8
2 55 3
2 56 10
2 60 8
2 62 2
2 64 3
2 66 1
2 68 1
2 71 10
2 72 6
2 75 10
2 78 2
2 79 8
2 80 6
2 81 10
2 84 1
3 4 8
3 7 5
3 9 2
3 10 9
3 12 1
3 14 9
3 15 2
3 17 2
3 18 8
3 21 4
3 25 1
3 26 10
3 27 8
3 28 5
3 29 3
3 30 3
3 31 6
3 32 9
3 33 4
3 35 6
3 36 4
3 39 5
3 40 5
3 41 8
3 45 6
3 46 8
3 48 1
3 49 1
3 52 5
3 53 3
3 57 10
3 58 9
3 65 6
3 66 2
3 68 9
3 69 3
3 74 1
3 75 8
3 76 1
3 78 8
3 81 9
3 82 9
3 83 3
3 84 7
4 6 10
4 8 7
4 9 9
4 14 2
4 15 2
4 20 6
4 21 2
4 22 1
4 24 8
4 25 4
4 27 3
4 28 5
4 31 6
4 34 9
4 36 7
4 38 9
4 39 8
4 41 6
4 44 10
4 48 3
4 49 7
4 51 2
4 52 2
4 53 3
4 54 2
4 56 2
4 60 7
4 61 6
4 64 7
4 65 7
4 66 4
4 67 3
4 68 6
4 69 7
4 70 10
4 74 8
4 79 10
4 80 1
4 81 10
5 6 5
5 7 10
5 8 6
5 11 6
5 14 6
5 15 8
5 16 10
5 17 7
5 19 4
5 20 4
5 26 6
5 28 4
5 30 10
5 35 2
5 36 10
5 37 5
5 39 4
5 40 4
5 41 8
5 42 4
5 46 8
5 49 5
5 50 4
5 51 2
5 52 1
5 57 8
5 59 1
5 61 4
5 65 9
5 66 3
5 69 2
5 70 6
5 71 3
5 72 7
5 75 3
5 76 4
5 78 5
5 82 5
5 84 8
6 8 6
6 14 6
6 18 5
6 20 2
6 21 10
6 23 8
6 25 5
6 28 9
6 29 5
6 30 8
6 35 10
6 36 7
6 38 3
6 41 1
6 42 10
6 46 5
6 47 4
6 51 5
6 54 9
6 57 2
6 59 9
6 60 3
6 61 6
6 64 8
6 68 6
6 69 9
6 70 3
6 72 4
6 73 3
6 77 4
6 79 9
6 81 1
6 83 4
7 8 1
7 11 8
7 12 4
7 14 2
7 16 5
7 19 7
7 20 7
7 22 6
7 25 3
7 27 8
7 28 5
7 29 4
7 30 10
7 31 6
7 32 10
7 34 8
7 35 10
7 37 2
7 40 2
7 43 9
7 44 7
7 45 9
7 47 8
7 48 9
7 49 3
7 51 5
7 52 10
7 54 5
7 55 4
7 56 3
7 60 4
7 61 7
7 62 2
7 65 4
7 68 1
7 69 10
7 70 2
7 73 10
7 76 8
7 77 5
7 82 2
7 84 4
7 86 5
8 11 7
8 12 4
8 13 10
8 16 9
8 17 9
8 18 4
8 20 9
8 21 7
8 22 2
8 25 6
8 26 2
8 30 4
8 32 5
8 34 3
8 35 3
8 36 7
8 38 3
8 39 1
8 44 10
8 45 9
8 47 5
8 48 2
8 53 2
8 55 2
8 62 6
8 64 10
8 66 6
8 67 8
8 69 6
8 70 9
8 71 8
8 74 7
8 76 4
8 77 7
8 82 7
8 83 10
9 10 6
9 15 2
9 17 9
9 18 5
9 19 2
9 20 8
9 21 3
9 24 5
9 28 5
9 29 6
9 30 9
9 31 6
9 33 6
9 34 1
9 36 7
9 38 1
9 40 10
9 41 2
9 43 9
9 44 5
9 45 7
9 47 8
9 48 3
9 49 10
9 51 6
9 52 7
9 53 5
9 55 6
9 59 4
9 60 9
9 62 3
9 63 10
9 65 1
9 66 10
9 68 1
9 69 9
9 70 8
9 72 6
9 73 3
9 76 7
9 77 3
9 83 3
9 86 8
10 11 2
10 13 1
10 15 1
10 17 7
10 19 4
10 23 5
10 24 7
10 25 3
10 27 5
10 29 6
10 31 9
10 34 2
10 36 6
10 41 10
10 42 2
10 43 9
10 44 2
10 46 5
10 49 4
10 50 10
10 54 8
10 55 3
10 58 4
10 60 4
10 61 2
10 65 10
10 66 10
10 69 6
10 70 2
10 74 2
10 76 5
10 78 1
10 79 6
10 83 9
11 18 1
11 19 2
11 24 9
11 25 4
11 26 4
11 27 8
11 28 2
11 30 1
11 31 6
11 32 2
11 37 7
11 38 9
11 40 4
11 43 10
11 44 1
11 48 6
11 50 2
11 52 7
11 53 2
11 56 1
11 59 4
11 60 7
11 62 4
11 65 4
11 69 10
11 70 2
11 72 6
11 73 2
11 75 9
11 81 2
11 82 2
11 83 3
11 86 8
12 17 6
12 18 5
12 20 2
12 22 5
12 24 10
12 26 3
12 30 7
12 33 5
12 34 9
12 35 4
12 38 10
12 39 1
12 40 6
12 44 1
12 45 6
12 47 7
12 48 1
12 49 10
12 53 2
12 54 6
12 55 8
12 56 2
12 58 5
12 60 8
12 61 5
12 65 8
12 66 4
12 67 9
12 68 8
12 70 8
12 71 9
12 72 9
12 73 5
12 74 2
12 80 9
12 82 10
12 85 4
12 86 3
13 15 9
13 16 9
13 17 4
13 19 3
13 20 3
13 22 5
13 25 8
13 26 9
13 28 5
13 30 2
13 34 2
13 36 10
13 37 6
13 40 7
13 43 2
13 46 8
13 52 1
13 53 9
13 57 2
13 59 6
13 61 4
13 62 2
13 63 7
13 64 5
13 66 4
13 70 5
13 73 9
13 76 3
13 77 8
13 79 1
13 80 5
13 81 6
13 82 3
13 83 2
13 85 5
14 17 6
14 18 8
14 19 8
14 20 7
14 21 2
14 23 9
14 25 9
14 26 6
14 27 7
14 31 7
14 32 10
14 34 1
14 36 3
14 38 9
14 41 3
14 43 2
14 44 2
14 50 6
14 52 9
14 53 6
14 54 10
14 55 4
14 57 1
14 58 5
14 59 4
14 62 8
14 63 7
14 64 9
14 65 2
14 68 6
14 70 1
14 71 3
14 73 3
14 74 9
14 78 1
14 79 8
14 83 5
14 86 7
15 17 6
15 18 2
15 20 3
15 22 6
15 24 2
15 25 3
15 29 3
15 30 1
15 31 9
15 35 8
15 36 4
15 41 2
15 42 4
15 43 6
15 46 9
15 48 2
15 50 1
15 54 1
15 59 2
15 60 4
15 65 5
15 66 3
15 67 1
15 68 8
15 70 3
15 72 3
15 75 5
15 77 4
15 79 3
15 84 1
15 85 7
16 17 2
16 18 9
16 25 6
16 27 9
16 28 10
16 29 2
16 31 8
16 33 7
16 38 6
16 39 5
16 40 5
16 44 10
16 45 5
16 48 9
16 49 2
16 52 2
16 56 9
16 57 4
16 59 5
16 66 6
16 68 10
16 72 6
16 80 6
16 81 8
16 84 3
16 86 3
17 18 5
17 19 2
17 21 8
17 22 9
17 24 3
17 25 10
17 31 2
17 32 2
17 37 10
17 38 3
17 40 1
17 42 3
17 45 3
17 47 7
17 48 7
17 49 8
17 52 6
17 57 1
17 60 4
17 61 8
17 66 3
17 67 1
17 69 4
17 70 6
17 71 10
17 72 10
17 74 10
17 75 1
17 77 3
17 78 8
17 82 1
17 85 7
18 19 5
18 21 10
18 23 9
18 24 4
18 25 4
18 26 1
18 27 1
18 35 3
18 38 3
18 40 9
18 41 2
18 42 9
18 44 3
18 48 7
18 49 4
18 51 3
18 56 10
18 57 9
18 58 6
18 59 4
18 61 10
18 63 10
18 64 5
18 66 5
18 68 3
18 69 6
18 74 3
18 75 2
18 76 5
18 77 6
18 79 9
18 80 1
18 81 2
18 83 6
18 85 8
19 20 6
19 23 1
19 24 8
19 27 7
19 28 9
19 29 6
19 34 3
19 35 5
19 36 5
19 40 3
19 43 2
19 45 7
19 46 4
19 47 10
19 49 9
19 51 7
19 52 4
19 55 10
19 56 7
19 59 4
19 63 9
19 65 5
19 66 2
19 69 3
19 70 5
19 72 1
19 73 5
19 75 2
19 77 9
19 78 9
19 80 3
19 83 8
19 84 4
20 27 2
20 30 4
20 32 4
20 34 2
20 35 8
20 36 4
20 37 4
20 45 5
20 46 6
20 48 5
20 49 3
20 52 10
20 57 5
20 58 7
20 61 5
20 62 7
20 65 10
20 69 10
20 71 5
20 73 1
20 74 6
20 80 4
20 84 5
20 85 8
20 86 7
21 22 9
21 23 6
21 25 6
21 26 5
21 29 4
21 31 7
21 34 9
21 35 6
21 38 5
21 39 8
21 41 10
21 42 4
21 44 6
21 50 1
21 51 5
21 52 7
21 54 8
21 57 9
21 58 4
21 60 10
21 62 10
21 64 6
21 66 5
21 67 10
21 69 7
21 70 6
21 71 8
21 74 5
21 76 7
21 78 6
21 81 3
21 82 9
21 86 1
22 23 6
22 24 10
22 28 6
22 31 1
22 32 3
22 33 7
22 34 1
22 35 5
22 36 9
22 37 9
22 40 6
22 41 2
22 43 5
22 45 3
22 46 6
22 47 5
22 51 5
22 52 4
22 58 10
22 59 2
22 60 3
22 61 9
22 63 6
22 64 9
22 65 10
22 67 3
22 70 10
22 73 7
22 74 1
22 76 8
22 78 2
22 85 2
23 24 2
23 26 3
23 27 9
23 28 1
23 30 1
23 32 7
23 33 6
23 34 10
23 35 4
23 36 3
23 37 9
23 38 8
23 39 8
23 41 8
23 42 1
23 44 4
23 45 2
23 48 8
23 49 5
23 50 3
23 51 3
23 54 2
23 55 10
23 60 10
23 62 1
23 63 7
23 64 10
23 68 2
23 71 4
23 73 10
23 76 3
23 77 2
23 82 5
23 83 9
23 84 10
24 25 4
24 26 8
24 28 4
24 30 7
24 31 2
24 33 2
24 36 6
24 40 2
24 41 2
24 42 7
24 43 7
24 45 7
24 47 9
24 48 8
24 49 8
24 50 4
24 51 5
24 52 1
24 53 2
24 57 4
24 58 2
24 60 8
24 61 4
24 62 9
24 63 7
24 64 8
24 65 3
24 66 2
24 67 1
24 69 4
24 72 7
24 77 8
24 80 8
24 81 8
24 83 4
24 84 10
25 28 8
25 29 7
25 32 9
25 34 3
25 35 5
25 39 9
25 41 8
25 43 2
25 46 3
25 49 10
25 52 5
25 54 10
25 56 6
25 59 2
25 60 6
25 61 1
25 62 8
25 71 8
25 73 2
25 75 2
25 76 2
25 82 3
25 83 7
25 85 6
26 29 2
26 31 10
26 33 2
26 39 2
26 40 8
26 41 1
26 43 4
26 46 2
26 47 10
26 49 2
26 52 4
26 53 9
26 55 7
26 56 3
26 58 4
26 64 4
26 66 1
26 67 2
26 70 1
26 71 9
26 74 4
26 77 9
26 79 4
26 80 1
26 82 3
26 84 5
26 85 6
26 86 1
27 29 5
27 31 4
27 34 4
27 35 5
27 36 10
27 37 8
27 44 4
27 46 7
27 47 4
27 48 6
27 50 9
27 51 9
27 54 10
27 57 3
27 58 7
27 61 3
27 63 2
27 64 8
27 65 10
27 66 4
27 67 8
27 68 7
27 69 8
27 73 1
27 77 5
27 78 3
27 79 2
27 82 2
27 85 1
28 29 5
28 34 4
28 36 4
28 37 9
28 39 10
28 40 10
28 41 4
28 45 6
28 49 6
28 50 8
28 52 7
28 54 7
28 56 4
28 57 4
28 59 4
28 63 6
28 64 7
28 65 10
28 66 2
28 69 6
28 70 9
28 71 10
28 72 2
28 73 9
28 75 7
28 76 8
28 77 3
28 78 5
28 80 10
28 83 10
28 85 5
28 86 9
29 30 1
29 31 1
29 32 9
29 33 2
29 36 7
29 37 9
29 40 1
29 42 7
29 46 8
29 47 1
29 49 8
29 51 10
29 52 5
29 53 8
29 54 4
29 55 5
29 56 6
29 57 4
29 59 7
29 62 5
29 64 3
29 65 8
29 66 8
29 72 6
29 73 4
29 74 6
29 79 3
29 80 4
29 82 5
29 84 4
29 85 5
30 31 7
30 33 1
30 34 2
30 36 7
30 39 8
30 40 1
30 42 1
30 43 1
30 44 3
30 46 6
30 49 9
30 50 10
30 53 5
30 55 7
30 56 8
30 58 10
30 59 7
30 63 2
30 66 7
30 68 7
30 69 5
30 70 8
30 71 4
30 72 8
30 73 4
30 74 9
30 76 3
30 77 5
30 78 8
30 81 10
30 82 3
30 83 6
30 85 9
30 86 3
31 32 6
31 33 10
31 34 1
31 36 2
31 37 9
31 39 4
31 40 4
31 42 1
31 46 10
31 48 3
31 50 7
31 51 7
31 52 7
31 53 3
31 54 3
31 55 9
31 60 8
31 61 8
31 64 3
31 69 2
31 71 3
31 73 6
31 75 5
31 77 10
31 80 7
31 82 1
31 84 6
31 85 1
31 86 6
32 33 2
32 35 9
32 39 4
32 43 6
32 44 5
32 46 3
32 47 5
32 50 8
32 56 1
32 58 2
32 59 8
32 61 9
32 63 9
32 64 4
32 65 8
32 69 10
32 73 1
32 74 10
32 76 9
32 77 9
32 78 3
32 83 10
32 84 9
32 85 2
33 34 1
33 35 2
33 36 5
33 37 5
33 38 2
33 40 7
33 41 1
33 43 2
33 45 4
33 46 9
33 49 1
33 50 8
33 51 9
33 55 7
33 56 2
33 57 5
33 58 3
33 59 4
33 60 10
33 61 2
33 63 6
33 65 9
33 68 1
33 72 2
33 73 3
33 74 3
33 76 9
33 77 9
33 78 7
33 83 7
33 85 6
34 35 2
34 36 9
34 37 1
34 38 4
34 39 6
34 40 1
34 42 9
34 43 4
34 44 6
34 47 4
34 50 7
34 52 4
34 53 8
34 54 7
34 55 7
34 57 7
34 58 1
34 59 8
34 61 5
34 63 5
34 64 2
34 65 3
34 68 6
34 72 4
34 74 5
34 76 2
34 77 8
34 79 1
34 81 3
34 83 5
35 36 6
35 37 10
35 41 3
35 44 6
35 45 8
35 47 10
35 49 4
35 51 10
35 54 2
35 55 7
35 58 7
35 59 6
35 60 3
35 61 7
35 62 10
35 67 2
35 68 2
35 69 7
35 73 5
35 74 1
35 79 7
35 80 2
35 81 2
35 82 4
35 83 5
35 86 7
36 37 8
36 39 8
36 41 10
36 52 8
36 54 10
36 55 10
36 56 8
36 57 5
36 61 8
36 62 3
36 66 2
36 68 1
36 69 2
36 70 10
36 71 4
36 74 7
36 76 8
36 79 8
36 80 4
36 82 3
36 84 6
37 41 10
37 44 9
37 45 1
37 47 4
37 50 2
37 51 10
37 54 4
37 55 7
37 59 5
37 61 9
37 63 9
37 64 2
37 65 4
37 66 5
37 67 5
37 68 2
37 72 4
37 73 4
37 74 2
37 75 1
37 76 3
37 77 8
37 79 9
37 80 8
37 81 3
37 85 2
38 42 6
38 44 3
38 45 7
38 47 6
38 48 5
38 49 8
38 50 2
38 52 5
38 53 6
38 54 4
38 57 6
38 59 5
38 60 6
38 61 8
38 62 5
38 64 7
38 65 5
38 68 3
38 71 4
38 73 8
38 74 9
38 75 6
38 78 7
38 80 6
38 81 1
38 84 10
38 85 4
39 40 2
39 42 9
39 45 6
39 46 7
39 48 6
39 49 3
39 50 9
39 53 9
39 57 3
39 58 1
39 62 4
39 65 6
39 67 3
39 68 4
39 72 6
39 74 10
39 75 8
39 76 4
39 77 8
39 79 3
39 86 5
40 41 6
40 42 8
40 43 8
40 44 3
40 46 9
40 48 9
40 50 7
40 51 8
40 53 9
40 54 6
40 55 6
40 60 4
40 62 9
40 64 8
40 65 6
40 69 5
40 74 5
40 77 7
40 79 1
40 81 2
40 82 5
40 83 10
40 84 9
40 86 8
41 42 9
41 43 8
41 44 3
41 46 5
41 47 7
41 49 2
41 53 10
41 54 4
41 55 10
41 57 6
41 60 8
41 61 4
41 62 1
41 63 5
41 64 1
41 65 5
41 66 2
41 68 7
41 70 4
41 71 2
41 72 5
41 74 9
41 75 5
41 76 4
41 77 8
41 78 6
41 79 4
41 81 2
42 44 9
42 48 7
42 49 8
42 51 10
42 53 10
42 54 1
42 55 5
42 57 1
42 58 5
42 61 1
42 63 7
42 65 10
42 66 1
42 67 5
42 71 2
42 72 7
42 74 1
42 79 2
42 80 5
42 82 5
42 83 4
43 44 2
43 46 10
43 47 3
43 49 4
43 53 8
43 54 5
43 55 4
43 56 9
43 57 2
43 59 1
43 62 2
43 63 9
43 64 1
43 65 6
43 66 3
43 67 4
43 69 10
43 71 7
43 72 8
43 76 5
43 78 8
43 82 10
43 83 2
43 84 4
43 85 9
43 86 6
44 45 1
44 51 3
44 53 8
44 54 9
44 56 6
44 58 10
44 60 8
44 61 10
44 63 7
44 65 1
44 67 1
44 68 2
44 70 8
44 71 2
44 72 6
44 75 5
44 77 5
44 78 7
44 79 10
44 81 7
44 83 5
44 84 7
45 46 9
45 47 1
45 51 1
45 55 4
45 57 7
45 61 3
45 62 4
45 63 9
45 65 3
45 66 1
45 67 8
45 71 8
45 73 6
45 74 7
45 76 4
45 77 9
45 79 3
45 80 8
45 81 10
45 83 3
45 84 2
45 86 4
46 50 3
46 51 9
46 54 7
46 59 3
46 60 9
46 62 3
46 63 3
46 67 6
46 70 10
46 72 10
46 73 3
46 78 5
46 80 7
46 82 1
46 83 6
46 84 1
46 85 1
47 49 7
47 50 4
47 54 7
47 55 10
47 57 4
47 59 6
47 63 8
47 65 4
47 66 8
47 68 9
47 69 1
47 70 5
47 74 7
47 75 3
47 76 9
47 82 5
48 49 10
48 50 3
48 53 6
48 55 3
48 56 10
48 58 5
48 59 2
48 60 4
48 61 2
48 63 1
48 64 4
48 65 1
48 66 1
48 67 6
48 68 6
48 69 5
48 70 3
48 74 4
48 75 8
48 76 6
48 77 7
48 78 9
48 81 1
48 82 7
49 50 1
49 52 9
49 54 8
49 55 6
49 57 9
49 59 10
49 61 1
49 62 10
49 66 10
49 68 3
49 69 10
49 71 4
49 77 3
49 79 10
49 81 6
49 85 8
50 51 7
50 52 10
50 53 9
50 54 3
50 56 1
50 57 9
50 58 2
50 59 1
50 60 7
50 61 8
50 63 3
50 65 10
50 66 8
50 67 9
50 70 7
50 72 5
50 73 3
50 75 10
50 76 5
50 77 4
50 79 4
50 83 4
50 85 7
51 52 6
51 53 1
51 54 1
51 55 4
51 56 5
51 57 2
51 59 1
51 61 3
51 62 6
51 63 7
51 65 5
51 66 5
51 67 8
51 69 5
51 71 3
51 75 8
51 79 9
51 82 6
51 86 4
52 53 4
52 55 2
52 57 3
52 58 6
52 60 9
52 63 1
52 65 10
52 67 6
52 68 8
52 71 4
52 76 9
52 78 6
52 81 4
52 84 1
52 85 4
52 86 3
53 54 5
53 56 6
53 58 8
53 60 2
53 61 6
53 62 7
53 63 7
53 64 1
53 65 10
53 66 6
53 67 8
53 69 8
53 70 1
53 72 8
53 73 7
53 76 3
53 77 10
53 80 2
53 83 7
53 84 9
53 85 10
53 86 10
54 56 8
54 57 4
54 58 5
54 61 10
54 62 2
54 64 10
54 65 4
54 67 7
54 68 6
54 73 6
54 75 8
54 76 9
54 77 3
54 79 6
54 80 5
54 81 2
54 82 3
54 83 6
54 84 8
54 86 2
55 57 2
55 60 1
55 61 9
55 62 10
55 63 3
55 64 5
55 65 9
55 68 5
55 71 1
55 75 9
55 77 9
55 79 3
55 80 1
55 81 6
55 85 2
55 86 7
56 57 2
56 58 1
56 59 6
56 60 8
56 61 8
56 65 4
56 66 5
56 70 5
56 72 6
56 75 7
56 76 7
56 77 10
56 83 8
56 84 2
57 58 3
57 59 8
57 61 2
57 62 9
57 63 10
57 65 8
57 66 2
57 67 2
57 68 8
57 70 8
57 72 4
57 73 9
57 74 3
57 75 4
57 76 5
57 78 8
57 81 2
57 82 3
57 83 1
57 86 7
58 60 4
58 62 10
58 67 6
58 68 2
58 70 8
58 71 4
58 72 4
58 73 2
58 77 1
58 78 2
58 80 4
58 81 6
58 82 8
58 83 1
59 60 7
59 63 3
59 66 2
59 67 2
59 71 5
59 74 9
59 75 2
59 76 5
59 77 1
59 78 3
59 79 10
59 80 1
59 81 1
59 82 10
59 83 9
59 84 4
59 86 1
60 62 9
60 63 7
60 65 7
60 66 8
60 68 10
60 69 5
60 71 5
60 72 3
60 73 6
60 77 10
60 78 6
60 79 2
60 82 5
60 83 8
60 84 4
60 86 6
61 63 6
61 64 6
61 66 1
61 70 1
61 75 5
61 79 2
61 80 3
61 83 6
61 86 8
62 66 1
62 67 5
62 69 2
62 70 6
62 71 6
62 72 7
62 73 6
62 75 3
62 76 1
62 77 6
62 79 2
62 81 9
62 82 4
62 84 7
62 85 5
62 86 6
63 64 10
63 65 7
63 68 1
63 70 1
63 71 10
63 73 4
63 74 9
63 75 5
63 77 1
63 79 9
63 80 6
63 81 2
63 82 2
63 83 9
63 84 2
63 85 6
64 65 10
64 66 10
64 67 10
64 73 2
64 74 5
64 76 1
64 77 4
64 81 3
64 82 8
64 83 8
64 84 3
64 86 9
65 66 4
65 69 7
65 70 10
65 71 5
65 72 4
65 73 5
65 75 10
65 76 1
65 77 5
65 79 1
65 80 4
65 81 5
65 85 8
65 86 9
66 67 3
66 68 7
66 72 10
66 74 5
66 75 5
66 77 2
66 81 8
66 82 10
66 83 7
67 68 1
67 69 6
67 70 8
67 71 2
67 77 3
67 80 5
67 81 5
67 82 3
67 83 9
67 84 6
67 85 8
67 86 8
68 73 4
68 74 4
68 75 6
68 80 6
68 81 1
68 82 3
68 84 4
68 86 5
69 72 1
69 73 5
69 74 8
69 77 1
69 78 6
69 81 2
69 82 3
69 83 5
69 84 4
70 72 6
70 73 5
70 74 3
70 75 8
70 76 7
70 78 10
70 79 1
70 80 6
70 81 1
70 82 10
70 83 10
70 84 8
70 86 7
71 72 6
71 73 10
71 75 10
71 77 5
71 78 8
71 79 7
71 80 6
71 82 7
71 83 7
71 85 6
72 74 8
72 76 7
72 79 6
72 80 6
72 81 7
72 83 2
72 85 4
73 74 4
73 75 7
73 79 7
73 83 10
73 86 8
74 75 6
74 78 2
74 80 8
74 81 6
74 86 5
75 76 8
75 77 3
75 81 4
75 85 4
76 77 9
76 79 6
76 80 8
76 81 9
76 83 4
76 84 8
76 85 1
77 78 6
77 81 9
77 82 1
77 83 4
77 84 5
78 79 2
78 80 10
78 82 3
78 84 3
78 85 4
78 86 10
79 80 2
79 81 5
79 85 10
79 86 4
80 81 9
80 82 3
80 85 1
80 86 8
81 82 8
81 84 2
81 86 1
82 85 10
83 84 5
83 85 9
83 86 10
