0 1 7
0 5 5
0 6 5
0 7 9
0 8 4
0 10 1
0 12 2
0 13 6
0 14 8
0 15 10
0 17 8
0 18 7
1 3 8
1 4 4
1 7 10
1 9 4
1 10 10
1 12 9
1 15 10
1 16 4
1 18 7
2 3 6
2 5 9
2 6 5
2 7 5
2 8 9
2 10 3
2 13 1
2 15 1
2 16 4
3 5 9
3 12 9
3 18 7
4 6 2
4 10 6
4 11 3
4 18 9
5 7 7
5 8 2
5 9 1
5 10 8
5 12 3
5 13 2
5 15 1
6 10 3
6 11 2
6 14 2
6 17 10
7 9 7
7 10 6
7 11 2
7 14 5
7 15 8
7 17 4
8 9 8
8 10 5
8 11 5
8 15 2
8 16 5
8 18 5
9 10 9
9 12 3
9 13 7
9 16 9
9 17 10
10 14 4
11 13 3
11 15 7
11 16 3
11 17 1
12 13 6
12 14 6
12 15 9
12 17 7
13 15 10
13 16 1
13 17 8
13 18 1
14 16 2
14 18 2
15 18 5
16 18 3
17 18 2
