0 2 2
0 5 6
0 6 7
0 7 7
0 8 7
0 11 1
0 12 6
0 13 6
0 17 8
0 18 10
0 22 2
0 23 2
0 24 8
0 25 3
0 28 6
0 30 2
0 31 2
0 33 6
0 34 3
0 35 2
0 36 7
0 37 8
0 38 5
0 39 3
0 40 8
0 41 8
0 48 7
0 49 5
0 50 4
0 51 2
0 54 10
0 55 5
0 56 8
0 57 1
0 59 10
0 62 6
0 63 2
0 64 5
0 67 9
0 68 10
0 69 2
0 70 2
1 2 8
1 4 5
1 5 3
1 7 2
1 8 7
1 9 1
1 12 4
1 13 4
1 16 7
1 20 7
1 21 6
1 22 1
1 25 6
1 26 8
1 27 10
1 32 5
1 35 2
1 36 4
1 39 5
1 40 6
1 41 2
1 44 1
1 45 5
1 46 8
1 47 2
1 49 3
1 51 8
1 53 2
1 54 10
1 55 10
1 57 9
1 58 3
1 59 10
1 61 10
1 62 7
1 63 4
1 64 5
1 65 10
1 69 1
1 70 3
2 3 5
2 7 10
2 10 4
2 12 2
2 15 9
2 16 2
2 21 9
2 23 6
2 24 1
2 26 1
2 31 1
2 34 5
2 36 6
2 37 5
2 38 5
2 40 9
2 42 3
2 43 9
2 44 4
2 48 3
2 53 5
2 54 8
2 55 5
2 58 6
2 61 8
2 62 7
2 66 4
2 68 4
2 69 1
2 70 4
3 4 8
3 7 3
3 8 5
3 9 6
3 12 3
3 17 8
3 18 8
3 19 9
3 21 1
3 22 8
3 24 5
3 26 8
3 27 7
3 28 4
3 30 4
3 31 10
3 32 7
3 33 6
3 37 6
3 38 3
3 41 5
3 44 10
3 47 5
3 49 2
3 52 10
3 53 5
3 56 8
3 64 4
3 65 6
3 66 5
3 68 8
4 7 9
4 9 9
4 10 9
4 11 8
4 12 3
4 14 10
4 16 9
4 19 6
4 20 6
4 21 5
4 22 9
4 25 1
4 27 4
4 28 7
4 34 6
4 35 10
4 38 6
4 41 1
4 42 2
4 44 8
4 45 6
4 46 8
4 47 10
4 48 1
4 50 4
4 51 10
4 52 1
4 56 9
4 57 1
4 60 1
4 62 7
4 64 10
4 67 8
4 68 5
4 69 6
5 6 5
5 7 1
5 8 5
5 11 10
5 18 4
5 19 4
5 21 2
5 24 3
5 26 2
5 27 5
5 29 1
5 32 10
5 34 3
5 41 1
5 42 6
5 43 2
5 44 3
5 47 1
5 48 4
5 50 4
5 52 9
5 54 8
5 57 2
5 60 2
5 64 5
5 65 4
5 67 5
5 68 1
6 8 9
6 9 2
6 12 3
6 14 7
6 15 4
6 17 9
6 21 10
6 22 1
6 23 7
6 26 10
6 27 7
6 29 7
6 30 6
6 31 3
6 32 10
6 34 2
6 36 3
6 37 8
6 40 7
6 43 8
6 44 9
6 46 7
6 48 6
6 53 3
6 55 4
6 56 8
6 60 4
6 61 3
6 62 7
6 64 6
6 66 10
6 67 6
6 69 6
6 70 4
7 10 3
7 11 7
7 15 6
7 17 5
7 19 6
7 22 4
7 25 4
7 26 3
7 27 3
7 33 6
7 35 1
7 37 8
7 42 5
7 44 10
7 45 6
7 50 9
7 52 8
7 55 2
7 56 5
7 59 1
7 60 2
7 61 2
7 63 7
7 64 9
7 65 4
7 66 5
7 67 7
7 68 4
7 69 8
8 11 9
8 12 3
8 13 4
8 15 3
8 16 1
8 18 3
8 19 8
8 21 10
8 22 1
8 23 6
8 28 2
8 29 4
8 34 2
8 36 4
8 37 3
8 40 7
8 48 10
8 49 9
8 51 3
8 55 4
8 56 10
8 59 8
8 60 2
8 61 1
8 62 7
8 63 6
8 65 6
8 66 9
8 68 6
8 69 5
8 70 6
9 10 10
9 14 10
9 15 1
9 16 3
9 17 1
9 18 3
9 20 8
9 21 5
9 22 2
9 24 2
9 26 5
9 27 1
9 29 7
9 31 6
9 36 5
9 37 4
9 43 5
9 45 4
9 46 9
9 48 3
9 54 2
9 55 9
9 56 2
9 59 10
9 61 9
9 64 2
9 65 3
9 66 1
9 70 1
10 11 7
10 17 1
10 18 8
10 19 5
10 23 1
10 24 4
10 25 8
10 28 8
10 29 4
10 31 9
10 35 3
10 37 6
10 43 8
10 44 8
10 46 2
10 47 3
10 51 1
10 54 1
10 55 3
10 56 5
10 57 1
10 58 7
10 60 10
10 61 8
10 67 7
10 69 5
11 13 5
11 15 2
11 17 2
11 18 9
11 20 9
11 21 6
11 22 6
11 25 2
11 26 6
11 28 9
11 29 4
11 30 7
11 32 5
11 33 10
11 35 8
11 36 6
11 38 9
11 40 10
11 44 4
11 45 2
11 46 5
11 47 7
11 48 9
11 50 2
11 51 4
11 53 4
11 55 7
11 56 8
11 57 4
11 62 1
11 67 3
11 68 4
11 70 2
12 13 6
12 14 10
12 15 10
12 16 6
12 18 1
12 19 10
12 20 4
12 21 10
12 22 10
12 25 7
12 26 8
12 27 8
12 28 1
12 29 6
12 32 4
12 34 2
12 37 10
12 38 1
12 40 7
12 41 3
12 42 7
12 49 7
12 50 10
12 54 8
12 55 4
12 59 6
12 64 4
12 65 10
12 66 9
12 68 6
13 16 5
13 18 9
13 19 10
13 22 4
13 25 3
13 26 6
13 28 3
13 29 1
13 33 6
13 34 6
13 35 8
13 37 4
13 38 3
13 39 3
13 40 3
13 42 2
13 43 5
13 44 3
13 45 10
13 47 3
13 52 7
13 55 7
13 57 7
13 59 4
13 60 5
13 64 4
13 65 9
13 66 9
13 67 2
13 69 9
14 18 8
14 20 7
14 24 2
14 25 4
14 27 7
14 28 4
14 30 8
14 31 10
14 33 9
14 34 2
14 41 2
14 42 2
14 46 10
14 47 2
14 48 4
14 49 8
14 52 2
14 58 2
14 59 3
14 61 8
14 62 8
14 63 8
14 66 9
14 67 5
14 69 6
14 70 4
15 17 6
15 20 2
15 22 2
15 23 2
15 24 10
15 25 8
15 26 8
15 27 9
15 28 8
15 29 1
15 30 3
15 31 10
15 32 4
15 35 5
15 36 6
15 37 6
15 38 1
15 41 9
15 42 9
15 48 9
15 49 7
15 51 5
15 53 8
15 54 7
15 56 6
15 58 10
15 59 6
15 60 5
15 67 8
15 68 9
16 17 8
16 21 5
16 22 1
16 24 2
16 25 10
16 28 3
16 29 8
16 30 2
16 31 2
16 32 10
16 35 10
16 38 2
16 39 10
16 40 5
16 41 9
16 43 5
16 45 6
16 46 2
16 48 6
16 49 4
16 50 8
16 51 2
16 52 10
16 54 9
16 56 7
16 58 9
16 59 9
16 61 1
16 62 3
16 64 8
16 66 4
16 67 5
16 68 10
16 70 6
17 18 6
17 22 1
17 23 3
17 24 1
17 26 9
17 28 3
17 29 9
17 30 1
17 32 10
17 34 1
17 36 4
17 38 2
17 39 2
17 43 7
17 44 2
17 46 5
17 49 6
17 50 3
17 51 10
17 53 2
17 54 10
17 55 9
17 58 2
17 62 1
17 63 10
17 65 4
17 66 7
17 67 7
17 68 5
18 19 6
18 20 4
18 21 7
18 23 9
18 24 2
18 25 8
18 29 1
18 30 5
18 31 9
18 32 2
18 34 6
18 40 2
18 41 8
18 42 6
18 45 5
18 46 9
18 49 2
18 53 3
18 54 7
18 56 10
18 59 7
18 60 5
18 62 10
18 64 10
18 66 9
18 68 2
18 69 2
19 20 9
19 22 2
19 23 1
19 25 7
19 26 3
19 27 7
19 29 7
19 31 9
19 32 7
19 33 3
19 34 10
19 35 2
19 36 1
19 37 8
19 40 4
19 41 10
19 43 7
19 45 10
19 46 8
19 48 6
19 50 6
19 54 7
19 55 4
19 56 10
19 58 1
19 60 2
19 61 7
19 62 5
19 66 8
19 68 10
19 69 9
20 21 5
20 22 3
20 23 9
20 24 6
20 25 7
20 26 7
20 27 10
20 31 6
20 36 6
20 37 6
20 40 1
20 43 8
20 45 1
20 47 10
20 48 3
20 53 2
20 56 7
20 57 7
20 61 4
20 62 7
20 63 1
20 65 10
20 67 1
20 70 2
21 22 7
21 23 7
21 24 6
21 26 8
21 27 9
21 28 8
21 29 9
21 30 10
21 32 8
21 33 6
21 34 1
21 35 9
21 36 6
21 37 1
21 39 1
21 40 2
21 41 9
21 45 3
21 47 4
21 49 3
21 50 1
21 52 5
21 53 3
21 56 4
21 57 5
21 59 5
21 60 10
21 62 9
21 63 8
21 65 4
21 68 9
22 23 1
22 25 4
22 30 4
22 35 2
22 36 2
22 37 9
22 40 7
22 46 9
22 47 8
22 49 1
22 53 7
22 54 3
22 55 9
22 57 10
22 58 3
22 60 3
22 62 7
22 63 1
22 65 9
22 68 2
22 69 1
23 24 4
23 25 3
23 26 10
23 27 10
23 28 7
23 29 1
23 30 10
23 31 9
23 32 3
23 33 1
23 35 9
23 37 5
23 38 10
23 39 2
23 41 5
23 42 3
23 44 4
23 45 2
23 48 2
23 52 5
23 53 4
23 56 2
23 58 10
23 59 8
23 61 2
23 65 4
23 66 10
23 68 5
23 69 2
24 28 6
24 30 5
24 31 2
24 32 8
24 33 8
24 34 3
24 35 7
24 37 9
24 38 6
24 39 3
24 40 1
24 42 3
24 43 5
24 46 8
24 48 7
24 50 5
24 52 5
24 53 1
24 54 6
24 55 9
24 57 4
24 58 3
24 60 4
24 61 1
24 63 8
24 65 3
24 70 3
25 28 4
25 30 1
25 31 5
25 34 7
25 35 2
25 36 2
25 38 5
25 41 1
25 42 6
25 43 3
25 44 10
25 45 8
25 47 3
25 49 2
25 51 8
25 52 10
25 55 7
25 57 4
25 58 4
25 59 6
25 61 2
25 62 2
25 63 10
25 67 7
25 69 9
25 70 5
26 29 9
26 31 5
26 32 6
26 33 4
26 34 3
26 35 8
26 36 6
26 38 6
26 40 10
26 41 2
26 42 2
26 44 6
26 45 7
26 46 3
26 51 5
26 53 7
26 54 10
26 56 2
26 57 8
26 59 3
26 60 9
26 62 3
26 63 10
26 65 10
26 66 2
26 67 5
26 70 7
27 29 6
27 30 8
27 32 8
27 33 5
27 34 2
27 35 5
27 39 5
27 40 6
27 43 6
27 44 4
27 46 6
27 48 4
27 51 1
27 54 4
27 55 10
27 56 1
27 57 9
27 58 5
27 59 6
27 60 7
27 61 6
27 63 7
27 64 1
27 68 5
27 70 2
28 30 4
28 32 5
28 33 9
28 34 4
28 37 3
28 38 2
28 39 9
28 41 8
28 44 7
28 45 3
28 48 4
28 51 2
28 53 4
28 54 7
28 57 10
28 58 3
28 60 10
28 61 9
28 62 1
28 63 10
28 64 7
28 65 3
28 66 3
28 67 8
29 30 2
29 32 10
29 33 10
29 36 4
29 38 6
29 39 4
29 40 1
29 41 2
29 42 7
29 43 5
29 44 5
29 46 2
29 47 2
29 50 5
29 52 5
29 53 7
29 54 10
29 55 5
29 58 10
29 59 3
29 61 9
29 62 3
29 63 4
29 69 5
30 34 2
30 37 10
30 38 8
30 39 2
30 41 1
30 42 6
30 43 2
30 45 4
30 46 10
30 47 8
30 49 8
30 50 9
30 56 2
30 57 7
30 58 10
30 59 3
30 60 8
30 61 5
30 62 8
30 65 6
30 66 9
30 70 3
31 37 10
31 38 5
31 42 6
31 44 6
31 45 10
31 46 4
31 51 7
31 53 2
31 54 10
31 56 7
31 58 9
31 59 7
31 60 10
31 61 3
31 64 6
31 65 5
31 68 2
32 34 2
32 35 6
32 36 7
32 37 10
32 39 5
32 40 6
32 41 7
32 43 10
32 44 7
32 47 2
32 50 4
32 51 1
32 53 10
32 55 4
32 56 5
32 58 9
32 61 10
32 62 3
32 64 10
32 69 8
33 35 6
33 36 8
33 37 5
33 39 1
33 42 9
33 45 10
33 47 10
33 49 4
33 50 7
33 51 7
33 54 5
33 55 8
33 57 7
33 58 1
33 61 7
33 62 4
33 63 9
33 65 4
33 70 4
34 37 9
34 39 7
34 40 2
34 42 2
34 49 2
34 50 4
34 52 1
34 53 1
34 59 7
34 61 4
34 62 5
34 63 1
34 65 6
34 67 8
34 68 3
35 36 4
35 38 7
35 40 1
35 44 7
35 45 2
35 50 2
35 51 4
35 55 4
35 58 1
35 59 5
35 61 4
35 62 7
35 63 1
35 64 9
35 66 10
35 69 4
35 70 10
36 37 7
36 38 7
36 40 9
36 41 4
36 43 1
36 46 7
36 47 8
36 48 2
36 50 4
36 51 1
36 52 9
36 54 9
36 55 4
36 60 6
36 61 10
36 62 2
36 63 10
36 65 10
36 66 10
36 69 5
36 70 6
37 41 4
37 45 10
37 46 8
37 47 7
37 48 1
37 49 10
37 50 9
37 52 9
37 53 10
37 55 2
37 56 4
37 59 1
37 60 10
37 61 2
37 62 7
37 63 1
37 67 8
37 68 8
37 69 9
37 70 5
38 40 4
38 41 10
38 42 6
38 48 2
38 49 3
38 50 10
38 51 8
38 56 7
38 58 8
38 63 1
38 64 7
38 65 10
38 66 1
38 67 7
38 68 1
38 69 6
39 40 9
39 42 9
39 43 1
39 45 4
39 46 9
39 47 1
39 48 2
39 50 7
39 52 9
39 54 1
39 57 1
39 58 8
39 59 1
39 60 2
39 64 1
39 66 9
39 67 4
39 69 1
39 70 3
40 43 2
40 45 8
40 46 2
40 47 5
40 49 10
40 51 9
40 52 10
40 54 7
40 56 2
40 58 4
40 59 8
40 60 3
40 61 4
40 62 5
40 63 1
40 65 1
40 67 1
40 70 5
41 44 7
41 45 4
41 46 10
41 47 6
41 49 1
41 50 10
41 53 7
41 55 6
41 56 9
41 58 3
41 59 6
41 60 6
41 61 8
41 65 1
41 66 7
41 67 7
41 69 3
41 70 3
42 43 3
42 44 4
42 45 2
42 47 8
42 49 3
42 51 2
42 52 3
42 54 2
42 55 4
42 58 4
42 59 1
42 64 6
42 65 8
42 67 8
42 69 9
43 44 9
43 46 4
43 47 1
43 48 4
43 49 6
43 50 8
43 51 2
43 55 9
43 56 5
43 57 4
43 59 10
43 60 5
43 61 4
43 62 4
43 63 3
43 64 10
43 67 4
43 68 9
43 69 1
43 70 7
44 45 7
44 48 1
44 50 3
44 51 9
44 56 9
44 57 6
44 58 8
44 61 5
44 64 10
44 66 2
44 68 8
45 46 10
45 48 1
45 50 5
45 51 10
45 52 7
45 54 8
45 56 6
45 60 2
45 62 10
45 63 3
45 64 5
45 65 6
45 67 6
46 48 4
46 53 6
46 55 5
46 57 5
46 63 3
46 64 7
46 65 6
46 66 5
46 68 5
46 69 1
47 48 2
47 50 3
47 53 6
47 54 6
47 56 4
47 58 3
47 59 1
47 62 3
47 64 8
47 65 8
47 69 1
48 50 10
48 51 10
48 52 10
48 56 6
48 58 5
48 61 3
48 62 7
48 64 8
48 69 2
48 70 2
49 50 10
49 51 8
49 52 6
49 57 2
49 58 10
49 61 4
49 66 2
50 51 2
50 52 2
50 54 4
50 55 5
50 56 1
50 57 9
50 58 4
50 59 9
50 66 4
50 68 4
50 69 7
50 70 10
51 52 10
51 53 8
51 55 6
51 56 9
51 57 2
51 59 3
51 63 7
51 68 4
52 53 4
52 54 5
52 58 6
52 59 1
52 60 5
52 62 8
52 63 9
52 64 10
52 65 7
52 67 10
52 68 1
52 69 8
53 54 1
53 64 9
53 65 4
53 67 2
53 69 6
53 70 4
54 58 6
54 59 2
54 60 9
54 61 5
54 64 8
54 66 6
54 67 8
54 68 10
54 70 5
55 56 5
55 60 9
55 61 7
55 62 8
55 63 5
55 64 3
55 66 10
56 57 2
56 58 7
56 60 5
56 62 10
56 64 1
56 66 10
56 67 9
57 61 2
57 62 10
57 64 7
57 66 7
57 68 9
57 69 3
57 70 1
58 61 2
58 62 4
58 63 9
58 64 6
59 60 8
59 61 1
59 64 6
59 66 9
59 67 10
59 68 8
59 69 2
59 70 3
60 61 5
60 65 5
60 66 9
60 68 7
60 69 7
61 63 6
61 64 4
61 65 3
61 67 5
62 63 2
62 66 7
62 67 5
63 67 10
63 69 9
63 70 3
64 65 10
64 67 7
64 68 9
64 69 4
64 70 6
65 67 8
65 69 10
65 70 10
66 67 4
66 68 4
66 69 9
66 70 10
67 69 10
68 69 1
69 70 2
