0 1 5
0 2 9
0 6 8
0 9 6
0 10 1
0 11 8
0 14 8
0 15 4
0 17 10
0 19 8
0 21 1
0 22 5
0 23 9
0 24 5
0 25 6
0 26 10
0 29 1
0 30 6
0 31 10
0 32 6
0 35 5
0 36 4
0 37 10
0 38 10
0 40 2
0 41 2
0 46 10
0 47 3
0 48 1
1 2 1
1 3 5
1 4 3
1 7 7
1 11 10
1 12 4
1 13 6
1 14 9
1 16 10
1 17 10
1 18 1
1 19 2
1 20 5
1 22 2
1 25 5
1 27 8
1 29 4
1 34 6
1 35 6
1 36 9
1 40 7
1 41 6
1 44 4
1 45 5
1 46 10
1 47 2
2 4 2
2 6 4
2 8 9
2 10 9
2 11 1
2 15 6
2 17 1
2 19 4
2 23 5
2 24 6
2 26 8
2 27 6
2 28 10
2 30 8
2 31 8
2 32 6
2 36 3
2 39 10
2 40 3
2 42 4
2 44 9
2 45 7
2 47 7
2 48 4
3 4 1
3 5 7
3 7 9
3 8 5
3 10 5
3 11 8
3 18 9
3 19 9
3 22 2
3 23 9
3 24 3
3 25 1
3 27 8
3 29 6
3 33 10
3 34 1
3 36 9
3 37 8
3 39 10
3 40 8
3 41 8
3 42 8
3 43 5
3 48 8
4 7 7
4 9 3
4 11 8
4 12 8
4 15 1
4 16 5
4 17 1
4 19 10
4 20 8
4 21 2
4 22 2
4 24 7
4 25 10
4 26 9
4 28 1
4 30 6
4 31 10
4 32 4
4 33 9
4 34 9
4 35 5
4 36 9
4 40 6
4 41 10
4 42 8
4 43 4
4 44 8
4 47 1
4 48 8
5 10 9
5 11 3
5 14 9
5 16 5
5 17 7
5 18 6
5 19 3
5 20 6
5 21 1
5 23 10
5 26 10
5 29 3
5 31 1
5 33 2
5 34 5
5 35 2
5 37 1
5 38 9
5 39 7
5 40 8
5 42 8
5 44 4
5 46 4
5 47 5
5 48 9
6 12 1
6 13 9
6 16 5
6 17 6
6 20 8
6 21 7
6 23 2
6 24 9
6 25 6
6 33 10
6 35 1
6 39 5
6 40 5
6 42 9
6 45 2
6 47 3
6 48 2
7 8 8
7 11 2
7 14 8
7 16 2
7 20 7
7 21 9
7 24 5
7 26 9
7 29 9
7 31 1
7 32 10
7 33 5
7 36 5
7 37 8
7 38 4
7 39 2
7 41 7
7 42 10
7 45 9
7 46 1
7 47 5
7 48 8
8 9 9
8 11 4
8 12 6
8 13 10
8 14 5
8 18 3
8 19 2
8 20 4
8 21 1
8 22 2
8 23 9
8 24 10
8 26 6
8 30 10
8 31 5
8 33 10
8 40 4
8 41 2
8 43 3
8 44 8
8 46 7
8 47 9
9 10 5
9 13 8
9 15 10
9 17 6
9 23 1
9 24 8
9 26 9
9 27 1
9 31 1
9 34 5
9 35 10
9 38 1
9 39 2
9 41 2
9 43 7
9 44 3
9 45 4
9 47 6
10 11 7
10 12 10
10 13 1
10 16 9
10 18 2
10 19 4
10 20 5
10 22 7
10 23 8
10 27 7
10 28 5
10 29 6
10 30 7
10 32 1
10 33 4
10 36 4
10 37 3
10 41 10
10 46 9
10 47 6
11 12 8
11 14 5
11 15 7
11 16 5
11 17 2
11 18 5
11 19 2
11 22 9
11 25 3
11 29 5
11 31 8
11 32 6
11 38 2
11 39 1
11 42 7
11 43 5
11 44 6
11 46 8
11 48 1
12 15 7
12 16 7
12 17 5
12 22 3
12 24 10
12 25 6
12 26 10
12 27 9
12 28 8
12 31 8
12 33 1
12 39 5
12 41 5
12 42 3
12 43 4
12 45 2
12 46 8
12 47 9
13 15 9
13 16 7
13 17 4
13 19 1
13 21 8
13 27 9
13 30 9
13 32 9
13 33 10
13 35 9
13 36 3
13 39 7
13 40 4
13 41 3
13 42 2
13 43 9
13 44 9
13 47 7
14 15 10
14 16 2
14 17 4
14 18 9
14 19 6
14 20 5
14 22 9
14 23 4
14 24 3
14 28 5
14 31 1
14 32 4
14 33 2
14 34 5
14 39 4
14 41 6
14 44 2
14 48 4
15 18 6
15 19 8
15 20 8
15 21 3
15 22 1
15 24 10
15 29 3
15 31 4
15 38 6
15 41 8
15 42 8
15 45 3
16 21 6
16 24 2
16 25 10
16 28 7
16 30 5
16 31 8
16 33 1
16 34 1
16 35 10
16 36 10
16 37 3
16 38 4
16 39 4
16 40 4
16 41 2
16 42 6
16 45 5
17 18 2
17 19 4
17 20 5
17 22 3
17 27 10
17 28 2
17 30 1
17 31 1
17 34 10
17 36 8
17 37 9
17 39 3
17 40 4
17 41 8
17 43 2
17 44 9
17 48 10
18 19 3
18 20 10
18 21 2
18 22 10
18 23 4
18 30 4
18 35 9
18 37 10
18 38 7
18 40 7
18 41 9
18 42 10
18 44 4
18 46 5
18 47 6
18 48 1
19 20 9
19 22 8
19 23 4
19 25 5
19 28 7
19 30 7
19 32 10
19 33 9
19 35 8
19 36 7
19 39 10
19 40 2
19 45 1
19 46 8
20 21 9
20 22 6
20 25 8
20 26 10
20 27 7
20 29 5
20 30 2
20 31 6
20 32 2
20 33 8
20 34 2
20 36 6
20 37 5
20 39 2
20 40 4
20 41 6
20 43 2
20 44 10
20 46 8
20 47 5
21 23 9
21 25 10
21 28 3
21 30 4
21 35 10
21 36 4
21 39 4
21 40 1
21 42 8
21 43 6
21 46 9
21 47 7
21 48 9
22 23 2
22 24 1
22 28 7
22 29 6
22 30 2
22 31 1
22 32 2
22 34 9
22 35 2
22 36 7
22 38 5
22 39 1
22 40 1
22 41 6
22 42 8
22 43 3
22 44 8
22 45 1
22 46 10
22 48 8
23 25 1
23 27 2
23 28 5
23 31 8
23 33 3
23 34 2
23 35 7
23 36 6
23 40 9
23 42 10
23 43 1
23 44 8
23 46 2
23 47 7
23 48 6
24 25 6
24 26 10
24 27 6
24 29 1
24 31 3
24 32 8
24 33 9
24 34 7
24 36 5
24 39 4
24 41 9
24 46 7
24 47 8
25 29 2
25 31 10
25 32 3
25 34 3
25 35 8
25 36 7
25 37 8
25 40 3
25 43 6
25 45 3
25 46 7
26 27 3
26 31 1
26 32 6
26 33 4
26 35 1
26 37 1
26 38 5
26 43 5
26 44 6
26 45 6
26 47 10
27 28 8
27 30 6
27 31 1
27 35 3
27 36 2
27 39 1
27 45 9
27 46 5
28 30 6
28 31 3
28 32 5
28 33 6
28 34 5
28 38 2
28 39 1
28 40 6
28 41 1
28 42 1
28 45 7
28 46 5
28 48 6
29 33 6
29 36 7
29 37 8
29 38 3
29 39 9
29 42 2
29 43 3
29 44 3
29 45 6
29 47 7
29 48 10
30 31 6
30 33 1
30 36 4
30 39 6
30 41 6
30 42 10
30 43 6
30 45 7
30 47 7
31 32 9
31 33 4
31 34 10
31 36 5
31 37 1
31 38 7
31 40 4
31 47 10
31 48 6
32 33 1
32 34 2
32 35 7
32 36 6
32 39 5
32 40 4
32 42 1
32 46 8
32 47 4
32 48 4
33 34 2
33 35 1
33 39 1
33 41 10
33 43 4
33 45 7
33 48 6
34 36 2
34 37 3
34 39 7
34 45 10
35 37 7
35 38 6
35 41 8
35 43 6
35 44 1
35 45 9
35 47 5
35 48 4
36 39 4
36 41 4
36 42 6
36 45 3
36 46 2
37 38 7
37 45 8
37 46 8
37 47 8
38 42 6
38 45 10
38 47 7
38 48 3
39 42 8
39 43 10
39 46 1
39 47 9
40 41 8
40 42 5
40 46 8
40 48 3
41 42 9
41 44 7
41 45 5
41 46 5
42 43 2
42 48 4
43 46 7
44 45 7
44 46 1
44 48 9
45 46 7
45 47 2
45 48 3
46 48 5
47 48 8
