37 323
0 1 6401
0 2 3238
0 3 4735
0 4 7716
0 6 4353
0 7 1927
0 9 3261
0 14 200
0 16 162
0 17 36
0 19 4310
0 20 7917
0 21 8633
0 25 7112
0 27 7424
0 28 3185
0 30 4808
0 31 3396
0 32 4130
0 33 538
0 35 539
0 36 7162
1 2 580
1 3 5233
1 4 2574
1 9 6222
1 13 865
1 14 8404
1 17 9405
1 22 8409
1 23 9900
1 24 4346
1 25 6668
1 26 3938
1 27 8509
1 28 7894
1 30 7588
1 32 6451
1 33 6553
1 35 7085
2 3 7537
2 4 1492
2 7 2869
2 8 362
2 10 6100
2 11 2136
2 12 6107
2 14 1225
2 15 5393
2 16 5397
2 17 1381
2 20 6945
2 21 1316
2 22 2490
2 23 2419
2 25 7176
2 30 8680
2 34 5953
3 4 9787
3 6 4933
3 9 3851
3 11 7502
3 14 6969
3 15 7709
3 21 1767
3 22 805
3 26 5983
3 28 4801
3 32 8459
3 35 3498
3 36 5190
4 10 3590
4 15 6039
4 17 4287
4 18 2000
4 20 1279
4 22 6947
4 28 4657
4 30 1846
4 32 981
4 33 9674
4 34 1194
4 36 5858
5 7 9443
5 8 1126
5 9 5040
5 10 8412
5 11 7211
5 12 3437
5 13 9739
5 15 2690
5 19 921
5 20 6212
5 21 3001
5 23 7466
5 24 6856
5 25 9126
5 26 3160
5 27 4559
5 28 6639
5 29 2051
5 32 171
5 33 4650
5 34 9143
5 36 7957
6 7 3677
6 8 4600
6 12 252
6 14 1301
6 17 1203
6 19 2717
6 20 5708
6 21 775
6 23 4949
6 26 3926
6 27 4438
6 28 5930
6 29 9272
6 31 6191
6 35 6360
7 8 7514
7 11 532
7 12 105
7 14 4821
7 15 4055
7 16 5732
7 18 4050
7 21 9756
7 23 8766
7 27 3014
7 33 9863
7 34 3465
8 10 9019
8 16 5776
8 17 1134
8 18 6015
8 19 7788
8 22 4550
8 23 9362
8 24 323
8 27 4366
8 28 2418
8 32 2834
8 33 4295
8 34 9948
8 35 8886
8 36 3269
9 12 3833
9 17 3583
9 19 2053
9 24 6829
9 26 7145
9 27 5498
9 28 1045
9 30 8793
9 31 5287
9 33 4661
9 35 4490
9 36 299
10 11 3406
10 12 9221
10 13 7570
10 14 8345
10 15 7302
10 16 4742
10 17 1920
10 25 2196
10 26 6455
10 28 2612
10 33 8279
11 12 8911
11 13 9424
11 14 5155
11 16 4235
11 17 5965
11 19 3524
11 20 6409
11 21 6584
11 22 5129
11 23 305
11 25 4076
11 26 6744
11 30 4619
11 31 4113
11 33 6585
11 36 9376
12 14 110
12 15 7612
12 16 2906
12 17 7351
12 18 3149
12 19 946
12 21 2553
12 28 8719
12 32 8792
12 34 3788
13 15 4409
13 16 1776
13 17 6132
13 18 2696
13 21 379
13 23 9151
13 26 2300
13 30 2332
13 33 5386
13 35 5700
13 36 9111
14 17 3889
14 19 836
14 26 1786
14 28 402
14 30 2509
14 32 1023
14 35 6655
14 36 473
15 18 2087
15 19 3125
15 20 404
15 24 7919
15 25 9578
15 29 1210
15 31 4068
15 34 2615
16 17 2121
16 19 2653
16 21 3548
16 24 4629
16 26 2044
16 27 3609
16 30 5362
16 31 7937
16 36 1654
17 18 8461
17 26 8919
17 32 8929
17 33 1995
17 34 2914
17 36 2111
18 20 411
18 24 3940
18 25 9523
18 27 5141
18 28 1115
18 29 3850
18 30 1406
18 32 923
18 34 6558
18 36 6991
19 21 8566
19 24 2318
19 25 6458
19 26 6820
19 28 4540
19 30 4441
19 31 6832
19 34 2183
19 36 9360
20 21 5160
20 25 7083
20 27 920
20 31 1571
20 32 4053
20 36 3041
21 24 523
21 29 445
21 31 7094
21 32 5308
21 34 2895
21 36 736
22 24 8915
22 26 3506
22 30 5598
22 31 600
22 33 9632
22 34 463
22 35 474
23 24 7745
23 25 1802
23 28 2885
23 31 1854
24 27 2875
24 28 2465
24 30 3896
24 31 7168
24 32 8275
24 33 9052
24 36 209
25 26 6598
25 27 5795
25 28 4862
25 29 9030
25 31 9628
25 32 9797
25 33 6662
26 30 8842
26 32 3858
26 33 5926
27 28 1259
27 31 1243
27 33 8961
27 34 569
27 35 7184
28 29 3616
28 31 7349
28 33 9635
28 34 4510
28 35 8072
29 30 3527
29 31 1891
29 33 2975
29 34 1584
29 35 3253
29 36 9205
30 31 7670
30 32 4526
30 36 6957
31 35 3762
32 34 3647
32 35 1736
33 35 3937
34 35 5813
34 36 3778
35 36 6342
