80 1561
0 2 8406
0 3 3379
0 4 7050
0 6 145
0 7 3820
0 10 9411
0 11 9840
0 14 1079
0 15 7394
0 17 6867
0 18 2285
0 20 9908
0 21 5742
0 22 6245
0 25 6208
0 27 6900
0 30 5474
0 31 7498
0 33 1205
0 35 3539
0 36 9007
0 38 6988
0 40 4631
0 41 2586
0 43 3848
0 44 3973
0 45 6530
0 47 9919
0 48 3307
0 49 3071
0 50 6638
0 52 2732
0 53 590
0 63 6489
0 64 6740
0 65 1538
0 66 4123
0 67 3921
0 70 2557
0 71 1522
0 72 3286
0 78 7042
0 79 3031
1 2 4768
1 4 7281
1 5 9586
1 6 3962
1 10 1487
1 11 4758
1 12 5990
1 14 3171
1 15 3257
1 16 3745
1 17 6078
1 18 1093
1 19 6454
1 20 2946
1 21 6244
1 23 4074
1 25 4165
1 27 2194
1 35 6073
1 36 2060
1 41 2555
1 45 800
1 47 5431
1 51 560
1 53 1900
1 55 8690
1 56 5907
1 57 6243
1 58 1931
1 62 1157
1 64 7473
1 65 952
1 67 8891
1 70 7861
1 76 6733
1 78 2294
1 79 3850
2 4 440
2 6 1231
2 7 5287
2 8 35
2 9 4946
2 12 7776
2 13 3230
2 14 7191
2 15 8211
2 16 8986
2 17 7765
2 19 6374
2 21 7768
2 24 8889
2 25 1838
2 27 7363
2 32 6755
2 33 6220
2 34 2845
2 36 1819
2 37 3410
2 38 896
2 39 8663
2 41 7546
2 45 4911
2 47 4253
2 48 290
2 52 5964
2 54 9661
2 55 7703
2 56 6768
2 57 2139
2 61 5122
2 64 6673
2 67 1431
2 68 7207
2 69 9206
2 71 5989
2 74 8394
2 78 5208
3 4 7663
3 6 4083
3 11 3121
3 14 617
3 15 4442
3 20 9810
3 26 1090
3 27 9698
3 29 2371
3 30 2986
3 31 5442
3 33 6691
3 36 4510
3 37 5848
3 41 5700
3 42 6891
3 43 3452
3 46 6819
3 49 8409
3 50 1466
3 51 6625
3 53 8013
3 54 969
3 55 6787
3 57 7167
3 59 2019
3 62 910
3 64 4325
3 68 4641
3 69 1121
3 71 8218
3 73 2330
3 76 306
3 77 2943
4 5 3336
4 6 6192
4 7 6648
4 11 1511
4 12 1395
4 13 8458
4 17 9906
4 19 8349
4 20 8884
4 22 4867
4 23 4812
4 24 8809
4 26 5902
4 27 1354
4 28 8731
4 30 987
4 31 9989
4 32 1252
4 34 7624
4 35 2754
4 37 9947
4 41 3810
4 44 2512
4 45 8107
4 48 8484
4 49 3395
4 50 8377
4 53 464
4 55 8205
4 56 3559
4 63 4208
4 65 866
4 66 6194
4 67 531
4 68 6146
4 70 8109
4 73 500
4 74 658
4 78 4370
4 79 1139
5 11 589
5 14 7791
5 15 5774
5 17 2563
5 19 595
5 21 21
5 27 8148
5 30 9618
5 31 5570
5 32 101
5 34 7988
5 39 7356
5 41 7325
5 43 2160
5 44 9772
5 45 6415
5 46 6548
5 48 2623
5 51 669
5 59 5119
5 61 3787
5 65 4220
5 69 6408
5 70 7459
5 75 124
5 76 6531
5 77 2833
5 79 1350
6 8 9739
6 9 5758
6 10 97
6 12 9121
6 14 2579
6 18 403
6 19 3193
6 20 966
6 21 8441
6 25 9232
6 28 1818
6 31 9312
6 33 2480
6 34 5414
6 35 5626
6 37 1368
6 38 7508
6 44 2054
6 46 9520
6 47 756
6 48 9737
6 50 3150
6 51 6971
6 52 8360
6 53 8172
6 54 7250
6 56 9636
6 58 6382
6 64 7158
6 65 5722
6 67 2369
6 68 6293
6 73 9596
6 74 3296
6 77 7877
7 8 7880
7 9 8049
7 10 9167
7 11 5328
7 14 2530
7 16 383
7 18 2708
7 19 5501
7 20 7367
7 22 7303
7 23 8814
7 24 4464
7 26 1635
7 27 6933
7 28 4850
7 29 7072
7 32 967
7 34 6865
7 35 2267
7 36 7056
7 38 9061
7 39 8496
7 41 2998
7 44 3796
7 45 7388
7 49 9446
7 50 725
7 51 1784
7 52 7392
7 53 7085
7 62 9523
7 63 394
7 64 2950
7 68 6007
7 69 9089
7 70 7236
7 73 4725
7 75 675
7 76 2784
7 78 6455
7 79 2624
8 9 266
8 12 9341
8 16 9867
8 20 5695
8 22 823
8 24 4689
8 25 5172
8 26 284
8 28 8516
8 29 4026
8 30 497
8 31 5226
8 35 3495
8 37 715
8 38 3531
8 40 2026
8 42 164
8 43 8622
8 45 4701
8 47 9533
8 49 3678
8 51 3511
8 53 9778
8 55 5957
8 60 8567
8 61 1974
8 62 6794
8 64 4472
8 65 9442
8 66 6234
8 69 1119
8 71 2406
8 74 3833
8 78 8590
9 10 7741
9 15 8528
9 22 4210
9 23 3863
9 26 940
9 27 9608
9 29 5756
9 30 4753
9 31 5838
9 32 7947
9 33 2637
9 38 4185
9 41 9259
9 45 9658
9 52 6114
9 53 303
9 54 6668
9 56 5920
9 57 2179
9 59 6646
9 63 3455
9 64 9317
9 65 3261
9 71 5247
9 72 3157
9 73 6138
9 74 1686
9 78 6292
10 11 3417
10 12 2733
10 13 9182
10 14 2393
10 15 8263
10 18 1006
10 23 2762
10 24 1695
10 25 7344
10 28 2156
10 29 653
10 30 5747
10 33 9339
10 36 133
10 37 6431
10 38 8845
10 40 8475
10 41 8402
10 42 3819
10 44 2470
10 52 2201
10 54 5014
10 55 5203
10 56 4548
10 57 8830
10 58 793
10 59 3177
10 60 1549
10 61 9797
10 63 9633
10 67 5000
10 68 2517
10 69 392
10 72 3670
10 73 4436
10 74 2896
10 75 8794
11 12 2924
11 15 9464
11 18 5884
11 19 2785
11 21 139
11 25 73
11 26 7796
11 31 6125
11 33 2560
11 34 694
11 35 2260
11 38 786
11 39 2087
11 40 9435
11 41 2928
11 42 3950
11 44 2291
11 45 7560
11 47 3731
11 51 2859
11 54 1853
11 55 1965
11 56 6507
11 59 3211
11 60 5350
11 61 2288
11 62 4193
11 64 2080
11 66 5984
11 68 3017
11 69 4795
11 73 753
11 74 3879
11 75 373
11 77 2313
11 79 9603
12 13 8959
12 14 7144
12 15 2013
12 18 9791
12 20 6799
12 22 5827
12 23 3407
12 25 6551
12 27 5146
12 28 9680
12 30 7684
12 39 9819
12 40 8104
12 41 8353
12 44 9706
12 47 5820
12 48 8384
12 50 8629
12 51 7470
12 55 5197
12 56 9731
12 58 2612
12 60 1154
12 62 9779
12 63 6635
12 67 7306
12 68 7086
12 69 8832
12 73 1930
12 74 3870
12 75 5053
12 76 4697
13 19 598
13 20 7251
13 21 8764
13 22 9071
13 23 7957
13 24 3696
13 26 4763
13 27 5730
13 28 2277
13 34 5040
13 35 6931
13 36 9224
13 38 8305
13 44 3238
13 46 4339
13 48 3586
13 50 1034
13 55 8035
13 59 9140
13 61 7893
13 64 6134
13 65 819
13 66 8017
13 68 3686
13 69 2884
13 71 7466
13 72 192
13 73 3458
13 74 599
13 75 3064
13 76 2451
13 78 5949
14 15 2265
14 16 2643
14 17 5139
14 21 9862
14 25 981
14 26 8700
14 27 5457
14 28 5425
14 29 364
14 31 7005
14 33 8850
14 39 219
14 40 2483
14 43 7068
14 44 6022
14 46 9517
14 48 7030
14 49 1168
14 50 1799
14 52 9468
14 54 8968
14 55 7166
14 58 6093
14 59 6360
14 60 1939
14 63 1055
14 67 4238
14 70 8763
14 74 4514
14 75 5553
14 78 3369
15 16 8689
15 20 6894
15 21 5379
15 22 379
15 29 6692
15 33 230
15 36 3306
15 37 2680
15 38 1754
15 43 9634
15 45 6484
15 48 7524
15 49 4044
15 51 524
15 52 4802
15 53 5539
15 54 3448
15 56 7430
15 57 7429
15 60 9623
15 62 7106
15 64 8979
15 65 602
15 67 3325
15 69 3496
15 74 3161
15 75 9828
15 77 9035
15 79 5510
16 18 8239
16 20 1899
16 27 5477
16 29 7305
16 30 135
16 31 4021
16 33 1645
16 36 2751
16 37 9891
16 41 1646
16 43 5975
16 51 1080
16 52 8126
16 55 2743
16 59 8662
16 61 4790
16 62 8185
16 64 8355
16 66 616
16 69 5597
16 71 3889
16 73 3726
16 75 4211
16 76 4662
16 77 1536
17 21 331
17 23 4730
17 24 7057
17 27 1751
17 29 7179
17 31 212
17 35 4849
17 36 2276
17 37 3537
17 41 9676
17 42 8524
17 44 704
17 45 4838
17 46 4309
17 48 5861
17 52 4971
17 54 8298
17 55 6019
17 56 9163
17 59 6240
17 61 2588
17 62 8422
17 63 7051
17 69 6703
17 71 9602
17 72 2921
17 73 3244
17 74 3897
17 75 5699
18 21 258
18 23 382
18 24 6294
18 30 6053
18 31 1528
18 32 3027
18 34 4977
18 35 7407
18 36 4029
18 37 8320
18 38 942
18 39 5797
18 42 9183
18 44 6341
18 46 2284
18 48 5047
18 51 6355
18 52 1517
18 57 4496
18 63 2074
18 66 283
18 67 3568
18 69 5378
18 71 8563
18 72 7831
18 73 3335
18 74 256
18 75 8207
18 76 9738
18 78 8994
18 79 7789
19 21 7214
19 27 8778
19 28 6399
19 31 8500
19 34 5619
19 37 402
19 42 7355
19 43 7862
19 45 9073
19 46 1377
19 48 1918
19 49 8059
19 50 8858
19 51 7750
19 52 8886
19 53 5277
19 54 8579
19 55 6482
19 56 1274
19 57 8604
19 59 685
19 62 4128
19 66 6656
19 67 6852
19 69 2264
19 71 5810
19 73 8113
19 74 1747
19 75 1027
19 77 585
19 79 4229
20 21 7183
20 25 6821
20 26 1732
20 27 5392
20 29 1056
20 32 358
20 33 9199
20 39 1318
20 40 9354
20 42 4942
20 43 3571
20 44 1887
20 46 3653
20 47 5652
20 49 323
20 50 7020
20 51 933
20 52 3350
20 53 2441
20 54 2415
20 57 4245
20 58 5819
20 59 8171
20 61 4059
20 65 4568
20 66 9357
20 67 396
20 68 420
20 71 6958
20 73 1701
20 76 2933
20 77 855
20 78 9252
20 79 7918
21 22 3754
21 23 2791
21 24 1673
21 27 7892
21 28 6456
21 30 7801
21 31 6855
21 33 7053
21 38 495
21 39 7610
21 40 3393
21 41 961
21 42 902
21 43 8591
21 44 5332
21 45 5213
21 46 8550
21 50 43
21 51 285
21 53 9890
21 54 5955
21 56 5039
21 57 4460
21 59 667
21 60 8692
21 61 6723
21 62 1075
21 63 2323
21 66 6760
21 67 7844
21 74 5547
21 78 2542
22 23 4650
22 27 3083
22 29 9426
22 31 5007
22 32 3533
22 34 20
22 35 8063
22 37 2744
22 40 8827
22 44 7222
22 45 5954
22 46 3818
22 47 4796
22 49 5788
22 50 6316
22 51 641
22 53 5468
22 57 4915
22 58 10
22 59 7548
22 60 7182
22 64 3845
22 65 8186
22 66 6790
22 67 362
22 70 120
22 71 2347
22 74 6357
22 75 5968
22 76 7619
22 79 4509
23 24 7109
23 32 7028
23 34 3933
23 37 482
23 39 6329
23 42 6955
23 43 2344
23 44 5274
23 46 4720
23 47 6279
23 50 5190
23 54 7443
23 55 4075
23 56 6968
23 57 7813
23 59 3078
23 60 6829
23 61 7213
23 62 8466
23 63 7675
23 64 2565
23 66 6239
23 67 3275
23 72 9916
23 73 7307
23 74 4931
23 75 776
23 76 766
23 77 9338
23 79 9951
24 25 5847
24 27 3236
24 28 4347
24 29 5931
24 30 8499
24 35 703
24 37 4419
24 38 1008
24 43 6823
24 44 9683
24 45 5462
24 46 8818
24 49 5812
24 52 4343
24 55 5698
24 56 5150
24 58 1554
24 59 7985
24 60 7242
24 62 268
24 63 4468
24 65 8234
24 66 9257
24 70 1233
24 73 7285
24 75 1764
24 78 4783
24 79 2571
25 27 39
25 31 5022
25 34 7778
25 36 2498
25 37 3266
25 39 1162
25 44 5250
25 45 9041
25 46 9205
25 47 380
25 48 8407
25 49 185
25 52 1505
25 58 5645
25 63 639
25 64 772
25 65 8618
25 66 1202
25 68 692
25 70 4945
25 71 8745
25 72 1111
25 76 5385
26 27 5411
26 28 4031
26 30 1287
26 32 7648
26 34 4445
26 35 7998
26 36 3858
26 37 222
26 40 4302
26 43 4218
26 45 998
26 49 533
26 50 6996
26 51 8417
26 53 9722
26 55 9648
26 59 4498
26 61 2462
26 62 6121
26 63 9146
26 64 6437
26 66 316
26 68 8112
26 76 8982
26 77 3469
26 79 5195
27 30 5962
27 31 10000
27 34 7972
27 35 1435
27 37 4413
27 40 1335
27 43 9734
27 44 8776
27 46 4778
27 47 6571
27 49 2170
27 50 5527
27 54 7963
27 56 3416
27 58 7094
27 59 1809
27 61 7245
27 62 8439
27 63 9932
27 65 3070
27 68 5077
27 70 7930
27 71 4047
27 72 7235
27 74 6776
27 76 9795
27 77 5924
27 78 857
28 31 338
28 34 8219
28 35 1506
28 36 6807
28 42 3654
28 43 3991
28 45 6858
28 48 5656
28 49 9470
28 50 3624
28 52 4076
28 53 4994
28 54 1739
28 58 1709
28 59 2364
28 60 5157
28 63 2368
28 64 6529
28 65 794
28 67 7836
28 68 8007
28 71 8301
28 72 7373
28 76 5995
29 30 3232
29 31 5288
29 32 2396
29 33 2719
29 35 4901
29 38 5760
29 42 5181
29 43 8267
29 45 7743
29 46 5822
29 48 856
29 49 5811
29 51 7736
29 53 6977
29 54 5934
29 56 8978
29 57 4668
29 61 8641
29 62 8278
29 63 1372
29 69 41
29 70 567
29 71 4424
29 74 6427
29 75 5605
29 79 6757
30 31 8447
30 32 8208
30 34 2066
30 35 7243
30 37 5117
30 38 1190
30 40 1884
30 42 6514
30 44 1010
30 45 5529
30 46 5154
30 50 4559
30 52 7010
30 53 360
30 54 4712
30 55 1426
30 57 4179
30 58 2966
30 59 2148
30 61 172
30 64 9288
30 65 7605
30 66 5947
30 68 314
30 69 5665
30 72 8867
30 74 8396
30 77 6390
30 79 1785
31 33 8012
31 35 2007
31 38 178
31 39 8385
31 41 8856
31 42 36
31 43 8238
31 45 7554
31 47 4822
31 48 5509
31 50 8698
31 52 1950
31 58 9293
31 59 7679
31 61 2711
31 63 6017
31 64 2927
31 66 8222
31 67 8122
31 73 932
31 75 67
31 76 2902
31 79 4912
32 35 3854
32 36 3953
32 40 8420
32 41 235
32 42 1480
32 43 6219
32 44 1501
32 46 7802
32 47 5702
32 50 4342
32 51 7611
32 52 2307
32 54 889
32 59 1249
32 60 5908
32 61 8577
32 62 2905
32 64 3092
32 66 9480
32 68 3949
32 69 5584
32 72 8149
32 74 956
32 77 2975
32 78 9659
32 79 6169
33 35 320
33 36 972
33 37 3341
33 44 7881
33 49 7287
33 50 2244
33 51 8810
33 52 6986
33 55 3665
33 56 2953
33 58 3996
33 60 4056
33 65 5087
33 67 4965
33 68 1389
33 71 535
33 72 4881
33 73 2095
33 74 4282
34 35 8800
34 36 4750
34 38 7143
34 39 3181
34 41 429
34 42 6102
34 43 3332
34 44 315
34 45 997
34 47 876
34 48 6805
34 52 399
34 53 4049
34 55 4326
34 56 5608
34 61 3937
34 63 7132
34 64 4455
34 66 7241
34 67 313
34 69 2575
34 72 1681
34 74 5452
34 75 9228
34 77 5220
34 79 4698
35 36 9251
35 37 7323
35 39 2458
35 41 2050
35 42 6242
35 43 935
35 45 3216
35 46 1987
35 47 7884
35 50 198
35 52 9198
35 53 8701
35 54 8328
35 56 8169
35 58 1069
35 59 3738
35 60 6364
35 62 8919
35 63 6130
35 66 3671
35 68 1876
35 69 1323
35 71 1820
35 73 5473
35 74 1718
35 78 5566
36 41 901
36 44 6687
36 47 784
36 49 8041
36 57 267
36 58 5272
36 59 2149
36 60 6834
36 62 5362
36 63 6031
36 64 8559
36 65 4480
36 69 1247
36 71 1731
36 72 3173
36 73 3644
36 74 2469
36 75 3126
36 76 2283
36 78 3224
37 40 6621
37 41 5504
37 45 3836
37 46 7923
37 47 3890
37 48 5767
37 51 3156
37 52 3664
37 53 9967
37 56 6424
37 57 8702
37 61 3618
37 63 1450
37 67 7229
37 69 943
37 70 8247
37 78 415
37 79 5858
38 39 7656
38 41 218
38 42 6765
38 46 7564
38 49 9889
38 50 2450
38 53 8083
38 58 552
38 59 6041
38 61 8216
38 63 5200
38 64 3415
38 65 2144
38 66 7905
38 70 4958
38 72 6628
38 78 2073
39 40 1571
39 43 2731
39 44 8582
39 48 8833
39 52 3684
39 53 5369
39 55 1792
39 56 94
39 57 3466
39 58 2252
39 59 2467
39 62 8423
39 64 1927
39 65 6173
39 66 6849
39 68 3201
39 70 7919
39 74 4691
39 76 5891
39 77 61
39 78 5456
39 79 6836
40 41 9561
40 42 5610
40 44 1882
40 46 9245
40 47 5493
40 49 4981
40 51 3148
40 53 8547
40 56 5407
40 58 8125
40 62 2698
40 66 5724
40 67 7873
40 69 1118
40 71 2461
40 72 6430
40 73 6957
40 74 1319
40 77 6164
40 79 7547
41 44 3398
41 45 9161
41 47 1409
41 51 6250
41 52 1565
41 54 2782
41 57 7389
41 60 4618
41 61 4655
41 64 8165
41 65 1459
41 67 1
41 71 5253
41 72 7131
41 73 2062
41 76 7081
41 77 6629
41 79 1273
42 48 1798
42 49 8102
42 50 1520
42 52 387
42 53 9631
42 56 9783
42 57 3375
42 58 7572
42 59 3585
42 61 770
42 62 4587
42 63 276
42 65 1711
42 66 4273
42 69 421
42 70 9181
42 72 4616
42 74 1057
42 78 5997
42 79 4985
43 44 2278
43 45 9687
43 50 2796
43 51 7734
43 53 7304
43 56 3732
43 57 1771
43 60 2524
43 62 2076
43 63 6980
43 64 3595
43 69 6938
43 70 7145
43 72 5915
43 76 3170
43 79 9639
44 46 7076
44 48 4192
44 50 4614
44 53 7940
44 55 2166
44 61 229
44 62 8303
44 63 8707
44 64 6748
44 65 1649
44 68 4708
44 70 3001
44 72 8031
44 78 7340
45 48 1696
45 49 9352
45 50 7180
45 51 3793
45 53 3650
45 54 9329
45 56 9413
45 57 2584
45 66 6553
45 67 3314
45 68 2847
45 69 1296
45 71 6386
45 72 6280
45 73 3944
45 76 422
45 79 9330
46 47 5603
46 49 9556
46 50 1671
46 52 5768
46 53 9566
46 56 7640
46 58 4953
46 63 4647
46 64 100
46 65 4082
46 66 2653
46 74 5440
46 77 673
46 78 4403
46 79 8068
47 48 6835
47 51 1085
47 53 4226
47 54 8410
47 55 7208
47 57 3370
47 59 547
47 62 3049
47 63 5063
47 64 9628
47 65 7181
47 69 1280
47 70 8066
47 71 118
47 76 3051
48 50 8686
48 51 3139
48 52 7119
48 56 9097
48 59 4755
48 60 9319
48 64 9410
48 65 3342
48 68 1579
48 69 4376
48 70 8330
48 74 1467
48 76 1776
48 77 1742
48 78 1087
48 79 8491
49 51 8755
49 55 9848
49 56 7107
49 59 493
49 63 447
49 64 3260
49 65 2384
49 66 4924
49 69 6722
49 70 4285
49 71 7264
49 73 7781
49 75 1885
49 76 4654
49 77 1779
49 78 2844
50 53 6978
50 55 2366
50 56 2229
50 58 2684
50 59 6647
50 61 9102
50 62 2804
50 65 8664
50 67 8687
50 71 57
50 72 6351
50 73 9129
50 76 6272
50 77 6087
51 52 8245
51 53 1892
51 59 8719
51 60 8137
51 61 6212
51 66 8089
51 67 7494
51 68 1760
51 71 146
51 72 4572
51 73 5286
51 74 4827
51 77 8619
51 78 6200
51 79 525
52 54 3546
52 55 1960
52 57 2616
52 58 8096
52 59 2577
52 60 8900
52 63 174
52 64 7408
52 65 7822
52 70 4042
52 71 1840
52 72 6370
52 73 2538
52 75 4938
52 76 7505
52 77 281
52 79 7719
53 54 413
53 56 6149
53 57 4440
53 58 7169
53 59 9968
53 61 8512
53 62 1574
53 64 9886
53 66 9996
53 68 1640
53 69 4896
53 70 718
53 72 4929
53 75 2695
53 78 9309
54 57 6009
54 60 5948
54 61 3419
54 62 2077
54 65 9473
54 69 6686
54 73 3566
54 75 7384
54 79 4599
55 56 5784
55 59 1877
55 61 3617
55 64 8497
55 65 6828
55 66 2447
55 67 9418
55 70 5684
55 72 2408
55 74 4062
55 77 157
56 57 4676
56 59 7842
56 60 7941
56 61 3523
56 64 5829
56 66 8519
56 68 26
56 70 1816
56 71 707
56 72 3772
56 76 6994
56 77 4207
56 78 4204
56 79 5441
57 60 2121
57 61 2564
57 62 1282
57 64 114
57 65 6249
57 66 4571
57 67 9942
57 68 8804
57 72 6965
57 73 8855
57 74 4269
57 75 6956
58 59 7122
58 61 207
58 62 5755
58 63 7026
58 65 91
58 66 6709
58 69 7376
58 75 4575
58 76 7925
58 77 4550
58 78 8627
58 79 1385
59 61 4917
59 65 4919
59 67 6679
59 68 4653
59 72 76
59 75 9202
59 77 4970
59 78 4752
59 79 2492
60 63 6752
60 65 2639
60 66 2082
60 67 8275
60 73 526
60 76 4596
60 79 3860
61 63 2910
61 65 4620
61 66 6027
61 70 8878
61 71 1728
61 72 6528
61 75 6785
61 77 7752
61 79 9027
62 65 1863
62 69 6575
62 70 8299
62 71 8722
62 73 5880
62 77 6918
62 79 3030
63 64 618
63 65 654
63 66 3084
63 71 9063
63 72 1491
63 73 5109
63 74 6049
63 76 1268
63 77 8927
64 65 8195
64 67 9358
64 69 5535
64 71 4521
64 73 3997
64 76 5282
64 78 1439
65 66 3430
65 67 1270
65 72 9900
65 74 7032
65 78 8367
65 79 3941
66 67 1797
66 73 8306
66 77 799
67 68 6180
67 71 5310
67 72 5937
67 73 1039
67 75 2392
67 76 6767
67 77 5825
67 78 3699
68 69 4948
68 72 1307
68 78 2338
69 70 5343
69 71 840
69 72 6267
69 74 1515
69 77 7116
69 79 1804
70 71 844
70 72 8665
70 74 1925
70 75 9953
70 77 5125
70 79 3908
71 74 7343
71 77 8761
71 78 3115
71 79 3304
72 74 9909
73 75 7807
73 77 1936
73 78 8748
74 79 4555
75 79 613
76 78 4731
76 79 9609
77 78 6681
78 79 8130
