0 1 4
0 2 9
0 3 6
0 6 10
0 7 2
0 8 9
0 10 6
0 11 10
0 14 2
0 15 9
0 16 7
0 18 1
0 21 4
0 26 8
0 27 8
0 33 7
0 34 10
0 35 9
0 36 10
0 39 1
0 40 3
0 43 4
0 45 2
0 46 3
0 47 9
0 49 6
0 51 1
1 5 2
1 6 10
1 7 9
1 8 5
1 11 1
1 12 8
1 13 7
1 15 2
1 16 5
1 17 5
1 18 10
1 22 5
1 23 1
1 24 6
1 25 10
1 29 2
1 30 6
1 35 4
1 36 1
1 38 1
1 40 8
1 41 2
1 42 2
1 46 8
1 49 6
1 50 8
2 3 9
2 4 8
2 5 10
2 8 6
2 9 4
2 11 6
2 12 5
2 13 7
2 15 8
2 17 9
2 21 7
2 22 10
2 24 10
2 26 10
2 27 5
2 29 10
2 30 10
2 31 7
2 34 3
2 35 10
2 37 8
2 38 8
2 39 4
2 40 9
2 41 5
2 46 10
2 47 9
2 50 9
2 51 7
3 4 2
3 6 7
3 7 10
3 8 6
3 9 7
3 11 4
3 14 5
3 16 3
3 18 4
3 19 5
3 20 8
3 26 9
3 27 8
3 29 9
3 30 2
3 31 10
3 34 10
3 35 2
3 42 10
3 46 8
3 50 10
3 51 2
4 5 3
4 6 6
4 7 1
4 8 10
4 10 10
4 11 8
4 14 1
4 15 1
4 18 10
4 19 6
4 24 7
4 25 10
4 26 4
4 30 6
4 31 7
4 32 10
4 33 10
4 34 10
4 39 3
4 40 7
4 44 2
4 45 4
4 46 10
4 47 3
4 48 6
4 51 6
5 9 10
5 10 6
5 11 3
5 16 1
5 19 7
5 23 10
5 25 3
5 27 2
5 29 8
5 35 9
5 36 1
5 38 10
5 41 4
5 44 10
5 45 1
5 46 6
5 47 4
5 50 1
5 51 9
6 8 5
6 9 6
6 10 8
6 11 2
6 13 8
6 14 5
6 15 7
6 16 3
6 18 6
6 21 1
6 24 2
6 25 5
6 28 2
6 29 6
6 32 6
6 33 8
6 35 3
6 36 6
6 39 2
6 40 1
6 42 1
6 43 10
6 44 2
6 45 9
6 46 1
6 49 7
6 50 6
7 9 7
7 11 3
7 12 9
7 13 9
7 14 5
7 16 8
7 17 7
7 18 6
7 23 3
7 25 3
7 26 8
7 27 10
7 29 1
7 34 5
7 36 4
7 39 2
7 41 8
7 45 7
7 46 9
7 49 4
7 50 6
8 9 7
8 13 8
8 14 6
8 16 8
8 17 6
8 18 2
8 19 6
8 20 4
8 21 6
8 22 2
8 23 5
8 26 8
8 28 2
8 30 10
8 31 7
8 33 7
8 34 8
8 35 8
8 39 8
8 42 9
8 44 7
8 48 2
8 49 7
8 51 7
9 10 10
9 12 10
9 16 10
9 17 10
9 18 7
9 22 1
9 23 6
9 24 5
9 25 2
9 26 8
9 28 1
9 30 10
9 31 7
9 33 2
9 34 6
9 35 9
9 37 7
9 39 6
9 41 4
9 45 9
9 50 4
9 51 10
10 11 6
10 12 9
10 13 1
10 14 5
10 18 6
10 24 1
10 26 9
10 27 2
10 28 2
10 29 9
10 30 1
10 31 9
10 32 3
10 34 6
10 35 3
10 36 1
10 38 5
10 40 1
10 43 6
10 44 9
10 45 4
10 46 5
10 47 10
10 48 6
10 49 9
10 50 6
11 13 10
11 14 6
11 15 6
11 16 4
11 18 1
11 21 8
11 22 3
11 25 4
11 28 6
11 31 1
11 34 10
11 35 9
11 36 4
11 37 6
11 41 4
11 42 2
11 43 1
11 45 5
11 49 1
12 13 5
12 20 2
12 22 6
12 25 2
12 27 6
12 28 7
12 29 1
12 30 1
12 31 2
12 35 4
12 36 8
12 37 8
12 40 3
12 41 5
12 42 9
12 45 1
12 47 10
12 48 1
12 51 9
13 15 8
13 17 4
13 18 9
13 19 2
13 20 10
13 22 5
13 23 3
13 24 6
13 25 7
13 26 3
13 29 9
13 30 8
13 32 7
13 35 9
13 36 1
13 37 6
13 38 9
13 39 7
13 43 7
13 46 5
13 47 9
13 48 1
13 49 1
13 51 7
14 18 6
14 19 1
14 25 4
14 26 10
14 27 3
14 28 6
14 29 4
14 32 1
14 33 3
14 34 2
14 35 2
14 36 4
14 38 5
14 40 6
14 42 9
14 45 7
14 46 5
14 49 1
15 20 9
15 21 9
15 23 3
15 24 9
15 28 8
15 33 10
15 36 10
15 37 4
15 38 1
15 39 9
15 43 5
15 44 7
15 45 7
15 46 9
15 47 2
15 51 6
16 21 6
16 22 1
16 24 4
16 30 10
16 32 9
16 35 6
16 40 8
16 42 3
16 43 5
16 46 8
16 47 8
16 48 8
16 50 2
17 19 7
17 24 8
17 25 5
17 27 8
17 29 9
17 31 5
17 35 1
17 36 8
17 37 10
17 39 7
17 40 8
17 41 9
17 45 1
17 47 10
17 50 7
17 51 8
18 19 3
18 20 7
18 21 9
18 23 10
18 29 5
18 30 2
18 31 10
18 33 7
18 34 8
18 35 7
18 39 9
18 40 7
18 41 2
18 45 9
18 47 1
18 51 9
19 20 4
19 21 7
19 22 3
19 24 10
19 26 3
19 27 1
19 36 2
19 42 4
19 44 8
19 46 5
19 47 9
19 51 9
20 23 10
20 24 2
20 27 7
20 28 7
20 30 4
20 36 6
20 42 10
20 44 3
20 45 4
20 46 3
20 47 7
20 48 6
21 23 7
21 25 4
21 26 5
21 27 6
21 29 5
21 31 9
21 32 8
21 33 10
21 34 6
21 36 8
21 37 8
21 38 8
21 40 3
21 47 5
21 50 3
21 51 2
22 23 2
22 24 1
22 27 1
22 29 10
22 30 9
22 38 4
22 47 9
22 51 1
23 27 5
23 28 3
23 29 8
23 30 1
23 31 9
23 32 4
23 33 10
23 34 2
23 36 4
23 37 6
23 38 2
23 39 5
23 40 7
23 43 10
23 44 10
23 48 6
23 50 10
24 25 3
24 28 6
24 29 9
24 32 8
24 34 8
24 36 7
24 37 8
24 39 3
24 40 1
24 42 6
24 43 4
24 44 7
24 46 2
24 49 2
24 50 9
25 30 8
25 35 8
25 36 1
25 40 2
25 42 4
25 44 2
25 45 10
25 47 4
25 48 7
25 49 10
25 51 5
26 30 2
26 34 2
26 35 9
26 39 7
26 40 8
26 44 9
26 47 4
26 48 5
26 49 5
26 50 5
26 51 4
27 29 2
27 34 10
27 36 10
27 38 4
27 39 6
27 40 4
27 48 10
27 51 10
28 29 7
28 30 8
28 33 7
28 34 9
28 41 3
28 42 1
28 43 10
28 47 3
28 49 4
28 50 7
28 51 8
29 30 8
29 33 9
29 34 6
29 36 10
29 37 10
29 42 6
29 44 4
29 50 5
30 32 3
30 35 2
30 36 4
30 37 8
30 38 6
30 40 7
30 41 7
30 46 2
30 47 9
30 49 3
30 50 5
30 51 8
31 32 9
31 34 2
31 35 5
31 37 6
31 40 6
31 41 2
31 42 3
32 35 1
32 36 1
32 37 6
32 40 6
32 41 5
32 42 8
32 44 3
32 46 1
32 48 3
32 49 6
32 50 2
32 51 6
33 34 4
33 35 6
33 36 10
33 37 10
33 38 3
33 39 3
33 41 1
33 45 5
33 49 3
33 50 5
33 51 3
34 35 6
34 36 3
34 38 3
34 39 1
34 40 10
34 44 1
34 47 2
34 48 6
34 51 2
35 37 9
35 38 9
35 39 9
35 40 2
35 43 7
35 45 4
35 50 4
36 37 10
36 38 2
36 40 4
36 41 10
36 42 4
36 44 5
36 45 10
36 49 1
37 39 10
37 40 6
37 42 2
37 48 1
37 50 9
37 51 1
38 39 2
38 42 5
38 46 5
38 48 10
38 50 5
39 40 3
39 41 10
39 43 6
39 44 4
39 48 5
39 49 8
39 50 7
39 51 4
40 41 7
40 43 1
40 44 4
40 45 9
40 46 5
40 49 3
40 51 1
41 43 10
41 49 8
41 50 10
41 51 10
42 44 1
42 46 9
42 47 4
42 51 5
43 44 9
43 46 8
43 47 10
43 48 4
43 49 1
44 47 6
45 48 4
45 49 10
45 50 10
45 51 5
46 47 1
46 48 1
46 49 6
46 51 4
47 48 7
47 50 3
48 50 5
48 51 1
49 50 8
