0 1 3
0 3 10
0 7 3
0 9 4
0 10 9
0 11 9
0 12 4
0 13 5
0 14 6
0 15 5
0 18 8
0 19 4
0 20 7
0 21 6
0 22 3
0 24 6
0 25 10
0 26 1
0 27 3
0 29 6
0 30 5
0 31 10
0 35 1
1 3 6
1 4 2
1 6 3
1 9 3
1 10 10
1 12 2
1 13 5
1 14 1
1 16 7
1 19 10
1 20 6
1 22 10
1 23 1
1 25 8
1 26 8
1 27 5
1 28 10
1 29 7
1 30 8
1 33 4
1 36 10
2 10 7
2 12 7
2 15 10
2 16 3
2 17 9
2 19 10
2 21 3
2 22 3
2 24 4
2 25 6
2 28 5
2 29 4
2 30 6
2 31 3
2 33 7
2 36 3
3 10 8
3 11 5
3 12 3
3 16 6
3 17 1
3 19 2
3 21 1
3 25 5
3 26 6
3 27 9
3 28 6
3 30 8
3 31 8
3 33 3
3 35 4
3 36 2
4 5 4
4 7 1
4 11 2
4 13 5
4 15 5
4 19 2
4 22 8
4 28 8
4 30 4
4 31 6
4 33 6
4 34 5
5 7 5
5 8 5
5 9 3
5 10 8
5 11 5
5 14 4
5 15 8
5 16 3
5 19 9
5 22 2
5 24 6
5 25 8
5 28 10
5 32 3
5 33 2
5 34 2
6 7 3
6 8 7
6 9 7
6 10 5
6 13 3
6 14 10
6 15 5
6 18 3
6 23 8
6 26 5
6 28 1
6 30 7
6 31 3
6 32 4
6 33 1
6 34 10
6 35 6
6 36 5
7 9 7
7 10 1
7 13 9
7 14 1
7 15 2
7 18 4
7 20 7
7 21 2
7 23 9
7 24 6
7 29 8
7 30 10
7 32 10
7 33 6
7 34 3
8 10 9
8 15 10
8 16 8
8 17 10
8 18 4
8 21 4
8 24 5
8 25 5
8 28 7
8 35 6
9 10 8
9 16 3
9 17 8
9 18 1
9 20 8
9 23 2
9 25 2
9 33 6
9 34 5
9 36 4
10 14 7
10 15 8
10 16 8
10 17 5
10 20 8
10 25 6
10 28 6
10 29 9
10 34 4
11 16 6
11 19 1
11 20 3
11 21 8
11 23 10
11 24 7
11 25 7
11 26 6
11 28 10
11 30 8
11 34 7
12 14 1
12 15 6
12 18 6
12 19 1
12 22 4
12 23 3
12 24 4
12 25 10
12 27 2
12 28 1
12 30 9
12 33 2
12 34 2
13 17 3
13 18 5
13 19 8
13 21 9
13 22 5
13 23 9
13 27 10
13 28 3
13 29 4
13 30 10
13 31 8
14 16 9
14 17 2
14 18 6
14 20 9
14 22 8
14 24 8
14 25 5
14 26 9
14 27 7
14 31 4
14 32 2
14 35 7
15 17 7
15 19 3
15 22 10
15 25 5
15 27 4
15 28 5
15 29 10
15 30 4
15 33 10
15 34 3
15 35 10
16 19 3
16 20 1
16 21 10
16 23 6
16 25 1
16 26 1
16 27 8
16 28 4
16 30 6
16 33 4
17 22 3
17 25 8
17 27 4
17 28 9
17 29 9
17 31 8
17 33 7
17 36 7
18 21 8
18 24 8
18 25 3
18 26 2
18 27 2
18 29 8
18 32 4
18 34 5
18 35 1
19 20 10
19 21 5
19 29 10
19 33 5
20 21 2
20 27 10
20 30 6
20 35 7
21 23 7
21 24 9
21 26 3
21 27 2
21 28 10
21 30 2
21 34 4
22 23 9
22 24 1
22 26 7
22 28 7
22 29 5
22 30 4
22 32 9
22 33 4
22 36 3
23 24 10
23 25 2
23 26 5
23 28 4
23 29 10
23 33 3
23 34 6
24 26 8
24 28 7
24 29 7
24 32 4
24 33 5
24 34 8
24 35 6
25 26 10
25 27 6
25 28 4
25 32 8
25 33 6
25 35 4
25 36 6
26 31 9
26 33 2
26 36 7
27 28 1
27 29 3
27 32 5
27 33 10
28 29 8
28 33 3
28 34 5
28 35 6
29 30 1
29 31 6
29 34 8
30 34 9
30 35 10
31 32 6
31 34 9
32 34 10
32 35 5
32 36 7
33 34 8
33 35 5
33 36 8
34 36 8
