0 1 3
0 2 6
0 7 2
0 9 4
0 10 10
0 13 2
0 15 9
0 16 1
0 17 9
0 20 3
0 22 6
0 24 7
0 25 10
0 27 10
0 31 9
0 33 3
0 34 5
0 37 5
0 38 10
0 39 2
0 40 1
0 41 2
0 42 6
0 43 10
0 45 5
0 46 6
0 47 8
0 51 10
0 58 4
0 60 7
0 61 8
0 65 2
0 67 8
0 72 6
0 73 10
0 75 2
0 76 9
1 2 8
1 3 7
1 4 3
1 5 10
1 6 4
1 7 4
1 8 7
1 10 5
1 13 10
1 14 9
1 15 7
1 17 7
1 18 4
1 19 5
1 23 3
1 25 7
1 28 2
1 33 10
1 40 5
1 44 5
1 45 1
1 48 9
1 49 9
1 50 9
1 52 10
1 56 5
1 57 1
1 58 2
1 59 6
1 60 6
1 61 2
1 65 3
1 67 9
1 70 2
1 71 8
1 72 9
1 77 2
2 5 6
2 8 9
2 10 1
2 11 1
2 13 7
2 14 6
2 15 10
2 17 2
2 18 1
2 20 8
2 24 3
2 25 1
2 26 2
2 27 8
2 28 8
2 29 9
2 31 3
2 32 6
2 33 6
2 36 2
2 37 1
2 39 3
2 41 10
2 42 4
2 48 10
2 51 5
2 53 10
2 54 10
2 55 7
2 56 5
2 60 2
2 64 1
2 65 6
2 66 6
2 67 8
2 71 6
2 72 2
2 75 8
3 8 7
3 12 1
3 14 8
3 15 1
3 16 6
3 17 3
3 18 8
3 21 2
3 22 7
3 23 2
3 26 3
3 27 2
3 29 2
3 33 10
3 35 3
3 36 2
3 38 4
3 39 5
3 41 10
3 42 7
3 46 5
3 49 10
3 50 7
3 51 2
3 52 2
3 56 3
3 58 9
3 59 3
3 61 2
3 62 5
3 66 6
3 67 4
3 68 6
3 69 8
3 70 7
3 72 1
3 73 3
3 74 6
3 76 5
4 8 5
4 11 6
4 13 2
4 14 7
4 15 9
4 18 7
4 20 6
4 22 2
4 23 7
4 24 2
4 25 4
4 27 2
4 28 2
4 29 4
4 31 10
4 32 5
4 33 1
4 34 10
4 35 8
4 36 7
4 39 9
4 41 2
4 43 5
4 44 2
4 46 5
4 47 7
4 48 2
4 50 8
4 51 1
4 58 7
4 59 5
4 60 1
4 61 10
4 62 3
4 64 4
4 66 7
4 68 7
4 69 3
4 70 8
4 71 7
4 75 5
5 6 2
5 8 2
5 9 4
5 14 10
5 15 2
5 16 10
5 18 5
5 19 9
5 22 10
5 26 5
5 27 7
5 28 2
5 29 8
5 30 4
5 32 10
5 36 4
5 37 1
5 38 2
5 40 5
5 45 3
5 49 7
5 50 5
5 52 7
5 54 7
5 55 6
5 56 2
5 57 4
5 59 4
5 61 8
5 65 1
5 68 1
5 69 2
5 71 4
5 72 5
5 73 10
5 77 10
6 7 5
6 8 2
6 10 1
6 14 10
6 15 2
6 16 2
6 17 8
6 18 10
6 20 5
6 21 2
6 22 1
6 24 7
6 25 5
6 33 4
6 35 4
6 36 8
6 37 1
6 38 1
6 41 8
6 42 6
6 43 3
6 45 2
6 50 9
6 51 4
6 53 4
6 54 2
6 55 4
6 56 4
6 57 2
6 59 3
6 60 5
6 61 5
6 62 9
6 63 8
6 64 5
6 65 1
6 67 2
6 68 1
6 70 2
6 74 8
6 76 6
6 77 6
7 8 4
7 9 3
7 11 4
7 12 10
7 13 2
7 16 4
7 19 2
7 20 7
7 23 4
7 28 10
7 29 4
7 31 10
7 33 3
7 34 9
7 37 9
7 39 4
7 41 3
7 42 3
7 43 9
7 44 5
7 45 3
7 46 9
7 50 1
7 52 4
7 53 1
7 56 5
7 58 2
7 60 6
7 62 6
7 64 3
7 65 9
7 67 10
7 69 6
7 70 2
7 74 8
7 75 3
8 9 10
8 10 8
8 14 8
8 16 9
8 17 4
8 19 3
8 21 8
8 24 5
8 25 5
8 27 4
8 28 1
8 30 1
8 32 9
8 34 6
8 36 2
8 39 6
8 40 5
8 41 8
8 44 2
8 45 1
8 46 10
8 47 5
8 48 4
8 51 9
8 57 6
8 61 1
8 62 8
8 63 1
8 64 1
8 65 1
8 66 9
8 67 5
8 71 2
8 72 9
8 76 7
9 10 3
9 13 5
9 18 1
9 24 1
9 27 6
9 32 5
9 33 5
9 35 8
9 39 5
9 40 3
9 42 8
9 44 9
9 45 9
9 47 7
9 48 2
9 49 1
9 51 2
9 56 1
9 57 6
9 61 5
9 63 7
9 64 8
9 65 2
9 70 3
9 73 10
9 74 1
9 77 6
10 11 2
10 13 10
10 14 9
10 15 2
10 18 4
10 24 10
10 25 4
10 29 2
10 30 3
10 33 3
10 42 9
10 43 10
10 44 5
10 45 1
10 46 8
10 49 10
10 50 6
10 51 4
10 52 1
10 54 2
10 56 8
10 58 7
10 59 9
10 60 9
10 61 7
10 62 3
10 63 6
10 64 8
10 65 9
10 66 1
10 67 3
10 72 9
11 12 8
11 13 2
11 16 8
11 22 10
11 26 6
11 27 9
11 29 4
11 31 6
11 33 2
11 34 3
11 37 8
11 43 7
11 45 6
11 46 9
11 49 1
11 50 3
11 52 3
11 55 1
11 57 10
11 59 4
11 61 2
11 62 8
11 65 2
11 67 8
11 68 9
11 69 3
11 70 9
11 71 4
11 74 3
11 75 1
11 77 1
12 13 7
12 14 2
12 15 5
12 16 9
12 17 9
12 18 2
12 20 1
12 21 4
12 23 3
12 26 3
12 29 7
12 30 5
12 31 2
12 32 10
12 33 1
12 35 2
12 37 4
12 38 7
12 39 4
12 42 7
12 46 7
12 47 5
12 48 10
12 49 9
12 51 10
12 52 7
12 57 10
12 59 4
12 60 10
12 61 8
12 62 4
12 66 9
12 67 3
12 68 8
12 70 2
12 72 5
12 74 8
12 75 9
12 76 3
13 14 5
13 16 8
13 17 6
13 18 2
13 19 9
13 24 1
13 28 9
13 30 1
13 31 2
13 33 8
13 34 8
13 42 10
13 45 9
13 46 3
13 47 9
13 48 8
13 50 8
13 55 10
13 56 2
13 57 8
13 60 7
13 61 1
13 65 2
13 68 3
13 70 1
13 71 3
13 75 10
14 17 8
14 20 4
14 22 2
14 24 3
14 26 5
14 30 2
14 31 7
14 32 2
14 36 6
14 37 9
14 38 2
14 39 9
14 40 5
14 44 10
14 46 9
14 48 6
14 50 10
14 53 1
14 56 3
14 58 4
14 61 8
14 62 1
14 63 7
14 64 7
14 66 2
14 68 4
14 69 4
14 70 3
14 71 1
14 73 2
14 75 7
14 76 7
14 77 2
15 17 6
15 18 4
15 21 4
15 23 10
15 29 7
15 30 6
15 31 8
15 40 7
15 46 4
15 47 3
15 48 7
15 49 3
15 50 1
15 51 2
15 52 10
15 57 1
15 58 9
15 60 6
15 62 7
15 65 10
15 68 5
15 70 10
15 71 10
15 72 1
15 74 6
15 77 5
16 17 5
16 20 4
16 21 6
16 22 8
16 23 3
16 29 6
16 32 2
16 33 10
16 34 9
16 35 6
16 36 2
16 37 4
16 38 4
16 43 7
16 48 3
16 51 8
16 52 5
16 55 5
16 57 7
16 59 1
16 61 7
16 62 8
16 63 9
16 64 2
16 66 6
16 67 2
16 68 10
16 71 9
16 72 5
16 74 6
16 75 5
17 19 2
17 21 6
17 22 7
17 24 4
17 26 7
17 28 7
17 29 3
17 32 2
17 39 7
17 40 8
17 42 1
17 43 2
17 45 6
17 46 10
17 48 6
17 53 3
17 54 7
17 55 4
17 56 10
17 57 3
17 58 10
17 61 1
17 64 7
17 65 2
17 66 9
17 67 6
17 70 4
17 73 1
17 76 3
17 77 5
18 20 4
18 23 9
18 25 7
18 26 6
18 27 4
18 28 5
18 29 2
18 31 2
18 33 3
18 34 2
18 36 4
18 40 9
18 41 1
18 44 5
18 46 9
18 49 1
18 51 8
18 53 10
18 54 9
18 58 6
18 59 3
18 60 6
18 61 8
18 62 8
18 63 10
18 64 4
18 65 10
18 67 5
18 69 9
18 74 2
18 75 7
18 76 10
18 77 10
19 25 6
19 26 2
19 27 8
19 34 9
19 36 7
19 38 6
19 44 6
19 45 7
19 47 2
19 49 8
19 50 1
19 51 3
19 54 6
19 58 6
19 59 5
19 60 1
19 63 9
19 64 4
19 65 4
19 67 9
19 68 8
19 69 9
19 70 2
19 74 1
19 76 9
19 77 9
20 24 5
20 25 5
20 27 3
20 28 8
20 33 6
20 34 2
20 35 10
20 38 3
20 39 7
20 40 3
20 41 1
20 43 6
20 44 10
20 48 10
20 51 4
20 52 6
20 54 4
20 55 8
20 56 2
20 57 4
20 60 1
20 61 10
20 62 10
20 65 1
20 68 2
20 69 5
20 70 6
20 71 10
20 72 3
20 73 3
20 77 5
21 24 4
21 26 10
21 27 5
21 29 10
21 30 2
21 33 7
21 34 1
21 36 7
21 39 1
21 41 10
21 43 5
21 45 10
21 46 7
21 48 8
21 50 9
21 51 1
21 52 5
21 53 2
21 54 10
21 55 6
21 57 9
21 58 7
21 61 1
21 62 9
21 63 6
21 70 1
21 72 2
21 73 6
21 77 8
22 25 3
22 26 5
22 28 2
22 31 9
22 32 6
22 33 1
22 36 1
22 37 6
22 38 7
22 40 1
22 41 2
22 46 10
22 48 4
22 49 10
22 51 2
22 57 9
22 60 6
22 61 8
22 62 8
22 63 6
22 64 3
22 67 10
22 68 5
22 69 4
22 70 9
22 72 8
22 74 7
22 77 1
23 25 10
23 26 8
23 27 4
23 28 10
23 30 10
23 32 10
23 33 7
23 34 1
23 35 3
23 36 3
23 39 10
23 40 10
23 41 4
23 42 7
23 45 2
23 46 8
23 47 9
23 50 1
23 51 1
23 52 7
23 54 7
23 58 10
23 59 3
23 60 6
23 61 5
23 65 8
23 66 6
23 67 1
23 68 4
23 72 9
23 73 9
23 76 10
24 25 7
24 27 4
24 28 6
24 29 3
24 31 8
24 33 2
24 34 9
24 35 7
24 41 10
24 43 5
24 45 3
24 46 7
24 50 2
24 51 5
24 53 9
24 56 8
24 58 8
24 61 6
24 67 8
24 68 8
24 70 1
24 71 4
24 72 7
24 73 6
24 74 8
24 75 2
25 26 5
25 29 2
25 32 8
25 33 2
25 34 10
25 35 10
25 38 5
25 40 7
25 42 8
25 44 4
25 46 3
25 47 5
25 54 3
25 55 3
25 58 1
25 61 1
25 62 5
25 63 1
25 65 2
25 66 10
25 70 2
25 71 7
25 72 7
25 73 7
25 74 6
25 75 6
25 76 2
25 77 7
26 27 2
26 28 2
26 31 7
26 32 3
26 34 2
26 35 1
26 40 2
26 42 6
26 46 5
26 49 2
26 50 8
26 54 9
26 57 4
26 58 7
26 59 1
26 60 8
26 62 10
26 64 6
26 65 5
26 68 3
26 69 7
26 73 10
26 75 5
26 77 2
27 31 9
27 32 8
27 34 4
27 36 3
27 37 3
27 38 2
27 40 8
27 42 9
27 45 10
27 46 5
27 54 7
27 55 3
27 58 3
27 60 8
27 62 2
27 65 4
27 69 4
27 70 10
27 72 10
27 77 6
28 29 7
28 31 3
28 34 6
28 35 7
28 38 5
28 39 1
28 40 8
28 41 8
28 42 5
28 43 5
28 44 3
28 46 2
28 47 9
28 49 9
28 52 5
28 54 5
28 56 1
28 57 1
28 58 7
28 59 10
28 63 5
28 64 1
28 65 5
28 68 10
28 71 5
28 72 2
28 73 4
29 30 4
29 34 9
29 35 1
29 36 9
29 40 1
29 42 4
29 44 9
29 47 10
29 48 1
29 51 8
29 55 7
29 56 9
29 57 6
29 60 7
29 62 10
29 63 1
29 64 6
29 68 5
29 73 10
29 74 2
29 75 2
29 77 8
30 31 5
30 36 9
30 40 7
30 43 7
30 45 4
30 46 8
30 49 2
30 50 1
30 54 4
30 56 3
30 58 4
30 64 6
30 65 10
30 66 7
30 67 3
30 70 1
30 72 8
30 74 10
30 75 9
30 76 6
30 77 4
31 34 1
31 35 7
31 36 9
31 38 5
31 39 1
31 40 5
31 41 7
31 42 9
31 43 10
31 44 1
31 46 5
31 50 6
31 51 9
31 52 4
31 53 7
31 56 10
31 57 2
31 63 4
31 64 3
31 65 6
31 66 3
31 69 4
31 70 3
31 73 1
31 75 6
31 76 7
31 77 2
32 33 7
32 34 1
32 36 7
32 37 8
32 39 10
32 40 6
32 42 8
32 43 10
32 44 1
32 46 7
32 47 4
32 48 6
32 51 10
32 53 4
32 55 10
32 58 1
32 59 6
32 60 4
32 61 6
32 62 9
32 63 3
32 66 4
32 68 6
32 70 7
32 71 6
32 74 6
33 35 9
33 40 7
33 42 9
33 44 9
33 45 5
33 48 4
33 49 8
33 51 7
33 54 10
33 60 1
33 61 6
33 64 6
33 65 2
33 66 10
33 68 10
33 72 10
33 73 1
33 75 7
33 76 9
34 35 10
34 37 4
34 38 4
34 39 9
34 40 2
34 41 9
34 44 2
34 47 5
34 51 7
34 52 8
34 53 5
34 55 10
34 56 2
34 58 3
34 59 10
34 65 7
34 66 3
34 67 7
34 68 3
34 69 1
34 71 2
34 73 5
34 74 4
34 75 2
34 76 10
35 37 4
35 39 9
35 40 8
35 42 7
35 45 8
35 47 9
35 49 7
35 52 8
35 53 4
35 54 7
35 55 10
35 56 6
35 57 3
35 62 6
35 64 7
35 65 5
35 69 6
35 76 2
36 37 7
36 38 1
36 40 4
36 41 9
36 44 1
36 45 8
36 46 7
36 47 8
36 49 7
36 52 1
36 53 2
36 54 9
36 55 6
36 56 3
36 58 7
36 60 6
36 62 10
36 64 3
36 66 5
36 67 9
36 68 2
36 72 8
36 73 10
36 77 3
37 39 8
37 41 2
37 42 2
37 43 10
37 44 8
37 45 3
37 46 6
37 47 6
37 49 3
37 50 3
37 52 2
37 53 1
37 54 9
37 56 9
37 59 9
37 60 7
37 61 4
37 67 10
37 69 10
37 71 10
37 72 1
37 73 2
37 75 10
38 39 5
38 41 5
38 42 8
38 43 7
38 44 10
38 45 4
38 48 9
38 50 5
38 51 5
38 52 8
38 53 5
38 54 4
38 57 1
38 64 5
38 66 10
38 67 4
38 73 3
38 75 5
38 77 4
39 42 9
39 44 4
39 46 10
39 47 3
39 49 5
39 50 2
39 51 9
39 53 7
39 63 3
39 64 1
39 69 10
39 71 2
39 72 7
39 73 2
39 75 7
39 76 2
40 50 3
40 51 1
40 53 2
40 58 7
40 60 7
40 62 4
40 63 10
40 69 6
40 70 6
40 71 2
40 72 8
40 75 7
40 76 4
40 77 5
41 42 2
41 45 1
41 48 5
41 49 5
41 54 2
41 57 8
41 59 1
41 60 7
41 61 5
41 63 1
41 66 10
41 67 9
41 71 5
41 75 3
41 76 6
42 43 2
42 46 8
42 47 9
42 48 6
42 49 9
42 52 10
42 53 6
42 56 4
42 59 2
42 61 9
42 63 7
42 64 10
42 65 2
42 67 4
42 69 2
42 70 1
42 76 9
43 45 10
43 49 8
43 52 7
43 55 7
43 56 7
43 59 3
43 61 7
43 63 9
43 65 6
43 67 9
43 68 2
43 69 7
43 70 8
43 72 6
43 73 9
43 75 10
43 77 6
44 46 1
44 49 1
44 51 9
44 53 1
44 58 5
44 59 1
44 60 2
44 61 5
44 62 3
44 65 3
44 66 9
44 67 6
44 68 6
44 70 2
44 73 10
44 77 7
45 47 5
45 49 4
45 51 9
45 55 4
45 56 9
45 58 9
45 61 5
45 62 4
45 69 6
45 70 10
45 72 10
45 73 5
45 75 1
46 47 4
46 49 9
46 51 8
46 56 3
46 58 10
46 60 4
46 61 4
46 64 10
46 65 6
46 67 6
46 68 8
46 70 10
46 72 10
46 73 7
46 75 7
46 76 7
46 77 6
47 50 4
47 52 4
47 53 3
47 54 2
47 56 9
47 57 4
47 58 3
47 61 7
47 68 7
47 70 1
47 73 2
47 75 3
48 54 8
48 57 9
48 58 10
48 59 2
48 61 2
48 70 3
48 72 1
48 73 7
48 74 2
48 77 8
49 50 6
49 51 7
49 54 6
49 57 2
49 58 3
49 59 4
49 60 7
49 61 8
49 62 10
49 63 10
49 64 2
49 67 5
49 68 10
49 69 6
49 77 10
50 51 1
50 52 6
50 53 3
50 54 6
50 59 3
50 61 9
50 62 2
50 64 2
50 65 6
50 66 5
50 69 1
50 70 10
50 73 8
50 74 8
50 75 10
51 55 6
51 57 10
51 58 1
51 61 3
51 62 1
51 63 6
51 67 2
51 69 5
51 71 3
51 72 4
51 73 10
51 75 10
52 54 4
52 55 3
52 56 1
52 57 4
52 58 7
52 59 6
52 63 10
52 64 1
52 65 10
52 66 6
52 69 3
52 72 5
52 73 7
52 76 1
52 77 9
53 56 5
53 58 8
53 59 7
53 64 9
53 65 4
53 66 2
53 68 7
53 69 2
53 70 10
53 71 6
53 73 5
53 74 2
53 75 10
53 76 9
53 77 1
54 55 1
54 56 2
54 57 6
54 58 9
54 62 2
54 63 9
54 66 10
54 67 1
54 68 3
54 69 9
54 75 2
54 76 7
55 56 5
55 57 5
55 58 1
55 60 7
55 61 2
55 62 10
55 63 8
55 64 2
55 66 5
55 67 3
55 68 10
55 70 2
55 77 1
56 58 4
56 59 5
56 60 4
56 62 3
56 63 5
56 66 5
56 67 9
56 68 1
56 69 2
56 72 7
56 75 2
56 77 9
57 58 2
57 59 6
57 61 1
57 62 1
57 64 1
57 68 2
57 71 10
57 72 8
57 73 9
57 76 3
58 59 9
58 61 7
58 63 5
58 64 3
58 67 10
58 68 10
58 69 8
58 73 4
58 74 9
58 75 4
59 60 4
59 64 4
59 65 9
59 68 5
59 69 9
59 71 5
59 72 7
59 73 1
59 74 1
59 75 2
60 61 1
60 63 7
60 65 10
60 72 2
60 77 2
61 62 7
61 63 6
61 64 8
61 65 1
61 66 3
61 67 1
61 68 6
61 71 4
61 74 7
61 76 9
61 77 1
62 63 10
62 64 3
62 66 4
62 68 6
62 69 10
62 72 4
62 74 9
63 64 5
63 68 10
63 70 2
63 73 5
63 75 4
63 77 7
64 70 6
64 72 2
64 73 7
64 74 6
65 67 2
65 68 5
65 69 3
65 71 2
65 72 10
65 74 7
65 76 10
65 77 4
66 69 9
66 70 10
66 73 3
66 75 4
66 76 5
67 68 4
67 69 5
67 70 6
67 72 1
67 73 8
67 74 3
67 76 9
67 77 8
68 72 5
68 73 3
68 75 3
69 74 2
70 71 1
70 72 10
70 73 5
70 74 4
70 77 5
71 73 1
71 76 9
71 77 1
72 74 9
72 76 10
73 74 3
73 76 7
73 77 2
74 75 5
75 77 4
