30 234
0 4 3308
0 7 1280
0 8 5536
0 10 2224
0 11 288
0 13 5661
0 14 9874
0 15 4227
0 16 1025
0 17 1420
0 19 3923
0 21 8445
0 22 2416
0 23 1333
0 25 5370
0 26 6677
0 27 1110
0 28 1449
1 3 7462
1 4 3342
1 5 7145
1 6 677
1 8 51
1 10 3593
1 13 2138
1 14 9690
1 17 8887
1 19 2089
1 20 1745
1 22 4297
1 25 32
1 26 2207
1 29 4412
2 3 7927
2 4 4422
2 7 4951
2 9 2333
2 11 7773
2 13 7046
2 15 3999
2 19 6957
2 22 5107
2 25 1006
2 26 1426
2 27 3368
3 4 3701
3 5 5838
3 6 7131
3 7 779
3 9 3385
3 11 8770
3 12 7132
3 14 6457
3 17 5659
3 18 7367
3 19 1107
3 20 4346
3 21 6284
3 22 9820
3 23 3321
3 24 2882
3 25 9527
3 26 406
4 6 6132
4 7 6402
4 8 8191
4 9 6666
4 10 2974
4 12 4669
4 15 5461
4 16 4608
4 18 9854
4 19 4411
4 22 2000
4 23 5513
4 26 5982
4 29 4712
5 6 3886
5 7 6758
5 8 9076
5 9 6301
5 10 9777
5 11 548
5 12 2054
5 14 179
5 15 8999
5 17 9970
5 18 5874
5 19 8028
5 20 5346
5 22 101
5 23 6876
5 24 3227
5 25 8126
5 27 9840
6 7 5689
6 9 6857
6 13 9457
6 15 8064
6 16 8967
6 17 5585
6 21 8280
6 26 3010
6 28 4534
7 11 518
7 12 8786
7 14 1180
7 16 1022
7 17 3061
7 18 6373
7 20 9759
7 23 4720
7 25 3852
7 26 9351
7 27 8641
7 29 2692
8 10 7827
8 12 5278
8 13 5704
8 14 3814
8 16 4266
8 17 9224
8 18 390
8 19 5657
8 21 634
8 22 5747
8 25 2500
8 26 2883
8 28 6212
9 11 1779
9 13 8900
9 16 6538
9 18 4370
9 21 7566
9 22 2208
9 26 7872
9 29 2105
10 11 5358
10 12 5586
10 13 8175
10 15 3175
10 16 7956
10 17 7643
10 18 5930
10 23 592
10 25 3863
11 12 5554
11 13 7523
11 14 617
11 15 4192
11 16 7416
11 17 8286
11 19 6471
11 22 1328
11 23 6656
11 24 884
11 25 4281
11 26 2760
11 28 3232
12 15 4318
12 17 7142
12 22 9714
12 23 5035
12 24 3148
12 25 196
12 26 7717
12 28 5632
12 29 1194
13 14 4541
13 16 3453
13 19 8406
13 20 8827
13 21 3647
13 22 9538
13 25 2624
13 26 3284
13 27 206
14 17 439
14 18 1081
14 20 849
14 28 6278
14 29 5016
15 16 1767
15 19 3656
15 20 638
15 22 5486
15 25 8821
15 27 216
15 29 9866
16 18 7235
16 22 700
16 24 5793
16 26 7716
16 28 7928
16 29 1123
17 20 8753
17 21 6305
17 25 4298
17 26 8086
18 20 1353
18 21 8974
18 22 5163
18 26 1565
19 22 6029
19 24 9280
19 25 6509
19 27 1786
19 28 236
19 29 7489
20 22 9801
20 26 6543
21 23 9968
21 25 3050
21 26 9481
21 27 6009
21 28 2902
22 27 3565
22 28 3343
23 24 5415
23 25 7839
23 26 9685
23 27 7221
23 28 3819
23 29 2595
24 28 9779
24 29 4187
25 26 7862
25 28 9168
25 29 2976
26 28 3634
26 29 6998
27 28 3979
27 29 7970
28 29 2990
