0 5 9
0 6 9
0 7 6
0 9 7
0 12 5
0 13 4
0 15 4
0 18 3
0 23 1
0 25 3
0 26 9
0 27 5
0 30 5
0 31 1
0 32 8
0 35 3
0 37 7
0 40 9
0 42 3
0 43 6
0 45 9
0 47 6
0 49 7
0 50 7
0 55 8
0 57 9
0 59 5
0 60 6
0 65 3
0 66 8
0 67 3
1 2 4
1 3 7
1 4 5
1 5 1
1 7 4
1 10 10
1 11 8
1 19 7
1 20 8
1 21 6
1 23 7
1 24 1
1 27 10
1 30 6
1 31 2
1 34 3
1 35 1
1 36 5
1 38 3
1 39 5
1 41 8
1 43 4
1 44 4
1 46 8
1 47 7
1 48 2
1 49 5
1 50 8
1 51 4
1 56 10
1 60 6
1 61 10
1 64 5
1 65 2
1 68 8
1 72 9
2 3 7
2 4 6
2 7 4
2 9 5
2 14 9
2 21 6
2 23 4
2 25 3
2 26 6
2 29 1
2 31 7
2 32 9
2 34 4
2 38 10
2 40 6
2 44 6
2 45 5
2 46 6
2 50 7
2 51 6
2 52 10
2 53 8
2 54 1
2 56 7
2 58 9
2 59 8
2 60 4
2 61 8
2 62 7
2 63 8
2 64 6
2 65 8
2 71 2
3 5 7
3 7 4
3 12 3
3 14 3
3 16 6
3 17 5
3 19 4
3 22 3
3 23 2
3 25 6
3 26 1
3 27 9
3 28 10
3 29 4
3 30 4
3 33 6
3 35 9
3 36 7
3 38 2
3 41 4
3 44 6
3 49 10
3 50 5
3 51 6
3 53 4
3 55 7
3 61 1
3 62 9
3 63 5
3 64 8
3 66 5
3 68 3
3 70 9
4 5 7
4 6 10
4 10 8
4 11 1
4 12 5
4 16 10
4 17 4
4 21 9
4 22 6
4 24 10
4 25 4
4 27 7
4 28 1
4 31 6
4 32 3
4 33 7
4 34 8
4 37 9
4 38 3
4 40 4
4 41 2
4 42 9
4 44 5
4 45 2
4 47 1
4 48 2
4 50 8
4 52 10
4 55 10
4 56 8
4 57 10
4 58 10
4 60 6
4 63 8
4 72 5
5 11 3
5 14 6
5 15 8
5 17 1
5 18 6
5 19 8
5 20 8
5 21 2
5 22 2
5 23 1
5 24 2
5 26 10
5 29 6
5 30 6
5 34 1
5 35 10
5 39 5
5 40 1
5 44 8
5 46 2
5 48 9
5 50 3
5 51 9
5 52 8
5 54 3
5 55 7
5 58 7
5 59 2
5 67 6
5 69 7
5 70 5
5 71 8
6 7 5
6 8 9
6 9 1
6 12 6
6 18 5
6 21 8
6 22 3
6 26 1
6 27 1
6 33 4
6 35 8
6 39 7
6 41 8
6 42 6
6 43 1
6 44 2
6 45 5
6 46 9
6 47 10
6 48 8
6 50 9
6 52 1
6 54 9
6 55 10
6 58 10
6 59 10
6 60 2
6 61 2
6 62 7
6 63 8
6 64 8
6 65 7
6 66 4
6 67 6
6 68 3
6 71 7
6 72 5
7 9 2
7 12 2
7 13 7
7 17 3
7 18 2
7 21 3
7 25 7
7 26 5
7 27 6
7 29 1
7 30 2
7 31 6
7 35 5
7 39 4
7 42 6
7 50 7
7 53 8
7 54 3
7 55 2
7 56 6
7 57 4
7 62 2
7 63 8
7 65 4
7 68 2
8 11 7
8 12 9
8 13 7
8 16 3
8 17 3
8 21 6
8 23 8
8 25 7
8 26 3
8 27 7
8 28 1
8 30 4
8 31 2
8 32 1
8 35 2
8 36 9
8 37 5
8 43 2
8 44 1
8 52 8
8 54 5
8 56 2
8 58 3
8 60 10
8 62 9
8 66 3
8 69 1
8 71 3
8 72 10
9 11 3
9 13 8
9 14 7
9 18 1
9 19 8
9 21 5
9 22 9
9 26 7
9 28 5
9 29 10
9 30 1
9 31 6
9 36 4
9 39 4
9 41 7
9 42 5
9 43 9
9 45 10
9 46 3
9 49 9
9 51 1
9 52 5
9 53 10
9 55 3
9 56 1
9 57 9
9 63 10
9 64 6
9 66 8
9 68 4
9 70 2
9 72 3
10 11 9
10 12 8
10 14 9
10 15 9
10 16 8
10 17 8
10 18 10
10 19 3
10 23 7
10 24 8
10 29 9
10 31 8
10 34 2
10 35 2
10 37 6
10 39 2
10 40 2
10 42 5
10 48 7
10 55 7
10 58 7
10 60 3
10 61 1
10 65 4
10 68 8
10 69 2
10 70 8
10 71 1
11 13 8
11 14 2
11 17 1
11 19 10
11 20 7
11 21 7
11 22 10
11 23 1
11 25 5
11 33 9
11 35 9
11 38 5
11 39 10
11 40 1
11 41 5
11 42 8
11 44 4
11 48 2
11 49 3
11 50 8
11 53 5
11 54 4
11 55 7
11 56 4
11 59 9
11 60 5
11 61 2
11 63 3
11 65 5
11 68 7
12 13 2
12 14 6
12 16 10
12 23 10
12 24 8
12 25 6
12 29 7
12 30 1
12 37 10
12 38 5
12 41 2
12 42 4
12 43 1
12 46 6
12 48 1
12 49 10
12 53 10
12 54 9
12 55 9
12 56 10
12 58 7
12 61 5
12 62 5
12 63 8
12 64 7
12 65 1
12 67 3
12 68 1
12 71 6
13 14 10
13 15 7
13 18 6
13 19 4
13 21 10
13 22 5
13 25 6
13 27 10
13 30 6
13 32 4
13 35 2
13 40 2
13 41 6
13 42 9
13 44 2
13 46 8
13 48 9
13 49 10
13 50 3
13 51 7
13 56 4
13 58 9
13 59 2
13 60 9
13 61 2
13 63 6
13 64 1
13 69 9
13 71 5
14 15 7
14 16 2
14 17 2
14 19 1
14 23 3
14 24 8
14 26 4
14 27 4
14 28 9
14 30 10
14 32 6
14 33 1
14 34 4
14 35 9
14 37 1
14 38 1
14 39 9
14 42 8
14 43 1
14 45 6
14 46 3
14 47 3
14 48 4
14 49 9
14 50 6
14 51 1
14 53 9
14 55 1
14 59 8
14 60 7
14 61 7
14 63 3
14 66 7
14 67 4
14 71 10
15 16 5
15 22 6
15 24 1
15 25 1
15 31 4
15 32 2
15 35 6
15 37 1
15 38 6
15 40 7
15 41 7
15 43 10
15 45 8
15 50 1
15 51 8
15 53 8
15 54 5
15 56 9
15 57 1
15 58 9
15 59 4
15 60 10
15 63 6
15 64 9
15 66 2
15 67 5
15 68 10
15 69 3
15 72 4
16 17 5
16 21 2
16 23 9
16 24 5
16 25 5
16 27 10
16 29 3
16 30 7
16 32 2
16 33 8
16 34 8
16 35 6
16 36 2
16 38 4
16 40 1
16 45 1
16 48 2
16 49 10
16 50 2
16 51 6
16 58 10
16 61 5
16 64 1
16 66 1
16 67 6
16 68 7
16 70 4
16 71 8
17 18 8
17 19 5
17 23 4
17 24 9
17 32 9
17 34 8
17 36 4
17 37 4
17 39 10
17 41 8
17 42 5
17 43 8
17 44 5
17 45 9
17 46 4
17 48 3
17 49 3
17 50 4
17 53 7
17 54 5
17 56 7
17 58 7
17 61 10
17 66 9
17 71 6
18 22 5
18 23 8
18 24 1
18 25 5
18 27 10
18 28 7
18 29 8
18 31 4
18 33 1
18 34 5
18 35 9
18 36 2
18 38 9
18 39 7
18 40 7
18 42 2
18 43 2
18 44 9
18 45 3
18 46 9
18 47 10
18 48 1
18 52 1
18 55 2
18 60 10
18 62 10
18 63 4
18 64 3
18 65 5
18 66 9
18 67 10
18 68 5
18 69 8
18 70 3
19 23 1
19 25 5
19 27 8
19 28 6
19 29 7
19 30 3
19 34 2
19 40 8
19 41 6
19 43 7
19 44 9
19 45 8
19 46 2
19 50 2
19 55 2
19 56 2
19 58 7
19 68 4
19 72 2
20 21 7
20 24 7
20 26 3
20 27 10
20 30 8
20 32 5
20 35 2
20 36 6
20 37 4
20 40 2
20 43 5
20 44 1
20 46 7
20 47 5
20 49 4
20 50 3
20 52 5
20 55 5
20 56 8
20 57 5
20 59 10
20 60 1
20 61 1
20 65 6
20 66 4
20 71 2
21 23 10
21 25 7
21 27 7
21 29 4
21 33 8
21 37 3
21 38 3
21 39 4
21 42 1
21 43 10
21 47 8
21 48 10
21 49 6
21 54 5
21 58 8
21 60 1
21 63 10
21 66 4
21 67 5
21 68 10
21 70 9
21 71 4
22 23 9
22 24 3
22 26 5
22 28 3
22 30 4
22 33 4
22 34 5
22 35 6
22 37 2
22 40 7
22 41 10
22 45 3
22 46 3
22 47 3
22 49 7
22 53 6
22 54 5
22 55 9
22 56 6
22 61 10
22 62 2
22 63 5
22 64 2
22 65 8
22 67 3
22 68 2
22 69 4
22 70 3
22 71 8
23 26 6
23 27 6
23 32 9
23 33 8
23 37 10
23 38 8
23 41 1
23 42 1
23 44 4
23 45 6
23 49 7
23 50 1
23 51 10
23 54 6
23 55 7
23 56 1
23 57 6
23 59 9
23 60 1
23 62 9
23 63 9
23 64 1
23 66 10
23 67 8
23 70 5
24 30 7
24 35 1
24 38 6
24 40 8
24 43 2
24 44 3
24 45 6
24 49 3
24 53 8
24 56 2
24 57 10
24 58 7
24 65 2
24 66 8
24 71 7
24 72 2
25 28 2
25 31 4
25 32 3
25 40 3
25 41 3
25 43 3
25 46 2
25 47 5
25 53 6
25 54 4
25 55 3
25 57 1
25 59 10
25 60 7
25 61 10
25 62 5
25 63 5
25 64 9
25 66 6
25 69 3
25 70 8
26 27 10
26 35 6
26 40 9
26 41 6
26 44 9
26 45 5
26 46 4
26 47 2
26 48 10
26 49 6
26 51 2
26 52 4
26 53 5
26 54 10
26 58 4
26 60 10
26 62 8
26 63 9
26 64 3
26 67 2
26 68 2
26 72 5
27 32 7
27 37 7
27 39 5
27 43 8
27 50 4
27 52 8
27 53 3
27 54 5
27 55 10
27 56 1
27 57 10
27 59 5
27 61 5
27 63 10
27 64 6
27 65 4
27 67 5
27 68 5
27 69 1
27 70 5
27 72 9
28 33 3
28 36 9
28 39 10
28 40 9
28 42 8
28 43 1
28 51 6
28 59 3
28 60 7
28 64 10
28 65 9
28 66 3
28 68 3
28 72 9
29 30 8
29 31 3
29 36 1
29 37 2
29 39 1
29 41 9
29 42 6
29 43 6
29 46 4
29 48 2
29 49 2
29 51 8
29 52 2
29 53 8
29 54 3
29 56 4
29 57 1
29 59 7
29 60 7
29 62 3
29 63 1
29 64 2
29 66 10
29 68 8
29 69 8
29 70 2
29 72 1
30 32 10
30 33 10
30 35 5
30 36 8
30 42 9
30 43 1
30 44 2
30 46 1
30 47 10
30 49 6
30 50 9
30 52 10
30 53 5
30 54 6
30 55 2
30 59 10
30 63 5
30 66 9
30 69 3
30 70 8
30 71 7
30 72 4
31 34 1
31 35 10
31 37 9
31 39 10
31 41 5
31 44 9
31 47 2
31 49 4
31 50 6
31 52 1
31 54 2
31 55 7
31 56 5
31 57 5
31 64 6
31 66 1
31 67 6
31 68 9
31 70 1
32 33 2
32 35 6
32 37 10
32 38 1
32 41 8
32 42 7
32 43 5
32 44 6
32 45 2
32 47 6
32 50 1
32 52 5
32 54 2
32 55 2
32 58 1
32 59 8
32 61 3
32 62 2
32 64 7
32 65 1
32 67 6
32 68 2
32 70 9
32 71 10
33 34 5
33 35 9
33 38 8
33 40 5
33 41 10
33 43 9
33 46 1
33 47 9
33 49 8
33 51 1
33 52 6
33 54 10
33 55 9
33 57 4
33 59 9
33 62 5
33 63 3
33 64 2
33 65 4
33 67 9
33 68 4
33 69 5
33 71 9
33 72 7
34 38 10
34 39 7
34 40 1
34 44 9
34 45 3
34 47 9
34 49 2
34 51 9
34 53 9
34 58 3
34 60 8
34 64 1
34 66 9
34 68 2
34 71 6
35 39 5
35 41 9
35 42 6
35 43 10
35 46 7
35 47 3
35 50 1
35 52 7
35 54 7
35 55 4
35 56 9
35 57 9
35 59 6
35 61 8
35 63 2
35 65 1
35 66 2
35 69 1
35 70 1
35 72 7
36 38 8
36 42 4
36 44 4
36 46 10
36 47 8
36 50 2
36 52 5
36 55 5
36 56 2
36 57 5
36 64 9
36 66 7
36 67 7
36 68 7
36 70 10
36 72 5
37 39 8
37 46 3
37 47 8
37 48 2
37 51 4
37 54 9
37 55 6
37 56 10
37 57 10
37 59 8
37 60 6
37 61 1
37 62 2
37 66 3
37 72 6
38 40 7
38 41 5
38 42 7
38 43 5
38 47 10
38 53 5
38 54 10
38 55 4
38 56 3
38 58 8
38 60 4
38 63 6
38 66 10
38 67 4
38 68 1
38 69 8
38 70 6
39 40 4
39 41 4
39 43 7
39 45 10
39 46 6
39 47 2
39 48 1
39 52 5
39 56 9
39 58 10
39 60 1
39 61 2
39 62 2
39 69 2
39 70 8
40 42 8
40 44 5
40 48 2
40 52 3
40 53 10
40 55 6
40 56 7
40 57 7
40 58 1
40 61 6
40 62 5
40 63 2
40 64 9
40 66 10
40 67 3
40 69 9
40 70 6
41 42 8
41 44 7
41 46 9
41 47 2
41 50 8
41 53 2
41 55 8
41 57 6
41 59 6
41 60 3
41 63 7
41 65 7
41 66 5
41 67 7
41 68 7
41 69 8
41 72 7
42 44 3
42 45 6
42 49 3
42 54 2
42 55 3
42 56 2
42 58 6
42 59 7
42 62 9
42 64 3
42 65 9
42 67 6
42 68 4
42 69 2
42 71 2
42 72 6
43 46 2
43 47 4
43 50 2
43 51 6
43 53 9
43 58 8
43 59 9
43 67 1
43 69 9
43 72 5
44 45 9
44 47 8
44 48 3
44 49 6
44 50 4
44 51 2
44 54 8
44 55 1
44 56 5
44 57 2
44 58 8
44 59 10
44 61 10
44 63 3
44 64 2
44 65 10
44 67 4
44 68 6
44 71 1
45 50 5
45 51 8
45 54 10
45 55 3
45 58 6
45 59 8
45 60 5
45 62 5
45 63 1
45 64 7
45 65 9
45 66 4
45 67 8
45 68 5
45 69 2
45 70 3
46 47 1
46 49 3
46 51 7
46 53 4
46 54 7
46 55 1
46 56 10
46 57 6
46 59 4
46 60 6
46 63 4
46 66 4
46 68 3
46 71 7
47 51 1
47 52 10
47 53 7
47 54 1
47 55 4
47 57 6
47 58 5
47 60 1
47 64 8
47 65 10
47 67 7
47 69 10
47 71 7
47 72 3
48 52 10
48 53 4
48 54 5
48 56 3
48 58 2
48 60 2
48 63 5
48 64 4
48 65 4
48 66 2
48 67 4
48 69 5
48 70 8
48 71 3
49 53 10
49 54 9
49 55 4
49 56 1
49 58 9
49 62 10
49 63 4
49 66 1
49 67 9
49 69 7
49 72 7
50 51 7
50 52 9
50 53 9
50 54 6
50 55 1
50 57 6
50 58 4
50 61 9
50 62 7
50 64 1
50 66 2
50 68 2
50 69 10
50 70 1
50 71 6
51 53 8
51 56 3
51 57 9
51 58 1
51 59 10
51 62 10
51 66 7
51 67 1
51 68 6
51 69 6
51 70 2
51 72 7
52 56 3
52 57 4
52 59 8
52 61 6
52 62 10
52 67 9
52 71 6
52 72 1
53 54 6
53 58 2
53 65 8
53 67 4
53 68 9
53 69 4
53 70 5
53 72 1
54 57 4
54 58 2
54 60 10
54 61 1
54 62 7
54 64 7
54 66 7
54 68 5
54 71 6
54 72 2
55 56 1
55 58 10
55 61 9
55 62 4
55 71 7
56 61 3
56 67 9
56 70 7
56 72 2
57 60 8
57 61 8
57 63 9
57 67 4
57 68 3
57 69 3
57 72 8
58 61 8
58 62 9
58 63 9
58 66 4
58 71 9
59 60 5
59 61 3
59 63 2
59 64 3
59 65 5
59 68 9
59 69 3
59 72 5
60 61 6
60 62 2
60 63 7
60 66 3
60 67 7
60 68 6
60 70 2
61 65 9
61 66 8
61 67 5
61 70 3
62 63 4
62 66 8
62 67 4
62 68 2
62 70 6
63 64 3
63 68 8
63 70 4
63 72 4
64 67 10
64 68 6
64 69 1
64 70 9
65 66 9
66 67 10
66 69 3
66 70 3
67 70 8
67 72 2
68 70 9
68 72 5
71 72 6
