78 1487
0 2 9849
0 6 2076
0 8 4352
0 13 8430
0 14 7267
0 15 631
0 16 2278
0 19 9183
0 20 6118
0 21 2789
0 22 635
0 23 8980
0 24 3908
0 25 6719
0 27 4062
0 28 4500
0 29 161
0 30 8993
0 31 1832
0 32 1756
0 33 6887
0 34 4401
0 36 4422
0 39 6251
0 40 8669
0 45 8652
0 47 9380
0 55 8825
0 57 5084
0 58 6996
0 61 3653
0 63 1288
0 64 3337
0 66 9457
0 68 8690
0 69 8356
0 71 9585
0 72 1773
0 73 7242
0 75 5275
1 3 8852
1 4 8056
1 5 5615
1 6 7452
1 9 7591
1 16 645
1 21 8257
1 22 3747
1 25 6386
1 30 9140
1 31 7210
1 33 9737
1 35 8527
1 38 1935
1 39 7660
1 40 773
1 42 8027
1 43 2432
1 44 2685
1 46 486
1 47 6989
1 48 9862
1 51 8237
1 53 8833
1 54 7022
1 60 5988
1 63 1162
1 64 9653
1 65 3963
1 70 9625
1 71 2133
1 76 1705
2 5 2514
2 6 8390
2 8 7074
2 9 1060
2 10 8824
2 11 8745
2 12 4745
2 13 7889
2 14 4135
2 15 4476
2 19 9274
2 20 6990
2 21 1682
2 23 814
2 24 903
2 26 6019
2 27 3714
2 28 6715
2 30 8231
2 31 1002
2 33 5990
2 34 5693
2 36 889
2 38 4566
2 40 2997
2 42 9598
2 45 14
2 46 8143
2 47 3391
2 50 3001
2 51 9940
2 53 9539
2 55 8878
2 57 8610
2 60 4269
2 61 8300
2 65 4612
2 66 6574
2 70 2936
2 71 3067
2 73 7266
2 74 5979
2 75 438
2 76 1223
3 4 520
3 6 6254
3 10 6037
3 11 7027
3 13 2457
3 17 3885
3 18 7260
3 21 9649
3 24 978
3 26 3240
3 29 9682
3 30 2917
3 31 8240
3 32 2079
3 33 4465
3 34 7978
3 35 566
3 36 3960
3 39 6286
3 40 5190
3 45 1781
3 46 2522
3 47 937
3 48 1321
3 49 5470
3 52 1334
3 54 8560
3 55 302
3 57 3852
3 59 723
3 63 4293
3 64 9123
3 65 7860
3 68 4202
3 76 6288
4 6 7193
4 7 1676
4 8 5750
4 10 5871
4 11 4889
4 12 1893
4 15 7492
4 16 8792
4 19 1945
4 20 4813
4 21 3593
4 22 3517
4 24 5072
4 26 6331
4 28 6766
4 32 8910
4 35 5035
4 36 6453
4 37 7771
4 38 9537
4 39 8186
4 41 8293
4 44 3334
4 45 8849
4 46 6810
4 49 5777
4 50 4486
4 51 8072
4 52 3625
4 56 220
4 57 2319
4 58 6528
4 59 4702
4 63 4991
4 64 1229
4 65 7140
4 67 954
4 68 3761
4 69 4865
4 71 5937
4 72 7078
4 73 7330
4 74 8860
4 76 5946
4 77 6590
5 8 1231
5 9 5109
5 10 6402
5 14 5104
5 17 7900
5 19 1894
5 20 5018
5 24 1698
5 25 297
5 27 2847
5 28 3708
5 29 7752
5 32 4931
5 33 5753
5 34 1362
5 36 8277
5 37 1052
5 40 4746
5 42 3543
5 45 600
5 47 9343
5 48 7281
5 51 7325
5 53 1561
5 54 3966
5 56 9085
5 57 7116
5 58 3099
5 60 8547
5 63 766
5 64 5543
5 66 233
5 68 807
5 70 628
5 71 7335
5 73 7560
5 74 8786
5 76 2547
6 7 11
6 8 3091
6 10 8781
6 12 8169
6 13 4782
6 14 1264
6 17 6757
6 18 7815
6 19 2734
6 22 6649
6 23 9527
6 24 3917
6 26 9398
6 29 6962
6 31 7616
6 32 5983
6 38 7544
6 39 9244
6 41 1191
6 43 3480
6 48 7185
6 50 5062
6 51 6691
6 52 4816
6 53 9288
6 56 5834
6 58 6367
6 61 5447
6 62 3881
6 63 2313
6 64 8798
6 67 134
6 69 7351
6 70 6026
6 72 3390
7 8 1655
7 10 7920
7 13 5704
7 14 8497
7 15 9607
7 17 8008
7 23 3074
7 24 4776
7 25 7354
7 27 2111
7 29 179
7 31 2492
7 34 164
7 36 9440
7 38 176
7 39 5846
7 41 6463
7 46 5292
7 47 6846
7 48 7715
7 49 224
7 51 2544
7 54 5022
7 56 5394
7 57 2763
7 59 9574
7 61 3076
7 65 6256
7 66 8012
7 68 4895
7 69 9391
7 70 9636
7 72 9122
7 74 1253
7 76 602
7 77 7542
8 9 6398
8 10 9217
8 11 7618
8 13 9250
8 14 9191
8 18 8305
8 19 2717
8 20 3384
8 21 5683
8 22 5202
8 25 1898
8 28 9678
8 29 8148
8 30 5198
8 31 5826
8 32 3289
8 35 2119
8 36 630
8 37 7468
8 38 7693
8 40 8889
8 41 3536
8 42 9870
8 43 1451
8 46 8401
8 47 1405
8 50 8301
8 51 885
8 52 5926
8 54 2267
8 55 8273
8 57 9463
8 59 8114
8 60 5108
8 61 7766
8 62 4949
8 64 4893
8 67 132
8 69 4947
8 70 4593
8 72 3400
8 73 3437
8 74 2684
9 10 5395
9 11 9247
9 14 8348
9 16 2228
9 21 1695
9 23 9986
9 24 6278
9 26 7654
9 28 2793
9 32 7899
9 37 7615
9 38 9492
9 39 5325
9 44 2964
9 45 1296
9 46 7667
9 48 8932
9 49 3290
9 51 3275
9 52 9054
9 54 145
9 56 3024
9 64 5706
9 65 4697
9 67 2081
9 68 8370
9 70 8716
9 71 8444
9 73 3201
9 74 8275
9 77 3820
10 11 9478
10 12 428
10 15 39
10 16 5878
10 17 2489
10 22 1037
10 23 9513
10 25 8944
10 28 8309
10 30 540
10 33 475
10 35 2670
10 39 666
10 40 8011
10 43 4014
10 44 9279
10 46 5617
10 48 6618
10 50 448
10 55 7685
10 59 2100
10 61 1148
10 62 4092
10 63 6750
10 67 6919
10 68 7741
10 69 6400
10 73 994
10 75 9372
10 76 7538
10 77 4734
11 13 3959
11 14 9138
11 15 6556
11 19 4480
11 21 8217
11 22 7764
11 27 5716
11 31 5726
11 32 9287
11 33 6865
11 34 2690
11 35 8496
11 36 6131
11 37 3246
11 39 74
11 40 1128
11 44 9379
11 45 9709
11 47 5866
11 48 8205
11 49 9038
11 50 2839
11 55 4163
11 57 9969
11 58 1745
11 60 1958
11 61 8048
11 62 8593
11 63 4498
11 66 6292
11 67 6567
11 68 9538
11 70 4929
11 71 7534
11 76 4922
12 13 7726
12 14 3870
12 17 6414
12 21 1671
12 23 385
12 24 181
12 25 6692
12 27 6514
12 28 3055
12 29 7031
12 32 4415
12 34 5473
12 35 4839
12 37 2290
12 41 6586
12 42 4045
12 43 440
12 44 9906
12 45 150
12 46 1586
12 50 4541
12 51 5023
12 53 4551
12 54 3308
12 55 2181
12 58 2025
12 59 8454
12 60 4522
12 65 8809
12 66 5428
12 69 528
12 71 6027
12 72 4244
12 73 9754
12 74 2920
12 77 8493
13 14 7382
13 15 1315
13 17 1579
13 18 2878
13 20 2315
13 21 8094
13 24 7063
13 25 6643
13 29 9071
13 32 1588
13 33 1031
13 34 6038
13 35 7184
13 40 4071
13 41 5989
13 42 5803
13 43 1897
13 44 9358
13 45 1886
13 48 7725
13 51 2788
13 53 2901
13 54 1041
13 56 4436
13 63 9376
13 64 1175
13 66 2320
13 67 8762
13 72 7453
13 73 6674
13 76 3557
13 77 4513
14 15 4687
14 17 1608
14 18 5064
14 19 4012
14 21 6087
14 22 7480
14 25 8178
14 26 2533
14 33 5490
14 34 209
14 36 8950
14 38 4794
14 39 9037
14 41 5518
14 45 2719
14 50 7888
14 54 9446
14 55 930
14 56 976
14 57 581
14 59 1271
14 60 4601
14 61 9428
14 64 7319
14 65 4555
14 66 8785
14 67 6631
14 71 6527
14 74 328
15 16 9016
15 17 3981
15 19 5855
15 22 2399
15 24 2591
15 25 8872
15 27 9319
15 28 446
15 29 2744
15 34 3088
15 35 6201
15 37 1327
15 40 4748
15 42 312
15 46 9369
15 47 2061
15 49 9876
15 50 751
15 51 425
15 53 4262
15 56 9650
15 58 7142
15 59 7759
15 62 377
15 65 9306
15 69 6583
15 71 5824
15 75 4571
16 20 5775
16 21 8102
16 24 9400
16 26 4037
16 29 9081
16 35 9914
16 36 214
16 37 6965
16 38 6195
16 39 6115
16 43 9825
16 44 5867
16 46 7541
16 47 4506
16 48 2453
16 49 5397
16 50 3683
16 51 7799
16 53 4717
16 54 4315
16 55 3165
16 58 8555
16 59 271
16 62 4821
16 67 5663
16 71 7745
16 73 648
16 74 1254
16 76 3000
17 18 5864
17 19 6751
17 20 1672
17 22 5965
17 23 1953
17 25 6035
17 29 4303
17 31 7305
17 33 4484
17 34 6831
17 36 2460
17 39 6746
17 41 1139
17 42 7222
17 44 1212
17 47 6765
17 49 6549
17 52 950
17 53 6358
17 54 3552
17 56 1985
17 59 9551
17 60 2879
17 61 2033
17 62 7340
17 64 3217
17 65 5876
17 70 2356
17 71 5349
17 72 1039
17 74 6116
17 75 9332
18 19 6827
18 21 7928
18 22 7638
18 23 7092
18 24 2922
18 26 6966
18 27 9518
18 28 3786
18 29 4974
18 31 1422
18 34 2967
18 35 3352
18 40 8740
18 41 313
18 42 2223
18 45 4046
18 48 8665
18 49 8636
18 52 6998
18 54 1833
18 59 8816
18 61 1590
18 63 4549
18 65 5892
18 66 1881
18 68 2598
18 71 4101
18 72 5578
18 73 3701
18 74 9871
18 75 1790
19 21 3566
19 23 5724
19 25 869
19 26 1515
19 27 3696
19 28 3830
19 30 6422
19 32 7997
19 33 853
19 34 5906
19 36 4080
19 37 2375
19 38 474
19 39 8355
19 40 2064
19 41 8471
19 45 2946
19 47 5375
19 49 8774
19 54 5539
19 55 6654
19 57 8013
19 60 5257
19 65 4275
19 68 2208
19 69 286
19 72 888
19 73 9911
19 75 2123
20 23 8571
20 28 6550
20 32 5293
20 36 4278
20 37 3395
20 42 1810
20 43 4347
20 47 974
20 48 8322
20 50 9431
20 51 2673
20 53 3161
20 54 6684
20 57 2694
20 58 7962
20 66 17
20 67 3749
20 70 4291
20 75 8972
21 24 8152
21 25 7810
21 28 3514
21 29 4284
21 33 2568
21 35 8404
21 36 6371
21 37 1479
21 38 8366
21 39 8345
21 40 5253
21 41 3232
21 44 8691
21 46 2881
21 47 2553
21 48 4261
21 49 8035
21 57 6177
21 59 705
21 60 9613
21 61 9107
21 62 2332
21 66 6123
21 67 7499
21 68 8578
21 69 113
21 70 6431
21 71 2767
21 75 6457
21 76 7097
21 77 6752
22 23 6227
22 25 5743
22 29 9770
22 34 5282
22 37 1634
22 38 7657
22 41 6319
22 42 5996
22 43 2909
22 45 5231
22 48 9877
22 51 8558
22 54 4918
22 56 7708
22 59 8071
22 60 1585
22 61 1837
22 62 9116
22 65 8414
22 75 9286
22 76 6787
23 25 5138
23 28 7264
23 29 6309
23 30 2138
23 31 1556
23 35 6134
23 38 4971
23 42 5125
23 43 5302
23 45 7921
23 47 4775
23 50 1615
23 52 8002
23 54 1727
23 55 359
23 56 9702
23 64 3447
23 67 748
23 69 9401
23 71 614
23 72 831
23 73 3509
23 74 5151
23 75 2140
24 27 7789
24 28 4561
24 31 2288
24 32 9459
24 33 8741
24 37 1398
24 42 8666
24 48 1804
24 49 674
24 50 7970
24 54 2198
24 56 9791
24 57 7537
24 58 8874
24 60 7445
24 62 6855
24 64 3253
24 67 5389
24 68 4620
24 69 6055
24 70 6280
24 75 5351
25 27 1021
25 31 9584
25 32 8793
25 36 618
25 39 1348
25 40 897
25 42 9394
25 43 1731
25 44 1543
25 46 6150
25 47 595
25 49 9588
25 50 2255
25 51 139
25 52 2075
25 53 251
25 54 7169
25 57 1011
25 62 6896
25 64 3486
25 65 2777
25 66 5546
25 67 6044
25 71 1314
25 72 9890
25 74 8789
25 76 8853
26 29 4915
26 30 7302
26 32 412
26 34 409
26 36 1688
26 38 9669
26 39 7275
26 41 7400
26 42 9445
26 43 4777
26 44 668
26 46 924
26 47 611
26 48 7598
26 57 6949
26 58 8054
26 59 9548
26 60 4740
26 63 6028
26 66 6509
26 67 1675
26 69 2868
26 71 9481
26 72 307
26 73 909
26 74 33
27 28 3488
27 29 4804
27 30 5273
27 31 9992
27 35 3937
27 37 3957
27 38 7957
27 39 4173
27 40 8403
27 41 7780
27 42 2760
27 44 6405
27 45 7080
27 46 7893
27 51 4675
27 52 8947
27 55 2350
27 56 3238
27 57 5271
27 59 7477
27 61 774
27 62 3422
27 63 463
27 64 1635
27 65 4127
27 67 1506
27 70 4524
27 72 8189
27 75 5548
27 76 5197
27 77 3872
28 34 5932
28 37 4862
28 38 8481
28 41 3494
28 42 1170
28 45 3952
28 48 5386
28 49 2926
28 51 6936
28 52 3073
28 56 4004
28 60 4966
28 61 5467
28 62 3371
28 63 7192
28 67 6763
28 68 2626
28 69 6644
28 70 6639
29 30 2508
29 36 8733
29 37 5317
29 38 8892
29 39 2197
29 40 5958
29 42 7482
29 43 4320
29 45 8653
29 46 7111
29 47 5530
29 48 8647
29 49 473
29 50 432
29 51 1130
29 52 2019
29 53 6776
29 54 5464
29 57 683
29 58 9177
29 61 146
29 62 5557
29 67 7802
29 69 80
29 74 5863
29 76 3272
30 32 5171
30 34 6458
30 36 2559
30 37 1867
30 41 470
30 42 4156
30 44 656
30 45 413
30 46 5437
30 48 9226
30 49 8998
30 50 1449
30 51 5090
30 53 7350
30 54 2161
30 56 8523
30 60 7825
30 61 7687
30 62 5255
30 63 1278
30 67 7658
30 68 2975
30 74 1956
31 34 1069
31 38 1573
31 39 7358
31 40 5391
31 41 1135
31 42 2285
31 45 8039
31 48 6039
31 50 5306
31 52 5727
31 53 8023
31 55 9278
31 57 2843
31 58 282
31 59 9521
31 60 5281
31 63 3596
31 66 45
31 67 2022
31 69 1042
31 70 7775
31 72 9967
31 73 9436
31 76 3787
32 35 3836
32 36 9506
32 39 6369
32 41 98
32 42 7071
32 43 1951
32 44 7359
32 47 5708
32 48 8009
32 50 1545
32 51 4363
32 54 2577
32 59 3594
32 63 2655
32 66 246
32 67 4049
32 68 4377
32 71 5537
32 73 3845
32 74 4904
32 75 2757
32 76 7138
33 34 9034
33 35 2219
33 37 2819
33 39 5486
33 40 8704
33 45 7990
33 46 1541
33 50 4548
33 51 7930
33 53 5655
33 55 1778
33 57 3616
33 59 8861
33 60 6475
33 61 4948
33 63 3806
33 65 6728
33 66 6262
33 69 4151
33 70 7513
33 73 3425
33 75 9601
34 38 352
34 40 1610
34 42 7223
34 43 1365
34 46 8209
34 47 590
34 48 5636
34 49 5810
34 50 6132
34 51 8185
34 53 8999
34 55 279
34 57 7955
34 58 7778
34 60 6666
34 63 7213
34 64 1841
34 65 3247
34 66 4110
34 67 4701
34 69 4882
34 70 3771
34 75 5499
35 36 1504
35 37 4337
35 38 1003
35 40 9151
35 41 516
35 44 9273
35 45 3667
35 50 1678
35 51 636
35 52 9404
35 55 9200
35 56 9671
35 57 713
35 58 9468
35 59 3160
35 60 4572
35 61 3735
35 65 4885
35 67 8271
35 69 4557
35 70 7834
35 74 4651
35 75 8724
35 76 1485
35 77 1313
36 37 4765
36 42 7502
36 46 9616
36 50 7706
36 53 2191
36 56 58
36 57 8655
36 58 1844
36 60 6041
36 61 2581
36 64 450
36 65 6051
36 66 191
36 67 2982
36 68 3871
36 69 3343
36 75 9620
36 77 7357
37 39 3410
37 41 9221
37 53 1107
37 55 8407
37 58 9916
37 60 6642
37 61 1301
37 62 4196
37 65 7699
37 66 5487
37 67 88
37 69 2037
37 72 3797
37 74 7719
38 43 8894
38 44 2782
38 45 9039
38 46 9185
38 47 7926
38 48 5960
38 50 8269
38 53 4413
38 55 8790
38 57 6308
38 58 9830
38 59 9192
38 60 848
38 64 8908
38 65 5393
38 72 9057
38 74 8451
38 77 7398
39 41 6478
39 44 4709
39 45 877
39 46 2521
39 47 4961
39 48 497
39 49 3829
39 53 1084
39 54 7987
39 59 92
39 60 4094
39 61 4119
39 66 3824
39 67 8138
39 70 3823
39 72 5340
39 74 9854
39 75 238
39 77 2608
40 42 5541
40 44 9868
40 46 667
40 47 9772
40 53 5475
40 60 4192
40 61 4024
40 68 7977
40 69 5730
40 70 6113
40 71 6500
40 74 3680
40 75 5310
40 77 5567
41 44 4106
41 45 260
41 46 7024
41 47 5411
41 51 3703
41 53 3027
41 56 3309
41 57 6760
41 58 7875
41 59 3152
41 62 8314
41 63 431
41 66 6088
41 67 8349
41 68 2877
41 74 9885
41 77 72
42 46 551
42 55 496
42 56 8906
42 57 3470
42 58 2706
42 62 9498
42 64 2529
42 66 1845
42 67 7742
42 68 1967
42 69 5364
42 70 7998
42 71 2604
42 72 8826
42 73 3784
42 74 9002
42 75 3013
42 77 8688
43 44 9495
43 45 2482
43 46 2245
43 49 3672
43 50 5628
43 51 3559
43 52 8986
43 53 4857
43 55 1067
43 59 2991
43 63 2118
43 65 7641
43 66 9621
43 68 9444
43 73 8773
43 75 6009
44 45 7093
44 48 400
44 49 1780
44 53 6672
44 54 1614
44 55 1909
44 56 3181
44 58 7604
44 59 4155
44 60 3547
44 64 6611
44 65 3678
44 70 216
44 71 3107
44 72 5687
44 75 5409
44 76 3621
45 47 3218
45 49 416
45 51 7531
45 52 7806
45 53 2930
45 54 4844
45 56 9582
45 59 7832
45 60 8308
45 61 8461
45 62 301
45 67 1632
45 68 1652
45 70 71
45 71 7016
45 72 3759
45 75 8970
45 76 1825
46 47 254
46 49 1007
46 50 5095
46 51 5742
46 52 138
46 53 9029
46 54 2520
46 57 7283
46 58 1529
46 63 163
46 64 9049
46 68 694
46 69 3646
46 74 863
46 75 4796
46 76 2625
47 54 6637
47 55 6300
47 56 6592
47 60 5495
47 62 6161
47 65 9626
47 67 8737
47 70 4042
47 74 3560
47 76 6537
48 49 7590
48 50 7655
48 51 7575
48 52 9765
48 55 1000
48 60 6379
48 62 68
48 63 5635
48 68 5196
48 69 1908
48 70 5841
48 75 7410
48 76 4526
48 77 3182
49 50 3799
49 51 5260
49 52 7039
49 54 9614
49 57 8167
49 62 914
49 63 9007
49 64 5213
49 65 8219
49 66 1215
49 67 1915
49 69 4314
49 70 4086
49 72 5621
49 75 5963
49 76 6911
49 77 206
50 54 4880
50 55 4245
50 56 5886
50 57 584
50 58 7220
50 60 9681
50 61 7637
50 63 1759
50 64 5366
50 67 2497
50 69 8779
50 73 7245
50 74 2973
50 76 5060
50 77 4060
51 52 6997
51 55 2618
51 56 1388
51 58 4102
51 59 2167
51 60 7922
51 62 1323
51 63 2443
51 64 9068
51 66 5872
51 67 1828
51 68 6480
51 70 6857
51 71 2602
51 73 1400
51 74 9186
51 75 1375
51 76 5592
52 53 6483
52 54 5675
52 55 4034
52 56 6350
52 58 4590
52 61 1124
52 63 3785
52 64 7369
52 67 4073
52 71 426
52 72 7386
52 73 4324
52 74 7064
52 76 5163
52 77 8828
53 55 4760
53 56 7634
53 59 5565
53 60 5643
53 61 1203
53 63 5618
53 64 2787
53 66 5294
53 68 1263
53 71 4334
53 72 8509
53 75 1269
53 76 731
54 55 7824
54 56 8045
54 57 5995
54 59 54
54 61 8819
54 62 3640
54 66 6250
54 68 2523
54 69 2691
54 72 4206
54 73 4810
54 74 6206
54 75 2094
55 57 3104
55 58 5254
55 61 7940
55 63 9105
55 65 733
55 67 5182
55 71 9920
55 76 108
56 57 3941
56 62 4138
56 63 1637
56 64 3462
56 66 4208
56 72 6259
56 73 6503
56 74 5406
56 75 7656
56 76 4167
57 58 8495
57 59 218
57 60 4438
57 63 4459
57 64 6507
57 65 8597
57 66 737
57 67 7680
57 69 672
57 70 2605
57 76 2914
57 77 545
58 62 828
58 63 2463
58 64 2020
58 65 3508
58 68 7072
58 71 4953
58 74 405
58 75 740
59 60 1977
59 62 7467
59 63 9165
59 70 2516
59 73 4189
59 74 6451
59 76 811
59 77 9326
60 61 7042
60 63 8530
60 66 1064
60 68 1309
60 69 9162
60 71 3426
60 73 1691
60 76 4389
61 63 1075
61 64 6868
61 65 5331
61 66 192
61 73 1499
61 74 3905
61 76 2502
61 77 8675
62 64 5432
62 66 5013
62 67 3317
62 68 6727
62 69 2613
62 70 5129
62 71 8434
62 72 6477
62 73 604
63 64 6080
63 66 3474
63 67 6415
63 69 1184
63 70 1820
63 71 1648
64 69 3171
64 76 4280
65 68 1034
65 69 1710
65 70 494
65 73 3765
66 68 1572
66 69 6738
66 70 9482
66 72 2873
66 75 2422
67 68 3896
67 70 5529
67 74 5898
68 69 7519
68 71 6214
68 72 5915
68 74 9696
68 76 2988
69 71 9098
69 73 4120
69 75 8838
69 76 1450
69 77 4211
70 72 6202
70 76 2503
71 72 1822
71 74 2305
71 75 5350
71 76 6576
72 73 8822
73 76 4457
75 76 2532
75 77 5952
