32 259
0 1 5363
0 3 3486
0 5 9339
0 7 8579
0 9 2174
0 10 872
0 11 392
0 13 7180
0 14 2459
0 15 2321
0 16 6845
0 18 6829
0 19 2190
0 20 3405
0 26 7198
0 28 7996
0 31 5286
1 3 9088
1 4 3377
1 5 4936
1 6 168
1 9 6611
1 11 4480
1 12 433
1 13 7427
1 16 8153
1 18 7248
1 21 4262
1 22 658
1 23 1205
1 27 123
1 30 1442
2 3 4087
2 5 8458
2 7 9613
2 8 3520
2 9 8305
2 14 6505
2 15 8367
2 17 6278
2 20 9322
2 28 661
2 29 9776
2 31 7309
3 7 2137
3 9 2317
3 10 6350
3 11 2062
3 12 6981
3 13 6779
3 16 4719
3 18 688
3 19 2155
3 21 9977
3 22 9838
3 27 9074
3 28 4392
3 30 6384
3 31 199
4 5 174
4 6 4887
4 8 683
4 9 4242
4 12 8647
4 13 8881
4 15 1846
4 16 1259
4 20 9456
4 21 8373
4 24 2395
4 25 8650
4 27 5164
4 29 467
4 30 9925
4 31 6472
5 6 6842
5 8 626
5 10 5557
5 13 3068
5 15 3379
5 16 4950
5 17 9492
5 18 1852
5 21 2522
5 22 9099
5 23 1240
5 25 8072
5 28 7710
5 29 2315
6 7 5209
6 9 1249
6 10 4855
6 11 1687
6 14 2239
6 15 3610
6 17 8493
6 18 7717
6 20 9197
6 21 2022
6 22 1858
6 23 6732
6 24 6942
6 29 9501
6 30 6562
7 9 5270
7 10 4192
7 15 3137
7 16 5561
7 17 1466
7 20 8812
7 22 9937
7 23 2702
7 26 4619
7 27 6998
7 30 7190
8 9 5927
8 10 1961
8 11 2444
8 14 1701
8 16 6857
8 17 8286
8 19 8031
8 21 8368
8 22 8500
8 23 9814
8 25 6988
8 26 7112
8 27 9892
8 29 6371
8 30 469
8 31 9675
9 17 6792
9 19 3895
9 20 4527
9 23 7170
9 24 2512
9 25 7761
9 28 2761
9 29 8898
9 30 5826
9 31 7604
10 11 6704
10 12 31
10 13 256
10 15 1185
10 20 6035
10 21 2633
10 22 7244
10 23 3755
10 26 4336
10 28 7336
10 30 9060
11 13 2863
11 14 8164
11 15 2926
11 19 7366
11 23 9641
11 25 8204
11 29 3702
11 30 3035
11 31 9117
12 14 8336
12 23 4404
12 25 5033
12 27 4738
12 30 7466
12 31 2047
13 14 2135
13 15 4082
13 16 7968
13 17 7549
13 19 2119
13 22 2562
13 24 7960
13 25 2467
13 26 9447
13 28 6833
13 30 9487
14 17 8159
14 19 3630
14 22 887
14 23 1438
14 25 3957
14 27 1476
14 29 8676
14 30 251
14 31 9611
15 18 8985
15 21 2588
15 28 7087
15 29 2958
15 31 9041
16 17 614
16 20 8912
16 21 470
16 22 7757
16 23 893
16 30 2900
17 18 157
17 21 916
17 22 9902
17 23 340
17 24 2836
17 26 8343
17 29 148
17 30 7616
17 31 5229
18 20 8408
18 23 959
18 24 4518
18 26 7271
18 27 8479
18 29 1250
18 30 1912
19 20 4640
19 21 1469
19 22 9208
19 23 9793
19 24 6934
19 26 8335
19 29 1296
19 31 8447
20 23 3427
20 24 771
20 25 7594
20 28 6241
21 22 7781
21 24 6805
21 27 7783
21 30 8470
22 23 4894
22 24 9258
22 25 4873
22 26 7801
22 28 6082
22 31 9368
23 24 6180
23 25 2308
23 27 1391
23 29 5489
23 30 6475
23 31 3848
24 26 6585
24 27 8055
24 28 7699
24 29 7718
24 30 6588
24 31 8021
25 26 9321
25 27 9729
25 28 1587
26 28 2131
27 28 9033
27 29 1367
27 30 9212
28 29 3051
28 30 4220
28 31 5885
29 31 2219
