78 1497
0 1 9
0 3 10
0 5 6
0 8 1
0 12 1
0 13 8
0 19 10
0 20 6
0 21 7
0 23 5
0 30 7
0 36 7
0 38 3
0 39 5
0 40 4
0 41 8
0 45 10
0 46 1
0 48 7
0 49 5
0 50 3
0 53 6
0 55 7
0 56 10
0 59 2
0 62 5
0 63 7
0 64 1
0 65 10
0 66 9
0 67 6
0 68 9
0 69 8
0 71 5
0 73 5
0 74 1
1 2 10
1 5 10
1 6 9
1 7 1
1 8 10
1 9 4
1 13 5
1 14 10
1 15 1
1 17 6
1 18 9
1 21 7
1 22 6
1 23 2
1 24 2
1 26 10
1 30 3
1 33 7
1 34 3
1 38 6
1 39 5
1 40 5
1 41 2
1 43 8
1 44 7
1 45 4
1 46 4
1 48 4
1 49 7
1 51 10
1 52 10
1 58 8
1 65 2
1 66 6
1 67 6
1 71 3
1 72 1
1 73 1
1 74 3
2 3 9
2 6 3
2 7 7
2 9 4
2 10 2
2 13 4
2 14 3
2 15 9
2 17 3
2 18 5
2 20 9
2 22 5
2 28 8
2 29 4
2 31 6
2 32 8
2 33 2
2 34 3
2 35 8
2 37 2
2 40 8
2 41 1
2 43 9
2 45 10
2 46 4
2 48 8
2 52 4
2 63 7
2 64 7
2 66 8
2 70 6
2 72 5
2 75 2
2 77 10
3 4 8
3 5 2
3 8 5
3 9 6
3 10 4
3 17 8
3 19 9
3 21 6
3 22 10
3 24 6
3 25 1
3 26 1
3 28 7
3 30 2
3 32 9
3 33 4
3 38 2
3 41 2
3 43 10
3 45 2
3 46 7
3 47 2
3 49 6
3 50 1
3 52 9
3 54 8
3 57 8
3 58 4
3 59 9
3 60 1
3 61 10
3 63 8
3 64 10
3 68 4
3 71 1
3 72 6
3 74 7
3 76 1
4 9 3
4 10 1
4 12 4
4 14 5
4 15 8
4 19 1
4 20 5
4 23 10
4 24 10
4 25 5
4 26 6
4 28 2
4 39 5
4 40 8
4 41 5
4 43 10
4 45 4
4 49 4
4 50 9
4 51 7
4 54 10
4 57 8
4 58 5
4 60 3
4 65 7
4 66 1
4 67 2
4 69 4
4 70 7
4 71 6
4 73 4
4 77 7
5 9 7
5 10 5
5 11 4
5 12 4
5 14 2
5 17 6
5 20 2
5 26 10
5 28 5
5 29 1
5 30 9
5 32 4
5 35 10
5 41 2
5 44 3
5 48 1
5 49 4
5 50 1
5 51 10
5 52 8
5 53 5
5 56 3
5 57 1
5 58 5
5 60 8
5 63 10
5 66 5
5 68 6
5 71 4
5 72 8
5 73 4
5 75 9
5 76 5
6 7 3
6 10 5
6 16 4
6 20 9
6 21 5
6 23 3
6 25 9
6 29 10
6 32 7
6 33 9
6 34 4
6 35 6
6 36 7
6 37 3
6 41 4
6 44 4
6 45 8
6 46 9
6 48 3
6 51 10
6 52 2
6 55 8
6 57 9
6 58 9
6 59 5
6 60 3
6 65 1
6 69 10
6 70 4
6 72 10
6 75 7
7 8 10
7 9 4
7 10 1
7 11 3
7 13 6
7 14 2
7 17 1
7 20 9
7 23 2
7 24 1
7 25 6
7 26 6
7 28 6
7 33 8
7 37 6
7 38 6
7 39 5
7 40 7
7 42 6
7 43 5
7 44 5
7 46 3
7 47 8
7 48 6
7 49 6
7 52 2
7 56 3
7 57 5
7 58 3
7 63 2
7 64 8
7 67 3
7 68 9
7 71 1
7 72 4
7 74 6
7 75 2
7 76 2
8 10 1
8 12 8
8 13 5
8 16 8
8 17 3
8 18 9
8 21 2
8 22 3
8 28 2
8 29 9
8 31 10
8 33 3
8 35 9
8 36 4
8 38 2
8 39 8
8 40 9
8 49 9
8 50 3
8 53 8
8 54 1
8 56 4
8 57 10
8 59 9
8 60 7
8 65 10
8 67 7
8 68 6
8 69 7
8 71 8
8 72 6
8 76 1
9 12 1
9 14 1
9 16 9
9 17 10
9 20 3
9 21 4
9 23 3
9 30 10
9 31 5
9 34 8
9 35 1
9 38 7
9 39 7
9 40 5
9 41 1
9 43 5
9 45 9
9 51 8
9 57 9
9 58 5
9 64 7
9 65 2
9 66 3
9 67 5
9 68 7
9 69 8
9 71 10
9 72 3
9 73 9
10 11 9
10 12 7
10 16 6
10 22 7
10 28 3
10 29 6
10 33 5
10 34 10
10 35 3
10 39 8
10 40 9
10 48 7
10 50 9
10 51 10
10 54 4
10 56 7
10 57 6
10 58 10
10 59 10
10 60 1
10 63 6
10 64 5
10 65 6
10 66 5
10 71 6
10 72 7
10 75 10
10 76 10
11 14 2
11 16 7
11 17 1
11 18 9
11 19 9
11 23 4
11 24 6
11 25 1
11 26 8
11 34 6
11 37 8
11 38 5
11 40 7
11 41 6
11 42 2
11 45 10
11 47 1
11 48 9
11 49 5
11 51 8
11 55 1
11 56 10
11 59 7
11 60 2
11 61 10
11 62 2
11 63 3
11 64 4
11 65 6
11 67 4
11 68 8
11 70 3
11 72 2
11 73 2
11 74 10
11 75 7
12 15 5
12 16 9
12 19 5
12 21 3
12 22 5
12 23 6
12 24 1
12 25 8
12 28 2
12 32 2
12 33 10
12 34 5
12 35 6
12 37 2
12 38 3
12 39 5
12 41 10
12 43 1
12 44 1
12 45 10
12 46 9
12 47 8
12 49 1
12 50 1
12 51 9
12 52 3
12 57 6
12 58 1
12 59 1
12 61 8
12 62 10
12 65 7
12 67 3
12 68 3
12 69 10
12 71 1
12 73 10
12 75 4
12 76 5
13 15 5
13 16 9
13 17 8
13 19 1
13 21 1
13 23 6
13 25 9
13 28 9
13 30 8
13 31 9
13 32 2
13 33 10
13 35 10
13 38 7
13 40 3
13 41 9
13 42 3
13 44 4
13 46 6
13 47 9
13 48 1
13 49 2
13 50 6
13 51 1
13 52 1
13 54 4
13 55 8
13 59 8
13 62 9
13 67 3
13 68 1
13 69 5
13 70 2
13 71 5
13 72 8
13 73 1
13 74 3
13 75 8
13 77 5
14 16 1
14 19 8
14 21 5
14 22 7
14 23 5
14 29 10
14 31 10
14 32 7
14 33 6
14 35 6
14 36 9
14 37 7
14 40 7
14 42 9
14 49 10
14 50 7
14 51 7
14 55 10
14 56 8
14 57 6
14 58 3
14 60 7
14 65 10
14 66 4
14 68 10
14 71 7
14 72 10
14 73 3
14 75 5
15 17 8
15 23 5
15 30 2
15 31 3
15 32 8
15 35 4
15 38 10
15 40 4
15 43 8
15 45 2
15 47 1
15 48 5
15 49 9
15 54 7
15 55 4
15 56 10
15 57 10
15 61 1
15 64 5
15 67 3
15 68 1
15 69 6
15 74 1
15 75 10
15 76 6
16 17 6
16 18 6
16 19 2
16 20 6
16 21 10
16 22 5
16 25 9
16 26 3
16 28 3
16 30 9
16 31 6
16 32 4
16 33 10
16 34 1
16 36 8
16 40 5
16 41 7
16 43 7
16 47 10
16 48 8
16 51 9
16 52 8
16 54 10
16 57 3
16 59 7
16 61 7
16 64 4
16 65 10
16 66 1
16 69 8
16 70 2
16 73 3
16 75 7
16 77 6
17 18 8
17 19 7
17 20 6
17 21 9
17 22 2
17 23 3
17 26 2
17 27 7
17 30 1
17 33 5
17 34 2
17 36 5
17 37 6
17 38 9
17 39 3
17 40 8
17 42 1
17 46 1
17 48 10
17 49 5
17 51 7
17 53 5
17 54 10
17 56 4
17 57 1
17 58 4
17 59 1
17 60 1
17 61 9
17 65 3
17 66 1
17 67 1
17 70 3
17 72 2
17 73 9
17 74 7
17 75 4
17 77 4
18 20 1
18 24 5
18 25 2
18 26 2
18 32 6
18 33 2
18 34 1
18 35 6
18 36 9
18 37 5
18 39 3
18 40 9
18 42 6
18 43 5
18 46 3
18 48 10
18 50 8
18 53 6
18 56 8
18 58 7
18 59 2
18 60 10
18 62 1
18 64 4
18 65 6
18 68 9
18 69 5
18 72 2
18 74 1
18 76 1
19 21 7
19 23 6
19 26 7
19 29 10
19 30 9
19 34 10
19 37 3
19 38 10
19 39 7
19 40 10
19 41 9
19 43 2
19 46 1
19 47 6
19 49 10
19 55 10
19 57 4
19 58 5
19 59 7
19 61 1
19 62 10
19 63 7
19 70 5
19 74 6
19 75 6
19 76 8
19 77 1
20 21 8
20 24 6
20 30 5
20 35 5
20 38 3
20 39 9
20 41 6
20 42 8
20 46 2
20 47 8
20 53 5
20 57 3
20 60 1
20 61 7
20 62 10
20 63 10
20 64 1
20 65 3
20 69 1
20 70 8
21 22 5
21 25 8
21 26 9
21 27 2
21 30 10
21 32 2
21 34 5
21 38 7
21 39 3
21 41 3
21 42 6
21 43 5
21 45 8
21 46 9
21 48 10
21 49 4
21 51 2
21 55 8
21 58 4
21 60 7
21 61 6
21 62 7
21 63 1
21 65 6
21 66 6
21 67 8
21 71 7
21 74 6
21 76 3
21 77 6
22 24 2
22 28 7
22 29 2
22 31 10
22 33 6
22 35 8
22 37 7
22 38 2
22 39 5
22 40 7
22 42 3
22 46 2
22 47 7
22 48 2
22 49 9
22 50 5
22 52 5
22 60 9
22 61 2
22 63 2
22 68 6
22 71 7
22 73 10
22 74 1
22 75 10
23 24 3
23 25 8
23 28 3
23 29 6
23 30 7
23 31 9
23 32 2
23 33 4
23 36 8
23 40 4
23 41 4
23 42 8
23 43 4
23 44 7
23 46 6
23 47 10
23 50 2
23 51 3
23 52 8
23 54 10
23 55 3
23 57 10
23 61 1
23 63 2
23 65 7
23 66 6
23 67 1
23 71 7
23 73 9
23 74 8
23 75 7
23 76 2
24 27 7
24 28 10
24 30 1
24 32 2
24 33 6
24 40 8
24 46 10
24 47 2
24 48 10
24 50 10
24 51 6
24 52 3
24 54 5
24 57 1
24 60 2
24 61 1
24 64 5
24 67 6
24 69 1
24 70 4
24 71 4
24 72 5
24 76 7
25 34 8
25 35 2
25 36 10
25 40 7
25 42 10
25 44 5
25 45 2
25 46 3
25 47 4
25 49 3
25 52 3
25 53 7
25 54 5
25 55 3
25 57 4
25 60 10
25 61 10
25 62 7
25 63 2
25 67 2
25 69 1
25 71 10
25 72 3
25 76 9
26 29 4
26 33 4
26 38 9
26 40 3
26 41 10
26 43 4
26 44 7
26 46 6
26 51 6
26 52 2
26 53 5
26 55 3
26 56 6
26 58 10
26 63 3
26 65 1
26 66 9
26 74 10
26 75 9
26 76 3
26 77 2
27 29 7
27 33 3
27 34 1
27 36 6
27 39 1
27 42 6
27 43 1
27 45 5
27 48 6
27 51 2
27 52 9
27 53 10
27 55 5
27 56 5
27 57 2
27 59 1
27 60 5
27 62 7
27 63 5
27 66 1
27 69 4
27 70 4
27 73 10
27 77 4
28 29 2
28 30 2
28 31 3
28 32 1
28 35 8
28 36 7
28 37 6
28 41 7
28 42 2
28 43 1
28 45 9
28 46 5
28 48 4
28 52 3
28 53 5
28 54 6
28 56 5
28 58 6
28 60 5
28 61 6
28 62 1
28 63 3
28 64 6
28 65 5
28 67 5
28 68 8
28 70 6
28 71 4
28 73 1
28 74 3
28 77 6
29 30 3
29 31 2
29 32 9
29 38 8
29 40 6
29 41 8
29 43 4
29 45 9
29 51 10
29 53 2
29 58 3
29 59 4
29 60 4
29 62 4
29 63 2
29 67 6
29 70 2
29 71 2
29 72 6
29 73 3
29 74 4
29 75 2
29 76 9
30 32 1
30 33 2
30 34 9
30 36 8
30 37 5
30 41 8
30 42 8
30 43 4
30 46 6
30 48 1
30 50 3
30 51 5
30 52 10
30 53 8
30 55 2
30 58 4
30 59 8
30 60 9
30 63 6
30 64 4
30 65 5
30 66 10
30 67 9
30 68 1
30 69 5
30 72 5
30 74 8
30 75 9
31 32 10
31 33 8
31 34 2
31 35 2
31 37 4
31 38 4
31 39 1
31 40 4
31 42 6
31 44 1
31 45 9
31 47 4
31 48 9
31 50 4
31 53 9
31 54 5
31 57 5
31 58 5
31 61 6
31 62 4
31 63 9
31 66 2
31 67 6
31 70 10
31 72 10
31 74 8
31 75 8
31 77 5
32 33 4
32 34 6
32 35 6
32 37 3
32 39 9
32 40 2
32 41 4
32 42 10
32 43 3
32 44 7
32 45 5
32 46 8
32 47 9
32 48 5
32 52 10
32 54 1
32 58 4
32 62 2
32 63 1
32 66 6
32 67 1
32 73 5
32 74 6
32 76 7
33 35 1
33 36 1
33 37 9
33 38 9
33 39 10
33 44 5
33 45 2
33 47 1
33 48 7
33 49 1
33 51 3
33 52 9
33 53 6
33 54 7
33 56 9
33 61 3
33 63 4
33 64 10
33 70 5
33 71 7
33 72 9
33 73 8
33 74 1
33 77 5
34 35 10
34 38 9
34 43 10
34 47 9
34 53 2
34 57 7
34 59 10
34 60 6
34 61 1
34 63 4
34 65 2
34 66 1
34 67 8
34 69 10
34 72 10
34 74 8
34 75 4
34 76 2
35 37 2
35 38 3
35 39 7
35 42 3
35 44 6
35 45 3
35 46 1
35 47 1
35 48 4
35 50 1
35 51 5
35 52 3
35 53 8
35 60 6
35 61 8
35 62 4
35 63 4
35 65 10
35 66 7
35 67 10
35 68 2
35 70 6
35 71 9
35 73 7
35 74 2
35 75 1
35 77 1
36 40 5
36 42 10
36 44 6
36 49 6
36 50 6
36 51 2
36 52 9
36 53 6
36 55 4
36 56 3
36 59 4
36 66 5
36 67 6
36 70 2
36 73 1
36 74 2
36 75 4
36 76 3
36 77 2
37 39 3
37 42 10
37 45 7
37 49 3
37 50 5
37 51 4
37 52 8
37 53 5
37 55 10
37 56 2
37 58 4
37 62 3
37 64 3
37 65 2
37 68 7
37 69 10
37 73 8
37 74 9
37 75 8
37 76 7
37 77 6
38 46 10
38 47 10
38 50 5
38 52 10
38 53 8
38 54 1
38 55 8
38 56 6
38 59 8
38 60 10
38 62 1
38 64 1
38 66 8
38 68 10
38 72 7
38 73 4
38 76 8
38 77 3
39 40 3
39 43 4
39 44 9
39 46 8
39 48 4
39 51 9
39 54 4
39 56 4
39 57 1
39 58 1
39 60 6
39 61 2
39 62 5
39 63 4
39 64 6
39 67 2
39 68 6
39 69 4
39 71 1
39 72 5
39 73 10
39 76 5
39 77 8
40 41 6
40 42 6
40 47 6
40 48 6
40 49 7
40 50 2
40 51 1
40 52 7
40 53 5
40 54 8
40 58 8
40 59 3
40 60 7
40 61 10
40 62 5
40 63 1
40 65 2
40 66 8
40 67 8
40 68 6
40 69 8
40 70 10
40 71 5
40 73 1
40 76 9
41 44 7
41 45 1
41 47 1
41 48 4
41 49 10
41 50 3
41 51 6
41 54 4
41 55 8
41 57 1
41 58 3
41 61 10
41 69 5
41 70 1
41 71 2
41 72 7
41 73 5
41 74 9
41 75 7
41 76 6
42 45 6
42 46 10
42 49 4
42 52 4
42 53 9
42 54 3
42 55 2
42 57 5
42 60 3
42 61 6
42 66 3
42 68 8
42 71 6
42 72 8
42 75 4
42 76 1
42 77 3
43 44 7
43 49 7
43 51 2
43 55 4
43 57 2
43 60 10
43 63 5
43 67 3
43 70 9
43 72 1
43 75 2
43 77 3
44 46 1
44 48 3
44 50 3
44 51 6
44 52 8
44 54 4
44 57 6
44 59 7
44 63 2
44 64 1
44 65 10
44 67 6
44 69 1
44 73 7
44 77 6
45 46 10
45 47 10
45 48 9
45 49 8
45 50 3
45 51 4
45 52 9
45 53 8
45 54 1
45 56 5
45 58 6
45 62 6
45 63 1
45 69 2
45 70 9
45 71 3
45 72 8
45 73 8
45 74 8
45 76 7
45 77 9
46 50 8
46 52 5
46 54 9
46 56 5
46 58 4
46 59 8
46 61 8
46 62 3
46 65 7
46 66 10
46 68 3
46 69 6
46 70 1
46 72 9
46 73 3
46 75 7
46 77 9
47 49 4
47 51 6
47 54 9
47 57 5
47 58 7
47 59 2
47 60 3
47 61 1
47 62 4
47 63 9
47 67 1
47 69 8
47 71 8
47 72 10
47 74 4
47 75 8
47 76 5
48 53 2
48 56 10
48 59 7
48 61 4
48 62 9
48 63 5
48 64 5
48 65 3
48 68 5
48 71 7
48 72 3
48 73 10
48 74 7
48 76 1
48 77 10
49 53 6
49 54 7
49 55 3
49 56 9
49 58 8
49 59 8
49 63 2
49 65 5
49 66 5
49 67 5
49 70 7
49 72 8
49 75 10
49 76 8
49 77 5
50 53 8
50 58 4
50 61 2
50 63 6
50 65 6
50 67 7
50 68 1
50 69 8
50 71 4
50 73 10
50 75 7
51 54 10
51 56 9
51 57 10
51 60 8
51 66 8
51 69 9
51 70 6
51 71 6
51 73 1
51 77 8
52 57 10
52 59 3
52 61 7
52 62 2
52 63 6
52 67 3
52 68 9
52 70 6
52 71 9
52 73 6
52 76 5
52 77 8
53 54 3
53 57 3
53 60 9
53 61 1
53 64 1
53 65 2
53 66 9
53 67 4
53 69 6
53 72 5
53 73 2
53 74 3
54 56 1
54 60 9
54 62 2
54 63 7
54 64 9
54 65 9
54 66 10
54 67 2
54 68 7
54 69 6
54 70 5
54 73 7
55 57 8
55 64 3
55 68 1
55 69 9
55 71 9
55 73 8
55 75 3
56 59 6
56 61 1
56 63 8
56 64 4
56 65 8
56 68 6
56 69 1
56 74 1
56 75 3
57 60 5
57 62 2
57 66 6
57 67 9
57 71 2
57 72 10
57 76 2
57 77 4
58 62 1
58 63 7
58 65 3
58 67 2
58 68 6
58 69 10
58 75 6
58 77 10
59 60 9
59 61 3
59 63 1
59 65 8
59 67 5
59 68 9
59 69 7
59 70 7
59 71 5
59 76 1
60 61 1
60 62 4
60 65 3
60 67 8
60 69 8
60 71 2
60 73 6
60 74 9
60 76 8
61 62 6
61 66 7
61 69 8
61 73 6
61 74 2
61 76 3
62 64 9
62 66 5
62 68 9
62 69 9
62 70 4
62 71 8
62 73 9
62 74 10
62 75 10
62 76 4
62 77 8
63 66 1
63 69 2
63 70 10
63 71 6
63 72 5
63 73 2
63 74 7
63 75 4
63 77 7
64 68 10
64 71 7
64 72 8
64 74 7
64 77 3
65 66 7
65 70 5
65 74 5
65 75 1
65 77 2
66 69 8
66 70 4
66 72 8
66 73 1
66 74 9
66 76 7
66 77 9
67 69 10
67 70 1
67 71 10
67 72 1
67 73 3
67 75 10
67 76 7
68 69 8
68 70 1
68 74 4
68 77 5
69 71 4
69 72 5
69 77 3
70 75 10
71 73 2
71 76 5
72 74 10
73 77 10
74 76 6
74 77 10
76 77 6
