0 1 3
0 6 2
0 8 4
0 9 2
0 11 9
0 17 8
0 18 10
0 20 5
0 21 1
0 24 7
0 25 7
0 26 7
0 27 1
0 28 5
0 29 10
0 33 5
0 35 8
0 37 1
0 39 10
0 40 2
0 42 3
0 43 9
0 48 1
0 49 7
0 50 7
0 51 6
1 3 7
1 4 9
1 7 6
1 8 2
1 10 5
1 11 6
1 15 5
1 16 6
1 18 10
1 21 2
1 22 10
1 24 10
1 25 8
1 26 6
1 27 3
1 28 9
1 35 3
1 39 6
1 42 8
1 44 8
1 46 10
1 48 4
1 49 3
2 4 3
2 7 5
2 8 3
2 10 1
2 14 8
2 16 9
2 18 4
2 19 1
2 22 4
2 23 9
2 24 2
2 25 6
2 29 7
2 30 3
2 31 4
2 32 2
2 33 10
2 37 6
2 41 5
2 42 3
2 43 9
2 44 9
2 45 1
2 46 6
2 47 9
2 48 3
2 50 8
2 51 8
3 4 5
3 5 10
3 6 4
3 7 5
3 9 2
3 11 4
3 14 6
3 15 1
3 17 9
3 18 2
3 20 3
3 21 7
3 22 1
3 23 7
3 24 9
3 25 7
3 27 1
3 30 3
3 32 2
3 39 8
3 40 8
3 41 2
3 44 3
3 49 5
3 51 9
4 5 5
4 12 9
4 14 9
4 16 6
4 18 3
4 20 4
4 21 10
4 25 10
4 26 6
4 27 2
4 28 8
4 29 8
4 30 9
4 34 1
4 35 8
4 37 8
4 38 9
4 39 9
4 40 6
4 42 7
4 43 2
4 44 3
4 48 1
4 51 1
5 6 7
5 9 5
5 11 1
5 12 7
5 13 6
5 14 1
5 17 7
5 19 10
5 20 1
5 22 6
5 24 8
5 25 2
5 26 10
5 27 1
5 28 3
5 29 6
5 30 6
5 31 5
5 32 2
5 37 9
5 39 2
5 45 7
5 48 9
5 49 7
5 50 3
6 8 2
6 13 2
6 14 10
6 15 3
6 16 4
6 18 5
6 19 4
6 20 5
6 21 10
6 22 4
6 24 9
6 25 7
6 26 10
6 31 10
6 32 3
6 33 5
6 34 9
6 35 10
6 36 7
6 37 4
6 38 1
6 43 2
6 44 4
6 50 1
6 51 2
7 9 10
7 10 5
7 11 8
7 13 8
7 14 2
7 18 1
7 19 1
7 24 7
7 29 5
7 30 4
7 34 1
7 38 9
7 40 1
7 42 10
7 43 5
7 46 1
7 47 2
7 48 2
8 14 2
8 16 1
8 17 9
8 22 9
8 24 9
8 25 10
8 27 1
8 28 7
8 30 7
8 34 1
8 35 3
8 39 2
8 40 1
8 43 6
8 45 8
8 46 4
8 47 9
8 49 4
8 51 7
9 10 7
9 11 8
9 12 3
9 13 5
9 15 8
9 16 7
9 17 9
9 19 2
9 21 2
9 22 2
9 24 6
9 27 7
9 29 2
9 30 9
9 34 1
9 38 8
9 39 4
9 41 9
9 43 7
9 44 10
9 45 5
9 47 6
9 51 9
10 11 8
10 14 6
10 15 6
10 19 5
10 20 6
10 24 5
10 27 10
10 29 3
10 31 10
10 32 2
10 33 8
10 35 7
10 37 2
10 38 3
10 40 2
10 42 3
10 44 2
10 45 9
10 46 6
10 47 10
10 50 7
11 12 9
11 13 5
11 15 9
11 16 4
11 20 1
11 23 10
11 24 6
11 27 3
11 28 9
11 29 4
11 30 10
11 31 10
11 33 1
11 34 5
11 36 1
11 38 10
11 40 1
11 42 7
11 48 9
11 49 7
11 50 9
12 14 1
12 15 9
12 18 3
12 20 8
12 23 7
12 24 2
12 25 3
12 26 3
12 30 2
12 32 6
12 34 7
12 36 2
12 37 10
12 38 9
12 40 10
12 43 2
12 45 3
12 46 9
12 47 10
12 51 4
13 15 10
13 16 3
13 18 6
13 22 4
13 25 9
13 26 1
13 28 8
13 33 6
13 35 6
13 37 2
13 38 2
13 40 9
13 41 7
13 43 9
13 49 8
13 50 3
13 51 1
14 16 4
14 17 9
14 18 7
14 23 2
14 25 10
14 27 9
14 28 10
14 29 7
14 31 8
14 33 4
14 36 3
14 40 3
14 41 10
14 45 6
14 46 4
14 47 6
14 49 3
14 51 3
15 19 5
15 20 8
15 22 3
15 23 6
15 30 4
15 31 8
15 32 5
15 33 5
15 35 1
15 37 2
15 40 2
15 41 8
15 43 4
15 44 6
15 47 10
15 48 6
16 18 7
16 20 3
16 22 1
16 25 2
16 26 7
16 30 9
16 31 3
16 33 3
16 35 3
16 36 9
16 37 3
16 42 2
16 43 1
16 45 1
16 46 9
16 51 1
17 18 9
17 19 8
17 31 10
17 35 10
17 36 3
17 37 6
17 46 7
17 47 4
18 22 3
18 23 3
18 29 5
18 30 8
18 32 4
18 33 6
18 35 1
18 37 8
18 39 2
18 40 10
18 41 4
18 43 3
18 45 10
18 46 9
18 51 5
19 20 10
19 21 9
19 22 9
19 23 2
19 24 10
19 27 7
19 28 5
19 30 10
19 31 3
19 32 9
19 33 6
19 34 10
19 35 9
19 36 3
19 37 5
19 38 7
19 40 9
19 44 4
19 46 5
19 47 6
19 48 8
19 50 7
19 51 6
20 21 6
20 22 5
20 23 10
20 26 7
20 28 6
20 30 5
20 33 4
20 36 9
20 38 4
20 39 7
20 40 2
20 43 10
20 44 3
20 45 3
20 46 10
20 47 3
20 48 6
20 49 1
21 22 8
21 24 8
21 27 9
21 28 1
21 29 4
21 30 1
21 32 4
21 37 8
21 38 10
21 39 8
21 45 10
21 47 10
21 50 8
21 51 7
22 23 10
22 24 10
22 25 1
22 26 10
22 30 3
22 32 4
22 33 9
22 34 1
22 37 3
22 40 8
22 42 2
22 46 9
22 47 9
22 50 8
22 51 3
23 26 1
23 28 7
23 29 1
23 30 10
23 31 10
23 32 2
23 34 9
23 35 1
23 37 1
23 38 2
23 41 10
23 45 2
23 48 8
23 49 3
23 50 1
23 51 5
24 25 2
24 27 3
24 30 8
24 32 2
24 33 1
24 34 8
24 37 9
24 38 3
24 39 4
24 41 6
24 46 4
24 47 9
24 50 1
24 51 6
25 27 8
25 29 8
25 31 3
25 32 8
25 33 9
25 34 8
25 35 2
25 36 1
25 37 8
25 38 9
25 39 3
25 40 10
25 41 9
25 47 7
25 49 10
26 30 10
26 32 4
26 35 10
26 36 3
26 38 5
26 42 6
26 43 10
26 44 2
26 45 6
26 46 8
26 48 6
26 50 2
27 30 10
27 31 5
27 32 6
27 33 1
27 37 8
27 38 8
27 39 8
27 41 9
27 42 2
27 45 4
27 46 6
27 48 2
27 50 10
27 51 4
28 30 3
28 32 5
28 40 1
28 43 6
28 44 2
28 45 3
28 47 4
29 31 4
29 33 2
29 36 7
29 37 2
29 40 6
29 42 4
29 44 7
29 46 7
29 47 3
29 49 8
29 50 9
30 36 5
30 37 6
30 38 4
30 40 4
30 41 2
30 43 5
30 44 8
30 45 2
30 49 9
30 50 5
31 32 5
31 34 6
31 35 9
31 36 8
31 37 10
31 41 4
31 43 4
31 47 7
31 50 7
32 34 2
32 35 2
32 36 7
32 37 4
32 40 7
32 42 5
32 44 2
32 45 9
32 48 9
33 34 8
33 35 5
33 36 8
33 37 6
33 39 8
33 40 6
33 41 1
33 43 4
33 45 6
33 49 10
33 50 2
34 35 2
34 38 7
34 43 7
34 44 5
34 45 2
34 46 7
34 48 5
35 39 10
35 41 3
35 42 4
35 43 2
35 44 5
35 47 2
35 50 4
35 51 3
36 37 4
36 39 4
36 40 3
36 42 6
36 43 8
36 46 5
36 47 1
36 48 10
36 49 6
36 51 4
37 44 4
37 45 1
37 46 5
37 47 1
37 50 6
37 51 8
38 40 6
38 41 10
38 42 5
38 44 5
38 45 9
38 46 5
38 48 10
38 50 1
39 40 4
39 41 8
39 46 1
40 41 3
40 42 6
40 45 10
40 46 3
40 49 8
40 50 7
41 42 2
41 43 4
41 46 5
41 49 2
41 51 3
42 44 3
42 45 8
42 50 6
42 51 9
43 44 7
43 45 5
43 46 4
43 49 8
43 50 8
43 51 3
44 45 2
44 47 5
44 48 4
44 49 8
44 50 1
44 51 2
45 47 3
45 49 4
46 47 3
46 48 4
46 49 9
47 50 10
47 51 8
48 49 5
48 51 5
49 50 3
50 51 4
