58 780
0 2 6
0 7 7
0 8 5
0 10 3
0 15 1
0 20 7
0 22 5
0 23 5
0 25 4
0 26 1
0 27 3
0 29 6
0 30 1
0 32 10
0 36 7
0 40 5
0 42 5
0 43 8
0 44 6
0 45 9
0 46 1
0 48 1
0 50 5
0 54 4
0 57 8
1 2 9
1 3 8
1 4 8
1 8 10
1 10 10
1 11 5
1 12 9
1 14 10
1 17 10
1 19 6
1 22 2
1 25 5
1 26 2
1 29 3
1 33 5
1 34 9
1 35 9
1 36 10
1 38 10
1 40 3
1 43 10
1 44 10
1 47 5
1 49 2
1 50 9
1 53 1
1 55 10
1 56 10
1 57 1
2 3 10
2 4 7
2 7 1
2 9 7
2 10 2
2 11 1
2 13 9
2 14 9
2 15 5
2 16 10
2 21 4
2 22 1
2 26 4
2 29 1
2 30 4
2 31 3
2 34 1
2 41 8
2 42 1
2 43 10
2 46 9
2 51 5
2 53 6
2 57 3
3 4 7
3 7 2
3 11 4
3 12 5
3 14 6
3 24 1
3 27 5
3 28 1
3 32 9
3 35 8
3 36 8
3 39 7
3 41 6
3 42 3
3 43 5
3 46 1
3 47 2
3 48 3
3 50 9
3 51 5
3 53 7
3 54 7
3 55 1
4 5 4
4 6 6
4 7 2
4 10 1
4 11 9
4 15 2
4 17 1
4 20 3
4 22 1
4 23 9
4 25 3
4 28 10
4 29 10
4 31 9
4 33 3
4 36 9
4 37 8
4 38 10
4 40 6
4 42 7
4 43 4
4 44 8
4 47 10
4 50 3
4 53 10
4 54 9
4 55 5
4 56 8
4 57 4
5 8 10
5 9 8
5 10 3
5 11 3
5 14 6
5 16 2
5 20 9
5 23 9
5 26 5
5 27 2
5 31 6
5 34 9
5 35 7
5 36 5
5 37 8
5 40 4
5 41 1
5 42 10
5 43 6
5 45 2
5 46 9
6 7 6
6 9 1
6 11 7
6 15 2
6 16 3
6 21 7
6 22 3
6 24 7
6 25 6
6 26 4
6 27 5
6 28 1
6 31 7
6 32 2
6 33 8
6 34 10
6 35 8
6 38 1
6 40 5
6 42 10
6 43 10
6 44 4
6 45 8
6 46 4
6 47 2
6 48 6
6 51 4
7 8 4
7 9 9
7 10 3
7 11 6
7 17 1
7 18 5
7 22 6
7 24 8
7 25 8
7 26 4
7 32 8
7 33 10
7 35 5
7 37 3
7 41 9
7 48 3
7 50 8
7 51 10
7 53 7
7 56 10
7 57 6
8 9 10
8 11 10
8 12 2
8 14 4
8 19 4
8 20 6
8 25 5
8 28 1
8 29 6
8 31 10
8 34 3
8 37 9
8 41 8
8 42 10
8 47 6
8 49 8
8 50 9
8 51 9
8 54 1
9 10 2
9 11 6
9 13 4
9 14 3
9 15 1
9 17 1
9 19 2
9 21 5
9 23 9
9 24 7
9 25 2
9 29 4
9 31 7
9 34 5
9 35 1
9 36 4
9 39 3
9 41 8
9 44 4
9 47 7
9 48 2
9 50 8
9 54 5
9 55 2
9 57 10
10 17 7
10 18 4
10 21 8
10 22 5
10 23 8
10 25 6
10 26 10
10 27 7
10 28 2
10 30 10
10 31 5
10 34 7
10 37 9
10 39 6
10 40 4
10 42 1
10 44 7
10 46 7
10 47 3
10 48 6
10 49 4
10 52 4
10 53 4
10 54 1
11 12 8
11 14 7
11 15 10
11 16 9
11 19 5
11 20 1
11 26 6
11 27 8
11 28 6
11 29 10
11 30 5
11 31 1
11 32 8
11 34 7
11 35 7
11 36 9
11 37 5
11 40 10
11 41 8
11 42 5
11 43 8
11 47 9
11 49 10
11 50 8
11 55 1
11 56 8
12 13 1
12 14 1
12 17 3
12 18 9
12 19 7
12 20 7
12 21 10
12 28 3
12 31 10
12 32 10
12 33 1
12 36 1
12 37 8
12 38 10
12 39 8
12 42 10
12 44 2
12 45 1
12 46 3
12 47 2
12 50 8
12 51 5
12 52 2
12 53 2
12 55 5
12 56 10
12 57 4
13 14 10
13 18 8
13 20 2
13 21 8
13 22 4
13 23 1
13 25 10
13 26 6
13 28 10
13 29 2
13 31 5
13 33 2
13 38 9
13 40 10
13 41 7
13 44 6
13 45 9
13 46 8
13 47 6
13 49 10
13 51 6
13 54 4
13 55 2
13 57 1
14 15 4
14 16 2
14 18 3
14 19 9
14 21 2
14 24 4
14 27 2
14 30 7
14 32 9
14 33 7
14 36 1
14 38 7
14 39 7
14 40 2
14 41 7
14 43 7
14 46 2
14 47 2
14 48 1
14 50 5
14 51 8
14 53 5
14 56 10
15 19 9
15 20 1
15 23 10
15 24 7
15 26 7
15 27 8
15 28 3
15 29 8
15 32 10
15 37 6
15 39 5
15 43 2
15 44 8
15 45 10
15 49 1
15 53 1
15 54 8
16 19 2
16 21 10
16 22 8
16 23 2
16 24 9
16 25 6
16 29 1
16 30 10
16 32 4
16 35 6
16 38 6
16 39 9
16 43 8
16 47 6
16 50 5
16 51 9
16 55 6
16 57 7
17 18 4
17 21 6
17 22 10
17 23 1
17 26 6
17 29 4
17 30 8
17 36 1
17 37 5
17 41 9
17 42 9
17 46 5
17 48 10
17 49 4
17 53 2
18 19 3
18 20 4
18 23 5
18 26 5
18 27 6
18 29 5
18 32 2
18 35 7
18 37 4
18 43 10
18 45 3
18 48 2
18 49 2
18 50 2
19 20 8
19 21 5
19 26 1
19 27 4
19 30 6
19 33 8
19 34 4
19 35 9
19 37 5
19 38 2
19 45 9
19 46 7
19 47 3
19 48 2
19 50 7
19 52 1
19 56 7
19 57 4
20 24 8
20 30 1
20 31 2
20 33 10
20 34 4
20 35 8
20 37 2
20 40 9
20 41 9
20 44 2
20 46 2
20 47 4
20 48 3
20 49 2
20 53 2
21 22 8
21 26 8
21 28 4
21 31 8
21 32 10
21 33 4
21 35 4
21 37 7
21 38 8
21 44 1
21 45 7
21 46 10
21 48 6
21 50 4
21 52 3
21 53 5
21 55 9
21 57 9
22 23 3
22 24 8
22 25 5
22 27 7
22 28 7
22 29 5
22 31 5
22 36 5
22 37 2
22 38 7
22 41 8
22 43 6
22 45 8
22 48 7
22 50 7
22 53 4
22 55 4
22 56 3
23 24 6
23 25 2
23 27 3
23 31 1
23 32 2
23 33 8
23 36 9
23 38 4
23 39 7
23 40 9
23 41 3
23 46 2
23 47 10
23 48 10
23 50 6
23 56 3
24 25 1
24 26 10
24 29 6
24 31 2
24 34 6
24 36 8
24 37 2
24 38 4
24 40 1
24 42 5
24 43 8
24 45 7
24 46 6
24 48 9
24 50 10
24 51 3
24 56 7
24 57 6
25 38 2
25 39 10
25 44 1
25 47 10
25 49 7
25 50 5
25 51 7
25 53 4
25 54 6
25 55 3
26 27 9
26 28 6
26 31 7
26 32 4
26 34 8
26 35 3
26 39 2
26 44 8
26 45 3
26 46 10
26 47 3
26 50 3
26 52 5
26 53 2
26 54 5
26 56 6
27 28 5
27 29 5
27 31 8
27 32 5
27 33 1
27 34 1
27 38 2
27 44 8
27 45 2
27 46 4
27 55 1
28 29 1
28 32 2
28 34 3
28 35 5
28 37 9
28 39 3
28 40 3
28 46 9
28 50 10
28 51 2
28 52 2
28 54 9
28 55 8
29 31 6
29 32 7
29 33 7
29 34 10
29 36 8
29 39 1
29 40 5
29 42 6
29 43 8
29 44 10
29 45 10
29 47 3
29 49 4
29 51 1
29 52 6
29 55 8
29 56 5
29 57 3
30 31 5
30 32 1
30 33 2
30 36 5
30 40 9
30 41 7
30 43 9
30 46 1
30 47 9
30 50 5
30 52 6
30 53 9
31 32 5
31 33 1
31 36 5
31 37 7
31 39 8
31 40 6
31 41 2
31 43 5
31 46 2
31 55 1
31 57 4
32 33 8
32 39 4
32 42 7
32 43 3
32 44 2
32 45 3
32 46 2
32 47 1
32 49 2
32 50 2
32 52 7
32 56 4
32 57 6
33 37 5
33 38 9
33 39 5
33 40 2
33 42 2
33 46 9
33 49 7
33 51 7
33 53 6
33 57 2
34 35 3
34 40 10
34 42 9
34 45 3
34 46 10
34 47 3
34 49 10
34 50 1
34 52 6
34 54 7
34 55 5
34 57 10
35 36 1
35 37 2
35 39 10
35 40 8
35 41 8
35 47 10
35 48 1
35 49 4
35 50 7
35 51 9
35 53 6
35 55 1
35 57 6
36 39 4
36 40 7
36 41 3
36 42 1
36 45 5
36 46 4
36 47 9
36 52 8
36 53 2
36 54 1
36 55 2
36 57 8
37 38 4
37 42 1
37 43 9
37 49 5
37 52 1
37 53 5
37 54 8
37 56 8
38 42 5
38 44 5
38 45 8
38 46 8
38 49 7
38 50 1
38 52 2
39 42 1
39 43 6
39 44 2
39 52 9
39 54 5
39 56 6
40 42 5
40 43 2
40 44 9
40 45 3
40 47 7
40 49 5
40 50 5
40 55 4
41 42 6
41 44 8
41 45 4
41 46 4
41 48 9
41 53 4
41 54 10
42 45 1
42 50 6
42 51 3
42 53 6
43 44 2
43 45 9
43 46 5
43 49 9
43 50 1
43 51 5
43 52 8
43 54 2
44 48 1
44 49 6
44 51 4
44 53 3
44 54 1
44 55 5
44 56 8
44 57 2
45 46 10
45 47 2
45 50 8
45 53 7
45 54 3
45 55 3
45 56 7
45 57 7
46 48 9
46 49 9
46 50 2
46 51 6
46 52 2
46 55 8
46 56 3
46 57 5
47 54 8
47 55 5
48 50 8
48 54 7
48 55 5
48 57 4
49 50 2
49 52 6
49 53 2
49 55 2
49 56 9
49 57 9
50 51 4
51 52 3
51 54 2
51 55 9
51 56 7
51 57 7
52 53 5
52 54 4
53 56 7
53 57 2
55 57 8
