0 1 1
0 3 10
0 4 1
0 5 5
0 7 9
0 8 3
0 9 1
0 10 10
0 13 8
0 14 1
0 15 8
0 18 2
0 20 6
0 24 7
0 30 1
0 31 4
0 33 3
0 34 4
0 35 7
0 37 6
0 38 6
0 39 9
0 42 7
0 44 9
0 45 4
0 46 8
0 50 8
0 51 2
0 53 5
0 54 4
0 55 9
0 61 4
0 64 4
0 65 1
0 66 7
0 67 2
0 68 4
0 69 10
0 70 10
0 73 9
0 75 2
0 78 3
0 79 10
0 83 6
0 85 2
0 87 1
0 88 9
0 89 8
0 90 8
0 93 4
0 94 1
0 95 9
1 4 4
1 5 4
1 6 6
1 8 3
1 9 1
1 11 10
1 14 2
1 16 1
1 18 1
1 22 8
1 24 2
1 25 10
1 27 1
1 28 5
1 29 10
1 30 8
1 32 3
1 33 2
1 34 1
1 37 1
1 43 10
1 44 7
1 45 6
1 47 7
1 48 7
1 50 9
1 51 7
1 56 10
1 60 2
1 61 6
1 63 1
1 64 4
1 65 6
1 68 3
1 69 7
1 71 3
1 77 4
1 78 6
1 79 2
1 80 7
1 83 4
1 85 3
1 90 8
1 92 10
1 93 10
1 94 6
1 95 9
2 3 1
2 4 10
2 9 6
2 10 1
2 11 8
2 18 1
2 21 1
2 23 9
2 24 10
2 26 6
2 29 8
2 30 7
2 34 7
2 36 3
2 38 5
2 39 8
2 44 7
2 50 5
2 52 3
2 54 8
2 55 1
2 57 4
2 59 4
2 60 5
2 61 2
2 67 6
2 70 3
2 72 3
2 73 2
2 74 10
2 75 10
2 76 5
2 79 6
2 82 8
2 83 8
2 85 8
2 89 8
2 92 4
2 93 3
3 6 3
3 7 9
3 9 3
3 10 10
3 11 8
3 12 5
3 13 5
3 15 2
3 16 10
3 17 6
3 20 9
3 22 9
3 23 9
3 26 8
3 28 4
3 33 7
3 35 1
3 38 10
3 41 4
3 42 9
3 43 9
3 45 1
3 46 3
3 47 3
3 49 6
3 51 2
3 53 3
3 54 2
3 60 6
3 61 9
3 62 7
3 63 3
3 67 4
3 68 7
3 69 8
3 71 2
3 73 3
3 78 9
3 82 9
3 83 2
3 84 6
3 85 3
3 88 2
3 89 10
3 90 2
3 93 10
4 7 1
4 11 8
4 14 1
4 17 6
4 20 8
4 21 2
4 22 3
4 24 5
4 26 5
4 29 6
4 31 8
4 34 2
4 37 3
4 38 7
4 39 3
4 40 8
4 42 1
4 44 8
4 45 1
4 46 9
4 47 1
4 50 6
4 51 5
4 52 6
4 53 1
4 54 10
4 55 2
4 61 2
4 63 9
4 64 9
4 69 10
4 70 7
4 71 10
4 72 7
4 74 7
4 78 2
4 81 9
4 88 5
4 89 6
4 90 1
4 91 1
4 92 3
4 95 10
5 7 2
5 9 7
5 10 4
5 14 6
5 15 2
5 16 6
5 17 1
5 20 6
5 21 7
5 23 9
5 24 5
5 28 2
5 30 6
5 33 4
5 39 3
5 40 6
5 41 7
5 42 1
5 43 8
5 44 4
5 45 6
5 47 5
5 49 7
5 52 1
5 53 2
5 54 2
5 55 9
5 59 6
5 60 9
5 62 1
5 64 8
5 70 5
5 71 7
5 72 10
5 73 8
5 77 3
5 79 2
5 84 4
5 89 1
5 90 1
6 9 10
6 10 4
6 12 9
6 14 4
6 16 7
6 21 7
6 23 4
6 29 10
6 31 3
6 33 2
6 34 7
6 36 8
6 39 1
6 41 6
6 42 3
6 50 2
6 51 6
6 52 6
6 55 2
6 56 10
6 58 4
6 59 3
6 61 3
6 63 4
6 65 3
6 66 6
6 69 4
6 70 9
6 71 7
6 72 8
6 75 5
6 78 3
6 84 8
6 90 6
6 91 10
6 93 10
7 8 6
7 12 9
7 15 2
7 16 4
7 17 2
7 19 5
7 20 8
7 26 8
7 27 10
7 28 1
7 30 4
7 31 5
7 32 3
7 33 9
7 34 3
7 36 5
7 39 6
7 43 4
7 47 1
7 48 9
7 52 8
7 53 9
7 54 6
7 56 1
7 64 6
7 67 2
7 70 6
7 73 8
7 74 4
7 75 2
7 79 8
7 81 5
7 83 2
7 84 8
7 90 10
7 92 6
7 94 5
7 95 1
8 11 1
8 12 10
8 16 10
8 17 6
8 18 1
8 20 7
8 21 10
8 22 3
8 23 4
8 25 7
8 28 5
8 30 6
8 32 9
8 36 3
8 37 8
8 38 4
8 40 2
8 42 9
8 46 5
8 49 9
8 53 7
8 54 4
8 56 5
8 59 10
8 60 1
8 61 1
8 67 7
8 70 1
8 72 7
8 76 10
8 82 8
8 85 3
8 87 8
8 93 2
8 94 1
9 11 2
9 12 6
9 16 2
9 17 3
9 19 2
9 21 4
9 23 5
9 24 6
9 27 5
9 29 8
9 35 2
9 37 9
9 38 7
9 39 8
9 40 4
9 43 9
9 45 2
9 46 6
9 50 4
9 56 6
9 57 4
9 58 3
9 59 9
9 60 5
9 61 3
9 62 5
9 63 3
9 65 10
9 68 10
9 69 1
9 70 9
9 71 6
9 75 10
9 76 1
9 78 9
9 79 7
9 81 2
9 83 3
9 84 5
9 87 6
9 88 6
9 90 5
9 91 1
9 93 10
9 94 3
10 11 2
10 12 9
10 18 1
10 19 8
10 20 5
10 22 3
10 23 1
10 25 3
10 27 9
10 28 10
10 29 5
10 30 9
10 31 4
10 33 3
10 34 3
10 35 3
10 36 5
10 41 5
10 43 6
10 47 9
10 49 1
10 50 10
10 51 5
10 52 2
10 57 3
10 58 6
10 61 6
10 62 3
10 63 5
10 64 5
10 65 6
10 66 8
10 69 1
10 70 7
10 72 7
10 76 10
10 80 9
10 82 7
10 88 6
10 90 7
10 95 9
11 13 6
11 15 7
11 16 3
11 18 7
11 19 1
11 21 2
11 23 3
11 26 10
11 27 9
11 29 3
11 32 8
11 33 10
11 34 2
11 36 9
11 37 3
11 41 4
11 42 6
11 44 9
11 47 8
11 48 7
11 49 1
11 50 10
11 53 3
11 55 3
11 56 6
11 57 1
11 60 10
11 62 10
11 65 1
11 69 2
11 70 4
11 72 5
11 75 1
11 77 7
11 79 9
11 82 9
11 85 5
11 87 6
11 88 2
11 89 1
11 90 8
11 91 4
11 92 1
11 93 6
11 95 1
12 14 2
12 16 7
12 18 10
12 20 6
12 22 1
12 25 1
12 28 10
12 30 1
12 32 4
12 34 4
12 35 4
12 36 10
12 38 6
12 39 1
12 41 8
12 42 6
12 43 7
12 44 9
12 46 7
12 47 1
12 49 6
12 52 10
12 53 2
12 54 3
12 56 6
12 57 1
12 58 5
12 60 7
12 61 10
12 63 5
12 65 9
12 70 6
12 72 7
12 74 5
12 76 7
12 78 5
12 79 1
12 81 5
12 82 6
12 83 7
12 86 5
12 90 8
12 92 8
12 94 2
12 95 5
13 16 7
13 17 2
13 19 5
13 23 8
13 26 6
13 27 8
13 29 6
13 34 10
13 35 2
13 37 10
13 46 8
13 47 7
13 48 2
13 49 3
13 50 8
13 51 10
13 53 7
13 54 3
13 55 6
13 57 6
13 58 3
13 59 7
13 61 3
13 62 5
13 64 4
13 70 1
13 71 2
13 72 1
13 75 4
13 77 2
13 78 9
13 79 4
13 81 7
13 82 4
13 84 2
13 86 9
13 89 8
13 91 4
13 94 2
14 16 1
14 17 6
14 18 6
14 19 8
14 20 8
14 21 7
14 22 10
14 24 6
14 25 9
14 29 8
14 30 5
14 31 1
14 32 9
14 34 6
14 36 5
14 37 9
14 41 9
14 42 10
14 43 1
14 44 4
14 46 3
14 49 6
14 51 4
14 55 9
14 57 1
14 58 8
14 59 3
14 60 4
14 61 4
14 64 7
14 65 9
14 67 5
14 69 4
14 71 7
14 72 6
14 73 10
14 74 8
14 75 9
14 79 7
14 81 8
14 83 5
14 84 10
14 85 10
14 87 3
14 88 6
14 90 9
14 91 4
14 92 9
15 16 10
15 17 9
15 19 8
15 20 2
15 22 1
15 24 4
15 25 1
15 27 3
15 28 4
15 30 8
15 34 2
15 36 4
15 38 5
15 42 8
15 43 9
15 45 1
15 46 10
15 47 3
15 50 5
15 51 3
15 52 9
15 57 4
15 58 6
15 59 3
15 60 4
15 61 1
15 64 9
15 67 3
15 68 4
15 71 2
15 73 1
15 77 3
15 82 8
15 85 6
15 86 2
15 87 10
15 88 10
15 89 7
15 92 4
15 93 2
15 95 7
16 17 3
16 20 3
16 23 1
16 24 4
16 25 1
16 28 2
16 29 9
16 30 7
16 32 3
16 35 2
16 36 3
16 39 6
16 42 8
16 47 3
16 51 5
16 52 1
16 53 6
16 54 4
16 55 3
16 58 3
16 60 4
16 64 7
16 65 5
16 66 1
16 68 5
16 69 1
16 71 4
16 72 5
16 73 6
16 78 3
16 80 8
16 83 3
16 85 6
16 88 2
16 91 1
16 92 9
16 93 1
16 94 8
17 20 6
17 23 9
17 24 1
17 26 3
17 27 7
17 28 6
17 30 6
17 31 8
17 32 6
17 34 2
17 36 2
17 37 5
17 38 10
17 42 6
17 44 10
17 47 9
17 48 3
17 50 1
17 56 7
17 58 9
17 60 8
17 61 9
17 63 3
17 65 4
17 66 1
17 70 9
17 71 4
17 72 4
17 73 10
17 75 3
17 79 3
17 80 4
17 81 5
17 83 3
17 87 9
17 88 6
17 90 2
17 91 9
17 93 9
18 20 3
18 23 1
18 26 3
18 29 3
18 30 10
18 32 5
18 34 1
18 36 7
18 37 1
18 39 4
18 42 8
18 43 5
18 44 8
18 49 2
18 54 7
18 60 7
18 61 9
18 62 4
18 63 1
18 64 7
18 65 7
18 68 2
18 69 2
18 70 3
18 73 4
18 76 5
18 77 10
18 79 4
18 80 7
18 84 5
18 86 2
18 89 9
18 90 5
18 91 4
18 94 4
19 20 4
19 24 4
19 27 9
19 28 1
19 29 6
19 30 4
19 32 4
19 35 7
19 36 4
19 38 7
19 46 5
19 47 6
19 49 7
19 50 10
19 51 6
19 53 1
19 54 4
19 58 5
19 59 6
19 61 1
19 63 4
19 65 4
19 68 4
19 70 4
19 71 3
19 72 1
19 73 4
19 74 1
19 75 6
19 77 7
19 80 5
19 82 1
19 84 7
19 85 10
19 87 10
19 91 9
19 94 10
19 95 3
20 21 5
20 23 4
20 24 2
20 28 5
20 29 2
20 30 10
20 31 9
20 32 2
20 33 8
20 35 7
20 36 4
20 38 2
20 39 5
20 41 5
20 42 9
20 44 2
20 45 10
20 50 7
20 51 1
20 52 7
20 53 6
20 55 8
20 58 9
20 59 7
20 61 9
20 65 8
20 66 4
20 69 3
20 75 5
20 79 5
20 80 3
20 81 6
20 85 8
20 89 10
20 92 7
20 95 5
21 22 1
21 26 6
21 27 1
21 28 9
21 29 6
21 34 6
21 35 2
21 36 7
21 37 1
21 38 1
21 39 7
21 40 3
21 41 7
21 44 5
21 46 4
21 47 7
21 49 8
21 52 1
21 53 2
21 55 9
21 56 10
21 57 7
21 58 5
21 59 1
21 61 1
21 63 8
21 64 3
21 65 4
21 66 6
21 68 8
21 70 10
21 72 9
21 73 9
21 77 7
21 79 3
21 80 7
21 82 4
21 84 7
21 86 6
21 87 7
21 91 1
21 93 7
21 95 1
22 23 3
22 24 9
22 25 9
22 26 2
22 33 9
22 35 1
22 36 7
22 37 2
22 39 8
22 41 7
22 44 6
22 46 1
22 47 10
22 48 6
22 51 7
22 55 2
22 56 7
22 58 10
22 64 1
22 66 7
22 67 2
22 75 3
22 76 10
22 78 6
22 80 7
22 81 1
22 85 1
22 86 10
22 88 4
22 91 1
22 92 8
22 93 2
22 94 9
22 95 8
23 25 5
23 27 6
23 29 7
23 30 1
23 34 10
23 35 3
23 36 7
23 38 7
23 39 3
23 44 5
23 45 3
23 47 8
23 48 6
23 49 3
23 50 6
23 51 1
23 56 10
23 62 2
23 63 3
23 64 6
23 65 3
23 67 6
23 70 2
23 71 9
23 72 9
23 74 10
23 78 10
23 79 4
23 81 4
23 82 4
23 83 7
23 85 6
23 87 3
23 88 3
23 89 7
23 90 4
23 92 5
23 93 1
24 25 5
24 27 5
24 31 2
24 34 8
24 35 10
24 36 3
24 38 7
24 39 4
24 44 9
24 45 1
24 46 10
24 51 8
24 54 1
24 55 9
24 56 8
24 61 3
24 63 2
24 64 3
24 66 10
24 67 3
24 68 5
24 69 7
24 72 2
24 73 4
24 74 7
24 75 4
24 80 6
24 83 4
24 86 2
24 87 3
24 89 5
24 93 7
24 94 5
25 26 9
25 30 2
25 31 4
25 34 3
25 35 2
25 36 9
25 38 8
25 39 8
25 42 8
25 44 4
25 45 6
25 50 1
25 51 6
25 53 6
25 56 3
25 57 4
25 58 9
25 59 3
25 61 8
25 64 2
25 67 8
25 69 7
25 70 7
25 71 6
25 75 7
25 76 4
25 79 9
25 84 1
25 86 7
25 87 2
25 91 5
25 95 4
26 29 8
26 33 6
26 34 4
26 38 7
26 41 4
26 42 4
26 43 1
26 45 8
26 46 1
26 51 4
26 53 8
26 55 2
26 57 2
26 62 10
26 63 3
26 68 9
26 69 2
26 70 5
26 72 1
26 73 8
26 74 10
26 75 10
26 77 4
26 79 4
26 81 9
26 82 8
26 83 10
26 84 10
26 85 10
26 86 10
26 92 3
26 94 8
27 28 5
27 29 5
27 33 7
27 34 1
27 35 2
27 36 1
27 38 7
27 43 8
27 44 1
27 53 4
27 55 1
27 56 10
27 57 4
27 60 2
27 64 8
27 65 5
27 68 1
27 69 4
27 71 10
27 72 4
27 74 5
27 75 6
27 76 8
27 79 10
27 80 8
27 82 10
27 83 5
27 84 5
27 85 5
27 87 1
27 89 8
27 90 4
27 91 5
27 92 6
27 94 7
27 95 4
28 36 9
28 37 2
28 38 7
28 39 10
28 41 1
28 44 6
28 46 5
28 47 2
28 48 4
28 49 10
28 50 10
28 51 7
28 52 5
28 55 4
28 56 2
28 58 10
28 59 7
28 60 10
28 64 6
28 66 1
28 67 8
28 68 10
28 69 1
28 70 1
28 71 3
28 73 9
28 74 10
28 75 1
28 77 7
28 78 7
28 79 4
28 80 3
28 84 9
28 86 1
28 87 6
28 90 5
28 91 10
28 92 8
28 93 9
29 30 2
29 34 10
29 35 3
29 38 10
29 40 3
29 41 4
29 50 1
29 52 4
29 55 7
29 60 3
29 61 10
29 63 2
29 65 7
29 67 6
29 68 2
29 73 7
29 78 6
29 80 10
29 81 4
29 83 9
29 85 10
29 87 5
29 88 9
29 90 7
29 91 10
29 92 3
29 95 5
30 31 4
30 37 1
30 39 4
30 40 3
30 41 6
30 42 8
30 44 1
30 45 7
30 46 6
30 48 7
30 54 6
30 56 8
30 58 1
30 59 3
30 60 8
30 61 8
30 62 5
30 66 1
30 67 10
30 68 2
30 70 8
30 72 8
30 73 8
30 74 1
30 76 6
30 78 10
30 80 10
30 81 9
30 82 10
30 85 9
30 87 5
30 89 8
30 91 6
30 92 1
30 93 5
31 33 8
31 34 2
31 40 1
31 41 3
31 44 2
31 45 9
31 46 9
31 47 2
31 48 2
31 49 3
31 51 5
31 54 9
31 55 2
31 56 6
31 60 9
31 74 10
31 78 4
31 79 8
31 80 2
31 81 1
31 82 10
31 83 5
31 87 4
31 89 2
31 91 1
31 94 10
31 95 7
32 35 10
32 38 10
32 41 3
32 42 9
32 43 2
32 44 2
32 48 3
32 49 4
32 51 9
32 52 2
32 54 10
32 55 5
32 56 10
32 58 8
32 63 9
32 65 8
32 69 7
32 71 3
32 72 8
32 77 3
32 78 4
32 82 1
32 85 6
32 86 5
32 87 9
32 88 4
32 89 2
32 91 9
32 92 3
32 94 6
32 95 3
33 34 8
33 35 9
33 37 1
33 42 7
33 43 9
33 44 9
33 45 6
33 46 3
33 47 1
33 48 3
33 50 3
33 51 7
33 53 3
33 55 3
33 56 6
33 57 10
33 60 3
33 61 10
33 64 5
33 65 2
33 67 6
33 68 1
33 69 8
33 72 8
33 73 10
33 74 6
33 75 5
33 77 9
33 78 10
33 80 6
33 82 1
33 83 3
33 84 9
33 85 1
33 86 1
33 88 5
33 89 2
33 90 6
33 92 4
33 93 8
33 94 7
34 35 8
34 42 1
34 43 10
34 44 9
34 45 7
34 47 2
34 49 4
34 50 6
34 51 6
34 52 10
34 53 10
34 54 1
34 57 2
34 59 4
34 60 8
34 61 9
34 62 8
34 63 8
34 64 10
34 65 5
34 66 6
34 67 2
34 69 1
34 70 10
34 74 1
34 75 8
34 78 2
34 79 5
34 80 5
34 85 6
34 90 2
34 91 9
34 95 4
35 40 10
35 42 7
35 46 3
35 47 4
35 52 9
35 54 4
35 55 4
35 58 4
35 59 8
35 60 3
35 62 10
35 64 7
35 66 5
35 67 3
35 68 1
35 69 2
35 70 7
35 72 9
35 76 4
35 77 8
35 78 10
35 79 8
35 84 9
35 85 9
35 91 6
35 92 6
35 94 7
36 37 8
36 39 10
36 46 5
36 47 3
36 48 3
36 51 4
36 52 10
36 55 6
36 56 6
36 57 3
36 58 6
36 60 3
36 61 4
36 65 6
36 66 1
36 67 2
36 69 7
36 70 5
36 71 5
36 73 9
36 77 4
36 80 4
36 81 4
36 84 3
36 85 3
36 86 1
36 88 9
36 90 1
36 91 2
36 92 7
36 93 3
36 94 9
36 95 6
37 38 8
37 41 5
37 43 3
37 44 6
37 45 9
37 47 5
37 48 7
37 50 1
37 51 4
37 52 10
37 55 7
37 59 1
37 60 6
37 62 1
37 63 5
37 64 4
37 65 8
37 71 5
37 73 3
37 74 4
37 76 3
37 78 9
37 79 2
37 80 9
37 81 9
37 82 9
37 85 3
37 89 6
37 91 9
37 93 4
37 94 4
37 95 9
38 44 2
38 45 4
38 48 2
38 49 7
38 57 9
38 58 9
38 59 7
38 64 4
38 66 10
38 67 3
38 68 7
38 70 8
38 71 8
38 76 3
38 77 4
38 80 1
38 81 2
38 83 10
38 84 3
38 85 8
38 86 8
38 87 2
38 89 9
38 90 10
38 91 2
38 92 4
38 94 1
39 41 2
39 42 4
39 43 2
39 44 2
39 45 5
39 47 2
39 48 10
39 49 10
39 51 9
39 52 6
39 55 2
39 60 1
39 64 2
39 65 7
39 66 4
39 69 8
39 71 1
39 74 9
39 76 3
39 80 7
39 81 10
39 85 9
39 88 3
39 89 2
39 92 8
39 94 6
40 41 8
40 44 4
40 45 4
40 46 6
40 47 1
40 52 10
40 56 10
40 57 10
40 58 8
40 59 2
40 61 8
40 63 8
40 65 6
40 68 10
40 69 2
40 73 10
40 76 5
40 79 7
40 82 7
40 83 7
40 84 8
40 85 5
40 89 6
40 90 1
40 92 7
40 93 1
41 42 4
41 43 6
41 44 8
41 45 1
41 47 6
41 49 1
41 51 1
41 54 10
41 58 10
41 60 10
41 61 1
41 62 1
41 64 8
41 65 3
41 67 5
41 68 8
41 69 7
41 71 1
41 73 3
41 74 3
41 76 3
41 78 6
41 80 9
41 81 8
41 82 1
41 84 4
41 85 5
41 87 5
41 88 7
41 90 8
41 91 1
41 92 10
41 94 4
41 95 7
42 43 10
42 48 6
42 49 3
42 52 10
42 53 3
42 54 6
42 55 10
42 57 5
42 58 10
42 59 9
42 62 6
42 68 7
42 72 6
42 75 3
42 76 2
42 78 2
42 80 1
42 83 2
42 84 4
42 87 3
42 90 4
42 93 10
42 95 6
43 47 9
43 50 9
43 52 1
43 56 9
43 57 1
43 61 10
43 63 1
43 67 2
43 72 7
43 73 3
43 75 10
43 76 3
43 78 9
43 79 5
43 82 3
43 85 4
43 88 1
43 90 6
43 94 9
44 45 10
44 53 7
44 56 7
44 57 1
44 59 9
44 60 3
44 67 2
44 71 10
44 72 5
44 73 3
44 74 9
44 76 8
44 79 4
44 81 2
44 84 8
44 90 1
44 91 5
44 93 3
44 95 8
45 48 9
45 51 9
45 52 9
45 55 7
45 56 5
45 57 4
45 58 5
45 59 10
45 62 4
45 65 8
45 67 6
45 68 10
45 69 10
45 70 4
45 72 5
45 74 7
45 77 8
45 78 5
45 79 10
45 80 8
45 81 10
45 82 5
45 85 3
45 88 5
45 89 8
45 92 1
45 95 10
46 47 1
46 49 1
46 52 7
46 54 6
46 55 8
46 58 8
46 59 8
46 60 7
46 61 5
46 62 9
46 64 8
46 65 4
46 66 1
46 67 9
46 69 1
46 73 1
46 74 4
46 75 6
46 78 9
46 79 8
46 82 4
46 83 4
46 84 1
46 86 2
46 87 8
46 89 9
46 90 7
46 92 5
46 93 10
46 95 10
47 50 8
47 51 5
47 54 4
47 55 2
47 57 5
47 58 5
47 59 9
47 60 3
47 62 3
47 63 10
47 68 8
47 69 2
47 70 2
47 71 5
47 72 6
47 73 10
47 75 8
47 78 3
47 79 9
47 80 8
47 82 3
47 85 9
47 86 5
47 87 7
47 92 9
47 93 5
47 95 3
48 49 1
48 51 5
48 53 3
48 54 3
48 56 3
48 60 1
48 61 5
48 62 10
48 63 9
48 67 9
48 69 7
48 70 9
48 72 4
48 73 6
48 74 1
48 76 1
48 77 6
48 78 9
48 81 8
48 82 10
48 83 5
48 84 5
48 86 7
48 87 9
48 88 3
48 91 4
48 92 2
48 93 5
48 95 9
49 51 7
49 52 6
49 54 3
49 55 9
49 56 6
49 57 4
49 59 8
49 61 2
49 63 7
49 65 4
49 66 9
49 68 3
49 69 8
49 70 7
49 72 9
49 78 3
49 79 8
49 81 1
49 85 9
49 88 1
49 89 7
49 91 7
49 92 6
49 93 9
49 95 3
50 58 9
50 59 5
50 60 7
50 67 6
50 68 8
50 72 5
50 74 5
50 75 6
50 76 9
50 77 9
50 83 5
50 89 9
50 90 8
50 91 4
50 92 3
51 54 5
51 58 3
51 59 9
51 61 5
51 63 8
51 64 7
51 67 7
51 68 4
51 69 10
51 72 6
51 73 9
51 74 8
51 76 10
51 78 2
51 79 1
51 80 9
51 81 8
51 86 10
51 87 8
51 89 2
51 90 5
51 93 2
51 94 3
51 95 6
52 53 4
52 56 1
52 60 7
52 61 6
52 62 4
52 63 8
52 64 8
52 65 2
52 68 10
52 75 4
52 76 5
52 78 7
52 79 3
52 82 4
52 84 7
52 87 9
52 89 5
52 91 9
52 94 2
52 95 2
53 54 7
53 55 2
53 57 3
53 62 1
53 63 5
53 65 8
53 67 2
53 70 6
53 72 5
53 73 4
53 79 9
53 82 5
53 83 3
53 85 7
53 86 10
53 87 8
53 88 5
53 94 4
53 95 7
54 55 2
54 56 3
54 57 6
54 58 6
54 61 7
54 63 9
54 66 10
54 68 2
54 70 8
54 71 4
54 72 9
54 73 6
54 74 1
54 77 5
54 78 2
54 80 2
54 86 4
54 87 5
54 88 8
54 89 8
54 91 7
54 92 5
54 94 9
55 60 10
55 63 7
55 64 3
55 65 10
55 66 3
55 68 5
55 72 7
55 73 7
55 74 3
55 76 10
55 77 3
55 78 7
55 79 8
55 80 4
55 82 9
55 87 3
55 88 4
55 89 6
55 90 1
55 93 3
55 94 10
55 95 2
56 62 9
56 67 8
56 71 1
56 73 4
56 78 8
56 79 3
56 80 10
56 83 7
56 84 5
56 85 8
56 86 3
56 88 4
56 91 7
57 58 5
57 59 4
57 61 4
57 63 3
57 68 3
57 70 2
57 73 4
57 75 6
57 80 4
57 81 1
57 82 7
57 83 10
57 87 10
57 89 1
57 90 8
57 91 7
57 95 3
58 61 4
58 71 3
58 72 7
58 75 1
58 76 4
58 77 3
58 78 9
58 79 9
58 81 7
58 82 3
58 84 1
58 87 1
58 90 8
58 91 10
58 92 4
58 93 5
59 60 2
59 61 8
59 62 3
59 64 9
59 67 6
59 68 4
59 72 3
59 75 4
59 77 9
59 80 6
59 82 3
59 83 10
59 84 7
59 90 10
59 91 7
59 94 1
60 62 3
60 63 8
60 64 4
60 65 10
60 66 6
60 67 6
60 69 10
60 75 5
60 77 10
60 80 10
60 81 1
60 83 7
60 85 6
60 87 4
60 88 7
60 89 3
60 90 2
60 91 5
60 92 1
60 93 4
60 94 8
61 62 6
61 64 3
61 65 4
61 69 1
61 71 6
61 72 9
61 73 3
61 75 5
61 77 2
61 79 7
61 83 10
61 85 5
61 86 2
61 87 5
61 88 5
61 91 4
61 93 6
62 66 5
62 73 2
62 74 6
62 75 5
62 76 1
62 77 3
62 79 1
62 83 10
62 85 8
62 87 8
62 88 6
62 91 9
62 93 7
62 94 2
63 65 8
63 66 10
63 70 4
63 73 9
63 75 9
63 77 4
63 78 9
63 79 7
63 80 7
63 81 7
63 82 1
63 83 3
63 84 7
63 85 3
63 88 7
63 90 4
63 93 4
63 95 10
64 66 5
64 67 2
64 69 3
64 71 3
64 72 9
64 74 1
64 75 1
64 77 10
64 79 7
64 81 7
64 83 10
64 88 1
64 93 2
65 66 7
65 67 10
65 69 1
65 70 3
65 71 8
65 72 3
65 74 1
65 80 8
65 81 4
65 82 2
65 83 7
65 84 8
65 85 9
65 86 6
65 87 4
65 89 1
65 90 8
65 92 9
65 94 2
65 95 2
66 68 6
66 69 3
66 70 6
66 71 1
66 72 5
66 75 7
66 78 1
66 79 9
66 80 4
66 84 6
66 85 7
66 86 4
66 87 2
66 89 7
66 90 4
66 91 9
66 94 3
66 95 6
67 68 9
67 69 6
67 70 8
67 75 1
67 76 1
67 78 8
67 83 6
67 84 10
67 86 8
67 87 5
67 88 9
67 89 2
67 94 6
68 71 4
68 74 3
68 76 10
68 77 7
68 78 3
68 82 8
68 85 5
68 87 6
68 88 5
68 92 3
68 93 4
68 94 5
68 95 2
69 70 3
69 72 10
69 73 8
69 76 4
69 79 5
69 80 2
69 82 2
69 85 5
69 86 8
69 87 8
69 93 7
69 95 8
70 71 1
70 72 1
70 73 1
70 74 9
70 78 2
70 81 8
70 83 2
70 84 2
70 87 2
70 89 6
70 90 10
70 91 3
70 93 7
70 94 2
71 72 2
71 77 4
71 79 2
71 80 4
71 81 5
71 86 7
71 89 10
71 90 6
71 92 10
71 93 3
72 76 8
72 78 8
72 83 9
72 84 6
72 85 1
72 86 7
72 87 1
72 91 10
72 94 7
73 74 10
73 78 2
73 79 6
73 80 5
73 81 9
73 85 5
73 88 4
73 90 4
74 75 3
74 81 10
74 85 8
74 88 10
74 90 3
74 94 5
75 77 7
75 78 10
75 80 5
75 81 3
75 82 4
75 83 1
75 86 1
75 87 2
75 90 7
75 92 4
75 94 8
75 95 6
76 77 3
76 78 7
76 81 7
76 82 8
76 83 2
76 84 9
76 85 7
76 87 3
76 88 10
76 90 9
76 93 8
76 94 9
76 95 9
77 78 5
77 80 1
77 81 7
77 83 3
77 84 7
77 85 2
77 93 8
77 94 1
77 95 3
78 79 8
78 81 6
78 82 4
78 84 1
78 87 10
78 90 1
78 92 3
79 80 5
79 82 7
79 84 9
79 85 2
79 88 5
79 89 4
79 90 8
79 91 7
79 95 10
80 82 9
80 85 3
80 86 1
80 87 7
80 88 5
80 93 9
80 94 5
80 95 2
81 84 10
81 85 5
81 87 1
81 88 3
81 89 1
81 90 7
81 95 4
82 84 6
82 85 3
82 86 8
82 88 8
82 90 4
82 91 8
82 92 3
83 84 10
83 86 6
83 87 7
83 88 7
83 90 2
83 93 4
83 94 3
83 95 1
84 88 5
84 89 10
84 90 6
84 91 4
84 92 3
85 88 6
85 89 9
85 91 3
86 89 3
86 93 4
86 94 8
86 95 7
87 88 1
87 89 2
87 90 1
87 92 7
87 95 7
88 89 1
88 93 6
89 90 3
89 93 6
89 95 5
90 93 3
90 94 8
91 92 4
92 93 1
92 95 10
