128
593 218 543 755 180 -825 -819 446 741 110 756 150 655 460 -31 -610 -28 449 -672 75 -222 -615 93 -764 -316 -810 -824 -926 -907 956 -941 -268 -161 680 -859 162 193 830 833 -709 -576 -803 976 -179 52 257 26 400 -941 -954 964 -752 75 -253 228 518 313 -646 -96 -607 -809 795 -364 -874 -159 432 418 -767 88 264 771 967 -352 -845 -148 -422 692 -217 972 -200 -951 605 -463 304 528 59 955 -735 757 -321 -408 -191 -331 772 -129 312 540 612 968 -729 620 -517 -24 -409 -214 355 378 -910 354 -94 -423 -648 714 -20 -710 -881 -620 181 342 -437 510 983 294 -506 131 -867 -233 -532
-716 394 -356 -907 737 -375 835 80 769 -478 912 584 386 773 -955 693 -614 -362 195 642 636 693 586 935 -378 -744 796 -205 390 216 -48 -121 -675 -587 -269 -431 -676 423 -839 500 27 50 -656 416 921 -332 -603 -508 -915 -545 -320 685 154 798 379 -56 706 -427 736 -532 466 -775 448 -931 -390 -135 -785 -273 -80 184 957 -728 170 -24 608 783 -647 -379 -35 -585 262 -325 -635 -846 452 964 828 884 245 450 229 389 281 309 -728 -542 417 -870 -202 -206 705 369 132 960 -429 -119 -110 121 713 938 976 883 -406 -450 38 71 382 717 417 -771 821 -125 -450 627 -767 -928 -465 -918
-428 301 346 878 -429 582 145 -145 -310 904 -116 832 458 -24 -398 -852 -611 205 -249 -512 698 811 95 -888 532 941 929 -246 733 750 711 313 -73 -524 -671 -649 699 -790 9 -789 -77 -711 -15 -885 593 -350 280 -11 -13 -822 988 -512 398 -142 -358 -774 967 -958 497 109 -543 -126 756 515 832 725 45 -254 -132 -926 111 263 865 96 341 -5 -381 941 310 148 -817 955 121 -261 -131 152 -187 261 146 -488 945 64 -543 -399 763 -356 977 755 -460 3 -966 -222 -440 -394 617 -319 -613 -362 -332 -83 -273 428 295 -349 642 773 236 -289 -715 430 -696 802 695 -520 610 -881 -17 615
-640 770 -631 -291 -118 477 -409 606 95 -543 -359 -545 -746 213 -248 480 541 502 -244 228 -963 -5 -19 -183 175 932 118 808 -57 719 917 -454 -625 406 175 212 -657 -520 -911 913 -969 418 -430 -629 863 -966 -956 502 774 -488 969 105 342 -750 946 -727 -359 786 -430 -444 -123 470 -47 295 -846 19 348 77 -851 487 986 -444 -203 -566 -870 -643 610 256 -536 128 -475 -562 -306 -54 -918 -10 -921 -428 -405 80 479 529 -769 -729 -170 532 911 110 -221 -405 888 -803 421 12 44 524 -619 -118 -909 -950 471 484 400 42 -913 -278 -194 235 -287 -787 -535 -877 944 -462 -264 -969 -696 451
1000 985 184 402 853 559 -682 -325 -367 140 6 -651 -857 -739 -26 -684 377 690 657 -898 -331 -58 -541 359 -650 -291 747 540 -105 -422 876 -983 162 -790 750 -201 -553 144 -925 -682 376 -562 -973 -30 897 301 -664 213 277 -791 -298 -487 307 11 898 744 775 292 -893 594 -595 -829 534 266 -927 -540 587 -530 -782 -298 237 -592 -43 902 63 -314 -139 -499 370 683 -329 627 227 95 -52 606 833 274 -304 -309 -740 -456 -944 920 -199 666 665 -357 850 73 266 -701 -630 655 779 905 382 -652 311 690 839 666 309 996 685 805 -891 162 37 554 181 -810 -566 -477 -461 -854 154 -51
573 483 -441 -690 516 -821 910 710 399 26 500 -287 988 -241 300 -571 449 -208 838 591 417 -628 -974 -299 698 9 -655 -121 74 496 -612 998 -110 833 318 -975 -877 323 -276 505 -395 604 -619 -304 455 -486 453 -974 -512 236 515 -817 -220 544 154 533 962 217 981 870 202 156 468 -85 156 167 -149 -571 636 -929 -151 747 -399 405 -922 437 -516 -731 -523 132 -42 -758 -871 -740 34 -527 452 -401 802 -280 -630 902 438 -941 453 319 543 443 -94 14 49 931 984 401 7 808 -791 -427 -320 916 880 318 631 704 -438 -489 -176 -124 530 -314 -658 -596 229 -645 450 200 20 645
334 -976 215 -63 264 -382 -130 -192 -374 -886 403 -573 774 -148 -965 -458 -42 753 -836 438 369 908 585 -592 922 -120 -56 -232 -605 48 -828 387 -641 506 526 385 -28 -719 -98 362 -209 189 -184 -700 50 17 874 414 248 -815 -62 460 -534 -866 -452 976 26 -560 -856 -783 -228 -449 378 -549 -156 781 -549 -285 -422 -157 557 -572 -950 599 -36 27 -504 743 -80 -661 177 -667 -385 638 781 878 959 105 17 328 489 -309 145 -952 601 930 -14 -706 -542 -262 -436 -947 591 402 -849 -997 931 44 -211 417 482 -159 165 -961 -215 415 512 -976 232 -943 292 -731 512 -231 -266 80 -538 396
-244 -817 -281 -38 -639 -925 -9 -584 721 685 594 316 708 308 179 757 552 901 -254 676 -202 -633 872 42 -649 89 623 -160 112 747 -59 141 552 918 767 280 -646 -103 -183 490 821 -223 -133 174 -191 147 984 -792 45 -615 592 176 260 -456 917 -710 61 -470 -885 -381 -879 -388 -439 297 -568 870 172 -169 -244 98 -966 -676 -737 299 -29 855 -487 931 -348 -847 153 977 774 119 -228 214 803 419 364 -22 -504 726 -688 568 118 308 17 83 387 331 -548 211 -306 -111 211 911 831 522 927 -168 908 -701 -352 256 -216 686 -172 -714 -331 362 -186 447 -757 -306 942 835 -223 -478
-841 817 440 -791 -787 847 -760 -577 309 354 913 172 439 566 259 466 -394 -54 -919 536 -624 -772 288 355 752 -467 758 382 689 -784 -66 -810 -675 -492 368 741 -508 -933 -964 -359 -376 -810 -273 -385 453 -720 -450 -495 -466 900 911 618 2 -117 776 770 126 742 -305 939 -964 -988 224 998 -183 -16 333 530 -476 683 959 -830 -415 -111 107 -726 782 -453 512 -746 -163 400 701 711 544 616 576 -869 -653 -913 -280 -537 -285 -333 764 -876 525 858 132 -380 177 -126 -955 -977 212 614 -357 414 997 170 462 -141 439 -892 775 515 333 -281 -660 -494 -827 -67 -889 217 427 -224 -763 -346
-898 -475 554 -976 831 -91 -223 -348 917 185 -239 721 622 210 812 -914 -32 99 705 -525 686 683 -31 -566 -810 -61 734 -989 -393 592 639 222 799 -715 -751 -711 690 472 -328 -138 728 383 -45 -41 637 711 -851 345 -900 641 383 906 805 905 546 -119 -21 133 -141 -871 235 70 -496 -751 70 -930 -721 595 -801 686 445 -233 -864 730 35 -445 935 940 -347 649 -354 -974 213 -899 152 437 900 -815 -473 839 296 671 635 232 313 355 357 -412 -890 -221 185 620 181 -373 -462 -448 -489 41 383 854 25 290 859 842 -697 31 763 227 187 632 -496 637 483 -149 -388 -697 49 -120
-223 651 -708 476 741 -794 787 8 -334 804 -654 -50 -566 -743 -307 312 647 174 553 196 -320 -890 -86 -800 -344 331 839 638 929 586 922 -172 46 232 579 -989 -746 -785 748 49 -925 250 -441 -619 634 -167 644 319 726 128 447 -687 -547 530 -362 510 -284 22 -585 14 -466 -717 -408 -549 -353 -130 737 -245 -528 -164 515 714 -853 918 732 -733 -795 -663 -926 -886 -853 534 797 -966 -667 -467 450 838 -440 832 713 750 664 871 -720 480 -342 -80 -152 -936 887 -639 -211 150 -84 396 996 11 462 -803 125 159 636 723 -105 673 -515 553 322 -676 -200 -385 304 -333 -846 138 -699 -759
-655 340 -162 -497 -849 177 254 27 -693 -16 -14 -175 -918 331 22 -847 -501 -405 801 -84 359 298 412 548 -537 -266 512 496 224 831 -148 648 777 958 614 883 941 705 89 -965 940 -905 172 -966 492 -875 260 -285 444 -510 -849 527 729 133 513 354 810 585 -99 -855 118 667 921 -445 614 336 67 649 -332 -379 -766 315 354 932 789 537 344 -289 344 746 -139 -83 -842 -19 70 846 424 42 645 957 -182 755 329 -687 -609 -20 555 -465 699 -924 -247 336 894 47 -541 -709 -31 834 114 687 -583 -133 776 -322 -392 -838 67 -487 210 -193 300 -284 -195 449 -196 550 -430 520
973 704 -959 -887 814 -361 -911 -36 -383 -416 68 506 -977 359 200 -760 -85 -197 170 -261 -829 -199 -778 551 -126 580 -295 456 -685 110 375 572 384 566 761 -261 537 942 334 435 -559 -73 482 309 -159 331 764 -394 -976 631 -543 -973 -182 -925 -474 820 -148 -272 -766 587 -302 173 530 506 -616 37 566 -738 973 520 777 667 278 -492 959 -571 431 432 727 -247 427 294 575 406 108 -709 -618 -708 -898 -20 364 -689 494 118 70 71 905 -95 -914 -217 -465 234 -424 631 -890 -276 -785 -399 -6 570 -243 -43 -574 412 89 169 -802 -828 -965 385 -820 636 347 -522 922 653 216 -202
-474 -530 -44 -535 242 423 204 -5 -621 -223 -10 74 -472 -659 -317 510 919 -579 -364 -81 -717 -301 -408 -808 -390 820 -573 -409 555 888 -453 525 -315 -47 -228 936 -230 -363 -229 -854 -302 921 -56 -842 876 396 -164 -601 303 -418 482 -595 -721 635 338 469 891 -568 24 -525 -973 793 548 -561 471 -84 10 777 -117 646 -87 -438 727 -713 -839 -439 -262 732 605 950 -834 -382 -551 790 518 626 -739 828 -123 -931 14 689 40 21 -490 15 -77 53 -894 191 -518 -818 -902 269 -779 527 733 293 343 737 -966 -147 -152 108 -933 -65 733 777 -468 -415 297 -266 778 -558 46 -369 694 -813
604 95 -200 -273 922 -94 992 361 -574 -362 -936 -799 789 990 166 402 96 -798 862 -53 -905 647 147 -376 14 -426 -306 12 -665 892 551 -675 -155 270 -896 -20 -289 966 114 -512 112 -818 30 766 747 696 550 983 939 -89 756 334 857 190 -296 212 119 -125 -241 -254 -535 272 -34 -526 -237 294 -930 363 125 -674 130 519 20 -723 -620 418 650 50 -35 -95 -995 672 -45 653 453 803 -740 -277 407 497 593 425 615 -482 798 455 282 -37 -170 911 -151 -371 36 -878 705 -362 748 817 792 594 -465 5 410 -753 765 -357 81 -951 469 -641 467 738 -968 164 -603 -437 -260 -914
-66 -478 253 268 -874 -56 -899 805 733 668 875 62 -456 -983 658 -587 38 -454 24 397 400 294 903 -746 -385 -997 889 -328 -696 -245 236 -884 -814 333 -891 247 -248 -14 -80 404 810 -554 534 -131 542 974 -505 518 388 132 -425 886 -9 555 293 754 -385 -927 166 -600 -861 449 -879 -491 619 386 99 -269 -476 224 354 451 141 501 -625 -909 -881 -141 517 -213 873 240 -2 -182 -824 735 -492 -920 838 -9 740 -712 202 -606 -657 -339 -259 932 -741 933 -883 -426 759 -603 314 206 491 -445 397 413 -163 -566 681 900 688 -962 -103 708 663 876 -439 449 -968 -483 753 -878 91 -729
-644 183 -239 400 183 -601 562 -816 997 -618 879 417 878 255 550 182 680 148 595 421 654 -673 451 242 348 899 -396 -502 173 836 -167 217 460 -672 746 248 -234 920 -217 550 929 -513 -835 -926 390 -834 210 -365 -55 -542 602 -92 -263 515 -581 -562 275 401 814 -124 513 845 60 469 208 -751 248 514 511 -259 140 637 -333 -129 -181 825 583 302 773 -492 33 516 -839 734 464 -11 -348 180 -462 -448 104 302 689 305 409 -319 -403 384 272 545 -795 506 146 87 -673 249 27 -197 983 99 -476 830 708 252 740 743 -234 -647 162 72 492 -798 -312 444 306 -957 19 -961
-489 -832 439 -726 -420 434 -785 -855 -215 -351 595 875 -198 0 -494 -10 -10 816 -945 900 432 2 -968 702 6 205 704 -45 343 456 -913 -972 594 564 -577 -400 -679 -199 343 -857 356 -468 805 -818 434 394 356 -418 843 515 -291 584 -720 997 810 745 -332 244 358 966 -748 -813 80 -299 193 -702 606 -825 639 -219 381 -667 -138 -868 359 54 485 724 174 -837 -170 -903 -396 200 172 614 525 -673 250 155 -244 -934 -675 10 427 484 -39 574 -474 356 578 -424 -282 871 353 -537 -965 -614 822 179 611 97 172 599 359 -9 248 104 725 -670 -693 -74 504 -14 231 415 51 758
286 218 -339 -614 -58 -618 485 737 -183 -944 23 -789 -599 539 -873 -748 -991 -177 -918 -775 -650 -32 -987 135 220 -630 109 66 357 -762 29 -993 436 540 -939 -546 -160 -59 -881 807 -876 363 862 -848 -61 191 687 -632 825 -905 450 -781 92 66 145 787 -447 -839 846 895 379 644 -852 866 479 662 -796 147 851 391 504 -435 -636 -324 867 -582 -521 900 -433 641 23 753 721 632 -195 -575 271 -712 782 -135 977 -276 990 13 -763 -955 -494 942 812 910 -77 240 467 854 -97 631 172 271 -263 -962 26 -206 960 403 588 829 206 -574 -160 -501 -473 845 825 190 145 613 -901 11
98 -505 131 897 133 694 -140 -504 -585 416 -868 -606 414 384 837 721 888 -688 -729 -731 577 313 -38 639 -497 809 618 88 120 -417 -541 -969 35 -251 636 707 -532 571 640 -283 -960 -324 -185 -168 -200 687 691 -448 -701 269 -218 389 556 -199 721 746 -261 833 728 -66 -153 816 625 -609 -807 -115 -677 -315 588 -653 826 914 -768 302 -959 -268 -403 975 -71 -347 -171 236 -563 -321 322 535 -824 143 287 -519 726 -715 355 -965 104 661 504 -367 -749 -291 553 -860 -424 467 841 -374 317 -53 -31 -205 442 -14 321 819 -95 202 616 823 260 866 -577 -410 -806 544 671 773 -468 334
-365 -313 -630 415 -824 400 667 940 -928 -924 -79 -96 86 208 -453 924 -68 -236 -332 295 -303 684 185 342 638 202 343 -172 -241 -398 18 -322 -673 -366 -221 -274 -660 -629 217 97 -567 -160 -480 871 -126 538 -801 503 970 -315 -101 -867 17 -117 633 433 -990 -69 -367 724 -952 502 -850 953 -272 -202 386 894 409 -966 102 726 216 514 702 -43 -536 692 -805 -361 959 -775 -885 -643 -292 -712 -901 133 765 60 -276 293 397 -700 -749 275 -839 -857 651 -460 323 -671 197 559 368 927 879 93 797 947 -61 -912 735 -76 -410 -83 -569 -746 721 -585 227 257 844 -519 -638 -512 710 -176
-160 361 17 499 63 868 795 -576 -681 -983 263 -652 -12 75 602 -42 -771 -357 -863 -960 -779 282 -321 251 -630 14 69 -89 843 704 666 -60 -713 96 -566 -385 -960 406 667 956 -865 950 -486 -259 -271 -433 276 428 526 -208 -639 107 458 -585 -742 421 868 120 203 -112 -323 -602 660 -366 131 -943 969 397 747 -324 -470 601 620 41 -948 -132 -488 -668 38 856 -394 201 200 -447 -518 -158 -410 -551 583 209 -782 203 -37 119 231 -912 -40 431 -894 785 498 217 -661 -55 -236 566 -606 -858 -355 -867 -108 253 473 953 28 263 90 -465 774 -325 -347 -481 463 -135 153 -74 56 576
9 -627 -807 93 27 867 227 978 233 626 -738 190 -75 320 -319 -258 -198 916 847 -672 157 34 -562 -897 34 -155 -444 -144 891 824 458 -504 507 -494 -542 -760 -535 59 549 102 928 -705 -91 57 -141 238 289 -368 382 430 103 16 -40 974 -733 -503 -476 -889 870 467 950 625 866 -182 -557 -929 993 -637 881 -376 646 -870 173 -461 971 378 492 -466 -711 984 889 -261 775 -596 621 56 969 28 -963 -391 -119 -761 989 -876 -893 -709 450 -23 -101 -604 614 -260 825 850 372 -703 -172 709 -350 -814 -307 -968 767 -65 194 -265 -910 755 211 750 -958 271 -319 -801 228 -474 130 479
127 -667 690 -209 348 908 467 -302 -344 -260 149 -689 -837 -865 448 757 483 351 -18 389 522 180 -890 -847 359 -514 -861 -656 944 11 -381 -326 589 805 923 598 743 859 -872 414 831 -293 400 -101 907 -407 -313 -397 -629 350 -963 523 -86 -273 165 -149 -960 -519 865 125 116 -746 89 576 383 -1 138 767 -901 830 987 506 475 -705 -678 558 692 -61 69 102 -215 -320 -683 317 308 -936 453 158 224 307 -592 -822 -44 -852 -472 325 538 -106 499 270 -659 -647 -464 -247 993 -707 -168 859 524 305 -769 353 370 169 -279 -50 -802 -382 841 -369 652 -846 -267 -996 -59 -879 -187 765
-799 -402 -373 502 272 -224 -388 353 -588 -934 -356 87 -122 857 -136 890 121 -19 45 -814 204 562 -874 674 -200 -966 -78 886 -983 -696 724 -404 586 571 -636 -965 41 -234 -685 804 186 -680 -484 484 519 -115 -523 212 -924 -784 5 -371 -112 75 655 -69 504 -35 173 -771 -330 -346 -376 517 -201 -894 627 -638 859 896 328 -392 37 45 -502 905 449 418 265 706 -75 775 436 -412 560 866 -663 -194 -864 -464 472 964 512 511 150 910 -482 -427 173 -194 -646 -143 128 -465 570 -84 683 423 -934 -357 -39 -518 721 564 848 -629 911 379 264 -770 99 -152 105 783 969 -74 -271 745
304 746 404 484 122 462 478 -530 -596 -775 -556 -347 -571 -563 -279 638 -196 157 -948 -571 -526 -855 -817 97 -826 296 546 147 375 672 126 -389 -764 -876 29 967 -161 -245 278 9 -703 -71 216 -220 919 60 652 211 873 -283 -628 -362 139 -175 882 -822 589 -316 -167 -589 -131 609 576 -312 541 -73 -3 -244 702 187 350 -204 619 -82 -518 362 307 956 550 -611 -418 -144 -956 -925 -560 855 -986 -772 -948 768 672 -380 224 -452 524 948 -882 -793 518 341 -166 387 807 323 879 414 304 26 733 -464 796 48 -547 -589 -88 223 725 -386 351 284 -10 592 -915 345 -110 422 -331 419
-980 -727 302 249 264 -953 -568 -166 -991 -772 284 -423 169 -212 -990 192 603 -336 -164 -802 556 907 16 863 752 -152 675 614 -663 -110 672 -551 107 175 -57 553 683 -598 739 733 -475 -148 196 -470 -340 390 -389 673 -676 621 692 -171 -821 -462 -963 -73 126 733 485 -352 -407 309 -368 -390 -338 623 935 -677 423 -223 172 -481 -82 658 987 642 -7 288 972 391 -349 781 788 -841 -539 454 -549 761 -476 417 841 90 -92 547 58 26 891 -212 241 -237 -304 -464 -184 582 273 -318 -907 -300 -204 -914 360 -283 725 132 112 921 591 -436 318 -263 -330 -870 770 473 -720 880 369 508
20 -998 -568 292 218 -70 -886 36 354 464 837 884 -639 310 -541 -63 -682 -282 -947 -34 843 -472 473 -437 -697 -261 356 -432 -448 127 -406 822 -770 349 -254 962 154 708 -425 143 917 881 193 279 597 -646 -301 -163 154 -169 -51 778 -417 -3 305 -93 204 648 -270 227 -87 -411 489 -470 -644 -263 290 290 -77 82 -221 345 606 -376 -132 544 -477 670 265 -257 805 -997 117 130 -386 0 377 964 -583 662 642 983 733 277 257 846 548 -781 -69 -873 442 -249 849 -281 -688 -327 -710 611 559 696 988 457 -438 695 57 -70 893 69 -442 404 850 583 311 -401 -958 -940 694 708
808 -802 691 -587 929 120 917 861 416 472 -337 -331 638 122 -98 0 110 78 78 212 -1 -545 347 86 -278 -47 917 48 -901 -474 877 753 493 829 -3 -607 -18 88 420 367 658 -311 -769 -774 403 -424 867 -392 357 851 -842 -26 616 -205 877 621 -553 519 -976 13 253 447 682 -135 -361 550 317 -770 788 333 386 -191 74 144 -386 277 66 280 -960 -235 -637 172 822 -556 124 916 592 -882 -53 732 -532 -181 -565 -670 144 784 650 668 -217 33 -264 -599 -110 471 155 802 -720 -726 576 -596 -312 203 540 -387 -989 193 -448 -664 7 -50 -293 -905 -131 -580 -487 276 4 -870
-535 916 -993 -19 573 112 -887 837 58 689 -839 -579 975 -56 400 46 -461 -488 -689 449 583 -399 150 463 -518 -183 -377 935 -885 440 -615 186 -23 -528 185 103 -985 -393 -678 286 699 51 221 419 21 1 -788 402 -179 -510 -976 -807 981 323 786 -42 -482 -665 -370 525 550 -717 -396 694 446 598 632 210 442 -430 -262 -328 -286 -613 112 128 -138 683 255 -438 -498 592 696 396 -690 -589 558 -985 -279 86 854 -875 -115 185 984 625 348 -968 -814 594 507 -827 -772 -603 659 -643 -570 -377 804 362 973 300 -119 -539 -100 398 887 341 31 -506 -80 -407 563 -784 -972 -563 -662 798
279 -884 347 956 -227 419 -779 731 -335 574 -829 -660 741 -911 -213 362 660 -907 -927 -812 211 221 537 -986 262 355 922 -844 544 308 989 -573 402 213 565 611 -732 -143 984 380 801 32 267 -797 -356 885 397 -118 -927 564 -166 466 -553 894 623 -371 993 -598 925 852 931 242 390 610 -382 615 869 43 -988 114 -342 -51 -985 953 435 -271 734 -870 886 462 -875 982 -870 795 213 -403 774 -786 -573 -542 561 -779 899 666 -887 816 -981 -361 -17 -599 -430 -805 -657 786 599 556 509 986 829 419 987 587 -908 528 919 -349 -461 301 801 700 -47 -451 778 874 84 -63 -568 145
-160 -633 967 561 -479 208 250 399 -412 540 -370 65 -273 -715 975 821 -47 660 -685 -34 772 147 85 845 -657 400 749 -232 -184 299 -950 633 999 829 -127 -458 -43 133 -273 280 -77 912 618 -646 -185 -381 726 -80 -734 8 820 401 653 83 -923 -333 865 800 348 674 709 331 -655 508 290 -292 -431 620 -749 -35 -301 113 248 745 550 842 250 722 518 -80 -983 -817 717 -368 48 481 838 723 522 -784 748 892 158 -346 65 -146 -346 712 764 903 -914 -675 921 93 -825 -52 820 756 -277 758 -720 -343 347 -723 770 493 628 -96 411 977 -144 388 -942 -85 312 -528 959 803
-25 661 -636 604 -422 536 711 818 -572 -162 -534 236 -450 611 843 910 -229 582 -186 255 586 20 121 -367 -59 -352 -576 866 -746 780 -865 -978 -632 -713 574 -929 -101 -813 430 98 210 833 -678 343 -297 -980 329 277 271 990 351 855 -969 259 947 -137 -883 -968 300 934 764 -289 308 85 -769 51 142 867 342 514 -844 -413 -842 267 -375 856 -357 -235 -642 608 -231 -86 608 -5 368 495 -306 -393 622 -175 56 298 366 429 -349 -758 -690 315 -823 -980 -466 -920 749 -969 292 -465 620 -348 909 -924 239 -59 -466 -947 -323 -177 -680 301 365 -379 538 189 410 -654 -175 -263 543 -845
890 357 -479 446 151 522 -900 -957 128 897 -747 -482 -431 -565 959 934 -622 459 122 -107 -28 -128 -907 -812 -698 418 -284 19 -665 -984 797 898 -538 -492 812 414 -570 940 198 -261 -563 214 362 11 204 559 227 504 -984 -792 939 196 -441 109 -966 378 -474 -157 -148 -192 -57 -722 -752 332 -120 -404 -484 832 414 945 846 595 945 -208 -130 878 -384 -765 367 -385 230 184 -348 -147 388 728 -353 425 -162 548 20 -706 466 254 77 821 626 929 823 -537 -237 -178 -631 879 -402 469 -988 -901 -268 -484 -442 911 238 -865 -423 614 642 932 648 -393 -127 -903 -686 800 -402 -99 -761 -223
-839 -296 623 -681 -999 343 26 3 313 392 466 -25 -247 942 60 860 -475 529 -370 3 114 358 106 -170 341 -937 329 122 510 638 -541 -332 -783 -525 -694 389 -379 -177 486 339 -411 -147 -517 533 917 -52 119 90 -882 -893 839 87 -214 -366 153 -581 -356 272 -116 673 -666 -105 516 386 94 -760 682 -108 810 -293 -768 -750 -232 360 946 393 618 715 88 237 -161 -8 808 -442 -611 -437 840 730 -182 -86 -31 -136 858 201 783 -626 387 394 261 760 -36 -609 973 166 932 -243 493 -456 559 -449 965 521 538 -92 -171 -107 -960 -186 204 -505 677 -216 -437 -204 223 891 -633 -66
-635 893 190 -650 656 -594 -719 -63 -322 -656 127 629 837 363 -174 113 308 -917 2 -697 -779 343 -712 -650 -625 670 -738 -520 -888 -769 -271 116 -648 -411 -584 785 -615 365 639 57 362 -362 268 -907 -398 20 -798 955 33 -223 -700 640 -110 -975 321 -149 -163 64 205 -520 778 -726 849 262 -576 118 761 478 251 -848 -741 -192 -85 -110 -889 -517 -407 686 -982 473 965 442 -659 629 -662 153 -966 506 435 -638 270 -23 504 143 106 422 -960 21 -92 -128 -166 -422 122 -133 903 -568 -634 76 -242 268 109 -896 -413 -197 114 345 -398 67 -936 -890 -251 153 -380 -642 -171 628 176 425
-770 -588 492 -469 -21 -64 -976 894 624 -516 -292 -805 950 -733 304 420 96 919 -409 -159 93 130 -674 -251 119 823 355 124 -120 970 937 420 300 777 279 340 -495 -986 -448 573 90 306 909 556 -252 -393 902 -407 688 226 -431 256 -705 491 -527 633 -372 -334 687 374 -622 264 -26 -535 -434 423 488 -305 992 415 -930 -948 363 238 -723 308 -340 699 -860 -477 999 -496 530 -629 348 -239 -620 -872 -119 61 44 17 953 576 -131 717 554 354 -13 862 -212 176 -480 607 630 197 -768 -202 802 -156 574 -234 -296 117 383 405 -487 554 716 -444 -30 44 222 -608 -112 903 82 -621
914 -194 748 -312 -726 -387 503 282 -946 409 -566 39 363 790 743 902 921 645 -611 -94 -663 343 -867 -622 -230 -637 -647 727 812 -848 200 -175 652 -800 -777 -946 333 -519 -791 640 792 144 -305 -918 730 884 643 519 -532 917 142 423 480 -49 298 262 -921 -249 273 11 367 -624 -556 -278 -358 106 -424 694 -550 -407 -566 -505 648 957 259 963 163 -685 295 636 -362 -345 -840 135 242 884 903 692 -757 -742 650 -657 47 -37 -951 977 -656 -126 -461 -77 -877 96 -803 449 -511 244 -950 151 187 295 711 283 -582 769 461 806 -972 -293 -359 192 875 50 -728 999 -865 372 -964 -900
52 -213 476 -150 318 339 183 307 601 538 937 857 -587 -189 310 678 -130 -506 515 697 -823 920 -268 142 299 738 -256 -616 -316 -928 560 909 -152 713 -393 158 414 214 -244 -830 -94 -191 -574 -498 -971 492 -264 -781 -636 -6 12 -796 198 -434 363 -270 190 -434 -364 933 -623 371 -182 537 993 640 -744 292 952 -211 -18 576 -335 -705 378 857 -1 -315 -638 196 -671 -943 -770 -599 477 -702 -429 623 9 746 105 371 186 -144 958 -443 -685 -539 963 639 -417 11 180 338 745 902 981 -178 648 835 -584 542 -199 304 -596 -34 580 167 735 -757 -543 810 -797 805 435 -676 655 -141
-862 938 -660 -477 -297 293 -128 124 832 620 -552 -62 -637 -406 925 -395 719 -919 633 -649 670 578 -317 -8 535 -477 711 -528 -735 315 -191 -984 -191 869 183 197 644 -962 918 -622 -664 -28 -747 936 148 526 342 -163 553 -366 379 -201 -960 263 837 -501 530 344 -633 839 -810 544 -967 -72 117 72 344 -712 362 -117 171 -249 6 419 -591 -619 16 82 982 -22 -743 606 -443 -958 892 -823 422 57 292 -436 920 -162 249 944 314 -233 -398 393 -28 -991 -130 528 723 353 -2 155 -607 -820 266 283 -798 448 -492 1 634 -51 -7 -339 -915 532 851 885 223 570 -117 -625 -950 -904
220 476 -435 -941 -189 96 497 -621 -525 98 -137 -110 -378 -628 685 418 381 -945 848 -741 -376 407 -548 721 -431 310 494 78 178 -368 154 401 -969 -973 344 882 -162 736 -103 -960 731 -214 984 -886 -984 -934 -292 726 490 -899 138 -431 -754 -325 615 820 -318 356 987 895 -335 552 -176 676 406 435 -918 787 242 -828 -831 990 648 9 185 -472 -955 185 387 -465 -323 -67 316 -654 -16 -260 -653 800 -20 -591 408 -528 348 763 432 -569 -738 465 597 -231 867 832 330 799 -241 -414 460 481 -560 -771 -620 -400 -181 -11 714 -862 401 -114 691 -613 -735 403 -437 565 840 -4 -803 -788
-765 -400 -578 921 981 55 586 952 -188 505 231 -744 -99 -183 -714 638 888 616 -696 -666 -298 -441 -4 104 966 637 -714 563 120 528 108 -568 -727 116 -278 -826 893 525 325 525 282 291 -260 -607 16 -239 891 589 -697 858 -54 353 -78 425 -494 810 -177 674 543 -883 -352 -949 -384 -576 243 -495 -213 -428 -995 -696 574 -974 -714 370 -399 209 894 667 471 98 366 575 -892 984 -232 -231 264 -633 368 41 40 -40 -252 -848 526 -266 903 -261 439 8 139 -86 -710 699 252 252 473 -997 346 921 783 255 -321 891 -470 910 63 -502 -942 433 -164 819 839 -457 -23 -604 -231 -289
103 310 592 -587 -581 -617 284 860 416 -764 -537 -460 -919 -560 855 -696 -625 -541 -512 -264 344 -687 -267 -898 -663 -75 831 990 18 490 -442 383 247 631 492 304 352 -251 505 -951 -346 766 -799 31 -963 -941 -766 -317 -927 569 58 88 953 -398 245 608 -423 580 563 -14 -621 872 536 -487 -419 -495 813 -628 -98 -250 -395 341 -863 894 458 -15 732 663 629 -685 603 675 -852 981 -59 -96 437 172 -800 -14 937 678 785 -977 660 659 -165 551 -439 -403 457 750 691 -58 -601 328 725 557 505 256 595 764 -673 644 250 896 -783 -768 506 -618 -444 325 -108 703 -449 454 910 48
711 111 -589 -56 661 851 -409 46 -502 240 584 -825 777 305 -975 881 -414 -352 -520 -513 335 774 423 2 199 656 -920 336 -751 575 -103 -429 -46 509 -674 -719 215 -297 486 115 -866 -805 -794 612 95 -209 -910 904 -424 619 746 886 117 453 -319 212 239 -681 8 -531 -533 -337 953 -510 -317 -429 144 -822 -942 -850 -893 823 -839 60 227 -25 -161 -530 -885 211 -491 -310 -428 440 -906 -478 715 383 62 63 -422 603 -382 -406 -237 -161 301 678 556 -951 -293 -706 -45 831 557 871 883 -444 -355 -399 -577 -281 748 -97 -373 713 -697 896 650 -119 -40 314 849 -931 -791 307 11 479
899 -581 822 50 436 601 378 -177 -65 144 -22 784 -146 -867 115 -359 -254 -384 -687 798 907 -955 945 -140 83 14 -559 568 500 286 -908 918 426 -635 993 376 211 627 -165 -693 -141 27 764 -449 -860 -890 -998 635 -325 -240 -917 -758 646 -493 549 982 -127 110 -130 -65 -600 769 -510 888 -778 -600 995 623 -837 -863 -901 151 -787 -452 -515 884 -122 719 233 514 -213 499 -962 -543 284 -386 -103 -639 711 317 -948 -665 151 -274 -598 -599 618 -664 -321 -756 -239 647 -435 -473 160 -424 817 995 -491 381 -573 97 709 -307 300 -776 882 955 -766 362 -423 -30 -33 755 967 -774 -512 797
-36 617 681 -638 -712 -263 -426 -225 -383 945 396 -32 935 -285 -851 622 -993 866 810 83 363 -130 -684 758 -790 -2 -917 -89 636 -488 871 680 766 15 309 -315 -396 474 -935 546 -332 -531 -110 880 335 663 -517 -52 -341 871 -291 820 795 -437 -158 -217 352 950 772 936 -296 109 -140 -563 -91 767 -825 -54 -135 -673 539 -650 -675 -353 -969 -681 1 315 816 -385 414 815 -569 146 487 -571 -432 562 -227 495 654 -935 -399 -595 618 -590 469 940 -381 -251 -420 651 -465 189 -896 -165 671 760 834 -637 800 458 987 -723 -306 -434 33 -351 -445 -518 -442 -805 -659 686 -741 203 910 -711
529 -182 -643 -424 -672 -332 -118 -100 832 486 206 -489 -27 -92 336 -333 -808 791 -700 -66 -817 -894 -369 -171 -753 -112 182 220 264 -244 -205 -648 783 -819 -615 505 409 955 111 824 978 658 728 -136 798 178 84 -660 -777 720 671 661 357 -130 -953 422 -309 -319 -373 710 -834 820 -658 849 833 473 -725 -740 395 -505 -653 227 -198 661 -271 -239 -527 609 -465 -694 973 237 306 -344 869 646 -129 -79 832 -909 545 -751 656 23 -301 713 -660 -430 631 -508 539 -182 -807 178 140 -207 -946 -45 -253 -812 838 -911 926 -192 -32 -534 -667 -607 -467 969 368 504 748 816 258 184 773 -284
-301 621 977 533 -788 521 966 -295 -341 444 -655 756 407 512 252 965 -979 79 -193 -912 1000 65 322 -125 576 -459 577 248 841 -629 -968 -890 732 -404 -307 596 258 -985 -834 700 -67 -935 -721 615 -63 104 -826 282 623 -628 82 557 467 763 869 260 -909 -961 -766 -676 -664 726 -143 -333 -743 213 624 980 -270 458 644 -130 -444 909 461 -415 -522 -607 -505 628 105 -339 -4 -907 953 962 231 -594 -993 -183 996 -368 -13 -37 900 -561 -545 -85 956 -326 831 563 -692 -507 212 810 -307 -427 744 -49 -284 -201 -340 -619 -621 861 366 -101 191 470 -122 -409 412 553 -658 -706 -76 622
690 114 438 777 541 841 -181 -252 899 454 916 279 381 854 -144 -441 -385 713 410 -552 -650 -310 -546 96 45 557 -628 314 -354 789 485 308 709 -337 499 -91 -384 174 341 -498 387 499 -777 172 201 -215 -880 423 -747 539 773 -277 581 -157 -53 944 680 -993 -119 520 806 -671 -964 356 -802 580 997 387 157 -233 -531 200 442 951 -520 -969 -609 429 247 -931 -623 -960 -184 889 -880 729 888 -486 458 898 -360 -490 -534 -871 -723 788 223 791 305 198 439 -265 -840 327 -150 -539 -611 813 498 -859 970 411 -136 557 -586 -378 -822 -832 489 994 648 632 -565 -920 303 -513 43 -874
221 -310 652 579 834 -941 -55 -211 -425 -495 -152 -495 665 -682 29 774 126 437 -155 407 296 -210 387 -709 359 279 184 35 -760 456 923 -33 283 611 -24 -851 -61 943 -796 -529 247 272 -945 360 -651 692 -638 -733 -266 396 136 415 -771 613 -903 555 88 -958 946 506 665 696 464 259 575 -235 -246 1000 381 126 559 1 -644 -172 261 -123 828 322 624 948 -507 438 355 -877 541 73 -31 -940 18 941 -820 402 -618 530 -481 230 923 197 -777 233 -700 549 -981 -201 443 355 -739 700 721 -187 -375 318 432 -345 -86 470 -740 -688 -660 -244 728 -308 220 -82 916 -341 -581 -340
-444 453 145 611 -308 840 783 933 216 -640 -563 -974 696 337 -414 -219 425 -892 49 460 238 28 -96 357 -643 612 501 882 -26 71 -599 281 -466 859 -594 555 890 -774 -147 -449 -441 -801 -553 922 966 -934 -162 -868 -92 287 188 250 280 -47 977 804 -42 -985 250 867 -640 681 -660 577 492 729 -95 196 497 736 121 232 -485 228 -95 -600 -322 -829 865 25 -777 382 -209 -156 -323 245 562 29 -473 235 -415 -924 -697 918 -743 -696 -12 -331 -611 -413 -891 -770 280 566 105 131 -594 -543 -620 -416 912 -785 -124 868 207 -596 -654 842 792 676 579 -461 -643 -998 46 -655 724 -127
136 866 -632 -85 -341 -393 781 123 -811 -752 -590 -23 973 215 -833 -623 848 213 -482 936 777 -956 -250 -275 816 371 -127 856 -327 399 -960 -894 -147 -236 773 -240 -442 496 -611 -115 499 -992 -207 82 619 -262 -895 245 -369 -570 113 -68 -888 -183 -384 -820 -784 623 259 178 620 516 -335 -323 631 -800 -649 582 -550 525 -980 62 -746 246 -418 706 -796 -915 -661 589 788 89 428 683 99 139 252 -283 -776 507 -906 813 -116 -92 956 456 505 744 -188 -973 651 129 877 851 836 -778 495 477 -84 -250 -544 302 661 963 819 -791 -420 -98 -900 523 -821 -356 -66 300 620 546 789 -875
24 -78 991 -136 734 721 932 640 -849 -12 -937 -698 -555 -585 -747 -563 180 -535 -741 907 633 -200 292 916 431 -12 575 212 272 -317 -145 -247 168 -608 124 571 -682 321 -650 -631 764 804 266 865 -571 772 -818 -420 646 -274 566 516 -179 698 -503 -206 470 553 381 -856 -739 42 606 -168 -419 -568 494 -385 951 676 439 418 -690 -966 -356 99 -737 -926 -627 -400 559 -650 57 584 748 -117 -162 -773 -507 -258 412 781 -154 -676 -665 486 795 -338 187 249 -507 15 714 -1 -917 -37 -975 991 344 -315 -7 -867 -110 -843 25 236 -213 -147 -88 -239 -944 -57 784 486 -561 -691 30 -425
597 196 806 252 -411 -827 -860 595 -971 -263 -675 778 739 -559 52 -842 -604 -32 984 915 -899 693 -998 -23 -549 -616 -451 727 556 752 -874 -514 688 511 115 829 -358 651 -168 36 -447 -582 -684 -473 -716 345 -94 -639 794 -231 -372 -974 -266 279 969 823 -951 -218 -729 101 754 586 740 -879 -704 -28 182 623 -711 917 123 -571 563 -31 170 -6 -481 386 680 945 85 758 -793 -580 107 70 -535 911 143 -173 -878 3 20 79 -501 99 505 773 -909 550 20 359 496 -327 -386 -350 323 -664 936 912 -150 345 -244 298 495 -330 -18 -201 285 -363 -431 949 -862 -747 -314 -333 -16 87
-177 200 -322 -505 785 -940 -948 373 -584 -350 -700 980 420 774 -837 511 -351 -728 -826 -109 325 317 346 685 531 559 715 -688 204 265 582 723 -651 -592 -37 -459 371 113 -734 -690 -333 819 319 707 998 -727 479 501 234 -697 -302 535 980 -51 -205 650 -664 741 434 391 -261 -395 66 761 -336 706 -690 -284 -753 -303 391 326 20 299 569 648 -45 -724 -516 768 -855 -648 741 -41 -243 635 -900 978 502 -981 -471 -321 678 701 -344 46 -700 304 747 -503 -520 -487 -497 -110 -33 892 -554 -969 974 789 723 276 -590 496 -747 550 534 -69 -134 439 63 -603 821 -5 849 867 971 -330
-587 -801 902 712 -718 -131 780 886 199 -612 -726 661 -245 -603 762 373 -693 788 -731 521 754 -832 33 -17 -392 408 -838 96 769 -661 -177 469 390 948 804 387 -127 769 -155 742 -511 926 938 918 -466 3 -875 -201 -810 -73 -440 -221 646 399 804 124 164 -681 525 97 -407 -789 -567 -177 12 -430 -169 -127 -439 -824 972 -171 913 663 -472 -932 -613 705 647 -866 424 733 516 888 -155 -149 -744 -125 -599 -59 960 -142 -659 -731 -51 216 -453 -243 -188 547 959 647 661 329 -165 777 -519 45 -393 100 805 -306 -475 -278 -724 685 -621 -55 672 585 441 -232 -631 712 530 253 -18 -732
103 -791 47 639 951 -991 438 -747 659 778 -30 957 -619 735 83 683 -303 482 -28 277 -588 -307 321 832 345 131 -438 390 -870 -855 96 822 452 -726 829 505 -93 523 704 268 28 556 613 751 858 -856 -317 792 -657 153 223 -875 348 -102 -561 -708 -499 971 600 -463 235 699 -872 -844 -667 -635 -704 899 -103 697 777 755 -965 37 -328 -553 -968 -192 396 -997 -491 -236 -77 -512 -304 -555 -532 435 -728 -190 424 -244 -7 -297 938 -464 -993 620 733 -284 -804 622 -619 -337 -348 168 -147 762 837 -178 560 -58 -539 -91 -909 -566 -765 738 863 760 -32 -66 108 795 358 -446 697 16
342 -891 313 -643 144 -849 855 114 507 -87 -566 523 660 -412 -573 -369 -557 994 -445 -376 -646 -235 -326 -945 -825 290 -694 -45 -936 368 74 518 -386 -77 406 -252 490 -112 -60 593 659 941 -79 254 106 695 922 488 517 222 -777 -51 392 -223 817 -453 -862 -575 -283 -889 994 245 -512 -601 -566 106 -486 -947 -52 484 -321 48 722 -746 456 664 -278 538 -503 246 381 -611 -397 894 -719 298 425 130 -572 -383 -144 -980 889 -764 -384 119 223 830 55 -101 492 289 269 867 442 -422 514 60 -792 -478 147 -451 -879 724 -917 -82 473 -714 -538 -522 -749 -378 929 -411 -193 -590 -979 -22
737 52 -925 -94 558 648 -639 -338 -128 -724 -894 -257 -296 307 -292 -191 450 -955 163 801 292 23 -405 780 225 -142 570 374 -246 -141 332 -684 -268 526 -784 310 -891 624 496 -908 759 -272 526 -748 -145 -368 425 -26 -985 102 927 -452 279 -239 573 -471 -269 -149 289 804 -770 26 -864 -631 -484 82 -204 412 309 763 -419 -965 -699 -998 825 128 -288 894 -962 -673 595 -71 -365 -526 -875 -86 -609 511 509 115 -983 -190 -115 -596 -354 700 860 419 961 248 -174 -995 317 902 -308 -242 358 -122 -161 481 -802 -94 585 964 -909 744 915 -476 597 515 930 768 470 -939 109 252 154 -653
-311 -779 -403 957 688 -421 260 -456 337 -976 11 458 480 380 -482 706 350 139 -349 385 -653 -653 757 -7 -472 341 -789 -624 -991 559 -281 -448 -873 -724 -37 -849 -412 377 181 902 392 -555 -277 -687 280 -508 609 450 662 544 840 -782 -309 157 864 212 -159 -906 638 -441 734 -791 -295 201 -326 -980 -386 -205 -911 395 -44 -779 724 -768 458 -722 -454 -195 796 151 -172 952 196 445 127 355 -963 650 -238 1000 258 767 134 574 325 192 -555 -614 -68 -564 -532 228 -26 -329 506 -427 -932 230 827 -966 354 822 798 -728 -932 569 817 284 813 110 718 685 779 476 -289 -351 15 -470
782 184 -776 782 807 -71 959 -47 334 -776 -939 -772 29 -928 552 -207 134 322 356 311 -329 -502 -633 -733 891 827 365 800 125 -313 -54 636 327 924 918 910 600 398 498 -825 -540 -499 153 772 -330 899 609 -867 193 604 -207 -835 884 -222 620 -593 619 -92 940 305 -942 -573 -390 -40 -171 681 202 -816 674 -234 563 -275 -336 -376 -277 611 329 710 -526 -738 115 -135 -139 -753 -532 888 -541 692 -157 -866 956 275 -588 234 -475 -878 -997 291 -601 -730 442 -554 -728 -297 293 -706 -239 588 -485 46 222 -632 255 -115 -379 -416 -28 -529 958 -297 791 652 -735 -583 -746 128 76 112
767 303 35 278 771 466 338 -120 -519 81 -993 355 382 -753 -502 783 -102 301 -474 -748 607 -4 -591 -676 347 -957 -897 -729 44 664 197 -811 51 -401 577 -124 177 -659 -873 758 -770 -649 695 -3 -712 556 650 -602 -408 587 10 -464 961 483 -799 -345 498 -347 -470 -430 267 119 -764 613 -884 -920 -203 291 -8 -932 -773 -461 440 291 686 -242 -467 794 369 -365 -419 -563 503 807 -513 -553 -286 348 -255 904 -426 -163 -426 817 -292 131 446 127 -61 -873 797 706 -751 -891 -307 -231 952 441 -289 -452 675 24 -547 54 -977 -978 219 -595 -745 895 124 142 -409 348 321 410 -862 181
364 -809 95 229 883 -268 638 798 -385 174 393 914 -684 -696 -651 -933 -821 -566 -856 824 907 -648 -44 228 -217 -883 33 164 -367 709 -630 -803 955 452 -35 64 -18 982 -58 -493 532 500 -635 -882 -705 367 523 574 -515 861 -700 729 387 157 286 -433 230 648 505 -551 856 -586 -698 48 927 138 657 -67 -974 124 -981 -87 525 481 944 -656 -843 -728 552 -122 -155 499 -407 566 773 -720 -407 -365 540 -380 913 749 -820 691 61 -477 668 -386 -720 -785 -588 201 -860 322 -623 -873 143 668 440 -379 -543 -232 -889 -559 -246 178 775 997 728 774 -818 467 -610 342 -287 -306 -303 -712
134 -222 812 -614 407 -478 -173 -381 195 -260 -844 951 974 -533 585 214 -359 -503 714 369 892 -993 -592 -934 -608 634 548 984 425 -293 -154 500 -384 476 826 -221 767 266 -756 319 342 -93 -972 -716 203 -514 -987 -859 -883 913 -641 776 -503 194 -460 -523 629 286 728 -314 618 304 -655 -597 -48 -913 -50 -3 -671 -970 -76 -100 415 -959 -652 -584 705 -431 648 616 -360 -644 156 443 -495 -876 -7 -167 -877 930 764 660 -457 -17 262 -352 776 367 -452 541 -784 202 31 237 738 776 -218 566 -730 -23 423 -971 382 -466 564 493 280 631 -318 875 -340 186 101 455 -395 892 184 -519
-964 656 777 -619 -160 -487 -272 -571 274 -498 -721 978 733 -391 -347 -593 -829 -501 -435 -830 18 -144 -140 -737 5 394 -168 626 311 -195 -837 -7 -430 -442 -313 988 -59 73 -213 682 821 101 996 401 -502 -922 375 522 106 407 -278 -802 419 834 850 -167 -846 438 -681 234 -143 -364 -156 -685 156 934 -293 116 -764 683 726 862 -163 -173 535 358 -62 548 -96 -551 -23 487 719 214 -752 546 449 -483 -858 -125 -600 -942 759 277 -329 -835 -65 546 282 289 400 -58 754 471 223 923 -786 758 120 838 261 673 722 702 320 -594 -228 452 -523 622 471 275 -19 878 766 -490 983 265
303 544 -522 -600 -339 156 853 -953 -97 -991 987 -876 656 -463 -662 55 809 271 561 169 -612 891 529 962 727 -180 108 51 -72 -664 953 12 -944 -109 -300 -356 432 -383 899 819 464 234 -780 -315 751 -679 114 -771 -524 592 774 -213 531 -68 -7 -660 107 865 -281 276 -804 642 -352 -629 885 463 -519 -367 732 -581 431 -449 -729 -296 -53 620 -857 -142 -975 984 5 661 915 424 773 -933 562 111 150 646 340 70 -245 678 -655 120 -44 24 967 -564 933 844 -690 95 -328 -367 630 573 -577 -769 972 -340 -367 -48 652 438 -202 299 304 -879 430 367 -298 -868 -933 873 -385 984
-817 -302 -156 -448 -337 953 771 -249 -489 408 808 269 120 -124 -409 -179 -804 -954 645 294 970 -974 -10 -124 -267 -687 -464 -694 943 655 255 943 -997 322 354 354 847 869 -685 -166 -728 -511 356 -961 824 983 405 415 938 412 -766 222 726 -639 520 -435 -192 270 584 -747 -853 171 -604 -704 -805 699 -761 629 664 485 642 -930 -546 -640 -928 -25 -351 -950 -758 -554 -178 693 135 -239 -979 -850 -581 32 -173 -948 -751 -400 -380 562 515 -847 -619 33 998 -579 718 461 -61 -570 414 121 671 10 746 -143 -708 -571 -530 -11 -88 -844 -972 829 -685 1 -943 974 303 864 -948 71 -896 965
683 -88 546 -913 -650 -64 -358 -107 844 192 -235 252 916 2 -692 530 -740 48 -263 74 -243 -270 -861 836 -96 -232 629 440 -503 -529 -946 -49 418 -828 -687 -706 -253 595 252 560 604 -214 -395 79 149 -753 225 607 -307 -790 222 -665 -418 480 480 973 802 -290 89 -580 975 270 -239 405 189 -39 726 831 553 -615 140 -500 658 -342 -955 -502 -16 -484 796 354 -140 -201 -628 -624 219 -916 77 480 -516 756 126 593 353 344 -578 -711 178 -20 -972 469 220 -648 -49 -645 -47 628 376 766 -103 -369 468 749 599 972 773 -856 422 -790 47 272 450 191 -856 -661 451 -464 -839 480
-445 31 657 -475 913 658 585 -718 814 -436 34 -399 229 -374 106 -43 552 12 446 -988 37 -83 -215 531 -489 -831 -965 -68 -103 683 -651 894 21 -712 832 642 -549 -869 -467 -299 -131 246 71 -954 183 1 -523 -386 764 139 -197 -105 -133 -278 -512 -229 80 704 -821 -662 -441 476 -298 439 -884 922 949 400 862 56 208 -440 434 454 -693 338 -205 -870 -937 -516 -890 -291 -15 150 -212 -139 632 -307 -655 207 -276 -999 -510 824 34 79 -276 -199 -828 -444 270 669 805 -65 -400 769 -510 -856 493 663 388 915 316 -778 178 -972 -963 -703 900 110 -866 -654 -142 -4 -19 -77 -38 74
-664 -743 193 865 688 -578 161 381 -628 889 544 -147 -614 620 449 -377 -416 -166 -332 501 849 467 -40 0 315 461 305 -745 -403 -991 932 348 -251 47 544 -869 551 78 -281 -376 -902 244 361 180 -83 478 65 -389 631 -786 -711 462 460 -178 969 -536 -117 -763 221 319 260 933 -236 72 647 13 596 135 104 98 -197 -302 -50 245 849 -767 -342 65 921 309 -667 -636 -810 770 867 -536 -949 986 -413 -68 90 -841 -88 659 877 -140 -750 73 3 -216 229 -258 227 -271 924 240 -292 -215 -474 793 61 136 718 -318 0 -267 1000 -78 -495 -646 647 520 -404 771 684 641 -780 114
-263 -394 -880 -685 724 -539 -799 807 663 762 926 815 132 713 720 -953 629 -965 -870 -100 849 -77 -193 892 -453 -804 -265 600 -59 -831 573 920 274 -776 576 -213 536 124 -823 -87 -252 117 188 -312 856 -330 -569 695 31 131 -457 -533 -542 813 -182 -413 35 220 -96 618 -570 87 -966 -952 975 -813 -123 853 166 710 -656 588 -617 631 168 583 -298 -556 997 -211 -720 -962 -579 -652 813 -251 246 -59 434 -52 521 -245 707 -295 -942 -921 -523 715 -892 356 257 600 697 882 -268 -14 983 689 -829 822 -18 139 796 273 -418 -722 264 366 -330 -348 -19 -400 -665 -175 320 -103 311 697
279 -683 -95 -148 -3 -74 825 -529 654 -596 -883 -56 -862 609 56 -570 999 -834 752 154 934 -386 655 -154 952 -3 -978 -560 -142 172 -675 -366 507 -412 688 -462 190 -669 916 809 90 920 319 771 -233 376 564 674 -412 -437 230 830 -500 790 -764 317 -777 901 243 587 332 -779 -615 678 851 -325 229 -647 712 981 477 915 605 -981 -81 67 7 -848 617 -781 -504 -613 -781 -610 781 -675 554 -386 733 926 -488 -554 -910 489 -801 -743 -348 -896 437 -522 -528 621 520 -735 -536 -857 -878 718 709 -259 24 -740 -521 -702 45 -436 -771 405 -364 -691 863 283 530 102 -712 412 -894 -673
386 263 866 -644 -134 418 -726 -570 178 -974 -339 -632 -187 627 -232 963 85 516 -809 -593 640 -413 439 990 -879 -384 -138 -690 835 -511 -522 76 -64 770 337 -817 920 -330 -345 56 493 894 -174 -764 603 -267 490 859 501 -26 117 -72 874 -742 -794 -203 -793 -430 -170 -189 -106 -323 -160 -13 -428 342 -186 -908 -544 654 -494 585 -482 737 -889 22 -68 -809 757 375 -756 858 -805 109 224 -161 -490 -26 -540 435 -936 232 -139 -445 52 73 -352 424 -442 -498 -827 -947 304 -673 473 558 94 -909 -373 671 -901 -707 -34 -442 940 226 197 -570 315 -571 558 185 -338 -943 -155 521 341 -829
73 -997 -573 818 -5 216 740 620 322 985 365 -258 -372 639 -528 159 399 -835 -802 729 -882 546 535 -154 295 -714 606 19 -919 49 -488 643 610 915 515 -525 215 -701 658 693 109 759 -906 -181 -989 -260 393 -382 643 -973 324 -327 734 8 161 -900 -12 -688 -566 609 389 -257 -240 558 -335 740 280 853 -981 177 -128 862 -547 90 815 351 -427 441 -646 -934 -691 748 -974 515 -583 860 571 -899 -55 -134 -776 128 -675 584 738 216 536 130 -392 -867 -658 247 31 -709 231 -504 570 286 597 795 342 923 418 -244 -852 477 -701 737 362 411 -503 -695 187 -669 966 592 801 149
284 -511 69 14 273 -135 678 -832 767 -204 -563 -262 872 -458 -191 -839 -682 504 518 -261 -704 -916 -815 -293 -119 239 806 -274 35 -885 690 -711 -175 790 -187 -323 506 -550 103 -96 376 530 -229 -791 -448 253 448 -184 541 -62 -668 720 309 705 276 -687 -691 -574 655 -474 536 940 -791 680 -661 275 602 365 -900 175 -74 865 200 -938 -584 255 -77 -587 -809 -836 -726 -688 11 912 -283 -541 -648 -79 -631 676 153 -274 -198 88 168 -474 -611 654 890 451 -837 -52 -104 -810 145 340 343 -337 -716 482 -407 344 51 501 -819 848 997 -537 657 95 -31 -325 -456 955 -196 -334 38 -458
284 -118 -425 529 507 756 -896 722 824 880 606 -99 -136 -105 683 130 362 181 -865 915 -313 209 914 255 -632 -646 223 208 -62 464 -923 14 -724 -805 -441 942 385 -692 611 -134 545 927 608 14 -142 457 784 12 -284 -60 -475 -803 -927 708 -624 -907 643 469 820 -463 16 -749 -567 -864 -239 566 -611 619 -320 440 709 -637 703 132 -847 -155 550 -980 -83 -436 324 119 -285 35 327 -555 942 -827 -298 257 -38 979 491 -766 -937 -511 318 -835 829 -418 941 -533 -279 175 120 707 -187 247 -440 -669 -587 580 767 -528 -867 -152 -693 760 -623 259 -139 176 757 842 310 -961 -93 966
-8 -746 -310 -277 -838 10 -797 707 478 336 959 727 877 211 925 89 -710 -139 -664 273 -989 336 -980 -414 -509 568 73 -472 -363 -977 -688 417 -716 -684 938 -75 -179 649 328 -461 -826 79 -123 -567 552 560 -872 -449 775 985 -506 -975 -990 770 228 -952 230 27 698 723 -259 357 -653 407 451 139 480 -48 601 -245 -276 -381 -253 628 186 114 941 -195 -773 922 -182 512 876 -739 -740 594 -211 727 -560 -65 -276 -945 -368 -218 895 -260 700 975 -80 321 259 325 -910 198 427 500 642 229 -688 -1 618 94 553 -930 639 535 902 -269 -231 -892 997 183 -669 -65 -604 -154 -120 36
-271 644 -930 -245 -242 410 -785 114 -928 -367 -399 -73 -762 -630 776 -577 790 391 -799 38 3 -886 47 115 -261 -664 -317 7 -435 105 -204 786 536 590 -226 162 670 15 694 106 -585 577 267 875 -942 561 -935 465 454 -848 -600 -468 -281 858 913 -8 -940 -236 -720 940 13 162 596 -836 675 -750 660 -101 -633 536 716 -111 644 -569 -507 -987 536 -7 994 151 -611 -37 -890 -963 103 584 771 903 -58 -319 366 -527 -518 613 847 197 86 -109 388 -502 -802 425 -284 269 858 -681 65 -246 -931 -570 -297 -713 511 -418 465 589 -859 -280 634 -924 531 -911 -447 346 152 536 -362 400
-505 -827 530 850 -618 -363 -141 0 351 86 -748 -547 308 75 363 -925 463 -548 -37 -447 983 -994 -550 723 -17 -662 -611 -52 -215 637 112 -701 536 604 594 39 -461 657 220 -769 405 998 -222 -669 -127 -755 -670 913 546 57 106 829 689 445 598 392 976 -465 551 843 -957 137 399 -640 -930 -468 440 925 9 -640 -204 -434 977 493 111 -337 -872 -449 -719 -733 -20 538 -896 -557 981 -822 -77 502 -824 -380 385 -39 713 -929 55 -788 -627 -615 24 601 845 -8 30 241 358 573 479 -171 -546 -858 -436 878 497 -815 -237 281 -231 -568 -844 371 572 302 800 -436 -353 564 -563 -5
473 744 998 -33 18 -502 111 -372 -854 140 199 -534 582 -138 774 934 917 612 -394 67 960 284 -162 545 -832 -465 488 552 970 -308 452 -895 -875 11 -122 49 -404 461 971 499 303 141 -919 993 -684 115 420 -321 347 -683 -756 -572 -545 682 964 853 -296 -259 382 -496 861 442 -95 482 454 -840 828 -203 -640 899 -427 -678 938 -219 -198 431 -867 240 585 -115 536 -758 571 -784 377 -442 667 -940 55 43 -668 -168 -964 83 -24 418 -400 -110 957 447 513 -495 -799 613 -289 -522 -945 647 -893 818 -614 -188 272 -298 -218 444 594 979 -490 64 642 653 -513 -763 859 -725 -116 -571
903 -899 171 178 -701 458 628 615 66 -42 250 -643 -388 204 -758 439 103 845 -591 235 -338 -555 42 174 -243 631 596 586 911 -875 -959 942 -609 430 -693 -766 250 -221 -14 -442 982 903 417 -74 860 515 -818 -980 400 -508 111 914 465 -958 442 -670 -564 -915 -219 28 779 918 -963 -61 747 -793 -478 -556 155 800 574 -44 -688 -849 646 198 806 -917 -151 -635 688 -211 -394 772 -368 -548 187 -64 771 452 -472 -994 -989 -847 513 -778 992 318 434 -149 601 228 909 -634 -716 817 -321 -337 493 -584 -992 104 779 14 -295 -507 -466 648 -784 -709 -699 -194 671 324 -468 -628 771 237
-766 645 -944 -420 -632 -668 226 833 886 945 334 -633 520 -371 -841 -681 5 -166 716 -38 -416 313 190 -903 311 721 784 115 329 -839 -329 -838 837 -638 417 -262 -451 68 -590 615 -935 628 249 -910 -120 -674 833 103 370 -43 -29 -90 -999 196 121 -499 -963 -16 -451 -370 -338 -36 -688 962 716 696 855 -262 -341 -728 672 893 627 940 -302 -269 -653 -639 946 604 -555 707 530 -530 525 125 -796 458 539 -673 -692 -374 -736 890 499 601 588 -292 -760 894 406 -557 529 -825 70 -241 -737 -194 -180 -424 -945 -422 483 168 365 -955 -400 -697 691 -603 244 722 944 586 337 -681 -205 -29
-246 784 -666 -627 -142 409 8 89 -762 336 803 552 855 8 -740 437 -320 425 72 496 -442 -249 539 -749 285 461 348 2 -505 -137 421 340 -761 793 -505 888 -956 -880 266 -714 969 162 161 -396 281 -508 -564 561 896 -744 7 -895 276 -751 448 -266 266 325 -122 -393 -267 -227 -835 400 -982 -580 461 53 415 314 618 -380 -622 -516 479 950 -475 81 -492 -766 582 987 -754 639 477 -392 453 -525 639 941 625 380 48 590 765 -406 -11 -308 -114 648 -905 379 -499 485 612 -849 992 -797 -801 -557 119 -932 168 -971 81 587 -602 449 543 78 -416 -343 144 -858 795 110 -612 -952
-371 637 605 420 289 -615 439 -209 -700 -816 -968 -433 -532 -211 -951 994 296 634 -475 -677 673 -640 -399 459 -688 -931 -647 104 -310 480 732 956 870 -349 -707 -595 416 -59 -469 740 533 324 -134 716 -754 548 -912 -422 -774 158 220 -77 -284 968 432 766 228 173 -49 -106 145 -439 881 -788 884 -414 -780 -648 -424 358 -291 889 477 -178 444 305 -165 -324 -707 -234 -668 -746 -453 246 -333 878 463 -150 48 -755 998 -827 -939 -180 624 858 395 -801 -731 -856 813 510 162 19 862 -15 -671 799 -841 -808 423 -389 216 -908 374 504 -352 -426 -765 229 648 -431 258 -503 729 254 493 -757
-994 -147 -716 273 -12 -702 -530 -76 477 -220 -627 -180 -636 525 576 -739 -180 -482 337 974 433 707 863 577 351 -866 -473 -284 -287 -381 -357 -940 2 863 868 -168 -720 342 -332 -511 -178 248 -252 588 920 911 876 -560 -95 -937 785 731 -535 74 584 -988 651 -121 601 204 -158 -850 -433 263 -837 283 -549 -912 -699 -963 -328 862 645 -894 -230 33 -986 769 -976 88 -578 115 248 515 348 846 625 848 -818 -496 172 -203 655 -347 -356 696 940 -140 972 990 247 316 -833 -386 757 -489 -141 -270 -733 728 -993 -807 6 246 -788 -309 -305 85 -433 -261 205 941 660 -846 892 -39 -362 -515
-69 15 315 901 -693 119 669 7 -492 -599 755 -448 930 -137 910 839 60 -236 831 -905 565 801 -730 695 -437 626 -27 -937 861 -815 -541 -759 -166 174 940 -550 -300 865 -651 588 404 -498 574 145 807 -188 -175 982 -539 -238 246 681 546 -938 -359 601 -610 436 -797 233 -633 911 -972 -480 -50 535 -669 -112 -265 879 -612 -48 -311 -695 -936 249 -42 225 -549 905 709 275 310 247 -37 -167 732 -907 -712 533 -990 843 -595 -456 -576 -683 -261 124 -540 747 -154 980 325 -567 -743 526 -299 586 -765 802 -496 294 944 -934 609 -475 -926 430 -492 687 -978 -229 -170 49 -285 127 -584 -242
804 -413 -285 544 -217 917 997 185 -266 674 -663 -789 435 76 -779 -609 -999 -83 -611 774 349 489 -651 -374 -541 649 67 208 29 -39 579 -755 -113 735 84 2 -243 -682 -768 -571 -555 87 984 813 -311 -525 558 -518 853 -448 -772 510 784 845 -606 -132 -51 -61 685 -964 -512 -70 851 199 -258 709 731 -731 813 539 664 273 -102 19 -441 -506 -118 267 190 -7 680 181 -620 898 349 -385 -656 600 78 -835 -199 839 -433 -27 -628 -671 565 -41 140 542 -726 -729 612 337 441 904 1000 90 137 -697 618 33 806 -15 232 -411 26 146 562 785 -965 635 841 -296 639 -545 259 -867
-342 842 171 145 56 -193 934 777 502 28 -592 955 906 940 -395 -154 195 265 -645 156 -630 875 988 -643 -408 850 -238 -976 930 140 -373 464 -608 979 796 609 59 6 786 589 -300 658 -92 128 849 349 483 348 402 880 -669 26 -334 686 708 -386 985 -60 73 -299 302 655 873 -738 -934 -427 -476 -494 -520 -79 717 129 -216 479 -826 122 482 -529 -502 583 328 249 691 83 -683 190 267 681 -527 -697 -144 -598 -650 269 481 122 605 260 -443 -552 33 68 59 -551 -506 -763 283 111 322 -810 139 667 -167 698 47 588 711 273 600 578 501 206 -932 356 -785 506 -730 -326
957 804 -892 -680 -675 227 -449 312 193 -182 -312 147 980 -330 -547 -757 152 -233 42 -184 732 664 861 -115 185 -467 834 -730 955 -391 173 673 -723 969 37 -858 957 -927 -979 324 191 64 399 -887 221 98 -782 77 -117 162 26 316 -200 970 -946 -514 -63 265 -860 261 208 -577 265 850 114 760 237 405 -505 226 298 -433 66 -339 358 613 559 591 638 563 -700 -543 418 715 96 -279 -16 -263 289 388 168 -332 -574 -752 -546 835 81 259 -306 41 -722 300 122 -658 95 4 415 -708 528 -624 838 675 8 166 278 425 -633 -246 -362 530 332 196 144 231 -29 111 -463 -714
-421 304 -178 -26 918 769 992 -810 -23 905 -720 -447 -221 858 -659 -529 -21 -649 -22 731 -670 -960 549 76 -121 11 834 -845 745 833 -90 -64 263 -190 831 897 708 918 609 -695 310 -79 299 -808 -739 -575 8 -660 513 -569 -926 420 -108 -400 -415 -467 -874 -993 720 123 -41 41 -704 -506 -104 413 -698 926 410 126 64 -884 -936 -658 -554 -810 -527 248 475 -321 -819 506 930 -439 321 -130 477 455 573 -605 304 964 -910 93 836 -918 1 -715 -664 -816 -273 -770 866 83 404 518 -861 63 147 -748 -471 -278 804 -571 654 413 237 909 -387 -720 783 172 -203 209 -20 -226 -923 449
807 207 487 971 212 -534 602 657 -914 -756 -24 725 471 -55 694 -831 -886 -678 506 -108 956 546 -970 746 769 364 98 358 347 -269 -264 -657 494 -947 -727 -844 -961 -107 -579 -68 -550 611 536 622 514 11 568 -166 -957 559 -694 -941 -157 -879 -36 -6 327 -408 -403 280 339 -978 529 -697 217 5 657 94 675 -652 463 39 331 -142 -442 -450 711 -995 80 616 -414 534 738 621 773 925 -46 548 53 949 713 -982 -170 884 435 -897 494 -534 498 237 68 -69 978 181 -490 -854 440 -88 442 -317 -204 335 220 309 -346 55 71 -981 -195 732 -209 262 265 -207 778 441 146 -230
767 944 -830 -842 -970 -627 349 -228 207 464 -847 -32 79 -381 24 -126 21 -529 -854 -316 219 -977 -960 566 392 847 -61 -592 -622 672 579 -37 929 107 -924 -388 366 479 -510 14 -902 697 373 -5 475 95 -209 775 -959 -151 -254 -455 327 -292 736 -554 -75 292 810 -260 915 -482 -471 360 -329 -257 -901 132 -801 -444 453 720 155 456 904 124 49 459 30 -848 852 517 451 745 15 -969 32 304 362 25 322 391 -161 -410 745 -685 551 -159 253 785 -306 274 -341 983 5 608 -211 -184 -346 829 584 -190 -879 -231 575 904 -411 -92 -683 551 -229 915 495 -568 60 -515 -521 481
419 -557 13 984 -675 -901 952 837 -771 -248 -278 658 -948 -473 242 161 525 487 -917 203 703 134 962 -143 -181 -699 5 -112 350 -57 -234 182 736 -357 223 -5 -398 -781 -753 -33 119 321 -286 78 -951 -291 -705 -14 -660 501 395 -843 -352 -302 156 704 896 -126 -40 437 663 -152 299 614 82 -132 -570 321 -128 288 581 -135 -569 464 377 -895 176 964 -988 759 -334 678 372 -998 -516 235 -250 -918 892 768 -100 443 -67 947 841 453 -339 -582 216 955 44 -893 -307 214 -864 90 -605 -258 -730 -864 -491 356 275 478 -632 991 808 230 -795 657 196 -46 437 -459 -285 -52 -44 -121
596 73 -808 816 -71 -909 955 -804 519 -511 -508 618 125 -971 901 -561 -94 658 877 871 887 359 -803 26 -709 557 823 871 717 393 -142 304 924 -994 -374 385 -629 -398 597 718 -800 -677 352 968 171 -794 -920 155 372 724 645 759 957 466 673 857 -505 307 102 -90 -928 -212 -844 -317 137 -773 -430 724 -874 181 860 -305 815 939 219 -644 740 728 419 636 -131 -454 454 -398 479 554 -539 -542 -278 -214 -810 -699 655 634 977 -986 -801 230 500 -20 879 544 519 133 440 293 858 -565 538 -833 -310 -763 96 7 946 797 -209 -700 -802 73 -663 692 -645 824 -370 -938 -214 171
338 754 -76 670 473 166 -440 786 78 669 -641 680 131 670 560 -852 179 -369 63 -533 307 467 288 -526 312 -857 -839 532 -142 309 774 696 437 -381 -682 829 -424 700 339 -613 486 -408 271 520 -30 602 -583 275 -200 86 -881 -880 63 -579 590 -128 650 630 404 669 -883 -549 407 -657 429 221 -306 158 448 917 -499 -604 4 777 558 -98 -324 -474 714 911 -972 64 600 -31 549 19 -452 313 660 -331 977 -523 197 -85 -111 101 878 741 720 36 -154 -458 -231 -335 780 -93 -176 382 -317 -472 -121 -380 -421 -255 -164 161 -725 -628 528 720 10 -71 -926 -461 -146 186 -71 -674
636 717 416 771 253 -557 -900 -426 113 -644 -390 765 973 -591 -381 550 896 -530 -303 437 -284 858 -949 -968 -368 452 572 472 170 -644 514 526 490 43 -893 -576 -791 -64 650 -457 968 119 -50 318 -722 696 -77 -567 -679 922 -966 288 405 -174 -989 982 -54 -100 100 410 -337 164 -127 25 -803 -734 -53 862 191 -960 678 -392 -523 473 417 726 -632 -897 -790 785 296 649 266 -698 833 503 556 142 635 644 332 -52 -384 -777 458 979 -87 310 541 690 290 -617 -364 205 -612 548 -168 728 -287 811 237 18 -558 -497 -569 716 124 174 -646 -795 -791 768 -71 -781 162 393 -128 864
-174 -85 -291 927 38 -69 713 409 785 -259 229 -504 380 -385 687 288 74 768 772 869 58 683 -945 813 294 -316 -304 -318 56 397 696 -332 -389 -619 880 -775 -81 -162 -791 -302 583 169 -738 -709 -803 65 629 366 998 -256 -555 854 751 386 -846 587 -634 356 83 -850 438 -536 917 610 314 -856 -664 -235 546 949 311 570 -813 827 -331 -795 457 290 547 -270 280 244 62 -638 -848 950 965 34 -913 -619 920 122 640 334 -517 -897 289 841 -614 742 818 67 -649 214 -743 -313 16 -648 691 121 -597 -866 -939 -273 -413 797 896 251 -52 -568 -157 -679 -223 298 923 994 816 0
165 -629 91 145 691 -947 223 -838 -403 849 497 170 175 184 468 -537 289 -652 -297 -484 -780 -809 636 -352 311 -986 564 -77 665 841 -731 -457 -22 -254 -147 -727 -774 455 272 -309 83 -722 478 383 -382 -412 -832 -750 895 -295 -800 -318 -769 -468 -824 749 335 -929 163 -568 -159 214 -976 -23 323 -174 38 -734 650 -220 545 971 -50 352 -775 778 815 0 -829 -719 -155 -623 -655 -380 -59 367 -683 629 -753 648 -812 398 -412 303 -75 378 -75 -753 280 -623 -537 -919 963 207 419 541 -696 -513 -806 -287 34 -935 565 97 -370 117 362 -269 7 -70 730 -235 -518 776 -392 182 984 -802
980 -707 937 713 277 586 -787 874 -266 -57 -707 483 439 235 481 -210 -636 27 635 761 -398 -99 -863 641 -874 298 200 634 -176 -833 -53 -839 -844 -447 523 559 329 698 801 2 890 660 814 281 -277 33 547 -157 -122 245 541 117 82 305 664 -769 -651 764 68 -647 160 -49 773 95 -519 814 292 742 854 -418 -829 794 -923 -968 -194 -490 -56 -600 -643 -818 446 -318 -58 -900 397 -350 -353 -794 235 126 433 -344 -115 -598 -488 -700 182 -441 502 -350 896 -310 -184 405 393 -411 129 684 933 -236 818 386 -831 342 907 -509 -936 -331 538 -837 686 452 -318 892 713 -444 216 907
304 -462 -281 56 -964 241 803 953 -901 640 -358 738 371 936 487 -862 355 -331 -848 941 -315 -754 -721 -686 -528 482 -131 -632 -405 -192 -262 74 443 -957 -678 -596 -323 168 585 -920 -913 -674 -561 -726 -440 345 -129 340 184 259 -247 414 -422 -768 991 -498 423 508 -955 -63 84 707 -287 -781 795 -740 818 976 -169 -989 462 55 824 -622 371 520 663 907 -913 -470 116 -220 -726 -469 411 816 305 533 100 -186 -658 57 -134 -352 -670 747 -861 -126 245 698 -354 517 -731 778 876 -721 -678 544 -140 -527 -694 -647 570 -3 -920 344 -870 577 -714 -438 -194 612 284 39 -784 -996 -719 -537
969 202 310 222 -569 547 130 966 -995 315 424 983 -140 -560 -331 -314 351 593 -587 311 189 41 581 -608 -760 -997 83 348 -614 -565 -335 -887 -449 279 809 15 181 497 -326 653 688 426 -575 385 906 -884 -829 -141 -713 -253 70 -994 887 618 864 -627 725 -162 407 -658 268 353 -201 -666 714 317 -750 -927 -452 -846 833 -589 968 190 889 544 794 952 425 325 262 -487 784 481 -692 344 331 659 -550 737 300 881 459 385 198 130 -659 224 -492 -887 608 427 -470 590 -277 -915 -284 -725 88 777 394 -304 -720 759 789 195 193 8 155 -921 267 472 166 -456 -214 48 467 177
-466 -156 -475 682 -522 783 -582 -863 -789 809 566 -781 -359 -589 -293 -649 -952 335 218 776 937 830 -749 -691 395 -89 -151 -505 574 -863 -159 -410 -1 558 -616 -728 -975 468 -92 -944 -499 -632 -61 -770 -224 -71 -816 -816 -589 -74 -28 -123 -120 -578 -616 298 -32 403 -55 3 -151 -279 -252 759 -187 -752 545 536 22 411 -563 -162 -987 -35 -769 -336 849 -320 -356 -738 949 641 -235 -435 -109 -53 638 464 -100 -354 -662 383 177 572 786 583 -221 224 -300 558 263 -485 -920 544 342 316 94 -229 49 395 339 -188 -687 243 547 -779 -100 -214 392 -317 -748 -50 672 527 713 253 -755 889
735 -511 -923 -532 -742 -490 458 -213 614 -871 756 70 515 368 202 -296 -451 0 -96 800 -279 -642 202 697 -916 -842 623 -904 -42 -591 -295 739 155 -777 184 585 -414 -639 -474 -751 647 -775 661 450 587 480 773 428 -261 -308 -158 -174 110 -211 -870 469 -553 -870 -581 -226 251 -756 347 -873 -516 486 241 182 292 -513 -527 -409 -290 895 -282 -731 -515 178 759 -827 288 -805 379 880 -227 616 -919 -902 -646 190 -615 -477 -500 609 454 -534 -10 594 997 -855 835 -826 798 -367 -914 718 201 883 766 8 997 -137 -64 -606 689 925 428 -762 253 -850 -950 -282 -917 686 -643 -11 -897 -592
525 -672 -714 437 19 151 34 -61 989 -324 -717 159 209 807 -494 342 -2 -221 -57 781 222 -87 -470 -61 -392 471 -442 -576 35 332 42 -35 868 962 -615 -385 -408 777 465 737 413 -212 920 269 778 627 -237 -346 -64 -732 160 789 504 38 387 607 27 -717 -434 -577 513 185 -6 693 33 94 50 -838 -473 -82 782 943 -141 387 -115 -319 14 303 843 -421 -520 296 -46 857 -931 -960 -355 -572 454 -736 -728 -770 -21 625 915 -900 38 -953 885 -949 -142 -805 -259 -128 -765 -605 -716 433 608 -512 -513 25 -5 243 32 460 -655 -868 891 -89 444 369 342 146 69 488 970 710
-297 241 567 293 800 -13 403 -294 -80 -223 -605 -274 -460 841 498 -844 620 -103 -50 -974 -888 -498 642 -148 178 -998 862 -242 804 -495 755 534 -86 625 -550 -692 338 923 -332 640 -464 -670 108 574 -82 207 -343 191 353 -33 512 -433 102 -455 -586 -137 939 816 -302 -457 -309 577 353 -574 -47 -935 -541 581 942 599 803 -267 -651 -583 916 -124 -621 -682 -441 -816 796 -201 -823 -600 544 -349 105 -660 -147 69 632 480 750 412 -824 -628 -447 -785 471 835 343 890 917 558 36 698 400 837 -90 833 -623 521 610 967 -881 -351 -119 909 -926 495 -710 -641 178 -99 706 -107 46 25
-690 -906 -504 -149 -703 922 -931 -865 -47 -87 -158 948 -965 133 -341 -592 -537 -926 581 61 -26 734 -317 995 183 144 342 -941 282 225 404 174 -372 273 -565 -848 -447 -152 -672 -36 -113 603 224 -171 326 278 -233 -985 254 300 -113 -912 -598 -376 784 -738 8 478 6 165 -870 692 -335 -851 30 134 -315 -426 313 -869 817 106 83 882 765 -899 -500 776 236 963 381 -183 161 94 -567 447 -434 -574 673 220 -152 856 -842 897 502 475 426 -55 424 466 -608 325 -939 -294 450 452 716 128 -160 -594 -836 232 214 237 175 604 -665 -791 17 -571 21 527 -354 -577 -509 -563 522 748
-334 844 650 -936 -329 826 -849 707 -131 771 -701 608 -313 -980 -100 -710 382 -68 -515 254 520 -840 12 -295 -646 825 -290 -770 -524 -821 -130 868 650 -107 -707 794 612 672 196 568 571 -939 -875 -844 531 -952 47 653 -88 683 -417 -921 -319 48 947 -157 -846 -65 459 490 -675 384 -71 -905 968 -458 -617 -130 490 -711 -985 -883 -162 766 -715 -803 362 -252 -951 68 826 365 -423 -773 -651 -713 588 -169 130 806 361 -426 -141 -512 301 104 894 -235 939 -712 253 -695 413 549 -868 -752 57 625 -497 -844 -769 -219 -410 742 703 751 41 511 -600 -967 925 -607 731 631 -471 -33 414 -131
114 661 -388 43 465 70 -22 534 439 544 436 -877 -777 910 -715 -989 81 410 -746 950 751 396 -723 349 680 -620 887 144 435 -432 593 648 614 202 416 -821 347 -830 -879 -702 -797 755 586 536 485 756 158 273 -705 -99 -848 -316 813 -540 815 -489 968 -237 160 -794 -619 328 -966 991 190 681 -918 461 -690 -335 -778 414 134 844 302 563 -995 -534 -609 916 -732 -524 -222 814 455 57 -799 -549 -721 -558 970 859 740 -694 492 -748 128 -764 621 340 -1 -792 -98 -322 -878 -738 966 -151 563 -138 -149 -319 -733 -815 144 439 -465 -337 312 156 -463 -970 -999 -730 371 -357 283 828
-50 -783 -721 -28 416 747 397 -906 748 799 -603 -899 620 346 215 -6 -495 -486 79 916 -181 763 -104 64 516 498 897 664 -778 -609 -116 92 125 659 995 50 967 -994 -826 730 712 547 -913 899 427 -38 551 -764 -894 754 -943 -104 -226 -575 -813 -119 -838 -791 -810 -249 338 -166 -877 -90 417 -386 -51 33 -585 196 781 -802 -614 -612 -200 -112 852 796 -355 387 -870 605 -69 568 -276 -683 -848 77 1000 385 -324 855 -919 655 -605 -594 -274 710 913 678 -75 -382 807 598 -411 960 900 599 107 -942 -560 -117 444 991 -878 -377 -582 -534 -143 -514 -318 -995 -441 171 529 707 417 -694
167 -737 403 484 724 620 312 790 -753 833 -361 -931 965 -240 850 -976 174 972 296 -167 -757 869 826 657 556 738 523 -441 430 -263 -480 -483 -783 -787 -730 -320 568 261 -333 -223 266 117 933 -267 453 -277 695 533 -526 521 -782 -237 563 -566 -528 666 -743 -46 -628 -304 -78 -154 133 -885 112 725 -960 -227 -187 450 925 957 186 -721 930 -589 223 871 -924 -384 701 -664 -619 -136 55 828 -441 541 -258 883 798 297 -877 366 -605 -9 296 442 164 399 -768 502 649 460 165 499 -174 572 104 920 797 -781 498 -529 -957 524 217 256 -606 -418 -545 199 885 278 693 -828 -449 -281
-100 -129 598 683 -196 -10 108 436 -515 725 586 147 675 593 181 388 519 753 -606 -796 127 -215 -299 -655 -416 180 613 -772 -662 -99 -948 781 626 74 -517 -460 -355 774 394 -281 -633 -630 92 -243 676 -121 400 -715 638 370 725 -940 13 476 -427 985 916 -835 354 -1 -232 -883 159 -850 524 831 -155 846 743 -198 -43 666 -953 -235 -387 893 143 334 -156 -453 284 -154 543 414 -171 -163 806 -788 561 -10 -591 -463 578 679 -581 -433 -449 944 -887 -450 719 149 -444 -735 337 -855 -415 679 -679 -855 -526 603 -443 178 -538 313 -451 784 907 76 -679 -140 308 969 -820 304 405 770
-50 -397 -405 -648 -680 348 -279 352 696 748 173 -688 949 173 864 -569 684 -584 -740 -266 -680 -312 -807 303 -191 -759 272 968 779 -916 -655 -932 -113 762 -881 -434 -986 -30 -360 459 546 -159 147 -757 87 -67 -654 -60 342 62 375 -277 411 -774 -797 -601 636 -389 -567 -204 -670 846 642 449 612 -117 -359 -681 -514 -276 -378 582 -911 109 -216 397 612 -498 427 965 -872 903 266 588 489 905 558 -567 48 573 -604 -784 -859 123 476 916 -302 745 717 564 467 -898 -553 4 -918 674 -863 -279 542 292 960 -592 -701 -393 265 11 -906 154 541 521 447 -989 435 721 920 -745 996 -165
-659 -792 -464 -613 -119 -868 -178 -85 -704 181 -736 420 748 467 -651 936 750 -830 135 -465 278 737 -395 -485 -450 -975 572 346 -592 565 702 89 -328 -484 -76 -464 -379 441 -625 669 40 -485 -694 -16 -577 990 156 -640 -180 413 634 -295 -99 -975 121 -541 -863 11 689 -448 48 858 -211 -991 201 490 750 821 281 -983 -417 736 -569 -889 404 -908 61 425 -132 158 224 -614 373 431 336 -753 942 133 187 -939 -584 470 765 746 965 -695 722 500 467 817 587 338 754 -138 -689 429 -544 -351 377 554 -953 -508 239 719 -372 933 642 -593 -88 -171 -959 -844 -781 32 -743 -408 -772 -781
-456 -256 933 -235 -689 -218 -757 52 164 257 788 525 247 739 -111 -968 589 335 563 -35 280 309 186 -489 632 731 -552 -477 458 585 531 932 478 705 -854 -617 -249 -118 -33 878 492 -936 594 668 -917 281 175 380 -467 -354 -418 -2 757 -636 504 -850 753 798 -711 -158 211 -111 1 -991 -38 155 836 875 -103 -959 -95 -216 825 -892 0 385 -726 -705 -571 -459 -59 528 -735 -711 461 560 327 -144 227 -431 -564 418 761 -541 567 -84 478 290 -23 4 -152 -800 902 950 -496 139 -399 0 -473 -902 -634 -889 -537 -119 -624 -764 -572 991 699 -881 801 -904 499 -154 814 -60 204 538
575 571 -789 806 216 -437 -303 -964 37 -673 152 558 54 -642 790 982 -264 990 -657 83 -2 227 663 560 718 119 -700 -190 712 -313 -62 -849 369 -120 784 117 -98 -379 663 670 332 422 -85 -562 236 750 650 -762 571 801 -430 361 592 -784 127 439 -577 -829 498 971 -533 466 -3 -114 -249 799 154 -441 381 -701 476 -848 -248 84 29 -811 252 -561 -218 27 358 840 -371 -582 189 604 40 665 536 -465 -959 -331 -631 102 962 941 -617 -157 351 109 777 -311 434 565 -546 507 -510 102 -806 245 -243 936 971 -314 -124 954 -70 -487 -986 216 -868 574 660 818 8 -550 468 31
979 168 -879 -99 -201 -150 -688 275 898 -80 733 581 427 211 772 -317 191 847 -517 831 953 347 -388 -472 -591 -490 353 808 -389 192 -264 -745 608 -110 -698 954 -358 907 -280 236 -232 792 -108 -969 -559 46 750 -866 -778 199 118 -118 880 -776 383 719 -983 -437 923 587 -906 -211 2 842 354 -539 -495 -519 38 320 430 821 52 -331 714 943 18 554 80 -705 68 355 282 769 -285 -511 -446 -768 825 -49 86 750 974 -508 309 541 396 -170 22 77 639 284 -265 -78 249 -211 -973 -143 -542 -246 -899 -856 -228 -699 937 663 36 -547 -470 143 -636 -553 934 -11 966 795 373 -814
275 -808 -472 778 362 308 407 215 908 -557 -765 -478 -925 995 -550 510 -541 195 -200 193 -919 846 -6 -337 816 -104 143 -684 -126 -573 935 270 -597 -66 -883 821 -822 139 -527 408 -415 -660 526 630 -597 585 -902 965 477 -208 -132 706 -539 921 -185 -698 143 -11 117 -943 759 371 703 37 -184 62 888 98 531 -409 986 889 -629 -982 -184 879 -403 -417 82 -191 -546 -208 -473 847 -452 210 -91 742 246 -398 299 -627 968 301 -624 -773 -530 -725 -243 -221 -167 -119 917 -290 720 739 -411 -748 622 -294 -907 502 -839 -9 222 154 -685 -84 -745 916 265 979 -56 -306 -311 694 559 756
-112 826 -176 -770 289 -120 -490 -213 -94 649 -359 790 -207 798 -536 408 -172 361 870 -22 -51 -660 -127 -908 716 -4 285 951 606 -927 -433 -476 596 -83 309 87 814 694 -125 563 -634 370 -152 539 -998 302 143 -422 961 571 -63 -352 -946 -971 -808 970 -574 -543 175 141 -516 563 -155 30 139 106 48 385 -843 440 157 300 800 -959 -234 -601 -291 655 285 850 84 320 -299 435 -261 573 -513 330 432 231 178 -893 -90 -416 -444 -936 -820 371 613 336 -424 82 -869 -120 19 -934 -617 780 -402 85 22 -669 467 -645 388 -300 -826 342 364 -312 -102 -287 10 -594 560 203 -271 84
-406 894 -824 -327 445 615 -754 541 693 -367 -593 945 -446 35 847 -560 465 -878 980 25 917 -716 896 968 884 19 -389 224 862 -663 -1 440 -8 -34 573 -65 871 -676 -547 765 -56 267 466 615 284 478 -660 158 -271 -24 -937 869 -116 -372 -15 14 897 81 -903 256 -891 -210 947 630 -629 791 184 -489 -645 -380 -54 -899 609 -662 676 388 -847 -39 -656 -286 -248 498 531 269 -915 -270 -205 -771 535 -49 -8 48 -552 13 -192 -189 119 830 477 -156 -404 -988 809 145 68 500 346 -228 900 -343 -160 -466 -615 -798 794 724 -274 314 -135 -997 -152 417 509 180 -84 187 -277 -637
-144 325 -576 -422 -258 -48 -593 -147 -284 -996 230 -334 793 -430 559 -713 106 -242 434 991 354 391 72 666 729 716 -118 160 -429 -868 -120 -966 -535 -270 709 222 901 572 607 261 790 -634 -131 122 -796 264 226 481 493 360 -338 -159 782 -851 -205 -817 685 -926 628 -855 211 -813 -566 -260 887 -280 -208 451 -426 -757 702 -819 -114 86 644 489 -791 -306 908 560 807 854 34 -50 709 818 -65 -385 506 -55 -608 787 127 -779 -379 -931 -418 939 486 -418 515 -31 384 120 -704 545 445 -702 -979 -87 -654 503 76 -101 753 -469 -997 216 191 828 -926 900 -992 -560 -740 -282 -946 481
-190 95 -615 34 115 -396 -920 12 -832 -823 829 777 -445 -884 263 332 96 -836 449 203 852 -380 840 -773 -966 -857 -966 -442 988 -231 -199 -181 935 -808 -258 259 791 -234 571 571 -703 -44 -919 -189 -336 28 544 -350 -522 987 -219 723 756 553 -579 80 -298 279 -32 905 -443 371 57 -255 -864 651 378 -986 725 -692 -980 -181 632 -443 643 -477 -794 -723 -368 -852 -796 126 113 -682 448 780 -669 -897 249 -122 647 732 955 920 899 -523 610 -326 159 94 848 -55 -641 526 521 -112 -367 -98 843 291 -740 560 444 135 777 -136 -181 689 -787 -245 -919 -934 -316 595 -928 -213 -726 701
-287 395 -494 -528 -484 194 -278 825 968 -455 -635 -137 -333 353 -952 -432 723 -148 -543 798 -614 411 -96 202 56 -283 426 -221 -86 -863 482 -165 705 321 760 79 -258 -453 -706 448 872 -316 -443 -813 -912 -469 23 1 -4 -560 941 -725 -496 207 -896 351 91 -547 316 -401 380 542 -623 468 325 912 291 -545 -136 -713 -958 -521 447 -826 -812 708 88 -457 -579 -905 940 -169 -784 -524 897 -991 -736 893 901 -347 -336 -868 -85 837 680 156 -30 108 -887 805 81 -85 903 -78 799 754 -907 -79 606 -937 703 -202 584 -27 640 -68 -767 -956 724 905 124 321 -136 61 378 59 158 -377
924 394 -532 228 650 27 340 949 -547 475 926 -709 -650 -432 257 -670 -95 -881 -591 871 -412 269 -638 -552 98 918 554 950 557 579 -859 905 263 940 866 49 73 858 170 -92 -372 -681 -511 -119 341 805 502 191 190 440 197 586 -673 880 -869 540 -196 390 -471 284 536 -509 -463 262 -537 104 -851 207 945 -291 352 306 514 217 -76 28 -130 427 -910 -687 -766 -781 641 -647 -203 576 885 -438 -130 -825 520 691 -465 -291 -377 -798 -689 465 307 338 -330 -632 104 -331 -943 -986 250 -902 -987 326 619 587 -288 -442 -183 -922 -133 610 212 -746 491 988 685 525 903 -11 -278 976
948 -469 -921 31 -628 -514 214 -801 766 -224 295 182 -610 -167 -734 -93 -707 692 -975 615 -205 -710 -581 676 -391 457 539 -656 451 -816 -273 374 506 26 -164 -695 88 -636 511 -922 365 -195 -945 917 -114 -855 -290 395 429 -510 -963 688 947 -85 -865 -472 698 -974 70 624 -280 -590 -662 150 -955 -734 -680 437 -323 -610 -249 268 49 287 -411 906 264 90 -96 857 131 674 721 -220 -33 762 403 965 931 -5 834 -112 344 47 -578 885 -616 472 -2 -810 720 -465 561 -746 79 300 15 -742 449 415 847 -993 965 634 242 807 -983 907 988 945 -104 -999 -365 -28 -647 -534 111 56
-231 -962 -718 801 -93 508 -271 936 -100 -601 384 -920 587 -355 556 866 -107 -804 802 -66 -569 449 877 895 220 926 -516 -656 -433 -985 -110 -287 890 -182 -281 313 940 201 -676 -602 665 -331 124 440 -404 -712 686 -250 -712 -658 982 -772 364 -831 -597 -974 -780 -208 -445 266 332 604 123 677 96 -529 -717 -222 -194 -631 -378 4 -771 -344 -393 175 135 -445 295 719 978 883 -157 -891 156 -657 857 -673 -844 -814 -53 355 -506 -165 941 -552 494 -767 985 401 -562 33 -190 -746 11 5 389 976 545 -989 -341 753 -618 -513 -437 990 220 -770 -36 -325 -544 728 -88 353 512 -663 317 -722
-54 -60 -595 -567 -529 -188 741 -736 -970 -447 -646 272 732 -197 895 -928 169 855 -797 -293 -241 -573 -744 -744 -916 -441 782 119 926 345 -82 554 -234 -771 787 238 -155 -904 738 -235 -413 783 -246 626 78 289 614 608 592 701 592 -562 425 -463 -288 -869 -549 -975 818 106 -363 -816 389 50 855 398 879 997 -732 -914 -530 619 -362 323 745 394 -933 -57 -955 -380 620 839 388 -467 623 -178 840 -264 -286 636 998 493 568 2 341 -759 481 173 -379 -831 1 -963 44 68 -126 -255 411 -99 693 849 832 -126 948 -232 37 300 -237 -709 725 595 -555 618 -673 853 219 642 307 -382
-105 -835 -535 -233 671 -105 817 -474 556 701 805 -594 770 292 410 -340 970 -44 -683 -834 395 -993 571 143 264 689 305 644 -637 181 -302 594 14 -398 79 570 946 305 128 -381 -711 -228 -455 -942 -923 868 -456 568 452 335 -342 -489 -309 300 -547 -942 143 -924 -256 -687 -318 -753 -921 -658 -181 576 -741 207 350 -977 638 -768 603 -816 956 172 -477 -299 -691 616 340 -403 695 -596 -123 -393 384 287 -851 -489 -304 -562 94 -236 501 -776 -833 203 -943 -471 472 868 590 769 -570 -289 818 720 -738 122 -579 -975 926 -462 -817 -528 -449 339 -585 -599 -25 15 950 -385 -229 -41 -847 -539
-959 248 -939 -148 -221 500 -747 -902 496 380 -977 -77 604 216 14 295 328 499 -840 216 -68 437 407 -218 -575 -242 116 -88 843 -388 607 681 -509 -934 -181 141 179 197 599 -97 -165 363 -760 696 -255 882 -783 382 -988 -221 213 -841 -111 -463 -941 696 -946 -278 287 350 -188 -839 -750 872 75 900 -456 -353 -739 521 -857 -636 -468 -320 495 -460 -881 -867 141 -518 -761 -314 -407 609 -687 -293 624 340 -876 966 -196 437 -183 -256 -850 -186 939 -276 846 -985 260 -779 -903 -52 -249 784 233 186 -596 -403 -813 -145 -43 -16 -966 -965 672 150 -303 -818 741 -490 365 -289 895 165 -248 -905
