41
21 8 6 -5 3 -78 62 -7 24 -82 52 -37 6 -76 -94 -65 25 -37 21 -61 -59 -85 -20 -74 -99 67 51 -9 64 88 -26 6 -2 27 -32 -34 73 30 -12 -93 15
-5 50 -27 91 48 -45 -55 91 3 0 -7 12 21 -36 -17 89 -58 83 -29 -85 -10 -94 86 58 51 13 -29 74 -68 -65 97 -39 -95 -52 15 -92 -20 -69 -51 -63 24
55 -22 -64 -60 69 -25 50 4 -17 -80 -5 69 -9 18 -67 51 -81 54 -31 25 -43 96 -30 35 69 -84 -11 -69 62 -82 88 -49 -66 12 84 -28 9 -38 -99 -87 -99
82 70 -14 -79 30 -87 -26 100 -77 76 88 57 4 24 -33 96 32 42 -46 56 -95 12 -12 73 34 54 95 -58 -44 -50 -88 -49 -91 55 7 36 29 -3 -70 -98 -74
-66 -27 88 -64 44 48 -30 87 80 92 78 18 96 91 3 72 81 99 -65 -96 0 47 -54 93 -15 -5 -83 36 67 33 -31 -84 51 -99 53 1 44 -47 47 -35 -79
86 51 92 73 32 -15 82 81 68 -95 -53 -25 24 -47 62 -14 -65 -97 -57 79 16 -93 8 15 -29 52 83 92 7 18 -90 82 98 19 4 90 38 87 -28 -23 -59
-26 96 -56 -87 58 -11 -91 25 87 -47 38 -68 -18 -66 -18 -29 89 33 95 63 -23 -41 31 -41 67 -67 -88 75 -63 3 71 -38 -4 -68 -25 84 -33 20 78 61 23
39 -44 -9 31 -94 83 58 81 -72 -22 -93 -2 11 -76 22 37 -43 86 41 82 49 -82 31 38 91 -73 22 -91 -31 -40 -58 77 -83 -36 -50 -70 96 44 100 -90 -12
57 -48 30 6 70 -58 40 -2 -39 22 24 92 -30 90 41 57 76 11 16 -33 97 56 69 -98 11 53 43 52 84 68 -97 56 -42 -6 -75 -44 -89 -88 69 60 -75
-4 -11 -33 -25 -68 80 -47 -12 63 -76 90 44 -48 9 39 -92 -49 -59 75 87 94 37 -7 -48 -3 -50 25 13 -22 42 -92 -91 -48 -3 -82 -71 75 55 24 0 -18
36 -10 -27 25 -97 -69 -93 -14 -99 -89 33 -2 62 75 65 61 30 9 26 63 89 42 45 -81 -34 61 -60 -30 90 81 78 20 61 -48 -88 -49 -78 -24 -58 97 79
-10 -90 57 85 65 -51 -91 17 -63 -69 52 97 66 90 -69 34 9 52 22 54 -15 26 68 19 -94 -39 31 54 8 -18 39 -41 51 -13 3 -18 40 -87 -45 99 -5
-75 -36 35 -9 31 33 7 -52 -35 -14 -66 36 47 -60 58 10 -44 77 16 -9 -94 -62 -31 18 18 63 46 -21 -79 -15 32 -75 -6 -92 -43 94 -22 69 -1 92 -12
43 94 53 42 38 62 99 -67 27 99 26 -53 -4 -8 -24 -40 -23 -49 -32 -80 93 67 74 16 -1 50 -38 -36 82 54 -92 67 92 -70 -79 -65 -32 -62 41 48 32
-21 5 0 82 -23 -9 -87 21 64 57 -93 97 -14 -18 89 89 -2 33 -37 -26 26 -48 -1 57 -41 -84 40 76 75 -80 33 21 100 -20 51 -16 -8 -27 -71 -24 -86
90 -67 90 47 -59 -69 -33 14 20 99 28 -43 -92 44 47 -96 97 -76 -57 21 -28 -4 -40 -13 -78 -32 82 1 84 -4 -18 51 48 18 -91 30 -60 65 28 69 -94
7 -73 36 92 -66 -7 18 -67 -67 53 -36 50 93 -27 19 -84 -36 -60 -89 -38 -65 -70 86 31 15 68 -3 -27 -82 52 23 37 -76 -60 11 13 -38 99 95 -60 71
58 -37 -67 -80 -2 -71 -83 74 -30 40 -94 -28 -24 47 43 -32 100 -98 -2 72 12 -96 2 -3 -96 -26 26 -38 50 85 65 71 -22 -41 24 2 -23 79 10 -41 -32
78 -63 -16 -27 74 -57 -40 88 14 -54 -46 80 45 -68 -65 29 -64 -66 99 -70 31 -31 -23 -15 -4 49 77 74 11 -17 55 -38 -50 -7 64 36 -60 -56 -12 54 -15
29 -64 11 -31 0 29 88 46 -97 26 -11 -38 -48 -8 91 -82 -76 -50 -92 -96 87 21 -13 27 24 -58 1 -48 -95 48 41 -61 -37 -3 1 -88 -38 60 93 -52 -32
-7 -86 -79 89 88 51 81 -69 -87 35 67 -65 22 -71 -62 -24 -40 -31 19 39 -98 -92 7 81 15 46 -73 38 -65 -48 -90 30 -90 -30 -24 -87 -82 -17 88 -29 -69
4 6 -85 5 78 -16 -9 72 -25 15 86 77 -35 -29 49 81 -25 -31 -9 51 45 -40 -77 75 43 43 -60 -98 -55 -16 -71 22 26 47 47 30 23 -1 16 -92 -48
-38 -55 15 14 17 49 -49 -96 66 -95 -61 -40 53 77 54 8 -74 -51 -37 -73 -19 -56 0 98 50 -90 23 41 -85 55 -74 -17 88 22 64 93 -11 -52 5 92 78
-62 -4 76 -78 62 81 22 -34 17 -14 -85 99 4 11 -17 -71 68 -71 22 -22 -71 -84 -71 -37 -26 45 -84 13 70 7 87 -6 -12 74 -33 -77 12 98 40 14 -68
-82 58 13 -95 -92 -18 10 -97 -77 67 -50 -48 -72 88 33 96 82 64 3 91 25 62 97 36 80 99 -44 82 67 -45 19 41 -92 -96 96 -85 32 -15 48 -7 86
84 -12 -54 32 -77 -3 38 -94 85 100 -41 -17 92 -65 -3 -14 46 88 45 34 58 -80 -91 31 -7 48 78 41 95 -32 -82 49 -68 96 -86 39 68 99 -51 -7 31
-52 31 -11 -27 9 100 21 -94 -84 -81 50 18 25 -93 -12 73 -23 47 85 -15 36 100 -91 -39 46 -20 80 -73 -80 -64 12 66 39 69 -9 86 58 -27 -3 68 36
78 -42 -3 -62 81 62 76 -33 16 63 -67 -6 -35 -95 38 33 -28 49 16 15 76 15 1 -47 71 -95 2 22 59 61 16 -4 44 -20 -30 55 80 -6 -99 -11 -9
18 87 -83 -59 -33 -18 -42 46 53 -76 -84 -3 -27 2 69 24 -65 -82 89 -5 82 -54 -96 -25 -89 -6 -59 31 100 -78 80 47 36 -46 -94 42 -21 -73 17 62 -9
-74 84 14 19 -72 16 -68 -59 -99 80 -96 -33 -26 -21 -86 27 -93 39 64 -25 -50 -84 84 56 82 76 -82 66 43 -10 -95 -83 11 9 36 84 94 -2 87 -81 11
-82 64 97 -8 -46 -55 52 57 42 -72 31 52 85 59 49 4 47 53 -64 -1 89 -6 -6 -82 -79 75 -67 -86 50 54 74 -19 -17 -11 59 -28 49 73 69 95 32
74 -23 -79 -42 -26 69 -29 -73 -67 56 64 -19 61 -54 -60 48 -26 97 -50 42 27 48 7 40 83 42 -11 -60 -20 -36 41 -73 -76 -71 -55 45 35 -49 59 -47 -8
70 8 -97 38 65 32 -72 42 -91 -73 32 -12 54 -29 -29 8 -23 -47 -26 32 52 -12 11 87 -46 -39 -52 29 -13 17 8 50 -25 52 75 33 -5 -82 -65 -37 -68
25 -63 60 -95 -25 31 70 -99 26 -3 -41 73 -53 -50 -62 -40 -45 64 -48 -92 72 -40 -80 15 -1 -36 -38 -68 91 40 -12 -5 -8 64 -25 -5 -17 29 73 -7 -66
51 -89 -97 -46 -82 -17 65 -12 68 24 40 -59 78 62 -63 -65 -88 22 -48 -70 -8 82 -83 -56 67 81 41 86 -37 -98 98 39 -19 -77 58 -82 -18 -69 94 -17 6
-55 -38 91 -44 40 -22 31 33 -97 99 -80 -15 88 87 -75 60 -90 -40 -64 -68 57 44 -78 54 -72 70 -38 -30 65 -59 18 24 87 -58 7 80 89 53 99 -52 11
49 48 58 44 -11 66 -16 -53 18 98 20 -34 2 19 -60 -56 -97 19 -17 54 -22 -16 87 -65 16 76 46 46 -73 -66 85 -75 -98 -18 4 24 26 -59 27 50 -35
7 -17 -40 16 -90 57 -39 -95 76 40 86 32 20 -50 52 -36 38 -32 -38 35 -50 63 9 30 47 -20 -32 98 81 65 25 75 99 66 -76 -5 -65 82 77 89 -94
81 -36 28 -52 67 10 62 -54 -60 -93 -58 61 40 60 -99 70 -17 65 66 -71 -19 99 98 -29 40 13 -25 -22 10 26 -15 16 -65 93 34 66 -48 77 34 -77 -58
-62 99 -80 98 16 87 80 0 -1 -66 -46 20 100 44 83 -3 80 -73 -86 7 -37 -42 74 -35 -67 76 -20 -30 81 -60 -75 -56 -34 31 -21 98 99 -39 -32 4 -2
-95 -31 90 89 47 86 62 81 -56 -99 -69 -35 -84 93 -97 23 -95 -84 37 -22 96 61 -48 81 37 -38 4 -97 5 -86 -99 -39 -88 40 -37 44 45 88 -58 -60 45
