37
11 -62 39 -36 -63 41 -13 -73 5 45 50 -41 65 -64 -94 -23 43 50 -96 19 41 85 22 44 -69 -5 100 -99 -79 -60 26 80 59 -17 20 -69 32
-28 38 33 37 -76 -73 -2 -41 -66 -46 -76 -12 -97 78 -58 -76 5 64 -47 -11 -40 31 -70 -77 78 -27 0 -49 25 -11 -25 86 71 -65 -90 99 53
81 -66 87 -32 -24 95 -93 67 -68 64 0 -42 33 -69 -50 41 -63 -85 25 -59 -33 -70 26 -69 31 28 90 -29 82 -94 57 -13 21 -13 12 -22 -88
69 -4 -96 -28 -60 99 -12 -90 13 82 17 -8 50 94 -10 -81 27 49 -79 -17 52 -35 -89 -14 40 -93 58 95 -78 -6 -64 95 -92 91 20 -52 -17
32 -21 -38 -75 -11 37 -41 14 7 -67 31 -67 -72 -49 -49 -90 -99 -19 -5 -26 -25 23 -12 55 77 -67 41 -65 -61 73 -34 92 28 -58 -30 -58 66
23 42 16 22 85 -21 -92 3 97 37 75 29 42 -46 70 15 -92 -66 -19 18 -82 81 -79 -39 -51 8 -97 -7 -22 -87 -77 -10 -36 -91 -42 -39 -12
96 -50 30 -60 67 57 -7 -14 -45 38 64 -9 2 40 -92 -10 52 7 -15 75 44 -11 45 74 4 -78 -19 33 92 -84 -5 3 -31 94 12 74 31
60 -50 48 65 32 70 -38 -19 -92 -49 58 45 -67 95 71 56 -23 -5 -5 -81 13 -29 -23 18 -12 -39 -95 -85 48 2 25 -69 -58 -81 65 -87 -38
29 51 -63 -74 88 -10 33 32 22 -82 14 71 24 17 -35 -79 -36 -56 -43 61 93 -16 2 -49 4 52 37 -66 72 33 78 -74 -88 61 36 34 -94
-67 19 -38 -52 50 -44 52 31 -81 82 34 -77 -22 -88 32 77 -92 -23 -15 54 -57 -97 -19 13 -29 -3 41 -11 77 32 11 65 76 -16 95 83 57
12 3 -92 -94 -5 -12 -3 91 15 67 4 67 100 88 99 -58 -65 -39 51 20 -23 15 30 -75 59 37 49 79 75 -75 -72 78 12 -15 3 -26 -92
-61 -42 32 -26 -46 23 71 88 73 -96 54 -32 -66 53 63 -65 44 -65 66 -1 69 39 1 -15 7 -42 45 -41 41 49 -98 -88 -5 -38 99 -22 40
-71 -68 -55 -23 50 -63 61 38 -1 74 -78 -45 -82 89 66 -82 -98 -17 77 97 -69 -78 64 -16 25 -8 -77 -64 -20 -30 -19 -79 -66 0 -30 -22 -30
-19 -60 -56 -18 23 79 50 61 77 -18 84 10 -3 -44 78 -87 -71 85 -23 7 85 -61 -99 74 16 28 -86 74 -27 8 -39 -17 -35 -8 -3 -19 34
58 12 -46 82 49 44 88 38 17 52 -51 -18 -63 88 -25 -20 -79 -32 -98 -63 -13 78 -6 -25 -42 -46 35 5 -51 -37 88 48 70 20 -73 -28 14
-55 50 23 -95 53 35 70 -88 42 22 15 52 -21 -3 -63 22 17 -23 60 33 -96 19 -23 79 -26 -69 -35 95 -96 -16 40 48 40 -42 -92 0 62
-66 68 -98 -54 -33 -38 61 -68 -6 -43 33 -56 -53 14 28 81 51 -19 89 9 -77 5 58 -38 67 72 61 100 -40 48 -39 27 51 12 -98 -84 30
43 -13 -99 -37 -89 41 -50 -75 -7 92 64 -57 -10 -55 40 51 59 99 7 26 -54 96 9 74 -88 97 -87 -89 18 -82 69 40 -68 -9 -13 42 -35
-32 64 90 -70 -36 64 75 62 -78 16 31 99 69 11 34 24 69 28 -22 -33 -61 -95 19 82 -39 65 16 1 -80 -62 -44 90 27 9 54 -59 -63
-25 82 83 -48 44 75 67 -67 18 31 -64 8 -47 -4 59 -93 58 86 56 -93 83 -6 -97 72 46 -52 42 71 30 -43 78 -34 -97 57 80 -9 -80
12 -11 -10 32 29 93 12 26 18 86 -90 -17 59 -71 -24 -81 3 -14 -53 75 56 65 62 42 -52 16 -8 -59 12 -23 27 65 -99 70 -68 89 -1
-44 63 -82 42 -44 96 36 -67 -1 -76 97 53 -2 70 -91 18 28 93 -55 -50 40 99 61 -98 -6 -40 42 75 -55 53 -71 18 39 20 -10 -65 -70
-12 44 -23 -48 -77 -18 22 22 84 -16 -41 85 -87 -48 -41 -14 -38 100 -83 56 90 40 40 83 -78 4 -70 92 63 80 61 76 71 85 11 23 1
50 42 -81 66 -73 3 -78 76 34 -61 89 -95 59 27 61 53 -66 -94 32 -86 -35 91 -11 60 -17 49 -26 -84 -47 -26 -88 99 -8 43 -75 76 8
-70 13 100 -21 31 74 61 -23 -43 -89 21 -23 -43 67 6 98 64 48 39 -16 -42 83 96 -18 95 96 51 92 7 -37 -35 -35 95 28 51 32 14
48 42 -23 -49 49 63 44 67 -6 -11 93 7 96 -68 54 40 72 -10 86 -21 89 94 2 57 30 -30 -85 55 43 15 29 92 8 51 95 -36 -49
5 -37 58 -10 25 -93 50 -38 87 38 43 -72 -5 -10 12 81 -16 -1 22 25 -26 87 -2 -60 -70 12 70 86 -76 14 -79 -19 12 -69 -11 -90 -74
-40 -34 -24 77 -37 36 -48 -85 2 -50 58 45 -81 -16 50 45 67 24 -52 10 -85 -89 -66 91 92 26 -41 64 -33 96 -28 -95 65 -42 -1 40 -71
-10 -4 -7 -26 -65 82 -22 93 45 -78 -99 -52 -47 -64 -6 -98 -21 -45 -71 -85 -13 26 -2 -29 -24 60 13 -88 -56 100 37 29 94 48 97 -66 25
92 97 53 -16 8 -73 -74 -44 -5 -3 -16 -90 82 -11 -7 -40 32 0 -4 40 20 55 -79 -66 2 48 98 94 -65 40 -82 9 29 -17 -20 -18 38
-46 -51 30 -96 -55 -11 45 -58 8 -32 100 -81 -29 86 92 -50 -37 -38 -27 -99 61 -59 52 -66 90 49 -53 -57 -31 85 34 25 -25 13 -53 -34 -95
-78 99 -28 41 29 29 -30 36 91 8 -2 -68 -34 89 49 9 -15 19 72 -22 61 -78 96 -87 84 -72 60 -43 9 31 70 33 10 61 8 81 92
-43 -27 61 66 41 -94 -90 33 -83 90 78 -30 40 50 -52 12 92 -30 -60 94 20 92 70 87 29 37 -43 98 53 -51 7 -79 -72 -19 36 -84 98
43 -89 -74 7 29 73 -83 -19 -88 45 52 91 59 -33 22 -37 5 -66 -7 50 -64 72 29 -15 -8 -35 16 28 -68 19 -57 15 -32 -32 -53 -79 -4
63 -91 16 69 -95 -33 68 -34 -44 -55 40 67 98 29 -6 -15 0 63 -68 61 15 -84 35 -56 24 -1 13 -53 -17 10 80 93 -86 31 -43 -10 -85
98 -37 95 49 10 -49 -15 93 5 -39 30 0 -91 -85 -65 -14 91 -30 99 77 70 7 65 -56 40 55 -53 63 -42 -18 -17 0 25 -29 91 -79 -10
-91 -76 44 -2 -69 -62 12 -94 40 -76 -78 56 69 99 -72 -77 -95 6 -58 -15 92 -70 43 -2 57 43 19 56 33 12 79 -96 -28 -9 83 100 -53
