76
61 1 20 -22 -52 91 20 28 -17 19 -88 -2 60 -90 66 28 -97 -19 16 -88 -25 59 -41 -76 -79 33 -84 88 -5 -48 -94 -12 83 83 -27 67 0 -10 93 -68 70 -34 -66 -26 79 31 36 -33 53 60 44 -39 52 -65 -18 -39 76 69 23 -90 -84 92 -22 -37 90 43 70 72 -89 -73 99 3 55 -98 6 -89
-58 -86 20 -98 -50 36 83 -79 -3 41 -76 -8 -85 78 29 32 98 -93 43 72 -82 -65 76 31 67 65 99 63 38 5 -76 -74 -4 -77 -73 -9 -50 96 17 36 -10 -17 78 -51 12 -8 12 26 -87 -29 -16 72 12 -86 51 20 -14 64 -41 50 -16 -47 36 -32 -19 71 0 -12 -37 86 -86 22 -4 -35 31 19
56 65 -2 80 44 48 38 55 55 -9 87 25 95 32 13 72 1 60 25 8 92 9 35 -15 -58 96 -46 91 -39 70 -45 87 -42 -12 -40 62 -63 -67 7 -63 36 99 92 -21 62 47 25 63 -92 99 97 17 -81 54 68 -52 -98 19 -60 16 -46 -58 -49 69 55 -59 -51 32 -21 14 33 49 -33 58 -35 71
-94 6 21 73 69 74 -42 -54 -47 65 0 -65 -91 -13 85 16 27 10 -2 32 82 71 83 83 70 16 31 -76 -93 -79 79 48 1 19 63 50 25 29 5 100 -2 -18 41 -2 -65 77 41 -82 57 -99 20 69 81 -32 44 -86 -18 94 -10 -3 61 -38 -66 10 -82 57 -77 95 20 -88 -95 -92 -14 -38 -58 39
65 -53 100 8 46 -13 53 56 32 -6 37 41 -73 28 1 -71 -32 -86 29 -7 5 -43 -13 -52 65 -81 -16 -65 81 -88 96 -84 -18 1 26 90 31 41 -66 12 -60 -22 -22 -60 -3 23 -20 -36 32 -28 -86 -55 -94 -70 -59 53 -91 54 -92 7 -73 76 -75 81 19 -19 -18 -18 -7 18 -14 -58 0 -84 -33 -25
44 82 35 97 -21 -98 79 39 -23 -35 60 -35 75 16 74 -46 -64 -5 -16 -77 4 -78 13 -95 -50 91 -27 89 57 -76 47 -97 -24 -38 11 -18 2 43 9 77 -74 -87 -60 -87 -80 -13 38 -69 96 73 -35 14 -44 -52 -5 -80 84 -41 -45 50 35 6 -33 -26 -35 -6 -1 -4 100 14 -36 33 61 34 82 -76
63 -39 -45 -98 -61 -7 -47 30 71 -66 28 -34 85 -21 -79 -75 -55 -90 11 58 -89 -25 -93 2 42 69 -45 38 58 37 -87 -44 -83 80 63 64 38 -41 -74 -34 18 -43 -61 63 79 98 98 -26 79 -72 -25 -98 59 92 -52 58 -69 66 -21 56 -15 -99 69 74 -91 90 20 -93 -77 -8 35 43 -71 54 53 -49
-20 24 -38 -16 -70 -40 -66 -18 -29 13 -4 -24 -63 51 81 -5 -98 14 -38 93 100 28 -9 -11 7 -17 -95 41 31 -29 -42 50 66 82 22 80 -98 17 -2 30 76 95 9 -14 -72 10 -90 11 -35 -3 5 15 85 18 83 48 -90 -40 62 -77 -7 81 -30 45 43 75 -15 25 70 -79 89 -6 2 -19 -81 -14
37 68 -15 -91 50 -90 -31 -3 45 80 78 98 69 64 -99 54 -6 84 28 66 61 32 71 56 63 2 -68 87 90 -53 16 12 11 37 92 -84 33 27 59 82 -8 34 26 -98 38 34 -86 -11 30 -80 -78 15 91 -68 44 33 44 73 -94 -25 86 -50 -6 86 95 -23 -27 11 54 11 -91 84 89 -4 28 57
-34 -85 74 -35 -21 81 -10 -89 49 -5 -3 -40 34 43 -87 24 83 -30 -40 -70 -91 -84 70 48 -34 -65 -43 -60 44 -95 24 -3 -30 -2 55 26 91 19 21 -34 -38 2 45 -40 52 -54 3 21 78 41 -97 -36 48 -47 3 94 75 69 -18 89 22 -17 82 -64 52 -97 87 -72 58 -38 -46 32 -92 -52 41 94
63 -69 61 34 -39 -86 -6 -70 -59 54 98 -62 26 -31 21 -51 99 40 29 -84 -23 -53 -26 -70 -91 73 -45 -6 -14 -98 -21 69 -26 98 19 44 17 14 77 22 -81 69 5 -90 72 53 -44 53 22 10 46 -81 -26 93 -98 -4 -81 -82 -30 6 48 -45 33 -14 86 -93 -88 -67 -85 -53 -84 60 -14 -84 9 24
79 -32 17 84 4 -81 57 84 -51 -62 29 92 5 -21 -36 58 -22 47 -18 1 -53 -79 66 83 17 21 -45 90 27 -83 98 27 28 -93 -24 79 64 -52 -46 47 -68 -19 -17 60 74 21 45 -47 84 55 55 -59 -80 -14 -21 24 -95 30 -1 -14 -58 -34 -52 -86 4 -52 75 -78 -49 -59 52 5 -11 -13 -34 -95
-77 17 -88 -25 74 -42 -58 -93 1 89 -16 50 38 -19 -44 96 -26 -7 -69 -84 -79 79 80 -96 -28 -42 69 96 94 -81 16 -74 44 97 43 40 -96 49 1 -65 -13 -55 60 92 51 -29 -4 -39 -32 99 -94 -14 -15 23 -46 -10 -92 -77 -89 -42 42 29 -48 -16 48 -62 48 -96 -94 -61 -61 -76 -94 79 -83 3
38 6 -59 -95 -80 8 86 -23 62 -48 38 -24 -86 -80 -33 57 -84 10 50 -37 -13 -80 -68 -29 36 -96 33 -57 -7 -24 29 89 50 34 90 36 16 -76 -61 54 -98 54 38 73 83 -79 0 71 82 -95 3 98 -77 6 -45 62 66 -35 -18 -12 -12 -34 49 -85 98 -54 -65 -99 -57 -94 -68 99 99 -41 88 86
-78 -71 -72 84 -1 78 86 -78 81 10 -96 -28 24 21 54 -74 -79 -2 69 62 28 -86 -16 89 -49 56 -73 -90 -61 4 -64 43 100 -98 -31 -6 -98 46 -57 -89 83 23 -24 -55 -6 69 5 90 1 44 52 37 -69 -10 -46 19 44 -71 -42 -78 33 -69 96 -13 -84 66 -72 -98 21 77 91 4 -99 -24 -49 -7
-84 -88 88 -36 82 84 76 -44 -13 -21 -32 57 -37 -16 -90 51 -48 -89 86 -69 -25 -5 -7 77 31 29 -84 -66 -86 -61 -55 64 -70 -37 -6 55 -88 -86 -57 -25 -17 -11 -9 92 -65 -77 50 -50 38 37 -75 -49 -55 11 -89 74 72 29 56 -95 -65 66 98 27 32 40 39 72 94 1 -14 -22 85 7 -6 -93
-3 -20 80 -43 -90 -88 97 -54 -35 95 47 40 -52 -18 -29 -48 -49 50 37 -60 -77 54 60 -69 1 23 -88 -62 72 -67 84 -96 65 -24 -46 -98 -92 -44 15 1 39 83 61 -11 23 -82 47 -48 95 -64 71 89 -83 30 84 19 52 15 39 66 -92 60 4 24 62 43 -67 -12 -69 -50 -30 -88 29 -29 -99 -67
-27 72 -14 -51 50 -50 -76 -83 99 -18 83 37 -68 76 -95 37 -91 47 -29 70 -23 49 29 11 1 -6 -66 2 -24 -61 -5 -46 66 -47 -57 82 -51 33 96 -44 -70 -78 -35 52 -75 43 -13 73 -25 50 -65 -81 -35 -2 46 -17 -55 -86 -40 -44 -10 -97 42 -54 10 44 83 100 -12 77 -49 26 -92 -35 7 30
-46 57 -23 -39 70 90 83 -89 71 -10 -77 28 63 -68 74 -87 -45 83 56 -97 -31 38 -15 -97 -86 -59 -60 -37 -18 -85 52 -91 63 -56 -65 -78 -26 -22 83 -6 -46 45 49 -10 -89 -20 -22 46 -14 -22 -1 71 59 -86 -11 30 91 7 12 -20 13 -39 -32 29 -31 -99 40 94 -21 -17 20 11 -70 -17 -92 58
93 -83 -20 15 40 90 83 21 44 -4 11 -66 -4 38 -5 -65 91 98 15 99 60 -4 -87 -85 -95 -12 -79 -90 29 -65 72 -61 -91 -85 82 72 0 -19 58 -59 -16 -55 55 82 65 -67 -92 -86 -98 43 -82 -45 3 -39 -98 -29 -84 -74 78 65 5 -53 -63 36 91 35 -78 -28 63 88 94 67 -29 -20 -18 -40
-67 2 -75 0 0 -97 56 -47 -6 55 -37 52 -55 -32 -8 -10 6 61 -46 44 -29 -96 -48 -24 72 24 -60 100 -95 -38 -85 -54 -4 -89 -8 -99 71 74 -39 80 38 36 -61 73 26 -98 90 58 69 -46 0 92 1 -81 54 -65 -16 71 56 35 -10 70 -69 -12 43 -39 -54 38 -90 81 62 29 -93 -29 -84 78
-52 -19 96 64 -91 -58 55 41 49 27 90 -42 -21 74 6 75 39 -43 16 3 6 -68 55 -35 96 -81 -86 91 20 23 8 0 43 32 30 45 83 6 2 48 39 -80 -49 -55 -28 37 -46 -54 6 49 64 75 -56 20 42 -72 -85 72 57 23 70 -2 4 -79 99 3 65 85 99 100 -57 -61 -17 99 -55 76
7 -60 55 -37 -96 25 47 32 -10 37 97 25 42 41 -33 69 -36 -78 35 -1 -23 -69 43 -5 63 -28 96 56 54 63 45 98 -55 -70 -6 -69 -94 -66 95 -35 35 -69 -42 -26 64 -2 33 73 3 56 -69 53 87 -28 -21 -92 -98 -92 34 66 -66 -15 -74 32 -98 29 -57 -52 54 -58 6 -25 -28 58 -66 34
67 -14 18 -74 -66 52 -34 55 67 57 58 60 -22 -97 -15 29 76 -92 0 -79 -79 16 -63 -45 25 77 15 -71 76 -50 4 73 22 -31 -25 72 -6 18 97 25 -73 -10 -42 30 0 97 0 93 28 20 95 42 -66 -82 78 -59 8 86 -49 -80 -8 74 -50 48 5 7 58 -99 -78 -10 80 -1 -8 -65 90 31
-5 77 37 -57 19 30 0 -81 82 85 -72 -27 -91 13 88 96 -84 -76 70 65 3 97 65 15 3 -76 86 94 19 9 50 42 47 -63 82 -82 -37 -19 22 99 9 -25 4 -17 -10 23 -8 -4 27 14 25 34 -10 -29 -73 -21 -47 64 97 -24 -54 72 43 -59 -54 -1 -44 -3 -14 94 -27 75 6 -39 -91 71
-51 -57 74 58 25 -19 -93 -74 17 -24 97 -76 14 61 83 67 35 62 8 -6 -67 -44 78 50 -62 92 -14 19 6 -89 -95 66 48 17 11 -77 -53 86 -41 73 -88 60 -71 71 97 9 -63 -30 -23 -22 29 -11 47 76 -82 96 -96 83 40 70 52 77 26 10 49 -38 38 70 -92 -53 59 -57 15 -77 85 24
-52 -42 -74 -71 7 13 -2 -29 17 59 86 -21 17 -80 11 -71 77 -25 -59 37 22 -59 -17 -11 73 -87 81 -60 26 51 16 -62 92 -14 96 -4 83 -11 96 -80 -6 -75 27 -24 15 -74 7 -40 -36 9 -50 37 18 -49 -22 -59 -26 -4 70 37 -91 85 7 98 4 23 49 -1 -57 22 -2 88 19 54 -47 -63
0 58 -47 39 -98 31 17 72 -24 -45 76 -31 46 -64 -51 -76 28 47 -27 60 -24 -78 -26 -81 -23 11 76 -18 -37 42 20 20 -81 -97 -84 -79 86 20 -23 -6 -58 46 -64 6 -2 96 -44 7 59 -4 6 -69 -59 -33 59 79 36 56 39 39 -68 -35 -1 28 55 -55 44 50 9 -74 27 93 -49 -5 -6 -72
73 26 -27 49 87 25 -34 -12 47 98 83 -54 -84 81 -70 14 -30 -78 -57 -91 -10 -35 -66 -9 -61 79 -77 -82 -49 94 46 -14 -20 -48 21 -18 58 65 90 -53 -55 31 -92 -10 -4 -5 73 9 -62 -25 48 27 -89 -34 60 100 -41 -11 -27 -38 -30 -28 41 25 58 -48 -48 2 41 0 29 19 16 -94 0 87
-70 -22 72 97 96 -90 46 98 61 -55 -12 61 65 82 -11 -28 27 -48 6 -7 40 100 -94 -14 -64 -37 -93 17 31 -33 44 -1 1 -31 -12 -91 -57 -91 68 -65 22 -39 -54 -35 94 -61 -26 -17 56 95 -95 29 -23 -70 70 40 -29 37 17 -55 -69 25 92 -85 -19 -44 56 55 27 -58 -80 61 -99 -85 88 25
18 -68 -67 65 -12 -76 -33 58 90 -60 89 -30 -17 -21 -62 86 -57 -98 99 80 50 -32 -48 60 65 62 -20 -57 78 -14 4 5 -56 -55 6 62 27 91 -5 -52 46 -89 -1 91 -90 -48 66 -59 72 -48 -50 49 -28 -8 0 -17 61 73 68 83 -76 -86 -22 92 45 46 69 -88 25 -31 65 -34 58 -41 -52 95
-75 -15 85 -55 82 85 -23 2 79 72 61 -51 -46 51 -74 -76 -3 0 92 51 -52 55 37 -11 -62 -7 38 -75 -47 -48 83 -22 -15 -55 -16 -8 39 -57 96 -97 15 29 -86 74 -91 -8 28 31 -92 -65 32 38 49 56 -45 23 -46 -24 100 12 80 -26 -6 96 -84 -36 -66 35 -34 -69 63 84 40 -62 44 42
-7 -84 -52 -82 61 -85 -15 32 -62 -4 99 -28 85 -95 97 49 11 84 11 -90 68 63 27 -95 -23 -75 81 -26 -18 4 45 -24 -69 26 -40 -81 -92 33 35 62 88 -55 -79 -57 -17 -56 -15 -2 5 40 -45 -57 -5 53 27 44 100 49 83 -49 -43 -58 -5 64 -98 48 36 -60 93 44 59 -69 82 73 97 -52
-68 50 -98 7 10 -92 61 22 79 82 -29 57 -68 11 17 85 -7 -19 -70 -64 71 -72 -58 -93 4 -79 60 -28 25 17 78 -25 -56 82 94 -23 15 78 -17 -39 50 91 -2 -12 -43 -57 -57 59 -82 100 -44 -14 -39 -72 24 -49 93 -77 66 -67 52 86 -59 37 0 -43 84 -16 -48 -64 75 -13 18 -68 8 48
10 -8 9 -67 41 79 15 -61 -95 58 39 -60 4 -33 -94 82 -11 10 26 -71 30 -34 5 72 48 -17 -82 -63 1 -1 70 -14 16 84 10 79 -44 -69 -34 30 34 59 23 -9 13 48 46 62 32 -94 49 22 -49 1 27 44 -76 8 -84 37 -51 -53 -5 53 10 -26 -1 -35 -52 43 -19 72 9 -49 20 74
100 -38 -84 6 -94 50 -11 -30 -9 3 100 41 -57 -3 -80 -91 41 -7 -37 6 -27 -23 20 52 -35 -45 17 -19 -70 90 89 19 14 -94 88 5 14 30 -53 -8 -37 -1 -13 90 54 67 -96 51 96 -25 18 9 36 -14 -12 -98 76 -48 -3 88 32 8 3 -11 -91 91 -60 80 41 -31 87 61 21 26 -99 -28
92 85 -2 93 88 -15 -35 73 -92 -91 53 -7 -85 86 93 70 31 -19 70 20 54 2 94 -85 87 -31 45 -61 -62 -65 13 83 -34 -55 -81 -2 -44 -47 31 100 -64 7 1 -64 -40 8 -43 -93 36 53 -50 28 -59 74 -87 41 -53 57 65 -33 7 34 87 -21 7 82 -26 -45 -40 -18 77 43 -91 -6 -51 -33
37 42 -14 10 -45 83 -81 25 31 7 34 -24 42 28 14 78 46 24 -57 -33 -44 11 -95 -2 15 41 -63 5 70 -61 21 -21 71 16 23 32 -57 45 28 8 -26 -90 59 -31 79 39 -79 -21 -51 -99 2 12 -48 50 98 -99 -9 -48 -55 28 -24 85 60 78 -45 23 -88 97 36 -3 50 99 -57 58 34 -37
6 31 -66 66 70 11 51 -83 -24 41 94 -54 99 -33 -56 -83 22 -90 40 38 -45 3 -22 48 8 9 -67 -80 95 -96 -61 40 -27 6 65 47 87 40 -98 87 32 38 17 83 -57 -88 83 -61 -35 -39 51 -35 13 -1 64 82 20 19 81 -30 -88 43 96 -60 -35 -95 -50 47 10 72 64 46 83 -69 86 -5
63 -14 36 -85 57 -71 74 -15 -92 79 94 2 -73 24 89 -35 0 -73 23 37 -60 20 -64 20 37 54 91 21 -59 -19 -29 -34 -9 -42 -15 57 21 52 -88 13 -29 -1 -64 -58 -70 -76 19 -99 -39 -47 19 53 62 51 44 4 -37 -74 86 73 -53 96 50 -48 -53 58 45 -96 -3 4 27 62 -24 -36 59 71
100 -21 -71 31 65 68 73 -55 63 18 -34 -31 -41 61 90 -26 -55 -32 -56 54 -1 -30 -83 -11 38 54 -3 78 -43 -14 -86 20 14 41 -81 -51 -94 69 -61 -12 9 -51 65 -31 47 14 93 47 74 -39 32 91 -89 33 44 -36 -44 79 35 -30 -24 -60 -23 31 55 34 19 -99 2 23 -65 75 -93 -57 -69 -64
-98 21 -63 -78 -62 30 88 -70 55 35 14 -96 -78 33 -39 71 92 22 69 -67 9 57 55 50 -77 23 -23 2 -97 38 -74 8 -89 39 29 0 -9 77 74 -79 -85 93 -49 -82 -11 25 59 -40 61 -52 -31 42 -16 100 33 64 -21 63 51 -20 -39 -84 95 -66 96 96 2 -72 -46 73 35 -85 -97 -78 84 34
-64 -45 12 -39 14 -92 -79 33 49 70 -6 11 69 6 -45 94 14 15 -38 95 36 -86 -74 44 97 -99 -49 -27 16 -90 0 -97 56 50 -7 -18 -83 -89 -15 -57 56 -70 -15 87 44 13 68 -37 18 -39 82 -66 87 -68 44 72 -40 -58 98 -23 -96 70 87 -78 64 -76 78 -21 77 83 -34 -65 -40 13 49 25
-50 -78 74 -31 32 31 -3 -18 -43 -65 -24 -6 -78 73 15 -3 -68 -67 -90 62 93 20 47 5 58 11 -53 -42 -43 75 -19 11 -42 -15 82 18 -28 77 37 -19 50 -87 -89 12 76 40 -77 11 0 48 -32 -55 -94 37 -9 -49 8 -68 -44 8 -60 41 -78 27 -64 53 -57 -62 19 -33 -73 -97 98 -98 -76 98
98 -80 58 -79 65 -94 33 45 -44 -11 75 -92 -13 33 30 -72 97 -7 84 -12 56 -70 69 6 1 -47 30 54 -16 64 -29 -15 54 -51 -48 34 1 -32 45 -98 -42 -58 -72 -22 -33 -82 -44 28 -65 -24 86 -70 1 -51 89 -54 89 55 -32 0 -78 5 16 -19 87 75 80 26 -67 -76 -95 -31 -91 93 -25 100
24 -80 -78 -19 -85 -71 30 -39 -47 1 5 -78 24 -36 -97 -89 19 73 32 90 15 -58 -48 86 -86 61 88 2 -27 71 -41 -17 -6 11 44 90 88 -38 -90 78 11 -37 -89 1 -15 22 -88 -31 40 -9 22 51 98 -7 -78 -24 -70 45 14 -51 97 -82 98 -51 -7 -55 -9 37 59 62 27 19 75 -19 -21 -92
-95 -40 -25 17 -77 -21 -50 -27 -91 66 51 -10 59 24 23 21 -75 -81 22 28 89 -64 -2 91 87 -56 49 -10 -59 -34 -85 -65 27 5 -57 -45 -23 -38 53 12 -20 -60 -82 67 71 2 24 79 62 -51 -28 -74 -26 84 -83 63 25 -2 -5 -46 -99 72 -35 77 -52 82 -18 27 -10 8 -26 19 -22 82 49 43
84 -80 28 78 96 -42 -53 -15 -28 -56 72 14 -52 98 -97 -13 -73 -89 45 -5 -81 52 30 70 14 -41 53 -1 100 49 46 34 76 6 23 -56 -18 -67 -10 64 -88 -88 -68 100 -91 90 -65 45 -97 87 37 60 17 85 4 -18 -27 -11 -10 27 37 -66 26 92 -59 46 -74 -90 -83 45 -48 -81 4 -71 100 84
-17 -72 -64 -35 -70 -35 35 -67 77 10 -93 17 32 54 6 -75 -71 -77 9 -67 -94 22 20 -25 -24 92 54 -37 -11 14 -76 -13 63 73 93 -11 -22 21 -38 -86 8 71 25 58 -7 -76 -32 70 13 93 -26 2 -18 10 -59 -75 -85 44 -60 94 -81 -84 57 37 -87 73 12 3 -60 -39 70 -66 54 16 -56 85
-35 -50 48 29 -11 16 62 14 -49 -51 -82 77 -44 3 -58 86 -25 -11 -90 69 32 -12 -33 -46 -44 80 -36 -73 -6 88 -59 -98 49 21 51 44 4 -32 86 13 -88 75 -71 -54 -4 -29 -25 78 63 -96 -17 -64 96 86 -77 5 30 43 23 -34 40 5 -92 -54 39 47 -60 48 -33 24 -41 -29 60 25 -20 65
10 -87 -28 -62 60 -49 57 -54 -18 50 -20 35 -97 56 -77 -94 -75 98 89 -45 52 88 71 -36 -14 22 8 -36 -95 -94 11 46 -88 -7 -95 -34 -93 94 62 22 -18 -90 -35 29 -15 -6 -28 37 -75 -30 -49 -81 85 -85 64 -51 79 21 68 -92 98 27 40 77 -70 63 -54 -74 30 -55 -12 49 -93 60 20 48
-87 -10 55 20 91 82 83 -55 12 44 -44 71 53 -96 6 0 91 -1 9 25 13 95 59 22 59 45 39 -33 -86 -70 -13 9 -36 -32 -81 -30 60 47 -47 -3 -49 -64 70 70 62 -12 83 -46 -16 58 -15 70 -28 45 -9 83 -60 30 25 75 -10 26 39 -61 -20 82 72 -4 -45 3 -83 -97 -8 90 82 13
-2 38 39 56 -67 -55 21 -54 -52 100 43 24 47 71 56 -22 -53 -70 -61 -86 22 26 47 -58 -3 3 -22 -60 5 62 -60 -23 74 -24 -35 -99 46 63 87 -41 9 2 27 -63 94 28 -41 79 79 12 61 -38 71 -36 7 43 -67 75 -66 30 -80 89 97 77 -74 39 -94 -59 -1 33 37 -95 -18 -87 67 74
-33 -15 51 -16 -69 -35 -49 -65 49 2 92 24 -64 47 -5 -77 63 71 -76 78 45 -1 91 -3 -68 -54 -77 46 7 -97 -66 7 5 -93 38 87 -74 -63 70 -75 -38 -13 82 25 -39 99 37 -19 29 66 -94 -8 67 20 50 -49 -31 47 -77 96 81 -26 17 -28 -13 -34 -74 24 10 -4 -50 73 100 -80 -66 1
-67 -13 -86 -46 13 96 -83 62 -43 82 -45 -87 74 -38 -29 84 -32 19 -8 -90 47 37 -49 64 -61 89 74 22 -3 -25 75 -91 95 18 100 -43 -19 13 11 -11 -49 -67 -92 22 19 82 -34 -11 55 -86 -49 -88 -36 -20 59 51 -82 86 72 -97 -32 -28 -3 -15 20 70 73 -5 24 20 -33 -15 -20 72 -9 9
-64 8 8 -72 -29 79 -78 29 94 -24 32 53 94 -90 82 -86 96 42 49 -32 -1 65 -53 -82 82 65 -74 77 57 -95 -39 -31 5 -22 38 -72 -97 -58 52 59 -24 12 1 -55 64 60 93 -13 -5 69 -87 7 37 -32 -98 4 -58 25 43 -18 -39 18 -34 71 -98 92 35 -37 -16 -85 -94 94 88 52 91 12
56 -74 -11 44 -20 58 43 42 -22 0 80 -49 -54 -73 -62 80 9 49 -95 72 -16 -39 -29 -5 49 74 40 -16 65 -27 16 -15 49 -26 77 58 6 -12 -53 -36 81 83 -5 93 -71 -48 -97 -26 44 -48 -88 -95 -3 -11 43 52 47 -10 -94 14 15 -14 22 -67 -25 -95 26 -22 -81 -9 -53 -30 -66 38 100 1
71 23 -97 -19 -49 28 69 36 -86 -11 -66 -84 5 -11 59 21 -50 8 -96 4 -81 -45 -72 63 -86 -96 -71 -72 15 -35 -65 32 -72 -64 92 -87 -11 -7 -99 -97 99 -4 16 76 48 33 -55 96 -62 -62 -77 -38 37 80 27 53 75 -86 89 89 -19 44 96 -28 -24 8 -19 45 67 -5 -84 -59 45 -26 85 -45
27 48 70 -37 -65 20 10 -22 76 92 -89 24 14 -86 -83 -30 -18 95 42 82 -21 90 43 -34 -44 6 53 -37 -62 64 -22 51 35 -76 14 -46 49 -37 73 -32 -79 -37 -57 -60 23 -93 51 -74 22 57 99 31 -83 83 100 80 77 78 -67 43 -96 14 -70 -47 12 -94 -9 -47 -52 -93 76 42 -17 -55 -72 93
57 -70 -2 42 -96 16 -19 -66 10 14 35 -26 -94 -17 -23 -86 81 66 -39 9 -87 -90 75 92 -12 78 72 18 75 98 38 -24 18 -54 -14 -78 89 -50 -60 -21 -18 31 76 37 -2 84 -86 -59 -94 26 -5 86 70 20 -64 -96 -67 58 72 29 -88 25 -83 -40 45 39 -28 82 12 -47 -66 -94 -27 99 28 64
5 -77 -33 79 -96 -30 -19 77 -24 -24 40 -56 51 -61 8 54 -37 100 89 -7 94 22 47 61 -10 -77 -67 -17 43 13 46 -51 92 30 18 -44 21 5 66 -63 -45 86 71 64 -46 -76 -19 98 79 -83 5 63 58 74 31 -32 -38 17 -18 -33 77 -86 -58 45 -97 34 -39 24 63 15 -66 87 98 -79 51 84
-97 89 -95 85 9 -63 -10 22 -37 16 81 6 -67 -56 -91 76 29 77 -40 -49 65 -36 78 63 -7 93 22 -21 -95 -97 -26 -96 68 -73 -6 90 4 -68 -72 26 -74 -54 71 -59 -93 42 94 100 24 42 25 85 15 -50 5 -18 22 -30 -51 -63 -26 58 77 -64 46 9 -20 70 -43 99 39 -48 23 39 -9 -34
-49 -28 20 -38 -14 78 44 -4 -4 5 -20 63 -52 -53 63 12 50 -88 -68 -23 49 -36 -71 -51 -72 24 -90 -46 -62 81 -59 96 -75 25 93 10 80 -20 53 -81 -75 53 53 88 62 91 97 9 83 -29 39 61 -78 -61 -49 2 56 -17 10 14 43 -76 51 45 34 15 99 -16 -60 -39 -79 52 93 -86 61 -20
87 46 69 -21 -19 72 -95 58 -5 -14 -7 -62 -47 -58 55 -17 86 84 31 74 26 -71 19 -95 91 -40 -38 -20 -15 -96 0 31 37 33 25 23 -28 83 -89 43 89 -42 28 -23 -8 -40 17 9 0 6 36 34 -8 34 88 63 -70 -43 -10 -58 68 50 -94 -99 11 79 -7 33 74 16 61 44 -79 34 83 90
25 -15 -36 9 -93 62 55 74 48 0 16 72 -77 -35 41 -84 3 54 94 2 -51 -99 -1 76 -74 91 -25 50 61 -78 -46 66 -9 28 67 17 -28 -73 -30 -50 63 -75 -67 39 44 -52 78 -37 97 54 -94 59 -9 -26 1 69 -54 -32 17 -33 -21 -13 -27 5 -97 87 83 7 -16 -59 -53 33 -63 -49 -76 8
-49 36 24 38 11 48 -40 -69 -20 38 -94 56 82 -85 -42 97 -91 81 1 -10 -20 -52 88 -99 -31 -60 -66 -64 97 -64 24 31 -78 -77 38 -94 -11 46 52 94 -78 -86 87 17 43 -88 35 58 -47 23 -72 18 66 -72 6 33 -27 -23 85 95 76 -3 -9 96 23 5 73 -21 26 53 -68 -41 -52 37 -86 27
-64 90 92 -72 17 81 49 -76 -81 -25 -32 38 -58 -48 -26 -14 37 -62 -85 -96 28 29 31 -3 -42 -23 -38 13 22 44 -7 2 22 39 -43 46 83 -5 37 -78 -44 13 99 -15 34 4 52 76 33 19 -63 -78 35 71 -69 3 6 -2 51 -7 60 10 64 4 65 9 49 -40 66 -94 10 -42 -72 -74 99 -44
83 -55 52 -39 75 -28 5 9 -30 -48 -95 89 70 48 -61 72 -6 11 49 -85 -68 93 -91 -53 89 66 35 12 21 -10 -28 -91 79 -44 88 15 -80 -32 91 -29 -44 27 -18 -3 73 67 -74 7 -60 84 42 19 -36 39 13 33 62 -82 20 57 -97 -71 -54 -18 24 32 70 -56 -77 29 62 -29 -4 36 37 -15
99 43 -64 17 -82 -64 -90 -14 92 92 21 32 76 58 10 41 -37 67 88 -11 76 41 82 48 -39 62 83 -74 -64 48 90 57 42 67 100 -70 -83 84 1 74 48 22 33 -69 -1 59 -1 56 -36 63 -85 -91 -3 -76 -58 -11 30 -26 -10 6 43 -53 50 3 79 25 31 30 -21 43 -24 95 -90 -63 -44 94
26 -36 -87 73 15 3 -57 -6 -79 4 -16 0 85 -94 51 -63 9 40 71 97 -71 -97 85 9 -35 2 70 -81 15 27 -13 -35 51 -79 -36 -47 -8 -55 -56 -87 -77 6 3 32 82 -33 -66 81 -90 -37 -81 15 -39 -13 73 7 -65 -52 -41 -36 -46 -73 -54 92 -67 -73 91 75 -22 -57 -31 76 71 -83 -13 -81
-94 -33 18 84 62 8 -82 -85 6 -89 -87 -75 -27 21 80 42 -88 33 -51 -96 76 33 10 12 -39 -73 56 -47 80 -34 -99 82 -55 95 60 53 -76 60 22 55 17 -80 -17 -74 76 18 68 -66 16 36 -41 91 68 60 -51 48 2 46 79 91 36 -53 12 5 98 -69 64 41 30 -13 85 71 -79 10 -8 94
-82 -10 -97 -28 -20 -2 30 -53 73 91 56 99 -55 72 59 -91 78 -45 76 51 -63 23 42 66 95 -65 -26 17 -16 49 -88 -55 -96 77 -43 48 -80 -55 44 -69 39 -78 -24 32 57 -71 -9 -10 98 7 -46 -87 4 -17 -19 45 35 -81 -98 -57 -6 17 82 -61 -9 84 67 37 -47 -38 -26 23 -94 70 -56 44
23 -27 89 55 -44 -2 32 19 52 -98 -42 55 -42 -36 40 85 -60 -74 75 0 -19 -2 -60 40 74 5 -57 44 78 3 -59 -30 -58 88 59 45 64 -71 -99 4 80 98 -31 99 92 -28 72 -88 -55 20 -33 77 8 56 -92 45 16 -98 -83 36 47 -5 65 7 59 -51 -22 -75 66 -34 2 -15 -47 53 -30 21
-54 -61 2 28 -74 -18 98 -28 -22 85 -49 -49 -17 -15 -6 -99 -15 -36 -78 87 25 2 -38 -70 62 -16 -92 85 -18 5 69 9 90 -61 -38 53 79 58 16 -37 -87 10 10 -29 -22 2 -37 -7 -24 66 -21 -19 -3 97 70 7 -88 20 -80 -35 -80 84 77 -93 -87 67 93 -10 95 50 -44 -27 -57 -70 40 -60
85 69 -29 38 80 -80 -63 -18 -70 -64 67 58 36 93 82 -27 30 87 -65 8 -77 -68 -58 44 -13 -12 84 54 -94 41 -11 7 -34 38 16 23 85 -46 -33 6 -3 1 21 95 -50 56 28 25 66 -45 23 2 -28 28 2 3 -98 90 98 -30 36 -28 -82 24 94 -80 76 0 76 85 -47 24 49 -79 -56 0
-54 -80 -12 -84 -24 -70 -15 -25 -16 -49 -76 -74 92 81 34 30 -77 -74 -50 75 -85 -79 84 38 63 52 27 -87 11 -28 80 90 52 -31 77 27 -83 -71 40 -6 -36 40 63 -86 -61 93 26 60 -38 44 -87 -37 97 11 84 83 59 -12 -14 29 15 78 -8 -6 -8 0 3 -23 92 -5 57 39 -70 -93 42 2
