146
-408 270 -43 728 -260 971 714 -360 -577 795 919 -382 569 713 460 429 -461 -340 293 -234 622 -843 -935 485 428 -299 -318 956 431 -772 -775 393 -740 460 301 314 -566 -532 -240 560 573 472 -530 252 90 -890 587 981 -489 803 -360 572 -911 556 498 -793 872 -599 359 -54 -997 291 245 740 203 -137 721 -156 815 722 273 732 820 -852 487 -866 -962 801 -662 -684 784 938 146 300 -876 -517 816 -129 -617 517 456 995 916 -565 924 -458 555 434 118 -149 462 66 849 -447 360 233 85 -594 107 191 -771 828 -780 436 6 250 940 341 -569 995 -98 589 -40 -821 -192 -360 -656 165 192 -269 623 801 588 927 836 611 -210 -619 44 -64 -46 -301 -88 482 342 468
265 426 621 990 -213 -124 111 773 683 -938 145 797 -986 -109 268 -644 816 668 989 766 -818 406 -344 -302 -384 791 810 -750 -2 -855 490 -656 174 897 -406 -389 -928 -935 944 833 38 393 -965 143 -989 -267 -395 291 -530 -816 724 562 403 254 956 -714 438 -313 -699 -657 581 455 660 -197 -454 50 -200 -560 73 -843 179 -139 844 871 -748 -575 617 271 -371 -389 716 495 -538 128 198 -802 765 -717 738 -780 -937 239 496 -98 -296 -904 -928 753 843 592 652 219 558 165 498 965 -482 503 29 -316 -422 680 -257 -657 662 -324 -51 -357 -1 -817 -537 146 -715 614 -14 -845 -246 269 -492 -590 726 -704 428 256 229 757 -885 261 125 871 19 522 -337 733 394 -493
-39 745 -438 -839 -650 -291 -759 262 -973 215 944 138 767 -723 955 442 -258 -845 -580 -56 -182 490 -836 237 999 -990 -210 -749 144 640 -831 16 563 -965 851 -740 662 848 -627 387 421 -730 127 -490 234 -228 872 492 775 638 145 406 -862 438 -889 81 605 -913 964 660 -446 -300 425 -488 -632 119 794 -25 -700 -674 246 318 702 -328 -815 -260 -817 -498 -976 -291 -300 -220 384 912 -542 -898 -365 691 -90 655 -248 576 -9 621 -842 609 -837 -703 148 128 -398 -294 -920 -375 531 -735 507 -16 -526 -217 -138 -433 -518 -774 -853 -280 460 38 193 -839 -588 -183 -851 -99 165 -465 154 879 -95 -132 -58 -839 38 -120 616 -502 -968 -332 -847 -682 87 -949 -50 600 141 -573
-905 35 -522 -989 631 -106 988 926 377 253 -146 542 379 -60 301 -932 -94 -521 35 172 202 372 416 -203 -921 610 818 -979 957 -517 64 180 504 -539 3 983 -23 -34 -830 325 -258 -235 824 -114 -387 486 244 -633 444 365 861 -455 48 -116 -560 -22 -543 503 -440 -125 262 621 8 -976 -670 433 823 167 -214 902 873 752 -767 121 694 419 83 344 -102 366 -406 977 -55 -219 -576 -315 92 -956 98 43 -661 -783 -35 -320 -967 572 585 -180 791 728 -482 209 806 19 406 -483 429 993 705 238 -478 -521 575 581 777 515 -338 -13 55 41 160 -592 481 297 807 -854 70 460 400 426 -139 -276 -838 -77 493 -589 241 276 -977 492 556 -467 657 -202 575 -498
18 951 973 -918 -890 205 -643 -470 -547 16 8 303 -812 -125 -243 607 823 121 1 -735 161 4 -410 -909 754 440 -937 -568 859 -914 -227 -208 -631 325 -847 -929 -692 -349 351 991 -685 186 -93 49 -218 597 -750 -673 -816 737 168 -51 -697 -583 -647 398 440 -807 614 -61 -780 -860 -641 958 -79 -367 559 85 -562 -704 -488 -671 856 571 -884 38 -238 135 -587 -99 -140 -790 -958 -387 -846 -586 782 -935 919 115 702 499 959 -68 375 -819 -594 95 -678 848 -496 -632 397 694 -562 -457 -712 641 121 -851 648 -449 967 -106 -509 245 -969 896 329 232 -398 43 483 746 688 -952 618 -175 -188 -749 -921 -748 -394 669 -157 -801 -629 866 986 759 290 -102 -208 567 -291 -869
256 -921 810 315 -787 814 286 -381 -649 606 157 623 13 -450 -472 498 -951 566 131 -970 284 -669 -495 97 470 826 31 -893 754 -471 187 -548 -292 -199 95 186 -816 384 173 -320 -192 -349 312 -429 -78 -504 -260 -226 -780 -455 348 -907 -355 405 598 -410 49 -464 -827 -149 832 -917 -221 796 -965 -498 473 802 -300 546 148 454 930 411 85 360 -482 994 -506 172 237 -63 -396 702 745 -392 -803 -890 174 461 -328 439 -753 111 -789 -623 578 -997 -372 -794 -97 -313 968 458 128 476 74 867 -139 -702 633 992 391 -109 -720 -666 -778 273 699 -122 866 -541 75 -22 -782 -118 246 846 -59 -957 -162 667 467 933 348 -34 110 889 953 -888 -502 906 233 702 375 754
-540 -639 -217 372 -478 808 528 328 99 809 -449 240 -104 -186 -873 -742 -735 468 -107 174 436 -521 945 759 662 250 -333 302 -374 955 -385 18 -221 418 863 -220 216 -991 204 -641 67 -377 9 5 -219 623 60 436 -358 86 -839 -809 548 650 268 265 679 813 -877 -284 912 25 -698 823 -781 605 -28 119 271 710 651 140 576 -311 -748 -820 241 812 -776 -219 -900 980 339 260 272 -631 -572 483 238 486 221 638 768 717 174 -506 -635 88 488 879 573 793 -336 -28 -258 -478 563 315 897 -751 464 -526 -612 51 -441 -392 317 266 108 73 -945 -983 -185 129 -724 876 -405 930 -192 932 -255 -335 -795 -528 336 -774 -160 551 491 -924 -984 498 -856 -242 590 -569
-168 841 429 -401 -744 192 -240 313 -973 65 -422 -584 -382 -209 -186 887 913 961 539 -435 990 -622 235 -308 -719 219 -263 -989 -605 -674 -715 291 -356 265 -826 -322 605 506 2 -325 214 690 -867 614 454 -814 843 213 -419 -526 740 806 -785 -943 -61 212 807 886 -710 -312 -443 -939 -10 507 -618 -995 555 -679 -802 -802 -308 210 565 -297 281 -917 -949 -850 773 -607 25 9 -510 509 -890 -311 -132 339 66 -825 -289 -923 2 -697 965 -828 -455 440 -688 -858 752 -51 256 -797 -654 838 -190 313 -682 519 582 848 169 -790 -453 88 855 113 -87 -562 -538 995 -166 590 -736 712 837 370 -261 656 473 872 486 925 211 737 978 193 -516 -106 -438 -239 -765 -123 -239 -167
-302 538 -729 -278 -66 -183 -57 -178 -896 -345 896 -404 -756 -904 142 -601 59 562 -380 -95 745 -207 105 653 636 -764 -772 145 79 -283 660 -166 -581 806 -247 234 -191 935 697 -548 -122 884 -520 -456 -901 90 823 50 152 778 -193 589 -379 -810 -102 -51 533 -487 31 810 -913 -988 -488 -848 122 322 609 -605 932 -884 -416 16 -865 -823 171 575 312 925 122 325 422 -637 -70 6 508 357 -693 679 -949 216 263 -416 263 -843 64 -560 -253 49 -636 -340 -53 -338 239 -544 335 250 334 -458 647 245 875 243 360 -207 618 958 -911 706 479 445 770 516 -615 -760 -294 652 -17 -50 -534 759 166 342 172 350 -196 494 442 987 724 47 972 -795 414 930 -622 215
-654 -885 -455 608 -55 -988 -978 -989 -216 -987 621 -562 -678 366 -140 -281 809 855 -647 995 729 831 980 624 865 -736 -582 -766 759 -252 -248 -981 198 -623 1000 147 -481 639 419 -792 -471 155 387 478 -634 388 612 -825 -780 -574 -634 254 268 22 -335 702 -246 -675 -650 -529 474 622 -706 736 -485 755 210 176 707 -572 -666 694 287 -306 -606 -79 885 -685 -322 554 488 -869 841 278 167 985 310 -745 -782 664 116 -303 -118 -140 761 826 -155 -171 106 -965 -918 -267 -439 -189 -465 -477 764 139 -628 -672 -970 -140 -165 -473 -764 12 -785 -406 -586 720 -338 -281 663 -469 -867 585 395 445 -810 491 933 -425 168 -649 418 946 -772 -435 -859 -993 -97 -769 816 809 608 537
91 -249 344 -498 -267 429 -943 93 308 -638 -619 194 154 797 -844 -103 998 552 449 478 244 631 634 752 946 530 -62 -924 -256 -739 -980 885 -732 -471 -474 696 663 -237 -32 430 703 714 -233 -285 -695 174 -557 836 -910 436 -919 -82 579 966 350 784 759 -889 329 -398 -469 804 -782 303 337 630 173 -370 -288 356 174 943 -565 934 216 -864 -308 -588 -410 -289 845 -292 612 698 691 -749 -709 -894 -712 707 375 -274 -317 226 -905 412 38 723 33 -558 900 -794 -913 -541 -819 266 -678 -67 39 -93 609 703 -741 294 -314 359 889 -462 629 201 168 441 50 268 942 -213 670 -625 -520 563 -299 105 -568 -581 248 718 -808 -645 -526 -211 975 -65 329 614 -609 54
994 -759 423 -74 -575 922 -708 285 604 -512 -1 -973 27 156 -853 331 111 903 350 -264 428 133 -366 77 948 -411 966 124 -671 234 141 415 990 -812 291 -939 482 375 264 -443 939 -322 -310 -402 -525 -728 -445 -817 450 -352 412 530 463 -390 364 -605 996 713 514 158 -931 750 -597 -810 -228 507 -544 258 493 -858 495 -61 -463 745 -348 592 -615 -154 179 -974 705 -233 -299 -372 -362 83 -3 657 -442 -691 -858 -647 370 791 171 287 738 164 82 962 -411 -486 22 -437 979 390 -145 -882 -814 682 -448 329 -527 -223 -947 -87 149 -956 327 -436 205 757 758 226 900 392 -95 -452 178 -719 541 -889 -1 8 608 914 -330 -743 257 -518 977 120 702 39 263 850
984 159 526 -401 -369 -72 -417 -780 278 -309 -859 197 147 -620 -783 711 373 726 -834 83 626 -805 -212 806 -324 697 -165 -683 224 -112 5 -866 667 928 -24 426 -184 -712 -146 -257 42 -151 -277 162 211 -983 -765 489 431 -893 102 63 -832 763 -599 -544 790 -945 -206 -44 699 -838 768 633 648 -638 -812 888 -280 -863 -240 266 -393 -64 634 548 662 -881 572 189 -546 -158 -980 800 397 838 211 -324 946 -271 285 329 34 -858 -900 -346 -747 -968 312 -834 144 998 679 297 31 -155 -443 894 -193 11 -704 453 405 375 -509 778 911 223 -547 -289 -91 -319 829 -631 154 139 557 538 501 677 -600 -209 583 412 -344 -385 136 -470 -480 -956 -381 -943 915 -106 -518 -633
944 130 -201 -214 731 -822 961 -636 -504 -473 23 -278 806 473 -292 127 -346 -753 847 -282 375 -943 -395 692 128 506 326 164 489 -476 65 -76 -74 332 188 876 304 852 588 -385 -622 311 -99 -454 637 -409 -690 521 217 -78 733 -199 40 851 -182 -488 -136 565 -517 -520 166 -30 -84 -317 -647 -134 544 793 -878 -753 -968 148 -594 -275 -657 -164 -123 39 -224 647 450 476 -220 392 -977 921 716 488 109 -440 -985 626 301 -842 864 744 638 754 -72 -380 -509 560 -789 793 848 -338 81 711 -543 686 628 413 247 -734 -231 -184 -880 502 445 42 -254 -969 -323 358 -957 -286 434 -344 -904 -729 -985 -606 -503 11 -680 672 957 -803 649 -595 -425 672 320 782 -292 -169
832 -3 -705 -272 803 624 -277 -505 -637 -473 333 731 197 533 588 477 466 -74 518 -876 35 -817 -872 -514 -119 -46 -487 961 455 16 723 -912 668 -871 848 57 640 832 -499 155 -101 714 -211 -284 541 341 621 -343 605 -556 383 767 817 568 565 677 -890 -245 -548 -91 -787 38 -301 -416 -46 691 294 438 -822 380 -85 -585 153 -846 408 83 -546 266 -849 13 -965 2 328 591 452 -655 921 903 403 -852 644 -113 646 -204 653 107 742 -243 983 -277 -124 138 -886 271 690 -492 -78 -950 -36 186 -41 -704 257 -191 -411 -823 -702 -548 -24 103 917 232 -667 -652 134 -66 983 117 347 -708 293 -709 915 -387 77 856 970 643 -33 862 -885 -73 -504 83 -173 -472
746 -591 926 -225 644 -774 -128 483 115 -776 -302 -360 309 -878 -250 -829 -187 155 937 -40 -664 917 -603 132 -269 531 80 807 -633 764 388 -871 810 74 -404 -611 435 498 823 -526 -30 -49 -532 438 698 -825 -389 118 155 399 348 929 -256 634 22 -181 -814 541 509 -628 743 -290 -807 -472 715 -950 896 826 -471 245 -497 -311 -970 -468 -614 -67 -742 423 -851 954 507 859 -482 27 552 188 98 170 672 431 488 716 -755 845 198 682 -976 243 -738 601 -103 -282 -820 443 850 -827 -609 -801 -6 -329 -191 -765 489 195 -747 202 853 -450 172 872 -400 638 260 -359 -133 173 -354 98 268 474 666 224 103 -694 417 -211 588 -996 671 593 381 -7 971 -444 -455 -966
516 -239 74 -156 -262 -41 -728 862 613 921 728 -413 -586 -75 -140 931 -279 -126 904 628 -701 -718 -26 790 -2 391 -793 -765 94 -286 -753 -267 415 918 555 706 -115 -325 -598 -493 928 479 37 -366 -878 695 701 337 302 -717 415 8 278 -209 86 -794 -895 -507 -275 -71 783 656 655 40 43 332 237 -563 348 -71 411 -928 103 127 8 -321 133 939 -119 -134 109 -25 673 666 317 -889 -514 -847 -598 479 178 -387 2 -541 -3 -921 -22 519 244 -312 -807 -475 -464 -566 336 -420 341 -740 -28 -667 493 464 634 -223 -367 -545 -99 863 -413 572 671 -86 -709 229 -678 -258 -580 -763 -350 -741 -590 -57 -167 642 -357 -810 -690 268 639 495 387 -566 -227 648 601 -953
803 -854 -326 10 -263 -807 -909 -56 779 -204 -212 646 -542 -568 597 -132 -291 351 -945 741 -831 -43 -427 -414 298 379 -411 110 -819 341 -722 684 204 -161 -393 957 100 76 -278 -626 -585 -610 -948 63 -15 -782 409 -770 -327 418 832 657 54 510 -247 -926 27 -811 863 -380 -256 829 -274 -956 479 -654 -87 -196 -664 -565 552 513 225 -872 -339 -981 -402 -73 801 -475 -471 934 800 -118 -34 -973 -690 -496 709 -976 -780 577 -308 -526 -69 291 225 808 596 -598 777 664 177 787 -160 -331 84 673 189 61 722 533 1 751 275 38 412 10 184 -816 268 -144 185 200 -636 -167 811 701 469 -364 -69 -597 -725 296 106 362 22 969 -60 803 -766 998 -162 -718 -954 975
-580 118 -266 261 -724 -122 693 -391 -62 -674 43 886 -607 759 -225 -70 -61 -540 -383 -65 693 296 55 201 914 -491 97 -792 219 -544 -341 140 63 -303 -849 -952 -771 534 -236 560 -429 950 -393 -676 641 499 388 -609 -752 473 -975 -127 -296 -477 -553 327 -590 876 -290 645 395 -685 -604 -166 -574 728 874 -423 287 -316 124 360 -945 -347 202 705 800 646 -537 -170 -923 989 733 -255 -554 605 -645 -263 56 316 -691 481 692 79 726 -213 567 482 -963 874 -490 -700 929 677 987 542 281 -217 -144 -652 -771 643 487 948 27 52 291 -36 679 -653 -345 808 674 -974 -727 249 501 245 -973 833 -262 -784 6 26 23 811 378 262 -40 -45 823 705 233 -118 -71 -477
285 830 -636 402 -995 -57 -236 -459 720 -566 -770 259 -797 -565 -983 -711 -666 -609 579 458 -13 335 818 -240 603 456 -457 -159 -609 880 768 174 -40 835 -981 821 -253 763 -414 -90 173 -498 744 -926 -682 -383 -194 -225 421 315 98 856 -119 356 -140 -655 918 -852 22 233 -860 824 -80 520 624 -473 -914 104 365 306 86 736 -101 -398 857 650 418 -116 470 326 -997 839 165 552 -549 638 -41 333 -963 113 519 411 203 -298 -579 950 761 -83 -161 542 542 -79 -636 -202 -337 698 935 96 74 -1 372 787 -756 392 866 142 -721 -78 861 631 -764 -100 -129 -964 -423 271 -86 -549 999 -486 372 861 986 555 64 -19 -626 265 309 -298 -46 -882 -451 698 572 386
572 79 793 -365 -341 -973 159 465 -368 49 -335 -443 -212 844 366 834 -400 408 -762 -652 -67 -136 986 -876 -985 321 223 13 213 -562 -97 345 823 -179 -20 101 436 118 -559 164 336 316 -73 798 822 -20 -479 -935 295 -925 -139 -848 -993 -484 184 287 497 614 -172 -415 -529 899 -376 -959 456 77 -196 604 -915 -284 912 -200 977 -61 -560 334 765 -288 310 130 350 145 476 -701 172 -340 -212 366 -841 -713 -794 653 224 767 -355 -483 561 -268 -274 -163 -982 64 302 962 -679 344 -32 -248 -747 939 399 370 -937 -776 -658 834 -474 173 346 -651 -706 858 408 -795 -501 931 848 -638 -600 -252 981 -389 990 239 592 -826 -677 465 889 399 898 482 -814 269 664 -725
-385 160 18 -46 -379 -121 504 -783 702 574 -314 613 135 -780 143 -606 854 -454 878 244 219 -312 -869 -720 -655 682 295 569 433 151 388 -386 -380 930 -781 944 931 -743 -309 -446 -51 -229 19 153 -412 -153 812 867 116 -977 -546 644 -255 -725 -146 -149 828 74 328 259 -175 -428 127 197 -560 -837 382 -709 7 -1 -6 79 392 528 614 338 -548 -834 -254 233 516 573 338 946 -489 773 -858 84 -547 -315 -197 20 -634 567 893 -28 -584 719 343 -58 -700 -291 649 -130 692 130 404 629 -877 -834 -618 410 -88 424 77 -125 -143 -968 -935 -543 328 14 370 -479 228 -235 482 -289 479 -334 337 -539 -1 566 -548 866 -204 -221 -383 -843 -403 332 42 -936 -73 -572
755 -422 -605 456 -374 -363 786 777 -158 478 207 -350 -157 -278 282 -72 -79 381 -291 -577 727 222 -372 -535 513 567 398 -919 499 -983 642 310 490 892 784 -293 -20 -461 766 283 686 -242 571 -366 290 985 -949 -762 27 242 320 812 255 120 -143 7 -633 447 -854 -548 -154 -209 655 833 804 428 686 -364 -698 289 -64 -57 555 -218 812 984 837 112 -183 -321 530 -521 717 -271 519 147 774 -750 -808 79 68 855 -218 32 290 -359 -219 831 -673 390 985 18 -611 321 -371 601 310 506 255 -157 949 -776 -325 -255 152 -542 -957 -142 608 253 632 254 338 -993 327 831 46 723 -605 745 -695 102 -550 -486 -871 -258 839 -981 972 -518 -988 -393 -795 -957 -6 147
-731 226 103 -917 -350 -596 -166 446 166 232 77 383 -265 898 479 -403 126 -553 -546 -532 -810 -400 302 -238 -988 -980 -56 -34 -339 -298 210 -670 -552 -634 343 753 224 995 979 -221 966 710 -4 -666 386 522 -576 319 -493 271 824 -834 795 829 -778 -913 880 -986 -848 189 144 -891 -8 -879 -316 -158 247 664 -161 71 -938 402 916 -915 -839 615 -926 -785 152 -748 -291 -48 59 -637 -999 9 130 457 693 -614 -242 296 338 -286 -496 725 -97 282 571 -364 -429 -373 872 -993 117 144 -73 -26 -901 918 -180 800 -434 191 -770 -929 470 742 -825 -302 -665 -578 -824 -717 -744 179 -67 -815 -197 -975 40 377 -354 899 -483 -771 222 -732 809 -170 -78 210 864 -970 -85 -688
690 534 486 -374 281 -482 -934 83 -879 771 677 155 228 522 734 -451 -815 -789 -570 244 904 305 -591 893 -731 45 794 -41 167 -550 120 151 -916 -948 603 888 763 114 386 784 -275 -470 -99 -338 -376 67 154 624 -678 974 -337 401 15 -82 658 94 430 -450 856 -711 6 -399 472 -537 465 -411 876 -603 -238 -415 51 888 160 846 821 -415 159 -639 -875 671 -553 -618 172 -242 -173 696 -505 -51 -647 -163 -721 -883 577 -529 -671 214 819 693 -22 564 -223 -960 -527 -914 -290 881 -639 279 -917 -456 -671 845 -564 311 769 -1 -197 -619 -861 252 312 -818 -588 -586 -181 615 -810 -970 536 256 -85 -327 430 803 -800 807 -756 -248 -877 132 912 11 -765 -384 110 -267
-493 105 -855 582 74 960 -31 501 138 745 841 -546 -486 891 -909 -694 51 120 267 -579 723 -985 189 200 -127 237 -621 862 -673 426 191 692 469 -81 194 386 431 -195 -330 758 -171 -232 -546 439 -941 -309 984 215 -412 -347 204 -574 -208 -126 20 259 111 180 72 374 825 -208 -347 680 -725 -763 25 74 -968 -426 -947 245 -838 -983 719 823 723 968 828 -5 -267 -363 -154 -681 -967 -437 -617 239 240 671 867 -89 644 -699 -621 69 362 -945 51 405 -57 -543 777 -826 -420 399 80 818 975 519 -319 -918 183 -373 253 48 -380 -745 186 990 776 -142 455 692 326 -769 141 -705 790 450 420 5 -191 160 95 733 511 271 -971 650 139 588 669 969 -336 492
645 432 -109 -758 -321 -698 92 831 -39 -126 -798 64 -681 267 -639 -959 303 318 123 -201 481 750 -600 -228 -751 550 -37 171 770 -102 -508 11 -319 -916 667 -72 -949 714 719 844 -292 -572 699 -611 -955 763 386 -95 153 -971 -217 -436 932 45 -677 10 -7 792 291 -392 22 -926 -475 444 -858 439 224 213 -829 157 -682 748 -923 -722 663 -950 -500 708 634 -412 790 381 -694 -430 -787 -594 -821 -771 288 564 423 342 -996 -954 458 227 535 117 70 -444 730 -811 -332 980 -952 -410 -968 507 814 -565 -705 -816 457 -485 504 -228 47 -282 -772 234 619 -289 -421 -790 -615 -232 -924 564 -951 156 -895 970 -813 -475 509 7 648 365 723 -733 593 466 644 -920 -345 163
-892 367 -962 231 -78 963 -450 -579 -413 -456 47 269 89 -428 -272 861 213 395 228 -719 -666 -103 443 -502 -132 -121 -424 462 -626 -175 996 -232 -204 -513 590 -586 -46 -545 -883 -447 -750 675 628 -246 -3 726 160 -401 -283 -998 961 -244 -846 -226 994 -577 -633 123 -969 -188 -80 445 483 687 987 -321 -333 -57 64 -289 -485 319 -226 -671 -662 657 691 -785 -132 84 -377 941 -132 -20 518 -438 -588 -720 984 691 -765 -970 -609 -542 873 -261 -68 500 386 -209 671 905 444 492 -839 580 -857 -392 399 -111 217 16 237 -698 -677 852 -683 -846 643 626 275 659 382 -262 30 164 698 784 -547 -461 -147 640 -45 -752 918 316 -216 945 222 -703 950 -766 -758 984 893 714
496 -360 787 681 -204 408 -164 574 590 162 -607 277 425 -813 -448 973 -454 -896 -704 136 315 -238 576 -613 547 594 -453 -235 -876 127 681 493 961 668 -347 -604 -566 439 550 265 565 388 413 -277 -421 472 -374 -391 524 -31 -245 -442 -560 915 35 328 -69 269 642 -497 587 650 -362 435 321 -124 702 -938 378 723 -137 856 425 370 -235 537 -893 -894 960 -838 -409 840 -920 940 456 -894 -602 474 -648 -72 -512 -365 -302 -19 -391 927 772 -892 563 -637 -520 -609 769 -257 -707 754 830 -956 -105 -522 756 -573 239 -486 -710 801 -104 404 957 -10 944 885 489 -155 -754 667 -700 518 -529 624 375 895 71 847 -534 -111 -714 -249 -693 846 168 407 -133 -183 -759 -199
-859 182 900 -484 -149 -512 -42 -806 -993 -167 -541 -40 91 -772 -892 396 -562 -786 924 -296 -636 -621 -186 -124 -576 573 -19 90 -999 608 967 683 -130 657 399 623 -522 188 797 -438 792 -908 357 986 36 -459 889 -132 -483 -107 475 334 836 585 146 47 690 -43 -696 931 -79 -37 63 259 -184 245 14 -191 833 605 -20 -696 -328 393 743 930 -110 -732 -48 -92 231 519 -569 -620 -98 999 -417 -229 52 -632 958 -139 537 -32 -396 -972 -377 470 -811 180 191 872 -140 -230 -174 -228 -115 710 -407 558 -689 872 529 393 181 607 998 -431 -576 923 -101 -532 -493 196 628 -751 90 -380 320 280 -441 591 -586 -879 826 387 314 -591 429 10 60 -169 -823 -788 878 -707
-119 114 -592 458 -983 -251 410 772 634 -75 -891 -205 -315 -394 86 -176 505 -364 600 -852 -573 903 -875 -419 -7 145 17 -13 -845 84 611 -519 806 -830 816 423 -50 204 806 -555 248 235 -414 -343 -711 301 30 -815 -290 663 778 365 -94 106 310 451 -827 192 842 -234 767 -331 99 641 625 610 298 572 -141 -476 -111 81 -512 235 -803 -743 619 -289 -533 752 -404 -51 -831 343 618 -417 514 712 951 458 -948 -493 611 -863 -862 407 -770 -457 673 429 381 -271 -750 -2 -905 -663 -5 -315 301 863 562 431 533 810 847 927 -734 540 476 398 -335 -652 795 -769 -863 109 997 -975 656 -140 283 381 -705 407 938 -64 161 408 -384 -558 981 177 709 -220 -771 -159
-903 585 -53 356 -72 -965 -489 497 -612 62 655 -19 191 -62 -308 590 -454 -254 -116 250 -673 729 -462 -467 480 -828 -154 -776 283 -542 -230 23 275 105 -262 -21 875 194 30 966 865 916 -224 150 868 -674 37 984 -108 606 842 -466 981 -193 -499 427 399 591 -428 282 -123 190 653 303 544 754 740 -363 856 312 -182 983 -834 -59 968 122 -839 -294 -496 519 -901 454 316 -425 -945 -219 -746 -778 -399 -586 -125 -486 218 -21 -451 525 -874 137 -357 918 596 -657 159 983 -663 164 204 -897 497 -7 305 -257 -268 493 407 889 -287 975 339 260 810 366 -168 764 -549 -691 44 247 -824 -62 -523 -830 338 845 -752 -502 -235 950 174 759 753 223 -212 -205 -253 969
-451 696 -224 -542 230 -106 205 -997 -491 756 974 600 -593 -642 825 -415 165 973 -730 486 -254 -603 438 -337 436 -888 732 273 -332 -745 892 636 180 -296 -913 545 308 851 -80 -495 128 662 -874 705 -950 489 207 -550 -145 -308 229 572 -967 -788 479 -974 -415 -748 359 161 -402 368 -477 -981 -882 -115 -702 -192 848 -836 581 932 364 598 -120 -693 -944 394 -532 800 231 -479 -862 533 -616 -718 406 453 9 833 -507 -811 -419 818 -916 -246 -431 363 -162 -924 -913 504 -14 967 589 504 343 -934 950 -187 -763 -488 -814 433 786 -108 -204 -421 -227 -822 912 145 698 -751 -217 -48 314 124 -384 166 -761 -641 421 -919 -183 -801 311 176 -504 -798 -65 687 894 662 -637 -976
392 -338 432 -244 -327 86 -326 -790 43 -457 477 -386 163 630 687 275 351 -57 805 -653 -801 -240 31 -430 -738 -600 -624 891 715 750 -67 146 -952 -475 -814 -647 -210 -83 -517 -194 555 -35 -954 482 202 396 -429 -764 573 -64 868 -69 536 -610 631 370 -243 -481 -195 206 -528 -717 -922 796 -345 975 635 -955 -48 754 248 867 -289 -826 -188 -643 450 722 398 542 898 92 -298 -700 296 -84 149 -987 762 -149 -294 -180 -815 -598 49 432 840 -480 -62 -891 131 843 836 -484 -646 -89 572 917 -832 604 422 -650 452 -191 718 371 -621 -545 -404 -915 72 481 -470 584 754 -729 -189 611 560 266 761 812 -949 -262 835 60 -16 -621 -31 62 776 973 574 -578 -618 162
705 604 429 -565 624 -465 540 724 -751 -490 -905 -658 -722 346 -910 -365 -555 671 892 436 105 985 662 -914 -88 476 -625 -613 410 123 -659 -956 -685 466 618 -476 -795 735 -711 -808 85 907 -381 -445 951 183 -302 206 857 -607 490 892 -854 950 -833 348 133 -319 -425 -456 78 -478 -836 -470 327 -982 -754 845 895 -14 -957 769 -232 -597 -244 -999 963 496 357 -769 -117 279 856 -184 442 679 944 433 844 -636 -363 200 -514 245 -696 936 -62 -713 -244 -900 834 298 -737 -972 -129 -167 -76 821 -763 359 431 43 -100 -987 -324 -966 846 -624 -756 -590 -928 887 156 -143 -209 266 516 -558 -936 877 697 915 739 -324 336 740 893 -615 384 971 -767 882 866 421 -749 317
472 -585 -823 101 647 -110 -331 -626 -478 357 -973 -845 -684 13 -164 -926 -678 -249 -203 733 763 293 951 -927 -940 223 507 67 900 -495 -718 486 -895 -749 -546 601 950 -650 -575 286 -726 393 416 438 -323 347 355 -937 -815 -260 -484 -257 -141 -852 817 626 -171 517 40 352 617 -572 -210 -174 108 -383 -541 642 -388 753 -42 906 711 -911 -135 -827 -974 -349 928 66 403 485 572 -552 396 140 -274 -669 -923 -768 -214 -661 724 673 -310 -91 715 647 -133 323 -722 -825 -279 -265 223 321 -910 -586 488 854 921 -121 -460 279 -375 -822 171 -711 -221 -331 -215 533 -297 138 -759 268 -565 -300 -445 -857 -341 288 -145 956 77 -967 -140 -772 -769 -292 834 -934 -96 -214 744 854
-457 -453 99 -953 -188 447 468 -72 -655 783 -115 409 309 595 -504 54 -27 477 19 -556 839 -381 -69 -536 900 122 212 -174 -807 957 755 -378 -533 237 -167 -709 -956 -797 108 -468 -818 -976 883 45 59 213 573 568 -337 399 687 564 939 586 841 279 -90 614 643 994 153 -905 -727 971 296 230 832 920 -872 677 -876 -25 -926 -624 -512 -886 930 -417 488 -864 -244 -168 38 -321 444 449 -464 -355 -568 915 402 -721 -172 202 734 344 -463 -520 380 498 -844 -486 95 299 447 3 -954 -9 510 612 700 -61 -736 -355 -323 -422 -529 -436 -571 272 654 820 710 155 46 -102 965 674 -772 457 354 94 -693 -395 883 29 362 -484 940 -75 34 -359 -836 -779 495 -734
695 -489 -264 -143 348 -350 -244 -705 898 -515 -742 -484 -508 -403 -787 -644 566 -897 34 -565 -622 881 -376 785 132 -710 915 353 78 714 -771 395 -648 -404 -758 -63 -280 185 -378 -729 459 -538 -371 -621 -99 -627 86 820 634 201 -691 -752 65 -294 -756 -411 -878 937 -683 769 132 694 174 -516 -411 -435 -406 131 847 630 96 -384 -541 -788 -918 -668 437 645 908 -473 -972 704 223 -265 -380 -930 -807 764 -838 -650 603 -532 -909 604 807 -6 226 396 -5 520 292 -256 510 910 321 -638 486 -365 -399 443 -364 88 504 57 -51 -860 -496 -353 -139 -102 -959 -954 -406 263 864 241 -677 231 865 431 563 -969 -118 -406 53 277 -58 540 149 163 -845 481 801 -181 249 -697
347 476 295 386 852 -189 -389 44 582 -267 -979 633 -915 968 376 473 -844 418 -505 -217 168 265 968 -482 507 -23 256 -756 -921 308 891 702 -660 -733 -515 -934 376 -949 -358 828 914 -309 -129 -520 243 -878 75 -978 -126 333 -515 -308 -613 -994 -837 -19 11 248 44 831 -598 774 691 -94 885 -356 552 861 -953 -938 -219 -438 -365 860 794 -542 -735 -921 301 -205 834 -35 385 925 -46 -392 274 -132 -678 -907 -53 -416 254 -937 4 760 297 380 -869 -3 -685 -984 -179 -37 285 893 849 970 -727 332 -638 -869 -856 -603 247 -579 769 -821 545 -528 939 -125 688 -399 -488 778 690 531 -898 -730 -822 959 -94 -219 -728 -574 -77 194 522 357 -864 406 319 522 568 938
900 594 829 843 -819 699 899 470 -767 615 -182 -541 34 952 -395 991 696 -41 247 737 762 -301 202 430 -616 -633 299 551 -201 549 -667 -928 -742 -450 392 572 105 611 502 724 321 53 266 438 664 -311 757 -470 -422 536 246 -864 -571 -781 -395 261 782 323 237 -779 -993 878 -908 842 957 102 536 66 -327 -933 455 495 419 -415 -965 903 166 -964 544 924 773 -920 -285 662 -464 -715 906 -356 -382 -385 -566 658 986 859 -792 28 -941 734 192 913 274 888 -245 -805 -691 429 913 -470 931 -732 155 -136 -85 -119 787 -873 684 365 970 759 -730 173 502 196 -36 400 -393 -116 -593 -631 164 221 936 -707 -778 -659 -847 -610 720 915 512 742 -263 131 881 944
-615 -520 -497 15 140 -247 -865 -78 709 -259 -918 975 -462 11 -700 268 -664 -949 173 686 939 -776 -796 952 444 503 339 437 272 80 619 -448 -776 187 -115 -256 -526 -73 -95 -78 -404 211 -521 -370 -272 623 -936 76 912 -979 -856 -577 -817 -511 -838 -145 858 -616 831 -59 97 -636 381 479 390 229 89 -157 -767 324 752 -224 925 -807 -585 -896 675 828 -371 938 977 440 -262 389 -394 -340 999 -378 380 -997 617 -950 739 -349 -5 895 -730 986 55 700 157 5 -688 258 -610 978 527 -454 224 -59 -279 429 717 240 985 -909 19 -148 847 275 776 -156 -892 -951 200 928 -55 981 -227 863 -533 -752 -727 541 -75 -550 -478 68 691 -481 -134 -465 814 -760 -550 378
280 -787 -917 325 -650 -952 689 -793 -827 788 -203 -545 -678 997 -691 566 603 370 -902 785 563 -147 -291 -30 854 -573 -506 861 417 30 251 872 444 -553 722 460 80 -999 -821 25 -369 322 813 -587 996 -414 651 -875 -296 614 -285 564 -930 -162 -397 -48 -116 -358 -520 308 758 -300 260 -928 -856 -570 -277 -667 -640 412 43 -532 -730 980 -955 -266 -534 -510 556 206 552 864 953 -757 -391 -989 745 -910 793 -600 -925 232 273 461 74 372 145 957 603 67 268 -429 259 -459 207 192 929 629 -993 359 19 -714 -386 389 -208 -87 90 734 577 -917 -542 -302 -323 283 -442 -721 863 -6 330 -864 -698 -918 278 -221 -791 -183 -291 -87 276 -233 616 -74 -460 -862 -369 184
-597 563 963 -604 977 -799 -117 251 55 484 -119 332 345 804 199 -252 495 -288 387 -480 848 -790 -987 979 580 975 -647 -301 259 -444 -162 877 591 -995 170 953 -532 -249 551 216 216 69 -67 569 362 424 733 540 -965 230 -248 590 891 -211 714 -109 754 354 -330 -303 85 242 271 -776 400 -407 417 208 710 -319 266 972 402 82 -632 746 616 -88 783 -660 -770 739 871 -480 240 -969 576 -245 -603 323 196 -155 -644 399 119 222 -766 -642 -115 671 -381 -701 952 555 601 112 460 611 822 -262 -110 904 859 920 -891 492 835 106 -804 -686 111 -89 -204 52 318 526 282 -542 -264 -546 -30 440 -889 881 662 -791 -909 -541 -737 167 313 -320 -487 709 663 -404
758 -812 -250 620 914 -119 548 33 861 -241 -819 -699 906 -215 182 -690 820 432 -874 -657 120 -710 -638 -722 -173 28 195 -336 392 774 -139 688 734 252 -753 671 -124 614 -86 -874 -254 -275 -817 759 -386 469 -366 113 -457 -774 981 801 -991 291 666 -603 -323 308 -711 637 84 543 -966 -677 817 634 -112 -631 -424 396 67 -695 -505 -736 344 919 455 -516 -50 -549 94 -692 -409 251 741 -489 -575 -962 -703 260 48 507 -192 629 794 703 -830 528 -625 -275 258 -897 -317 -65 79 -514 218 363 507 -543 -674 -239 783 -776 -976 673 -103 443 -695 330 -541 -721 955 589 -415 539 761 880 -185 452 -961 350 21 -973 720 668 912 -359 -758 -810 253 169 824 55 -787 435
148 -520 160 673 518 687 -265 -774 -978 169 -726 693 -966 -749 322 488 756 18 629 -563 -68 3 -532 997 237 -68 194 7 526 -80 139 -511 -25 162 446 -961 -914 897 737 250 -51 754 960 -873 -30 460 -535 -560 579 -404 -169 -944 459 -792 184 648 742 -224 653 -625 452 -607 766 -58 158 340 472 185 371 -749 245 385 -212 556 -763 6 -844 510 -914 866 670 -209 -82 401 354 -832 -312 -220 696 296 -189 -347 -416 -899 251 -619 -597 -526 -783 945 -119 234 6 -637 976 -741 -560 597 -827 -67 278 416 -981 -655 -498 258 469 -465 -32 238 -7 119 119 814 -604 745 52 -637 116 -895 126 -675 -363 522 426 -730 -132 771 -126 -184 -167 -258 726 -289 157 773
-948 377 -248 808 -604 -102 93 -543 573 -467 -380 -375 494 -140 -580 -669 850 -352 859 837 -557 -964 -525 504 -815 -412 980 101 -128 819 -696 335 603 185 494 831 -552 -836 -250 410 -966 70 -762 -273 -291 748 407 893 -510 654 927 -750 727 26 -773 -306 305 -229 -119 709 -376 208 -944 -557 160 -633 988 -599 704 855 -150 -762 -79 -467 -676 754 -747 270 -695 660 561 -932 548 435 168 996 -425 -807 -107 499 829 851 -892 233 -631 869 974 582 -106 -6 -640 -191 -341 -647 -633 -89 -390 292 106 192 -906 714 627 -131 255 -804 635 366 220 -643 -111 -512 275 -14 -105 -941 -265 -664 698 986 -561 -635 -629 -948 -993 39 -481 951 901 -551 -417 868 931 36 -99 -427
-540 434 -508 -5 -820 110 -390 -892 288 -713 229 -14 -273 -606 -233 -105 316 -785 55 -788 585 -572 765 -303 -927 470 746 -177 -446 711 98 -727 838 -39 -793 384 -403 640 675 -379 -568 -155 193 -678 -284 -106 713 -398 -816 907 262 151 -883 964 166 -774 2 271 605 20 -679 149 -570 -501 -374 -252 488 433 913 -617 -832 391 318 -527 -943 -914 -855 -8 117 222 224 -466 -114 -49 -49 -580 -307 -667 -517 199 942 -839 683 548 798 865 -573 -201 267 -302 -210 -121 54 -852 -9 398 263 -924 628 349 -34 -785 464 572 -991 -583 516 -898 -617 -522 -159 -990 -193 -736 604 823 -994 -545 454 -9 579 -106 215 84 -823 778 983 625 -936 -354 -999 423 -936 -119 -364 -937
-92 -535 -577 207 295 -911 -120 -762 693 574 704 369 -360 935 279 -776 630 323 -416 -669 -965 724 -671 -995 -71 -623 -854 987 -392 65 511 -26 -5 -93 -605 771 -911 -693 -349 -636 149 -729 636 600 275 -337 -854 -35 230 -757 -130 -90 275 750 890 327 -596 992 189 -451 50 -406 -122 603 794 -886 774 767 58 87 -617 226 833 -482 18 302 272 970 962 459 425 -365 275 -46 594 -915 -538 947 -298 401 -364 161 -872 -664 -820 522 -507 980 491 37 -283 -87 -73 -908 -754 -456 184 -407 -619 333 -796 -267 -47 -962 277 -229 -402 212 840 308 -261 918 357 155 897 -768 854 632 -400 -205 -841 138 -441 998 312 -979 -273 762 961 -884 822 -517 147 160 -621 -110
983 758 954 583 -267 -50 302 -668 -493 783 558 -411 -856 -727 526 -388 92 723 419 -336 -594 274 -54 453 -623 651 101 -360 -508 -17 227 49 749 -459 619 -38 977 534 -491 -977 -766 -510 949 -885 630 272 149 114 687 658 -402 590 -851 -73 898 -496 -356 25 -151 744 -405 -713 373 -48 763 -594 -940 -942 -753 688 851 -134 982 918 -758 -601 -189 -63 775 -214 -507 156 -54 97 -808 478 42 750 -585 620 611 511 -373 523 -611 -397 -635 -237 -326 -750 -332 351 235 731 -668 368 -177 -5 -893 689 90 777 225 -10 414 15 643 -738 -344 -222 132 583 265 -622 -119 704 607 525 -145 682 -800 -97 676 535 -493 -668 30 933 219 797 -308 -604 -32 -719 183 -46
91 363 -204 953 -626 -463 -215 990 -849 -268 -663 -422 671 -781 -962 -667 682 123 130 -546 957 810 -86 -569 719 417 -800 -819 -898 -10 555 534 999 473 -915 -285 194 -609 809 -635 -889 -374 -961 284 -79 -422 -619 -22 189 460 -429 -459 430 -928 -37 -324 817 -151 -316 993 664 -418 178 644 38 237 147 -31 310 -497 152 -560 -680 -281 -802 698 -792 -269 -456 331 -740 341 -517 611 11 -788 -587 -170 997 -661 683 -893 18 971 590 -254 -805 380 -951 -617 287 151 -566 -669 947 815 -134 -23 842 -363 -53 878 172 155 -355 601 6 688 -164 507 -434 -438 778 -776 416 498 325 275 -374 -791 564 -216 -271 -583 -493 898 -786 630 -887 -115 665 851 466 581 -608 -336
-450 350 -652 -175 -75 957 16 -438 133 851 -442 583 361 554 472 152 136 1000 -32 -774 -72 -719 -195 -608 397 -663 -326 336 -127 -474 -20 826 -95 -636 921 -461 466 242 -97 288 -241 745 -920 254 112 509 824 958 424 -436 976 941 -229 212 547 -974 170 81 -991 -239 -3 900 -411 589 92 -737 136 25 153 604 129 175 365 878 -262 314 814 -385 799 -802 841 -840 405 -936 306 447 -892 927 790 -534 -573 -6 -967 387 111 683 816 580 -377 569 525 -287 919 -133 35 52 447 -784 -795 116 -720 -84 367 -881 -686 -451 768 -858 -44 -788 355 120 -686 862 760 -522 -20 458 724 518 -151 69 -974 -429 807 857 436 866 -739 -668 -438 -97 -289 637 -179 310
45 465 -711 -467 -903 667 -491 478 -574 579 -160 -621 610 -243 202 778 -479 -14 620 184 -60 92 917 906 438 170 -574 -170 913 275 -456 944 -888 -136 817 -792 -988 -990 818 929 -887 779 437 477 293 376 679 -364 -556 -940 -129 947 -893 856 666 944 863 102 -785 684 -55 -348 292 -446 25 918 413 -740 -725 -987 395 452 -982 -533 -23 872 -824 32 286 791 503 446 -896 792 -201 81 -778 -871 908 -21 359 -219 235 -684 244 591 530 398 -929 747 -63 230 -825 764 921 -666 705 712 -881 440 -395 471 -420 165 802 -54 -492 764 -242 649 -415 206 -99 741 -724 -203 -531 716 -216 -635 813 746 -341 -805 776 -228 57 578 -446 -415 862 -924 -227 601 -168 77
200 79 -161 572 133 -381 -94 867 -730 416 -528 349 963 -516 655 719 -422 -418 492 -681 -45 889 816 -559 159 775 -277 -471 -963 577 -977 170 -232 314 668 -91 1 -20 -877 -563 -476 762 -855 -481 681 -572 -757 -96 458 825 -359 -962 956 727 -272 664 252 813 711 346 -345 754 85 -272 229 -385 61 763 -781 615 -232 370 173 807 110 -128 -444 -297 832 715 -447 -576 -476 5 -42 281 -866 -805 253 -342 -520 715 192 -47 926 50 420 -366 136 419 -382 536 -907 500 -589 155 208 531 -200 -38 -590 22 -541 952 -124 351 854 -557 974 -786 -282 159 -15 992 -773 -383 814 -890 -201 759 -47 -160 -528 885 493 -264 876 -246 -859 -484 -808 -559 676 -413 -27 -797
730 128 -65 186 -172 532 -549 -655 215 526 -851 935 -232 813 -668 258 123 -265 -318 -545 -554 -782 -661 792 433 -673 -583 -913 620 342 186 -9 -83 -787 263 129 676 674 881 868 -435 -8 -38 22 66 -258 -979 695 458 234 556 173 962 -651 -364 857 -618 544 -81 -152 -883 -715 853 -362 974 104 480 -402 -910 -740 -181 -500 -888 -526 -827 -877 862 252 -312 202 -557 143 49 608 615 119 -533 -239 -5 -380 157 -111 618 -237 988 -106 -77 599 -578 242 -686 -282 -179 93 -582 -576 51 705 -830 -950 472 -625 41 -327 614 447 -457 -934 965 -444 353 -18 -856 -626 344 627 -222 265 -129 -530 822 -605 776 -813 411 -709 170 -41 72 37 416 493 689 -918 -431 877
94 476 455 467 132 -10 -674 -317 323 994 732 -518 844 885 119 -561 748 677 23 -247 -743 410 -534 74 -489 658 -515 889 -824 431 14 -322 -658 987 -869 -650 462 972 310 -938 -621 -862 -376 -389 -292 908 -658 -608 548 587 -91 -726 859 -337 -946 862 -955 -371 861 338 111 -702 180 -288 -230 465 -841 -682 -394 360 300 955 -612 913 369 76 -392 -316 -967 116 177 282 -620 -693 246 252 170 -651 -506 -86 -396 523 -500 -761 -56 727 -618 -895 -769 -216 800 -881 356 102 -398 980 -933 -641 -78 -656 -981 -720 -377 277 985 -657 236 518 611 565 -131 412 -202 -311 -574 -910 -739 -760 277 -448 375 432 768 -90 99 619 872 -802 -630 -167 -816 980 -520 -57 476 -127
281 12 -157 898 285 593 -785 311 -73 272 261 360 344 -475 155 -350 -478 850 -917 927 -52 671 -589 -876 673 958 -235 -701 213 -291 -766 433 -458 -700 110 226 10 -866 -192 -912 91 -44 649 -453 -932 405 830 -54 998 98 931 479 227 -315 838 153 678 114 198 291 -779 950 62 -838 197 572 977 380 320 -818 147 347 501 -743 -206 -224 605 -951 736 605 -235 -909 302 571 829 -414 566 754 -420 -536 -347 887 -739 22 -717 735 42 -280 993 -670 -381 215 141 267 -661 -990 581 892 992 -105 214 382 -587 570 799 -667 -147 -376 -233 -782 -74 -842 984 691 -176 -926 726 -699 -359 459 288 -295 -938 365 418 -715 -689 -316 884 -191 920 -254 -381 769 488 827
-182 -221 120 61 381 -962 570 -962 -655 -517 610 973 107 463 565 651 -540 822 -979 578 -859 -788 -201 467 -875 -796 -534 -258 76 668 163 -870 -589 -969 641 -555 -533 506 -182 -731 198 307 -152 -468 -555 690 244 170 415 -708 861 -820 827 -876 -411 -637 11 -118 985 944 -347 -704 474 -150 750 -473 -387 18 725 585 -853 -290 186 -721 341 -798 -199 466 -775 -787 775 734 185 -50 -632 323 -914 -233 -886 997 297 650 305 564 17 -63 928 230 734 -902 -527 -641 -703 -498 -367 -430 830 -173 171 994 -361 -313 -225 546 678 477 127 -870 38 404 -250 203 447 931 -11 969 572 145 524 -777 443 224 545 401 336 698 143 -14 726 403 110 278 675 686 -757 -118
135 -324 933 176 -783 334 -12 702 46 476 501 742 351 559 -603 -384 -107 264 842 419 108 -733 889 -861 -655 246 -537 772 -286 564 -976 588 -800 -993 861 327 -733 729 550 468 -565 187 948 732 -994 926 193 -717 915 -633 447 -584 761 48 -478 -25 628 577 -774 -435 6 -66 656 -309 -650 -918 973 -525 -624 777 -94 -225 889 -733 -585 -158 -740 820 67 -650 -586 160 -443 596 379 948 717 19 -237 103 -838 615 -220 -736 -159 -694 765 913 711 -743 188 833 -341 -43 -468 344 34 -854 -289 483 -944 -916 292 -329 -720 -35 -27 18 -64 443 -464 77 -148 470 832 -147 -234 -1 967 -39 975 508 650 870 -43 -343 -535 622 -936 -744 953 688 330 -231 736 32
-333 724 765 -433 926 -685 -815 293 -156 717 -754 11 739 -451 -758 -347 618 -47 -432 -884 20 414 723 890 -674 -319 -528 -369 855 -175 95 -800 -397 784 -827 -49 444 623 -214 -27 533 -879 -750 844 204 120 -294 762 428 684 864 -9 -372 -598 -433 -737 -360 -231 742 243 -903 -409 -108 682 -188 -350 -845 293 -100 179 734 -175 964 -875 -97 -635 -331 356 138 362 313 -832 -689 -470 -622 80 304 898 -679 707 -624 785 -378 433 -876 595 553 -623 -807 535 -604 244 -879 43 485 510 811 618 243 469 -162 -757 84 -191 -270 -485 248 468 -725 213 -314 -301 962 -738 -559 210 642 -995 423 -290 -308 631 918 -268 552 -151 491 -865 -519 -754 488 382 650 897 145 516
187 -916 644 -423 595 -690 499 254 240 651 -401 -226 226 -98 914 -816 -144 -550 -312 200 742 -450 507 525 652 -154 -870 -555 884 494 22 45 -977 -462 -663 -187 -52 -160 947 184 734 191 -78 -871 985 281 541 57 249 692 -147 -107 -625 254 -71 -629 809 -778 -740 -451 -643 728 197 -465 930 256 235 -469 731 -448 43 -412 -224 301 -49 375 -854 83 973 365 -677 -552 441 141 -312 -2 -712 -290 -59 -94 322 -54 -725 466 739 -177 152 636 -834 -81 3 -783 366 439 -534 -88 -133 908 -470 782 485 -399 330 -677 721 -987 -43 -719 -579 -998 498 878 -511 -64 929 512 291 704 -908 -264 263 -667 -152 823 178 388 -161 149 -775 348 -884 480 -581 904 -262 178
887 18 712 -741 731 -286 533 -819 -597 -44 -940 -297 794 215 396 -535 936 657 -625 -314 760 752 325 1000 525 187 532 349 497 407 366 446 849 998 -489 -655 -104 -598 -78 -540 486 72 103 -598 924 -377 -973 659 -9 471 -5 291 359 142 238 -140 235 -243 935 -665 -37 162 396 -506 706 -153 -810 -315 549 167 -51 -553 84 -655 799 -131 316 325 172 -247 567 -517 769 49 -767 -909 384 -802 407 215 -968 -588 174 -724 -554 -644 -450 55 264 717 -7 -211 -631 778 651 -109 -722 -507 399 212 908 112 -148 881 900 324 -453 914 -307 443 -714 603 332 487 766 154 754 54 -855 28 465 765 -938 831 796 353 -994 642 -613 -460 825 -759 984 -627 -358 541
649 -752 489 -432 -790 157 730 -770 774 805 -945 -689 -510 294 871 -711 -874 471 -447 706 969 431 -207 498 -152 368 990 -233 194 -687 133 803 -941 986 -130 -144 -181 328 649 420 -838 -880 -60 -721 -709 96 -468 337 -6 465 -147 777 867 -487 857 -104 -519 -739 -383 195 -193 -253 674 919 -746 437 14 -889 -572 -462 -474 577 -835 958 -126 512 689 -134 -611 330 -990 -850 143 537 -752 -285 -952 -938 -622 -387 838 577 819 -475 820 -451 919 -795 -689 745 -679 349 197 -262 -238 883 92 -573 936 -26 573 71 401 -45 -789 117 -94 576 996 -383 904 806 -589 340 738 509 -370 -662 585 191 -189 809 894 526 -390 -735 670 -927 -441 -369 676 793 432 -949 -965 483
837 -126 -114 902 320 -658 -881 -821 650 -496 128 765 -602 240 -207 150 607 427 742 937 58 -853 -140 -546 7 933 345 999 -262 156 -443 530 -96 -285 -584 -153 160 -65 377 -879 -497 -214 -671 -919 672 -124 -574 990 -730 756 -217 705 167 141 -999 -339 -976 588 26 -492 399 -515 722 116 -383 -611 212 -552 968 57 301 -165 -824 838 -344 -105 174 394 976 -836 109 536 835 572 -169 345 399 194 661 -251 -739 851 -429 -174 -537 -195 -261 627 198 -883 -148 -47 -84 109 -650 -89 -533 -599 149 487 -848 -686 -88 634 -816 -852 -755 -907 221 482 -613 503 -748 -278 -485 -514 -441 -30 -189 138 -686 153 240 -999 172 -645 -736 290 476 -140 362 493 133 614 858 -1
192 -730 365 -381 740 592 -571 932 325 955 -279 -393 742 470 -131 -843 -500 818 -423 -329 32 -422 -216 -838 -352 844 224 898 -252 652 89 -678 360 766 459 -7 -69 208 -56 880 242 -150 -29 -352 889 -258 -804 -391 119 10 970 173 -819 332 227 -924 -196 197 171 -552 -816 -938 214 -720 732 743 443 -231 899 -617 984 336 848 -995 -932 765 -541 -403 -123 362 265 326 -649 -367 -42 376 -523 -813 -430 307 -721 244 973 714 -344 -812 -720 -778 722 -983 786 -760 -600 872 259 406 -552 -510 137 -921 492 443 36 313 -764 70 720 -641 417 684 -73 -503 -336 -69 -784 283 -191 123 -136 415 -317 716 571 119 269 283 447 170 172 467 -914 -320 -444 -480 110 345
-891 671 -34 807 -260 818 -721 252 -174 -737 -388 973 149 456 -56 -538 417 469 99 840 827 -67 376 301 490 -268 630 668 642 414 745 504 942 -654 -107 -749 122 -166 -66 -256 -870 726 -746 501 -294 -384 740 -241 210 298 253 464 -778 -925 50 147 -664 -247 790 -928 -534 -663 154 683 804 -734 119 -169 -706 -569 -56 -216 987 -365 -239 -650 578 -794 383 797 953 334 702 -462 17 209 945 64 201 70 -351 127 191 -76 -523 694 -102 930 -213 408 -739 -578 112 250 8 -471 -62 -652 769 351 703 -810 -21 -940 441 290 -80 138 -296 -761 -176 880 -772 734 646 -524 766 701 227 -424 178 360 410 754 -228 -184 567 702 603 276 -227 -545 278 -741 -886 -542
610 324 -87 -173 -963 -387 740 -23 -630 -33 275 -548 -423 739 565 -841 -638 270 -950 -104 206 -425 140 -523 -829 -727 408 -280 -38 -829 860 171 -834 205 -754 -289 3 -874 102 54 -288 -344 537 177 218 429 -716 275 63 -309 -847 -60 364 554 -519 401 -421 -793 -938 849 -627 513 -269 691 -640 880 195 995 -387 597 843 -757 144 365 989 630 901 -465 -270 64 -804 37 339 -807 696 471 867 120 -23 914 -291 252 -492 936 -459 382 780 -639 -610 162 -528 880 520 -692 -879 -912 627 80 -691 -563 -12 -654 -67 271 883 11 807 -800 -113 -659 -127 511 94 -130 -381 381 -27 944 -745 357 129 -879 -624 105 255 606 -844 599 -850 -830 664 266 -337 -964 -105 -883
-314 -881 -531 -502 112 132 918 689 416 -326 -626 820 856 477 -683 159 688 211 417 -443 -506 -829 656 21 -157 -335 200 715 918 852 941 195 -513 -295 -257 -983 -918 -688 -484 508 981 884 -583 -63 784 41 121 -573 672 493 -233 824 960 928 -602 590 -922 -944 -797 -364 317 941 723 262 -125 -532 926 977 -703 -953 472 -956 -462 -463 -680 -841 386 408 -313 341 773 659 -458 981 610 -806 460 -649 26 900 -549 -871 -616 507 -978 617 710 -259 97 149 -423 -100 -947 478 651 -955 -769 -501 -61 366 131 538 211 -185 -654 817 142 131 629 627 -652 1 -891 -226 315 -750 785 -863 875 -257 -709 -870 246 -445 688 -723 -909 995 -31 337 -26 511 -318 -235 -883 544
671 272 265 561 -746 -810 -505 -902 437 -170 -646 615 -527 -992 -553 -809 -80 -540 -835 -240 355 582 -833 -944 -588 -99 479 -465 -312 730 136 -176 256 -378 -648 662 642 -683 936 -189 -241 454 -678 -964 881 92 -290 -424 -573 327 289 -937 -19 443 642 -401 970 -733 610 -478 -760 318 -696 -4 -565 -9 366 -856 894 498 -357 145 567 -878 -194 -186 -618 744 308 279 234 935 -698 -948 -720 690 610 -459 -472 70 -173 -132 -986 180 752 887 -510 -858 479 601 -307 435 -796 -920 -431 -578 -438 873 755 -551 764 -665 -729 583 32 755 -688 462 176 661 -45 315 951 -31 262 -432 565 -491 -181 953 -913 879 659 220 790 891 -591 -946 818 -151 -436 -510 -566 -131 -897 636
-77 656 545 -572 -541 -492 -227 -698 -656 533 669 -218 -726 -853 472 -431 146 844 181 575 566 558 -838 789 602 -934 182 151 772 476 -361 330 -765 -313 -840 -793 813 822 523 907 500 -339 -881 859 821 -915 78 -155 -259 998 454 386 487 439 -158 808 -250 -511 -828 716 -516 -615 369 -364 -459 668 217 -469 355 318 -831 77 -266 -101 271 -478 -329 -994 145 -488 -734 -800 -869 -56 894 -569 -309 -117 811 -976 -550 518 -810 -840 722 -848 411 372 -474 -332 -504 -64 -861 -430 -406 -396 993 79 -425 -781 517 -483 -985 -419 -489 -458 -449 -235 714 178 -133 -180 -83 -792 328 236 126 800 -469 -207 518 471 769 -975 340 972 -988 -499 -934 935 -809 735 -914 329 -497 -365
766 -401 -578 274 180 768 -740 954 161 -218 420 889 72 969 -424 -952 730 390 -814 469 -822 -641 -999 -680 -963 637 -644 -137 64 -880 -930 -331 117 263 -50 -107 763 -278 929 588 40 644 -386 852 230 239 -890 -579 24 -472 -577 -657 -696 -927 443 -486 590 597 857 78 174 790 -648 902 335 418 963 687 20 676 302 471 585 311 -596 -399 -725 5 378 37 -413 942 779 499 593 -748 -160 -120 770 995 -28 57 334 -482 193 -420 -96 -652 -749 -777 -909 -638 103 368 -235 450 -224 291 122 161 -906 -910 -288 238 -518 694 -885 -818 683 -44 -228 764 -306 -901 -990 637 78 -38 861 162 -352 191 491 296 -943 -583 994 969 622 -577 -599 -203 -32 -407 -557 -421
418 -948 -696 224 656 452 945 -413 -578 -695 736 663 482 500 234 -369 95 939 -30 -823 623 136 -556 -911 -69 -904 -902 966 458 -209 974 457 -27 -408 -275 -543 -461 -374 948 -260 342 -745 874 -336 -976 78 -726 -320 963 272 731 970 756 639 493 -483 811 995 -382 279 -102 678 55 -995 -408 -129 -722 116 808 812 -582 60 443 328 -107 -228 -34 -564 769 -360 353 -430 793 63 -426 -140 484 -207 370 371 550 510 163 548 194 -535 -370 388 159 -372 -764 -516 -394 -715 640 416 725 -898 672 770 612 971 -339 164 482 -20 -184 986 170 497 -461 349 -696 -675 282 -309 513 692 620 -132 -604 -594 426 768 -292 -227 186 -684 -609 -69 712 516 742 173 890 458
-600 -940 -914 244 -331 -318 -189 -476 -883 -679 -463 961 -821 -385 838 10 -399 926 -243 363 225 -840 589 472 116 279 475 86 107 -670 -371 -935 -815 -196 893 -792 809 759 -250 -947 -8 -346 -194 712 1 928 223 -813 -646 384 915 736 -584 -776 588 863 -37 -250 -418 -580 536 -801 842 149 799 -520 887 -855 264 612 -769 -485 -545 -792 387 198 -679 -38 -932 890 338 119 -769 277 -619 -589 348 -290 535 -869 -604 26 -80 -649 324 449 -153 -420 834 186 -839 -834 -541 675 613 306 -282 -179 -521 -95 241 -284 111 -792 -554 -307 829 604 465 744 -932 -564 401 -332 888 -449 144 -206 77 412 369 897 -195 232 245 -280 622 -871 -902 419 -498 -23 289 -11 -269 -841
-902 -740 227 744 -626 465 -211 331 -439 -66 -141 313 818 347 -283 539 24 -991 -518 54 474 -657 797 561 19 -597 -318 -57 321 -320 -732 200 -719 389 108 218 -72 -737 304 -323 -400 413 -651 699 -899 -992 243 -866 267 -498 84 -404 998 652 -505 686 -378 1000 72 -178 -827 25 -428 910 -979 -562 -229 278 595 867 -585 325 -326 211 67 233 646 535 -374 -7 990 -740 -610 -993 -675 -670 -543 -413 565 640 -77 -541 -592 677 872 -977 -268 314 -283 -304 194 916 -249 -919 556 549 -799 277 -671 -654 -688 576 -42 718 60 -302 482 -539 -547 870 806 -330 -713 -232 -617 -152 -364 -195 -119 -435 -931 685 -630 307 996 347 153 471 -911 373 -911 405 135 -106 629 682
-893 489 746 -694 -784 -999 843 -242 265 -45 365 -251 -452 -739 81 -917 -217 704 63 263 -781 752 5 446 -151 972 -149 437 -27 369 609 -461 374 313 600 -331 -34 -976 42 908 60 -648 312 81 -780 802 158 -8 88 -707 -156 -526 -602 219 708 732 -323 654 898 -139 -244 995 45 -3 905 -204 -623 585 459 -719 199 227 -203 -775 -6 943 608 -686 -411 984 355 680 718 712 -543 146 -38 -122 160 928 220 234 497 480 -403 108 433 -351 905 251 43 -930 292 -983 -25 620 487 611 755 575 -197 543 -275 582 -271 -818 202 839 603 97 918 917 938 -873 569 -66 598 628 529 -79 595 -802 -766 -899 -218 -815 391 -892 -988 -205 707 910 659 -863 -711 906
32 568 -60 -641 908 -881 84 -831 83 -319 -362 -369 890 905 -658 -630 597 -457 355 -656 146 -1 808 -187 485 880 -365 -173 449 370 139 -888 480 -711 -525 -82 -177 470 685 281 553 -644 -83 873 158 -896 699 -434 976 777 180 971 250 279 -610 -780 14 -815 246 65 -983 918 -376 -171 724 341 490 680 -118 216 166 63 481 -869 -47 974 -713 -693 333 -524 -677 393 503 644 -380 -963 -578 788 866 -569 593 526 47 -223 707 660 962 753 -273 880 96 11 -415 -711 -321 19 904 -542 744 607 -473 -403 -216 698 962 45 -109 -907 -101 -407 -730 585 681 476 -712 -760 353 9 -341 273 884 939 -395 145 885 -21 -410 -569 -411 -133 -75 832 -355 687 59 -591
-921 -453 508 899 762 407 -147 -327 -992 -768 -634 125 -635 -200 390 968 446 -515 237 80 772 -441 -725 395 268 875 594 146 -972 173 538 -158 315 290 -95 523 -3 -829 -196 91 -437 -291 767 501 -381 -138 773 -533 -879 890 -771 -437 -494 979 -159 -668 -928 679 -604 938 -49 -741 439 -529 -62 982 -713 -990 571 -688 -793 -636 862 857 342 -284 -208 -314 525 349 241 550 407 -187 179 930 -627 -618 342 691 221 -310 -526 -626 -490 -497 -48 -886 243 490 -554 274 -270 -505 -675 310 -833 399 960 780 -510 290 738 436 689 244 -868 489 195 -60 -381 851 -573 87 354 249 -547 804 -855 659 600 616 -382 -626 672 -503 811 873 -194 -472 341 -307 -153 544 600 -311
-130 -757 865 347 -666 451 -295 -214 425 454 -269 160 -530 386 -511 -987 -582 -736 -461 -25 198 -562 382 -426 -840 -60 677 459 881 984 -745 -519 802 -99 84 -372 380 294 109 -835 771 665 583 -665 -99 -930 124 532 333 -665 126 289 615 553 -23 193 15 328 -716 429 -893 -559 211 -728 369 -896 -692 -464 -282 -958 131 672 165 -139 373 819 -240 -660 877 724 -75 -417 -473 -559 856 -529 559 125 -55 -810 261 -268 -94 -467 -337 -663 160 855 -518 -5 -309 107 863 935 -589 -721 -722 23 921 623 426 456 -617 -99 289 265 -531 -685 -411 255 -503 -828 -84 262 -910 -448 81 -367 -767 22 276 -638 13 -301 597 134 993 -935 552 216 -596 -180 -251 -955 117 -666
992 671 921 217 960 -485 -621 -892 286 182 -250 799 -597 -956 -134 -735 -962 -168 -239 1 89 448 36 441 247 -952 367 310 -940 -993 -251 780 168 -969 433 247 -798 325 -245 -596 334 632 -605 957 -558 854 -834 844 11 -318 682 -825 -530 890 159 673 701 541 179 802 -567 -182 154 -860 446 -573 -487 -386 -784 384 661 62 -48 -960 829 -721 731 -693 17 -613 927 979 -227 -407 -758 -968 -42 455 -367 234 463 659 -327 -679 -472 499 630 -247 740 133 -786 866 998 -80 -583 627 264 105 -840 -202 -937 354 910 111 -930 556 687 -290 -83 446 -188 500 -923 -226 -936 866 -541 -309 243 -804 311 -995 240 717 641 -748 812 628 711 302 350 -660 -204 -427 701 506
112 -556 -461 623 -536 -839 348 781 250 -138 -886 551 -464 -622 825 224 886 -19 202 902 665 -896 318 711 830 226 -415 -879 797 840 -160 872 -24 84 8 80 699 494 -739 587 -686 768 483 204 385 682 285 -870 -748 854 -464 992 -732 -9 242 945 243 11 -876 281 836 111 -422 206 -486 -687 -749 357 267 -592 361 -590 224 -625 -153 -233 716 393 -702 -451 422 783 -27 -431 -427 861 381 -875 -408 -630 -451 -569 207 814 991 335 681 -194 -168 18 251 914 375 -604 -87 232 -182 458 196 82 -180 301 -288 -742 591 267 -159 597 -174 7 945 -907 479 801 -511 -359 -716 400 666 47 -309 -389 622 -438 8 359 848 -514 223 -757 -243 -920 944 207 -395 299
-576 -237 26 -331 -251 -212 724 992 509 -935 542 164 -580 -77 -303 -726 224 -493 -214 107 674 -930 187 534 204 891 -37 -511 273 -186 138 -169 606 685 278 -32 171 -570 723 -818 285 451 714 -477 171 -50 353 848 571 767 -989 217 105 -291 -277 -668 -573 -767 802 -832 884 214 -877 -654 715 348 135 554 -185 172 371 -300 193 885 794 -598 -970 293 319 968 -448 19 491 472 320 -215 903 -341 601 704 23 -72 -788 771 947 -785 -292 -747 -925 887 -291 943 23 165 734 -895 -176 782 -816 138 -770 -205 626 787 -217 875 -917 261 625 399 627 -917 -996 63 62 418 -785 642 5 -964 701 -742 2 84 -156 838 -375 477 258 993 878 -989 -444 -72 39 -702
-500 -632 -529 325 -466 -410 931 183 -361 -856 60 -970 91 -736 -86 -635 -774 -583 634 32 -275 -998 404 715 787 -760 851 -445 -317 233 97 -554 557 -334 575 30 -911 -335 94 -872 -533 903 829 -925 -534 -19 751 180 60 39 280 70 440 -298 4 -289 -361 664 -556 910 -257 186 -122 705 -18 -67 -737 499 -401 774 -232 -175 -660 48 834 -418 -687 492 408 -548 936 744 -16 395 183 270 -643 -369 962 51 372 -87 -819 64 120 -920 739 -275 -572 248 -260 -839 773 -968 -546 -729 -926 -679 211 658 264 419 -509 -336 230 610 -594 -219 -446 -67 -808 -385 407 -57 -239 334 252 302 592 806 -655 -223 -260 -259 600 15 166 -401 734 -870 710 82 437 91 -624 739
-1 -1 -126 -145 921 894 526 -50 -862 -52 671 -279 -858 297 505 380 -181 979 290 455 631 811 -26 -578 -612 37 860 353 -110 -408 -109 86 -257 -10 -121 17 821 -410 598 469 984 -995 122 -459 -614 -101 -621 884 677 593 -62 -22 -187 320 -284 -217 -945 764 -599 802 66 368 976 -373 681 -532 -79 159 377 729 918 -39 -707 460 343 -715 -916 953 449 192 628 -593 -958 987 757 -303 515 -226 908 -731 306 442 90 -379 -53 -793 -207 147 -509 524 43 -406 689 732 -362 319 953 -579 336 -42 359 517 891 -847 -988 189 300 644 -777 311 -154 835 -437 -100 543 220 537 -34 427 210 -622 780 -387 -754 555 420 487 -550 902 274 281 984 969 -169 894 924
-931 -683 -577 987 -12 7 -638 795 840 -947 -957 -759 -900 436 717 10 -574 -796 740 -871 -967 -268 242 -561 -977 -8 509 945 651 -614 562 -493 -528 183 -16 699 -465 -928 -541 624 684 784 523 272 -886 -338 312 -671 166 -808 -828 -177 -899 -33 -450 -428 -133 -462 -882 502 -495 947 -742 -165 -110 -11 820 23 -950 23 -211 662 492 202 -101 357 -570 334 818 346 -205 -949 449 484 -403 955 -740 -548 -564 69 338 -309 -768 -124 154 646 375 358 -641 -667 955 656 325 -959 715 447 726 347 4 -343 894 985 -868 898 495 -613 -997 -661 -926 -900 -745 628 -853 212 810 -654 887 -678 -526 364 -107 -313 -779 -417 -642 -890 -50 -270 -686 -697 -504 -477 465 98 -778 352
130 441 -195 706 435 -601 943 340 -82 692 -811 177 -587 -70 360 -821 -630 178 108 -664 925 -697 505 23 -126 189 695 417 -866 -278 917 634 -802 802 886 -170 -732 609 169 -136 -401 33 -460 614 854 -613 -259 -455 546 -966 676 -912 261 459 -209 499 -278 -976 -541 277 -775 -940 749 -301 839 -118 27 266 -904 -178 409 645 -733 -644 651 435 -927 479 788 23 896 98 897 121 -150 -317 -635 -310 -483 38 82 -795 -137 5 785 592 320 740 -34 674 708 -942 -157 126 923 -772 462 -50 183 876 -558 91 -646 368 -104 -968 465 853 623 -433 496 513 279 -45 379 623 -762 21 607 997 804 482 -981 194 -54 -536 -626 532 -430 -679 190 -634 842 -823 -606 -282
491 146 -163 -108 -799 -361 -88 -714 -106 389 -422 -520 -577 260 -106 945 -382 -83 369 -991 162 -201 879 -89 -775 -630 346 -49 786 772 -51 -535 224 -327 915 -492 734 -443 -649 104 -173 -995 695 36 -895 228 -118 -932 -885 457 -37 996 -447 430 994 522 -583 819 -675 477 -804 977 -384 -308 570 963 118 -342 26 -738 914 525 434 -863 -505 -475 784 471 -336 170 563 -375 -499 526 537 -559 -806 401 -667 -278 190 -653 -564 99 -147 949 749 194 922 -312 -885 5 621 503 -200 579 653 -783 -97 609 -358 206 238 97 -343 -573 783 341 573 144 -95 161 -306 -58 583 -129 -983 710 77 108 516 693 739 -753 28 267 -872 9 461 -261 819 -345 125 -979 -336 -955
-763 215 838 -850 -867 -854 -207 -402 611 -391 -575 -40 680 -492 -610 -989 -457 242 934 -145 -813 -803 5 -234 396 951 224 653 -51 955 -626 841 101 142 -445 -257 751 -139 -902 788 177 464 -2 -29 302 643 293 -195 -376 -667 106 586 533 689 -859 717 -867 778 -503 -986 -226 -276 938 -479 891 957 554 -596 -616 963 -786 342 602 175 -79 -429 -737 -906 549 60 90 529 33 275 -8 250 -85 676 -460 231 403 -569 -701 -845 394 -319 190 -393 238 875 938 -872 307 -134 -763 -374 -209 -835 -882 -333 -238 822 481 90 655 847 -993 -291 460 -402 -234 -846 658 467 322 -971 177 190 -257 -175 148 365 -550 -870 332 -269 -845 -858 -389 -955 865 -148 -688 -131 -670 -700
330 -559 733 -994 -742 799 -105 -545 953 -625 654 775 -253 906 436 -403 751 -280 572 891 -915 -923 570 294 635 381 -38 646 243 -761 -831 -940 196 -994 -489 209 -133 -454 -487 3 205 -818 -582 618 -220 474 209 577 741 784 307 752 634 804 78 -417 352 -596 -817 -43 -609 -569 -528 397 -319 -582 146 -998 -847 613 738 65 146 949 843 597 809 -542 -935 673 360 376 469 -547 -761 -157 498 -205 209 116 -894 316 57 -463 421 4 -473 248 464 748 -990 611 -202 62 491 -649 38 -870 -444 790 160 111 940 773 677 678 953 -984 778 -984 672 -614 -504 -336 451 744 4 395 -185 -531 38 -564 -63 -472 -520 -436 -787 -103 -403 526 779 -549 -389 -383 7 -614
-922 559 354 406 -325 -94 578 689 677 901 211 834 288 -664 -456 -436 888 142 803 -488 -564 -447 -20 302 -619 981 673 979 -195 538 -598 -996 910 795 -328 -399 904 -445 650 -723 734 -81 -484 514 333 -705 124 -535 586 -330 362 503 -649 272 -245 443 66 99 -790 -653 -806 -914 636 -417 -465 383 -370 -771 -283 -607 701 -109 708 530 34 -548 -80 -782 664 137 752 119 11 297 -628 -306 -545 339 -264 -612 394 -464 -409 642 -513 598 974 367 792 -50 247 367 895 -809 -258 -15 473 -780 -84 -825 720 -384 -755 -778 -997 -430 -112 -771 524 -341 619 611 614 -996 -56 409 -56 -811 95 -914 -774 -568 385 -63 100 -692 -257 -143 310 -322 -187 -223 103 769 807 663
-163 -906 438 755 565 791 -450 541 800 -483 -737 -457 -709 33 518 -846 313 -257 968 236 543 135 -5 230 -341 -66 16 116 642 161 -720 -722 -475 41 210 772 -753 842 599 -434 -370 -27 35 -831 283 542 71 -371 -73 -809 143 147 -924 251 -939 420 494 -792 721 -219 -764 -381 46 -449 -729 591 617 -958 -850 616 -120 -486 994 538 533 681 125 -913 -154 -76 122 -251 -85 442 -183 -3 627 -881 242 -432 10 -617 147 -132 -909 -675 23 684 -82 -93 293 -890 -409 -780 754 -930 -245 533 180 -632 -617 203 -283 -709 -945 246 -384 256 -185 138 379 682 -990 222 -352 -321 -284 461 906 612 166 -870 665 632 822 -687 -590 -793 72 601 -571 750 286 805 204 -706
79 905 798 -743 -90 -310 -483 922 -678 110 -558 849 214 835 -238 -132 900 -932 317 849 650 -203 -428 503 -447 551 -876 -667 -978 -425 -141 642 -480 729 726 732 965 -621 -628 948 -248 924 -37 230 251 -253 469 774 108 -629 -74 998 -456 852 429 -588 249 -187 -571 -656 749 917 -593 -517 741 -406 -547 -260 582 617 -419 348 847 -277 96 641 -712 320 -714 967 51 365 -600 538 -494 321 -878 673 37 -234 907 436 781 -61 2 -338 754 766 215 -611 -946 -305 -253 534 372 -49 68 -218 -192 719 105 884 237 -394 119 -142 541 -62 -778 -943 648 -1 107 724 -668 -859 418 -915 -660 -213 343 -556 -271 -550 -255 326 122 797 -996 -214 121 -108 -910 223 316 -888
-778 17 -500 9 604 362 -154 691 -120 -507 -812 782 -862 -627 647 -971 -142 -283 -382 414 93 273 -906 632 -468 769 -618 483 -970 -579 -570 137 714 -292 -507 363 891 -657 36 102 151 -246 882 -908 710 739 261 958 124 -765 295 -33 -966 -343 -485 484 -488 -498 -518 -912 855 -381 175 604 22 -506 379 459 164 68 773 780 828 952 -238 265 -878 -95 -291 -324 -56 -526 -973 -559 989 3 -531 902 595 309 -837 510 747 115 -278 -971 543 916 -655 -577 428 -84 654 58 -950 -958 888 897 -550 909 416 914 667 87 -503 -761 424 -140 -671 -576 -686 27 43 -286 -411 83 -197 -183 9 -423 701 633 -472 -227 866 -862 694 -451 424 914 866 -231 756 -396 376 -842
175 486 -319 430 650 -200 -648 -572 -528 -112 -231 -699 551 -853 -344 -198 337 -226 -550 330 5 -693 -844 701 -75 110 -193 267 909 -793 -203 306 151 -606 571 486 -643 -62 -598 -237 -356 444 331 -273 849 15 -321 218 -605 978 -440 -9 -388 -218 984 4 -779 474 36 181 797 958 -12 560 -906 287 282 -815 445 880 -612 829 948 -870 63 915 653 682 210 -850 965 184 -139 424 970 -247 661 89 555 602 389 525 -501 -307 937 595 913 512 466 753 -82 648 737 501 764 781 -710 -425 -640 271 807 -838 812 358 -571 769 980 -297 15 -258 -326 482 6 -891 -872 -744 -534 112 -822 -694 519 -676 -235 45 670 512 8 538 303 733 -211 722 48 -351 76 862
173 -506 -115 -252 892 456 999 597 -165 -413 -966 820 616 506 -922 -271 -307 -380 -410 963 775 737 -388 -411 -447 331 -967 247 -702 120 345 -827 -369 907 777 -396 94 -774 -729 233 88 -118 693 -28 250 918 -40 185 -839 -193 99 -625 415 909 -789 -159 374 -812 455 -157 928 -366 -233 -321 993 964 365 -772 649 264 -20 -496 -734 909 92 716 290 -425 406 438 -35 303 -46 -124 -389 -921 -933 -876 753 -773 668 249 -1 -13 10 -241 389 85 -243 255 -61 -553 283 -114 -629 -942 -237 241 -475 866 115 -437 -1 -534 599 -970 159 -28 -513 -208 -489 -218 139 -387 163 352 -459 -214 817 -30 -789 -830 -914 -453 -600 -583 457 -468 878 597 -217 651 691 269 -206 883
-27 -790 -722 680 -758 442 362 -680 -56 771 -385 -451 -466 -76 -904 -689 -147 -953 382 -265 791 259 -289 751 418 911 -357 -347 -535 464 986 477 560 771 -611 950 -623 566 32 437 -792 304 -24 -467 -857 497 47 -735 -537 -44 217 -832 -884 722 465 207 163 32 -234 -796 -246 -120 316 -770 -499 597 -528 818 -935 311 -933 513 -594 -569 162 -427 470 693 -408 -182 172 61 -671 713 26 -601 100 79 404 78 347 957 155 776 394 -71 95 -428 202 481 148 -461 241 -385 -65 220 480 -472 189 -109 249 -433 128 900 922 -409 -905 473 922 -395 537 172 -161 836 494 -650 -678 850 -518 -43 672 -841 199 332 357 -619 -754 692 647 -421 161 -208 132 36 -360 207
-135 397 870 667 -167 20 727 14 614 940 -216 -76 -113 988 -157 619 997 -41 -554 -137 -357 -986 319 -414 -309 -702 -234 -944 -945 350 -585 -751 -14 672 10 528 484 -320 577 248 483 409 -243 -153 -35 -723 -3 890 991 566 -491 839 -744 614 -73 266 -353 -129 -80 -313 -915 319 -367 174 457 276 -984 -387 351 -371 -901 -529 -244 0 401 -478 -552 -760 -995 503 -928 -201 232 -878 366 -247 -823 48 -616 -215 3 985 194 364 -773 123 273 -341 -75 342 -642 -65 634 -426 -94 325 264 795 724 -607 -74 -316 -180 830 -846 -614 899 659 -855 665 -727 -222 579 -55 131 -854 936 635 879 -532 -349 702 933 122 -639 -510 732 747 870 468 629 620 -67 -313 136 977
377 676 -38 -168 -804 744 344 -626 83 -68 -382 -805 925 -414 -761 -599 -345 -613 280 18 -235 -139 -420 -57 -802 -878 -880 -243 -475 -764 504 257 527 -828 -313 156 -778 481 -537 450 137 630 -219 -443 -995 69 236 742 789 367 364 -837 -663 821 135 524 982 -471 600 392 98 237 272 69 714 493 894 -684 -502 -375 282 146 -712 730 -49 666 701 982 -365 520 689 -337 52 170 -654 -603 -144 -81 -992 -100 -383 -367 617 -120 515 622 -420 -187 627 -702 588 -941 -474 337 83 606 404 944 -896 -853 719 499 126 -209 -845 -415 -861 970 268 963 -702 848 623 -260 397 344 790 611 -950 -978 -837 203 865 995 -977 -605 351 196 -744 -727 -838 664 -507 506 722 -654
800 581 -64 951 -561 509 -770 713 -842 557 -766 786 -52 230 824 781 -520 -621 300 301 -439 158 -319 753 -433 -341 576 735 -551 -334 -144 846 -724 -614 -802 736 364 -15 -807 715 282 -264 -707 -359 954 -277 155 -507 672 382 -815 -986 -457 179 811 393 845 -343 -875 -794 -993 654 699 -523 988 -572 16 9 8 -270 -297 826 -160 -111 -606 609 820 -601 -108 -244 -890 449 757 -479 -178 -504 354 -257 -57 -778 382 96 -534 339 -311 459 -987 -664 154 -921 -569 -828 764 297 26 700 707 -98 670 -3 -54 676 734 142 43 818 273 897 -758 569 576 -792 782 -334 -961 388 172 -922 -439 -296 209 -787 -724 188 572 78 382 798 -441 469 91 50 416 834 -436 -726
392 -338 -986 657 151 -919 -580 866 377 15 337 -330 -151 617 -882 -151 -807 895 700 302 -597 -821 31 -359 575 184 672 -518 250 -406 501 186 447 -616 430 -931 -756 -588 -113 887 372 -85 -523 28 -428 -681 -633 -688 773 417 -453 365 -563 228 513 338 241 -626 544 552 -997 816 603 -832 -844 788 -864 376 -993 -947 -819 861 322 -118 975 -613 -431 197 -856 -993 217 1000 -404 -515 229 975 457 845 -735 296 -608 -255 105 215 996 -974 652 -122 -674 -905 -13 -6 570 -921 8 129 -78 230 692 -137 181 -756 825 359 -572 -381 361 974 729 319 -63 316 468 -56 -58 180 -157 -462 -614 19 -403 -146 -21 -995 -597 889 -199 -654 -877 -718 609 -384 227 -39 -934 674
359 931 -213 -362 -457 442 312 -483 -561 -95 -137 235 -868 470 -157 110 -368 800 125 907 -717 -953 633 -812 -842 -366 76 501 660 444 -688 -866 920 0 961 763 -907 -444 -393 -369 -826 -686 -239 -800 163 -224 -774 603 -708 -655 -261 56 -955 837 -355 -184 350 -869 281 27 78 -521 109 -418 892 559 -291 -47 393 463 660 -105 -883 -52 -490 -298 -196 -810 948 -113 -75 70 -182 -617 135 967 -568 -252 -575 -575 -213 979 -572 -304 520 390 118 723 -412 43 -122 96 787 -137 -793 325 347 -205 -916 282 148 268 782 -685 574 494 781 401 -321 987 656 951 440 -812 -294 -823 -718 842 -900 289 -118 719 785 -660 -73 678 -215 689 -716 217 789 738 494 -248 252 -773
-821 607 89 151 -907 -479 -638 -495 -430 209 -684 -872 -895 -961 960 -196 835 959 -164 -827 -220 -347 871 292 741 60 -355 -304 -985 -121 899 -798 -235 79 -336 61 318 -70 -711 -668 926 -451 583 -112 -87 312 -922 -871 531 608 940 33 -594 -694 -332 320 289 82 311 -118 786 -533 -681 -515 816 657 -985 311 -497 -293 -951 292 736 -547 -779 -76 493 809 -493 -229 -50 -395 662 787 -885 776 21 -532 78 413 199 579 -925 -742 507 752 112 -389 129 -551 -805 279 936 580 -804 181 -220 714 -415 -761 459 935 24 -13 -947 -594 220 -797 574 -614 -930 35 818 -497 751 -136 579 -146 -360 943 -30 199 -809 -845 888 249 -442 -520 871 597 73 245 -830 769 516 15
149 -168 -201 799 530 894 151 182 522 -831 -502 263 -827 956 78 -350 -818 -203 -474 -399 605 630 882 -260 -574 -423 378 71 -165 732 -632 251 -414 532 847 1 582 317 -789 -838 -683 -545 -410 -387 -509 -579 52 -568 -327 455 -211 23 -948 -384 628 627 -199 -70 -920 -623 -485 332 342 235 -232 -27 249 -996 -914 -21 288 -75 485 -292 890 -51 161 150 -208 965 279 946 910 761 697 250 -512 578 -96 443 -330 232 629 294 195 405 -676 833 40 453 941 827 -264 921 736 940 983 -149 -219 314 -76 -260 -339 -280 352 121 -744 -583 -870 -692 -996 370 312 607 -690 782 260 -213 705 -869 832 -434 536 753 -376 315 585 499 -749 652 929 542 -523 482 -594 -498
932 -291 -884 -864 293 -473 -865 994 -509 106 -710 -761 -213 578 202 327 -762 477 931 -734 -172 -289 -268 485 -975 -637 985 389 791 -645 941 -696 -351 -72 26 -636 262 -331 79 447 426 -210 109 -827 301 270 -499 232 158 -698 -79 -14 -80 761 -858 166 134 36 883 132 -130 -901 -752 379 728 78 -650 696 114 187 767 -211 -143 285 394 -866 526 899 -579 532 602 363 -121 -748 -593 -116 113 -806 21 -157 432 -210 -466 -155 619 -519 -401 -780 -413 337 -549 -83 -701 96 653 -354 -75 -893 -734 884 -561 878 496 -734 -120 909 -345 -722 -997 949 -637 -299 759 -344 827 -81 624 -520 -887 797 -426 -141 678 -465 -241 348 897 -862 308 170 -900 6 -139 538 308 -530
906 -208 971 -911 -713 907 723 -147 602 -778 281 203 -220 -374 -853 269 -222 817 -409 148 344 -507 98 79 185 -441 610 29 -811 620 -343 787 975 -494 910 -119 921 -32 -983 703 -34 -853 -85 478 124 709 -728 505 -851 -913 -734 385 -544 143 -589 119 -583 -659 -217 -835 17 792 -893 -634 -885 438 806 748 805 920 -998 -96 -601 443 -441 283 187 -613 -475 531 -760 -110 -677 858 -755 558 393 353 983 161 414 -759 -929 -254 823 -518 -845 -879 805 -420 431 455 569 691 -680 587 495 -136 309 -814 -235 993 -454 -930 614 -173 162 -793 823 926 664 935 -196 7 -462 286 -664 -941 -245 -410 896 638 284 673 -565 940 -778 847 -807 215 -962 -52 188 -217 -379 -954
215 -817 131 668 113 -412 800 561 982 617 591 32 -101 -539 -89 570 -965 -890 -354 843 563 -753 -732 298 -105 -179 938 -977 447 151 -866 -849 673 804 516 2 -788 278 658 998 814 -348 392 876 -589 -747 346 -528 -742 488 827 -57 278 897 120 593 110 478 894 -275 -335 -777 936 -420 -790 -300 -246 -723 907 760 -653 584 -775 -373 754 -186 932 934 25 -835 897 -121 -282 -182 -890 149 -493 -473 -446 -67 -772 124 486 522 409 193 340 836 599 802 -910 191 -665 -453 427 148 -478 291 -285 701 -41 261 -220 -919 -637 56 -774 -641 -612 657 -473 -272 506 159 -333 549 -750 340 580 727 465 163 198 -274 753 -700 -392 961 603 805 579 -228 -215 59 647 288
806 -762 -957 -764 677 306 -271 -743 667 -567 -132 -517 -582 598 -257 19 -758 -619 -981 -359 -522 -89 452 599 193 625 -247 41 -829 531 30 625 4 -442 -969 646 -861 -561 -124 -947 -29 528 116 -528 -845 366 551 10 808 -835 676 101 826 775 243 922 536 283 -648 -953 568 -206 -948 -449 -689 -290 -598 -452 -551 459 867 31 -906 855 639 216 466 526 145 865 607 -723 -555 -988 -624 760 -328 -515 820 -824 -972 -373 221 -676 567 144 -499 -400 -673 295 541 987 -892 325 681 -782 -687 616 -22 -726 -575 -100 -271 -341 226 -708 525 607 361 742 -278 -390 962 71 630 772 577 -154 -575 625 -406 669 752 -254 377 193 990 -619 -225 -174 656 551 59 -114 259 -343
848 -63 405 -368 -104 727 492 54 965 129 -969 -993 575 -442 79 -218 -640 209 745 837 -792 872 -645 468 557 973 200 -856 -910 -195 -70 -931 899 21 -709 558 586 805 -640 369 -14 109 -893 272 -650 195 75 273 116 -665 682 936 -61 798 -269 -814 -930 730 -763 -990 620 -37 -71 -7 -483 158 -140 -162 916 -45 569 13 316 -291 -706 460 56 659 473 -984 810 483 8 302 -33 -234 -534 -299 838 159 668 -103 619 493 -684 -429 69 527 99 211 232 487 -549 -832 -153 887 -610 502 -70 552 62 46 887 602 550 475 -256 470 52 -64 410 -705 97 -576 -123 -362 463 -483 -4 -691 -578 -654 -325 -77 490 716 552 574 325 579 -720 311 828 598 -465 -673
793 484 970 -32 -555 455 -131 -194 599 59 188 476 526 429 520 -198 263 -930 -607 204 587 -745 -158 487 -809 -906 -899 212 -119 22 -908 -665 -619 445 817 -55 -222 590 787 -592 -605 719 -602 -927 405 774 -499 892 402 684 -946 950 -912 -909 -550 436 266 -476 807 -749 616 193 -388 244 -579 857 601 84 -67 697 17 -358 265 -848 965 490 441 -885 734 439 308 159 -874 -683 -49 86 -349 731 -848 272 -127 -745 925 410 747 252 -682 700 710 343 -836 701 570 943 -356 -111 622 -133 -868 -622 895 -467 849 -116 972 -660 331 -462 305 543 461 399 62 165 61 23 676 -350 644 988 91 692 514 -644 803 -700 -127 743 501 -57 4 -770 196 -428 -99 -169
662 -128 584 989 -759 -155 -921 -476 -428 897 -166 -453 11 75 -998 650 126 592 99 -661 575 -501 -4 629 702 724 196 563 -829 -513 -197 915 -410 821 346 698 46 -688 144 -620 933 319 826 90 -443 826 765 940 -239 -433 435 222 -990 -966 80 656 -611 -76 496 -556 -131 610 656 596 -238 223 853 -724 -91 20 -324 -349 -810 -189 223 -489 -123 915 913 166 442 -827 919 809 -895 -363 -94 -885 -971 -436 -307 -537 600 -878 -17 207 236 -975 -898 -167 625 885 -319 164 764 752 -625 888 368 298 -903 940 -405 293 465 417 -992 -402 582 91 236 -769 -819 -401 615 -942 829 -184 -247 -112 599 548 247 952 369 -389 -695 -165 -435 -288 713 -813 458 352 617 -284
487 216 -687 -389 655 339 -860 307 -570 -624 799 -506 -130 -606 541 -191 -42 833 -454 832 384 -674 -462 -216 -627 -605 564 -621 552 185 600 502 -100 707 682 79 322 120 -557 -198 459 62 547 -285 -394 593 765 -187 -626 36 62 881 739 286 427 -469 -668 917 422 478 -506 521 428 -481 -460 534 -289 -386 723 189 587 809 -880 925 999 652 568 -469 26 963 3 -48 840 640 638 -463 343 39 -76 -38 -910 22 -727 -252 -439 66 835 -554 291 765 -907 279 -703 916 985 -591 -128 -379 -279 -655 -117 589 -887 -325 -421 -401 -763 667 972 -527 51 662 -483 -319 -299 783 -333 -923 829 -587 -998 -961 541 314 554 527 666 -802 882 146 60 249 -477 841 949 104
-229 -764 827 511 973 -227 -92 125 730 -174 -595 157 -130 -838 -649 713 217 -952 -322 537 40 -147 999 -40 -177 -216 -538 519 -138 649 -391 571 -931 723 549 -670 973 -481 -261 -781 397 285 758 851 733 70 -301 -172 771 -51 45 488 496 515 -59 35 -515 810 139 -194 -9 -239 939 776 581 606 -10 -665 -974 75 172 -916 75 775 195 117 -842 636 311 540 -356 -240 926 -996 374 -187 -729 931 -320 300 -770 -605 -436 -393 -754 595 341 -533 -332 451 926 -668 315 717 247 450 10 -138 -933 18 758 -109 -567 167 549 -455 -899 -617 896 989 107 386 4 58 -697 109 214 384 -637 -163 928 -167 -426 -689 -83 -424 646 -987 940 -325 306 -102 964 -529 494 662
-395 194 -293 509 -458 739 818 609 -47 -779 -323 984 -649 -269 -269 -551 -207 862 -674 416 564 -958 251 353 -240 -649 -323 89 518 386 510 -833 -125 -437 -653 410 -595 138 682 428 200 -261 -61 -900 742 128 696 -142 -375 -106 794 267 246 527 -262 -836 -680 62 545 -301 30 -446 -83 -104 226 -502 -808 611 -585 86 854 440 878 -162 -197 -35 -539 -500 230 284 -19 -812 990 -477 134 -620 200 -503 -535 -858 226 -309 706 866 751 740 -57 32 223 -84 362 -772 971 919 -553 914 -406 -482 -182 761 -14 -933 640 -756 510 -643 -568 -781 -984 -420 407 688 -60 70 68 -811 57 -696 854 563 381 -296 616 -610 -725 127 -186 748 932 404 -856 -580 303 916 -184 371
-178 621 560 641 591 -119 -443 -445 -501 -599 -678 -159 -225 711 -509 -137 -972 -275 535 -47 -995 531 -896 -976 -244 307 115 969 626 249 598 253 242 887 -301 -701 240 -571 -120 800 -981 709 39 889 -573 405 -543 -640 905 317 -406 394 115 -152 -663 161 -696 63 383 613 -626 -959 529 45 253 607 851 235 111 435 995 -178 -41 -383 -225 -479 -468 726 -171 -32 -736 189 -747 -725 -495 481 -524 915 491 -276 160 82 759 861 -597 935 629 -504 -506 766 -319 -472 859 -642 -219 -800 -393 -996 -565 -817 354 670 -803 -543 -980 714 -709 -590 -682 -469 -824 621 -662 -507 226 -445 201 176 188 855 927 -143 -198 -234 436 -937 391 133 113 768 -346 850 685 508 -188 940
132 -471 742 -689 -605 13 -923 -841 -142 755 370 -714 -690 -772 7 -704 -734 982 -84 195 1 -885 803 -779 -941 -96 289 598 -774 334 -7 948 319 -370 -778 -340 254 892 148 -338 -501 -210 428 858 463 -386 267 -185 83 -749 477 -285 -505 -770 635 -796 336 608 750 124 492 697 191 -965 -877 267 190 -594 -244 -771 378 118 -615 315 -829 -700 -384 -533 250 -672 -202 10 -767 24 746 -875 68 -107 -452 932 -892 -454 -504 -784 988 -42 179 -842 -366 -952 913 -893 -948 50 560 63 91 -522 356 262 -663 30 960 -639 11 872 446 964 -302 -3 507 880 740 -205 -302 120 962 472 -765 193 262 879 -720 899 12 -841 756 -724 -839 39 496 -812 -372 38 -429 -197
-513 -554 998 190 249 -79 481 -888 484 139 -483 -619 407 807 311 18 943 -90 542 80 -545 -967 -487 8 -880 200 24 -664 838 204 773 379 930 774 -586 -697 -979 195 835 48 456 -410 -418 714 221 -667 292 -228 -319 737 110 927 424 -836 -620 -203 -251 -657 575 839 13 803 -487 -873 391 29 -156 -108 -638 295 -413 172 531 -455 -279 -580 185 615 -804 178 -993 -796 -603 595 -275 -92 1000 745 -741 -545 42 -60 -844 49 163 -686 -830 -866 738 -983 412 -205 311 736 -439 71 -255 -98 415 -991 885 -902 797 595 215 -511 1 -12 -200 727 -921 604 349 -764 30 -120 888 -832 488 -723 -347 329 927 377 -814 832 -625 149 331 -140 -637 -362 -798 -57 -33 979
312 125 -584 -111 -486 -814 -597 -966 -821 -725 529 -419 602 -140 205 -737 -256 601 782 -642 -440 177 -968 -811 43 868 73 -836 -745 333 779 135 -245 58 965 -97 -462 -816 382 -770 -887 620 -977 564 -369 -668 -381 -954 -216 -548 -609 70 -35 -699 -840 -547 692 -625 501 389 968 783 -222 580 -139 -228 -611 -398 -62 -684 881 -693 11 795 -883 -912 361 259 -383 -168 337 375 612 -364 -234 -303 -508 817 603 -244 -613 550 473 -365 -294 524 -103 632 -395 -866 543 -463 778 22 564 -419 -320 503 -754 325 -520 169 398 141 -478 -626 -459 441 479 -877 -492 956 -162 -797 943 492 278 229 -596 -206 143 -522 974 973 -115 401 -903 246 -502 955 449 526 -242 -693 -508 899
-83 -122 640 754 222 -631 642 358 468 -913 92 478 -309 755 178 829 -592 -529 -430 -949 397 -894 717 777 640 385 -570 130 -201 -956 342 -388 250 -911 410 334 308 118 586 -404 -465 479 -762 541 892 -472 -385 958 -596 365 95 607 574 -403 182 -358 -747 396 50 837 -555 -601 -870 -643 75 -957 -233 -942 -922 510 543 -638 -891 -201 -144 221 93 -406 86 696 407 -717 153 93 405 788 166 -689 -577 834 439 -389 479 -503 546 314 -716 543 219 -973 -553 -202 -985 397 -584 427 -194 114 179 -196 -84 -945 -779 -137 -140 697 741 -723 785 889 945 517 -309 -360 790 -436 -974 149 667 635 154 915 507 65 612 400 -787 -817 -124 -976 114 -606 132 -727 -566 251
805 550 -637 -229 876 47 31 -838 833 -736 896 374 320 917 -861 825 9 -729 983 -413 -326 -624 568 774 7 -117 300 -975 371 679 -855 996 -610 -134 33 -686 -69 -878 172 869 157 919 -223 987 -195 636 -752 -19 107 -124 -594 81 -82 417 381 853 409 711 535 220 -515 288 -600 -986 821 -728 -682 -281 34 -423 286 -855 -221 401 -133 397 -720 334 517 221 899 -660 -684 -339 884 342 -272 688 608 216 -793 -857 597 -795 441 724 397 132 -556 733 -732 -795 -985 332 71 -686 565 546 843 369 600 651 -105 -635 -338 973 528 3 -539 443 -977 915 495 -873 752 -515 674 563 -998 306 -721 -344 -394 413 -388 -752 862 -978 -768 525 -877 182 -85 -963 -790 50
-960 -27 853 -370 351 -278 938 -406 -829 -578 882 154 -203 200 -704 951 -293 -436 971 659 385 202 -902 25 -814 -669 -676 307 -733 -795 401 -250 76 -233 632 888 -636 832 437 -702 696 115 -562 -208 535 180 579 -891 653 462 952 -981 -390 -19 209 -232 127 630 777 972 -572 615 974 343 -456 169 -964 -249 -938 850 -348 -881 -495 903 569 -60 -996 990 360 -63 -327 801 929 922 -821 783 998 701 -919 428 -385 -236 -894 -567 71 87 136 -642 -810 799 91 -892 -484 -362 707 -305 903 -711 24 297 -239 719 433 986 682 -413 248 194 -707 781 -793 393 -703 512 -767 -835 -770 492 -33 203 -774 307 -43 538 416 -775 -383 368 411 -236 -449 -24 -348 -317 -532 -981
582 -949 213 -533 -758 -131 266 -737 -92 963 -715 -360 681 -519 465 339 188 -984 -279 -969 931 461 -1 -498 698 89 -779 -96 244 385 459 -582 378 -810 613 958 -638 -625 744 -556 -804 -894 -430 -338 11 210 675 -390 271 161 988 -992 843 -345 498 -181 -632 187 366 581 -347 -994 -956 -550 985 -377 494 -850 7 1000 341 267 13 400 604 3 -935 -406 -280 -28 855 467 -384 409 92 -935 717 141 -648 126 -323 650 524 -84 779 -64 -424 83 339 -559 -177 -931 916 792 -486 -462 -954 -390 -187 -681 -555 -650 42 530 -726 134 -344 -360 660 23 783 488 -952 -44 -629 -304 578 -866 251 493 279 969 909 -992 -55 -720 -776 875 -922 729 -491 428 509 -398 458 -784
-179 -150 -76 569 -404 -19 769 -22 113 664 232 -113 496 -806 -923 329 -529 -549 -91 -217 889 438 266 96 -258 658 459 989 308 -737 -260 -428 367 827 -203 -882 -551 164 417 826 -322 391 197 -869 -570 -72 -933 -772 335 -293 -181 -348 775 158 293 85 675 889 845 -178 -833 510 227 864 915 555 -130 109 558 15 356 -228 -623 -824 -968 58 250 -150 337 634 -276 300 419 -947 -825 -675 397 733 394 -764 990 -365 721 85 -76 360 -852 -193 -589 -679 207 866 -850 371 575 -850 -860 -450 720 662 -854 -602 -344 -589 482 -251 -82 998 -635 -580 -219 -539 82 352 207 679 -269 -975 528 890 952 -523 -256 337 434 68 -36 -420 670 108 778 527 363 -507 519 -475
378 47 -512 429 754 615 25 -702 -595 -263 476 -328 643 -945 97 -478 -511 -425 598 17 725 226 636 983 504 -103 -481 442 216 -229 -49 -541 97 401 751 -490 -120 -558 810 924 -332 194 -787 236 281 -203 548 -583 594 -622 645 133 -406 114 -845 467 -904 232 384 -839 -827 442 771 756 -214 253 433 -762 810 -352 251 890 -918 -305 -364 -104 -599 583 -818 -668 -976 665 64 -383 -313 904 -491 -77 592 -484 899 -430 404 -519 951 106 -535 441 154 -576 -19 854 -910 127 946 -284 408 751 -874 -885 -655 583 109 242 11 -134 989 438 -938 509 -954 395 -324 -856 972 -262 398 -917 -141 376 -915 664 165 -633 738 366 -14 -715 -502 -602 53 -302 -750 662 -225 -544
667 -222 3 611 -727 -973 973 -425 -402 320 -1 113 606 -919 -550 -514 62 146 597 391 -642 -532 893 -538 -160 -561 -854 98 -619 276 -903 -281 99 -448 -597 -367 884 138 -711 758 45 -803 -318 131 -423 744 -988 143 850 643 -910 -420 28 -35 -136 43 -466 304 -456 831 -19 -346 -401 186 615 -603 -934 548 217 -955 -401 587 -114 147 713 932 916 -98 243 142 -676 -178 320 87 462 -764 -603 -247 -281 989 -652 124 -736 992 -890 607 764 775 -173 -175 -867 -918 673 -294 -604 278 999 -921 195 -147 -243 -975 -79 631 210 -673 825 423 90 434 -177 -952 146 974 -431 -554 -960 -487 -11 -967 252 -164 -491 587 -347 -458 467 171 209 -160 -277 -998 -699 -53 -220 931
605 -779 626 -88 281 11 715 295 -203 457 -461 859 -237 524 471 -625 -698 -472 419 -371 -690 -507 -960 693 795 -716 462 489 31 336 -439 -971 -427 -544 -645 -84 568 873 -66 -979 850 -993 844 -188 594 572 85 -707 392 -182 796 724 -912 778 -882 -376 -104 791 -112 574 -512 804 -875 -479 -355 466 793 679 -758 190 -820 -242 396 87 910 390 -960 365 675 -248 -332 -955 788 692 -257 457 -750 825 -163 -916 -57 428 506 955 -453 -965 -550 -945 -240 -452 115 959 826 271 489 163 -978 450 660 -285 -330 707 -545 925 591 864 351 470 -241 -198 -18 -728 678 808 835 281 -368 -776 928 716 659 608 -488 513 -964 -509 -822 -457 208 623 175 386 -46 323 -68 88
-960 -515 -156 -571 -262 -287 590 -130 705 6 -962 658 407 -229 -414 -147 -360 -233 -709 678 -92 -130 -586 120 713 799 -314 -418 -791 522 -160 -249 -435 -705 99 378 678 338 -910 131 523 218 511 986 836 -871 -715 949 434 645 210 -220 -360 -859 -33 906 -262 -296 -578 603 -847 590 143 417 -695 -822 383 825 -25 -33 -355 -758 -887 -104 970 -923 -500 -156 -179 -472 628 -322 -560 157 652 490 -726 240 186 -36 -294 -691 126 -654 -356 87 -57 530 -309 -426 -334 30 788 296 -944 163 -893 -664 -974 -846 -963 635 804 965 185 -121 -29 979 -805 -914 124 -449 525 -360 -893 539 988 576 -292 42 221 -411 -854 162 -5 16 -494 976 239 37 -213 -298 -726 530 452 -960
-543 -604 993 596 629 297 564 839 -515 593 612 -708 -573 -66 -675 967 137 250 68 240 -266 775 -540 -765 432 753 106 452 807 -576 169 81 -52 26 667 -209 -371 725 773 -794 -386 -342 -746 -119 84 -699 540 925 -879 -599 51 987 696 144 -534 640 556 208 -29 -31 -375 618 983 -708 -642 -149 68 250 198 -811 853 673 354 -40 828 -730 948 250 -690 -881 -885 678 -501 247 -682 144 -968 -38 -138 262 315 720 -860 83 -862 -569 -420 -547 -79 -104 -171 -354 310 -564 -866 -977 -821 -488 -249 -752 -553 227 -183 -907 177 1000 611 843 370 -457 -846 456 -203 -379 -116 -497 -226 -156 169 -125 -379 78 302 -621 -338 -629 -825 -636 70 370 -239 -564 -613 -901 689 138
-280 115 -956 -220 652 -279 -524 920 -490 309 548 948 175 312 -807 305 -780 -193 -652 169 159 849 928 -583 705 696 -60 -238 14 -452 886 90 372 -582 -451 -849 489 676 625 -277 -575 -685 -47 163 -311 807 -688 -710 -861 -753 -307 -461 414 -237 -355 868 497 734 -233 -923 196 -630 -548 55 -582 -716 1 817 223 -386 827 -826 -534 67 -346 -605 -320 -763 66 372 -459 -926 -102 -554 -609 -27 -606 -25 -631 937 -980 186 544 488 -537 646 -386 -654 -410 478 304 -999 -808 555 -858 -135 -648 470 151 869 323 306 -673 -99 2 -123 -410 -149 -909 -825 -819 -52 -248 132 -520 -996 172 156 723 -502 -291 -439 -382 155 139 768 281 -966 -693 816 756 797 824 56 -620 -766
839 -347 -697 953 981 921 930 43 -769 455 -242 824 -179 763 925 -321 -659 631 -105 -362 488 455 -379 809 723 806 713 559 -173 506 -696 376 861 138 -586 546 -758 847 -340 -149 4 504 471 609 112 -920 400 -75 712 -85 -764 78 -525 38 -912 -6 899 859 -181 735 506 -484 -288 960 -534 -905 -26 -901 232 -113 -386 527 348 123 -600 -165 264 248 -511 161 -670 -54 -35 -919 592 -65 -546 -238 -225 -716 -225 -173 -688 641 -225 -192 528 864 861 -264 610 540 396 -901 -981 819 835 521 -903 605 -156 726 -991 -329 534 793 -108 232 514 755 765 -11 -809 -899 217 31 554 -357 676 -726 -979 -995 -548 -39 -38 83 612 293 813 544 935 157 44 520 -393 -969
467 163 577 996 -416 451 -785 1 -376 898 986 505 -60 -587 -583 -775 -660 -147 -918 -548 621 -900 -996 -188 -886 -204 359 186 -147 475 825 -291 408 315 189 -314 397 822 922 492 -474 86 -331 -893 -495 722 132 768 444 -323 -479 -649 89 -423 566 -587 670 281 187 -262 -948 644 -102 -818 153 -907 -165 756 316 -98 161 796 -315 381 432 -862 486 327 905 -605 354 817 371 -256 273 750 -296 -532 445 -477 777 -289 444 966 -545 -483 138 -348 239 561 -990 -799 -119 -782 584 -998 -642 360 262 -665 -5 -473 738 -819 -858 -262 -535 992 516 684 -630 741 916 -417 -559 245 -20 -401 910 -707 446 -352 -79 -61 950 -92 -267 179 179 -70 -618 -585 799 -736 -880 725
893 -839 -106 546 782 -599 347 804 -96 813 48 565 -380 215 -997 -492 -790 -345 480 -746 379 -186 -513 -998 -717 -740 -791 521 -679 929 -80 540 -868 -832 -357 536 779 -328 706 -220 641 -196 -212 859 -932 570 -397 -435 -487 -311 -767 -48 141 507 969 -460 642 658 692 227 908 287 -890 967 631 213 156 790 415 -180 -203 137 379 -558 -150 -326 375 -100 107 -453 125 -86 72 -732 -688 -472 -344 468 596 736 698 105 -35 141 -778 554 434 -949 462 -175 734 250 -378 838 835 418 -771 631 -341 -80 231 452 524 382 553 822 327 112 1 -560 -834 -645 -753 637 927 16 323 -551 194 38 -652 -708 907 -378 -806 -431 75 -992 -726 724 -246 -566 59 218 -199 -695
729 891 231 -968 902 26 -206 389 -648 -331 456 459 -413 -121 345 650 707 459 538 387 -891 668 -583 879 -365 -457 -904 16 891 578 -136 223 -404 214 20 -237 -500 -249 678 275 824 -268 298 835 -472 474 -739 699 -98 339 -895 -714 -628 -100 -960 -763 -321 -892 442 83 -325 191 -306 -684 -60 827 -191 -362 -761 698 301 26 691 -738 73 796 839 20 -703 717 841 -618 -350 -94 848 580 -92 -891 -465 -323 996 -663 -945 -809 -115 428 216 -626 -605 453 363 505 76 188 -898 104 266 665 597 -102 57 628 409 811 786 -853 -728 -630 170 -621 -326 -408 -102 -634 -165 716 603 603 105 -204 861 707 -612 -666 -571 702 908 197 897 -866 -348 879 -391 -540 -622 -717
-572 455 519 -704 -844 147 465 -680 -881 365 466 563 -293 -443 413 848 597 -124 -515 182 349 -779 -334 -263 -894 -592 -135 -567 -26 641 86 852 301 711 193 -613 920 185 -550 -463 -392 -429 10 -176 -303 958 -536 998 637 -611 -876 461 -919 323 851 -663 -640 -397 296 -662 -254 703 843 -575 -527 738 -679 -226 552 537 824 936 -215 -325 949 -826 1 -470 -52 -197 953 -606 -253 -737 -20 -674 84 -937 816 -54 -539 -25 867 610 -795 -306 -157 153 933 927 858 -953 -192 80 917 490 649 267 -257 -515 752 658 366 342 -992 719 -54 -88 88 -983 821 697 84 515 -404 -322 327 -721 -999 -45 -889 128 401 -617 -59 -787 -431 243 -40 881 -624 -389 -779 -673 160 -803
-387 -478 -297 -105 -861 675 -187 757 24 436 561 360 -267 -551 452 -542 564 550 -95 -899 -36 819 -720 587 119 -99 902 744 305 -42 -381 -132 -497 540 727 93 -934 -601 -351 -766 887 -772 902 898 916 831 -885 -326 449 -667 143 797 -136 -441 487 422 -966 -429 39 -695 -344 -884 970 -793 -949 113 79 -896 976 907 48 275 211 544 319 753 295 869 160 -960 -592 -671 301 -757 -83 236 154 487 -971 982 -810 -544 429 356 -214 -303 883 -427 49 -221 -758 434 -140 -307 -190 132 961 -711 -877 -672 -697 -73 -202 -979 657 -629 896 567 -132 -878 -484 267 -105 -78 -892 706 -746 303 844 -149 -621 -295 -437 -975 -366 499 -298 556 -881 -529 635 -685 -362 -476 -25 -129
78 -702 -732 -150 371 -852 -61 838 446 356 81 -197 260 244 521 -632 -24 -472 -121 875 781 346 532 299 -660 -107 -205 818 831 -981 -490 -39 -984 -734 158 683 64 857 -579 443 -912 840 778 -366 869 -603 -256 -48 -668 -157 67 -316 -918 117 -288 -826 -706 865 48 226 -650 319 -935 -817 499 -736 -591 813 666 828 208 -306 -433 -813 -928 123 688 -27 276 -313 -261 766 -110 768 573 -167 -194 241 344 -699 309 725 817 -203 259 23 -797 448 1 -795 -93 153 750 818 625 -54 -615 -214 -921 -695 -392 848 -223 -275 681 884 -246 -55 -62 -560 -305 -330 -330 321 -975 -320 887 579 413 71 275 -811 64 -811 -467 700 -999 735 216 468 735 133 -990 -288 -677 -797
-485 50 -748 -294 -320 199 -91 -951 -232 506 397 -476 971 -808 691 551 -550 -877 20 420 63 384 -549 536 962 -148 -885 827 20 507 348 -90 -772 961 271 223 540 -823 448 336 143 306 -905 -777 737 250 107 -522 11 -573 -604 -263 617 754 -197 -473 -886 -538 400 -414 -556 181 -872 -711 337 -190 -207 -467 58 155 -109 881 -34 751 -316 -502 -98 653 392 -250 -263 -409 676 889 783 -267 429 -286 -796 678 962 -852 -44 18 947 400 573 -581 -148 -472 557 1 -655 -498 73 836 -712 -61 535 -892 894 764 488 165 103 -953 -411 -113 70 -197 373 -463 68 429 -903 421 673 -785 -859 -1 -668 -29 -197 191 -863 445 -300 374 -954 -778 -546 -619 -591 -963 509 -352
-478 -104 -161 610 408 872 385 -342 443 -854 -121 435 550 -790 588 690 -865 946 774 296 -620 -143 -236 695 483 999 680 130 86 -837 555 125 873 79 737 19 649 -308 -438 -746 -405 295 -574 -48 790 373 -954 984 95 987 -765 -623 -753 -691 733 -819 947 -392 -696 -353 463 572 7 -898 -145 -239 495 -347 972 -326 231 263 -408 919 990 -512 214 -12 88 -858 744 -481 310 750 951 -153 210 -708 889 288 116 -574 162 963 -28 793 729 529 861 -178 -843 1000 -631 -541 -875 -913 590 406 -199 -53 -107 735 768 -540 -460 -45 878 722 -297 534 698 -911 -945 -211 -238 -461 38 -159 987 836 -834 592 328 601 -282 -803 -554 914 -616 -344 291 -402 -910 72 -407 478
255 -252 -662 306 401 65 777 927 -339 6 515 -126 -110 -805 -968 -626 183 240 -374 -79 913 -918 465 -75 303 -696 -472 898 258 -973 -505 -64 -101 644 974 42 -221 800 475 -881 -351 -706 953 -734 572 186 -363 210 669 -654 589 755 15 461 -344 331 -874 -5 -276 -327 105 774 912 -81 430 488 270 -16 -911 -952 20 100 592 76 -616 -503 614 994 502 -956 66 -359 471 645 195 762 -625 889 179 740 707 968 -100 -619 -106 638 -565 516 -513 -857 48 187 -456 -717 79 -717 229 -742 -650 -681 -578 985 27 154 75 346 -846 -619 -548 -974 696 41 -558 19 927 770 493 866 614 556 979 355 -77 799 762 -256 -544 982 594 329 -448 -210 -254 37 556 -598
189 486 175 -717 417 -453 170 -308 -228 -97 -988 -317 -485 -546 402 963 -400 904 879 -329 -497 -434 632 474 -955 -806 -393 -774 70 -245 -919 -902 881 -739 206 -554 722 -153 477 866 661 702 -143 -949 785 471 -283 751 297 -918 791 200 -870 738 -469 -781 -447 -304 -145 399 -3 -273 278 289 332 -221 692 565 -347 875 277 -66 785 277 842 -514 982 832 -399 -254 513 141 -753 597 -720 223 -819 -43 -950 81 -259 -462 844 -889 -121 -542 304 316 20 -191 459 250 -970 454 -732 921 802 -575 956 -802 -469 945 -577 -523 -36 -846 325 -470 402 419 -188 128 -860 325 518 -604 -656 816 435 -820 483 624 843 905 -844 412 -654 188 413 327 632 773 567 -753 -860 -666
274 -109 556 -602 -450 754 -316 -623 24 -594 528 -819 404 -944 584 119 980 53 -585 812 754 -475 -752 -492 896 292 574 200 -263 386 -987 -92 83 557 -790 151 -396 -682 -404 984 654 -79 926 -781 825 150 -125 577 -837 -908 564 -826 -234 37 112 259 -322 -915 -879 715 -603 588 119 -29 -331 -509 -13 3 -374 -413 226 425 698 -288 676 429 -559 741 392 -562 157 -830 22 187 691 -208 -520 94 252 164 790 675 -177 -974 12 487 124 473 -421 -980 -574 28 -759 888 878 161 309 -180 -750 -302 507 -622 125 -943 816 -160 -900 -711 -533 -438 -291 479 0 4 651 408 -310 804 -901 915 -955 214 -798 615 629 697 -799 -777 -938 903 942 962 -783 -110 656 -200
-537 -775 710 -635 -195 -566 821 -734 548 -575 621 353 -140 -865 -554 -314 -379 774 -324 -170 138 -112 -188 -89 778 -912 -214 438 -836 -160 -951 -56 782 -279 598 -328 -78 689 -679 -689 390 -513 -72 -494 127 314 -494 -667 417 527 -331 -386 332 353 -963 980 167 -325 -454 309 674 129 -468 -377 827 -139 -322 -330 591 37 668 876 -758 737 994 -161 317 202 -654 997 -741 198 657 210 704 656 -305 354 766 -451 210 322 358 233 -786 -712 559 -880 -541 -989 -90 552 850 -980 787 620 77 396 -109 -749 -53 -40 -569 783 628 600 569 306 239 -891 -490 -199 886 -560 252 365 -334 -705 -591 463 633 194 -435 912 544 52 -666 3 -98 -643 -266 122 -368 244 -213 -708
-590 242 202 233 -64 434 49 660 730 -460 -696 351 -403 496 -317 -907 884 -328 359 -720 -102 215 854 -165 298 821 137 -127 -203 540 873 340 -593 181 -183 10 -889 -740 788 290 929 -78 911 -220 562 848 282 791 -281 -535 -328 492 563 -391 -936 -809 323 394 352 -259 943 485 -859 -39 863 389 -870 -247 839 -777 866 -586 369 -3 451 385 -698 338 89 -840 -552 -423 -988 247 575 350 -592 524 -66 -162 -961 547 -351 978 581 224 -395 5 -529 411 -652 -169 848 644 -596 443 -294 168 -421 507 70 -483 -806 -725 672 -105 -334 907 -271 285 -625 -59 -902 -907 800 135 315 668 951 -885 973 -798 467 721 -526 -254 616 -898 -265 -225 -168 -67 818 281 336 468
478 687 -575 -622 736 527 346 -251 -122 329 399 -360 443 289 327 -119 169 387 -169 -824 -997 193 727 -517 398 472 430 -34 -252 65 880 296 468 163 944 954 561 -715 770 -352 469 369 -494 25 90 597 -757 756 662 131 -155 -784 736 -681 686 -586 -477 -199 403 -286 446 504 -516 -421 -571 -697 610 -44 56 -60 525 -229 -563 -365 782 463 876 729 901 -193 344 692 -896 766 69 568 -511 -62 362 4 -581 -725 245 -45 -55 -335 -59 -433 683 774 296 -288 -178 122 -959 865 22 669 -363 -924 -118 416 -797 -820 -356 -907 910 -537 292 -684 -248 -689 -71 -705 908 -234 -773 -515 -584 -593 -817 323 709 -868 -504 -559 -331 641 -289 -216 936 -585 -306 -23 971 -483
-658 -487 910 153 619 80 319 -836 465 401 -936 468 294 -172 -606 907 340 -961 -587 540 -640 259 -419 614 636 547 826 617 -315 607 -988 973 -86 126 649 369 730 730 341 -511 264 -91 -131 -46 734 -54 248 -105 811 574 -662 725 459 694 862 -813 97 -382 -81 -309 307 518 -653 -450 770 -887 357 -204 -251 -106 -579 369 -719 -176 414 163 407 -749 268 -57 474 853 -8 -821 923 428 -966 -34 -285 489 -758 -780 -36 -735 618 758 -468 765 -380 -682 879 -985 155 0 -927 101 16 -5 421 178 36 -273 276 -873 69 -207 -395 969 -521 298 -171 316 -592 726 -844 -682 607 775 -660 -514 -182 -326 734 -30 -493 705 -597 744 247 -337 667 845 707 -669 654 -439
-685 524 -211 915 456 -597 908 736 -28 -171 798 679 -427 -761 -475 -400 141 292 468 -789 -294 42 787 334 -506 691 559 630 -659 967 -981 -243 454 255 -857 -756 209 612 -805 -680 -357 886 544 409 -559 -999 27 -648 78 -823 -41 -330 962 -610 -642 681 -734 58 -29 -559 -906 -528 159 761 -348 -833 -953 -358 -714 827 -42 665 201 -835 -20 272 629 -16 -717 -231 -844 28 -567 359 417 913 -353 511 -865 217 925 -332 -605 736 63 945 431 -993 -304 -930 -725 323 738 -11 450 -435 -873 -497 22 482 -960 -152 785 -637 -321 -271 -150 135 762 -732 -448 211 527 49 150 -788 654 887 -901 -76 808 79 -411 368 -158 -446 825 410 -186 299 473 -270 758 -345 58 863
-883 969 -383 -412 -108 -886 -230 301 414 942 -875 184 -863 737 -867 145 338 192 310 -106 379 -764 -333 -215 -949 -392 -447 -668 234 -484 -685 550 -201 707 -54 187 609 -217 -367 -421 -658 205 -653 985 475 -254 25 -133 -255 -508 -92 -263 -944 733 163 462 235 218 434 -980 159 -885 591 252 -431 819 -22 162 -669 190 472 -209 -669 834 -204 -783 -927 862 -557 805 570 -112 -158 -179 518 771 718 -852 346 37 128 909 202 -138 547 -940 447 476 -301 876 -591 196 228 752 -447 -301 -580 277 -522 -374 -866 -620 -222 -24 -908 -794 575 -311 -600 440 732 908 687 -371 318 595 387 -557 341 -701 -725 -851 300 667 153 656 -820 -702 -33 586 398 -119 863 28 -757 879
990 8 -558 675 -892 501 484 -860 -717 -945 -544 -299 -206 -772 -538 620 -619 -231 730 745 314 99 -616 -540 962 -702 94 -97 -150 960 -454 283 565 -505 -384 -314 -824 -776 344 -543 785 -617 563 0 101 -236 776 -373 -939 -795 -353 -478 -20 782 -280 -51 551 899 -327 65 242 420 243 -802 -517 -73 -688 -235 869 932 -341 -393 860 121 395 57 -897 670 557 -28 927 99 -19 456 -718 -571 -110 -655 868 271 -941 785 444 -147 -838 -371 -378 220 179 -412 850 974 112 -438 744 -247 -147 -829 -171 287 635 74 -105 840 -613 561 -14 -309 -120 -93 -404 -516 737 373 827 735 994 860 825 -294 -369 -424 881 -551 508 -739 -39 859 -276 578 -933 474 -668 -222 -382 40
122 80 -227 212 911 360 -61 -132 295 689 -108 -963 -143 -658 936 662 871 708 -378 954 788 -107 -13 -445 588 682 901 180 -851 704 434 -617 -896 122 234 -26 396 -876 -370 517 391 455 -837 -181 -966 -88 -217 818 -240 -980 -857 -204 874 886 -358 389 -926 -800 -106 880 202 -344 -963 -38 513 -399 123 -334 881 171 -737 -502 104 397 292 -785 -32 -97 -678 627 333 -844 214 -180 -77 916 -925 262 866 -905 691 -861 -417 77 6 515 672 27 -619 -226 -397 -895 508 766 411 262 -270 -982 569 -364 790 637 915 -159 -729 -874 -301 850 400 -792 415 -92 799 -479 944 -251 -127 -9 913 300 -388 -498 246 441 343 391 582 -921 778 435 -649 -642 -578 -843 -59 517
