62
92 76 -62 -15 21 -16 -12 43 34 -95 20 46 59 88 -36 52 -7 13 15 -15 -73 71 -65 16 39 41 -32 57 -39 4 -36 64 -35 -5 40 -3 -22 -81 59 -4 23 -97 86 -15 -98 99 -9 -38 -55 69 8 40 -36 -91 52 -54 -22 16 50 64 -12 -36
-22 98 -60 3 60 -29 71 41 32 -51 -23 -93 39 -94 59 78 89 -36 -81 -95 -8 -14 36 -7 -54 -81 5 15 20 -88 -93 87 -47 98 51 48 -62 86 -37 11 71 -13 77 34 75 78 -26 46 -26 79 -48 -4 -43 43 -61 -66 100 -46 -69 98 75 37
-21 -79 -42 -26 -57 -66 -82 -61 -17 -80 -75 8 -81 94 71 -24 -61 31 27 64 -56 19 -71 96 -50 -79 86 -10 66 -19 -61 33 -41 69 100 80 -20 -55 84 53 1 -99 77 97 99 93 85 -92 63 36 -76 -63 43 56 -14 76 24 -67 -26 -39 36 -84
-8 -86 -20 -72 80 -11 38 -98 -64 88 -68 -98 -12 10 -60 90 74 71 69 -54 -44 -89 5 41 -85 -21 5 63 45 69 -90 -44 -73 -12 -52 6 85 -95 -88 -73 -90 -55 -60 -97 30 -65 24 -15 -53 -52 -63 76 32 -34 -15 -96 31 58 -86 -85 25 -88
-37 8 90 58 -91 50 24 -64 87 -30 -14 -53 46 -45 -82 -93 -79 -26 -46 32 -88 -9 75 -22 20 35 -52 -67 1 52 46 28 65 -45 6 48 -38 81 -11 -98 -65 10 33 -53 -67 -41 -72 76 20 38 -12 46 -67 -73 -30 54 -70 85 37 71 64 48
40 86 18 -53 -8 99 -24 55 -41 -10 28 -85 -11 12 -67 62 -95 45 60 -77 -26 -70 12 -56 24 8 55 -29 6 28 -69 8 -31 2 -21 75 34 94 73 -97 91 -82 -86 10 43 98 -14 -99 -75 81 -33 83 -46 41 25 69 50 -53 -74 -57 -78 -96
-76 11 -80 36 16 -80 26 -58 -77 -10 -12 -64 28 33 48 90 73 -40 -65 5 -25 49 -34 -89 41 -86 -28 2 68 -50 79 32 33 19 -49 -80 60 68 -86 -98 -70 -96 -82 10 55 22 -34 -17 -91 -30 51 -74 65 17 -84 6 7 53 -87 -86 -67 -99
80 -48 37 5 -14 82 36 -83 -56 -38 -16 64 -41 94 71 99 26 -74 -22 -8 -73 -26 -8 -89 66 -76 -97 8 45 16 -43 -65 9 -13 -51 -4 -66 -75 -11 54 30 63 35 -45 -24 -47 48 6 -15 18 -27 62 -4 34 -22 -97 26 -43 -18 -48 -27 22
64 40 14 13 59 37 86 71 -63 -70 -38 72 -58 -11 -1 56 85 50 69 63 65 -65 -31 -90 25 -66 -6 60 14 -80 -12 57 -15 -12 91 51 -3 -28 -57 58 76 -80 -58 -54 -42 89 72 21 52 -36 68 -86 42 8 55 46 66 14 -12 -99 -99 85
87 13 -75 95 -44 -72 95 -4 77 -4 -36 -55 8 -40 -82 -52 -1 93 -49 6 -56 -58 76 13 13 -66 33 93 -26 85 71 -13 82 62 -56 -82 -3 0 59 74 59 71 43 -46 91 6 18 -47 14 12 50 86 -33 88 -44 -47 -11 73 -46 -98 43 31
-50 -59 -32 72 -18 20 -62 0 23 -30 -2 24 -50 32 90 25 14 -42 -92 -83 99 38 91 -5 -11 -47 -93 -27 72 61 -74 -89 -88 40 22 23 -38 -36 -49 91 22 -41 -87 75 -31 77 -37 4 94 -52 -85 -2 76 92 26 -45 35 17 44 -11 88 22
69 -94 -96 80 -25 22 74 52 -24 -98 -84 94 -16 100 -41 31 65 -60 -89 10 7 66 2 19 39 61 -93 -68 3 76 -10 -34 75 12 -37 88 -96 -21 88 -49 25 4 -58 99 -7 31 -58 -15 -64 -4 -20 50 -35 36 33 31 -51 12 39 -65 -19 -41
38 -73 84 -41 -60 77 -44 -88 0 -46 -81 -15 47 81 -27 48 96 -33 28 -40 -6 -39 81 82 -99 -91 26 -35 -58 -10 14 83 -4 -49 4 2 -33 -53 -16 83 -80 -97 -60 66 67 -99 -37 35 74 70 48 85 -93 -62 62 38 50 79 89 -45 49 52
-15 58 19 57 -26 54 56 53 15 46 18 -93 -83 99 71 19 -28 43 -73 -96 10 -41 29 -5 -96 77 59 -21 -2 51 -18 -82 -46 -39 32 -23 96 41 -36 -56 -10 -98 28 -77 -66 -82 -34 14 39 14 85 -61 -67 80 36 -19 -92 51 77 59 -68 40
-8 -8 6 76 71 19 77 -33 -18 0 -72 -65 56 74 -20 73 12 -93 54 46 70 89 53 22 -46 -57 -10 -60 -28 -75 1 -66 3 -3 -39 -89 -37 52 65 82 -70 32 10 69 98 36 97 72 37 21 85 -8 -9 -96 -90 -35 -3 -5 -87 -84 -93 77
64 18 59 -86 -2 -50 10 54 -24 -24 52 69 87 12 72 -35 82 78 -74 -15 57 -7 -12 -20 -84 48 -64 22 -86 71 40 -75 -43 63 -91 -54 66 60 78 95 -34 -91 1 59 20 -88 76 -62 52 47 -94 83 -75 75 9 23 43 -53 -89 3 68 -39
-35 -86 92 81 52 67 -16 -33 28 -22 -41 20 -52 37 85 5 51 29 41 16 53 47 86 11 9 70 -25 -77 -9 -81 28 61 63 65 25 -51 12 -1 -59 57 -48 59 -97 49 -71 -96 -99 14 49 -36 71 -44 51 40 48 77 -79 70 60 -5 59 -82
-27 -15 -14 -19 72 -81 74 -78 20 -48 -34 86 -5 49 -91 16 88 -31 -54 -54 96 7 -87 83 -50 29 -19 -23 71 -9 7 67 -44 64 33 -79 53 -47 57 -79 98 -10 81 -41 -83 -64 75 -16 -53 -64 -55 19 -62 62 50 83 -52 79 -87 -99 -22 -92
64 27 84 -11 82 -13 52 -63 -99 -56 -6 96 -50 -85 -86 64 71 37 -46 96 -13 91 71 77 -70 86 88 70 32 -43 -78 -42 48 50 42 37 -1 23 25 -69 -77 -85 -47 -53 -47 20 -34 7 93 -94 96 38 -36 62 -75 -57 -42 -59 11 88 8 46
-93 -17 -3 99 -23 20 -91 -73 -8 34 -51 -91 -6 33 -18 16 -43 49 -22 -4 -38 -76 -96 0 15 88 97 55 75 -9 -53 66 -7 37 -53 -53 62 -58 -9 48 -75 2 -79 -37 58 -81 -80 90 -12 32 57 -49 -77 -65 91 70 -8 20 79 22 28 25
22 6 -55 -44 36 -2 -99 -17 -5 -33 68 8 -77 -16 53 80 44 -42 85 27 94 -97 -80 3 8 -85 94 16 -11 31 33 88 36 -65 45 -73 78 -73 -95 75 11 -33 10 -25 -27 1 -66 74 46 96 -91 43 -90 55 92 -4 84 43 36 0 -11 21
7 49 -21 -88 10 -46 -59 -93 -26 14 84 -92 -79 52 -99 90 33 48 -70 61 49 -26 19 -44 -84 -3 91 66 13 14 85 29 -47 72 13 29 -27 -70 43 54 -95 -36 -78 18 -42 -14 86 94 75 -51 92 47 75 80 12 9 75 60 -55 36 7 -71
65 -13 4 65 -49 50 56 -54 -18 -21 78 -95 -8 -99 -11 -75 21 98 -8 95 15 20 25 -52 -54 19 -2 -76 33 45 -67 50 -77 43 28 -48 -27 -21 -23 55 -95 -41 96 48 -76 10 -37 42 -52 26 -29 -56 0 63 93 -2 35 -26 -72 -24 16 -94
-5 -41 -15 8 67 41 82 -99 34 28 -96 -74 3 15 32 27 -78 92 74 -86 -47 22 59 36 12 -29 50 -35 6 -82 -78 69 53 4 -58 6 64 72 92 -30 -71 -83 -56 -21 77 -8 -31 -18 -1 48 88 13 -27 -21 -4 39 83 94 -37 -98 36 -64
67 -44 15 -77 -9 59 -3 81 -91 80 -24 55 -77 91 79 -80 82 -50 -97 -39 75 95 36 4 6 -4 93 -5 -46 -62 -83 11 -1 -78 -83 75 -2 73 78 -25 -6 10 -27 61 -16 50 -72 35 1 -57 100 -37 40 6 41 -75 55 -32 -59 -65 68 -24
61 91 -15 -45 -37 85 -95 5 -48 -88 70 12 90 -12 -40 75 57 85 88 -91 76 -13 42 -76 1 -46 17 -19 49 -50 -84 -38 -39 60 -18 44 -83 -41 4 -54 87 -74 15 26 -91 31 -39 11 -87 42 -92 -11 -55 12 30 85 95 -65 73 73 -77 2
46 -43 -35 -38 74 71 -9 -19 -31 -83 94 86 87 -63 -31 10 -34 29 -55 54 17 49 -7 -45 -82 -1 -80 -25 90 -73 57 -63 7 20 -12 -39 -47 -6 29 -14 54 -62 -71 36 -5 -37 -79 26 27 -17 -80 21 -22 -81 15 19 16 -12 31 40 -86 99
-66 -41 10 44 -14 77 -26 0 -29 98 38 -36 22 5 -97 -34 51 98 -11 -46 -24 -13 77 50 78 -7 -8 -88 -71 -91 59 -47 -26 7 -37 -87 60 97 -98 28 29 2 -59 -16 -74 67 22 13 42 -49 -10 -99 -75 43 -68 -10 100 -81 48 73 42 17
98 -74 76 -43 -9 -42 78 59 -19 85 -97 -3 96 2 23 74 -58 12 -38 -44 -35 66 68 -69 -4 -33 -13 84 -10 41 -19 9 3 4 -98 -34 -88 0 -61 69 -17 -76 13 -1 -30 13 -67 -72 -55 -17 -58 -26 -45 -42 73 -11 -47 -55 -15 49 -67 -20
14 10 81 -15 -81 37 -27 19 72 85 -48 14 -36 -3 -81 78 11 -32 -28 -38 44 23 6 20 15 31 14 89 1 60 -79 88 -78 14 17 -56 -37 -9 87 -78 56 -11 51 32 -58 74 -20 -64 -74 62 99 -54 87 -74 25 -86 66 -93 -8 49 31 25
23 -33 -19 -94 16 -59 78 -41 -85 -6 -72 10 -11 68 -80 -5 -76 9 -70 -91 -15 -47 -69 76 -16 -87 71 70 43 7 -90 -69 2 93 -30 -6 -9 28 76 9 22 -17 -68 16 -30 88 70 -29 91 -45 -71 -45 83 -59 36 -73 -81 16 -94 -84 27 -10
76 -10 -98 -9 -19 2 53 98 -95 -30 3 -76 30 35 -26 47 -83 71 -51 -94 18 -54 45 -7 -50 59 -77 73 70 -31 36 98 84 -41 -88 -39 19 -50 -43 -71 9 -19 55 94 -91 -65 37 85 -9 74 -97 -85 15 7 19 41 85 3 63 41 -32 97
89 48 58 89 -53 23 -8 -55 34 -9 -64 -25 5 -24 -29 -88 -70 -25 58 16 76 -78 100 22 81 25 -83 -37 -32 27 -69 -17 -41 -78 34 57 -93 44 87 -7 -55 71 -14 59 89 -24 -52 18 -38 -97 16 70 72 91 -82 -29 2 38 -62 40 64 -20
20 -31 -54 54 -16 -71 -52 5 13 24 -42 21 -85 -35 -9 -96 -51 -56 -31 75 22 79 95 9 17 -30 11 -14 -32 37 53 -16 6 42 94 62 96 96 -61 37 -99 -44 52 -67 15 50 -28 28 50 -32 75 -42 -47 -81 -74 17 -88 79 80 75 67 30
34 2 62 -91 7 48 70 -64 82 90 28 95 56 -21 18 -83 -30 -71 -2 12 -53 -12 76 67 0 -10 -57 -90 -27 -76 72 -16 -4 71 -89 -32 -56 -33 30 69 56 -11 -90 -50 -65 -76 64 -61 -16 -85 61 18 22 65 -30 -57 -87 -2 91 -69 -58 -87
-79 7 -10 -69 30 -99 -18 63 -4 83 -26 69 -43 -75 -13 50 94 -49 31 -90 61 44 72 65 1 13 22 34 -8 9 -90 -66 51 5 -12 34 38 -71 45 13 76 -17 -14 -68 -96 -39 -64 -13 62 85 -59 -3 23 -9 45 -47 -61 67 -94 -39 -79 -74
2 39 98 97 50 -81 -92 24 57 -5 -86 77 -17 -57 49 -29 76 -38 -35 50 -91 69 -79 15 -8 -69 -10 5 -55 13 -37 -28 -18 65 -45 12 -91 -42 -20 -2 53 -89 -29 -9 -31 9 -44 74 -39 -85 55 -79 -93 1 -89 -16 15 61 -75 38 -40 -61
-47 -16 -75 -97 40 44 64 -3 49 -9 78 -68 -63 -84 -67 -24 54 81 44 58 1 47 -5 -26 -76 6 -28 34 51 74 -63 94 64 63 77 28 -34 -52 -97 -58 -49 79 -16 6 41 61 14 -27 59 44 81 -20 -11 -33 26 -24 -99 -11 -76 -74 -98 -10
2 59 -53 11 96 -98 -22 89 78 -59 -29 2 -41 81 7 -16 48 -25 46 94 67 -61 -63 69 27 -5 -18 16 58 -67 -31 53 -81 -26 87 17 43 16 94 -66 10 -65 -55 83 23 -55 -16 -63 47 -48 -69 45 80 13 79 54 -93 34 -15 -43 100 91
32 -68 18 42 55 -27 50 -1 96 -96 -10 80 100 0 35 27 22 -94 -16 93 -81 91 -22 45 20 46 36 2 53 -50 -60 45 47 38 73 53 -88 -45 32 -59 98 2 22 -52 -71 27 -64 65 38 74 62 17 54 -82 -58 23 -35 -25 -28 86 -84 57
71 38 -63 -9 -49 16 78 -42 27 -80 -46 -88 -49 94 43 18 -6 -7 29 -46 -51 17 -77 40 64 23 60 -25 -1 59 -62 -96 25 81 84 -28 1 -22 -4 100 45 -14 26 79 -12 11 -26 47 -35 -18 -51 -72 82 -79 -61 46 -45 -15 71 26 87 -3
44 -8 61 -44 -37 32 73 -59 -34 -80 27 -47 -24 -6 25 47 -96 55 4 -84 60 -24 -40 -52 9 84 76 -54 -47 67 10 95 86 -19 81 -69 42 80 -11 -43 57 -67 -88 -88 46 -18 -62 53 -70 -34 52 -49 -4 -76 83 -57 -22 78 -9 52 -75 -26
-85 62 35 3 23 -40 77 71 17 48 -95 -96 -14 -68 -94 22 -68 -46 27 -72 -23 -69 75 35 -65 -74 -31 -80 -88 93 41 32 -26 -90 47 -98 -60 -24 -40 -70 7 24 -7 22 -85 39 -89 -66 26 41 77 -15 -89 29 99 62 -71 52 59 -75 35 56
-56 36 -24 -69 -57 2 -92 80 7 67 5 41 45 -71 64 -9 -40 3 80 0 -52 -51 -78 80 2 -45 -20 -82 12 51 -53 97 77 -10 -12 -8 71 43 -38 91 -73 -7 -58 -31 -70 -90 -75 70 -77 -8 19 41 69 63 -11 -88 -30 -90 84 -72 30 52
22 92 -18 19 -10 49 -62 -3 -21 45 58 61 -34 66 -44 -15 -10 82 -37 82 78 -24 59 93 -35 -39 65 90 -2 -27 32 -58 -2 -98 6 95 -94 76 29 19 -85 -6 -19 -27 -38 -8 -18 22 62 54 -28 -28 -83 -86 -77 1 -58 79 -70 -61 60 98
84 -77 -49 -39 -15 21 -59 75 -85 59 54 62 -76 45 93 25 -67 -15 66 -90 73 -37 -52 -77 25 89 -52 70 96 -50 61 -53 -42 49 -81 -13 -6 17 -86 98 33 55 -40 53 -85 -48 43 -49 60 13 -34 87 -32 57 -24 -81 -64 -57 -54 43 1 38
58 35 -45 42 -40 63 -81 39 -90 31 -6 12 92 -84 -1 -22 -23 22 72 40 -42 19 -4 37 -92 89 84 -16 -26 24 -64 -73 89 -33 -1 -53 95 89 3 84 -93 84 -53 -10 -89 38 42 -8 50 35 4 -27 -83 -16 57 8 84 78 34 65 34 -21
-55 78 -11 66 -67 -16 -48 13 -46 -36 -49 -51 95 33 61 31 -55 77 90 66 -91 39 -88 48 83 -24 13 -47 94 -60 -37 -81 -16 -34 90 42 -38 -11 -33 64 32 97 -67 -33 59 65 -6 83 16 45 -19 95 87 27 -69 -71 -66 -63 25 95 27 -18
20 96 -32 92 -12 -55 25 -35 -65 28 -95 2 -38 -42 82 66 -94 38 -20 -43 -48 77 -75 46 66 54 22 -10 -41 12 38 -70 -13 90 -97 59 -72 -5 -26 -42 45 31 -31 48 -40 -90 -63 -80 -72 -92 -57 97 -66 -55 51 -70 17 -44 79 -13 32 -29
-62 -58 -62 -62 -48 32 73 -59 -57 43 93 52 -4 81 85 -14 -52 -57 81 10 -25 -53 -69 71 38 -92 3 37 -43 37 10 73 -36 -35 46 90 -41 -66 -69 51 85 -9 -85 -1 -98 97 -59 39 22 90 17 82 -82 42 27 10 98 88 -10 -73 -52 95
-41 -78 23 -38 74 -16 80 57 67 -63 -49 8 -5 -84 -21 26 90 -15 -21 -25 -53 18 -30 63 35 -9 2 74 27 28 -96 -35 -90 57 16 -93 -20 23 -1 30 28 50 7 72 -40 -49 8 83 42 99 40 -16 45 -3 -99 -8 78 49 98 21 1 -62
30 -12 24 -28 18 50 -66 27 32 -80 90 -21 -23 68 79 53 -73 -27 -40 10 -15 51 -15 -25 -59 -16 48 61 -73 -25 -53 4 8 -56 43 84 -22 29 69 96 -89 -36 90 47 -22 -80 60 -64 85 -82 -47 -87 49 -38 4 60 -52 100 -90 47 -99 27
28 23 -85 -77 50 -88 -93 -90 -3 42 40 -11 -42 19 -75 64 3 70 -34 18 95 6 77 -6 10 -79 -56 15 -21 51 -65 76 -23 53 11 -20 33 -6 -46 -62 -30 -18 -64 -17 44 67 -97 -40 -9 82 -89 -36 -24 -94 64 23 -42 -48 -4 -18 51 -60
-70 0 -10 -13 -27 -92 85 -90 75 -3 -41 95 -31 -9 96 83 68 -84 -2 -8 98 -88 80 -28 63 -51 14 -49 51 -20 -13 -97 17 -23 47 94 51 -23 -95 50 -23 83 42 96 88 88 -68 62 87 88 -70 -92 4 66 -79 94 -35 72 -4 -15 -77 -43
-83 -9 -47 -76 -57 33 58 -90 -79 88 -96 -56 21 -65 -63 -74 62 73 36 32 -65 59 18 32 -47 29 63 60 53 18 -73 -42 -1 -87 -35 85 -77 -16 -97 -80 -79 92 -43 -65 4 -16 -96 30 49 -49 -72 7 -61 -81 -98 51 59 76 -80 -20 20 38
19 -94 -59 1 66 80 -17 71 -52 -30 -74 12 -92 86 -3 -27 18 -12 -62 -67 -17 67 -88 94 93 49 -93 88 -19 22 -89 34 -14 -90 65 -6 3 -47 95 10 -49 65 -21 18 80 23 90 -85 -15 59 92 -89 -52 38 4 91 -44 29 46 61 -47 21
80 40 2 -67 17 41 -19 -52 23 -90 82 64 5 98 46 -32 80 -89 50 31 75 -80 3 61 -47 82 21 84 31 15 -7 92 76 -98 -2 -69 48 26 35 13 74 69 99 51 -2 -95 73 -5 35 -92 18 -20 -53 69 10 13 -69 31 -66 73 -86 25
97 8 31 -65 -22 -51 -77 1 90 -9 -3 -91 -76 -97 100 -21 -11 -3 23 -66 99 -17 16 34 10 -72 -48 -2 -71 -56 28 16 36 -27 12 -57 -38 6 -4 -7 -90 -8 4 -63 75 7 10 12 -80 75 -49 41 51 36 87 -14 58 59 -86 -44 28 -10
-56 -89 38 8 -63 82 34 11 25 38 -30 -6 91 37 18 24 -83 71 -45 71 -63 17 52 38 11 18 -5 2 6 27 2 -57 98 -37 -76 -13 72 92 -58 -65 22 -34 98 35 85 -35 -81 -3 -25 -7 -83 -50 -17 -46 -20 -55 -71 -26 76 32 8 -87
-2 -67 6 72 -62 -93 70 2 -94 70 77 -37 -76 -83 -49 46 45 -94 -34 -26 48 100 38 -55 53 82 11 -23 -25 19 44 -87 -90 78 65 33 27 83 86 70 -78 21 -60 -95 73 -75 -43 -62 47 44 -26 -39 56 44 -87 -64 -3 100 -9 88 96 14
77 87 93 -2 -98 35 -37 33 -26 -98 -86 -48 -90 54 23 47 -53 -97 -69 -58 57 -25 -30 68 -27 -3 63 -21 -87 87 68 -12 -32 39 -34 -24 41 -14 40 56 8 -59 -50 -39 -73 -28 -38 95 -3 -16 -12 53 21 -29 1 -49 -1 51 -34 76 -5 89
30 -77 25 -98 71 48 -34 -23 -29 67 -7 39 99 -34 44 -89 5 -7 -42 97 -58 76 13 2 -62 80 -95 -18 -64 58 -21 91 -77 -19 12 70 75 -69 -14 -67 -5 -48 -27 56 91 59 80 61 61 -79 83 -34 -52 72 77 -24 -39 61 -1 51 -64 66
