36
1 7 39 36 37 -42 44 -48 58 -31 -15 -32 -19 -69 67 -89 -33 -99 11 -48 43 12 99 -62 -31 17 96 -9 -92 -7 -81 58 -58 77 46 -81
6 12 88 -68 99 -84 -21 -35 -56 23 50 -50 -20 2 50 17 13 89 -84 79 -72 -34 -74 27 -33 41 -82 66 95 25 92 31 -27 -79 98 -5
21 77 -21 25 87 75 45 -56 -2 -89 -92 9 62 71 -84 -88 -6 -35 99 48 39 -21 -39 79 16 48 62 -39 -10 -47 -2 -24 100 43 43 -32
29 28 -65 -71 -94 1 83 -90 76 -86 -79 34 -54 90 -29 -38 -32 -5 71 -67 -68 -26 48 8 78 72 73 79 11 -88 40 54 -2 -28 -60 -91
-92 99 -91 -30 -38 38 -81 -16 -27 -8 10 29 78 5 57 41 80 -82 -19 -6 39 74 -18 84 47 64 54 -18 46 -31 73 -39 47 -54 -36 -79
-92 15 -55 -74 63 -4 -28 28 13 4 -58 94 -40 -3 -13 -95 63 3 10 28 -12 72 56 -18 89 29 89 -64 80 -6 -67 25 38 -23 19 -64
-69 73 -67 84 -31 -66 47 -16 -65 -90 61 10 33 -89 -40 2 -11 67 -28 -80 76 -67 49 46 74 14 92 -60 77 40 -22 27 -90 68 -8 -79
79 6 26 83 90 46 62 -47 65 -78 60 -14 23 -2 61 -87 -15 22 -4 -73 27 -38 -19 -96 -69 72 49 -94 60 88 -69 23 2 56 -46 -36
-44 -8 76 -87 -85 80 83 -23 93 -3 -26 92 -2 58 -57 -16 -51 -5 -4 -65 70 -35 84 -63 -71 50 -7 73 -98 -56 60 85 -30 -23 97 8
-85 13 -72 2 -3 35 53 79 46 23 45 92 -36 -59 85 -19 -87 92 -24 -76 48 -43 -35 61 71 82 91 -59 -40 -76 -70 -56 -90 13 -48 -87
64 -19 68 68 93 39 10 -48 -19 -21 -44 -48 40 -65 41 16 -59 -50 44 -99 25 -77 100 93 26 -34 -29 -18 94 -60 -18 -86 53 -90 32 8
-56 16 -85 54 -12 74 28 -14 -97 -93 73 64 86 -88 -14 86 16 -43 -94 -77 75 -62 88 -19 -7 -97 -42 58 -2 58 93 55 -79 77 -61 -36
45 5 59 64 34 52 87 1 45 96 3 -61 9 29 49 2 -32 85 -59 59 -62 -8 -75 -28 -64 -73 39 4 30 1 -33 -99 27 -79 11 -98
86 -73 -92 -3 38 50 43 98 -34 -25 62 38 20 -77 -34 -6 -11 12 38 -76 30 86 -94 -27 49 18 -46 -10 98 -79 49 80 -91 -34 54 10
39 17 6 21 61 -97 28 92 4 95 15 39 -42 -48 30 47 -82 -26 66 -68 -8 43 16 -39 -56 74 -94 25 61 -18 88 75 66 25 8 -55
-7 17 -40 7 -36 13 -60 -82 18 -98 -64 64 57 96 59 6 6 24 -66 -76 -73 -89 -96 -42 41 -44 -17 85 -53 -25 69 -14 -26 26 -83 91
-73 -6 -24 83 -77 75 81 -29 -50 -21 -31 22 87 36 -41 -13 -92 93 40 3 21 90 -74 -38 64 -57 9 -69 81 44 -57 76 -69 50 57 -23
-41 -92 -69 12 15 65 -97 -86 -64 -67 -40 40 90 79 62 -92 -90 -35 26 -23 43 -68 7 34 20 76 -53 39 97 40 41 37 57 27 -11 80
-23 -50 -53 -12 -21 -58 68 -47 -26 42 -27 77 38 -30 14 -13 -32 -37 77 -63 -91 -97 -12 71 -32 -95 69 -5 -19 -58 -24 -14 -25 47 -41 -7
-74 11 -1 81 92 1 -77 25 -13 -37 -2 -3 69 -9 5 5 -82 39 23 32 98 16 -78 95 -57 -57 50 -26 62 -41 96 -99 -4 24 -66 21
-65 49 19 29 55 -74 7 92 19 69 4 -7 -59 50 47 15 -61 18 74 -12 27 -52 55 97 98 35 -77 75 -15 89 76 87 -4 38 96 -91
-48 86 -4 51 41 -64 70 -37 61 -62 96 95 57 -70 42 -48 -50 -65 50 85 71 -49 -86 33 -7 58 6 -51 -81 -29 -16 5 -87 86 26 79
89 -43 -81 37 91 -68 55 92 70 77 70 -11 -78 78 -9 80 56 54 74 -87 -8 -25 -65 -85 27 100 85 32 87 84 76 3 -40 71 -29 52
-7 -83 -97 -86 -25 14 25 40 -91 76 35 62 -31 52 -97 56 27 44 -61 -61 -35 -74 21 -13 -92 18 14 27 74 -29 14 -44 -68 -16 45 -98
-97 98 -79 84 34 -76 -71 -63 -96 46 -91 89 -84 -67 87 83 -87 -51 58 -22 -10 -10 53 19 -22 12 -36 48 -23 0 60 -21 59 92 49 -41
69 -12 -10 -81 95 64 71 -38 -39 -58 -34 30 -94 -12 -15 49 -17 91 68 -57 -11 -33 1 62 -13 35 -64 -59 78 81 92 -45 98 15 69 84
82 -51 -85 -3 -83 -85 93 -23 -3 88 -2 -60 29 -59 48 -20 -66 -41 64 -56 -58 51 86 -7 38 -99 48 -67 -58 49 98 42 -33 90 67 87
100 -40 23 6 -90 -60 -75 94 -69 -49 -84 -11 -54 81 63 -29 62 22 -22 33 69 -5 31 33 11 30 74 -89 72 -54 37 -84 2 9 -63 -93
-24 69 -94 -20 -67 15 -35 -97 53 65 40 27 64 -1 -82 -12 23 -17 38 74 79 -47 80 -98 -15 42 -69 56 68 -93 -59 67 40 94 8 82
-96 32 -75 84 -77 10 25 -53 14 42 96 91 66 86 34 -27 29 -88 -16 -77 -96 77 -29 -90 12 56 90 51 74 -20 29 100 30 30 -93 50
-1 80 -84 -64 -42 -70 12 60 88 92 -91 -50 9 94 87 99 79 16 23 27 88 -35 -95 22 -79 66 -21 -43 29 -3 -96 -43 -50 -96 -50 -42
10 -27 -19 66 -91 20 4 -63 -17 63 -7 -31 50 -42 60 91 27 -90 96 -16 50 69 40 83 -1 -87 35 -1 51 -2 83 25 16 38 79 9
-90 -46 -38 -62 76 -1 64 9 -41 -36 -2 -86 -39 -32 11 77 -23 -24 22 40 -94 -90 -59 86 75 -19 23 93 67 1 -49 85 -57 11 37 -12
10 -22 83 -57 -40 -26 9 83 -98 -59 29 34 -87 -96 26 -15 97 16 -84 77 34 -78 86 77 88 90 -40 99 -76 99 32 13 -49 -60 -37 -24
-47 31 0 -36 -17 43 2 98 71 -47 33 25 -95 75 -29 -32 -85 -64 -37 -9 41 29 -42 78 8 13 -89 -57 -66 17 -66 55 -81 11 -47 63
38 -28 -65 49 -2 -74 -91 -2 -20 11 39 84 68 92 4 -99 92 -50 94 -70 -8 94 5 14 3 45 32 -96 86 71 -25 -7 49 -90 7 35
