68
-53 67 58 64 68 91 36 -58 81 52 -5 35 65 92 -4 -56 49 -64 96 26 -28 -13 -96 -30 87 -43 -99 -14 91 -25 77 98 29 -2 -22 -9 -14 -4 -68 24 -36 -90 31 52 18 10 -89 27 51 50 79 79 74 -42 74 30 -98 -71 -55 95 9 42 10 -57 64 -68 9 -73
-95 68 -7 -28 40 -40 43 -86 69 95 47 -10 -17 80 57 -42 100 -30 66 -65 8 5 -73 -44 82 -60 7 77 -57 40 69 35 -90 -70 -75 -50 26 36 -20 -86 86 -20 -39 92 -62 -74 -81 52 68 77 -4 25 42 -90 -52 75 -28 -70 -50 -71 -41 -90 -32 -73 51 8 23 -84
-51 -57 46 -2 -95 -49 47 -86 88 -56 32 -4 15 -69 -99 -33 -88 64 -4 -63 1 -81 -83 -82 -13 57 -33 72 53 82 72 48 46 -3 77 -13 -54 -29 15 -4 -84 34 -65 34 -63 -1 -80 38 -3 16 -46 19 -81 -17 -33 -46 -9 -26 -58 -16 56 92 37 -57 81 10 68 38
13 29 93 -51 26 -96 -49 -78 15 5 65 1 14 -33 -29 36 33 87 1 14 25 2 65 13 33 67 99 28 -39 82 -56 -14 -74 -64 43 -85 -41 -50 -35 32 -53 -70 53 13 -82 -20 -28 55 -38 83 -35 41 90 87 83 10 50 35 62 12 -22 89 -83 91 2 33 71 87
95 64 -83 -56 -70 17 -66 -26 -86 90 30 19 -8 -98 33 -3 1 -70 34 11 57 -50 -64 -94 -47 -37 -1 61 19 43 28 24 -67 49 26 47 -23 -18 -61 64 61 -91 64 -15 22 -4 81 95 -9 95 56 -60 48 -62 -33 -36 -54 59 50 76 -26 -70 -41 -8 93 23 2 16
-22 -90 -99 -42 76 -96 13 22 64 65 -25 42 59 82 -39 -95 -68 -13 54 44 -88 55 -31 -3 -16 -77 -85 -68 36 -84 47 63 75 -28 66 -12 -22 97 80 63 -94 -22 -71 -85 71 47 35 -33 -86 68 -39 62 -96 1 -7 -38 -45 25 -28 -81 86 13 86 -48 -50 93 69 -56
4 -6 46 30 -32 35 -38 30 -41 34 88 -96 -44 33 21 8 37 95 -34 -71 -28 41 62 -10 -58 -2 -38 -1 49 44 58 -4 94 33 -85 65 53 -81 -33 -42 56 -82 -35 42 0 87 -35 -76 -84 -45 28 -91 0 -42 21 -91 -63 -20 17 24 -82 -18 69 13 99 -24 82 -45
23 -14 -14 -72 -66 97 -66 0 -63 65 21 86 24 -22 22 74 -7 20 -82 -41 82 -71 37 -8 -53 5 11 -18 71 -52 8 -96 41 -88 9 -16 100 -51 -33 30 -62 60 25 35 -82 -8 -79 76 -67 16 -52 25 -90 41 83 -87 67 72 95 -12 63 89 -6 -19 55 -81 -88 -79
54 40 -93 24 1 99 38 -9 -55 25 33 0 -42 -26 -52 87 -48 66 87 -79 -79 72 70 99 71 -61 -46 44 -3 -64 -31 -24 -55 -52 24 -14 40 10 -97 -2 -42 1 98 -8 -62 -56 0 68 21 7 37 19 67 -84 26 78 26 94 -76 83 64 65 -78 65 -23 -74 0 -55
5 46 88 27 -96 -20 -64 -54 27 -92 78 45 73 -60 -80 3 28 77 73 -54 85 93 46 4 -70 -11 54 -17 33 2 -81 96 27 99 -26 -21 60 29 94 -71 -81 30 -54 -98 -82 -44 -99 45 31 -95 46 11 75 -18 -78 85 -32 -87 26 -97 -10 4 -69 35 62 -37 83 -23
45 98 -31 -23 81 97 -98 98 -77 -35 32 -42 74 -61 -90 -44 24 44 77 9 -74 48 72 53 51 64 -2 -34 1 52 94 75 -64 -99 -3 -42 -76 49 24 38 -94 -23 -83 -72 72 32 51 -54 10 10 -29 -35 96 38 14 -60 -27 66 53 53 26 -38 0 50 89 84 -34 4
86 35 3 -98 71 -43 -72 -31 37 -53 -4 81 -22 61 -81 51 50 -64 -89 41 -97 22 -76 92 92 72 63 -3 -21 -71 88 96 -78 26 -69 77 47 29 20 -4 -35 97 18 -12 47 26 79 -23 -95 9 0 -16 -26 71 -9 87 -53 58 -50 86 -46 97 54 -20 51 -54 -67 96
-10 78 94 -75 -4 -91 2 -8 -77 83 -75 -79 63 -58 -36 -12 -59 -29 66 83 -29 -60 -31 98 -4 57 93 -18 47 96 -52 -21 -81 50 18 -16 46 -61 -39 25 -6 21 -2 33 41 82 47 -62 -7 -28 8 59 24 -4 84 -68 -22 11 -87 49 9 -73 -44 -63 7 29 -12 10
62 56 -93 34 -95 -12 46 52 4 26 37 46 -99 64 -66 -13 -98 -5 36 -63 -30 100 5 1 -83 -60 2 -73 -63 -59 -57 5 98 -25 -78 -40 -13 100 -64 62 -6 97 -61 -77 -66 65 64 39 -7 15 -60 -27 64 -1 -41 50 95 58 9 8 41 13 -64 -33 46 -83 92 -89
37 97 57 -84 -24 -93 -52 22 71 -60 -7 -45 -3 67 33 -60 -65 58 17 -15 91 -18 -35 17 37 -39 -53 43 -84 -43 84 26 -61 -50 -2 0 27 -67 -20 50 69 -51 79 28 54 60 -91 81 -36 -80 24 8 -83 -21 66 86 94 52 4 -43 57 51 -74 -34 -56 73 56 48
-35 50 -89 92 -4 24 -76 -60 -16 -75 -50 72 50 -12 -40 13 -39 -59 -3 -37 19 -77 39 -95 25 20 -97 -49 40 77 30 31 4 86 34 -40 55 89 -3 -47 -25 19 -73 -81 14 -28 100 -45 -53 33 73 -37 45 83 -33 11 96 -61 41 80 80 37 2 17 -62 62 -40 -38
19 -92 94 -74 87 96 -19 88 43 34 65 38 39 -46 66 91 59 22 97 31 -78 85 3 38 -4 6 82 10 -51 6 6 -75 75 -44 -22 -33 -91 11 51 16 94 -92 20 90 -79 -44 92 -2 23 49 1 -46 -61 53 30 -60 -33 13 96 70 87 -72 54 -42 67 -65 -82 16
-21 -18 29 -22 27 -76 -26 -36 77 4 -84 74 -19 -96 83 31 64 -25 -40 63 -50 -52 16 65 -10 35 -42 -40 -8 -33 -49 -83 6 -59 -73 99 76 -89 62 -58 55 54 5 -88 -22 15 -14 -70 91 -40 -92 59 -76 -96 96 -64 -83 72 33 16 -90 -86 46 -77 -86 -52 62 31
-40 89 79 -66 75 -27 -37 15 -63 -86 -69 63 -71 -21 38 20 85 -83 58 54 -41 -27 68 98 0 -6 -94 76 68 72 53 97 65 46 100 -57 22 21 -13 65 23 85 -85 66 -1 -27 -78 61 79 -89 11 -57 98 -50 89 42 27 12 -11 -10 86 21 88 22 83 -30 58 -51
74 -14 -64 -5 -96 3 -13 -65 47 17 -99 3 -61 -23 -65 -57 49 53 -50 83 58 -12 -59 -12 85 53 -93 34 75 -56 -3 12 84 -79 -66 72 -9 90 -30 51 38 -60 2 -63 32 -7 -38 90 -64 -87 7 -23 90 6 -52 58 62 54 43 88 -35 -90 -64 -24 88 -10 97 29
-55 36 74 -63 -31 -88 -90 -76 24 -14 31 28 35 -77 -34 18 -25 6 30 -35 3 -92 43 -35 -12 -66 16 -91 -93 -45 62 -42 -55 -57 -32 -59 -6 44 -61 48 -17 55 84 98 -99 17 -47 88 4 96 -7 7 -78 2 39 44 53 54 50 88 31 87 64 -2 -21 -67 0 -61
31 33 15 -32 50 53 19 -49 -84 -57 -37 -24 -99 -40 79 -90 -51 -52 -52 3 -37 -32 -97 -44 -39 -93 59 50 5 -13 -90 55 -78 -58 54 58 28 41 -88 -50 -29 -97 -55 53 -41 -70 93 -4 -22 47 -75 -60 99 -47 86 -99 70 -35 4 -26 64 -3 6 -43 -55 52 -62 87
-54 -75 33 85 62 40 -11 -20 -51 -31 -65 47 19 86 -98 19 16 -2 -30 -57 -40 81 6 6 -13 31 83 -38 6 -23 65 70 -40 30 72 23 33 -61 -35 25 60 -53 -95 -62 22 -90 11 -59 -57 -15 -34 -66 -35 26 -35 77 -9 85 42 -64 39 -8 30 -23 -47 -32 74 -63
72 46 85 95 16 -62 -42 66 30 66 65 94 3 -49 -65 -18 87 84 -91 -17 -85 -69 55 45 47 46 21 -35 33 71 -21 5 55 21 -97 51 -60 -77 76 57 78 -41 -93 18 -55 44 1 -20 -84 36 -29 26 -48 61 93 -20 33 78 -77 5 46 15 -33 49 50 19 9 -79
69 -61 -43 -84 -28 -97 -83 100 76 -29 47 3 7 29 90 -64 -27 31 -54 -39 91 93 51 -18 97 100 -94 -64 61 -12 94 100 -26 44 13 88 83 25 12 97 -39 -70 71 78 19 67 14 21 -4 -68 -64 -40 -72 54 -23 4 -72 -71 23 -26 -12 -11 3 57 91 43 -62 88
-1 -50 -85 76 91 -28 -37 -37 -74 43 52 15 -63 34 -4 94 92 -19 65 74 -65 -60 -93 -81 76 -87 34 -36 -38 -84 62 -80 -53 4 -58 -69 47 68 48 -74 34 88 -81 23 25 91 -14 77 82 -97 48 -27 -23 -17 90 15 -25 84 -47 -64 52 98 -33 -68 53 -97 57 -73
41 -96 65 73 69 55 -13 92 24 -76 13 -77 -24 -65 -71 57 -85 8 15 74 34 75 -93 58 64 75 7 56 24 42 89 -33 100 -30 -12 -39 -78 75 20 8 -63 -31 -85 -61 73 49 -39 57 48 -7 -64 13 -63 33 69 -98 71 34 90 65 -24 -63 17 -67 84 23 35 91
-83 64 -33 32 24 46 62 9 -87 26 50 -94 13 31 39 83 -15 -21 10 95 -24 -78 -2 90 89 -95 -35 -2 47 -29 91 -94 -63 27 47 16 -70 -97 -53 -7 76 -58 50 16 -43 -34 -87 15 84 68 22 -78 -35 -47 21 -98 7 -51 -70 21 -42 2 0 66 12 16 -16 -13
-61 -88 93 -56 -82 -8 68 -82 37 26 -70 63 87 17 5 -30 18 41 60 -61 -66 -7 98 7 -97 -64 22 -73 -15 49 30 -18 -66 13 90 48 75 -4 -35 -79 -47 -33 29 -57 -17 -92 -44 37 -12 -81 39 100 -78 -38 -44 0 78 1 -88 -3 20 -12 54 -3 -8 2 52 95
-57 46 -81 28 -76 49 -41 81 -10 92 30 -52 -2 -17 -71 -50 79 -5 -55 -60 46 -47 -21 -55 49 -51 59 75 28 50 -48 56 14 -13 80 -83 26 92 28 74 -47 27 47 -98 -3 -27 96 19 65 41 95 -98 -76 -29 -13 -75 -44 39 97 -83 -25 -5 -14 39 52 23 100 -34
80 -5 -40 -81 -59 13 19 29 21 93 -18 -55 76 -33 16 67 -5 -83 52 31 -39 38 5 86 4 -57 53 72 -83 -27 -75 -21 18 52 47 -5 -60 22 -17 -34 -15 -53 -56 -78 -52 82 -37 46 24 98 50 50 -76 -17 -46 -69 48 4 -73 -9 93 9 -47 81 67 -79 -20 98
60 3 -10 -91 -27 -29 -94 -36 -35 -43 57 -4 -50 -43 24 34 57 -91 68 96 -90 -76 -30 -80 33 -81 -29 4 -17 31 -91 -88 80 -96 -43 21 47 -55 -81 -70 68 -60 -64 9 10 19 99 -5 -84 93 40 57 11 20 -77 -48 91 68 -32 24 -85 -77 92 17 -45 -41 86 -29
72 -72 -3 40 -13 -76 3 8 -88 -8 79 -47 81 58 72 -55 -14 0 -35 -86 16 -12 -14 -48 -61 -9 -43 10 -21 38 -81 74 -2 94 -10 -13 -33 -48 -90 54 75 -48 -65 -87 84 16 98 93 -80 -20 -2 -94 4 50 -17 9 -78 32 78 -35 -70 81 91 23 -43 -27 -89 -99
68 28 -10 79 -17 -73 1 -11 10 -60 74 -32 33 52 8 100 -52 -62 -53 -10 53 -6 -63 56 -66 -37 95 -34 80 3 19 -60 47 37 14 86 97 41 95 67 -91 1 26 -65 40 -68 56 60 82 -71 -40 -44 -97 -79 67 -18 26 -32 -99 -38 -28 90 32 75 -78 79 -30 0
20 -14 54 -50 -22 -84 48 -2 -79 79 -62 -98 59 -6 68 79 -43 -96 -64 35 18 -51 -93 -39 -68 23 -16 86 -62 -60 -57 -47 -58 -2 -54 10 93 32 -9 64 81 75 18 7 52 49 10 -5 -86 77 -60 83 49 69 61 36 37 -2 -96 25 -60 -13 63 -68 16 -7 38 -36
27 -23 -36 67 92 82 99 2 -41 -77 -10 -61 -29 -29 2 -45 69 -3 77 50 -22 43 12 72 90 69 -8 70 -8 -74 -96 94 -42 76 -54 -24 -67 -38 98 35 2 -69 5 -84 -76 -83 88 -91 -7 96 49 -67 -56 10 -33 24 -78 56 -58 43 58 11 -30 -34 -85 28 45 86
81 77 -21 46 79 -82 82 -47 -64 1 8 -65 25 82 68 18 -21 70 -18 -37 -26 -1 -21 54 81 98 -39 -73 15 6 -87 -9 75 48 18 79 92 -1 65 -49 3 -95 46 -28 33 -40 -93 20 -34 61 14 -89 4 55 45 84 98 16 97 44 36 29 -22 79 0 95 82 50
-5 -37 55 -38 10 -70 -64 72 -83 -91 -40 56 45 2 -64 23 38 43 -9 -80 8 41 -35 -4 88 69 21 -28 75 78 -39 -52 -86 100 -1 61 40 -64 88 23 -15 54 -55 -94 -83 -48 59 -49 2 24 14 8 88 57 -46 40 53 99 93 -72 -15 -15 81 -57 -13 -23 -59 -3
34 -89 -69 53 33 -10 -78 -83 58 -12 42 59 43 -15 -68 85 -27 -52 -76 -83 49 -70 -17 0 93 12 -2 -55 -28 -28 -27 38 -4 67 -35 78 17 18 -59 -42 87 -61 -32 55 -84 83 -89 70 -76 94 15 -80 -10 -9 -11 39 -44 83 -90 37 -72 17 -68 -52 1 -88 2 55
-11 -28 -96 57 0 15 42 72 83 64 -93 -3 40 35 -33 19 -22 -35 77 -30 -15 -22 -12 -73 19 76 13 -94 -10 98 85 -29 -71 -61 -26 -63 -61 61 44 -79 -93 55 -70 -33 -50 95 -41 -92 95 72 -53 -43 -15 36 -93 43 80 -54 28 -92 38 84 -4 70 -79 0 -4 -53
25 1 -55 29 64 33 26 16 90 -27 68 -82 -77 29 -23 91 0 31 64 6 -83 94 -35 8 38 -44 33 -12 1 -55 92 35 56 7 -9 26 -35 -44 6 -85 -73 -5 50 -67 -39 71 -59 -39 -16 53 -82 -22 -91 -3 -91 40 -39 28 -15 89 29 58 -12 -44 44 -45 88 92
-72 36 26 5 49 -21 85 -10 -28 -69 50 -94 96 -69 -93 21 100 90 -41 -64 52 -86 63 50 42 -58 -17 -61 16 56 -79 -51 -36 -52 -13 73 -83 67 40 75 -6 76 -92 4 -6 -99 -71 98 -2 82 55 78 -70 40 -95 1 -14 -47 50 83 -31 -60 -43 50 -83 72 -52 -4
-73 -83 9 2 -50 -25 48 73 -85 71 69 69 -2 -32 50 -68 72 3 -95 -20 -38 -40 -88 2 -29 -62 -62 80 -33 85 -31 26 82 -42 -86 94 36 -89 -63 -75 -98 77 -69 26 34 72 91 -26 73 -49 76 54 -33 -2 -27 66 88 21 -78 -54 30 -50 -65 -90 74 66 23 27
-32 -96 3 93 79 -69 -89 -50 -67 79 54 1 -22 40 -83 99 -5 -73 61 71 87 -22 34 -84 86 55 49 46 -68 85 -90 5 45 -81 27 77 -45 -67 76 75 -37 40 -17 81 -26 -46 66 71 -21 -40 -75 -18 -78 46 94 -78 43 93 -21 91 -68 43 -14 88 81 15 28 -15
-18 39 -48 -17 72 88 19 -14 -14 -23 -19 30 -52 -99 48 -69 -99 -53 -62 -40 25 3 33 -92 5 -9 -90 80 -65 52 90 4 99 -76 37 29 -64 -46 -91 63 -86 65 -77 37 16 16 -86 42 -19 54 73 -37 -44 -2 -8 43 -28 -1 7 98 75 43 89 -61 71 90 -9 17
88 58 -15 -99 -39 -43 80 14 -99 -49 -57 -82 -58 -21 80 -27 64 -7 -37 -91 36 -26 16 -55 -55 80 30 98 21 59 -36 -89 -54 -51 -20 64 -13 -85 -72 -97 13 -18 68 60 43 6 -69 -68 -15 -71 -58 -43 26 71 -49 -8 -3 37 44 -4 2 -67 -26 -85 91 6 -79 83
-27 77 -90 35 78 -32 4 -17 8 -62 78 11 75 -95 -51 64 65 -88 -26 -98 -5 8 -65 -50 -39 18 34 -71 -57 -94 36 -21 -29 -47 -97 -66 -22 89 28 69 -14 -43 -60 78 82 93 -67 -38 -10 -53 -94 -20 15 -83 -77 43 -97 23 -12 -90 -30 -52 -31 -93 -72 -71 31 -92
-73 78 -74 -73 -91 26 -77 97 83 -30 25 -90 37 -35 31 -33 37 63 -27 32 -16 32 -16 -27 -48 32 -59 -87 65 -94 -22 42 -33 42 96 76 44 60 29 56 -96 -85 -74 -23 -63 -62 1 100 74 90 -56 -31 55 81 9 50 46 19 11 54 -87 -72 -36 -53 -96 26 -99 94
-76 -47 -57 -16 94 52 -50 -81 -82 -10 -29 5 32 35 56 -23 -96 -74 -27 33 22 72 -97 73 -67 55 -72 -38 45 -79 -94 90 -88 11 84 51 -46 90 -9 -53 -63 29 -5 56 76 -83 34 -74 -24 11 -26 -26 -19 76 -26 4 96 -61 -85 13 90 59 89 83 -27 39 58 -97
-42 1 44 -30 -10 -53 3 -56 -78 -67 65 25 -5 -29 49 -83 -8 18 -53 100 15 16 -79 7 34 5 0 62 70 -15 -21 -25 23 67 50 -48 64 76 -25 -47 22 -90 49 -39 28 92 41 -53 73 23 -70 -20 -51 25 38 52 99 34 51 -41 -64 53 12 47 -54 7 12 0
-69 51 21 -17 -11 -44 38 -8 39 -96 -12 59 38 -58 -41 33 -97 100 -27 17 96 -41 76 -14 -74 7 -39 -28 -79 -98 -90 31 68 -82 -25 -9 -39 -76 -67 59 33 29 44 1 73 -77 -73 -81 -32 91 -5 -64 61 39 1 98 -43 91 77 0 98 -18 100 1 79 7 74 -61
-49 73 73 -19 -50 -91 78 -7 -40 -77 -67 -86 21 68 -28 -9 70 86 -75 -37 -87 -99 -10 -71 79 99 -30 -31 -81 -84 42 -71 100 80 -82 91 -55 -99 85 -1 -43 33 -91 85 -30 -23 84 65 -81 -87 -91 67 -3 33 38 89 -66 -57 61 -20 -47 71 -5 28 90 -28 -63 81
-41 49 39 -1 -98 -31 -12 93 33 -41 15 -78 -44 75 19 20 -3 98 -86 -34 -95 33 0 -19 56 -19 -24 -80 39 33 37 -6 43 53 -98 -50 85 72 -20 -91 97 58 -16 30 -32 -7 -67 -5 -2 -50 77 -53 54 -38 16 98 33 26 -57 -23 -19 60 94 99 10 85 -17 -50
8 -87 -5 -62 36 78 -52 -15 49 -18 71 11 -44 7 29 69 -24 -16 -48 -59 95 -14 -14 -12 2 64 -32 -16 87 61 94 45 -70 -31 37 48 -73 -89 -49 -56 -53 14 -53 -71 18 -54 -60 30 50 23 4 98 -97 -39 -43 -5 40 -62 40 36 63 -15 -97 78 22 99 20 -22
-99 41 -19 53 -8 -82 -17 9 12 43 -33 3 -6 -71 -32 -18 68 75 38 76 45 77 17 -92 -27 100 5 -51 -86 84 -26 85 -38 -88 89 86 93 33 -66 -18 71 -26 90 -87 67 53 16 -83 11 -77 -65 98 76 -66 -41 52 -74 -52 -35 -98 -71 -25 -81 85 43 -56 57 22
70 -12 -43 -83 -65 31 -48 -77 80 44 -23 -5 -56 -1 46 25 -32 63 -17 95 -26 91 -13 -82 70 -88 25 61 12 -92 -25 -55 -49 -54 -90 -87 -65 18 47 29 -65 -92 -74 99 38 73 -52 -91 71 87 -68 98 -72 -89 -37 -89 -41 36 2 34 32 82 79 83 60 56 95 56
4 51 -95 59 43 -31 68 18 -55 47 96 -70 -60 -17 -78 25 64 -22 49 -41 -49 78 5 -96 -44 -12 47 49 73 -63 -21 -4 -31 -82 -29 -63 72 14 45 -85 78 -93 -99 13 -46 70 61 23 -29 -63 96 -23 18 -6 -26 -22 91 -9 -23 -11 -5 65 95 -7 75 -25 64 52
-62 -1 -89 -5 49 -94 -42 -7 39 -3 82 -47 -11 -32 93 65 12 77 -30 -59 -54 47 -37 -19 -68 -67 86 -19 -59 33 78 -9 -75 41 70 -34 85 -55 24 -79 54 42 60 27 41 99 44 59 -79 -93 -44 -35 29 96 -9 44 25 -24 28 -54 -20 -71 71 -83 29 -81 -84 56
-74 74 -17 59 -45 16 95 56 12 -26 -47 20 93 87 -16 -3 -50 -34 -39 78 -89 14 45 -20 76 -44 40 28 -50 13 -73 -76 25 66 -98 10 2 -52 7 -11 17 45 63 86 -20 -35 -54 90 68 -27 63 87 16 60 -50 96 -89 -92 29 -97 60 56 -78 -18 -38 36 43 -5
-2 17 81 -19 4 -20 -61 95 -14 -63 63 -24 -63 -39 43 -21 -71 -3 18 -86 -44 30 -14 -29 43 -93 -15 4 -92 86 -48 -88 -3 44 48 46 -29 94 1 90 -29 -56 -62 -46 97 70 -94 79 -9 -34 13 14 -51 70 50 -70 47 -93 17 -72 76 59 -94 -1 90 72 24 -79
-65 57 -91 75 -13 -10 55 -51 -71 -73 -48 46 -84 26 -29 63 94 48 -78 34 -20 -53 -19 39 53 62 -43 -30 -95 -79 86 -3 -49 47 -45 14 -90 -82 91 -28 -19 -46 -31 -61 94 -18 -55 50 68 16 86 -27 -74 64 81 -44 68 93 -4 -97 -66 -20 53 -12 -36 -42 38 39
32 92 17 -99 72 -79 -8 -12 63 -75 18 98 11 98 -46 -7 -79 13 2 68 -52 -14 -11 -39 -11 -36 9 -37 -99 96 -37 -22 77 -60 69 -39 -74 -46 -30 -36 13 83 51 84 94 -86 -38 -23 -31 -98 -38 -77 -38 -69 -6 -92 -22 21 -73 -51 -84 -86 14 12 -14 75 59 39
61 87 -21 -96 -37 61 70 100 26 27 -15 -15 -13 -32 88 -4 98 -70 16 21 26 -60 89 8 -83 8 99 48 -79 85 48 33 -74 -27 95 -6 -84 -82 -7 -10 34 -5 20 -34 49 46 45 52 23 -4 -78 62 -73 69 -51 45 -99 38 -19 -86 -57 85 15 -20 -65 -8 -70 88
46 83 -17 61 19 20 -33 -54 -16 44 -10 -49 93 -99 -66 93 -34 34 55 19 -1 16 73 78 65 87 -20 -4 4 -36 63 52 52 -25 -67 -42 -48 19 -59 -77 -59 23 -96 48 -71 -71 -74 21 -29 -86 41 -4 -40 57 11 -16 49 -40 44 20 -72 -51 43 -12 89 -2 45 -4
94 -59 -76 -28 2 -5 -49 -36 -1 68 15 -14 -22 -34 9 -83 -20 -81 7 -84 76 75 -86 -24 72 -81 82 35 99 53 -11 36 88 -60 -42 -7 60 10 -99 -17 66 89 29 48 -80 -92 -86 -71 -34 93 73 -81 71 -20 -14 -2 88 -83 -40 46 -19 -57 1 2 -93 -75 -80 46
64 51 80 -36 46 -2 -45 91 -57 56 73 53 99 14 68 -84 -92 80 40 -48 -94 69 48 -65 -37 -55 99 33 -6 84 -58 71 -64 63 -37 -64 24 -35 87 -96 4 -92 -87 29 86 -40 77 -90 -55 -30 33 -53 53 98 71 76 48 86 -95 -1 18 53 11 -72 2 -4 -38 71
-12 44 3 9 4 -49 -26 44 11 53 8 60 -56 39 -8 -14 83 -57 33 95 -14 90 46 29 -18 51 -91 -10 24 78 -54 -84 13 -83 68 -28 49 -6 36 87 -88 -70 -79 -41 23 26 -39 -70 96 -31 -46 -74 -92 -94 79 -30 35 -28 94 -52 -64 55 -34 68 -80 -91 -67 4
88 -21 -25 98 -74 3 76 4 -48 -8 -40 -57 -79 44 54 -44 66 -23 54 -48 -59 -78 67 78 52 -90 50 -37 -16 -95 -12 69 -10 -10 -12 -79 -52 -44 60 87 97 -52 -14 69 26 -51 -96 -59 -88 -52 -71 -77 95 35 23 64 18 -4 -86 -68 10 75 43 51 -99 -51 -10 -81
