61
68 74 -38 71 -85 -19 -73 -8 38 40 75 -77 -72 1 74 -28 -86 14 2 65 100 -19 -97 -1 -96 46 -97 -8 -63 94 -28 3 41 -85 -40 1 -41 -57 74 71 71 27 78 13 52 -55 99 -94 57 62 -82 9 21 90 45 -36 52 -27 -11 -77 -38
0 -60 89 -54 -19 -37 -44 61 -83 -93 71 -1 36 33 85 59 10 100 -4 30 -88 50 -36 89 53 -78 35 16 69 -59 -50 -41 -83 -10 45 44 -43 40 100 56 -94 55 82 -8 -89 14 -72 -96 -81 16 7 -90 -94 66 -18 60 -54 77 -97 -41 88
1 -75 69 -96 -75 29 67 38 -92 21 -52 91 25 -99 62 0 67 -63 -49 -2 -5 64 85 -49 -22 -12 -38 -28 88 54 78 100 31 -27 63 -98 62 -93 51 -60 -47 28 -98 -92 30 20 55 67 66 -44 60 -96 -94 -87 86 27 22 -71 56 72 79
-86 9 76 -95 -31 -15 -85 44 -28 24 -85 53 45 49 0 41 67 5 53 -71 -42 68 52 -64 -33 71 58 -30 -70 -79 -54 -25 -23 -76 -36 93 -66 39 58 -60 12 37 31 -30 -93 -79 -92 -97 -58 85 32 -45 -85 58 52 -29 78 -46 -24 -78 -78
-23 -91 -84 77 2 -56 38 79 70 -8 -71 -1 -73 84 6 58 -86 -12 -37 49 -93 2 -61 37 -61 20 76 34 68 58 -30 93 -59 30 33 68 48 -83 -65 -80 -31 16 -24 81 82 -1 27 -81 -87 -37 -78 -32 19 -50 -1 74 57 50 25 -33 1
-22 86 48 -24 89 18 -48 -46 29 30 78 92 56 28 -50 57 19 39 -67 89 94 55 -74 24 -72 -22 78 -94 -24 -66 17 -36 -34 58 78 -42 -55 -3 -58 -12 78 -74 -4 60 -7 74 66 74 100 92 -8 70 -95 -9 -39 7 -91 15 -92 -71 -69
-74 -5 58 -95 10 -84 99 -13 75 2 66 -93 27 31 -12 -86 62 96 7 62 -56 -99 -3 55 22 35 60 55 36 -24 -13 -66 78 35 87 -57 2 -59 84 83 -78 -40 -65 80 -72 10 24 93 -29 70 93 -75 -66 47 25 29 -89 -70 -85 68 -28
-73 75 -34 -79 67 -57 -44 7 14 52 12 -90 20 64 -15 -29 -78 68 71 -43 -58 -49 -59 -31 83 -26 71 -58 0 64 6 83 -52 -59 39 -12 -23 86 -91 3 58 71 59 -30 -55 49 34 -9 73 37 51 1 21 -37 2 -57 -52 32 -16 -32 18
94 19 21 -36 61 -60 10 63 -9 -84 -29 -19 73 -20 91 -19 86 -16 -96 -26 62 -25 75 -32 3 -39 -5 -33 -4 -67 81 -92 10 54 94 -22 -40 -78 16 18 39 -33 -29 52 7 82 29 50 90 -51 58 -14 -13 60 -42 97 -52 -83 49 -26 13
42 100 34 -32 -5 -31 -14 48 28 -31 30 74 49 56 -6 36 26 -30 94 -93 -1 -15 51 0 89 -74 -3 82 -38 53 -32 71 18 -11 -32 -5 -97 36 -71 4 -96 18 -41 -84 6 -52 -13 -91 -8 57 19 -45 25 81 -99 -38 80 -56 72 -79 -52
-46 54 -58 -38 -87 -78 -23 100 -62 90 53 -56 -18 -47 73 82 52 60 -12 63 44 -26 -49 63 -90 -37 20 -66 72 78 -20 -81 -82 -57 -49 93 -52 60 28 -96 -17 -38 65 -24 -6 16 -36 90 -51 24 79 -60 -57 -44 -14 85 -44 -79 -29 54 -15
90 0 -48 -28 -92 21 32 -31 9 -71 -2 -32 60 99 38 90 -72 -46 -8 -55 -12 -71 -94 47 79 34 80 47 -76 -7 29 -48 -78 -47 -79 8 51 45 31 45 71 100 -30 71 -84 39 -69 41 68 -65 34 78 27 79 -82 72 68 89 58 -85 -65
-44 -73 72 -31 91 24 54 55 -47 -34 -29 -40 80 64 81 15 58 22 51 90 70 -62 -34 -6 -68 20 45 95 52 65 44 -58 88 -97 30 -46 65 -32 -94 -91 -1 -64 -64 -31 59 -36 74 8 -42 -31 -27 -60 -3 30 79 60 68 -88 -46 -77 54
40 86 -58 47 98 -99 -54 41 -27 80 32 -78 -38 40 -9 55 99 30 12 34 49 -85 -17 -26 -62 75 5 -13 -43 -44 54 61 51 86 59 31 -92 -14 -66 13 -45 68 37 55 -9 53 12 97 95 57 94 31 58 48 -24 -50 -16 80 2 46 -64
71 51 -85 78 6 -81 -61 16 -71 -80 -94 46 74 -73 -48 -27 -82 -3 5 -98 -8 58 59 55 9 1 81 29 89 38 -40 -20 -42 -99 -27 54 19 9 -49 67 -67 29 83 -45 -9 -86 -60 -91 -11 -50 -90 -29 21 -67 9 -51 57 -17 50 -26 -71
-18 -35 30 -26 -15 31 77 -47 -94 72 -55 -6 65 -66 -75 21 -29 -28 -2 14 51 1 -30 21 34 69 -89 77 -74 -41 -42 -66 29 -55 -62 50 68 21 57 45 -24 49 5 93 8 -91 71 81 61 -59 50 -74 -97 -6 -81 -84 -74 51 -70 32 -14
-46 -88 99 63 -95 20 63 88 -30 5 49 6 -10 44 2 94 -91 -73 47 -51 28 30 97 56 69 39 23 -52 72 2 -97 -42 -24 75 -93 -63 -40 -1 24 42 27 -4 10 89 75 -78 -12 -10 2 96 -52 30 44 -51 -46 97 94 28 -72 56 15
11 -43 -48 60 32 100 54 98 -17 58 6 84 21 -51 4 93 2 -41 -50 -49 -65 -78 12 -14 -92 45 -43 -40 -44 93 15 -59 -56 23 27 100 -52 97 91 76 -94 -48 88 41 -79 -68 52 31 -95 -16 17 74 46 6 100 -79 -41 71 58 -32 34
-88 -91 44 -58 56 66 -6 -84 22 67 41 82 47 44 -50 -43 -19 -20 -83 99 51 2 -51 -77 61 -79 77 1 36 -70 2 98 -89 100 66 88 -35 83 83 -22 -25 -14 69 -12 91 6 -58 62 10 8 68 11 -37 22 13 33 -63 40 82 7 71
74 -38 32 -52 74 75 -13 26 -72 67 4 16 -99 -60 -45 39 73 -34 23 -95 -99 15 62 -67 2 69 43 -57 28 52 -67 13 14 3 72 -3 -37 -31 -29 50 46 37 93 37 39 -53 -12 31 35 -62 -92 -28 -2 98 24 -60 80 -37 -16 -28 89
-40 7 -79 -70 -93 95 4 2 18 59 -55 1 -25 65 2 37 45 35 -16 86 38 9 -71 72 -87 52 -59 5 -79 49 -46 92 73 -8 88 -30 76 55 -57 -69 -71 -16 -60 -75 35 -67 19 -86 -26 99 86 -32 53 -6 75 54 89 -1 -93 5 28
-13 -81 -56 76 -60 -19 -78 51 62 73 27 34 -74 87 46 6 -77 36 34 -21 -47 52 -61 -59 -85 45 44 13 92 -37 60 0 -5 21 -6 -12 -23 -99 54 -37 -33 85 69 -78 8 77 32 -85 -31 17 58 55 -79 -82 -60 -48 -31 5 79 97 97
32 61 89 -69 -22 5 -12 1 4 25 50 78 -47 94 -20 11 50 -17 -56 -63 -10 -3 -18 86 25 71 66 86 14 -14 -70 -65 -89 -50 -94 -15 -23 69 35 -16 -12 81 -6 -56 -40 -72 -76 -5 -44 -74 -97 73 -73 96 44 13 49 72 -7 -48 76
58 -77 -91 28 -46 16 -72 93 -9 10 -60 68 -8 -88 55 54 18 -33 28 52 51 53 -76 96 62 78 90 -95 75 31 -38 34 82 -96 -35 -14 -44 -65 -44 76 7 7 30 -26 36 32 -23 6 38 79 89 -24 -40 -98 -49 93 91 15 32 54 -68
89 16 -10 -73 -19 60 13 58 19 -22 41 71 61 45 22 31 -27 40 14 24 82 14 -20 59 -26 -44 98 28 -5 -36 35 -57 35 39 99 67 31 -18 -94 -26 7 36 -17 45 -71 -85 -47 62 92 66 97 -76 68 32 3 -98 32 -7 -84 21 30
-86 53 47 -71 33 -91 5 33 62 -83 -27 89 -80 -44 93 13 61 27 45 58 2 83 39 -73 27 58 94 -39 0 -27 -32 93 69 71 10 -49 84 -64 46 95 40 -39 51 35 -31 -37 58 87 -33 -41 -8 88 84 -88 93 49 3 93 87 93 -25
74 -93 91 -78 -58 90 64 -29 56 76 22 34 -78 -4 9 67 0 40 -78 84 34 -29 -67 -27 52 -96 -99 -37 79 -27 -88 57 -48 -6 77 -92 78 77 -39 -14 -7 19 17 -50 54 -12 -15 34 -9 20 43 73 -65 -86 12 -97 -5 63 24 -96 68
-60 85 -54 -31 -80 37 73 -14 -19 54 21 -9 -42 84 -55 30 -57 -59 34 -44 -7 -99 -86 -54 0 48 -88 -87 -61 -27 -26 -63 -32 90 -41 74 33 -63 -29 -58 31 -46 -56 -42 9 -37 94 -64 89 67 55 -30 -93 -68 -86 -87 -29 -50 83 -46 18
80 -24 -23 -11 97 -6 -88 -70 60 -2 -9 31 -69 -81 2 65 -85 50 -64 86 -3 -98 -81 55 20 -26 -75 -2 -46 -84 -22 -16 -59 11 -55 22 63 -7 -19 -34 35 -9 80 81 11 -65 55 25 79 9 81 -63 -89 98 -26 -87 98 -39 -35 20 -49
-81 45 -25 -16 3 -51 -47 87 -41 95 34 -63 90 71 -71 71 -53 57 85 99 -42 64 -32 47 -89 83 91 57 -64 -21 -70 -22 64 -1 38 22 67 40 64 -41 -24 -56 -7 34 -77 -75 -29 -37 78 4 -38 -37 62 81 -19 -9 89 -22 -52 -19 87
-45 37 56 20 93 -42 -30 -96 -89 -47 17 -16 -90 -9 66 5 -64 10 -22 -74 -43 76 4 -3 -26 5 -68 -92 88 29 -78 -30 -14 31 -85 5 -87 -75 1 45 69 38 -22 -5 84 -15 -2 61 68 -20 49 31 38 -75 73 23 54 29 -14 -4 -73
92 13 44 19 53 95 17 96 -9 -19 23 -66 12 -98 37 -19 26 -71 -82 44 59 36 -53 68 68 30 95 -77 -73 -11 -90 36 -36 33 -14 19 -53 -78 19 46 7 76 82 72 55 -24 -37 -81 22 -49 -3 61 61 63 -16 -69 -22 88 -39 65 -40
8 -68 51 74 82 -65 94 5 -50 -81 88 49 42 34 76 -13 5 0 -27 -78 92 -42 -86 -84 -82 40 64 85 -14 35 37 52 -72 -68 -80 -47 -75 -40 87 -82 40 41 80 74 -7 34 0 -12 98 -72 66 -14 -59 20 88 69 20 -31 -3 -72 -24
87 51 94 97 49 -49 38 13 -23 -94 68 -36 -98 3 21 39 -41 40 54 -72 -33 -12 -87 53 45 42 93 -97 22 63 -24 -33 -39 -90 -92 -1 23 -91 84 78 -35 84 10 -83 32 -26 -66 71 20 16 52 -66 -87 70 3 -8 -62 -3 -26 41 -13
-5 -56 89 78 74 -23 86 -38 92 -41 -4 -46 97 -53 81 -19 -85 -62 -50 -50 -54 4 -17 -6 -92 -44 19 82 44 60 -82 52 3 53 36 -6 36 -16 41 63 57 -68 -76 1 -92 -36 42 40 64 28 -50 97 -19 24 38 47 10 -79 89 -89 -12
61 -12 -2 93 82 4 1 80 -25 -99 -63 17 22 1 -63 -23 90 -59 85 31 65 53 33 -77 62 -8 83 59 -18 62 -18 8 -4 93 43 -93 -5 51 -74 41 64 6 -21 6 82 39 60 38 63 54 96 6 92 -50 -79 0 96 97 -79 13 86
-66 -6 21 69 22 -95 -45 21 87 -98 4 -64 -40 -29 54 -29 -29 -18 76 -64 -64 93 -97 49 -58 5 97 -37 44 7 27 -91 94 -16 -49 83 -45 51 -25 75 11 5 4 19 -90 -28 -77 -59 -24 -59 18 41 -48 -55 -96 53 -8 43 -30 -77 -73
56 1 -25 33 44 89 -28 -24 -67 -67 -46 -28 -90 -34 -34 6 -38 -37 -35 18 11 73 -82 26 94 51 -60 96 69 14 -20 28 -31 11 57 -69 -55 -9 -14 -40 59 40 -67 -52 -2 85 -46 66 -46 32 -65 -67 -27 16 83 -30 66 78 64 -70 56
41 98 32 -68 -43 -33 -31 44 39 -14 17 42 -77 64 -63 57 -34 -50 14 70 24 45 46 -66 65 84 28 88 44 -40 27 -1 96 81 -58 95 99 44 46 -7 90 -63 85 36 -84 72 -81 -30 -60 -19 -96 92 69 53 8 -37 88 -84 67 -68 56
-35 94 55 63 -67 52 21 57 -12 54 -69 -82 -23 56 63 -66 88 16 38 28 19 18 55 -3 67 -41 -32 82 -31 -91 -21 48 -3 31 44 -7 90 -28 -30 52 -76 -35 -65 -97 71 -40 6 -12 -43 2 -96 74 -61 97 -21 50 18 -96 48 2 -27
-21 55 -65 -93 -94 -87 -93 43 59 2 -42 -89 -16 -7 -64 -57 95 53 20 -46 -56 77 33 83 -71 -92 90 -50 22 24 -19 46 -60 -2 89 -36 44 -29 -32 62 69 17 100 49 42 -60 30 92 -53 -80 89 92 79 -39 -27 -11 -50 54 -64 -44 -59
59 -65 14 83 18 -14 35 -56 -34 -67 -83 -10 67 58 -25 71 -75 76 -4 -59 51 71 -66 97 -40 43 31 36 -74 96 -73 -15 -97 -21 18 19 -31 22 -3 -70 -51 -83 69 -47 -3 12 -4 75 23 7 90 -4 11 -94 44 52 77 -9 -77 38 47
-67 -13 95 -90 13 62 -79 -2 40 29 -73 21 -3 26 91 58 63 13 67 48 74 25 91 -46 70 2 19 61 52 -10 -39 -36 -67 -35 74 -92 -30 54 57 13 -42 -1 -86 -30 80 0 -40 61 -35 -3 58 -54 74 -25 45 38 39 -58 43 43 46
12 81 -37 43 -24 -58 -25 38 54 39 -29 -77 72 -89 -97 91 -93 100 -52 59 49 21 -7 -78 -50 -81 -46 -79 65 -25 100 -13 -7 25 31 59 -47 87 16 44 50 62 34 -21 -29 -13 -7 -6 -25 26 35 70 92 -18 82 -9 19 -91 10 32 73
99 84 44 -47 63 -83 65 -5 58 -98 9 -3 43 -40 66 -91 0 92 23 8 8 52 -32 -70 75 49 -43 -54 82 -70 -40 -15 -93 22 79 72 -67 23 -15 43 -86 11 -80 29 -38 96 -20 -87 -84 51 17 74 16 92 87 -72 95 -54 39 -33 44
-41 -99 6 4 -41 40 49 -80 91 95 -52 100 28 -34 44 55 14 -34 -13 59 -45 -70 88 15 -56 -11 81 7 -40 -55 94 93 -29 -77 -5 65 3 2 -62 -84 -21 63 2 2 -59 94 0 -42 -10 2 48 79 -81 -90 8 -80 -45 -72 -55 38 72
-56 -93 18 92 -10 77 -34 -34 90 -35 -60 29 -11 10 -30 57 37 83 -6 36 -91 -93 -42 44 83 -52 -87 25 -78 -59 96 5 56 -78 -65 37 34 -50 -64 -45 4 -88 -66 -36 -75 87 55 13 94 -38 -80 -19 -93 -63 43 46 98 90 60 -42 -23
-95 81 77 76 -49 -1 -62 -61 -35 9 14 -54 93 -28 92 -13 29 30 100 6 -70 -84 35 72 -83 59 -31 -71 100 -26 -74 -1 39 30 -71 49 -75 -80 -97 -66 -92 -97 21 -21 73 -5 -14 3 25 26 -69 8 -99 -22 4 -64 75 80 96 60 -17
67 -34 82 38 34 16 34 -22 52 -32 93 71 70 -86 -79 -72 6 -40 -39 39 -57 -66 -7 -8 61 -29 72 0 24 48 30 63 -90 -96 -27 71 -87 -20 -60 -16 -17 10 -99 2 -56 -7 72 -26 91 -60 -15 -86 81 -23 -91 62 75 -12 -94 -1 70
4 -28 80 -92 58 3 0 -49 -38 -38 -51 -49 -24 59 -86 27 -40 53 63 -92 65 -97 30 -4 -33 -9 -11 -82 43 27 93 -1 26 -95 -74 73 -89 -78 -59 -63 -27 -87 -85 55 -83 -39 -85 66 -55 28 47 38 -21 8 63 77 100 -45 -72 -62 13
-56 37 -66 99 -78 93 -55 27 69 -96 -30 42 76 -81 98 71 -12 -25 -78 -96 -80 90 -83 -74 54 -6 -9 62 14 42 5 -92 -61 92 79 46 -86 -40 0 -30 -80 -88 -82 13 -48 61 -67 -70 81 60 -66 -93 69 3 76 -34 46 -69 -49 39 100
-39 -79 -26 -86 4 70 77 -74 -51 -23 -63 6 -98 98 90 -96 -23 -84 32 2 -66 10 68 -87 56 -39 0 -83 -76 -80 84 -80 23 4 -18 -17 -44 64 77 -79 -97 90 -30 13 80 -7 68 33 15 82 -58 -11 -64 26 87 13 -77 -98 -34 -19 -4
14 88 15 98 88 64 64 -27 56 -55 24 1 -27 99 16 -78 15 -41 -74 82 84 73 12 78 -93 81 15 -86 80 46 -93 20 93 -96 -12 60 -39 0 -89 -18 66 86 47 -56 15 15 67 94 80 -31 -68 -64 -65 -76 -91 85 -57 -26 -61 15 34
-13 52 -46 -79 -16 -36 90 69 50 90 96 67 -64 -79 -40 -45 -46 -62 -5 41 100 -9 84 68 75 -46 -32 61 26 20 87 -38 -55 -6 26 -57 -37 98 -40 -98 -69 -85 -63 -19 -78 18 46 30 88 65 2 -3 69 -6 49 10 90 57 -84 -74 -80
71 38 66 36 -93 79 42 6 11 -94 -7 37 -96 100 -97 18 -9 28 -59 -35 44 -39 -80 95 89 -19 -28 29 -3 68 -16 45 31 -8 -57 97 -23 -91 63 5 42 -92 10 -34 60 -2 66 17 84 -50 10 -11 -73 4 -49 7 -47 34 -11 -80 89
-4 54 29 17 89 69 -14 42 -72 -47 35 20 97 -43 -23 18 82 20 -74 -36 -6 -95 -67 22 70 -51 65 94 53 -62 -8 43 -15 44 -85 -55 -11 23 61 -56 62 -4 13 92 -57 13 -38 -32 69 -57 99 44 -37 -80 -32 93 67 38 96 43 -46
-41 -49 30 -57 30 4 -63 -56 -85 13 -95 48 36 71 -17 33 -17 -2 -55 -14 -62 -92 -49 5 -47 -78 -88 -32 38 25 -91 -27 -9 99 13 -16 -87 75 32 -27 -13 -26 88 68 -51 20 -31 42 -65 -97 80 -99 -50 -89 -55 99 49 -73 -37 8 90
-33 -65 -30 72 -33 -58 -6 8 -27 -96 -78 -4 84 -32 45 84 -71 100 79 -39 -13 3 -93 -87 -18 -56 -69 100 -21 51 -41 85 -32 70 -59 -4 -1 84 49 48 -18 -51 57 42 75 -25 -72 60 66 31 77 8 -92 -83 15 22 -43 29 87 -11 91
2 74 -85 -74 69 34 0 16 -13 24 52 -38 84 -49 32 -80 -80 8 -54 -22 -28 -26 34 -48 42 -91 -55 -54 -25 -84 18 49 -67 -68 -64 53 -15 -28 -65 -52 31 11 7 -84 89 -79 -85 45 39 -55 -80 -58 -8 7 1 -14 -98 -86 7 47 -49
39 -51 83 -96 -86 -31 -37 29 41 -73 81 60 -18 -72 81 -9 65 -33 8 -57 16 -12 58 -34 76 -78 30 29 58 -61 -80 44 10 3 76 88 -9 89 98 62 -77 90 -46 46 47 -96 -4 -77 -12 72 100 -66 -71 81 -87 -86 25 56 9 11 -72
81 3 -40 -22 64 72 79 -72 5 6 31 95 -11 19 -71 95 5 -70 -16 30 42 -11 39 -66 68 -56 81 2 -87 61 36 48 -59 82 47 -54 -17 67 -38 55 -1 4 -91 -14 92 56 -39 28 -94 -33 66 -53 -16 -89 -2 53 -96 42 55 -78 -57
