42
52 93 -11 53 58 32 -68 22 91 -52 -37 -85 20 -60 -79 -19 77 -21 -58 -21 43 -37 99 -48 -77 15 60 -11 -66 -79 91 -90 21 -10 82 9 82 53 61 -64 8 70
89 40 97 -41 45 -78 10 -14 -44 -50 -36 -54 -93 -80 -30 44 93 19 -86 -37 73 41 18 3 92 37 -63 -57 -23 -57 47 -25 -38 62 -31 9 -79 -51 -11 -81 -41 28
30 41 0 -9 -59 -7 25 67 100 -19 -64 -84 -72 -70 -41 -59 -53 -37 -28 -25 -94 -15 31 18 -94 -60 -88 -15 50 48 37 -97 -3 43 -50 -56 -66 -22 21 83 72 4
45 -45 1 -74 62 -19 67 -51 -55 60 95 -46 30 -73 30 79 -96 -36 93 88 66 -99 -76 -99 -47 -47 11 91 93 70 -79 59 84 -46 -77 90 -11 -95 54 -1 86 -87
-87 4 -45 -15 -15 -12 -92 -56 98 -86 73 66 15 18 92 84 63 -47 -37 -31 12 -50 17 -11 -55 -44 80 -34 -65 -16 14 51 28 69 33 53 33 -97 -65 2 38 -28
-74 48 28 62 61 -98 62 -10 21 -10 -3 -77 0 15 -17 87 100 -65 75 -62 92 -66 60 96 4 86 -24 85 -2 -42 -5 -71 -10 69 -51 23 30 27 -4 39 -33 -77
-17 -53 53 13 25 -65 -19 57 46 97 -2 6 -35 -72 49 -80 -78 42 -18 71 79 -67 68 -44 -90 -90 13 -1 -82 80 100 -61 -41 -67 52 51 75 64 86 86 36 18
6 78 12 -69 83 55 -76 1 25 -86 21 4 77 -39 -91 18 -60 -99 86 -99 0 -37 41 -70 -8 -43 50 -42 43 -20 -72 -15 -55 -84 43 52 94 -24 90 -74 -28 60
-63 82 28 -47 -12 -35 -16 42 -22 -21 48 94 32 9 15 7 -72 13 17 -81 -1 97 3 -54 -24 31 -65 78 96 78 -85 14 15 -37 5 -9 -73 99 29 -62 69 92
-65 -96 -39 -45 27 76 67 72 75 73 52 -49 8 -60 62 -25 -23 85 9 61 26 55 -77 83 21 -65 51 57 87 49 11 13 25 -19 -81 -73 -63 57 22 77 13 -40
-36 -50 -84 -88 41 -30 17 -79 2 -82 77 -38 -54 -10 -81 13 44 -14 90 90 -32 -77 -53 82 48 -1 -98 66 -27 15 20 39 67 -94 67 32 -98 11 -30 -73 -57 14
-73 58 -33 88 0 -58 86 -77 50 -29 -48 -96 -71 2 46 79 60 58 28 -5 -60 -46 92 -15 97 66 63 54 1 10 27 -88 -26 -20 -91 -19 91 53 -28 -88 91 -34
0 66 29 -47 -91 20 16 7 0 3 -17 -42 100 60 73 24 49 -73 -31 71 -85 97 36 36 -86 65 44 14 3 12 -72 32 26 -69 13 43 18 -62 14 -21 -69 -60
43 38 -73 90 -15 -58 25 98 22 -8 82 84 -57 69 -78 -32 32 -74 55 35 47 28 4 -79 -91 29 -47 36 2 99 3 -38 -52 22 -39 -4 51 74 82 -69 -3 -93
77 22 41 12 -17 -26 -94 -16 -53 42 26 96 -31 94 -40 66 86 -66 16 59 51 73 21 83 85 -39 93 -58 -40 22 -39 35 16 98 -1 -98 -10 -89 23 -64 100 21
30 -50 13 32 -70 71 76 5 51 94 -33 69 82 -72 -89 -21 -87 -17 -81 31 -10 -59 15 -35 -10 -60 -60 7 18 -86 -43 39 -24 67 77 89 32 -50 88 -91 81 -79
-29 -86 96 -63 13 70 52 -63 -20 58 -39 -29 37 -14 -72 -43 -60 35 -49 -21 28 -35 -70 -61 67 -73 61 -67 37 -15 -84 -8 28 -99 82 -70 57 15 -62 72 -15 -4
30 -53 -9 46 58 68 -78 -59 11 -82 82 -78 -23 73 -51 -35 -34 -89 -64 -42 -46 -41 44 -72 -51 40 -57 81 23 -89 -84 -73 -16 9 -8 29 -33 36 -6 -6 17 47
70 50 73 66 -91 -34 -50 -7 77 -17 5 -46 -55 88 99 -91 85 33 63 -45 -16 72 -5 -57 -83 66 -75 90 48 -49 -98 -85 82 11 -90 11 -87 56 -55 13 72 9
98 68 -50 -38 67 48 85 83 22 -56 81 59 11 19 26 97 71 -22 40 94 -59 13 -53 -2 19 -27 68 -50 -60 65 -36 39 69 -29 -97 -88 15 -46 27 18 -64 10
91 -60 21 16 83 7 56 31 55 92 90 -71 -84 90 46 87 -5 -76 74 65 -51 46 90 -87 24 -48 -85 65 53 -69 -7 -19 -70 -48 13 -93 35 16 -82 39 32 -26
98 19 34 -47 2 -76 -16 -3 64 7 -15 -47 -27 -94 -43 -44 -61 -48 85 -87 76 -28 43 -47 -10 71 94 -97 51 -60 -50 38 -87 -80 -95 -9 -62 47 -80 15 -23 -47
98 53 -54 -76 -62 -55 44 99 -81 8 15 -68 56 20 84 -24 -14 33 -59 51 71 -94 -95 27 -27 -95 100 69 -88 77 89 -94 69 -2 -59 41 -44 100 -94 -9 0 29
60 65 -33 -42 91 34 81 -87 6 72 7 36 -88 56 17 -22 -94 42 -93 19 -11 -33 85 79 -70 -42 -50 80 -8 -33 44 -60 8 71 -29 -79 -16 81 64 -44 -21 -42
0 -94 -78 83 10 -57 -47 -7 -75 -91 24 -86 7 20 20 31 -28 -8 50 87 71 32 55 97 88 -85 7 26 66 -83 -64 -78 -57 71 82 -79 -13 60 -3 -72 -62 -33
-9 -95 63 -14 9 56 66 -22 -76 -77 84 -66 53 21 66 -66 51 16 -44 -55 -79 56 97 46 -84 -99 -23 -28 -94 -39 -98 -75 -51 -88 -56 69 -53 -68 92 56 35 -96
-8 17 -18 45 29 -56 -56 -8 34 -45 10 92 -47 45 -51 60 -64 -53 4 -95 38 -5 -90 -23 -9 -48 -49 73 -34 56 99 41 -57 -34 -66 -43 30 -45 -45 -11 23 -32
-74 -86 43 54 -8 -64 -37 23 -41 11 -68 -11 87 50 -24 -25 33 -63 69 -51 47 2 -12 17 17 75 -40 -27 31 -62 -16 59 51 29 99 -33 89 63 63 89 -57 53
14 -17 99 38 70 47 -18 24 -12 34 91 16 -28 93 19 81 -65 8 -48 -26 65 33 12 -78 -99 -53 29 -92 -80 -57 71 -55 -97 -59 -33 -86 -34 68 -96 76 -2 -59
43 -10 90 -34 31 68 -49 2 -61 -94 77 -83 -4 29 30 54 -48 84 -63 61 5 -12 -45 -61 -98 -48 84 1 67 -9 73 81 -75 -72 83 -31 -13 -48 28 14 11 36
-39 12 -72 50 -96 -52 -68 -54 -1 -50 -53 50 -34 86 -75 -66 -77 67 61 -81 89 -94 -22 42 -61 25 -79 -95 58 32 53 23 -39 -78 69 5 -15 -48 -72 -46 22 71
-97 71 -43 56 -2 15 8 13 -47 -19 88 92 -72 57 -18 83 -65 -77 -18 -77 -68 -56 64 90 29 -87 52 56 5 -72 89 83 67 54 98 -90 -24 56 -17 68 -93 56
11 59 82 88 87 67 -25 -31 58 -3 -36 97 35 64 -35 -53 45 -89 17 17 -19 71 92 44 43 -68 60 44 -69 83 62 -85 31 10 -59 -69 3 92 -26 -48 -76 -39
2 -40 13 -30 81 -41 -64 -23 64 15 -66 78 -66 -75 3 -97 1 47 65 79 16 81 -1 79 -52 86 -27 -69 72 100 47 75 -38 0 -92 57 5 -15 65 -30 20 81
39 -59 -91 61 54 97 72 -35 -68 60 11 7 39 85 91 -34 10 43 -79 72 63 -65 46 -98 -95 -45 45 -36 -43 -18 83 -40 -19 -40 -51 -97 -8 47 -49 -61 -62 -35
36 41 67 -64 47 -50 -42 81 77 -22 -96 -56 52 37 -61 -92 -12 -35 39 73 17 66 -44 82 -94 1 -90 6 -7 28 36 -10 -65 34 15 -92 -68 83 20 80 -49 68
79 52 -96 -63 36 -81 64 -64 -38 -1 9 58 -65 -73 -80 -27 58 -40 91 44 89 12 -96 -8 95 -82 -12 -49 17 -12 -83 3 -82 22 93 -98 -87 -39 -29 33 -36 76
47 -20 -37 12 -38 71 18 43 72 -17 -45 -53 -21 45 56 -40 85 24 -79 35 82 75 -13 -38 -57 73 86 61 -21 84 -87 52 0 -59 -69 -27 -90 -27 -24 57 93 90
-81 -98 -52 -74 13 -57 51 -94 56 -81 89 7 -31 84 59 -75 -34 48 50 100 -69 -76 56 55 61 -11 46 -46 2 40 -19 8 73 -7 -1 -17 -30 -97 -39 -49 -79 -36
-48 -75 52 -56 84 38 -58 61 29 54 79 86 -23 49 -46 -96 32 -7 -76 82 52 -90 36 49 40 59 -85 -92 27 13 16 -25 33 47 88 34 15 96 -23 49 -40 -66
66 47 57 -60 89 -61 6 15 -48 5 -9 62 -83 42 -30 -9 60 -78 -74 -17 43 11 -87 -22 -79 63 23 88 -36 -48 -49 -24 31 -85 52 -98 -52 74 13 -97 83 84
97 86 -25 -49 -29 72 65 30 -19 65 28 21 44 97 -84 -39 -32 97 75 -19 -58 63 90 -42 100 58 -8 48 57 -1 -38 66 -1 -63 -89 5 -75 -41 79 82 -59 -88
