91
80 46 90 68 45 -17 -41 26 -52 -47 -87 -33 -19 -72 -4 57 -62 22 -15 -8 -35 -60 -20 25 47 77 27 40 -29 9 15 98 1 -21 -25 20 -89 95 95 -52 74 100 32 82 74 1 -24 58 11 88 50 8 24 20 41 80 2 80 -57 34 -58 61 -70 -65 4 31 69 98 11 -83 52 6 3 -21 40 -25 -70 -75 43 -49 0 51 30 -63 54 12 -50 10 -7 0 -58
-88 93 -74 -51 -86 84 -98 -48 2 38 -20 42 -69 90 9 87 -21 90 -56 -56 70 4 82 81 76 69 -9 23 64 9 90 37 14 45 -1 -43 -7 6 27 -29 70 18 -72 -83 -96 -93 -28 23 -7 44 -3 4 -95 52 67 94 6 16 -15 54 -55 -51 66 15 56 19 12 -11 -74 53 -4 -53 -29 -60 14 -38 -55 67 94 14 52 22 -64 -15 -83 12 48 27 92 -37 -17
-23 7 -62 -28 74 27 -47 -54 -47 37 -11 -21 21 -74 -31 -47 -92 -39 62 60 61 34 -14 70 -11 93 95 -73 26 24 -6 -75 -13 54 -68 91 40 25 -91 5 -10 20 -68 -2 27 34 91 -34 -89 -3 -33 99 27 -73 -42 82 -92 -26 65 10 -73 88 -15 38 1 100 45 69 30 -8 -39 -40 15 -44 75 15 97 83 -73 -96 -16 -55 19 -11 99 29 60 -96 32 92 -57
-98 -56 71 60 6 -91 -61 20 -67 -48 -85 51 -73 -88 20 0 35 69 -51 50 -5 -6 -48 53 15 -48 -47 -22 -91 71 75 4 -33 -81 65 23 50 61 40 -45 -58 -14 14 6 -90 -91 -10 -81 -74 -79 92 -34 28 97 47 66 -19 39 24 -61 53 4 54 85 -39 -62 -5 70 -75 -75 -34 -66 61 7 21 53 18 99 -1 -4 84 26 -20 17 -98 41 10 93 3 -60 29
-78 -22 -29 -71 -66 -40 -14 -33 -91 -21 -9 -6 -21 79 -43 -11 62 -49 5 -93 17 -55 -84 -38 45 -26 79 100 -5 4 -61 100 37 -62 17 26 -94 -72 -74 -93 40 89 -87 -24 19 -58 70 -16 -36 -80 23 93 45 73 -70 80 -32 -81 -34 98 79 6 -49 9 -1 25 41 -29 62 5 73 -31 -69 -94 -26 -61 20 95 87 -92 66 81 -74 74 2 47 -30 28 77 77 -70
88 -82 3 -11 96 67 -54 -89 -40 -83 35 -74 -33 -14 19 -5 -8 50 30 3 12 -10 39 37 93 44 25 -26 73 -17 29 -40 -31 4 1 25 54 -33 89 -96 87 -68 37 66 -56 89 -73 18 3 72 -73 -96 92 -53 37 -40 51 72 9 -77 59 -52 50 51 42 4 82 79 -3 -98 -29 30 58 -90 1 41 -39 20 98 89 95 -69 30 40 -40 93 55 91 -16 25 -59
-4 -89 63 41 -89 31 98 76 74 99 20 -45 -9 -43 -64 9 -66 68 96 -23 11 65 -10 -98 -64 60 -80 -6 -21 88 69 -17 -89 7 51 45 96 35 19 17 -80 43 -19 86 -1 38 -83 74 55 47 55 -40 93 -36 86 13 -53 69 32 65 19 -90 53 100 -74 73 -74 -21 -53 11 -69 -90 -77 49 53 31 -64 -49 74 -80 -74 44 38 -55 -78 94 22 6 87 -43 40
-23 -65 55 23 -79 14 -72 75 -34 83 91 45 23 -80 33 64 -78 48 -28 -22 -25 40 65 -15 -46 78 -71 83 4 -34 74 22 -35 -28 38 63 32 51 -88 -98 74 20 62 -67 -16 -62 -89 -47 -76 -94 91 -14 43 97 57 -35 -57 85 9 -56 -12 85 -73 -75 -23 -99 -8 -88 30 81 61 75 -44 74 9 89 28 -17 -40 62 0 91 -74 29 -40 -20 16 -76 -37 -12 -69
90 -77 8 24 -71 -94 -66 -47 87 86 91 67 54 -9 66 -97 66 -23 89 -89 -85 51 -26 25 -56 66 -82 -29 76 18 70 -13 -19 91 -21 25 -66 4 -69 -19 -25 30 -90 78 75 39 7 -50 -73 74 -83 47 58 -8 -89 -39 7 53 -44 -60 95 97 7 -3 84 41 17 55 32 -31 81 -57 21 -63 -18 91 -2 -7 70 95 65 50 55 6 40 -29 26 -38 -43 -52 -65
-15 -29 -85 99 -28 -45 -15 -89 20 60 15 91 -77 52 -70 -9 85 -29 81 -95 81 95 -41 2 -48 73 25 -93 64 -58 69 38 13 98 29 39 37 23 7 41 86 -60 90 61 15 73 -33 29 88 -50 -63 6 -34 -6 75 -52 -73 73 93 7 78 31 -6 -85 -20 82 -87 78 83 -68 78 -53 -80 93 93 43 -27 23 50 59 -8 -93 -97 24 -61 -55 67 -73 24 100 68
33 65 52 -71 52 58 -19 -34 -99 -68 -11 76 -80 78 -53 100 -54 9 99 96 -34 57 70 -33 -76 4 6 -61 -88 -32 94 -79 -90 21 56 28 -45 43 33 54 6 9 -89 -28 62 -36 26 -36 37 -55 -32 30 -86 95 99 -84 -52 4 77 39 74 90 -44 -80 -64 37 8 -88 -12 20 80 -91 15 57 -67 -47 -17 -57 15 88 24 47 -21 62 35 -89 -74 -14 -89 -89 -29
99 67 -54 -80 -18 85 -58 -57 41 -83 31 0 -41 19 94 20 89 48 -39 -44 -19 -64 80 88 -19 60 -29 -5 -82 -42 27 59 -29 -59 36 -65 6 81 99 98 35 0 98 -44 57 -57 5 -65 6 4 80 -2 -34 32 7 90 47 -86 57 30 -77 -42 -78 -30 11 -27 20 70 5 -42 -79 28 98 -86 -16 7 87 -75 49 51 -83 -15 -89 -46 79 -76 -79 29 -88 33 84
12 46 52 -55 -20 -41 47 -82 -65 -50 -70 -12 -22 -14 95 37 23 -21 -53 -73 35 26 33 18 58 -59 -31 1 -10 91 -19 72 -33 -22 -61 -21 -4 10 -89 -73 39 -75 -32 -16 -9 -50 -29 -99 95 -84 -67 27 -76 -95 65 21 91 35 57 -99 -63 -90 -30 2 28 -5 32 -83 63 -22 24 -87 91 95 -75 88 -8 -68 -15 100 -45 -45 45 -71 -87 22 77 -36 -38 -27 50
39 73 -93 59 12 -49 70 -34 75 -40 -87 63 74 -3 -16 11 96 32 -73 79 79 47 30 -47 -60 -9 -19 -16 43 -55 -16 0 -53 58 96 69 -68 -51 -90 9 -79 75 4 -40 13 19 50 40 22 20 -78 23 81 -65 -87 4 -16 41 -38 47 31 22 -32 61 -89 34 -97 -92 68 40 96 29 10 85 80 71 -49 39 99 -1 -52 16 66 77 29 38 87 3 -29 36 -24
47 27 91 24 47 5 -38 -35 28 -38 14 -33 -82 -78 -78 -41 -97 98 79 31 53 55 -90 -85 -25 -15 -54 100 8 71 -4 -27 25 -93 22 52 -79 -63 -15 -17 -56 1 57 15 -23 7 -67 -18 46 -5 -3 -39 29 90 69 -62 -1 25 -10 12 81 -80 -4 11 -12 -69 -14 40 40 -56 72 -65 77 -34 -57 37 33 -21 -13 9 -10 95 47 -59 -85 -30 -49 73 74 -9 -18
44 -54 92 80 24 -21 7 -30 97 -82 -26 -42 82 7 19 -62 -20 3 -14 -88 91 52 81 24 -40 -85 -69 9 -60 -36 40 30 -48 -43 77 85 54 -55 35 -20 91 -95 -25 60 52 50 -27 24 -95 66 -46 -58 -54 -37 45 -53 -19 -54 -56 -58 97 25 -55 26 3 -64 -56 63 -6 99 -28 -85 73 93 86 41 -96 10 81 27 -9 73 -83 -12 -71 -15 -41 -26 -40 43 -2
-94 51 -43 45 -73 41 -42 56 -47 -72 5 92 34 63 -92 -24 -97 60 -62 10 73 3 -41 31 20 99 -64 27 52 6 -22 -63 18 -90 -21 96 -17 95 -52 -30 -72 84 58 33 15 34 -92 80 -94 35 -81 68 93 56 -3 62 66 -74 -75 -34 -79 -85 -85 -84 -6 -91 40 94 31 -72 -60 89 71 -6 56 -34 -91 -27 8 84 -49 96 -75 -29 -46 -54 57 -92 43 -60 27
-6 32 -38 -69 -92 13 62 -88 19 27 72 52 91 -69 62 -47 55 32 12 53 5 -30 33 88 43 -98 69 94 -3 -69 -6 -40 -99 15 47 -19 -59 56 27 6 -93 -65 -28 -97 -70 -89 84 -46 1 92 100 29 -54 -82 24 35 -47 -36 -97 -31 -65 -67 85 6 82 -55 -42 29 74 -90 -23 80 67 -32 39 -38 90 32 -17 94 14 76 24 -26 5 95 90 12 -48 63 97
68 -5 45 15 50 -99 10 -52 16 8 4 -43 72 -10 80 -10 -72 81 -23 -99 -93 84 -34 -35 11 -69 -38 51 -11 99 69 -95 21 -64 48 5 0 66 6 -99 49 -5 -82 -47 19 -17 -36 84 61 -32 -25 32 -69 -90 -27 30 -15 -9 83 -57 83 16 -23 -70 63 8 -86 35 -28 37 -47 -13 20 -98 -98 66 -99 28 -56 -66 -27 14 93 -58 -93 -8 29 -57 43 -82 -91
98 -39 98 31 -71 95 24 -26 60 -39 -5 87 -35 14 -34 99 -77 73 -79 73 31 21 -51 40 -39 55 -18 -14 -19 45 -20 93 48 77 -50 99 49 56 84 17 -18 -75 31 -52 84 25 71 7 -54 28 -64 33 99 -16 82 -36 -34 -53 36 -80 4 -21 21 54 -67 25 22 9 -1 -98 -57 94 100 58 -28 -68 14 67 -76 -66 -22 -70 -26 86 47 10 -31 -92 97 58 38
51 38 50 -12 -91 76 -78 32 13 94 -11 -34 98 -71 28 -88 59 -65 -88 66 -75 -49 47 -72 82 94 -81 -91 84 38 25 -79 -88 9 21 -91 -91 67 -13 78 51 82 -54 52 48 -53 -47 70 21 9 42 -35 -88 -44 55 -15 51 -84 -28 51 -23 -87 -92 -48 -15 -95 -56 86 91 -84 66 -58 31 -96 96 -9 61 -60 -29 -85 46 -37 -1 96 -22 -25 21 45 75 14 -68
70 31 -74 -65 22 75 25 88 -47 -62 69 49 35 85 19 -77 -96 -76 89 -17 -71 67 78 50 72 63 -54 -81 88 -16 -24 -36 67 9 16 -67 -38 -14 69 31 27 63 -16 -19 74 -71 -25 -9 -82 42 62 -23 14 -2 32 -64 -64 29 -62 86 94 -76 -68 62 -26 -4 -83 100 -27 90 -54 83 71 -27 74 -78 5 87 97 -39 59 -54 87 -43 45 92 69 91 -83 -51 -61
49 52 13 -39 -32 -5 19 32 -34 36 72 -93 64 -22 -15 -89 36 73 -21 13 -12 -60 33 -64 -25 82 -55 8 -39 51 29 17 91 100 14 -88 61 -99 50 -4 32 4 -74 85 -8 48 -81 91 54 27 -63 -3 92 -84 51 -67 10 57 58 -59 13 6 49 64 -17 92 -70 63 -46 97 47 22 61 15 57 99 65 12 26 74 38 -58 62 64 6 88 -77 26 99 22 73
0 -28 33 68 -36 -22 31 -1 9 49 -38 -93 -70 -5 67 46 17 14 -37 -98 -32 -66 -66 -84 7 -75 68 77 43 22 -59 -21 -65 -15 57 27 25 0 -63 40 11 0 5 -27 -51 -36 43 63 -84 68 73 48 -47 -22 -97 -40 8 -91 84 -2 -53 22 83 93 99 -40 -47 42 -85 45 -90 -15 -32 3 30 -2 -79 85 51 1 -57 94 -71 -44 -63 -64 69 -66 -17 -70 11
90 80 -95 90 -47 -54 93 -82 3 -11 -60 -21 45 -3 52 -72 -91 11 98 23 65 -42 -8 -56 21 51 98 61 -37 46 -47 -99 12 -84 97 24 -59 -57 -91 68 77 29 2 -78 42 -59 -87 0 28 -26 -74 68 9 62 22 -55 -24 -3 -51 17 9 28 -59 -88 -15 36 -53 -24 -85 -25 43 -73 90 -35 67 41 75 76 5 -86 47 -64 -41 -60 87 -85 -36 34 64 -39 61
15 -27 -22 -70 46 -44 21 -54 7 -23 85 43 2 -18 26 -45 -37 -92 15 -67 -38 19 20 71 -91 -27 64 47 13 -55 36 -2 98 20 -50 21 52 -14 17 68 47 41 61 -86 1 86 65 62 -76 -63 34 -13 67 -76 -59 83 -62 -79 -79 -21 14 -7 18 91 -18 48 -84 -47 13 54 77 -13 -75 49 28 10 -22 -10 100 39 -56 38 -41 -99 25 85 -47 14 -57 94 -78
50 -38 17 -1 42 -81 -1 7 34 -34 -19 53 84 22 75 -34 2 -81 -55 48 -93 -53 79 92 -25 -54 -62 98 62 64 -9 -48 -30 93 -56 95 -75 82 67 83 -28 -93 -86 28 -45 -67 29 69 11 21 83 25 -18 90 -24 21 -13 72 -40 -19 -19 2 -46 55 -18 -61 -48 -34 -72 -47 74 -68 36 -89 -62 -40 -92 14 10 -64 42 -9 -15 -30 60 -97 -91 -83 47 15 -5
-25 -64 -33 -46 -94 74 -73 -19 -80 -87 -6 54 55 -67 -1 -8 -12 -14 93 46 -96 36 -38 23 1 -40 -88 -70 -56 -74 13 -58 2 11 13 58 -43 2 14 -68 9 66 64 -27 16 -29 -17 -31 27 18 54 36 51 -19 58 -64 -55 16 88 83 90 77 100 -2 19 33 71 -64 -35 67 52 8 -44 9 15 -70 -70 75 74 -80 -45 -72 38 90 60 87 -22 -71 37 -18 -77
-83 1 -66 48 -2 -90 64 -55 -1 77 -40 -4 78 39 48 -53 -48 89 -8 53 74 -50 40 -73 51 -72 64 -57 -19 67 39 85 58 94 -97 23 19 -26 90 -41 -37 57 38 -13 -6 -12 51 32 -11 50 -98 -60 -5 25 -2 -17 -69 66 -61 -91 97 13 70 99 -81 -17 83 -85 80 49 92 -27 8 70 96 4 31 41 -48 -53 -76 -48 25 -30 78 -55 53 25 -74 -25 -60
-73 -32 -47 17 -97 -8 -33 15 80 -86 2 18 -96 9 95 -79 92 65 -72 57 22 49 87 14 -76 -17 96 -46 -87 -9 58 -72 26 63 -55 26 -49 -54 99 30 11 12 12 63 50 -92 -87 96 15 45 -2 91 15 -49 20 16 -83 -12 -45 -23 -85 100 -73 34 18 -15 90 -34 -98 79 -2 76 56 67 -99 -64 81 -36 63 38 -16 95 31 42 -63 -68 -45 -45 -53 -66 93
-98 -21 0 -69 46 82 -29 16 -64 32 68 -52 69 83 74 55 -47 -8 -11 -27 81 13 50 95 90 48 59 22 -69 -16 -77 36 12 -42 71 -15 -48 55 88 95 -50 -7 -74 -86 94 31 -66 71 30 -61 59 -32 -52 -73 83 26 -58 24 56 -93 61 -64 55 3 -80 -41 77 -82 93 -12 -19 74 -94 -27 -41 -52 -14 -39 67 -38 -93 78 -22 -52 67 -3 -35 19 3 78 -49
38 -36 -48 45 -98 6 9 54 69 -48 -41 62 47 73 49 12 52 85 -51 11 -46 -45 70 -50 -77 -77 25 -83 -56 -3 4 36 74 -59 44 58 -24 50 18 -89 10 61 -46 -90 -63 -57 -89 98 -79 -61 -82 69 -44 91 -83 -53 59 -49 -24 86 44 72 32 -5 -45 -86 0 1 70 -32 61 -94 -78 -39 49 -39 -85 16 29 -13 -76 89 -31 99 67 55 -95 -82 56 -77 29
21 -14 -41 53 88 -2 97 71 -97 77 99 -97 36 -80 55 81 52 51 15 14 -11 99 34 97 -22 -75 91 -43 57 -75 -20 -59 -27 0 72 -49 15 94 77 -50 -17 39 96 -38 57 57 -77 -18 -45 -85 49 -50 3 -95 -21 11 -99 -27 11 -19 33 22 -11 12 -53 -16 -3 -94 76 -72 -21 -40 70 -71 -53 -20 -83 24 41 84 65 88 18 66 -8 -53 78 35 0 -90 42
-59 -70 72 -38 -19 18 31 -69 -85 -93 79 -59 2 -96 55 32 88 -36 25 46 -18 43 -82 54 -92 98 -76 49 69 -87 38 -75 -14 33 -2 -1 53 -1 -79 21 -84 -24 -9 82 -96 -64 69 90 50 -85 -55 -91 -95 -4 -70 -7 -22 11 33 87 -36 1 15 -16 -66 -64 -19 -23 40 -50 -46 -31 -5 0 93 -45 22 74 15 -34 38 -36 35 18 8 17 29 14 6 -55 -11
93 -67 38 -73 -10 -41 100 0 34 -71 2 -18 -23 -13 -43 -84 69 55 59 -71 48 -40 36 -76 -6 8 53 -26 -22 -50 -97 -28 -91 11 -68 0 29 -49 -71 -69 -55 93 -17 -79 -70 8 92 80 45 -80 -49 70 52 -68 -56 -41 -64 -35 -91 72 -7 -35 -39 -61 21 -13 -82 -65 63 -28 28 -77 -33 32 -14 -49 -64 -50 9 -34 -42 12 -15 68 6 47 74 33 0 27 -44
55 55 -97 90 -67 57 73 1 88 -7 -22 -41 59 -86 -3 -49 -37 46 81 49 66 61 -64 -3 38 -55 -69 -16 60 -10 -11 -73 86 -81 -87 -16 47 59 -96 -95 63 95 91 -32 72 37 -71 49 -69 -30 -27 -90 -1 -91 -48 16 -81 -62 22 -60 -33 55 72 -71 27 -34 -83 94 4 57 -99 25 -32 -12 -52 41 92 -36 32 61 -15 -50 39 -91 -15 26 47 -90 -20 -59 -93
-4 83 -74 87 31 48 32 -71 -96 8 54 60 29 63 78 -14 -88 22 -28 -43 62 -85 -41 26 27 21 80 -54 -22 1 -34 38 74 -82 -81 -41 -19 51 89 -16 26 64 15 40 -22 -17 -25 -48 79 -24 -88 -27 -24 19 -40 -54 50 38 91 5 -15 -93 41 -20 36 12 94 -52 -18 -18 37 -90 -80 -97 78 -42 -61 -50 68 -86 28 -58 52 59 -55 -18 95 43 48 -88 -96
-29 70 -4 25 -97 -44 24 48 49 14 6 87 71 94 -14 -79 42 13 62 -24 -60 17 28 -60 -35 -62 -48 -74 57 -17 -72 26 89 -18 16 19 -19 32 -26 40 99 -46 15 84 79 40 68 -76 -80 52 21 -7 66 12 16 -19 52 -94 -51 -30 -80 -75 -23 62 -69 -36 77 83 -79 91 43 35 -58 -58 -91 96 -93 18 81 57 -77 -5 -75 -87 -48 -56 99 -22 -89 11 -87
-25 -3 84 0 -9 60 -75 22 -52 7 -48 26 -61 6 -43 12 -9 93 -88 30 30 39 15 -21 -51 67 -48 -61 39 -56 97 40 -56 67 -86 -16 -15 65 -36 -33 84 75 -67 72 -2 94 19 -9 52 -85 -90 -33 78 -86 -61 43 89 5 -38 43 57 -20 -55 -91 43 -67 -39 61 -56 -10 22 75 5 49 -75 40 95 -6 22 44 61 8 8 -42 -58 -10 67 -55 41 -4 -55
24 -13 -33 -34 -50 18 57 -97 28 -96 -18 95 -64 -52 53 -93 -82 -53 -64 -73 -2 20 24 10 1 24 -9 13 65 56 35 65 61 65 20 37 93 -54 27 -25 32 -42 38 -94 16 -27 -12 -75 7 61 -30 -3 -88 -43 71 72 20 -70 2 58 -1 51 62 46 -34 -25 24 50 56 -25 -27 -20 62 21 98 75 88 -13 1 70 86 97 12 33 -65 -82 26 -41 18 -49 -61
17 63 -34 10 35 -56 -70 30 24 33 -76 28 12 -55 42 61 -81 68 -92 40 -38 95 -37 36 -94 40 17 67 -15 55 68 -90 3 12 53 1 54 -66 -67 51 91 5 -34 -27 26 -66 47 -52 42 -63 -22 -83 77 63 -96 -12 1 -51 44 8 91 -16 -44 22 -97 -76 -37 9 -46 37 92 11 16 49 -47 -37 -6 -80 -78 -37 -65 -40 -22 -84 59 -54 -62 64 29 -37 -7
76 -22 8 -37 -64 -9 -79 -43 29 91 -56 -93 -14 59 -17 -7 58 -89 -69 86 -67 -54 8 -49 41 88 -14 -88 -3 80 46 20 -53 -16 59 77 -40 71 -79 -81 -47 -91 12 -33 -93 15 52 10 94 23 -4 -40 -25 -31 60 55 65 96 86 91 -1 78 50 -13 -7 -70 30 23 25 12 30 -51 57 -84 -69 19 98 1 43 15 75 -35 -98 99 84 -11 -96 -4 -82 63 -89
-87 -70 36 99 -16 -94 45 36 -92 -72 -71 -59 91 -47 36 -44 100 77 -28 10 54 -18 61 -27 -53 82 -84 55 -77 94 25 51 -51 9 -99 -76 80 67 -37 -62 72 48 -61 10 -44 29 -87 -40 -20 94 21 4 0 -7 99 78 68 11 10 71 -80 -84 74 94 59 -39 62 43 -33 -41 58 -77 63 63 6 -87 -18 26 -89 -82 -63 74 -73 -28 12 -70 -93 -28 -61 83 99
18 94 36 -10 42 -96 54 91 98 25 -55 44 -20 14 -90 93 30 18 3 -5 7 -25 -84 -81 -64 -91 -52 1 12 83 47 -7 86 27 -45 -7 86 -42 -45 -57 47 -87 55 -41 0 -32 36 -20 21 -73 67 -1 -23 72 -23 -48 -54 54 -37 97 -47 96 43 75 -27 1 3 -89 59 -12 13 55 84 60 -12 21 83 42 43 -23 -23 80 64 64 -97 -54 21 -57 -57 76 -69
79 -24 -18 83 -29 4 5 58 77 47 11 71 -18 46 -74 -75 -84 34 -42 -72 -19 -40 -16 -18 82 54 80 3 -89 -4 91 48 -97 92 26 66 5 63 26 19 -67 -74 33 -65 0 42 -13 -68 6 40 -70 -34 78 -84 -76 -57 89 -63 62 64 -3 -69 15 63 -66 -71 63 21 -34 -22 -66 -39 20 67 -31 -2 -5 -62 15 -73 -31 58 -23 -69 40 -77 88 -64 -14 -91 -55
-32 21 -95 67 98 -82 36 -95 31 41 57 27 -45 79 58 -17 -61 -8 11 85 -15 -32 -29 8 16 -66 31 96 86 39 77 -76 38 74 -46 20 -41 -76 88 -3 93 19 -32 -18 74 -80 88 -88 80 62 -72 66 -91 -17 63 -87 -52 -99 -27 -89 76 -27 -11 -29 -41 -56 -54 -2 25 76 98 94 -53 -32 98 43 -61 28 72 -82 -62 -2 -49 82 57 -55 -45 26 -63 0 -39
74 6 -63 -54 98 -57 -12 60 -91 -20 -30 -27 -40 -4 -45 37 6 27 -40 14 23 -76 -49 -85 65 49 -84 58 -73 -76 12 63 -99 -64 5 -17 -26 -15 26 62 85 53 51 37 -17 53 -32 -29 82 -92 -2 -41 -97 59 -29 -64 42 95 75 1 -86 -24 -60 -29 -52 -10 71 -79 66 42 -19 -38 41 -82 -55 -1 80 -30 77 98 68 100 44 -34 40 -45 -18 -47 -6 -71 -46
19 -55 66 69 -63 -77 37 -95 3 -14 -26 -46 70 -82 61 -31 30 46 95 83 76 16 94 -52 32 -72 0 29 -29 -99 -71 -75 -92 71 54 27 53 -75 7 17 33 19 16 28 20 80 -83 -8 95 -51 63 64 -82 2 -2 4 -8 67 53 -13 -37 23 53 -56 89 33 -1 57 -93 -49 34 -63 16 0 -67 -24 65 27 65 72 77 42 14 -88 -68 -59 -87 22 67 -69 71
61 -37 -52 24 38 13 -15 82 -5 78 -11 -55 -17 35 29 88 25 -78 -54 47 -1 28 32 -6 54 2 -81 -39 -88 19 -18 -79 -1 72 -57 -90 5 -99 53 11 -66 52 3 72 -91 95 -34 39 -12 41 -94 -61 55 49 -5 -59 39 -76 -6 60 -60 79 23 -24 -20 -42 -35 -28 -48 28 -31 13 78 79 -84 51 97 39 -16 52 60 -13 -49 95 -58 -57 -1 83 38 70 34
45 -88 80 82 -96 24 1 -30 44 99 46 55 85 6 60 5 -89 70 -17 6 11 70 28 -19 -87 62 11 41 -94 -40 20 29 32 71 45 -76 84 40 -51 42 44 19 8 85 -73 -14 -32 -30 -66 87 -4 76 25 85 -57 -24 -45 -67 8 -20 -4 89 10 13 -23 60 39 -24 33 24 -26 -88 54 98 77 78 22 -88 45 47 -34 -14 -87 31 -70 -50 90 75 -21 -59 3
-36 -35 -60 51 -72 44 29 -12 66 -21 43 -73 1 -72 85 18 71 -41 9 40 -48 90 90 67 -46 2 12 -8 -69 52 36 86 -90 35 29 -67 -40 5 -75 -1 -57 -35 -50 -18 97 93 40 50 50 46 43 20 72 54 -85 -3 -63 -4 20 -20 84 66 -35 88 21 88 -95 10 -7 -15 40 -59 17 -92 -92 61 -28 2 47 74 85 -82 -22 79 44 70 97 27 0 77 -6
-44 2 66 92 98 -43 24 19 55 -55 -77 2 -55 -50 12 50 26 62 -63 22 4 -77 44 1 -52 -96 -98 55 -78 -60 0 73 -38 33 54 -84 50 58 41 -63 -8 74 -97 6 -48 -6 56 3 -57 -54 -72 66 79 97 -28 -11 -73 -48 35 51 53 96 -70 69 27 -4 -44 11 -20 97 29 76 -71 -31 1 50 -67 87 -11 92 89 -99 57 -19 -28 -6 9 -14 -29 23 -25
-48 65 -88 79 -13 3 -32 -57 -20 75 5 -32 74 78 50 -27 1 60 59 -73 -40 68 -69 26 28 98 74 -40 -14 70 -69 0 -38 -31 33 27 -49 -58 57 83 19 59 -86 95 63 -61 -39 -65 -25 50 17 81 -20 68 40 -82 -44 -54 61 -51 28 2 -90 -87 -91 66 -82 1 -4 -40 82 36 52 25 -28 -50 -2 100 73 36 0 -54 22 80 12 -27 -24 81 95 66 88
43 -30 -20 -68 -90 -19 -10 51 -43 55 93 -15 -50 74 40 96 9 -12 -35 -24 -2 32 41 77 64 -93 -29 -90 80 -54 -51 38 -1 -96 24 43 19 -18 -84 -12 -3 -5 41 -56 77 -37 84 17 43 52 -7 -72 -29 -45 26 -94 92 -19 33 -1 -11 90 40 75 -12 -53 -30 -75 -35 84 5 14 43 61 87 28 46 98 66 -76 9 83 -90 53 -82 45 33 -47 -55 -49 -35
-17 -42 9 -58 -93 71 -97 -98 -24 -66 59 -96 -4 -76 -64 -67 -7 -36 -93 -82 -37 -74 -4 -58 -3 59 59 -37 -34 -30 5 26 -54 -2 -35 76 -77 -92 -81 24 -98 -36 32 -58 42 -69 -39 37 -70 18 10 -38 -20 72 12 -25 -94 55 87 -61 -90 -43 -6 51 35 57 24 61 30 -73 -97 68 59 58 29 -75 -20 13 -37 29 -4 15 -61 85 -54 -32 -90 59 97 44 -18
6 44 43 98 61 -65 -85 80 -43 9 -93 100 70 -19 -92 15 24 47 -74 3 -73 -4 -60 74 88 58 45 31 15 -58 -96 60 -89 -3 75 58 93 98 8 -16 -63 22 -51 66 41 86 -74 90 -36 54 25 -28 -72 59 46 -68 -71 -41 89 -30 47 77 54 -83 18 3 39 -58 5 -64 84 75 52 43 -8 -60 75 91 -28 98 -36 -3 67 -37 100 8 50 27 44 -83 9
68 55 -15 -7 14 12 -12 -12 33 -38 52 -68 -33 -62 27 57 95 -42 -8 67 92 -27 -87 -96 84 95 -82 26 -4 -77 -88 -48 81 59 16 0 41 -64 -44 54 80 48 -92 27 78 16 -45 60 -34 -88 -55 -18 50 -6 -27 -21 10 85 72 100 -13 52 44 -13 -36 -49 20 12 -53 -45 -75 40 -10 91 -94 37 -34 90 -67 45 -50 -93 -23 -88 65 -25 13 17 -31 34 -77
-29 12 11 -34 -34 17 94 -46 -30 89 80 85 -90 -72 -58 83 70 18 19 -97 -73 -38 20 -51 -49 -66 33 -42 78 54 66 -86 -69 60 99 -7 -19 -83 -18 -19 -57 45 -60 -17 70 97 95 50 66 38 47 -91 -89 79 -25 -15 -81 -5 75 98 37 -3 17 99 -80 -19 48 -30 -13 -12 -87 67 -99 77 33 -16 2 -2 -87 -59 21 -58 -78 25 -72 -88 -56 1 2 -10 -14
-73 -5 -55 -22 -56 -25 28 71 -20 -91 65 -51 86 2 67 -82 18 87 -54 -97 78 76 -59 49 49 -65 -38 -29 -63 5 73 33 9 -52 -1 -21 71 -38 -26 19 3 -58 57 -28 -85 97 68 -68 3 -32 34 55 -30 89 49 40 40 40 97 27 -68 13 90 100 98 -93 26 -98 -31 15 -75 -15 75 59 -57 83 37 6 -3 -38 38 34 -54 99 -43 42 21 -46 -13 -18 -32
-2 95 -99 43 0 -64 -91 71 -8 -75 89 62 84 -8 72 71 -42 98 -74 17 -31 32 65 -91 -88 -94 -38 -99 83 -84 -2 99 15 62 -87 -62 -16 6 38 -23 -51 -98 -28 -2 -47 95 56 87 73 -60 35 -85 95 12 33 71 -22 23 -19 77 24 -31 44 15 -55 29 5 81 -31 -47 33 -75 -31 23 -12 -9 -62 -61 24 64 56 -24 -37 41 -97 6 -75 85 77 22 64
73 44 -58 -61 -16 33 87 21 -82 -18 27 11 -66 -40 -59 78 -33 70 17 -52 -71 47 -78 -79 69 -2 -46 -79 -13 69 36 21 -83 -61 29 -24 -39 76 -63 13 -36 35 90 23 -31 -90 -52 76 -72 86 12 -89 12 50 6 -87 69 -57 53 91 84 22 -99 98 77 -70 28 -97 86 -36 -1 42 54 21 -70 74 9 -73 -57 84 -48 -24 -72 86 13 -76 71 -17 -28 -97 -78
-67 -27 -92 84 -6 -59 4 -50 -29 -60 14 -3 -98 82 23 -51 -16 75 -9 -28 -31 74 -88 33 -11 97 19 -22 39 -74 81 -99 59 25 74 86 -7 -95 -50 -96 -55 55 -58 -1 -1 83 -34 -79 -59 34 65 93 71 -87 -47 83 -17 27 17 51 53 -50 25 -22 -93 60 -58 -25 -5 94 -21 -36 -51 -78 0 -32 -16 -27 -83 49 28 -61 -21 -57 82 83 -17 -45 -15 56 12
-66 38 -62 -52 38 39 76 -14 43 12 -82 39 32 10 -30 16 -59 53 99 -16 -86 -30 -46 -89 45 78 3 15 -28 -65 -60 22 95 29 -43 93 4 -69 2 28 -82 40 -2 -25 -25 77 -22 -7 50 -45 -93 -36 -42 -46 -30 51 21 -64 36 100 -21 -44 66 -84 25 -42 75 -72 88 -43 53 -26 -21 20 66 -25 94 -78 15 65 -29 -4 0 -68 67 33 -97 17 -79 -13 -76
82 -46 45 -50 82 -7 21 -88 42 39 -9 -81 -99 -73 -45 95 -95 48 -20 12 -85 75 78 62 -11 -68 43 30 30 38 -30 54 22 -9 -11 -99 -28 3 -98 -88 -9 52 -43 4 13 -34 32 55 -93 -23 88 62 34 -96 12 97 -6 -82 -4 11 70 -80 67 22 51 -51 66 -45 -90 -13 85 79 -22 -29 77 89 -38 -60 1 -97 1 53 -79 1 -85 92 -79 69 -40 -92 55
-55 77 19 33 -16 -98 25 78 -85 92 -84 -89 89 -81 57 81 41 8 -83 90 -12 14 -23 -91 -80 75 -28 84 46 33 -6 33 -83 -73 -54 57 48 34 -50 -43 -70 26 3 -58 74 90 48 21 89 11 92 45 32 86 32 -42 55 4 -29 -2 -88 -20 -36 -51 -78 -41 -94 -75 42 -84 56 12 -85 -85 -44 -48 -82 -32 78 22 -67 -33 -98 95 9 -90 14 -96 -45 59 39
36 -73 18 -25 -64 -59 -61 -57 -85 41 -97 27 95 -37 -3 83 -8 33 -3 -49 -32 -48 63 63 -91 17 -71 -97 -16 -17 28 -78 -13 -89 42 6 54 33 -90 -91 -59 -77 -65 44 18 -43 -94 44 18 -97 -12 -91 -41 22 -23 -38 -94 13 11 -88 -94 0 91 -31 70 -44 -99 77 26 27 -77 48 73 -84 -31 -66 -88 -42 16 -46 -53 -60 25 70 86 20 15 -83 -86 -54 33
20 66 74 -61 23 96 35 -23 -63 65 54 24 3 10 22 88 61 22 -39 -23 -54 -11 28 -16 -99 66 -10 71 -38 97 -69 -17 96 -45 -40 2 -86 63 -66 -95 -4 -89 95 63 -5 -68 -42 88 -75 -73 -93 50 64 -18 -36 38 7 79 39 19 -66 11 43 -80 -98 10 87 91 68 63 66 -62 -36 -57 34 -3 -44 12 -88 94 43 80 80 -97 32 -79 -2 -81 -82 24 52
24 61 85 0 24 -68 10 42 33 18 2 -21 31 -91 -18 -7 -58 -47 -20 48 -34 34 -43 -45 -92 -11 -15 63 38 32 -54 88 -14 -78 -15 52 -13 45 64 62 -22 56 85 -66 85 65 -16 51 -10 56 -22 -6 11 -42 2 -72 85 20 -83 -45 -89 -96 -40 -57 45 -53 53 21 38 -42 88 30 0 -86 -3 69 -17 -58 -96 90 -63 51 -95 -70 97 -68 82 52 -50 41 86
55 -89 51 -9 95 85 74 -76 46 69 1 -18 31 -32 27 -3 5 81 -49 -61 50 43 -1 45 -91 -68 -25 -46 90 -62 64 49 -3 -47 100 83 -55 94 -68 -86 19 -54 -3 -59 4 -90 57 81 27 88 -47 29 48 -32 32 -54 -43 -15 11 -27 48 87 -99 -69 -13 -31 -57 8 -12 -85 52 99 -9 76 -37 73 58 54 78 37 -55 7 15 9 -56 19 -95 76 39 68 4
72 63 63 67 -42 59 28 -56 49 42 -46 64 -45 -88 -68 16 -96 -68 100 -90 69 -99 99 77 -92 85 -86 -80 -64 -65 64 -25 -65 61 24 47 -16 34 13 52 -62 -57 85 -30 -1 33 -80 -47 -92 71 -76 7 -66 -15 -17 63 98 -44 47 -73 88 -78 -79 -97 -19 38 -20 -11 -68 69 65 -34 -87 8 74 -49 -30 6 -68 -87 -78 -42 -78 91 18 -77 -9 -30 86 32 40
35 -38 -6 -61 -96 -89 -99 -88 -79 -10 -50 43 2 64 56 11 -93 -64 35 -62 -11 -51 30 -23 23 -97 -99 -40 0 -75 54 79 39 -47 -35 27 79 -15 31 64 -50 -93 -5 -24 61 -68 68 53 33 85 -68 -7 96 66 -21 -89 23 8 61 -67 -8 -5 -39 89 -15 -95 13 85 71 46 63 -56 26 -19 -17 51 57 24 64 -36 -89 -83 77 -62 5 61 80 22 7 -87 -91
59 83 59 -26 58 75 46 24 -76 -76 -93 82 -92 -1 50 -19 -16 53 33 47 84 95 12 18 -45 -53 73 -47 100 -22 86 59 -27 23 -46 -32 -66 -30 5 56 -84 18 -28 83 -88 66 69 -5 68 18 -21 93 -55 86 14 -65 48 43 -69 -5 -77 46 -92 -78 -57 -33 -5 68 -31 -62 -80 59 10 -58 52 -41 -72 46 90 20 -14 94 97 40 87 -89 8 -48 28 83 -97
2 0 45 -27 53 -34 15 -44 37 47 39 -67 27 -7 59 -8 -7 79 25 -59 -29 14 3 -88 -39 66 72 61 49 35 86 48 65 -33 19 -9 66 -11 99 22 -40 -37 -84 87 -66 -75 -35 92 30 -45 -35 -62 -98 -43 16 -4 -42 -66 -69 97 -74 -6 89 91 -51 52 30 -67 -52 1 96 -64 88 -29 14 42 31 43 73 43 58 78 71 -35 8 26 22 64 -5 -58 69
-48 -77 -68 78 -44 1 -13 56 -29 71 -83 89 -68 -38 -15 -39 58 -7 6 50 -22 -48 -82 91 75 -67 -6 43 -95 19 24 -54 -50 85 61 -53 -66 -14 80 78 -59 46 -99 -21 -17 -86 -37 -71 -61 -94 -77 44 5 -92 37 -76 63 -72 40 -70 59 51 -2 -82 -89 -18 82 -53 -98 3 -49 -44 -65 47 -2 -31 -60 -85 83 41 2 -11 85 -85 -89 59 -48 -8 -43 95 81
-33 65 6 -91 4 88 -21 94 -37 24 41 -37 86 -10 -35 59 54 81 -39 -50 79 -63 53 64 20 -19 97 -85 -71 89 -75 -16 -73 64 25 -15 17 -28 72 86 -66 -41 95 18 -40 -44 -92 -87 -7 39 -22 -47 -67 -82 24 9 74 91 25 66 -93 -25 -10 17 37 20 95 62 -95 39 -54 -11 -48 0 -70 14 -11 39 80 35 75 -51 -65 -58 -65 92 -47 -20 25 44 63
-95 -60 -21 -18 89 -59 -56 -19 64 -72 13 -85 32 45 -90 13 -51 98 42 -19 -26 -22 -11 30 -78 -45 63 76 -77 -19 85 89 -76 39 90 81 59 67 49 39 -29 25 10 -8 34 98 -89 37 33 -85 -71 63 5 -87 12 -85 56 -85 19 61 13 -93 -14 64 -65 31 62 91 60 -4 91 96 99 -94 -86 -18 55 -94 92 62 -25 91 -24 90 60 69 -11 1 -26 85 93
-56 19 6 -74 26 29 9 -91 0 -81 43 41 12 -76 13 74 95 -92 17 44 91 -45 -16 -84 -86 32 80 -3 -27 15 75 71 97 -77 59 38 51 100 49 -78 60 8 76 8 8 -39 -9 76 -95 44 -5 -47 32 57 -76 39 99 28 8 56 -54 -42 65 79 100 -16 -52 -99 62 86 74 -47 -21 84 -44 -12 -24 -56 -37 -90 -90 -93 37 -88 -70 77 44 15 -87 92 0
-95 -83 -7 -99 24 -67 -81 47 96 40 -56 -46 87 98 -98 -90 8 -9 3 -41 91 92 -10 -38 69 85 67 -84 15 -79 53 -67 -91 41 -22 97 14 -24 75 31 -37 -35 -81 -77 -42 27 35 -66 89 -7 -56 -99 23 93 81 87 -45 -52 -9 47 -53 -67 -70 -38 -32 -5 86 -22 77 89 17 65 66 -89 61 90 -28 99 14 -32 -22 27 81 42 -10 63 -98 -10 31 44 -44
-38 95 -22 -72 -45 -75 -9 90 68 -94 76 4 -48 8 -75 -57 2 -93 70 99 -47 -72 73 75 -70 61 -3 -21 5 100 32 24 -94 -81 12 98 -84 -15 -48 88 67 15 53 -8 -24 66 49 1 -47 89 1 -97 -28 -97 -2 -94 48 -58 82 -68 -1 -65 92 93 -48 -32 0 77 -6 8 50 61 -70 -38 40 -78 -11 -45 87 -89 -7 73 -66 37 -51 -61 15 -30 -62 -57 52
-36 -55 -60 86 96 43 93 96 84 47 29 -94 29 -18 85 -95 -35 -5 88 68 -52 -57 -32 42 -6 -39 7 -57 -1 58 75 22 79 -35 -2 55 38 69 -71 97 -85 34 -43 51 -12 91 -98 85 86 87 -3 -4 70 -89 -88 -62 73 -13 64 -85 -35 -27 70 -53 -78 18 26 46 1 76 -70 -16 87 52 44 43 -19 53 -15 6 -16 -84 -59 34 56 -4 -65 -48 -25 79 89
-26 -49 22 -4 -79 24 -87 -36 -83 -98 -22 11 -65 -85 19 69 3 -18 72 -24 41 23 -65 -91 -46 77 -92 -65 97 -41 -87 95 -59 -93 19 74 35 -82 -81 -40 -80 -31 43 -47 92 -84 -14 69 -39 -23 -25 56 3 -72 3 -71 58 -61 25 -82 -14 -51 -82 -50 4 -28 86 42 -75 -33 -95 49 -28 -91 69 14 -63 21 -51 -24 49 76 -73 -10 22 -34 -76 29 -5 76 56
31 21 70 -55 -38 -75 21 60 42 35 71 98 67 -60 -64 -94 -96 28 34 57 -71 -66 -71 -60 13 -65 -82 -2 60 -13 93 -91 -58 72 -35 -18 -34 87 59 -95 29 -31 83 -41 28 77 -27 7 58 31 40 -7 21 -19 13 -78 -39 -69 -53 54 26 -82 42 51 -40 5 -42 -55 86 -4 18 64 7 -37 -66 59 -34 19 31 16 79 80 42 9 -80 -55 77 -76 46 68 41
94 61 -57 63 23 -41 90 94 47 -40 72 -17 -57 60 37 -11 -87 46 73 36 1 -10 81 -11 -43 -11 -25 43 80 -40 -96 45 68 -81 75 88 -51 49 74 64 43 54 -48 52 -72 -16 -37 -45 96 7 -21 -90 21 24 -80 44 42 -23 66 -12 -64 27 81 -6 -84 -36 69 -71 -47 -71 -64 -71 -94 69 -24 -75 24 -32 -71 -27 -79 38 -90 19 34 10 0 59 83 -17 -65
-20 32 92 -51 21 81 74 -54 -74 79 59 50 100 -74 40 83 -96 42 38 11 -91 -14 -25 38 -75 74 81 -92 47 -44 93 57 -26 -74 54 -82 33 7 -61 54 10 42 11 75 -58 53 -52 54 -64 -4 -56 -11 26 -18 -91 94 -63 49 -89 66 91 82 -60 -99 24 44 76 10 -14 34 27 92 51 -96 -35 -90 26 42 -91 -52 -39 8 -95 -85 -43 90 -43 3 35 5 10
-27 20 56 99 -57 -83 16 -92 100 29 94 0 48 -37 83 -75 81 52 -46 -2 -6 62 59 -99 97 -84 -32 27 -8 -73 -32 -27 57 -91 58 -12 -78 -96 43 82 -17 62 8 28 -49 -16 -33 -56 39 17 64 -84 27 69 -79 -24 59 51 70 -38 -62 1 -96 28 97 50 20 -36 26 15 84 -8 -47 -97 59 27 -92 68 -14 -23 -28 -36 8 43 -28 56 -90 -17 29 -19 -9
39 -4 84 39 -28 -61 -88 75 79 -76 -92 -90 43 -3 14 100 -69 -68 20 -82 20 -44 -31 -90 -26 32 92 -75 -60 12 -50 64 -91 91 14 81 31 -78 -62 -14 56 76 -76 -84 -96 -1 -41 -91 -10 -93 60 -88 85 -37 61 -17 -6 20 -50 -69 -59 -30 -21 -20 -22 -38 -87 -68 11 26 5 45 19 77 11 -69 26 66 93 52 56 68 -96 -4 -64 45 -20 -51 91 83 0
-44 53 52 63 -65 -16 22 -77 -38 -29 7 28 81 6 91 -11 -89 -59 -44 84 -20 -10 -12 -76 -2 -79 30 17 63 52 98 -73 28 32 39 6 85 -93 -54 94 -32 98 53 4 80 -61 -21 -26 -69 5 40 57 -78 12 -58 -44 17 -67 2 40 86 -46 84 30 -18 -54 -43 -3 -85 96 -45 31 -78 55 48 -32 88 -1 97 58 69 22 2 -81 41 -82 -57 -92 -78 -66 45
-91 56 32 94 27 -16 -81 -13 -72 44 59 61 -45 -13 3 92 -20 -99 -59 -8 -43 87 68 78 -86 21 87 74 -41 -11 26 51 77 32 92 -20 -31 -76 -76 94 9 76 16 99 -44 -39 35 77 29 57 66 -67 -22 -90 100 48 -81 10 68 12 51 54 -44 8 -36 -86 56 73 92 15 84 -40 -81 -64 90 -55 -81 54 12 -81 -90 58 -62 19 87 -66 9 36 -62 -43 40
56 -78 -15 24 56 -19 -61 -8 9 -17 -44 58 39 -61 -86 46 4 95 -33 -96 54 -69 -12 96 87 -98 90 55 38 -91 -7 65 27 57 -7 43 -89 36 -34 -7 -55 40 73 -92 93 59 -16 7 -8 -54 40 5 47 -63 -79 -15 44 93 -88 58 -46 -26 66 -88 24 93 11 79 -87 21 -73 -73 85 -23 16 -11 96 34 78 -61 -80 67 -44 -10 36 -53 71 57 95 -2 10
-50 36 25 20 -36 -76 -40 99 -86 -62 86 66 86 -8 95 -50 66 67 -83 -2 -53 96 -98 -31 -8 -38 94 81 44 -52 -98 -59 55 64 -15 -84 55 66 -65 -83 70 -57 48 44 57 -81 94 23 -91 -15 55 30 -2 78 -10 73 29 -59 93 99 -75 -90 -71 76 -70 -46 74 -91 -58 -17 -34 44 17 -86 -63 96 -91 61 82 -34 -28 80 61 73 14 59 -16 65 -46 -54 85
-94 -16 -31 -53 -51 -47 70 -63 -85 -44 -81 73 94 -58 -48 -68 -22 -27 -17 -49 -80 -63 -61 34 -84 64 6 -87 -60 -4 -53 -47 73 83 -86 -8 -38 -38 -31 -31 -21 -73 5 -5 -19 -54 70 14 -57 62 -80 33 58 2 61 -38 82 -49 48 -85 -24 70 69 -3 -84 -80 -11 -4 -80 16 -27 7 88 48 5 -54 -3 55 6 -14 -15 76 5 -76 13 26 -36 90 -17 -56 -88
