15
-1 -4 -11 62 39 -13 77 -69 35 63 63 -42 -66 -82 -28
49 -84 19 21 -60 78 -21 -31 100 24 22 91 -59 39 -1
87 29 -50 26 -43 -1 71 98 -18 25 38 92 68 -46 17
-37 -58 75 -20 -96 -40 -55 -22 -50 57 -12 -74 -88 -34 -24
-66 72 12 -3 -23 -28 66 45 87 -74 -11 -15 79 57 30
-16 -90 -68 -90 -75 51 84 17 92 8 74 -24 42 2 -27
-79 -10 65 30 49 55 75 7 -7 -77 -77 46 14 25 -80
-12 -54 3 -56 100 -31 -52 91 -14 -90 98 27 -38 -29 0
-63 -6 -65 -85 67 -91 82 31 1 13 -76 21 -8 -36 36
-21 22 79 -11 88 -21 56 66 18 24 -34 -71 -26 -30 -77
14 19 87 -70 -26 44 -15 51 4 -72 88 44 65 -56 -79
-51 68 4 84 -24 -71 -62 76 -76 -27 -4 -80 53 0 45
-74 -39 59 0 95 65 41 68 54 90 -30 -96 -55 95 -13
79 -6 29 17 -88 16 58 51 93 14 -85 -56 94 -59 1
-74 98 21 7 -39 49 -26 67 100 32 6 94 -54 41 -13
