34
-64 20 -92 57 86 -77 38 87 62 32 -58 70 55 -4 61 -74 -87 92 -79 -5 39 47 74 19 -70 -56 -89 28 -77 -36 -71 -20 -76 77
19 -70 99 -27 -44 26 12 -17 -20 -81 58 46 47 8 -6 89 -56 68 -19 62 61 -86 -41 59 35 -30 48 -83 14 63 79 -97 55 30
-26 -68 -61 55 -42 -65 83 2 -32 63 77 38 -28 -63 47 34 18 21 67 78 51 -77 -69 -84 -21 -34 -54 8 61 78 -91 95 -46 92
28 19 88 6 17 -12 20 -78 -92 27 -29 -57 80 -96 82 23 62 -5 64 -15 -60 47 21 -60 -55 -13 42 -11 7 -70 84 -79 46 2
-50 -66 89 9 -86 59 -40 12 27 97 -31 65 74 49 -37 84 44 100 88 -17 68 50 22 -21 -54 90 -29 51 -9 -8 -61 71 44 -60
24 94 -98 -73 -60 -84 16 -23 -75 -13 30 -90 -27 30 -71 -49 -19 -15 75 -36 -10 -68 -95 -33 92 54 0 -85 56 94 -75 36 -56 -11
-42 49 -67 64 -2 -60 -48 57 49 -22 -7 -28 -12 13 -26 -49 -89 -82 -35 27 -77 -56 -26 -56 -22 -79 -88 -84 -81 -15 70 36 -21 29
-10 67 -55 85 70 47 95 -39 -53 -45 49 19 -65 -25 -61 69 22 -36 51 -61 46 -77 -95 83 -24 13 21 73 -41 29 83 23 -4 -54
92 66 76 -47 -28 -97 78 -41 44 -20 -75 -37 60 92 -42 -94 -17 -54 -82 -44 34 -1 -4 52 50 14 -2 93 -71 -52 83 -80 -35 61
-36 66 -59 -79 24 -78 9 -66 82 -31 45 -97 -15 81 -95 42 -4 40 16 56 -97 78 -61 -35 15 -31 -22 -89 70 18 -74 -61 -44 64
-18 74 -14 83 44 -53 28 -37 -86 -45 98 -97 -26 55 99 -71 64 42 -17 62 28 -62 86 35 97 -76 50 20 -35 -88 63 30 98 -17
43 -44 -32 24 -99 -17 24 83 62 -59 -5 93 -42 -92 37 -22 53 25 -7 64 88 -55 34 39 51 56 -60 7 81 -88 13 -45 61 -71
-45 1 3 -73 34 27 89 66 -38 -81 27 30 -85 -38 56 -38 79 -44 -25 78 -62 77 -43 61 72 70 -50 -22 3 74 -60 63 95 18
33 -79 45 71 -42 -9 -24 11 -58 -31 95 41 -78 -42 15 75 1 -27 -83 9 -21 -91 -59 -41 58 -8 33 -96 14 90 98 -58 4 71
-84 -60 2 43 -87 -77 -79 -53 -27 -40 87 48 96 -10 32 20 -91 96 57 61 23 71 -39 22 -85 -63 -75 -27 -82 -29 -98 -1 35 69
-72 -33 9 35 -86 -2 -65 69 29 -43 -27 -52 50 30 -15 -68 -35 -88 50 81 -72 -48 76 -30 69 -36 24 -29 12 60 -57 86 -3 -22
68 -95 11 88 -37 19 70 -40 -14 -25 67 -26 26 83 -39 -70 41 -61 -22 18 -88 -26 -44 -27 -12 -37 51 98 -53 12 45 38 -35 95
34 4 -19 -34 -2 94 -6 61 21 -54 -58 40 -63 40 18 -25 27 16 -20 42 84 -55 -82 30 -42 28 -12 -30 -92 -73 -22 27 -62 -3
64 58 75 -37 35 -48 29 -67 -16 -88 -5 22 -16 -94 79 -73 -13 64 89 70 -38 41 -55 56 -51 -76 -99 42 29 87 55 -95 -56 -68
-49 26 -89 84 80 -77 -75 -58 -47 39 94 0 -22 -55 -39 62 17 40 4 25 -96 -71 27 22 -67 -61 84 15 94 -21 -22 -49 -90 -65
27 87 -71 -81 96 -50 -97 32 -7 -51 57 99 -69 -24 -10 -94 -64 8 79 11 24 5 -9 -43 -79 -87 65 -34 -31 40 -11 -73 19 3
27 -57 -18 -44 3 -4 -26 4 -10 -63 76 -88 -28 -7 -87 -14 35 18 27 36 0 -68 17 55 -50 88 -23 -87 16 -26 -69 -51 -28 30
34 -11 39 -32 23 50 -1 -96 41 60 -64 33 45 77 -49 50 -19 -49 -44 -51 -15 -2 -32 -12 -89 64 -85 63 87 41 16 72 -64 52
-97 8 -15 -45 -89 66 13 47 -2 20 -34 -85 -42 -17 28 59 87 12 -69 -38 -85 -66 94 88 41 -2 3 -5 9 65 -11 93 -71 -26
-40 59 -30 4 77 -59 26 17 34 81 -50 -19 28 -30 -68 -20 -69 -1 -37 -38 -85 -50 -49 -48 -5 62 -35 37 -12 36 -65 -87 -88 -11
4 -53 -68 -93 7 10 19 -77 82 -96 16 42 -48 -86 -89 96 36 -60 97 13 -95 97 -61 24 86 -16 90 54 -3 75 77 15 -71 -47
6 -68 98 83 -26 -83 55 -76 4 31 -90 25 98 -62 34 47 61 -95 -70 52 -34 27 66 46 10 94 0 48 66 -85 -66 3 80 68
-65 33 -73 50 -17 5 21 -85 -69 -2 80 -47 -14 -79 -94 30 7 -2 -94 35 68 27 -56 -32 100 29 -19 -50 -67 94 -19 56 57 -8
-86 -81 -56 39 94 -60 75 -92 -76 1 -89 -43 20 -63 35 -46 -71 -90 -80 11 9 41 -59 -98 -80 -5 -44 20 -31 42 -99 19 51 32
-92 -10 -93 14 1 72 84 -83 -4 31 32 21 19 -67 25 62 26 35 24 -36 -66 -50 89 -24 -82 -21 -7 -24 78 -34 22 33 17 94
-31 -69 -62 -59 -22 -13 87 44 -79 38 -37 -53 -68 -16 63 29 66 -75 -84 -63 -86 63 -9 14 49 -2 -7 -10 6 85 26 67 68 17
-54 8 27 -27 4 -98 -69 -48 15 -50 63 8 -70 -58 82 -56 -13 -75 -48 13 -5 -48 3 -50 -46 -17 49 -86 -61 -22 30 -85 -60 36
12 -72 -99 58 -13 40 -94 -19 22 -78 -66 74 60 -22 46 83 -88 -58 79 71 -90 30 -11 20 -55 -86 41 -35 -74 -35 45 -10 -65 -81
-32 12 -83 33 25 -14 61 -7 49 86 -83 -90 66 -87 4 13 -51 85 -45 81 -19 26 -84 74 30 81 29 -68 -31 26 65 -80 -73 -24
