80
779 271 324 -696 -511 -593 -978 191 -944 293 528 375 678 903 74 -878 -689 668 512 762 731 -797 -699 756 -598 -240 -954 -318 518 561 -512 -621 -915 -977 111 -939 -262 735 -780 -53 703 -344 369 265 -511 -145 325 -564 816 -3 991 647 946 -589 368 -9 -805 -796 -542 -360 506 672 495 529 835 -94 -241 827 -284 735 513 927 919 -34 -139 540 -509 487 660 -952
47 -588 29 -994 -332 -892 -723 -250 110 -498 -566 978 -641 771 940 420 704 140 -23 -771 677 -125 -597 -848 187 -387 -913 661 784 996 -931 474 911 -621 15 868 103 587 817 643 -744 -109 -477 579 649 -388 733 207 -744 -318 976 560 -81 -962 293 -429 735 -600 420 712 588 -166 419 310 -235 800 729 -563 -594 -52 574 691 588 582 961 -416 -468 672 -363 -891
224 919 857 839 983 293 51 314 -888 -108 -24 776 -821 -227 586 -495 -460 -18 223 844 -52 -438 906 -389 382 -421 -152 -756 859 338 -40 732 -181 143 -568 -457 -15 -196 185 714 761 -253 -914 378 -544 513 630 -691 448 178 756 -155 -713 299 -937 -227 323 -10 -453 -4 204 -792 -949 215 -706 255 -560 -813 961 -473 331 776 -617 -308 555 -63 -479 473 172 143
-786 -33 -964 45 49 -319 507 239 -898 -484 -625 -300 -974 -524 -352 746 700 -182 854 0 -69 -951 894 758 405 -64 -829 417 -160 -294 127 380 -415 329 813 584 -192 -431 265 -893 -940 912 -969 -682 -304 955 -307 425 -679 -172 -610 673 -493 -600 -300 -486 -409 -764 761 -193 579 712 978 870 430 -380 585 649 -298 367 757 591 264 630 152 953 -629 -111 229 136
-934 833 588 443 -132 -426 163 -714 -942 -115 -734 -97 -116 -457 -165 -382 -296 644 501 341 -600 -898 -316 -299 -721 195 -874 -337 663 762 764 251 -62 -474 -381 -46 636 568 990 320 -871 -146 482 -300 -16 -134 -867 -507 3 222 -572 879 -134 387 840 715 907 -359 212 108 -135 185 726 -842 710 -666 199 393 405 -223 -23 -885 897 172 -68 499 -237 742 -115 -735
-12 853 -85 -708 -352 898 407 660 -669 -82 631 757 -973 483 487 381 -327 725 878 468 941 -41 536 954 621 394 821 -625 329 -769 237 156 -498 878 622 911 846 383 756 115 568 -42 771 -866 -166 316 372 596 -1 920 -54 -696 678 444 -753 -861 241 -580 -464 -803 -234 713 674 1000 694 -805 400 -595 -457 -402 -974 -962 801 -253 27 -182 -319 -200 879 111
829 370 -497 825 -171 -507 851 -439 -382 -170 867 881 -66 -72 -399 923 351 610 -26 -311 -655 658 280 -696 735 -741 -604 542 -98 -966 -642 -110 854 887 611 -534 -610 678 -217 -737 -765 -100 -401 -626 -955 79 -787 744 830 791 84 -936 -529 -623 -937 276 56 322 -302 -963 900 535 20 577 -257 187 888 208 -731 -653 575 235 -551 211 779 -824 -770 -525 570 258
-507 316 285 -50 -732 -227 -92 40 -785 -838 -24 -372 374 -221 981 880 -885 195 850 -546 -386 -545 -497 128 -25 -658 217 -540 463 -344 -452 -465 -197 583 102 -98 -251 -950 -700 -937 -455 25 -597 926 810 594 181 -749 -513 -350 -601 825 93 495 -85 -30 -911 978 734 501 890 -366 -9 434 913 91 -221 -196 951 -786 -6 -939 825 386 -641 -376 402 -632 217 -833
989 236 393 -908 598 199 -361 101 12 -591 -67 176 932 -252 336 -786 925 -116 903 -51 -260 -853 441 -890 -588 665 -505 -19 -509 -248 -669 -890 892 -747 972 -860 -324 -549 535 -900 -53 193 -868 -231 -558 452 -694 889 179 -49 871 -187 489 -778 -841 -802 -419 595 200 466 546 -761 -311 -435 -995 -782 -683 -452 -443 158 16 237 67 278 284 -621 86 -348 504 -986
-170 199 406 535 -494 -461 328 -272 24 -45 -362 -150 705 -231 734 -104 839 358 -792 -335 -45 741 -235 315 151 690 68 -189 629 -423 896 -183 842 40 -38 -777 -853 -122 910 -830 -438 333 -572 -470 357 -622 -986 348 -421 518 377 710 -805 -363 -870 394 -996 -5 550 -644 83 422 181 470 964 -521 -923 667 -904 338 655 839 -586 421 663 -475 -670 -938 37 171
-657 -60 -805 848 690 -993 307 -610 100 68 71 -701 -668 -815 -996 289 695 -825 -805 -428 508 748 -963 995 577 -960 915 -944 875 440 -593 283 86 182 -493 403 -326 -934 -748 -933 -394 -415 714 -37 107 908 999 -163 -633 -116 -799 -840 -915 1000 718 667 574 -527 171 -17 566 -67 -359 46 133 -689 -331 -606 -696 -232 978 261 -253 -281 692 408 974 -644 -804 368
457 -182 75 -197 -995 -438 181 193 849 -484 116 -475 278 441 -202 233 15 756 564 753 656 -641 -961 -671 -158 473 -199 -960 0 693 -211 -467 641 566 253 736 34 454 -282 -726 -817 -682 -254 550 -914 -225 905 705 153 -600 69 -971 -26 289 -703 641 564 651 -580 -27 564 -358 864 -584 -494 211 -710 636 302 975 821 -630 -85 466 920 903 -44 709 552 -920
-490 367 11 66 -546 -958 811 842 815 226 -990 667 -609 304 360 22 -288 -155 935 -973 150 970 215 789 -326 -796 843 -276 282 -579 -842 724 -38 -467 875 -997 -5 872 -63 -32 -762 336 -497 -681 758 859 -535 729 975 -480 855 -24 -705 363 479 15 -625 -624 702 -616 -11 -548 824 -744 -358 23 -407 -875 547 -747 -73 919 -962 44 -585 -836 939 223 72 22
868 -183 15 847 219 470 368 -995 -626 683 422 656 73 -778 208 -345 -823 -752 -215 -29 584 -802 545 -908 986 359 925 -161 595 832 839 961 -925 387 -829 285 671 526 -48 145 76 -56 -185 -969 -6 -114 -956 23 -164 -884 734 -758 256 935 -108 713 79 678 -267 115 450 -271 -916 -962 -2 114 -393 437 846 569 -190 -112 -788 -789 -635 -798 684 -70 -953 -69
933 -49 924 317 237 -204 -574 -901 608 494 405 -531 92 360 330 593 364 603 638 -68 30 249 -837 -434 -717 -167 -941 -828 179 924 -500 -810 315 -994 793 976 -268 -936 -335 -497 897 -845 911 -751 293 -969 517 686 -850 -367 413 -554 514 -238 765 -48 -316 180 38 -766 35 841 425 -434 -848 908 -201 -375 297 552 -572 -473 327 423 -633 -382 -720 786 -719 586
538 -408 -169 742 -675 122 -675 -184 -316 515 -655 223 960 -524 -990 -618 -648 -707 -469 -230 -192 -680 239 952 -683 -544 194 933 883 175 706 583 -349 820 -703 992 645 -109 448 588 -378 -137 -983 -896 -67 963 -967 242 935 22 440 -937 141 364 503 -985 -864 -959 -108 173 737 -800 925 -390 478 746 351 -598 -788 -957 41 894 846 -442 -654 -984 192 968 -92 54
-814 874 -701 485 -188 -568 718 38 -757 -930 1 -770 -211 522 -700 -280 846 -179 -108 997 536 -148 252 -332 688 -141 592 -756 347 872 357 885 957 -707 416 439 569 175 -230 987 938 700 620 14 -148 657 -243 -765 968 193 469 951 -853 -494 813 320 530 994 278 335 19 871 -46 -651 -901 499 978 -542 -704 134 717 -984 -750 910 522 -482 579 -983 395 65
-721 347 102 -396 -806 -5 81 648 -619 807 -936 102 717 -536 -482 -183 -432 -111 862 -646 -132 -15 -803 835 -170 -712 -769 -860 -220 -219 -46 -668 920 -690 746 15 729 521 666 -306 431 135 -868 533 523 -15 -851 -651 913 490 344 626 323 932 381 175 -965 -674 62 -524 -604 539 694 -238 -395 -354 182 -371 -852 145 -290 -8 995 69 -380 -545 -190 340 -172 -83
881 -686 -684 430 327 882 546 367 772 645 -884 658 -121 349 460 733 157 -97 670 -943 919 -809 319 -423 -922 950 581 -519 -906 150 -891 -363 836 -66 773 -253 317 -176 -450 -615 773 -144 765 -528 97 -592 -474 -389 769 198 -987 976 -243 991 835 212 -901 668 -846 630 -901 -86 982 945 -353 657 -81 53 473 -478 870 928 -365 819 -908 373 -810 359 394 -834
-185 -42 -368 846 148 396 -850 687 -121 573 384 362 612 406 409 -218 437 -129 840 -697 880 60 -49 679 -607 355 -874 675 649 -904 123 -612 -429 -845 -829 798 -97 -781 18 301 29 -964 723 346 -505 796 -204 -874 -597 988 -863 -338 -236 226 -356 964 756 66 134 -578 704 -443 205 -617 -232 290 -255 180 177 -152 132 -206 -47 -546 766 -198 294 769 138 726
-988 -739 -799 -403 -135 279 -159 922 -481 679 -695 -629 -19 19 -428 965 426 214 207 -267 415 383 -39 -239 -520 -922 438 -995 -41 -39 -960 346 -12 789 -326 -983 997 96 -622 621 102 -237 -269 -770 310 -379 -396 681 30 115 401 -524 862 -645 -428 -912 -939 -424 351 -168 44 328 -936 -554 144 104 257 -875 971 -319 -925 -143 862 -708 -648 202 -387 17 -782 231
-889 -67 -102 358 592 914 -536 -542 236 -392 -500 -594 891 657 120 -674 108 410 -582 -330 831 -818 -727 -167 762 -955 683 307 -57 -135 -752 -670 -231 937 -145 783 -646 646 683 363 850 650 -638 548 -874 -807 658 167 -214 -176 376 -145 -364 -486 -73 -581 639 306 -847 -50 88 322 -972 848 937 -918 164 -158 -144 108 993 415 587 -221 213 -434 -862 -540 556 -173
672 -915 -704 757 -336 -581 368 -902 -528 -457 -19 -497 -348 -160 -911 148 -758 884 -980 -220 934 455 684 450 314 999 88 846 691 310 89 487 -654 918 566 827 -843 307 570 -854 -862 489 20 953 671 -377 -421 -590 81 75 732 -488 688 669 98 -936 -477 936 -864 203 397 594 -803 -600 -349 -435 525 -762 -264 -218 664 -609 984 -853 -566 513 -723 -678 -10 46
-543 420 55 -733 -319 -768 661 -779 858 972 -448 -393 627 990 477 -168 647 -488 -774 794 765 474 -865 -691 -634 962 -126 122 898 -962 951 -148 287 -446 771 -904 -481 517 459 237 980 790 94 86 -309 572 -597 477 419 842 400 922 728 -814 449 56 177 208 721 953 690 -905 848 608 510 -791 -142 748 -756 752 375 612 997 -934 -548 253 -792 -399 61 697
490 136 405 106 -787 -159 -284 -684 684 -565 59 -879 -736 -823 183 -402 258 -706 248 -238 -162 212 189 462 512 -771 -18 400 -883 576 -858 -814 -511 485 778 879 -560 -84 890 310 843 886 -748 807 -350 295 383 -310 -688 356 -934 -17 -425 -761 -639 95 -519 353 -295 -830 816 -481 170 922 138 213 -682 477 677 310 -455 -144 35 86 -817 510 -454 823 588 744
187 959 684 182 -500 827 -360 428 516 -275 -991 -793 627 688 -595 23 796 716 -773 183 -80 709 -108 247 -25 -818 224 -677 813 -869 786 60 696 -908 322 860 929 453 -683 -585 870 -414 922 677 123 -360 675 -533 -759 -401 430 337 -428 267 -225 527 -948 914 -723 561 -800 168 790 618 489 837 223 100 -933 953 939 341 -781 -682 87 -3 -292 -853 -224 140
-859 577 -206 257 855 605 511 524 725 694 -872 821 -235 -303 -662 -586 -571 -568 -88 -989 -869 -198 -144 -598 254 44 13 -379 587 268 729 509 68 -858 -851 536 -421 -577 -362 -189 759 -801 405 171 -623 844 916 -988 990 417 -624 -835 936 397 919 -965 -165 200 -273 -31 -951 -63 -735 785 -997 -414 928 141 -715 661 -662 838 869 -112 -22 -122 -40 -421 -121 -936
-264 98 -260 917 -11 -858 133 -518 -881 814 -109 -412 797 -308 44 -258 -258 618 434 -239 -70 690 -354 170 -445 573 297 -614 333 755 -649 -953 183 1 -192 431 -138 665 -468 332 -627 -125 778 51 -422 930 -546 -121 -785 673 -283 -37 876 459 38 484 -410 -678 470 -692 -826 -568 840 259 -512 753 -497 -656 734 714 881 -42 -583 -182 -37 609 -492 246 267 -752
293 -53 318 60 960 -796 518 310 -959 412 183 368 -266 -307 158 929 359 -649 -338 -388 -445 -820 601 -854 920 808 -264 -525 62 702 807 220 -511 717 -256 -677 -310 113 258 662 -231 854 -82 121 624 760 413 -250 607 -714 -111 518 23 -124 -249 -658 557 -385 246 141 -546 828 215 321 233 954 688 202 574 22 -33 -714 -767 732 143 -373 474 -949 714 -540
572 290 -532 403 -273 534 303 260 29 -779 600 802 -730 501 701 -462 -975 -346 -254 -3 991 598 991 156 941 -477 -129 732 534 379 -56 752 722 223 -478 902 -912 -538 469 -830 587 -450 35 -234 908 669 -817 867 -373 -427 -775 -743 675 -330 152 938 -846 -2 -62 109 809 555 -805 447 294 -943 935 -685 172 647 -738 250 124 -132 -821 782 -846 -169 496 -72
-786 -916 -6 146 253 874 13 -186 467 337 -228 981 -809 -687 567 115 700 301 -15 432 -328 -721 812 562 419 -267 899 589 29 729 -236 405 187 270 121 -805 48 -682 882 994 229 304 -880 -283 469 511 736 -558 -377 390 -494 126 -376 -864 37 -500 4 -52 897 -199 -927 245 -608 670 312 607 73 840 -927 -547 11 164 555 -256 -493 932 -11 138 890 270
235 945 -354 420 -288 -193 187 750 -572 -283 822 -349 482 0 870 231 873 180 -161 286 -91 -796 -404 -433 -951 900 -423 -189 139 -346 -790 -259 397 160 -901 -524 -221 591 -844 -165 134 405 89 -735 804 861 -916 -748 -623 368 -801 97 958 -769 554 -42 -988 -224 885 473 893 295 -301 -127 -208 361 155 -926 279 118 -572 -186 910 -753 -628 -985 -278 -334 725 953
-540 999 252 468 129 578 -904 319 351 601 -660 616 814 976 40 832 -824 576 2 -397 -482 182 77 -827 -271 23 -365 280 -598 929 389 -454 -185 749 -885 -420 818 49 153 909 -257 -542 609 -284 -575 662 511 -419 26 -505 -506 170 -802 -364 -396 -149 211 -782 -332 -695 -617 287 416 -469 -275 -697 336 -964 853 -401 291 308 791 543 -455 -814 396 -3 -436 -725
-759 -412 -903 -228 -199 -892 -18 -68 -650 898 673 -547 -780 816 778 177 -614 40 478 -488 -370 -415 -758 -424 -677 68 744 -410 545 -247 113 160 -342 -998 -513 -307 869 -951 590 -580 944 141 -274 -439 -266 136 119 -418 -925 -92 74 -634 -512 267 224 -84 -496 -394 66 291 -666 765 19 -321 800 -675 -546 -688 772 264 -265 -497 -667 711 753 96 706 -198 716 -889
987 -177 744 -904 -351 97 762 -890 25 24 -598 -531 861 702 -361 -852 608 -622 -504 -263 -405 -810 47 184 952 -14 -100 951 10 555 716 -704 -441 718 331 898 260 390 525 521 411 -546 -59 -743 587 657 736 698 700 -676 -799 -211 830 -716 986 -819 797 260 435 801 -813 -161 538 -258 -822 708 968 -999 -52 -160 -212 -679 -487 -979 678 75 692 -713 -126 431
-549 703 94 -320 -303 713 874 -703 -599 -832 -900 803 -479 714 188 -781 -215 614 -365 624 -626 225 -37 250 600 -569 -462 -618 -564 551 -351 190 -130 -864 -461 821 -553 -921 405 -584 255 731 -23 -16 552 575 -442 -475 679 486 -129 -980 159 -18 -178 352 -549 -557 -19 -257 695 -557 513 -917 380 -350 836 145 -42 -140 -691 -842 916 807 62 -803 -84 -156 -822 -10
-8 10 -831 -752 641 842 137 767 -602 -574 218 -455 441 -191 -153 -262 -794 681 -812 -745 -175 946 264 671 -501 -358 576 -882 208 587 301 827 -815 -555 -836 273 -871 -853 -816 -485 910 -726 -674 793 -491 867 -603 767 722 697 -488 460 155 -986 553 -376 152 8 691 822 -822 -775 -908 -999 501 -260 325 851 -133 -813 440 -680 582 590 909 -206 257 -787 -863 334
835 -265 467 323 -710 931 -796 -909 624 531 763 153 -468 -127 -334 930 -312 354 32 -967 -101 151 308 -853 914 -670 603 -375 -497 -107 -162 747 542 22 683 689 -208 526 -947 -411 -602 881 -501 684 -404 -455 539 -388 255 379 -959 168 652 -197 632 294 -857 26 -53 -511 69 829 -48 618 -170 810 977 649 610 -420 281 594 799 245 408 -13 60 -733 867 -135
62 891 -901 163 -876 -814 -760 910 -328 107 -367 911 -107 682 -325 -177 -720 535 -180 912 452 510 651 -274 382 244 181 -207 993 -700 -738 927 151 -457 707 542 966 -767 -376 -569 -902 -904 -173 -938 -604 -880 -557 494 591 2 -146 762 -966 363 502 -339 -537 -960 -120 651 352 -192 -527 593 -799 -430 268 -530 933 508 -644 -171 -464 725 915 219 -874 -77 189 -597
823 -162 364 249 600 -810 -720 244 991 -721 -765 100 -421 90 -194 -702 109 -144 331 -729 -297 -777 -119 861 -513 167 -427 578 -705 278 -437 -806 493 -785 -135 -908 18 194 -484 901 -22 997 346 657 823 -25 475 -856 545 -123 276 -788 174 262 449 -527 -534 -639 -33 -322 -989 782 -429 432 324 250 282 -851 -132 -188 351 -907 906 708 834 949 -408 252 -133 -186
816 -986 443 -974 143 828 730 438 -587 -553 -685 -221 582 -481 280 15 -607 -926 -397 904 794 848 -789 -583 181 642 991 901 321 -870 498 -800 -657 374 707 268 334 -657 263 -191 517 14 485 422 -724 -99 -578 -532 -553 827 360 587 -673 121 -27 851 -449 -430 -796 -748 680 -248 132 329 625 -775 849 -513 687 609 236 116 -483 264 -581 -229 -88 940 -54 -37
746 969 700 119 977 -459 -718 -503 -21 248 -153 999 -160 -263 -251 647 939 -172 -392 287 838 -362 -946 -491 130 651 167 -507 336 -241 990 -799 -993 -431 580 -414 898 -794 757 -435 493 217 -87 -239 428 -832 -134 541 -768 154 237 126 -569 804 -17 998 839 -629 -995 -519 -410 -773 -128 560 -711 -442 195 -528 -393 529 -46 -843 74 632 -463 -985 913 866 -298 575
-732 -33 148 275 -378 477 949 925 976 -326 739 698 -80 -156 -862 -594 749 668 -466 948 853 90 -83 -653 -779 -375 -399 -339 148 -189 -835 -623 44 -521 352 -224 838 54 530 -228 -942 -898 202 -372 768 158 -70 365 686 -424 873 -893 174 564 75 301 322 -543 -770 806 455 -106 867 -233 972 -857 -58 -135 605 931 -612 89 -704 122 313 741 -693 844 523 -830
-544 -867 39 832 -953 756 894 -603 -170 -733 971 422 -65 -991 -580 5 -74 -926 714 -61 973 104 -330 166 -705 99 -222 -42 -683 -333 10 -990 680 159 -787 -736 -764 558 716 -207 52 83 -387 34 -208 998 -52 -833 64 316 943 -862 556 552 -43 -7 -542 -37 538 -794 -814 344 -23 -209 553 914 -689 662 -808 566 695 -172 -543 837 -712 -130 46 -534 -601 -599
-146 -966 -214 -631 -132 937 -53 741 173 -600 629 87 -682 -420 -674 735 -728 187 496 -953 681 -320 -315 -911 480 -66 -385 45 -787 800 -446 551 -478 543 943 -995 978 797 -3 -179 -235 126 422 861 -635 -810 -437 -587 -552 -643 165 646 970 -305 -775 -546 550 -639 135 563 17 830 592 -227 -221 975 353 17 818 -232 -800 -889 -963 -65 -766 -499 403 -440 -538 -588
-307 428 930 936 -994 -216 8 542 614 466 260 646 477 -138 -939 111 130 78 933 969 96 -528 -377 -890 -342 -687 -932 874 451 311 434 -846 844 797 -38 801 -117 543 -140 500 -764 -667 -855 631 215 413 -299 -991 405 -703 -81 -917 -480 247 -90 734 -753 -969 969 937 -933 199 563 850 -647 -589 -366 676 563 280 259 150 -155 767 -789 -548 -703 -201 -444 -345
592 395 82 -424 -26 562 -255 -605 -528 -730 269 -818 445 -388 62 279 22 -110 -370 -763 731 647 -697 -489 252 -237 -66 -615 545 935 166 982 342 -400 963 87 710 677 860 248 -78 -48 -964 556 190 -38 85 -713 -551 686 -111 73 -744 143 870 987 -434 -299 -603 961 -679 -461 880 720 -501 756 678 -711 -269 -668 -276 -397 40 -693 -583 583 -461 -684 -82 37
326 -260 -160 68 -708 -555 931 -714 189 -214 949 -23 -642 -819 245 58 -412 828 -482 501 307 -13 660 679 -345 122 297 196 766 335 220 933 -16 -769 -706 601 668 605 -653 236 48 -315 -862 -395 84 -678 -663 -408 -380 -181 816 -419 -328 -971 -537 -472 -542 98 -673 -361 532 -369 -766 410 507 939 449 220 -868 -869 -472 561 361 122 -65 136 799 510 -352 991
-433 806 431 -763 -8 -465 -421 10 782 -922 384 -381 409 951 -825 -774 492 884 843 723 -769 642 984 329 236 189 593 -650 467 -868 670 897 -902 623 -15 -718 85 869 -413 337 -786 -566 512 -115 513 973 508 136 502 -721 608 463 651 647 805 120 461 -669 604 52 -812 634 391 900 793 556 -712 455 -588 202 -748 561 326 -318 -286 -360 -145 -29 -282 -392
45 -481 -747 374 -525 542 -683 866 -15 -785 67 -11 230 874 -512 90 158 -688 520 -263 249 452 416 926 539 -509 -356 -743 -903 -194 26 -722 -810 -327 270 -548 -982 -101 -741 -293 -740 630 -725 -114 -276 -640 -981 633 -928 -928 790 284 344 -683 -371 684 -960 -208 -641 -45 -814 674 -69 846 997 767 575 -236 -170 162 -981 279 497 858 167 -845 940 -430 526 627
832 -529 -746 739 357 738 205 608 249 -291 -350 -517 -771 -14 -692 364 -356 -73 827 -477 553 630 -135 554 -860 81 -275 183 920 195 -20 -18 292 993 -548 -606 -572 -673 614 -628 523 -946 -57 580 -337 260 -317 796 -734 -748 -361 -675 888 316 -534 872 730 606 -897 -161 -75 422 841 -68 -161 554 667 -498 -712 -769 -293 229 -23 -712 834 275 301 778 756 194
-120 -805 198 212 23 568 -832 -474 -442 533 -703 254 664 -96 -791 515 806 15 -440 251 -313 199 384 719 -264 46 41 -629 25 24 -191 -910 500 -210 541 -609 442 -674 161 70 -804 -213 -744 -472 -861 884 -159 -315 140 643 598 428 116 -628 234 798 891 -811 -274 657 72 -220 912 -256 -887 627 -816 -16 -795 -687 -608 61 -831 -13 -776 -637 827 -56 -205 -440
-202 -310 282 -138 -94 -433 955 -585 -297 543 550 -119 -802 -959 403 721 540 -34 867 -21 -324 823 -575 463 -40 337 661 -96 580 -210 117 -977 695 920 520 -100 -890 -697 -663 316 -897 98 -796 -74 -273 -990 -64 -793 688 -351 137 869 -589 -286 -296 257 54 -646 322 933 562 203 -614 621 -269 306 -76 499 917 -698 -969 -622 -857 833 557 700 63 396 -70 71
-486 -366 -249 -414 862 710 698 -299 958 721 804 502 -664 -45 598 -760 431 -917 481 -130 -447 -206 -247 -18 -604 -575 -124 96 -143 -701 -251 -283 973 -268 432 -331 816 -663 -791 -719 20 -646 -514 -681 972 -694 973 -461 -754 -137 739 978 -497 893 931 -686 -55 517 -465 198 -357 698 -763 -842 605 732 -775 -158 783 317 459 359 173 -71 -539 -118 129 -765 -204 578
181 -949 -96 242 -269 123 -743 -796 331 -783 736 -495 992 -634 975 460 -705 493 966 415 -131 -441 739 -132 412 99 749 422 -950 68 477 617 -569 -518 -630 499 160 82 -977 -714 -563 -359 -501 -74 -845 604 -107 540 -154 363 698 141 -337 -933 -107 245 22 875 793 -179 525 -801 542 396 936 -392 -698 169 -132 -172 730 -130 387 -911 -346 968 217 285 909 -613
-281 -246 858 -846 442 -83 -91 325 -578 -891 -289 -653 412 -264 -294 -226 301 201 -57 -489 826 -874 -115 -850 -430 -674 915 -5 -441 736 -678 -261 -347 -386 346 818 656 161 39 -145 761 214 -352 893 716 5 -587 -571 -855 418 898 -687 -403 412 188 -4 -163 83 -730 -795 127 -680 -64 386 212 -996 -579 -464 -938 666 -560 841 -166 -224 771 495 -591 -24 467 -908
-511 -138 571 -36 -837 -38 795 138 73 725 -28 551 486 40 723 322 681 -361 248 545 352 -579 -365 -555 -251 265 -518 956 -145 -745 -120 -801 -504 -935 -427 380 470 -973 -626 414 -471 839 609 -8 912 677 -568 177 -456 -364 687 360 -463 718 -557 -327 -433 -795 -967 -616 42 819 -999 -566 194 432 -779 356 -828 285 425 -773 -895 -179 545 378 -31 227 -671 849
-349 -763 -395 394 799 800 438 -280 -373 550 486 552 -698 -845 -680 681 -204 782 -689 -856 -857 -454 913 244 -826 -149 -857 -111 -515 469 596 360 -432 -256 -209 -901 717 617 -785 933 -275 -446 67 -720 247 -470 -437 -127 -894 359 -794 -786 -460 -865 -487 543 -5 -731 -584 -510 247 -399 -908 376 83 -647 161 -594 670 107 899 -330 -246 -595 981 51 -512 379 -11 596
-530 255 911 -249 -177 -881 836 463 -747 768 583 976 -843 -359 -171 -569 -641 -30 142 -137 344 651 644 238 486 -55 575 486 -665 491 90 839 526 -869 526 -391 780 911 -984 -440 311 559 -182 -432 -439 -558 -773 280 424 945 539 -933 269 -131 -104 145 -141 -772 -874 -548 398 110 -498 254 726 -946 -682 -616 222 484 -551 493 -411 -345 66 166 -823 47 -150 -994
-333 -119 -372 509 178 -940 881 -269 967 -615 -962 442 -597 -217 902 -35 -231 44 716 119 -837 -864 -919 -972 420 -454 -810 -923 -457 486 615 991 -221 959 788 818 -420 406 -251 -489 -938 628 -214 883 -208 780 580 -327 -885 89 -492 -965 534 -713 733 304 -329 -18 -824 593 232 265 788 -338 -532 -603 -152 430 141 213 -777 -797 -221 -206 207 252 594 895 190 468
401 -6 129 103 -78 175 -150 -59 -205 327 -515 575 832 -51 -73 -113 -493 17 892 356 874 -538 -676 -950 -654 -506 656 936 -379 885 519 243 -770 -430 -8 -464 261 570 -605 -473 -949 663 -344 -781 -781 -154 -525 742 -341 -58 -797 665 198 748 662 944 584 -540 275 -100 -611 -766 -397 -837 -778 -986 12 10 417 -707 12 346 -956 -108 158 608 533 -520 908 -154
425 -135 -158 256 -841 -659 -790 441 -56 608 -934 44 78 953 -650 670 494 -248 -173 -680 -741 -84 89 674 897 161 -205 395 570 598 823 -91 128 -659 652 -258 688 171 -115 681 119 239 841 954 44 959 -796 913 985 -706 -850 718 456 -501 142 131 390 642 -405 135 -122 597 -490 -570 581 -762 -969 102 -795 -117 -638 -668 -200 -44 -74 877 -517 -168 -270 -183
-724 -101 -60 273 -198 813 -657 433 216 -596 425 585 -563 -983 831 -515 571 440 -75 -148 729 225 653 958 -529 -573 258 -41 -706 616 531 -360 842 548 -473 965 -362 -937 369 16 474 -542 625 708 -718 -10 -540 -146 -74 184 90 -362 -542 -688 -494 -292 -575 -191 596 364 507 483 -614 820 -440 972 -628 -787 -209 -723 503 708 -176 -632 425 701 603 688 139 -419
331 -999 155 -778 18 958 -971 960 33 -47 -578 -686 -972 844 781 479 -407 151 439 621 907 -45 597 162 767 35 723 -681 -54 -742 519 638 381 -945 700 -576 -402 685 491 -833 -220 855 773 -198 -465 -263 -465 463 177 409 427 -678 -51 684 639 444 -901 -779 -748 519 -156 649 972 853 560 -674 -79 -599 122 866 -474 -755 605 -41 237 -214 -482 188 -651 966
901 -969 684 184 -40 -578 937 -665 -858 133 159 -192 494 -207 223 -537 -839 299 125 756 -422 80 -420 638 -287 758 -119 -602 822 969 337 58 -936 884 32 154 610 923 -793 839 582 -28 617 -329 -390 566 -654 -186 716 -967 53 -538 690 301 864 -489 -830 -233 -658 273 155 -74 -871 78 -465 -12 857 -363 -323 -696 814 993 111 -856 -442 480 -419 -245 -629 695
427 -612 -564 -445 166 -645 -618 314 -41 -130 671 -32 -783 37 -401 -299 909 -277 -580 540 -81 -600 -864 -409 -604 -157 -919 590 555 565 -643 814 653 -791 87 -66 -374 -81 290 -148 -175 -496 -303 838 268 763 281 293 -58 110 -756 -236 410 145 -429 622 -375 -596 583 -667 -233 -632 -868 -337 -157 -269 762 -245 -63 -83 505 594 -890 560 -152 -456 256 -580 -294 977
-65 784 958 -640 -29 -683 -934 -901 723 452 -332 -918 455 -8 -548 -225 595 654 312 351 -175 -327 461 238 -326 -574 -216 -167 736 -164 -985 -355 -389 -843 -186 -571 830 329 697 -944 85 641 -925 561 -290 -280 465 -992 641 -690 -794 318 -595 6 68 309 -560 746 548 894 354 334 498 -19 79 -654 -936 -314 -577 609 -795 -637 100 246 -663 989 -785 -338 -752 -9
-1 920 -552 -629 -824 489 993 412 -308 669 417 -70 -184 -184 -832 -284 -658 -438 -873 472 -198 -688 608 -122 19 167 505 659 -608 588 -245 537 -700 -353 162 555 295 -762 -520 -379 691 -242 -622 66 -328 348 -330 664 -756 161 -201 79 -893 -69 96 -577 726 617 -39 -250 547 -505 680 504 -783 263 759 497 -290 625 813 -570 744 -847 -340 714 692 -498 -473 924
318 -309 -802 -483 -3 935 455 -736 210 95 587 987 -803 819 -54 345 604 -555 699 -799 -718 765 532 530 783 42 -573 -971 593 -332 -521 -76 -345 -179 -34 201 574 837 891 543 -774 813 675 421 -142 243 533 561 -391 -676 260 129 -107 -720 -462 -260 -83 -786 -70 -873 -173 752 -422 -476 796 -790 -4 933 888 -116 623 974 -93 -297 -746 57 -569 812 -243 -94
-261 432 -236 978 -693 940 -54 -54 21 848 182 981 -642 343 -924 768 880 390 -773 -410 -927 -65 759 -397 432 -830 88 -934 -482 354 -121 274 -506 197 -993 -293 538 421 -705 -994 716 -427 731 595 -362 -163 538 -116 167 -426 960 -481 -293 -575 -232 257 -523 481 157 29 -309 841 -651 899 -946 -112 443 -162 -267 -943 935 30 677 -593 956 -716 -689 262 223 988
-826 -755 -273 388 27 -521 -76 923 727 904 -248 -235 -252 -235 -979 555 201 -412 -870 -177 576 931 981 493 629 436 -178 -947 -979 662 454 500 -528 -321 -805 -358 149 -907 -159 -281 681 428 -946 711 684 -887 -46 589 216 197 224 -413 -274 142 -658 735 -273 -505 741 481 820 -416 261 392 -486 768 633 -891 -163 174 -510 -168 -48 -128 -510 -986 -874 -6 168 892
321 -296 291 -291 -747 -457 -684 -473 -969 461 597 836 791 -871 -1 909 119 -43 -3 456 -249 248 843 -942 -33 -248 -758 -713 712 -900 771 126 -969 16 149 -926 807 -895 -35 -37 -446 89 -303 460 -4 -139 249 -587 172 481 -422 -920 -873 -523 -880 904 218 72 808 -34 -236 467 199 166 -305 289 602 822 553 466 -597 -642 691 -785 -691 -518 853 999 -11 821
91 -632 277 504 -415 538 837 400 -842 -187 368 494 16 482 425 -953 364 943 296 636 -161 524 164 292 511 -253 -466 5 -617 53 -248 401 -725 558 193 29 -872 922 -369 413 695 402 -665 -645 110 -977 811 247 -158 -305 801 40 398 -92 779 -911 -151 -630 280 254 -298 -623 759 -194 -563 968 -972 -646 -542 683 -880 -381 927 643 -671 -182 147 -644 -77 457
-394 -188 -55 -545 -488 862 837 9 -443 -202 943 -980 -794 416 917 -530 -552 25 560 820 49 -337 494 390 244 220 -639 -193 -285 -530 404 993 -932 -318 -555 -811 -879 -834 500 416 -920 638 -938 -991 -581 981 214 358 -755 614 345 -801 -325 -533 -644 -262 -342 -398 -979 -499 -686 -296 -542 643 -346 -467 -295 77 911 423 -979 -342 181 195 978 369 233 694 -322 667
-990 -735 -380 397 -366 563 958 -45 36 -424 806 345 916 -432 513 963 122 -278 -135 -292 -443 975 197 331 -927 139 407 -751 756 629 -30 703 -582 224 -763 901 59 587 329 -523 38 -461 355 262 -547 -680 134 -156 556 -84 -152 -651 662 -600 463 -505 271 -775 72 868 -96 -169 948 471 -614 -778 -192 345 -998 -442 671 -204 -347 -235 630 -775 368 -539 467 -356
431 920 -469 701 40 70 -545 738 499 161 906 -129 896 -784 874 -312 -283 200 472 717 3 521 -747 836 212 -732 -812 421 931 506 830 -66 -281 -608 149 -537 -563 -945 393 -32 914 -808 -399 598 -38 692 471 -332 -576 -151 -718 -474 90 632 32 729 583 211 928 -433 -744 -627 586 -2 -775 -214 -468 728 907 421 337 629 -977 -592 -512 284 -928 -570 -561 -591
-290 157 801 -72 963 967 -701 408 435 -553 -897 858 149 880 -485 417 328 -103 -191 19 -28 -403 508 -411 335 -400 364 -522 408 299 422 962 -669 424 -917 -698 -335 649 -414 -349 860 611 517 -693 -996 680 -875 -551 297 450 715 -323 -915 -37 588 933 -299 -823 936 87 -556 151 -576 282 -252 575 -607 -619 922 772 -927 -161 -300 635 277 309 -526 -807 988 283
-273 183 764 890 938 723 39 647 629 -287 329 995 361 -82 33 559 228 181 490 -360 832 154 -747 -432 609 -365 -796 -291 251 727 -107 955 366 846 -551 492 -993 -103 688 -192 404 -517 -845 960 -405 100 446 899 631 -290 824 -108 -231 192 320 619 -25 400 -970 39 907 -395 -685 429 715 -181 485 106 -752 -816 443 -748 -235 -789 -710 -337 -514 636 186 76
498 206 352 28 -313 -919 248 -862 -423 901 846 550 502 -983 777 -411 249 -304 -522 -890 785 61 -180 -88 -195 469 513 519 -762 -293 441 -483 -887 362 37 21 287 -293 288 122 651 38 513 -578 304 -315 -19 -553 -3 -29 -883 660 -603 -604 -296 -882 607 574 -275 569 -25 -139 -609 -54 223 373 28 -462 -763 -968 -324 -184 -446 551 851 -12 573 909 -573 -680
-598 39 209 9 946 296 513 331 271 -455 -959 -916 -764 830 -608 -266 -856 -685 -135 296 -995 -843 544 110 609 669 -505 92 -896 967 973 -838 -236 993 -364 -247 890 127 -99 -460 626 267 690 -990 -797 25 -384 791 -296 233 783 378 235 -250 -560 162 -275 -5 946 41 -49 -11 -48 -830 -32 868 -901 -617 323 699 -625 971 971 134 -860 -641 -569 315 -972 -432
