64
401 947 872 592 28 -520 814 421 -730 870 -463 -775 -471 -150 -104 -541 -885 -368 545 -763 -561 177 834 802 293 -170 -898 -774 -516 648 -205 547 104 -282 223 -155 255 514 115 211 -707 -71 -560 -399 -137 -948 814 86 -36 927 -500 -321 232 -962 -767 -483 -430 -393 705 461 -443 152 763 803
-724 -410 -321 434 646 327 -675 425 -758 237 696 909 852 -369 -422 143 220 -699 417 394 -904 864 -825 -484 -968 -349 335 286 -369 242 555 898 561 550 -981 -808 664 -310 -224 829 417 694 14 -896 899 549 -161 -686 -865 597 -683 410 -365 -22 536 -126 361 -897 845 -79 -403 -406 855 518
971 -245 183 430 -522 97 207 994 -810 -759 533 -480 -103 868 -861 -748 -54 -573 -886 -926 878 753 167 -397 -373 990 -626 -694 -621 964 -493 -526 -129 -696 776 262 -201 -594 -561 124 221 41 305 -802 601 -338 -568 167 -497 -428 -249 -89 509 122 -631 -221 -64 452 406 -692 -746 -924 738 -694
543 -31 -192 100 -51 -793 -11 63 714 266 -250 481 56 584 483 833 -61 -869 -67 301 659 823 50 -586 862 -298 -934 76 -502 61 954 258 -368 219 773 -674 604 -770 -718 -337 113 -783 -455 -949 -615 -74 -153 -300 -662 588 -174 663 453 381 806 -863 -953 -473 -227 -51 -126 613 477 750
-666 953 587 742 953 -296 -291 465 -458 194 -979 -63 449 -564 -742 598 -743 796 761 410 -522 -464 744 -90 641 236 -45 644 691 334 -320 355 758 607 580 -416 -601 -871 -568 -616 -131 -801 295 566 -908 302 414 -694 -30 702 -682 -599 234 -668 -66 731 -145 -856 640 -651 288 -195 246 -397
-78 546 534 130 -309 213 169 695 -374 31 313 -576 -843 -592 -936 133 90 759 654 -423 455 -451 -166 307 -651 -145 -119 -908 -34 -41 821 -220 -369 358 -412 -498 -647 -416 82 -12 258 547 873 576 -216 -779 -100 -519 -794 666 435 -18 -657 -209 -239 -862 742 -618 -591 -572 880 350 255 -919
450 -563 771 24 -812 733 567 818 167 401 -982 -307 -286 -621 334 828 184 203 619 -276 502 -322 -426 268 -344 704 -467 -710 -677 -201 537 742 845 942 -410 886 -319 -926 878 966 -962 -771 -703 -535 407 12 497 928 261 -305 -294 -730 561 -179 -785 -378 -418 -126 -737 617 82 -74 743 -688
-491 506 129 938 115 353 281 2 -580 537 752 153 -310 -170 -230 -917 -670 -439 962 -672 3 834 -946 194 764 -385 -19 -314 186 463 -292 185 -465 -905 -568 104 702 480 45 -20 819 300 477 720 -592 -173 -931 -960 417 -738 537 -528 49 191 632 -538 -570 -997 330 629 -681 -59 558 807
301 -327 -17 278 -217 929 622 487 360 -297 252 -669 -292 456 -706 307 72 49 -109 344 462 409 -271 421 32 347 -997 -999 620 382 191 -628 757 946 475 -362 514 -662 -880 6 -528 -800 335 -858 -781 -871 256 -359 473 151 466 -147 447 149 -180 -157 -978 610 -302 -921 269 541 388 142
-70 -823 800 236 738 733 -265 -592 909 715 -948 28 680 -118 -231 -652 618 -813 684 -702 248 -907 -945 -668 -604 -779 437 131 639 805 928 -688 -225 223 720 765 812 -289 -106 790 277 907 -474 -374 704 207 491 -822 -882 -631 4 -756 -868 462 -628 540 -522 71 -713 -272 342 -181 921 199
-150 -102 -863 -3 36 -508 642 589 474 -220 562 -988 174 860 363 -387 424 750 -114 -321 -641 132 -504 255 472 -580 -963 371 -507 -60 -911 -427 78 558 790 -352 -852 976 863 266 754 -246 -974 973 -537 133 92 -653 318 325 -289 286 791 314 663 690 -914 473 -902 928 112 770 733 15
-66 -594 259 265 843 566 -144 -513 -705 -157 -84 -358 -290 -547 -252 -672 579 -126 -758 -546 165 918 684 232 -852 -735 2 -502 205 826 945 -230 -864 -482 236 189 227 -484 -949 -158 983 -880 388 -225 216 746 997 166 -838 970 403 -589 207 -773 -420 -939 182 873 -39 390 269 208 -912 -87
391 -494 726 943 360 -427 -638 -842 -483 359 172 -257 -344 62 -956 -118 857 -463 -993 96 -711 -628 955 381 -80 -364 596 -888 86 8 592 672 -105 383 -60 293 -17 388 394 239 964 715 794 -417 819 143 325 657 19 745 272 -854 902 367 701 180 -354 -649 -442 755 284 598 -349 467
707 -231 475 432 187 -81 -362 -974 706 -239 337 51 701 -865 139 510 396 -871 172 517 411 166 982 15 900 68 -29 -52 -654 -883 654 -250 -239 707 -354 -857 -239 136 572 -351 410 -260 197 622 825 835 -901 -844 664 -398 807 148 -741 54 -103 -864 423 -670 640 -409 125 563 404 -546
-252 305 640 -164 421 -284 878 -270 -896 0 -853 -91 923 607 -487 569 -245 -998 547 -84 -965 -828 -869 -931 -375 -350 496 343 720 539 -229 110 -544 616 -760 -252 -246 -73 -319 456 631 -590 -858 -164 -215 711 -471 881 -439 -876 -970 -783 -770 -158 -368 -7 783 922 631 -863 400 -280 -811 -295
-183 -293 -649 786 549 -859 777 -281 -91 -698 -838 -346 388 607 623 638 470 -315 99 -106 -423 -843 924 984 350 -706 457 664 -223 111 183 325 -653 142 707 283 169 -46 890 515 -547 -66 -276 776 -478 75 -802 294 758 -624 -993 448 880 897 -957 -50 968 -687 619 18 -698 -875 149 -475
930 -698 783 -173 -37 -238 983 864 -237 -288 718 613 -905 607 -340 -85 -243 -102 -83 531 -506 873 920 -929 978 567 -432 -287 -797 860 -957 -210 -934 406 -769 -482 494 633 469 -654 331 752 54 418 -90 -978 -773 -445 47 -858 609 -814 -513 259 -128 992 385 629 -164 921 -723 633 -556 722
111 -621 -520 -993 438 -517 360 638 505 849 904 131 100 -402 -593 -47 16 536 783 -734 -512 466 351 867 71 -674 -509 623 344 -368 173 -329 -443 768 -915 -614 377 939 148 -57 -319 855 582 -420 -572 65 46 713 740 -699 -917 -410 -659 -359 -792 -482 -982 -89 826 135 -905 -587 -126 143
80 -142 530 -859 121 991 205 848 183 215 -666 96 475 -116 -582 -465 175 -432 -150 100 -663 -562 -815 -28 -532 723 -124 741 14 -645 -441 192 37 -164 -500 -222 826 729 854 -160 -65 -556 -324 -332 764 -316 -728 -616 245 654 703 -178 -872 -733 652 873 -845 342 -715 -596 -718 184 63 -707
-922 -606 -290 582 881 526 500 -360 -67 419 954 27 828 971 -788 471 -982 546 447 760 159 477 -178 -366 -638 -523 -702 -655 103 -609 224 10 -840 793 972 692 -143 194 -405 397 -363 -633 -10 -246 383 310 -694 -641 -925 -47 -788 -921 -686 496 987 449 -436 -845 -722 583 128 611 204 988
79 820 -758 305 367 -790 846 756 -837 20 -13 -219 920 -823 -186 998 242 -83 924 671 660 64 -554 652 391 596 -771 -301 -622 -630 -104 725 47 935 477 -799 927 824 -269 -65 -381 -289 -939 912 -533 -776 -157 111 -756 -931 -109 612 -166 -863 709 981 -842 333 435 -679 240 -986 -825 795
-259 -873 359 -553 595 -720 188 -284 370 571 -495 574 413 -186 -874 -129 -874 -878 -765 -55 -665 -233 842 546 -404 -878 -251 -339 447 76 -177 433 -261 -936 -161 728 754 808 270 -346 90 957 -854 164 -94 249 483 -664 -302 -206 -766 227 -240 598 -774 646 287 -10 -650 946 -574 880 -590 219
495 -915 -762 680 174 -397 -675 201 976 696 964 453 669 -428 349 -881 -347 -975 -637 -475 888 210 -136 -363 338 -867 395 492 446 -298 -555 -755 -661 602 770 538 -884 -299 780 593 -184 560 -253 294 114 -118 -822 169 -300 722 843 884 -828 318 266 -636 -823 -53 6 -31 374 754 -516 907
964 691 86 515 15 433 817 -893 -265 490 -404 91 262 -895 476 -631 -639 537 76 4 -88 -992 -750 277 -873 -91 989 355 527 -392 794 890 943 573 -586 -458 -341 237 46 -382 -609 -535 578 215 -211 -837 312 -333 -734 443 -132 680 -57 746 901 -226 -494 591 -413 743 301 -964 -491 124
-466 972 199 -551 -506 635 -88 401 -202 -462 -231 -161 -582 -995 641 75 281 875 718 998 69 913 39 866 -739 -532 669 592 18 401 399 647 -985 -622 -84 558 817 816 210 310 -946 -136 614 711 258 219 269 438 140 -915 487 -145 487 762 779 773 908 272 493 547 -379 525 253 -978
349 -746 -663 905 -829 -560 -670 356 588 -513 -148 -302 184 -23 -370 -634 669 -698 250 378 -288 -537 -329 555 -413 -161 889 -956 -616 226 338 -635 435 649 -862 639 93 207 -390 -625 -331 -356 -177 277 113 -981 -903 353 754 745 171 713 965 957 269 -744 486 335 -732 662 -336 454 -700 288
-1 193 140 -908 886 785 719 -420 235 -110 -957 -508 -848 -187 514 457 718 619 -434 -527 186 -944 -414 -911 -39 -511 627 -434 -32 -741 -859 35 -301 962 650 572 -849 794 741 413 724 918 -547 -957 -22 91 -451 4 -732 847 -72 -251 -382 292 -727 -168 -976 -597 89 688 -484 -682 698 -701
-59 415 -320 -470 -641 430 208 72 435 -805 176 -987 -190 448 -19 262 -486 378 252 -118 -382 76 440 -669 -161 -528 266 -241 73 -69 -41 -125 -504 108 -973 915 -72 865 915 848 -165 -59 528 -274 -627 506 -841 833 115 47 158 100 -211 254 497 -907 -965 -827 922 -560 267 -786 351 -410
528 173 166 26 -2 342 739 -919 706 169 -334 -925 271 -533 -961 -966 931 898 482 502 696 -852 233 -366 854 -83 -194 -281 -523 -397 -712 -222 432 631 13 725 246 -429 -300 -825 571 -182 72 440 -341 -39 -423 870 862 824 -691 789 -618 -68 -268 94 -43 876 137 39 268 -690 -620 -869
782 766 556 -971 -620 234 154 -18 -679 717 376 81 -683 -314 633 456 -57 -396 -398 -891 988 -624 -298 -514 -68 -937 95 885 -909 147 968 579 29 -667 -56 129 811 209 456 659 482 357 22 769 -334 343 114 -13 -124 859 261 -295 -883 110 354 -140 -193 897 837 741 367 597 -904 319
609 720 -556 -517 -65 362 -60 -279 201 775 -380 -755 -746 -224 -183 -195 -488 -432 203 854 -402 -872 -787 758 -893 -433 -546 618 -349 202 375 916 -674 -780 -972 520 181 890 -48 867 50 134 -728 -199 820 -363 786 410 71 743 919 -624 50 -893 -565 39 666 820 350 -855 532 -108 186 789
504 324 -452 651 -447 645 -160 695 848 358 326 -200 17 -678 145 812 21 -683 -531 490 846 211 -608 -117 697 421 377 981 502 345 357 134 51 -108 353 953 998 -1 -630 136 -759 -772 176 31 704 -333 -791 -103 390 -467 -750 713 -235 -948 -993 -826 -795 165 980 148 -389 171 460 -773
-173 345 -986 -554 89 348 -160 -805 -464 171 268 -766 -395 -972 -577 -589 -18 260 488 -368 -788 610 542 460 352 24 -254 679 106 351 547 216 108 374 48 -186 -755 800 -600 226 -423 167 653 -540 -810 -528 759 -624 -623 397 165 373 -633 -808 351 -110 -464 499 375 -267 -811 -71 669 946
690 -560 -511 780 -153 558 -108 51 360 -59 823 666 -332 189 869 -637 947 -36 -227 -950 -807 -700 -665 779 -297 633 295 -224 64 653 -641 507 809 -86 -353 -260 778 -452 -232 368 273 -568 -81 135 998 877 -467 -48 840 -122 386 563 -858 696 -103 42 379 462 455 -307 -240 399 -387 937
-891 585 -50 476 -437 156 -982 543 248 149 856 -624 813 485 -254 891 740 -242 -662 917 659 218 -533 485 -66 -41 -646 752 -311 723 -757 -417 186 992 -512 -770 877 -556 860 -253 129 -17 774 665 -816 -198 -967 361 892 777 88 -364 84 -452 -177 -977 -378 408 -44 -756 -530 140 845 -31
717 -877 139 631 709 -234 275 -64 -400 -517 814 246 -335 222 -10 -579 898 186 -895 -828 -404 83 874 -67 -795 387 490 694 -44 -352 262 -669 -784 -649 898 218 598 -489 -925 -981 -615 476 802 938 -716 486 125 858 491 885 647 -872 -976 356 240 33 -223 -513 127 -319 462 -974 299 -295
-264 -33 329 -596 5 491 -672 854 -48 150 680 106 942 -410 321 742 667 -977 -848 645 -365 -751 804 81 -195 -195 663 290 -95 -843 -352 -536 489 -225 821 561 390 614 -435 -441 -102 -274 -220 -487 978 146 727 852 -745 -661 815 -994 -966 479 -740 319 -692 115 502 413 -560 -994 120 386
-184 764 585 668 844 -548 639 641 665 455 248 412 453 845 -493 -71 -319 -626 -759 -760 -440 -895 -86 -687 -252 293 -191 437 656 -799 969 13 615 298 -871 -94 -213 33 474 -376 466 102 810 -889 299 -739 -407 151 -418 939 -415 999 -318 -931 307 218 856 -299 75 -560 436 627 -123 -228
236 -964 -359 -841 680 -7 -590 -384 -759 286 -51 -579 295 693 781 -29 -925 102 -53 191 -869 -298 922 463 940 74 521 -945 97 214 913 963 121 -90 958 590 391 839 443 717 -813 995 854 884 638 56 -414 290 -62 -380 -165 -925 -392 -33 821 -430 -445 469 893 -439 10 559 97 295
915 -596 459 652 -69 689 -296 612 -398 -134 247 -371 -685 -773 -963 -425 337 -599 358 168 -996 622 -634 505 115 140 989 576 -684 -431 -424 -262 975 -925 420 -427 -264 649 -514 -537 603 -90 982 -625 -742 19 930 -858 -254 599 -513 -927 956 -139 -126 -10 271 419 460 -615 -862 50 -932 530
-609 319 -242 348 -460 437 -735 588 -365 12 -649 -116 -103 -94 -219 563 -341 -844 -726 -45 -324 -166 189 463 123 972 -81 231 -183 613 -337 193 -983 435 652 326 912 583 -139 -682 124 703 -212 -680 945 -499 -982 -525 -98 -684 860 530 831 -177 810 647 203 974 -248 63 -819 877 -506 -883
352 403 -142 -538 -893 932 653 -839 -580 819 -629 537 840 -984 740 -152 145 234 -809 33 -663 -663 -273 466 -13 986 701 69 -815 -704 -940 633 -105 435 -412 594 382 -272 -529 505 517 -563 -185 81 930 471 -280 -264 -505 -838 2 -571 -209 -468 446 468 887 -586 145 716 -999 -32 527 -182
-860 648 743 843 -536 -417 349 43 -467 688 917 -859 675 -994 394 773 99 777 -674 -462 293 -404 -692 642 363 -218 745 -935 362 -270 217 34 -215 -490 62 -360 -110 389 -37 257 -202 -143 -857 264 -227 -175 781 -971 139 -806 -367 -261 -162 -67 716 447 275 -243 -744 -304 408 235 -105 902
412 -592 557 683 -909 518 63 -367 278 -109 -925 -225 711 243 -937 796 -238 609 -691 614 286 -398 -828 590 483 415 178 260 -506 653 429 123 800 -710 585 -999 -835 613 555 926 383 -933 589 94 -237 74 -342 -516 875 35 -759 212 -453 449 -890 -91 319 -47 747 -758 -199 317 351 388
521 536 -987 662 -428 616 965 -660 167 363 -169 -488 -523 -184 907 -646 364 -636 502 -564 -906 -163 599 -601 -565 822 -296 -250 788 447 448 -811 122 144 325 -555 237 674 -642 639 321 826 167 338 914 131 382 699 328 470 -150 576 5 649 -805 57 172 594 -4 811 732 -410 789 898
-359 -621 61 187 668 102 -243 -949 -560 -551 -720 623 62 765 486 82 691 704 -136 260 -676 -438 598 -243 -476 -438 75 -2 -524 -216 -702 -17 649 327 418 -693 324 121 -971 53 -86 -594 470 21 -340 -533 -535 994 -223 -941 -652 -82 238 -603 -181 409 296 -655 314 -686 433 792 59 17
-18 383 663 954 761 991 -807 -129 -94 -19 -594 -778 256 -591 345 145 310 -667 -669 -192 944 -852 -145 -321 -164 124 476 653 -202 233 355 651 652 48 -288 924 672 -19 862 -225 76 361 603 -826 207 131 -949 -781 438 -278 -328 -946 -330 -12 -186 -891 437 -178 549 -79 200 -207 607 -208
791 557 338 -284 -947 565 -24 -824 -660 678 -767 586 77 405 98 -310 -284 -604 567 189 -206 -351 -44 798 21 -916 -423 -670 842 610 -12 806 835 -966 -336 792 915 -612 378 590 773 905 85 -442 813 -325 -300 988 822 121 -988 977 -389 423 76 -690 257 -264 429 -235 97 49 -125 -848
980 -388 -482 425 775 -715 -310 821 -499 -539 777 334 788 600 675 -405 -369 -99 -780 -178 643 250 212 -326 734 697 -364 958 -591 -237 -189 -301 -418 775 848 174 92 310 -166 -942 967 863 963 53 613 -654 196 -387 -620 -333 234 -489 -690 -227 -610 -108 190 417 -366 -367 -243 314 710 -415
421 -163 -837 -231 23 98 -65 -329 711 -215 23 -432 949 860 395 -555 -329 -1 -854 65 -15 374 -705 850 -761 -524 75 -319 -87 859 -494 704 -515 -332 34 735 235 -340 -19 -86 -527 522 -569 -445 71 -455 619 407 733 182 -263 -416 560 280 682 -329 -101 -634 -572 787 666 793 584 -622
634 528 -599 435 685 -70 23 334 41 964 -359 929 208 446 -966 -889 170 -708 -214 -873 -946 598 -699 -713 976 604 816 -214 484 938 -753 13 -992 -668 -780 378 -544 782 515 199 -573 107 -719 783 -13 192 330 954 -446 -973 865 -53 624 837 -622 -298 -104 -742 387 -820 202 449 -518 884
-92 980 152 -472 -199 -946 51 809 307 435 145 864 469 -271 320 -398 -375 -127 -734 175 -39 234 150 408 41 -254 -78 730 -607 673 -356 363 8 -75 536 -352 -645 796 -804 -167 -674 401 287 57 -231 -346 -545 -875 868 -406 594 -967 -387 -729 69 609 534 -166 -384 811 220 976 -598 823
-431 42 -648 711 315 -531 -991 457 550 -87 -754 94 676 -317 525 118 101 816 -44 250 -175 -527 882 -458 930 230 865 -463 863 800 696 -918 -541 744 397 97 -899 965 472 -193 -688 509 434 -718 -86 236 460 -823 -495 954 -996 -503 297 -244 -494 -342 -797 505 410 353 80 519 314 426
931 689 -838 -255 -332 440 35 -530 144 68 -336 -69 -306 772 193 370 493 -903 335 -280 -664 92 -470 497 492 -617 -707 702 -208 55 611 810 -493 908 -13 508 196 458 -761 697 394 191 -469 -806 -492 689 -192 -650 -821 771 848 -452 355 452 -661 367 688 533 480 445 -938 -59 -872 -434
328 699 141 -250 18 -2 104 -41 -653 964 423 102 -735 630 -499 519 352 492 835 312 -482 122 -116 584 -507 246 471 418 -620 -331 829 -390 -41 -814 538 -558 -318 186 -471 329 205 150 904 -831 -871 -474 539 -917 -127 -761 252 721 -805 -543 576 -944 -50 511 148 -911 -546 955 -58 370
242 -363 -496 -27 903 64 -64 308 749 810 -221 -512 127 54 511 261 384 440 -576 43 353 732 -694 -36 -193 -973 -835 -51 265 299 423 -486 271 153 -717 -13 598 -794 -257 -243 -552 -44 251 -650 -424 -997 333 -263 -429 -540 -238 570 -798 16 607 -530 -644 262 149 762 552 921 -573 -361
-432 530 421 -417 802 14 -261 87 -112 326 340 -360 -617 279 9 699 796 -642 -26 -927 434 -334 147 844 745 -659 -31 382 -960 936 -705 220 -133 195 -36 -930 -513 -434 215 166 -278 742 -605 -70 945 607 742 -608 641 -902 752 133 22 -748 89 73 474 -453 947 -5 277 -850 895 -883
-846 -32 -725 -797 803 -968 121 814 523 -792 283 -417 -855 -617 -70 -150 -140 29 -923 -487 -942 -645 902 649 -637 -859 -639 -523 970 253 647 46 -517 893 -441 740 -849 -655 627 -381 -443 -690 16 -548 -220 -189 -217 -961 -261 107 -536 -366 585 -805 -561 33 296 494 15 66 -413 -469 922 195
9 191 306 -173 106 -147 -934 -135 -226 431 -874 453 -859 791 -575 337 -151 -202 -818 -540 -305 -168 -298 -605 -211 -517 -497 -700 -491 -790 -243 -784 831 394 -686 -348 -378 -432 -606 133 -296 -996 -62 -83 81 199 -194 -794 849 84 889 834 -439 390 943 -363 150 -578 -329 640 628 303 -172 362
899 785 699 988 -489 237 -978 -694 -71 187 535 233 -229 -490 656 481 473 25 -769 161 -677 -983 336 -966 -761 -18 -470 537 611 -594 -669 -412 712 -568 -1 -769 -670 -230 900 955 52 -368 329 909 168 -422 749 327 180 184 -781 -43 616 756 -565 213 -12 -900 540 292 -681 -789 -466 913
-558 228 932 449 634 -758 -58 -34 700 606 973 -484 -757 -955 -153 762 -170 213 -966 97 -987 157 -779 -995 817 -706 354 -44 771 570 -360 -953 148 -536 413 -427 -924 -208 713 -889 983 -775 165 875 681 44 530 -224 -974 53 967 -598 693 -746 -830 19 -654 -200 511 -273 28 511 -490 -550
-124 -936 -897 -512 388 162 769 104 856 678 919 -290 806 -428 788 731 478 587 -626 -492 733 181 -747 -948 172 -435 599 551 -843 734 -548 -116 677 -183 460 -923 557 114 289 -442 -830 -920 -745 -216 -491 -81 -113 881 141 156 883 -334 -672 -260 -972 -371 -415 673 -225 128 -365 -518 -834 -350
-373 -962 -790 -887 -333 389 -978 358 59 691 407 974 58 -974 776 709 -141 -309 -853 649 819 -224 1 952 -698 -679 282 -480 73 249 -945 -399 10 -596 -164 -304 -437 175 -820 507 166 988 -179 -828 -741 -831 -701 -564 -988 -756 -392 -883 873 101 273 -349 431 -72 556 440 -676 -979 565 540
-394 -26 135 238 601 420 -369 -119 -137 -314 -291 -339 953 -656 996 -536 788 196 -591 849 -697 511 -376 801 -143 -958 -247 -705 319 492 -398 759 -557 400 -722 870 -16 536 -309 100 258 566 169 382 -582 -957 478 766 519 150 -233 -262 336 770 -183 -297 158 -212 -378 -345 583 -24 394 902
