117
-837 81 -987 -535 -611 -123 -278 128 -679 838 -128 -159 -167 -127 490 967 -721 -160 -603 439 451 -132 426 -916 602 -340 -154 -979 55 254 359 -184 219 -287 -196 -435 -999 -931 335 -358 -92 -928 303 -466 889 485 325 -981 -535 -317 -168 637 255 -161 -100 242 -704 207 -826 -443 208 445 874 -485 -368 548 725 649 741 953 215 -192 645 -727 712 -761 -869 587 331 -365 -118 786 -177 -524 45 -382 -686 191 253 -420 -911 -620 -420 -697 123 -613 -834 -339 -893 -912 759 -737 596 -232 -17 -378 367 -945 -238 903 -801 -976 -299 786 814 -912 851
520 704 439 -139 -826 -627 108 239 -350 413 459 199 529 -709 150 -639 786 188 -586 982 -117 -359 -20 -28 366 -729 -232 462 -713 232 -731 531 549 331 -241 -308 18 894 530 207 865 -77 -240 577 -173 -895 -354 968 -666 577 93 -865 -549 -423 -464 -542 -958 838 -274 393 -492 -254 118 -382 109 21 410 -825 948 391 -710 -402 -328 -317 -3 -145 376 760 398 480 239 841 -831 -67 -357 -428 -15 835 -647 768 471 -661 270 383 -391 -444 580 -77 -724 -967 287 -899 599 -670 123 352 7 182 -204 -348 -536 -99 -655 -217 295 -124 -546
-178 689 -742 -11 -503 -138 695 137 -716 -944 -611 46 -439 778 -90 616 947 543 428 -914 -770 -79 -776 -101 170 786 307 529 911 -686 -312 618 938 -939 -422 828 101 -928 897 856 -332 -496 128 720 779 695 690 338 574 53 131 -954 497 863 -917 736 926 590 -395 642 -140 -250 270 961 -612 481 264 785 679 360 -546 480 436 605 754 221 750 952 -814 339 -239 828 -694 869 493 69 -398 200 -413 209 584 887 556 872 -439 -473 -711 921 -936 424 117 -830 993 837 631 -165 135 -984 36 832 873 29 -303 -774 180 -927 -234
-279 258 -538 -979 -337 -80 -394 -998 -69 381 -942 -811 -399 30 -490 98 -909 -498 218 -462 190 -605 551 -910 340 460 -812 561 -911 -10 349 976 716 -146 431 210 -292 -48 -862 626 740 238 -589 -669 813 765 -99 -926 558 938 -524 -951 106 905 590 -323 455 -19 717 262 662 -124 701 -545 292 -502 583 -589 892 -2 -128 904 -634 -127 -239 -568 608 666 451 -791 -56 967 983 -450 -253 -497 -49 -329 -227 -158 492 372 -371 -431 -859 -25 -604 -726 161 -954 -221 -260 -350 -576 870 249 -626 -361 -288 -839 187 795 -668 379 758 -264 333
199 111 678 395 30 709 382 586 755 346 -68 961 195 978 831 -412 495 494 46 -137 -309 -129 21 703 -946 -39 589 214 794 294 153 -277 -234 787 -644 900 -426 -965 344 401 -964 814 274 -290 664 -754 737 -107 443 438 742 589 281 72 -779 371 -835 273 -847 451 870 10 -603 915 -1 -450 767 220 525 -269 -873 -346 -831 695 -99 -320 -595 -471 -847 -568 -733 688 -468 -595 -519 908 940 222 -631 -793 -596 -962 -475 407 -782 455 376 612 113 -456 295 688 -721 557 310 -536 -543 329 311 374 -541 -13 -307 -817 -844 -38 174
-16 -883 -907 -249 544 -62 28 -246 737 257 -947 275 937 -904 524 648 440 -957 -342 -882 213 -350 -96 -248 -231 857 776 91 535 -510 -856 637 551 589 285 -773 -850 -89 16 650 -868 -456 343 597 97 -858 -134 -491 -916 -424 -32 -65 -798 613 -969 998 168 -374 -548 -382 -83 -710 -532 -231 -922 671 312 505 -265 -833 -754 727 955 491 -854 2 -767 529 -231 -927 131 721 -251 -597 -93 -564 -558 -923 -315 24 -621 69 -813 -912 -230 -938 289 696 -757 -428 -882 -193 -885 -441 -205 -67 -6 -163 -597 -788 842 384 -337 -13 491 -74 -851
-68 469 407 -556 -841 449 282 159 472 -939 424 796 -580 73 482 87 -407 586 -451 199 -77 -373 43 213 -806 -61 918 -635 -863 264 -426 -45 -38 789 -894 -645 572 -758 -61 -252 406 -271 35 794 -338 968 53 662 434 -528 -578 237 208 -719 -608 -878 17 -344 -776 280 928 14 -2 -200 -760 38 -55 956 -229 -926 517 -570 -417 258 -68 -593 834 -741 465 592 719 272 -387 502 -663 240 352 566 836 -917 -967 -739 -653 530 -31 -302 587 394 -15 -597 -105 573 -588 9 629 -579 342 97 -835 533 844 551 130 175 558 9 225
715 47 -123 -601 355 -739 728 -129 8 580 197 8 -73 29 414 -188 -98 835 913 589 -378 918 -286 275 780 -936 449 -863 559 645 -888 -947 -248 -976 308 893 -623 -759 -755 -889 164 -757 -253 689 1 769 935 -488 331 -216 -253 -500 543 -929 327 -425 -494 -965 561 494 -873 599 -920 496 218 -359 853 172 11 544 -833 -224 586 169 113 -532 699 737 650 -428 -426 -747 -799 -892 -161 -315 227 -626 -675 551 363 -225 -232 -249 940 -993 4 28 590 -857 437 -666 -542 893 349 -941 -796 -69 -631 -574 -548 174 -571 863 -607 -422 -249
-436 -181 -325 -785 -672 531 -90 -583 -71 -679 542 -981 846 -302 466 609 255 -532 307 -717 -66 -593 452 816 -730 -367 650 810 -791 966 579 557 -376 -253 -541 845 -36 -291 761 -661 530 -77 448 -557 322 -299 433 -682 -800 -257 -170 607 -789 182 505 275 804 -435 -245 154 -839 452 -127 645 -658 382 361 571 -691 94 698 -348 20 333 633 369 557 395 -920 -27 76 176 793 -300 769 973 976 503 -979 691 246 633 865 991 538 -942 945 369 -350 605 888 952 31 -905 758 829 302 407 -124 -600 -741 596 -361 818 848 712 -109
-792 -68 703 567 -104 526 -917 182 940 976 -504 342 -176 785 -249 -31 849 -245 -791 457 52 -29 441 -151 288 -946 887 678 266 -496 -707 -156 379 -448 751 373 704 -808 100 716 669 -679 -741 -336 238 -373 -692 380 -196 129 477 867 -503 347 125 256 -312 -379 -751 316 -452 109 472 169 619 770 428 -69 798 408 792 -154 792 519 705 -157 -256 227 -398 -260 861 231 984 38 158 603 -666 479 -925 -556 198 317 747 906 -403 -522 -758 357 890 77 -793 768 -949 250 448 -432 107 -253 -326 -562 972 566 297 400 -131 857 -121
342 -872 -936 21 127 555 157 188 -756 528 -146 -562 -756 -965 -224 -210 295 -816 10 665 -217 111 292 -113 -880 93 606 -878 -705 816 -723 746 720 -202 -272 2 -934 -349 -255 -814 -538 197 -601 682 13 229 -361 56 -977 365 331 967 399 864 -69 100 443 -886 696 -418 -262 -586 -344 -7 -977 -522 107 -802 -918 98 -980 -877 381 -640 -557 -702 -165 972 855 505 668 84 545 -130 -322 -429 411 813 -314 952 903 463 -252 -526 733 -328 516 298 140 94 801 -371 -670 -271 244 421 -681 -69 -470 -893 -77 -347 243 -166 -801 -781 -313
27 -551 -595 707 -727 321 475 -575 168 -608 541 -474 647 -695 404 596 199 263 -304 912 855 502 -617 -978 -610 78 -49 40 740 554 408 830 444 135 425 -857 -766 312 549 -859 253 -666 -950 -458 -318 -636 470 -137 -891 -208 -90 -380 540 -746 556 -37 -703 -401 -516 -434 -348 918 -141 758 683 -741 341 5 903 465 -31 404 389 -606 -253 443 -67 98 -617 -33 794 704 773 229 -154 393 -307 53 786 311 575 906 831 871 967 85 -356 952 4 -783 732 479 612 -318 -621 -520 654 -553 765 -169 43 174 523 -852 -559 -906 -470
516 -402 880 642 636 -771 -673 -599 145 -696 958 -751 307 -997 448 -875 -72 768 -173 -437 636 989 -226 -203 -938 -810 -743 -70 -42 687 76 797 -117 995 512 551 369 650 -95 -442 -313 -758 421 -352 -385 77 -122 -411 -866 971 827 -223 947 708 -491 11 420 716 565 590 676 259 -181 801 674 -384 -855 228 -133 73 -378 -983 -82 754 -642 413 -720 -592 966 802 390 568 270 -534 752 -88 159 466 198 194 -204 585 105 337 -538 571 396 -679 -385 142 396 -673 -753 -472 394 2 925 -213 -998 -779 213 958 292 891 -752 -934 759
-291 -799 110 -387 202 972 -641 986 76 497 -817 -338 355 262 -808 410 -720 707 662 495 -832 -858 -306 -366 499 102 -241 187 -936 101 -220 413 -105 -401 850 -576 762 47 276 730 953 -223 945 636 97 306 919 984 -912 99 854 577 -769 285 -389 -341 348 446 -745 433 275 65 -260 -379 -263 844 772 737 805 355 509 -195 -453 -518 133 922 966 631 781 11 -910 678 909 -797 -477 310 -139 -711 -43 320 683 -168 817 -888 -794 -77 632 973 502 342 -673 -182 413 999 -633 239 -210 -117 -248 969 321 726 -86 542 976 378 832
485 -591 -464 145 641 992 293 756 -65 39 -981 -841 -251 77 481 -996 586 217 221 465 -796 786 277 -261 -339 277 -67 766 -65 -367 970 -853 478 962 -635 566 -667 168 -981 322 824 675 258 -228 -824 -579 550 657 -42 676 -174 -35 239 -477 330 -559 53 589 -140 -320 -978 -715 -921 486 -475 -836 299 -923 -865 -200 864 158 -248 -35 -981 361 -4 858 427 64 -271 339 -406 -306 -959 503 -401 255 662 877 -880 260 798 -576 596 615 -2 -732 -890 -747 -829 195 678 -244 -413 -71 -54 978 -830 -408 -766 687 -447 -759 825 713 -799
-240 791 714 309 -774 595 -560 -460 -986 470 -527 -2 77 891 760 -474 -209 306 -944 -82 -36 596 -324 -655 -133 336 -207 -247 -902 84 129 624 339 -24 -699 -268 -440 -620 198 -556 763 49 504 -601 -164 -131 -365 -548 -753 -904 -129 -693 905 -420 795 -118 -441 361 -326 284 -661 -994 -245 757 -412 740 820 -408 377 692 -710 -15 -206 425 -480 574 164 -224 729 -472 54 -820 475 864 420 -986 -110 708 -368 -143 30 96 335 -373 219 -879 -345 384 -565 -938 323 -391 658 -657 97 674 461 919 569 -984 -417 862 -982 145 -678 -817 -206
518 183 545 729 -965 146 856 -693 -800 452 539 -304 784 -498 928 170 550 896 -620 -981 687 -957 55 192 922 -359 -221 -51 -580 975 -99 -74 -127 107 661 392 685 -472 -552 -462 640 44 485 931 679 130 460 577 447 -424 -623 595 901 839 128 -340 217 538 251 997 -767 926 143 245 -70 149 661 239 -775 230 -476 -680 -129 -444 67 820 411 473 76 -324 -87 464 -900 -482 264 764 440 -894 -487 -377 -71 -332 -844 59 -888 834 -635 663 -92 947 339 911 -512 802 577 67 -150 439 -386 -535 726 672 87 -775 -551 49 396
886 -15 -875 479 -396 50 655 760 -134 171 -990 -442 -778 871 377 993 -457 704 -141 779 427 478 -193 405 37 476 -624 893 -550 -53 -546 804 233 800 -103 -130 -811 217 -998 915 -448 126 -889 498 469 562 659 965 -510 -808 -16 0 -16 962 -414 -461 849 404 1 -897 917 -281 -550 -171 201 282 -285 -710 -611 -573 -743 135 -113 -141 -440 108 -151 504 -730 644 -828 -324 -564 260 328 -822 722 -530 -911 400 -762 -558 -641 592 169 -301 570 65 -554 -425 -480 787 -160 393 -579 192 -282 825 566 -275 118 -478 290 48 -292 -932 949
-901 -940 840 778 982 708 329 -580 -549 -225 -446 -543 827 -665 -854 -780 238 226 108 509 -440 616 -629 -305 742 -922 -461 -498 -40 770 -229 171 -599 844 710 -82 -743 765 904 623 -932 607 -954 -591 -117 217 -74 507 -904 757 358 -669 670 527 -808 825 823 -324 -293 94 -760 469 -571 352 215 703 -20 83 61 -40 212 189 -283 -673 258 381 468 -224 751 -487 355 668 -327 -492 168 177 -861 328 -125 -677 -995 725 900 694 -418 -10 442 -641 -867 -676 -27 -858 960 281 -611 -62 -725 267 524 625 -118 500 934 -422 890 754 -615
337 1 31 -625 646 -274 -57 -960 -181 -165 817 853 176 -1 925 487 -403 976 792 -282 -949 405 -401 -603 -689 -406 462 147 -684 813 -749 693 692 -139 467 -418 -509 -670 -216 -784 856 -497 151 -724 -696 660 -758 -170 513 -648 -722 -76 144 532 267 -187 911 -957 635 830 -449 -651 -471 -704 -435 723 -536 21 596 396 301 -295 464 -738 -838 53 -38 737 807 -650 -587 989 -161 364 -301 123 -860 -705 196 153 -720 220 -355 631 -54 621 -847 -625 17 247 -161 -446 360 765 151 860 -642 34 906 -311 745 -741 -995 -286 -34 786 585
-224 623 -681 -669 -575 -399 545 83 551 153 914 -621 -370 -845 121 -922 -314 -865 -847 -142 -706 856 391 -853 562 -254 -119 -322 507 464 -631 22 -939 -945 -431 495 654 -926 -512 821 -423 266 -94 87 -606 786 830 286 877 -955 153 548 935 -660 -919 -893 -898 -104 612 779 -291 40 134 -402 -849 296 -896 -148 852 -458 -818 391 -847 -670 -143 322 -46 241 -101 -197 635 910 -310 -927 -228 -130 -533 708 -46 814 -320 712 218 -917 412 357 -143 -498 -86 463 855 498 -914 44 -254 419 563 -57 63 -715 -588 -127 739 -850 -506 -658 767
-975 -622 851 -110 56 -271 170 88 109 -369 639 449 549 -606 523 76 650 324 -646 -942 915 -212 923 31 -958 220 -861 -166 -215 -253 -721 54 954 -991 68 -478 74 -613 68 107 466 53 48 -527 -814 -916 84 870 -847 854 388 579 485 -576 -911 -683 -21 71 -57 292 948 435 -138 821 -243 333 -741 -75 377 178 -677 -987 45 -721 -884 710 -169 -260 -305 -822 892 -379 749 681 701 147 381 -123 -299 202 816 -235 434 -405 -519 382 -339 -998 204 112 711 490 34 172 -158 -684 -794 484 -134 326 -16 186 478 -568 -101 42 -929
-678 -572 564 611 -983 129 657 470 32 -452 -329 943 -21 379 583 -662 -889 510 -828 599 -603 244 158 158 -674 457 -788 -516 -16 576 72 943 -137 -535 325 331 583 592 -901 470 805 834 -221 -602 853 380 -514 437 765 290 -529 -82 -519 552 233 -569 568 544 659 -86 324 -383 -199 530 -337 -719 -132 -369 -600 -401 -23 -187 13 127 678 -553 763 -461 -72 -452 -784 -174 35 763 -718 407 -375 -183 -744 -503 196 -612 -186 -238 702 154 902 319 13 -877 -255 83 269 -904 126 792 -171 678 641 723 -581 387 261 291 -285 212 196
758 306 -232 34 -57 658 677 -182 -793 222 973 976 -825 509 -772 -954 -80 -261 465 474 -832 259 7 140 -78 -839 -434 750 152 -493 859 -988 -105 -632 -423 330 -50 -831 -694 965 -332 -532 -786 978 -818 -1 430 -38 -982 537 -410 887 -996 52 701 928 898 903 -830 912 341 728 21 -555 -241 -498 718 -987 387 933 -258 -886 -499 75 481 830 -265 -361 461 610 837 9 -215 376 -161 492 -387 -160 392 -24 -62 -225 -737 -459 181 -420 434 906 861 -139 -263 706 6 446 966 656 42 -247 -569 330 -356 545 -171 448 240 -464 237
672 -390 -527 745 610 769 704 506 574 752 -275 627 190 -119 591 -971 -467 -314 -875 195 -993 -466 -856 817 -630 -352 -868 254 -670 -898 -459 283 403 -711 742 -345 -809 21 853 -440 71 -87 -421 696 126 246 567 -950 809 498 -734 375 -933 479 77 362 717 -900 -330 -972 -925 312 730 -148 -55 478 404 775 268 178 -188 -736 -107 118 299 -700 752 -775 546 732 907 -339 -166 -376 122 339 -771 517 199 -683 964 538 -218 480 -797 149 -905 300 207 -915 277 -390 -433 467 107 841 -848 10 -458 996 274 992 -58 523 -400 -744 158
429 125 406 -598 191 298 790 176 92 -764 -151 -432 568 -774 397 117 -526 828 -569 -499 -522 846 32 709 829 956 105 638 2 216 -308 876 -95 -961 369 620 893 -502 330 245 -418 65 -564 616 918 777 938 162 287 -259 -17 80 -861 858 -904 865 -266 981 -644 -313 212 168 873 39 323 697 908 241 37 -885 44 441 -260 -451 -189 -173 793 513 -470 350 932 840 160 -153 -494 136 951 -898 373 -81 -260 965 -26 -927 657 -411 375 -434 -648 139 -648 271 -978 96 857 318 -335 -138 583 -907 -160 -818 -188 975 205 278 967
747 545 -801 -675 32 493 77 -901 -774 921 40 386 -111 -709 -960 125 746 -827 -531 -839 -265 -165 -572 321 -662 -993 981 -378 776 219 -159 -425 -744 635 -566 243 -310 -876 866 312 -172 693 53 390 376 -504 -701 -858 273 37 -59 688 -356 -508 -31 -338 -636 -132 -535 715 501 349 205 -618 -606 86 33 -503 -637 -252 -39 -47 -234 505 -768 -727 -379 -876 584 455 -184 -254 -628 323 -655 592 578 336 -506 -340 284 -360 -340 -776 -211 -856 462 -167 121 -699 -131 466 229 793 129 152 685 894 -514 -286 -188 -42 66 192 -858 -891 -710
644 394 -213 805 -15 -237 -910 192 798 -107 -896 560 -761 -395 601 142 -735 858 565 -372 -808 927 -839 -682 -889 -966 709 -76 338 342 -343 604 -509 -419 229 -908 544 722 891 837 742 -310 -797 827 -716 666 -181 312 -90 812 489 585 843 -453 911 -335 -762 526 -807 -623 446 370 309 601 418 15 -80 583 -579 492 777 -114 -287 -561 -748 291 51 429 526 897 595 559 808 636 -777 213 210 130 979 533 917 590 679 -868 204 -554 -492 805 592 612 -36 263 543 -63 -651 -600 649 -979 202 -656 966 -340 -705 360 -377 778 334
977 935 239 -973 673 590 334 384 601 -413 -25 142 562 -918 -212 449 261 -15 -719 -858 137 995 -244 -69 535 -536 -20 -21 -950 250 183 38 35 179 683 -55 -920 -600 -891 -594 -612 -164 -880 931 394 -174 -618 463 -213 932 690 263 759 857 -267 -84 -568 374 551 -691 570 4 182 241 542 -55 -182 -23 14 -538 537 -394 -741 733 -426 -505 834 140 899 540 621 234 24 748 -747 349 -68 207 357 -186 816 -871 -310 682 427 -748 -41 717 -640 776 613 669 620 986 312 632 -837 -449 -292 251 -310 -85 574 -215 471 -838 167
-476 276 -55 -221 -901 91 -94 -512 -705 -597 355 -974 -557 625 -902 259 -832 930 863 920 -253 -716 446 190 -940 173 959 771 -140 131 -732 866 113 -446 190 -442 312 -404 332 959 265 -182 -638 563 800 -847 -158 -5 133 -224 -7 -482 -831 821 344 -324 -645 496 -499 -112 -290 416 -946 -55 -231 585 50 -430 308 -58 684 252 329 811 -428 29 406 -252 708 338 862 -823 -260 448 -890 -525 -254 360 515 -8 394 -103 782 258 -51 224 144 221 -551 -854 112 -353 117 -886 230 819 -641 -459 843 -802 -172 443 175 290 908 -832 775
448 895 -56 -31 776 280 -62 -347 -35 -76 -565 746 836 135 947 65 -198 540 13 498 421 -618 -929 562 947 -969 346 494 -177 -388 -589 614 674 -956 -192 968 -571 780 -66 536 645 -872 -289 -646 639 159 369 -100 -341 419 -951 146 -154 796 -433 -273 -793 -511 -125 796 547 114 -995 345 155 -268 354 -306 595 -774 338 -612 -610 -228 -513 676 -859 -473 -632 -396 134 465 -445 -646 937 -681 -39 -10 -626 -187 -662 -320 786 -608 -958 163 -207 500 900 -491 773 -890 786 163 156 309 431 622 -456 497 -645 636 -481 -168 -754 93 115
-775 -128 267 -116 71 -540 700 257 -372 661 -280 -618 39 -919 305 383 83 898 -493 515 326 -269 -710 -772 707 -896 874 -886 -628 -770 64 -185 39 -871 -253 261 -453 -188 -763 52 -520 587 -868 448 -815 565 647 -90 -681 -730 767 103 -493 -352 509 358 -241 -167 -446 -581 -703 -953 918 -726 -507 -776 -880 -226 886 959 -129 -210 921 520 -973 -271 -185 877 -405 782 -523 849 204 -467 -927 889 218 553 410 -693 646 838 476 -82 -220 -225 -105 -175 -120 -183 572 152 -131 692 -780 336 641 -161 764 932 -912 -374 -672 152 -772 -889 -253
-862 -250 -646 392 -647 124 112 -927 -570 -226 -741 65 -313 190 -37 384 626 836 521 -581 -857 -117 -707 709 -722 -340 -849 -658 511 20 -326 685 -128 69 972 477 -903 934 91 -814 83 792 450 -281 271 -122 -968 710 -844 -825 -382 -621 848 -316 62 -635 -897 352 -432 -191 570 -711 410 340 -138 -502 -220 477 -627 -822 -52 358 -134 -155 -249 381 942 596 293 19 847 -341 930 255 768 912 24 -944 -516 915 -766 158 -244 -594 668 284 -680 -998 326 -868 746 219 -569 14 798 249 14 -905 389 -787 -892 -406 -743 -780 894 837 859
-317 -594 -453 680 663 72 -7 298 39 290 263 843 -823 549 990 -940 -3 -95 80 451 874 316 296 -709 -93 938 -33 -251 790 -983 488 -251 -879 244 537 39 -143 87 262 -616 696 -62 332 529 218 822 -234 -706 -892 -916 992 -915 794 -43 -442 -926 -740 732 487 760 -284 904 -868 225 -962 429 -465 -642 100 -510 265 -710 229 750 92 608 -990 -516 810 254 661 797 0 -591 254 -772 -509 271 -309 204 821 -636 -477 686 436 580 543 175 336 -576 901 -674 -506 819 195 124 -275 348 4 203 284 262 -30 553 55 418 -727
294 -12 -906 -220 384 430 399 6 -160 -331 -238 214 957 -528 977 -40 303 849 -583 228 238 723 599 -650 -759 -894 -661 961 482 966 692 -272 -106 -82 187 811 522 661 -116 -30 929 420 -321 -215 987 -620 -923 672 -120 -611 14 222 810 -432 -553 -134 -281 62 -320 -171 685 -13 -468 23 -191 -605 -750 -860 -912 -465 352 -165 102 -493 367 811 813 127 -463 -862 -83 224 535 164 130 -629 431 676 -325 517 731 578 -753 898 -451 417 794 -24 -514 564 -283 799 126 756 739 -537 309 -96 743 918 56 -334 -941 412 -89 -518 -724
-619 -364 -663 -55 -533 -610 -532 762 629 747 -829 38 721 36 -211 892 601 858 -494 -149 36 566 -579 45 860 126 611 -98 935 -540 756 -470 820 -520 509 -763 -636 -722 520 836 -429 410 -415 680 -991 -824 -203 587 210 664 -487 819 -978 -650 -220 675 -363 232 -582 -863 803 528 -121 -654 700 -399 884 689 -300 -161 152 735 -355 -337 446 -907 510 -963 303 -907 349 -131 716 990 -823 -423 -773 -515 -330 169 -709 720 -763 96 229 -313 -753 323 417 -732 -289 629 -286 961 -631 877 191 96 -213 -679 111 -707 -898 940 -416 -736 105
402 -299 255 770 -523 -471 -111 449 648 356 -388 516 160 -55 -304 -567 611 905 141 203 -696 952 -178 -405 -290 921 889 506 -503 -55 894 705 -617 389 797 -66 -880 -263 677 731 -356 -329 -681 -4 -210 -784 -183 -11 -658 -319 262 598 485 188 -894 932 337 322 -884 933 104 -133 156 823 -326 322 348 -723 -17 175 402 -793 671 -702 459 -355 416 -343 260 473 346 110 514 270 583 96 -655 -824 598 236 -454 -895 78 169 109 157 207 -531 622 867 133 430 236 425 -154 825 44 -69 587 505 -236 999 139 4 -764 -296 -78
-808 175 876 -688 669 662 -908 542 279 710 -903 908 187 808 -763 678 -453 -906 -811 837 784 -130 697 -815 -925 -481 580 -908 -440 -817 -825 26 -105 -497 -667 997 440 -650 -846 444 -982 362 -963 771 929 -370 551 -553 122 85 654 80 -484 341 571 -776 -68 -138 -347 -406 716 -631 -177 100 -638 182 117 423 865 -195 -898 413 726 -306 -82 -550 -655 996 -549 314 782 -659 74 -454 -481 517 966 -669 -632 -113 12 -894 -122 101 373 -637 -515 567 -255 -357 540 415 812 628 671 437 -752 995 145 -689 -841 -939 -532 -368 -437 72 -977
801 -915 759 -38 -722 -610 -547 -647 599 -228 715 -213 -522 45 836 -226 416 417 -411 152 -188 -361 402 452 369 -993 412 392 -683 759 -241 -33 447 468 -985 568 822 -545 -974 153 163 73 -224 785 -600 860 552 -807 -188 480 -155 182 607 775 669 975 -208 166 -991 -443 302 -448 -832 35 514 544 199 611 220 563 851 -485 621 -529 -857 594 -383 916 -103 931 719 206 614 -83 -407 -940 406 564 110 464 874 -392 -193 -101 898 399 -1 -876 907 -414 83 45 -554 129 920 995 -685 948 756 552 -820 -369 -267 798 -626 -448 -26
-63 98 -8 800 98 907 180 -259 -68 871 -968 248 -203 -232 743 656 323 509 -959 -534 56 361 216 -602 27 853 513 -390 276 -367 84 539 -812 -267 -288 -565 -513 406 639 572 -969 965 -144 -46 614 561 439 -922 536 316 -691 374 -942 619 -859 314 -893 -505 77 322 613 129 -115 -452 896 483 239 -335 -788 289 -982 -593 848 -67 -419 897 -212 842 277 298 -577 -983 43 -656 182 127 -83 309 -606 -728 -137 834 324 -940 622 -100 856 -465 873 -728 203 -753 540 -22 939 966 370 393 922 -552 -858 895 781 -954 734 -548 -681
-792 -475 -310 -643 554 500 -452 -138 541 572 703 -159 -210 930 450 371 -844 -153 -814 459 131 -509 254 -44 -259 958 -38 631 616 -630 -609 314 -917 -64 398 -248 -462 -954 421 -258 689 -838 699 304 -940 -930 -427 -282 -827 -352 491 358 -441 452 -492 -817 559 -240 62 -561 -29 -444 -613 594 -373 -492 709 -153 803 -557 -495 -48 -174 93 673 807 373 -270 -572 -696 613 -454 -840 687 -585 -423 576 846 -270 849 -976 -886 363 -946 -667 739 -596 -158 2 -178 -205 -802 -252 -959 -762 -327 -377 619 133 112 -830 -355 56 922 478 409 -345
-505 148 -299 -488 421 -76 -132 387 -66 -927 402 18 193 -711 -863 132 -581 227 -235 -767 -142 -815 848 -153 878 -315 -694 50 132 -896 569 -725 641 229 -487 -313 815 -99 -727 912 -457 -285 498 961 147 31 -572 -677 -98 -256 -866 -363 -197 530 794 192 927 -272 -605 632 -500 -717 -173 -762 -678 344 862 -270 244 815 709 -858 141 751 -473 -258 -723 488 -149 -356 156 49 -622 -520 937 591 28 -300 -249 887 -678 909 -411 -278 -516 -643 168 383 70 638 840 735 -701 329 -508 90 -778 973 -462 -473 -119 -101 71 -824 -123 -307 -625
-789 -900 -105 474 -451 -714 -59 324 -198 278 740 526 32 -920 -626 -818 913 -631 -211 -16 710 435 960 -553 -144 340 -709 757 -646 -566 -408 82 571 669 236 -244 -56 -232 37 668 -26 678 -49 -623 477 -139 -458 -853 296 -166 341 6 120 -815 -723 672 120 686 993 793 -260 933 -802 150 -925 562 -24 -558 171 246 -432 -830 -973 351 386 195 107 835 346 -525 232 665 -890 -616 789 4 295 976 67 -276 65 -57 64 683 -542 879 678 209 -289 15 602 84 330 -582 485 -985 544 -262 -561 534 -945 -823 247 107 212 956 -161
-448 754 525 820 -606 -577 -669 -292 143 184 496 328 -900 -859 502 -951 -891 311 -713 799 -239 446 665 620 -144 343 -94 -938 133 -957 -27 -148 -582 -813 184 -256 -379 510 977 -558 -363 485 397 382 280 -194 541 636 -451 748 286 -955 -368 -928 -397 981 744 89 -655 -836 -631 -10 455 -18 -218 -164 -696 890 -217 964 262 -104 -494 443 -212 -53 697 989 -872 -841 592 -452 819 -68 -486 -646 830 -592 -81 742 492 -918 -804 674 790 410 -217 -29 207 -793 -643 387 -732 -719 185 577 -641 389 99 -473 345 -34 899 -645 -823 -152 913
-753 -146 399 699 452 -860 631 -206 795 999 421 641 396 -911 810 234 -529 -111 -400 -273 -40 795 -723 202 -976 965 -379 906 318 453 -612 522 -812 -683 360 -848 -474 912 916 63 453 -532 34 -519 -886 -12 184 -12 -290 48 -229 711 486 723 745 66 268 433 32 -88 -248 -453 -836 -86 445 697 878 688 880 -702 840 550 -460 -293 -380 -686 433 218 36 -610 -974 853 -427 726 605 -804 173 -625 -130 -224 -525 721 29 -626 925 -285 558 -628 228 770 887 671 837 605 -805 -601 849 -384 517 -185 -269 171 241 628 -543 -1 148
970 444 868 -821 438 322 -342 -527 -237 995 -134 -197 -860 -480 -553 797 891 399 775 95 644 -405 -232 -214 337 -567 -239 637 834 -811 6 156 256 -165 -729 -952 -553 -927 -106 -391 142 97 -589 615 804 -235 -443 -616 57 -917 -569 932 38 -392 -451 -475 954 -583 -942 -358 -95 -252 -528 -437 -781 -643 -630 -650 151 628 -199 120 82 444 -575 -425 912 -761 -432 988 -434 461 163 190 641 -805 276 57 -330 855 147 -258 519 -46 992 -300 -537 -41 -349 716 698 736 -440 -670 -588 727 666 463 -595 -934 -37 -868 717 -904 -595 -367 602
-872 512 59 186 712 457 203 -41 227 811 -341 -961 604 484 -292 -379 807 438 -772 296 -329 -943 -237 221 498 986 716 459 464 474 400 387 290 -42 29 -342 112 726 -202 -811 -565 867 -523 672 -735 -702 572 219 318 88 600 641 431 -935 -58 -234 770 -430 -688 204 362 -978 -368 546 879 -680 -507 682 -238 -209 -829 -843 -898 -113 -59 -18 -983 -767 -275 -192 394 513 -948 68 852 -952 -706 90 784 -378 -372 -684 -966 -755 -187 -278 770 -579 822 -771 371 -953 -634 -436 352 497 927 -372 -583 -395 470 600 -307 294 796 389 922
240 973 767 639 -742 245 -922 -285 -133 530 -209 -449 -890 -731 -232 -106 -620 242 -900 -955 93 231 271 388 210 794 -441 -996 -166 138 -537 -45 -282 -825 889 -173 -717 -946 -426 -214 -180 605 -43 -38 538 -155 -977 239 953 -243 -437 577 679 594 -421 911 604 444 241 -212 273 988 -913 -298 -401 50 -726 -720 -444 -564 -134 818 516 -312 -31 -537 -70 -406 -491 -844 986 425 492 648 100 499 515 -946 647 753 -853 367 368 -778 512 -123 -979 800 711 187 482 673 612 -784 -409 -472 997 506 -388 712 -753 758 -662 -998 -781 -546 248
350 268 -956 486 557 519 539 -614 954 223 -508 -91 823 149 -858 272 -541 345 583 760 -591 -473 359 947 -124 -288 764 -386 54 852 551 774 -872 217 613 159 -556 -341 898 -29 -82 -896 744 -134 -23 -490 -650 -77 -603 300 -372 445 -394 74 -862 -780 -863 910 599 -53 -673 -333 327 610 -524 783 -138 868 41 218 -486 320 965 695 453 -446 410 480 -177 -626 188 -622 18 392 204 450 591 274 -989 -966 462 835 426 -619 722 49 806 -686 -901 -709 465 -584 613 677 -493 839 414 -800 704 710 -795 85 811 -465 494 238 152
-845 -94 610 910 907 179 315 235 588 -20 -202 2 -330 903 614 976 57 393 548 -915 -411 488 -57 509 13 188 797 -906 726 -957 -749 507 -463 735 535 -121 51 -262 -649 -954 30 762 -683 29 -82 111 730 442 -814 472 132 -314 36 470 205 -970 -25 905 889 929 860 502 -580 636 -847 -630 -635 -31 -217 440 683 270 318 638 -701 -566 -49 -570 -261 306 -939 952 -138 -622 -359 589 292 -465 -807 -498 93 465 245 347 -869 350 -346 -345 977 160 -998 -288 -693 -919 896 -403 483 -483 860 -783 733 14 72 524 768 693 -584
432 850 -292 -168 -544 -898 -888 -124 -795 -27 180 -957 586 -370 905 993 791 -181 169 -536 284 42 -901 -581 291 -940 288 -386 775 -939 84 -619 -92 -791 144 839 420 -528 -931 334 728 349 -285 830 296 -431 63 -720 881 -370 435 523 -275 -421 839 781 209 -188 -723 -389 -337 -582 -574 -365 -68 -434 -832 970 -420 -523 1 983 -167 -839 303 715 -109 301 -442 -565 657 -246 794 843 485 -118 453 185 -370 -80 88 595 119 258 -701 54 445 245 -688 -939 -755 564 -102 258 -164 892 283 -68 864 470 -446 645 476 -894 324 62 377
940 649 -911 31 926 599 -517 67 -46 444 -508 506 -270 356 -612 -340 446 -101 964 68 761 -468 262 708 -927 -648 -766 645 729 819 679 -757 116 -744 -262 919 -688 -996 613 743 93 624 -289 -872 9 -672 644 -197 -599 -936 65 981 -602 -985 398 801 -639 -85 -56 384 596 -772 -246 177 -409 549 519 507 -836 236 -921 663 -568 -93 -820 778 -242 -473 -481 -576 969 -410 -980 789 -779 -19 199 508 -597 655 -839 -429 -489 -222 -101 285 904 996 -35 -97 724 235 -684 247 917 -519 190 325 948 -306 851 109 192 312 138 997 827
661 677 842 -206 -743 506 335 -649 699 -738 597 -292 441 -672 -554 -3 269 -960 90 -149 -889 426 893 -943 -39 611 184 -891 898 654 -740 12 -814 332 -611 138 348 -818 -901 -538 393 568 331 198 649 -797 -956 251 -75 799 838 427 -224 84 917 231 -52 -669 532 -119 88 -818 -69 -724 -473 32 -245 -952 -564 922 344 -360 673 683 -267 122 -841 -324 -402 -270 -552 405 110 -469 -456 623 -479 -292 586 -793 580 2 -433 -356 409 -273 153 -443 262 -49 -995 -302 -355 -381 -73 413 -618 -659 872 972 648 806 874 743 86 -977 36
960 870 2 88 -956 -418 804 586 412 488 -183 -788 672 932 -508 452 25 -981 186 159 353 881 -446 462 586 181 395 -449 567 627 698 951 -373 8 -466 106 -532 53 -687 813 451 -164 254 -29 99 -745 794 -764 388 -807 -943 444 -677 748 877 -65 -504 185 -891 234 699 -841 672 -939 387 730 -508 868 -251 -564 -336 989 901 378 -862 788 -380 -347 373 -703 903 889 139 131 975 -454 51 782 -438 -694 -680 160 246 215 -731 914 -419 369 -40 858 -174 -647 434 -435 -682 325 -8 -911 -170 -623 858 -848 805 671 -210 -952 -894
463 -376 96 726 889 71 -491 940 -489 -609 131 333 -816 750 -305 647 -225 717 -719 -647 -302 614 127 -387 446 61 -636 179 -176 -132 -657 -986 -162 638 -360 78 -212 -856 493 673 -565 31 987 -922 -148 906 520 -280 546 -699 541 851 -731 798 801 -258 738 -848 -175 -251 -464 138 -500 -895 -163 -756 410 -426 -393 -739 780 -966 839 283 478 717 -680 -368 -791 153 70 -723 22 -729 -543 662 -803 -37 -64 249 171 -978 -750 412 -718 -58 959 -13 266 -156 349 -789 245 393 832 246 -735 214 409 819 982 -513 399 825 79 938 650
192 597 -262 -197 -660 119 -557 138 982 -554 841 -600 905 461 -182 515 -538 61 -540 760 901 -682 692 -686 -407 546 604 -512 718 -964 208 69 -959 510 462 -679 732 360 247 -611 908 -676 510 -580 -463 -395 -244 541 -126 -296 -434 -988 -997 227 924 -216 -252 -717 -730 -849 239 626 -483 758 717 172 -421 381 -563 546 -672 -977 946 -248 -902 -369 384 169 208 798 -685 -182 -933 -583 -4 908 961 622 -86 -501 912 -177 400 659 -892 -880 792 3 -171 347 -220 -167 96 947 460 -947 767 53 -359 -646 -584 -470 893 423 943 233 893
-861 809 569 -803 -993 30 436 998 -555 361 -712 -378 6 848 -713 532 -542 763 766 958 608 387 610 433 990 -856 294 756 -206 158 -551 466 990 -763 29 -334 898 -204 -542 -684 -100 -270 977 843 -694 496 -635 737 576 214 531 331 293 -199 762 -85 -920 -347 -203 28 -256 -595 542 -3 -527 -948 -995 669 698 983 -130 -753 234 -79 -176 -198 -557 778 -967 304 728 645 615 -167 96 565 -255 -181 -564 611 892 -632 -299 -578 74 629 382 -912 477 -238 -695 -87 474 778 -491 875 -680 -711 -955 -287 423 581 -324 204 157 106 661
747 299 -202 -801 -362 799 910 708 999 -701 -965 779 -986 210 53 -572 80 795 10 1 339 -178 -806 852 633 -445 866 -830 286 -70 -396 -697 -881 -756 -481 564 433 705 -240 819 251 -181 645 -53 514 -112 -902 -786 559 197 -462 -272 -834 -251 419 691 374 -143 686 669 -464 257 -647 955 -106 -103 139 -785 57 487 52 756 62 792 -938 -414 679 -726 -604 -259 330 -596 -282 -88 -832 -30 -346 -121 764 613 -838 50 -795 -185 -482 -475 610 148 -179 964 -671 -604 92 -84 437 892 915 597 26 -539 -983 -429 -27 -220 299 476 -436
728 520 36 191 851 -196 980 866 543 903 -999 -135 514 -422 -776 -81 92 -643 751 82 525 -737 -905 -930 -156 651 -363 452 -638 228 240 -249 940 173 -323 -828 -81 631 -377 -165 382 600 858 -866 551 -844 -626 -411 -283 -837 -976 -629 334 -977 556 -712 75 96 -441 -372 -536 773 -487 -619 258 377 -184 -355 205 -528 143 132 -696 341 157 -43 1000 -46 -374 -553 528 842 565 882 770 -586 952 876 448 682 749 -736 -421 931 -854 281 573 528 391 976 898 490 464 784 448 -526 -538 -62 647 677 -751 762 67 878 480 -787 911
-632 -576 189 308 -978 -582 595 -208 258 -729 744 -191 -394 -641 384 -576 -950 -929 388 -614 514 985 -262 457 867 -603 2 -302 731 870 479 -728 554 775 -607 910 240 852 -85 889 245 740 -810 -141 79 -92 561 988 755 304 419 -565 -549 -150 -993 -877 448 140 -190 561 564 170 -675 689 -177 321 489 -528 500 285 11 -949 512 134 550 -825 -322 89 1000 -102 -343 453 -30 263 847 636 -681 -361 -145 794 320 -686 591 658 -967 -322 220 -253 -788 494 -258 457 808 -821 135 288 -563 544 -167 -828 -777 -65 161 708 -43 785 -172
-844 -443 843 -988 802 861 -4 94 864 -856 -734 -348 -224 476 -307 418 -930 324 -853 975 -314 -433 -941 -30 -649 -44 285 -258 192 975 302 620 -362 77 433 884 -665 144 -559 -985 -903 -881 -285 -357 -740 -546 -448 -988 558 245 945 -100 -35 -865 -605 479 -297 -271 857 -987 797 517 385 -260 -746 -557 -801 114 32 587 -843 -212 -479 -495 356 934 395 437 -868 872 -578 -67 -561 656 632 338 564 -222 328 -220 -248 137 576 539 -401 -136 408 -661 -569 2 -962 -765 -867 578 -69 -382 153 -136 -254 -74 -267 49 -14 226 603 -894 715
-804 220 -80 -211 848 -468 462 459 740 -437 100 -689 186 -865 217 -41 -453 -35 766 -851 -202 550 -42 -124 437 -2 101 -754 -441 328 579 -246 224 668 429 747 -70 -117 -199 -348 437 74 -940 672 -254 -406 -102 222 -8 808 -62 -135 -191 447 643 -859 773 -197 838 -555 -719 -839 249 538 947 907 781 534 -268 119 -594 239 962 287 -132 671 793 -85 -726 -233 574 594 -734 292 296 184 -477 -502 -629 417 393 -979 706 -492 -504 718 -520 -341 -524 -670 -253 -490 -593 -833 542 831 -736 399 706 -360 540 -729 -416 0 20 -974 733
229 -437 -458 219 -556 -766 936 -272 -532 -125 282 788 -272 230 -829 -324 -677 66 968 -290 -723 -540 886 369 324 661 97 403 -602 -469 -346 198 -886 511 13 -136 -553 550 554 557 900 -786 -93 -933 -993 -314 -388 450 -375 -741 462 -698 430 -373 -10 522 -110 504 969 283 967 -997 -11 -538 -869 -287 -509 -313 895 -233 -743 -609 242 589 700 -607 203 490 -718 921 54 829 533 -887 85 -101 -876 706 -392 713 244 827 904 -57 579 129 813 359 317 796 -289 -391 -521 -679 -327 373 -359 313 873 709 -375 21 852 -708 -462 -628 663
646 -156 491 -871 -323 -28 584 -676 917 660 -421 338 501 110 426 -836 882 -983 575 909 -710 -994 -408 173 -454 645 235 -343 -355 -552 403 440 -895 377 475 857 7 -209 854 968 -617 684 361 319 -242 810 726 -119 437 -173 -458 -414 63 896 193 -550 -114 137 -627 424 579 780 161 -885 560 617 -203 -676 284 -215 -40 -993 98 -530 -611 -952 678 966 -957 203 -426 313 -880 155 776 226 937 484 886 923 945 -955 690 272 907 388 759 694 589 -586 -97 -364 35 838 -693 511 189 -542 242 836 951 901 -24 351 323 -402 10
344 468 -304 -252 -787 953 -61 -497 -998 -603 57 778 -683 375 314 596 646 155 496 788 83 812 -497 629 266 -988 348 -383 152 -559 -466 152 -185 470 2 -323 -669 -5 -792 -403 765 82 171 173 -791 -488 782 0 738 -253 -814 162 -546 222 -924 -829 -612 46 -765 -637 217 112 -609 374 -398 82 -547 -651 275 842 55 33 -514 -505 -576 -604 440 -958 949 838 -963 816 -401 584 771 119 -490 -543 668 730 911 -797 662 707 -507 -215 237 861 358 -16 864 859 420 -66 -160 -729 892 -317 -92 -37 -429 619 -326 454 -4 348 -824
284 -25 803 848 -900 564 -347 914 -193 -556 468 -260 -710 -944 289 845 480 771 73 -745 -104 2 -851 130 534 413 130 -963 504 557 -719 -1 655 348 -197 588 -904 853 -643 99 166 -32 -580 116 -402 192 414 479 303 -728 -683 183 28 215 -120 -874 183 757 319 -86 -5 773 107 -51 582 970 31 -718 785 -90 -241 -581 654 -322 724 -344 -579 -375 473 -871 586 -297 966 341 663 -130 -890 -749 -542 -224 103 -939 -686 -760 141 565 -605 -61 -781 -872 -148 492 559 767 -263 -928 -447 -180 954 -624 -728 -607 887 756 -991 -668 174
860 701 783 -725 322 -739 851 787 -100 301 365 -916 -595 346 -943 412 923 353 275 -467 -533 534 164 -822 152 653 473 825 83 617 -872 -763 708 -241 -36 -841 447 -922 343 656 82 557 -633 -395 -949 -952 625 983 710 -887 906 -483 915 535 -43 -895 22 -82 502 -91 -280 210 581 -880 475 -687 175 -408 235 -747 -506 989 80 242 -856 864 336 -958 -99 478 657 330 -471 -963 -948 41 194 -958 -739 477 -708 733 615 -831 -448 -974 421 263 379 -508 363 910 435 639 -790 560 -284 -654 -302 571 696 776 -814 410 -859 898 -821
-225 431 754 -302 207 -449 70 180 186 -228 96 -747 -859 -138 -98 -735 230 834 -230 -829 187 -386 -704 275 -296 406 247 794 -517 399 -722 674 269 -703 -827 -119 -664 882 -683 948 304 509 -835 -33 -385 258 -486 146 -768 -969 -910 496 -809 332 189 233 524 -341 -496 959 770 -162 -457 -650 -152 -997 -754 149 268 -325 -99 249 375 376 126 -968 -71 -252 652 834 129 -42 -998 -668 -664 -896 -772 -265 -53 -852 -234 597 548 324 -912 620 276 129 -494 -230 -353 588 -190 -296 -205 288 -713 164 -506 -512 137 -170 476 484 -537 164 594
-273 132 865 10 -884 254 368 -525 87 -259 -474 340 -424 -987 685 -588 -311 488 -27 585 569 -389 -554 828 -151 259 256 -459 836 -596 -445 -439 892 -938 906 668 479 684 -750 292 457 -702 73 156 -974 426 -686 337 -568 739 -219 -771 151 975 -14 525 -43 288 -106 993 -197 270 -986 912 -979 -921 -728 550 -918 -508 -334 -405 174 -909 474 480 933 -602 732 905 -485 -56 -614 -847 -673 119 29 47 678 195 874 -828 363 -991 -768 -771 20 332 734 -389 -528 -23 50 796 -52 229 -309 21 661 333 -960 783 407 857 -151 -564 -108
-921 -805 20 -143 -256 -894 -448 -902 232 854 -846 966 55 -48 111 -555 -641 86 -22 741 90 -94 -1 852 -958 -495 -824 -656 -148 871 -209 -214 34 -289 817 -294 859 -640 -149 971 537 -196 404 231 670 -990 199 477 -596 803 363 206 -968 977 592 904 -454 772 473 42 740 534 32 -410 508 814 -998 788 -888 -614 -663 3 229 -395 -792 826 -908 -696 630 -611 66 -900 -926 491 402 718 399 -636 -471 -84 -172 -872 501 -964 -77 107 -773 43 51 164 380 386 -771 501 627 -443 496 549 621 326 577 600 5 310 -430 -992 -644
-20 -467 493 290 -674 286 400 835 443 -613 397 -271 283 480 127 -567 526 -437 645 -187 -447 -655 -774 974 -848 331 210 -933 837 384 -240 -902 -562 -720 -715 -758 429 -165 -316 323 -39 172 -992 -414 401 949 -666 69 801 -984 279 95 397 -721 -418 665 -710 856 -272 678 828 113 -15 865 -102 -20 770 -876 -402 463 584 -57 760 -725 9 324 -238 998 -288 803 878 599 240 -201 876 -643 852 948 -936 13 565 219 -128 -937 757 -77 291 36 -936 838 900 445 594 485 -514 -645 459 457 -143 -874 223 -953 715 -260 819 -657 -477
129 146 209 414 445 885 605 -572 919 -143 -218 -100 348 -711 161 324 -885 -140 384 -195 672 -614 -987 755 -325 985 741 843 812 -460 604 181 -226 538 -650 288 493 -780 -159 -420 949 -344 653 523 -840 779 332 497 380 196 -788 -661 -97 795 -658 908 -9 624 -830 914 875 -873 -975 -330 759 337 -154 -254 -288 439 -102 990 933 447 -468 -93 685 -735 617 -656 -573 627 653 -197 -5 49 342 591 400 200 -416 787 923 897 899 -852 -14 491 -266 601 -229 -223 -306 -5 283 -37 775 888 959 464 989 773 -42 -696 -41 304 -615
-880 225 352 -840 23 -171 -236 -237 -475 -602 616 737 220 168 -121 -160 -74 -737 -22 -358 -962 402 -418 -991 -998 795 243 -473 422 -529 320 -340 -788 -427 -428 -828 -849 -860 -936 564 648 -819 -159 233 -617 370 417 646 891 865 -20 920 188 786 -856 439 981 -711 -2 603 672 -553 414 -360 -694 -253 607 488 -571 -591 99 516 -516 109 -56 991 481 790 571 -626 82 106 -280 392 907 473 -116 -282 -363 632 139 678 715 -91 -898 146 -627 610 932 936 -963 -208 345 454 295 -342 580 -443 574 554 -182 -289 -591 923 672 813 925
-307 477 193 172 991 526 -388 651 12 -652 238 -727 -300 -184 -520 -133 -90 654 879 -436 -633 -329 96 2 -655 -880 138 140 -917 -456 -916 919 -303 351 -724 272 -16 -310 -783 740 -736 -557 -914 -494 606 -546 44 -526 37 518 -398 -688 233 -571 308 -32 287 130 -859 293 -724 773 218 -595 -567 -586 -292 -796 224 244 -519 -343 -427 449 -568 -243 -28 874 -856 967 467 773 244 -571 963 595 772 574 793 -491 659 -910 -669 -6 -679 -926 -999 -586 -11 -692 -190 -833 -728 111 304 145 -496 -115 409 658 911 -754 -477 847 -456 257 -837
244 -778 -290 49 -869 457 -889 852 -884 -114 508 550 419 537 893 779 0 146 122 403 951 393 471 274 -873 -537 -357 -327 -680 -366 -632 -846 989 -467 -299 -579 10 970 -842 -222 -209 -371 -563 194 802 910 -950 639 986 -774 -818 -572 359 375 749 50 -752 -638 322 -407 -604 -985 -596 383 578 460 -730 -752 -844 251 485 690 -458 394 682 787 -11 -680 231 -31 -302 134 78 214 -779 -257 341 319 862 134 -442 455 263 603 371 916 534 -887 -857 -610 -897 -497 -521 -633 -539 -984 -953 -52 145 394 -551 -890 -501 504 -512 -19 421
-956 594 314 120 405 540 503 310 -224 624 -474 -690 854 266 635 -579 714 768 982 -718 29 -873 -351 10 536 882 802 490 981 934 269 347 -741 -151 554 -464 564 -488 574 -237 -260 -168 57 829 184 484 -741 900 -639 -843 435 590 844 80 -826 388 231 56 -920 402 321 -779 587 523 -393 -275 -895 874 -249 158 -689 -589 51 -51 480 375 -173 -279 578 311 -809 -391 546 607 424 4 111 500 -294 -465 -691 -600 561 -64 -871 970 -468 738 276 -613 -862 -799 382 522 343 853 240 690 -981 -36 357 -55 -256 -288 -538 -487 -265
-360 481 -964 726 777 933 -592 -57 -387 45 -630 207 -932 -810 166 -583 951 -257 13 -65 -828 -772 463 708 -590 -217 928 -767 -738 -204 -961 -677 31 -50 -623 205 -132 -749 989 -680 -930 -358 448 -157 -768 540 784 928 482 790 -946 156 -932 -135 -587 82 816 76 463 -658 312 271 -202 329 -17 76 -25 198 -949 -84 -173 551 472 -268 672 541 144 282 285 122 342 615 338 196 -717 -469 -267 825 951 -392 -199 682 -831 284 -367 -203 -534 -258 675 51 139 916 -553 138 399 -81 702 -944 275 -956 -464 893 -215 -793 -34 -197 124
-970 726 701 -434 -529 980 -663 157 -801 -235 131 -459 104 -393 696 783 -482 -339 740 -906 -977 -17 624 410 -579 974 363 925 -359 -844 676 363 349 634 753 -440 261 259 191 497 795 902 -569 -12 -689 -807 -759 -85 -1 552 40 -621 744 613 -334 459 -439 538 -582 968 977 938 707 -971 933 -123 651 904 -561 -246 -783 -928 341 86 565 -86 965 -805 619 995 683 -643 796 680 223 -635 -119 105 526 296 -68 -884 851 -622 -851 621 -767 684 -819 -573 -224 -227 83 -162 -127 572 65 -852 -800 531 -686 -164 -123 767 -830 -214 -217
740 410 -152 62 -34 982 957 547 -814 -891 55 198 -478 301 -195 619 512 -632 415 -973 -166 814 -817 -526 -349 -95 936 -286 483 367 364 868 756 -968 717 494 -179 220 609 693 -484 -801 -24 392 876 -371 953 246 343 -844 392 334 148 -846 -268 1 -783 156 -418 70 -868 439 852 810 491 -457 138 -143 155 226 666 -322 374 48 -333 -134 -770 258 -371 325 758 -356 556 -410 959 -353 962 -528 639 -121 559 964 255 -258 -540 -339 347 -996 -346 92 -932 -84 -307 -720 -894 76 -132 -799 987 -160 891 -422 17 -45 -977 -495 -321
-661 -676 948 -29 791 -303 -367 191 -376 609 337 -630 -22 -862 -701 212 -962 -130 -863 -858 965 -105 593 247 -901 312 -198 -308 -915 -986 -511 -537 -216 245 47 720 -432 855 -384 737 -535 367 -581 -710 998 -60 -823 517 -628 289 -44 341 -783 -39 333 391 -969 455 138 267 -241 916 490 956 -373 -750 -233 953 -571 -507 39 -648 133 -335 782 673 -909 -433 -893 822 -743 297 -915 -750 -252 -556 58 -465 599 -658 637 338 188 589 -622 641 -456 631 -978 -76 314 400 440 841 -448 285 829 -206 -779 7 949 -471 587 843 -336 -685 -303
-465 556 -686 401 -353 87 517 377 677 715 346 435 327 746 148 899 -710 -793 -361 685 613 559 -496 273 -640 482 578 -172 -725 -462 875 -436 891 695 597 -584 127 -404 936 -135 -911 -135 -755 -368 936 -402 -163 374 217 153 -297 -366 302 -539 -703 186 159 159 -122 -950 -915 -603 -754 -726 254 -962 -293 911 834 208 47 960 -108 66 171 3 -132 -178 547 996 497 450 -771 849 -724 372 1000 213 -761 368 -327 31 -300 -961 -720 -210 -741 917 41 955 795 151 894 -941 -254 712 442 128 -584 127 233 -637 -443 6 -436 944 930
160 -792 -843 -995 -808 -850 136 390 147 -219 605 198 210 -270 -31 -400 -346 -246 -26 -432 671 -178 -38 -993 -237 -347 -618 489 88 136 545 -891 -402 871 -561 243 332 -551 809 -843 -459 -656 -390 452 -266 -949 -61 -557 -496 -587 -821 544 -596 155 983 -265 -128 394 -382 225 -388 -794 985 313 129 -856 -618 687 -369 -849 886 -122 361 -665 121 344 -696 103 326 857 712 468 776 -840 -893 -205 -535 -462 376 140 106 289 -840 410 -132 754 877 -545 606 420 7 868 -525 412 900 301 415 246 -902 603 -370 294 628 908 -223 -20 -168
-403 838 -987 -799 -433 114 -514 62 775 -658 -300 -506 -864 364 87 -314 75 -828 493 -520 -954 -529 -526 -959 411 -353 -595 -680 303 -119 -562 -242 747 -368 -940 -722 -473 -961 -261 867 50 -397 722 -160 -978 979 187 -208 -119 -83 -581 283 -858 286 305 689 170 333 -412 774 754 -732 -492 794 977 44 -621 -12 104 -587 221 -422 686 -769 -879 -384 159 -489 -364 -886 -207 1 -485 -784 929 575 486 -659 684 875 -19 -701 90 599 146 144 -300 206 -363 -75 70 102 -890 -136 -864 -75 773 824 470 189 598 -472 424 422 -831 491 -468
918 645 794 -538 447 -84 980 297 -267 426 -557 -24 10 -513 215 101 -248 108 97 -789 -277 -366 782 55 -359 694 590 545 -434 336 -32 -455 -168 -877 -516 124 331 -9 -484 -155 -878 226 808 -128 884 421 -500 858 -657 578 -584 -892 -797 -276 661 -362 -867 -873 319 -31 62 -370 -109 -963 -424 -877 -138 -95 -267 -527 751 -992 -541 605 562 672 -304 603 906 7 766 -851 -190 -674 883 -826 -367 935 -145 -515 96 299 -741 333 872 -964 -645 -839 701 -87 -97 333 769 -208 108 -929 118 109 34 244 420 225 281 -224 979 126 -995
-299 -266 -769 371 108 -732 -12 -601 482 212 -134 -860 73 260 665 -402 320 -842 -328 272 29 -56 -21 429 -170 558 -212 -955 79 -81 -584 758 733 792 -368 412 -407 704 -977 -697 -127 -662 379 -649 264 -544 357 -89 -643 531 -997 -829 218 332 -163 903 -45 509 380 -891 -210 825 878 -462 -926 -868 719 -914 -601 1000 -671 -369 61 654 628 -711 -23 5 -512 -516 522 282 127 -807 -182 -859 264 338 480 835 662 142 770 885 -409 -603 -425 -235 224 478 538 912 574 -701 -341 -268 839 237 -304 215 -369 -414 809 721 487 999 769
568 -977 163 240 918 940 -381 -866 -663 709 131 -415 582 -729 719 -57 -837 -439 -170 383 -496 185 376 978 -951 -43 380 -225 -565 -778 657 292 -632 551 527 -519 -711 547 904 6 535 -132 -688 -652 981 -280 -714 337 238 678 270 861 -314 -609 141 -350 -752 391 -944 -384 860 -942 -327 -730 -598 -349 -56 141 480 432 -478 974 275 -751 -208 756 -219 -56 694 604 -692 170 622 969 75 -405 -976 260 719 152 689 -880 -520 734 -362 -997 -382 -440 -909 -543 527 -843 -108 523 19 -520 -682 -523 -69 649 195 -100 682 761 793 742 -94
707 838 428 875 -707 -462 -942 -924 958 -695 600 963 -247 308 -711 -902 -696 146 928 248 484 568 -454 -199 -272 -718 262 -260 678 181 521 847 -103 643 -497 296 -262 505 -548 -62 -859 -664 496 -446 603 -882 -872 -650 331 705 257 441 410 232 984 -267 -30 486 477 149 102 -540 854 998 51 137 -288 -550 129 -984 -672 24 841 -873 375 643 466 295 -940 629 -748 -955 -589 -664 797 -68 -477 2 273 452 469 -486 -228 -853 -959 -773 -941 142 435 -428 553 709 946 425 669 -696 753 -199 -367 882 -897 -851 709 465 -551 -646 178
-874 -529 739 195 543 -477 -161 -275 -466 845 162 143 -122 -788 -934 932 850 872 777 -75 -638 963 -167 236 -366 -770 -143 -892 809 311 851 -788 -37 463 95 698 -741 666 -297 -164 97 384 -480 649 164 -592 -750 6 -924 -492 -772 53 726 672 -153 312 -691 -252 -427 371 -335 529 150 368 -97 -184 231 -581 -883 -626 -969 142 -648 236 -857 119 -692 946 782 -828 -129 -164 214 -607 -214 -532 -297 -999 309 -105 381 584 798 220 136 321 -794 -418 752 -805 520 -285 979 262 -73 86 861 716 435 423 387 -46 247 -687 -372 589 834
556 268 242 -352 329 989 -442 836 -357 493 68 -620 -75 -753 -83 -255 -114 62 -935 338 -63 389 683 -500 289 -204 -957 -368 522 144 -467 -223 163 -246 919 800 415 -822 96 -458 466 392 940 -211 -335 438 -924 -677 -702 -595 -86 204 803 -637 522 523 230 -794 972 -98 -566 -56 -219 -933 -347 -489 -35 -422 237 -265 76 -488 6 -226 686 -316 901 107 -250 -869 -125 -364 974 -421 -386 939 188 789 -391 141 592 -732 -988 759 -790 -955 998 -459 376 -990 806 -632 -723 -769 282 2 -83 991 582 -271 -267 -365 -730 438 -904 81 -985
-478 -748 -498 943 476 -700 -40 557 737 622 -798 -581 536 -389 828 -48 -543 -617 -578 770 -871 510 865 376 716 839 90 398 -136 653 -572 -974 650 552 -759 -149 -664 715 -132 153 -662 -234 454 919 581 -165 -852 -547 838 622 -55 -990 647 -331 -403 -977 -159 271 -767 -177 894 -991 710 -766 185 683 746 497 389 -7 230 -917 919 246 -202 -658 -576 667 629 -494 -629 -315 693 -17 -688 -651 760 750 258 -655 -945 13 -837 935 -100 508 962 337 -555 693 -986 116 568 297 -822 -510 -603 789 13 128 477 -269 -108 -766 -267 44 -9
754 935 -293 661 640 -811 77 180 -221 682 -411 841 -50 -689 844 -128 -306 135 -923 -759 -737 744 -674 -49 -739 806 563 -106 88 -898 -611 -415 -30 -564 -840 -675 610 -455 -926 -883 59 692 -450 -702 -682 460 905 695 -709 -201 820 -585 -65 -30 -65 -21 727 -90 -809 404 -757 899 615 -31 -762 -244 -118 -898 746 -434 -176 -615 -848 382 -850 -238 -307 -738 240 -114 -400 892 74 -472 -937 232 636 613 -702 943 115 -574 223 -840 620 124 -140 -421 -572 844 76 553 -373 493 -56 812 -312 603 791 188 -267 -470 848 -902 682 240 -500
173 199 752 801 -602 363 -716 -280 962 -206 118 848 -899 -340 -581 108 493 72 332 695 -158 751 -941 168 -73 557 -737 768 -699 -327 -365 32 -171 806 673 24 112 979 990 -134 -459 -643 34 845 -539 -140 271 398 -865 234 -660 320 419 -280 973 -620 -507 -917 960 964 -768 475 86 41 725 61 -645 124 -705 110 757 329 179 -481 165 400 297 449 573 -618 977 -218 -801 -152 565 -921 -643 399 938 -493 530 -385 -143 116 859 793 -128 -178 772 289 808 369 363 -903 -366 158 -77 668 -245 183 -248 72 -790 -770 -231 226 634
-385 -281 109 -296 378 -72 693 539 104 424 166 -966 399 -899 906 -786 -448 6 -689 214 766 -704 -458 113 57 -220 -40 -548 584 -609 -525 -89 -331 -977 818 -874 -333 871 923 -335 -358 720 -574 472 -909 797 -69 -441 575 -519 445 -846 -255 447 -511 -627 -4 133 -454 -501 -169 229 -978 -799 254 -583 386 -155 210 771 789 872 -640 423 371 -866 -498 -554 521 982 658 -616 360 890 45 -28 -702 117 596 -545 -334 523 -768 991 -616 154 939 -630 594 -21 283 480 -362 373 -644 658 651 30 -795 -387 -136 927 652 631 756 -781 -107
357 589 -837 597 -698 -92 385 166 224 901 -585 323 149 900 -628 -157 849 -109 122 482 -77 272 -177 -885 645 -485 613 -14 -582 789 688 -243 916 -715 -940 115 831 -636 -767 605 157 -408 -372 -519 654 797 -933 -227 -661 991 -388 -648 -880 517 66 36 404 -713 397 -24 -794 336 134 -294 165 -610 164 657 -324 -826 -675 905 297 -171 -627 720 -167 -223 284 -131 961 -833 -721 -256 267 -899 -515 -604 843 -545 28 -303 -451 -825 -328 -193 -546 189 63 -267 371 350 -964 -721 -311 -223 -739 -563 154 -91 -333 1000 457 470 407 111 842
-594 -445 -384 337 -648 -492 -237 -43 879 538 576 129 -11 -519 817 7 209 943 177 577 944 -334 -28 773 -341 629 592 -140 -615 -169 -295 -896 523 57 -37 -504 -427 970 880 -575 -547 161 241 -622 700 -827 -311 -676 -975 588 6 964 21 255 568 -353 -247 -682 652 361 -229 -507 -254 225 904 290 -423 677 91 -494 797 -427 -509 416 983 -265 -701 -231 -109 -842 131 263 207 343 -444 -841 223 283 385 -615 -787 -566 -31 -44 861 690 600 -685 -385 635 -371 544 734 998 983 779 581 770 -80 -568 305 -38 108 -910 -190 -978 -270
191 747 -339 -471 322 697 972 238 -153 -432 565 273 -257 -368 271 368 408 -634 166 91 -169 -17 -601 -841 933 -8 -21 -290 -76 -782 749 -925 -788 -927 809 483 598 35 98 -697 788 -275 864 86 -982 -800 821 -217 254 -981 -5 469 8 986 27 -229 -507 -388 844 -162 766 995 919 666 432 -43 -173 -75 -232 527 -783 47 -819 920 -282 -389 489 3 192 871 485 927 263 903 1 -871 242 -399 29 801 195 593 -58 -102 800 892 -128 442 511 -559 684 -175 -899 -389 791 -649 -709 324 -976 -722 581 340 -637 -937 304 903 -298
816 816 -884 223 -917 -301 -279 624 713 -898 876 752 -443 258 -323 919 -706 -679 -529 646 -836 211 629 -639 -620 -952 593 -614 566 233 151 -149 836 904 -511 192 973 -368 44 -194 71 963 127 36 234 30 315 -899 -503 795 734 -850 892 -558 -750 -990 -7 -868 -318 464 -558 -489 13 -827 -137 31 -141 196 -916 -897 844 999 741 -173 952 320 -243 -983 801 352 -474 4 829 -845 -725 269 447 -361 466 150 -947 -793 -323 -660 908 -376 719 -503 199 -929 828 -238 -929 300 633 260 636 56 674 -762 -526 -890 -358 763 -113 -983 -51
-282 176 -46 -622 -950 -45 -636 108 397 -25 -521 848 809 -512 116 192 591 -905 -45 -666 712 142 -657 -596 -567 -319 -829 344 -350 280 964 -474 -141 905 -326 461 -405 -454 -213 707 -657 -332 662 252 244 547 169 638 -199 154 -464 -544 -541 931 779 848 774 -156 634 36 861 205 967 649 -281 670 -912 -713 814 -586 128 -810 -875 -314 -566 -935 -979 -60 497 712 -892 123 -698 123 731 -865 -962 -958 690 -578 -977 -749 -430 -638 408 443 -106 307 666 789 311 842 -745 360 547 -271 -922 -838 -391 885 511 -861 548 -99 -455 204 -350
-635 -370 518 975 -685 -105 407 -365 -614 889 -176 372 -595 252 234 601 -661 -268 -946 -499 -296 -978 -589 812 -275 841 866 941 -442 462 -906 -516 585 397 416 -93 167 437 710 -300 -566 16 -37 694 -514 -295 458 313 -340 -501 60 -649 -63 71 -679 -534 -146 161 -709 -860 841 -808 302 543 -368 -176 835 289 -787 -962 4 123 405 559 562 -914 971 -379 906 59 -494 95 582 -74 351 180 -737 918 269 -500 848 812 857 -389 710 -515 -866 -725 -300 -979 -725 -635 931 394 -736 827 679 770 -40 421 444 -478 -752 -874 735 -467 -458
826 617 -715 -883 302 22 824 -340 -468 -428 282 966 -318 -729 379 292 302 -55 -955 -722 296 -385 757 202 -708 710 867 -21 98 -356 303 -230 -212 -436 -326 562 -853 -223 462 405 191 11 187 108 -663 944 -368 412 46 265 -62 484 570 -595 411 771 558 -900 -46 518 633 -543 -270 -641 -754 -37 -758 65 343 -299 -815 -584 -42 -800 -188 -426 -92 -78 606 567 -536 -88 899 662 773 -633 392 -248 -928 880 -254 -298 -563 -686 -7 -151 -75 234 -135 -82 -362 629 630 825 -953 918 -599 309 -330 -286 -645 601 321 409 524 -297 -195
255 -64 -130 -250 952 -344 911 371 -653 -503 -388 85 -195 938 -804 -180 870 -257 -292 -970 673 621 -640 725 -92 -934 886 892 320 -446 -565 -858 474 296 359 -702 -216 135 468 -369 -185 660 -132 -256 137 -93 560 717 -628 -782 -91 886 501 -747 296 -92 364 255 194 669 273 889 -809 387 -212 -429 -279 -149 882 -684 -887 -811 387 496 221 -260 145 213 637 972 -565 -943 952 91 679 -716 -924 -554 94 -162 2 -599 240 -763 -929 -278 -695 -540 -810 -494 556 -621 -317 537 -501 751 -461 -211 -391 167 -504 463 -986 386 -599 -118 -182
368 -59 -336 205 -389 696 -893 -174 809 -586 973 500 705 980 -643 857 488 230 -961 -141 247 707 -970 629 747 644 -232 -77 -200 140 38 578 -726 626 727 126 -742 89 544 698 -758 -144 -750 754 685 -779 -337 -355 582 517 -710 735 -645 -577 747 -694 -27 582 -996 -380 199 -139 -44 -701 361 541 -867 -347 528 553 291 733 -85 -701 -933 -553 61 -193 861 525 -334 -859 384 -670 95 -884 753 43 107 -638 -881 -450 628 584 295 -638 -913 -902 199 -426 288 -132 288 62 -206 272 -963 -489 739 229 -278 860 319 841 -61 -351 728
606 -997 -499 815 -373 902 -524 -815 -487 915 -238 193 -402 345 468 286 -137 -708 961 -927 -115 700 -922 421 426 587 830 -718 790 -71 -848 -632 -6 -770 578 117 85 -733 604 -812 92 -483 -937 -126 -516 -985 85 254 892 778 -134 -708 798 156 -601 5 580 -381 -969 911 495 564 -157 805 482 -547 -192 819 -779 682 344 -80 -714 -856 -26 -921 761 -300 -165 -988 928 527 -291 -744 70 -751 159 857 966 22 -516 74 665 553 93 930 -517 156 554 -917 495 225 685 169 57 -312 482 340 537 950 -486 -492 728 542 -209 -823 522
-689 -590 116 995 -887 -944 -986 -537 140 -637 -685 10 640 309 -575 726 347 -609 707 -758 738 -513 429 -977 592 -984 -733 -746 -644 -269 -190 -867 -359 -860 459 433 -369 647 -920 430 626 953 -484 -63 556 403 331 558 -948 561 962 -659 298 -175 -43 720 421 743 180 943 -277 494 521 -44 -747 -424 -576 979 205 -26 771 -447 -628 -109 817 -682 -956 746 -901 572 135 617 -421 -665 851 -563 -15 239 -486 317 187 520 242 -510 -497 307 -651 67 -679 845 422 576 300 -347 -351 613 407 619 -835 270 261 -876 946 -7 112 842 -927
150 -316 832 -236 -261 412 947 -830 165 363 877 -817 -711 568 -653 446 425 -121 -195 -860 130 528 438 987 -767 -881 425 -849 -330 -681 -581 760 -911 67 152 -779 -88 891 342 417 -342 959 774 -171 606 99 969 314 -411 519 782 105 -417 -766 -695 209 521 -934 -944 915 355 691 255 814 640 -398 251 -574 199 -356 -444 435 -106 368 -925 284 -170 957 -925 941 -279 -495 -4 -845 -720 0 -918 499 -135 -179 364 -46 742 120 184 100 -135 4 -964 543 -69 804 -464 -725 -900 -111 471 168 -812 -582 869 -708 -568 377 346 328 -471
942 -133 -43 -122 954 354 240 289 -486 -132 -640 815 -786 560 -928 -919 -379 656 797 -304 391 264 653 861 975 115 74 -986 -414 -132 -118 -451 -640 -94 -948 -398 -842 757 769 -439 -162 285 581 774 -396 -53 -519 517 293 -650 -146 838 -58 503 -833 -443 766 641 299 -232 129 343 -530 289 -342 -174 684 -365 -363 650 -391 850 -138 -607 -344 579 -743 -977 301 -221 903 -104 625 -653 17 -406 898 -48 -771 67 -556 897 -726 111 -279 -551 -831 -594 -744 -291 170 -268 140 704 584 -901 -788 857 594 483 -798 326 703 -503 59 -486 -483
-827 218 689 670 -275 -487 69 -864 -617 557 -71 -168 -372 692 82 -454 -328 -130 982 55 638 133 124 419 -903 875 419 289 989 -18 591 894 907 59 782 -121 467 12 504 296 820 399 485 -814 -289 405 -136 72 522 -686 -775 935 736 -152 -863 -913 517 -453 -530 226 967 321 342 791 225 -312 569 955 -295 115 879 -794 -455 -141 288 277 -325 -850 194 -374 861 -418 -803 700 163 -344 -773 379 668 -41 971 564 701 -778 852 93 -38 327 135 -177 -125 210 125 -659 -53 -612 -81 405 -349 947 -219 145 997 484 -906 218 269
826 -754 379 -462 612 893 461 -814 289 -772 948 -357 -614 -421 613 -682 -660 342 498 989 -704 -554 196 -339 185 819 132 -457 -406 167 -202 -575 -623 846 354 -198 884 666 96 -902 -106 563 -321 -489 -618 747 787 452 -443 -817 537 180 -286 345 583 380 675 322 -651 -937 -62 886 -510 275 -958 608 645 -152 -980 84 -239 297 -630 -101 435 -877 527 457 123 962 -174 826 101 643 -827 507 -13 -460 6 310 361 840 177 933 164 -986 -497 839 -393 -607 448 928 996 115 -959 -950 484 466 345 -342 -957 -780 -938 429 -693 735 191
274 811 265 -395 465 -909 494 827 856 943 176 815 775 622 -967 388 -79 910 -100 893 659 373 -951 968 -495 206 -817 -571 -724 702 -309 754 -816 -205 -17 820 -231 -248 14 20 965 -345 -428 740 -972 -420 -205 -36 -435 305 104 -779 43 907 331 992 -764 -320 357 -748 345 436 -756 -477 -823 623 -374 -360 -815 -388 508 -208 -242 -592 966 738 -861 -635 -668 -933 -970 -301 107 474 292 -70 141 -411 -683 910 60 54 826 399 -618 -714 163 499 -834 -331 269 259 -853 835 -391 63 -150 413 -793 110 -1 391 689 679 -951 866 -268
-427 659 -933 -183 730 38 -304 -141 339 -276 -689 256 276 623 -963 -110 -720 240 -448 -968 -58 132 10 149 219 985 434 930 433 102 353 879 961 144 517 628 890 920 -955 166 -811 -606 882 -186 84 465 630 -781 567 -690 637 559 331 -200 556 -785 96 -619 738 972 -715 934 601 -601 -863 600 137 -854 -975 903 266 569 9 -547 211 -697 41 296 836 -812 -850 730 60 500 913 -262 -776 -453 -64 -216 217 -971 -377 77 641 -14 -901 -592 281 -194 -269 -203 546 31 -445 -175 182 615 102 361 426 -246 999 471 -877 537 460
-482 449 -420 352 -939 188 335 75 431 10 -941 -767 188 379 133 852 24 481 -356 -890 -399 -417 700 767 742 -500 439 -858 170 -380 35 592 -712 -180 -345 579 833 496 303 -922 321 74 959 327 -833 -255 -525 -8 963 -452 -555 535 -30 -239 -440 920 900 207 -719 497 -505 420 -762 898 -548 -180 -689 222 -177 -377 -456 -197 741 -811 152 98 -290 496 -820 -125 -103 -698 221 41 631 -174 -592 -411 -25 230 -596 -38 529 -841 838 -876 -370 -363 488 117 980 262 944 -338 512 142 580 -698 -580 -692 -412 -294 672 244 -664 -927 836
-492 -56 11 -460 870 346 406 -836 -655 -874 380 -829 -212 118 -916 4 864 617 -125 -842 985 423 295 -482 793 -834 -976 939 -407 -582 -381 -785 -963 -620 -740 525 370 -735 -440 861 -474 459 701 589 900 622 502 -542 -405 -968 318 -196 -693 595 -120 -857 555 -129 -807 765 -455 952 -669 217 911 -57 670 -217 78 -300 -955 360 -374 25 -965 449 -94 738 -520 178 730 -463 -509 -908 375 782 622 -420 214 539 937 540 -615 -27 964 -647 -17 534 -204 583 543 456 529 112 -63 -684 -54 -253 409 -679 85 377 -656 360 599 531 721
-565 780 704 573 22 -156 235 556 949 794 -496 609 341 -462 735 808 -304 143 -39 334 272 -786 -488 797 516 -718 -69 451 -704 -435 750 878 958 -457 408 -58 -573 -82 206 -425 77 891 -539 937 888 -371 -987 702 -144 36 -696 743 944 -677 610 -173 41 -829 -341 181 462 809 471 -783 620 -413 -457 595 327 -884 761 -323 -960 -231 -950 267 819 327 379 -621 124 995 145 -418 185 -746 -410 430 11 523 14 956 -970 -801 980 -593 -56 -365 -510 -790 310 -32 -977 -638 -926 793 -925 714 -887 22 -969 -82 89 98 -185 761 -721
-62 -791 -541 622 607 -409 458 380 -829 -921 -917 70 -467 -291 -675 -556 672 694 -917 -153 -930 -139 -516 207 -612 -805 993 137 131 111 890 694 -813 397 357 759 -29 -5 -700 -765 25 -810 -87 411 -110 -309 -575 -747 911 -431 715 -60 797 356 388 -567 -193 -963 -336 547 634 -612 -138 -911 173 680 712 -328 570 637 30 -431 38 164 750 218 377 768 458 -916 609 -284 -473 140 -422 323 -155 11 802 -33 -881 264 -468 611 241 742 -860 156 -319 -56 -919 -110 -116 -920 -196 -636 -290 39 -364 209 -787 -546 -453 -925 338 451 -936
262 -443 712 570 471 836 270 621 231 719 -329 668 -897 -301 344 628 173 642 669 -415 -532 -309 -154 -745 -830 -757 671 127 -894 176 750 108 770 470 -571 473 632 -672 -200 -111 -851 -668 328 -294 -157 67 -258 158 -717 -589 -557 344 -305 236 700 312 -250 603 -749 -749 693 662 -976 938 -597 125 -826 -796 821 -199 -614 -437 616 388 271 -975 -690 -124 669 236 -585 277 352 -155 -352 466 -564 553 625 64 -499 -70 225 647 685 197 148 126 -593 96 -204 498 409 -768 -371 562 -962 -76 -846 234 -183 -222 -514 875 -298 572 533
259 -630 623 713 958 547 -584 -920 -712 -71 658 514 -547 -684 -960 600 -752 519 931 -960 -236 906 -231 -859 762 -266 499 -965 -280 -326 -126 737 -94 714 -483 -705 -360 -73 721 495 316 -423 -555 296 -450 -872 -680 -123 358 -773 -582 -268 -707 663 -524 570 -264 -567 772 483 689 351 -423 -504 116 81 -920 537 388 637 761 -646 -552 496 -15 -165 -43 208 -244 -66 408 -298 54 349 640 -503 423 -332 518 -971 729 266 379 -69 -281 109 -660 994 -156 -597 -732 -309 20 -883 878 562 -581 -514 549 944 0 681 987 -658 590 -208 -878
-92 -217 -615 -374 -113 -875 323 -88 208 559 646 143 -639 36 -984 -963 115 951 -196 -971 148 439 934 -860 -228 441 -391 434 310 -268 -271 152 27 -951 -852 24 -151 621 -718 -387 -461 -699 -746 896 -861 -659 837 307 235 949 284 -866 -40 232 534 389 343 426 130 -878 130 429 -349 564 131 496 -991 531 -615 -811 124 -210 -88 397 609 -317 363 -653 -538 795 -427 545 207 -192 -108 803 -317 315 -985 982 888 94 -794 300 410 -805 -608 144 11 -961 818 160 -811 143 -877 -389 267 253 317 873 -2 599 -91 -895 -694 -980 -20
