119
-630 498 -149 125 257 153 -7 538 214 -386 630 -87 970 765 -801 265 772 572 426 565 -942 -484 -760 341 -405 -910 -518 -972 127 76 -465 810 -337 -574 -37 86 -583 891 -748 -951 156 361 -426 737 -726 242 919 752 267 -84 564 -839 702 244 -647 535 -965 362 -720 282 84 61 753 -289 -71 799 -72 506 26 -124 965 35 151 -884 -772 -582 180 -405 12 -568 488 -638 -707 -733 -539 91 754 894 434 230 111 -309 -749 -485 -156 542 346 827 -521 -433 -569 -328 111 -517 315 -931 700 600 586 315 149 243 -897 290 -775 792 -359 -888 -489
413 307 809 -167 -244 -638 -421 619 603 -889 268 794 265 -28 -982 -425 -665 -901 -321 -614 -304 -942 -904 -845 -105 931 32 588 -244 -640 141 155 954 -492 -457 -780 -528 916 -304 -150 937 388 453 -282 411 -874 575 720 649 365 -346 698 -523 -481 -557 445 -698 -311 -608 91 209 -451 767 -573 -617 -313 612 306 187 877 -785 -121 446 708 522 303 105 223 -197 927 6 563 -522 -576 -340 518 547 837 -699 -331 -73 264 -627 -507 514 114 457 -623 788 329 -862 -574 -36 -525 -931 -851 -673 -55 632 517 -31 727 146 -702 -236 880 952 810 -342
271 584 347 456 424 36 394 -567 -244 -332 822 987 -212 -712 182 -853 84 697 -287 -760 -263 123 988 -522 -467 -46 -707 -846 -193 -259 31 -979 160 -669 -242 -665 -241 -536 306 -439 -777 476 905 -562 -18 -799 -387 751 686 -616 -379 -534 225 759 -618 510 37 920 794 518 -465 304 -535 -145 -613 -950 212 200 978 416 -335 485 612 -843 -241 192 -971 -430 -565 685 -556 -484 28 663 278 270 -887 316 -94 -695 -981 -125 69 708 957 53 -699 1 63 399 -269 173 425 -222 90 -317 -51 437 756 15 197 -520 -965 -710 892 -811 764 39 -376
-395 856 184 757 -35 -507 718 733 227 242 363 419 320 -937 -75 -304 -572 874 -966 740 -975 -386 187 334 389 646 -554 503 -873 -776 -508 -680 877 428 -677 252 424 -989 913 912 -883 -827 862 726 464 -829 -772 489 -49 219 -34 -693 632 -471 -278 282 -504 474 -940 -366 49 172 745 668 663 -270 -139 -365 856 -460 401 503 -410 739 -388 922 466 -759 -603 856 -442 -641 -270 -395 894 872 -192 -50 -300 -165 -808 353 216 638 -694 -952 -984 125 361 -48 257 -662 -13 -376 818 -817 -405 -683 -838 -97 -252 498 670 -422 604 293 120 559 178
-403 494 -693 -762 -665 -146 -672 -148 352 -508 706 973 -923 -184 -438 -790 -906 343 45 589 201 604 -841 -290 -246 522 657 -210 -480 -967 274 -284 -517 58 721 -990 -39 -119 -616 179 -247 734 4 -349 -361 64 137 507 885 551 611 -25 474 -180 -121 -922 68 -49 -457 -530 -790 740 277 25 108 812 -705 -225 908 -117 -888 226 -907 -37 -808 -800 665 701 377 57 -278 -489 242 573 606 -882 769 -800 -107 -783 833 -706 -842 31 876 21 -315 -713 441 -525 1 474 -42 573 -69 -641 1 728 -655 -413 -656 -136 119 810 656 883 471 487 907
657 304 -477 403 83 986 -50 539 -515 793 383 -332 -736 -145 -615 100 712 12 -707 4 -193 865 -58 352 -995 579 693 305 -451 -806 -647 -953 -835 761 58 384 -511 -104 291 726 -716 -324 -630 -620 -4 -55 637 -360 88 -2 -134 -92 457 254 714 639 -837 -81 -628 -119 -497 -853 -838 363 -378 932 -214 828 876 885 -509 897 -738 19 -678 -292 137 706 -792 117 913 916 -119 -250 778 -180 -28 463 743 417 818 874 -835 894 -115 -22 -558 662 -186 -596 -552 -780 -973 -352 96 -751 659 609 700 655 560 206 806 -974 592 973 -426 718 183
-154 212 732 -564 75 970 -762 -58 -905 -683 -703 -541 148 776 315 150 375 109 -806 -117 -250 185 948 231 809 -549 -451 65 590 753 234 854 -553 -682 -604 622 766 364 -136 297 744 210 220 -59 -809 578 108 896 -582 -422 -142 -412 831 -876 -220 -413 -743 836 -441 -976 524 478 834 -216 -107 594 573 683 695 821 -216 -869 -576 605 -680 16 234 -647 -340 837 -83 10 734 -318 -174 -415 933 471 322 807 454 -574 204 451 939 830 -378 27 252 -72 -437 -773 842 -482 -349 923 443 295 416 48 -449 -119 -332 193 753 -5 0 980 -775
119 -952 -507 174 -309 578 -526 169 541 797 134 596 185 -962 -720 -607 152 -651 319 -984 -738 -178 -836 24 576 -717 164 -929 81 735 -815 101 -664 -898 468 -302 431 -975 81 -753 -935 573 326 -326 -399 -637 425 -29 -932 -566 638 51 -597 -393 770 109 -369 -705 423 -211 312 -509 -37 -692 -372 -6 -281 358 -223 45 514 -670 151 444 848 -784 -363 958 586 -638 -754 -811 987 -719 -753 -240 -508 -576 -935 -326 -4 -851 517 384 -648 4 -151 639 -301 -98 261 -213 -470 454 -214 -259 599 -116 56 -924 -409 -973 34 300 890 -635 -815 -740 -297
262 929 185 937 -971 716 -920 346 -641 385 385 -213 654 -111 -129 669 -593 982 -652 -769 -735 448 873 644 169 -499 -382 752 -765 19 448 -545 -941 -579 209 18 665 241 -30 -153 946 138 500 -301 -149 871 -820 767 -95 -209 37 -163 -156 575 -944 -107 314 -911 -821 -272 -193 -246 -672 16 138 561 452 -790 -501 951 112 369 865 -233 -644 -208 776 444 -697 -540 -993 -71 659 -316 -760 201 894 638 776 20 -933 799 -466 -758 -273 -786 -207 95 967 -987 33 -701 -666 493 -352 -163 -403 -42 -406 -301 -189 336 430 -887 260 584 417 803 982
-366 -120 585 470 -528 -29 422 561 -436 394 -804 927 568 495 -215 537 895 -926 286 427 583 755 961 613 -906 -606 -591 747 -674 -77 161 61 -553 590 -812 641 871 -462 947 731 -624 489 621 590 -330 455 -852 493 -885 -404 -960 -358 937 921 602 -448 -308 -817 711 -868 -150 339 135 -746 895 -227 -551 878 569 592 -491 -767 -180 116 -155 330 163 -433 65 261 389 -622 -411 -401 432 991 273 841 -380 -871 222 683 542 868 -440 358 -209 587 -340 642 633 -608 623 -394 854 318 -648 -747 292 -646 875 453 145 -408 -525 348 495 410 283
275 228 -397 250 940 -832 618 -615 944 -932 -566 753 -719 -116 438 -714 894 880 122 -790 -763 669 12 815 -942 691 -559 -499 822 730 -67 -948 691 638 -510 -225 996 -620 841 333 713 120 -193 397 -577 -283 -522 29 238 -33 -35 207 797 -335 -678 -719 816 -322 627 103 593 150 908 808 557 727 74 -975 -955 -659 566 -247 532 968 238 195 448 376 165 -391 -374 -728 -614 204 720 -988 -377 245 -606 760 0 -746 -431 -346 -869 434 -605 387 -705 -171 -316 511 -572 -767 134 -368 650 535 -23 -502 918 926 -907 13 -585 -237 708 826 -617
-834 -771 611 -451 348 267 -673 -545 910 -948 918 68 862 -651 671 135 217 -669 -860 -696 77 732 510 29 336 -28 83 -74 650 844 -808 -946 129 516 -204 -723 463 -927 164 971 370 842 -124 734 431 92 512 -348 -668 -2 -9 844 -55 -338 -567 495 -398 474 -515 -308 -172 539 818 -239 -303 700 -832 822 -478 -856 -551 355 928 81 -655 273 862 -611 -473 718 71 -773 -97 810 559 548 -834 -785 777 956 945 349 -139 71 954 -189 643 -312 -7 -150 665 -875 547 -917 188 614 497 481 654 -195 -649 809 -283 -401 415 918 -476 272 897
-911 -872 -115 994 109 465 67 -665 616 -773 637 212 958 -360 -742 357 -840 -772 717 855 -382 -108 574 -540 -343 -205 -546 74 -621 987 8 167 73 -60 306 -13 -849 -835 -653 -278 -27 220 -722 533 -410 579 -915 707 605 305 537 -23 887 242 341 -621 -141 -235 267 726 -362 -312 -66 -300 -276 -527 -289 138 185 -309 122 537 45 -981 928 303 -491 -737 -640 -830 270 482 -161 -55 869 -610 -665 183 634 -578 747 -107 979 -449 -184 74 221 275 -762 345 -147 -639 -322 40 -236 908 759 -424 705 -882 617 -874 768 -223 946 -179 -272 171 -826
757 82 -989 145 -196 718 -572 56 95 768 173 -194 710 719 322 -366 585 286 2 214 131 -676 -458 -646 -62 502 -893 -137 -281 -516 380 -936 -80 -816 280 290 -785 266 -965 -924 -521 -935 915 -199 -413 -475 722 282 -205 -192 -302 -495 -733 507 826 -535 618 -668 428 353 140 -180 584 -49 28 -649 -640 129 -126 -979 633 -2 533 -435 971 -645 341 241 437 -662 -617 493 -384 -915 94 657 -114 -712 -270 46 63 -731 112 85 -832 32 -738 -277 480 403 -327 473 768 -228 -323 -385 -41 -759 400 937 -673 -602 427 761 768 -210 -234 -668 -938
957 -881 649 113 -698 -137 235 -231 -608 -855 608 -740 -933 424 147 726 897 788 -540 316 935 824 -450 517 -766 771 -775 -907 183 209 -394 422 -37 949 568 -122 41 325 -622 760 -606 -766 -517 -217 606 -717 222 -866 640 141 238 -3 -232 545 -985 425 610 274 -848 -781 -244 913 76 915 421 -969 271 -47 449 94 -498 863 985 -964 -385 550 -369 317 464 -948 -897 476 547 -529 -159 399 -9 -271 826 204 -718 480 -670 571 -550 -752 801 57 -845 -489 483 -187 562 -796 683 -324 64 -627 -461 428 539 756 177 310 646 -250 853 661 113
112 -161 -938 -461 910 -931 -861 -413 561 -894 -176 -105 -101 594 848 291 -534 650 -844 -45 -129 637 946 -540 -309 -55 -225 -772 245 681 489 -774 -870 -541 771 728 -255 288 733 205 -582 876 -289 719 962 -573 658 421 373 700 539 603 -511 -910 405 -753 -221 -259 -54 424 481 -592 397 -298 -189 427 -681 420 14 880 365 490 -353 -877 -550 383 144 -358 590 92 -534 -332 770 252 -537 -314 -889 63 -574 -416 107 -514 574 -66 -537 280 832 971 -9 955 921 528 342 -561 -92 -694 -442 -820 553 -70 -919 155 475 -218 448 -614 -620 604 -179
-663 523 278 390 946 863 265 -903 -890 -333 -281 -954 562 -730 949 -322 -304 941 487 534 297 -80 455 -968 -280 -226 165 -266 58 -787 472 347 -942 -318 595 -720 -439 73 963 248 -510 -622 -380 121 -229 -616 -190 695 704 -401 -835 303 -902 410 -697 829 997 -874 -201 410 -801 54 128 -331 -933 699 -293 -547 -730 -192 -416 -8 -367 -336 564 3 -100 -876 -916 407 -60 -627 944 -44 980 26 -709 -99 -73 -377 927 303 189 690 -507 -17 -421 315 114 -593 -947 -553 -315 269 -281 145 204 313 697 638 375 -208 528 -405 644 681 -727 277 -71
620 -431 -779 369 554 168 758 685 -99 981 132 764 -563 690 -493 -603 -469 -441 137 769 206 532 857 86 -377 -8 -35 829 163 -273 -433 421 -674 569 -60 -703 -258 -859 -507 124 643 172 -980 77 568 -822 -136 581 534 -218 -516 405 -554 -829 -454 -899 -175 -736 -617 -513 646 906 123 530 758 977 -760 -29 720 583 21 517 -380 -763 262 809 -394 -600 441 601 337 -600 -929 -162 -314 138 388 65 800 -453 350 -930 932 -708 -514 -91 314 206 710 459 546 899 280 317 774 -764 358 356 795 640 299 -268 -958 -399 836 -98 -479 -213 -243
-826 761 -690 -204 686 755 -981 476 -255 -52 -956 353 685 -277 -437 -270 823 891 -484 224 658 -663 167 -703 970 604 389 81 731 -837 556 390 511 671 317 -529 -476 -793 -533 537 -53 962 742 -531 333 989 -475 232 392 -616 -686 280 -585 -329 -992 -80 -304 -542 -313 -375 775 313 -144 -890 -992 -808 -804 882 386 355 -146 152 278 -866 169 78 79 716 -652 -834 67 402 763 -414 -841 406 -721 -900 330 41 237 -816 648 -369 -21 -81 782 -169 -897 -559 445 331 -70 -307 807 -426 -559 8 919 812 -147 616 -35 -661 888 -317 567 732 520
665 139 230 -231 731 96 -465 -478 -282 557 -496 -839 688 697 436 2 -178 -990 492 450 271 473 274 -445 -391 602 392 -976 14 -263 -979 288 602 40 747 159 -580 -795 256 -296 238 -592 710 -1 899 -534 417 -102 893 650 229 448 -472 -743 546 -806 662 861 -435 -90 -889 322 300 938 260 -988 253 917 505 618 19 -735 477 300 -754 469 367 -811 -121 -617 862 -797 -555 -994 -923 -293 286 -474 -622 554 -98 205 306 310 -419 -870 -6 340 -784 -947 -76 -14 382 849 388 -60 -947 -946 342 428 -599 -852 -969 -942 784 -318 -132 -829 -867
-500 354 566 286 234 371 250 52 117 50 171 -296 -468 -525 371 404 -627 -550 -627 133 -480 78 -828 -453 -739 -550 554 -518 926 -432 -474 272 174 -214 165 819 -751 -242 960 -170 -899 -931 366 -856 -250 -455 -640 -390 232 -815 890 -629 -755 -470 -174 530 190 -533 -383 614 -170 597 -410 365 307 845 -678 0 -667 -120 910 -73 89 306 -912 -122 703 -758 -355 147 678 -738 -208 -877 986 974 664 705 932 -768 520 586 176 -721 520 984 156 -112 905 600 -340 564 614 554 746 -893 614 917 -278 -613 -611 -972 -740 260 354 -463 603 -177 988
-52 66 795 325 -855 14 659 -943 -365 367 951 343 880 440 102 -2 275 -538 341 -877 904 365 -402 406 -672 205 8 -299 409 691 -129 -800 -712 268 896 -516 -954 613 -268 691 309 -577 966 344 -451 398 754 -408 -857 -640 -437 540 -475 106 137 -469 59 -963 830 124 175 -872 -588 -118 -583 -601 628 -352 358 713 -363 691 303 64 -736 847 -767 -398 -100 938 -7 972 -582 228 -594 485 -753 48 -758 -624 -231 124 326 -20 -240 620 738 -10 75 -570 -402 -930 -324 -490 343 743 505 -319 -639 743 776 -234 -883 -946 -922 -912 -360 228 -396
-871 225 -325 -978 841 -684 -316 889 412 -985 -931 905 -303 -496 200 -420 -178 513 278 951 -959 -223 834 971 -446 -664 411 -142 340 -313 345 860 394 -670 -159 753 38 -357 771 -286 60 556 -319 977 358 -239 650 905 417 767 -332 396 -508 -827 -985 503 688 -370 -970 692 819 -49 -487 107 471 -189 278 -939 -185 673 31 -48 274 -74 388 328 920 -459 -359 88 417 440 -78 -548 -675 625 762 -334 6 -15 355 -579 -446 -428 600 566 -492 536 799 927 594 -424 -950 165 -143 265 476 578 300 512 473 267 -700 -147 -122 -803 -559 281 447
95 -537 -601 -73 -268 -332 -886 -758 -401 -779 -189 -273 -877 -120 821 -343 -506 556 840 189 306 -299 853 -643 -632 892 -364 627 161 755 -720 -407 546 -938 -204 213 -469 749 117 -909 124 -770 523 -534 340 719 -564 96 -72 121 375 -39 669 -792 90 907 2 815 849 973 748 552 828 -163 -929 105 395 161 -554 -158 968 -890 -528 -349 -879 -812 343 571 945 931 -914 -229 443 -362 -778 -775 -366 805 -963 368 -601 456 180 -524 -97 -769 731 -381 112 832 539 -521 569 -680 -705 -376 155 114 576 -833 -936 501 364 -234 983 87 930 -614 848
-160 877 -254 -374 697 -677 634 -817 659 56 648 -760 452 -580 111 554 925 -499 82 893 375 498 -848 -507 -245 294 -259 943 448 -859 194 -582 -993 406 -645 -65 -525 293 -994 430 -515 572 -388 566 -333 125 -769 -687 200 -401 819 -166 7 898 993 172 -775 688 198 104 486 -253 371 882 680 -947 -850 -167 907 56 837 -495 -576 -566 802 479 -255 -620 -534 -144 399 -57 160 966 583 244 -265 448 -157 -721 52 -795 -836 -689 -718 941 253 165 -514 316 -477 -266 739 -692 -111 646 784 -490 624 -317 437 892 948 -309 -611 -794 729 587 373
839 732 -266 283 907 -378 862 18 -241 451 449 -111 717 -847 -781 907 -941 -684 100 -535 -897 -906 -210 -301 697 556 542 719 397 -525 860 -336 163 -695 -648 111 -19 -455 -365 23 -148 462 -569 -326 -288 424 -860 513 -854 205 -567 945 -769 342 539 505 891 -54 708 24 975 537 -741 555 -726 -18 251 804 815 520 -685 966 568 -974 -678 -451 807 349 589 155 -859 143 -297 -612 -711 229 188 -165 662 -892 -847 -883 657 -515 -277 -485 -546 751 -14 -226 982 -969 114 979 -553 -590 -737 718 -136 179 450 586 327 -993 -812 206 674 -490 277
60 782 -660 169 -621 87 -491 913 -684 -348 928 850 897 -842 -854 -429 257 -771 691 216 -447 151 -882 -218 997 -378 33 867 -437 -547 557 187 -176 55 631 225 -260 99 -59 224 -583 256 -412 605 881 529 950 380 917 446 -839 939 586 -89 -414 -82 -323 -219 -935 504 359 366 -914 322 -852 -780 905 444 622 412 -513 -755 270 -410 144 9 -606 909 318 686 -734 957 152 362 -451 -68 -476 -851 -359 407 619 -985 -873 -486 141 350 -140 -597 118 301 459 867 -119 364 408 -102 56 712 408 94 -138 16 93 960 227 587 -98 571 135
297 -886 -639 698 -700 -3 724 -673 194 251 -226 817 122 -295 -594 -362 -591 -789 160 -256 -400 136 -537 498 260 -855 809 -912 401 1 -169 -993 995 151 -904 203 659 398 -927 647 -285 597 -701 -561 -26 954 944 -342 847 -358 283 412 -140 -764 -708 183 -434 555 -499 65 -704 -950 197 336 -318 706 558 34 -87 -994 -492 -758 916 -280 -548 404 -282 196 -674 218 203 -54 241 -817 -216 -623 194 344 372 583 672 811 717 -899 -536 991 -56 -577 616 -285 -247 833 497 139 -101 293 -386 260 -436 650 -757 985 200 974 580 -386 -287 659 28
410 -616 -640 -41 817 266 -866 788 735 810 -941 698 897 -441 572 -867 494 394 962 493 387 -434 -33 60 427 -933 -245 10 701 -703 -17 -353 -785 414 -582 -124 -295 -723 -815 270 -764 571 -95 712 -430 855 -575 683 -505 -363 147 573 -732 -754 617 68 -348 -248 228 -363 -144 -34 39 830 269 -484 -358 -405 -363 -903 907 -135 883 -624 -18 69 -872 301 -859 -528 -134 641 299 130 156 -414 -149 55 -471 -717 462 -534 -102 411 -992 -259 -457 -92 580 -590 874 -910 -530 73 975 413 158 103 -73 -451 -115 207 332 818 -737 -912 -161 205 632
-214 -243 463 316 -803 16 108 -401 113 -638 -86 363 -260 844 60 607 659 -292 -730 276 769 757 -68 955 -67 864 43 -974 -854 -863 -988 -794 144 292 -47 307 -605 166 -27 -282 781 -720 -956 931 365 -466 -725 -654 203 142 -578 -843 502 436 253 -188 316 -645 -798 -775 118 277 937 -856 414 595 76 -266 -563 -688 458 -917 229 951 -684 -207 -984 -762 916 -580 516 778 -342 -44 827 394 -476 -867 -621 -113 -888 -200 -778 -352 -862 402 -57 877 -27 250 418 866 672 -304 -978 91 -210 217 675 -106 -359 -113 818 579 333 -843 837 -280 693
-888 -93 -254 516 -414 -928 246 -719 24 463 -938 592 802 5 687 -359 -917 780 -34 808 -450 208 915 64 -976 201 -562 44 221 294 -667 -220 379 146 -697 -488 523 966 331 764 206 -965 -494 -864 -685 490 -900 251 -370 -382 -842 -445 -155 676 -224 -660 -332 -737 493 -645 -656 851 -460 245 985 -364 -61 169 -200 285 947 -506 600 702 374 -166 -367 -620 525 -679 -369 372 -682 998 -799 -93 867 -575 285 -219 -810 -467 -847 944 -344 413 -347 -676 617 -358 -148 729 -463 67 -614 -931 533 -318 367 361 -634 -937 -48 -586 -333 -589 711 33 270
-845 801 161 188 823 -891 -847 214 -114 -539 -226 -115 -592 -995 414 -278 104 -824 -469 291 -309 -751 -853 922 -967 -57 349 -865 351 -582 370 566 -825 386 -490 -877 -291 -32 426 274 670 587 703 547 -753 -36 816 -14 327 38 300 821 522 -612 655 -258 995 855 -739 -864 990 -657 -886 -417 -609 -474 -55 0 898 -476 -66 848 464 -371 850 -240 858 -577 -77 413 566 56 -491 -690 -733 -972 826 -778 -902 131 249 -150 -173 -183 173 93 -255 880 -819 6 -165 -280 -205 851 184 -962 588 375 -586 234 -229 -370 -729 306 570 450 -679 972 462
-170 257 -655 -315 -33 883 717 447 755 -960 -525 -762 -855 -900 206 604 928 10 -766 271 -404 855 912 -292 971 -112 72 909 469 -703 345 912 -478 -613 -412 -410 661 -495 -769 595 598 -560 405 841 -354 392 442 892 -437 731 380 162 659 -288 422 873 374 -428 126 20 572 -513 126 -124 301 -578 -560 79 -993 307 466 -673 -902 -619 440 -311 888 884 497 568 840 893 -110 -857 161 566 -993 168 -492 -536 -808 -525 -38 -282 784 -3 -84 302 -888 -604 -606 -470 778 -491 499 -797 562 -741 -597 564 -569 53 362 -154 535 -878 -55 365 -64
-213 -72 718 587 253 883 187 50 -415 -173 -899 -254 -502 -80 381 -836 283 84 -913 54 -62 859 299 623 453 471 -231 399 -233 880 392 828 839 328 220 -423 -554 -532 -686 -279 -125 886 -992 417 -668 -865 782 204 -413 -125 -885 104 227 -867 -402 797 -803 801 762 382 -373 -344 -788 -456 -416 950 36 -265 515 -345 110 600 662 -8 156 -167 727 -125 -734 477 914 850 -355 -917 32 52 384 -714 1 957 -19 -216 -414 423 -739 7 698 -201 924 601 -265 -6 164 -700 480 479 -940 -866 -954 974 -820 531 -340 725 392 629 -208 -236 -937
-418 885 -530 -745 609 -946 -912 414 -2 -727 366 391 -828 678 441 599 944 -509 -547 -564 -12 -507 -506 -31 915 645 18 -416 -7 -539 -335 709 296 -179 522 858 -163 -794 -840 612 -528 -623 561 -839 90 -763 -74 301 -863 -364 -298 -952 -97 -39 -242 885 225 401 955 537 -341 -557 -880 142 537 60 3 -356 768 123 -335 883 738 -650 98 -617 -319 -393 -73 -296 667 87 -976 284 -349 470 666 -340 752 868 678 72 767 94 276 -409 804 -536 -66 640 334 163 977 -594 792 -820 -74 -189 -373 481 448 -500 -63 -640 -355 989 -908 -738 -289
777 613 -143 -251 -721 857 -837 82 308 -642 -253 -17 874 -165 -526 812 810 933 742 801 163 -115 -986 -589 -274 -569 35 -333 93 -538 -745 -32 240 -989 -722 380 20 829 397 -900 57 -6 883 -423 -274 347 778 500 746 893 826 -89 554 -500 -645 -586 2 -94 132 -364 -382 61 565 257 183 -17 -579 433 -342 815 -263 -232 441 -3 266 178 336 -558 -734 -913 -76 -347 -166 -533 -836 522 -701 -820 -900 262 743 -604 527 814 -149 -649 544 -500 308 -762 101 -493 -510 -903 697 -854 205 -212 -348 -12 91 -320 602 -175 -948 -302 525 -163 690
-455 -225 198 -624 -759 488 -533 557 -76 831 -577 21 -672 265 -787 685 -364 -916 662 641 924 479 262 987 -468 896 852 50 -656 -911 568 -179 -782 -480 791 -446 389 -991 -631 -720 -258 138 332 -235 99 -213 721 -707 -292 39 500 -392 -11 164 -454 -458 -347 603 947 65 -983 -468 782 -889 586 226 -740 963 -691 -802 940 663 -7 51 -554 -680 -621 621 -573 742 -923 334 -935 807 829 -601 469 175 -783 -577 897 -355 -639 819 629 -267 -347 -118 361 773 181 -524 201 -633 503 527 833 -206 227 485 -728 -995 723 885 -151 -495 -442 844 -245
-566 -492 -944 -317 730 -981 57 -896 90 -441 -228 100 -242 -319 -91 274 803 110 -399 354 -153 -360 -762 -894 917 747 271 -809 -212 981 -729 -399 748 -768 -895 188 60 -836 -126 546 -38 -11 652 -658 64 -220 279 76 -1 -95 -402 -867 859 -458 -300 406 723 -97 257 631 11 -754 -468 -535 440 795 -553 721 -153 776 530 897 -326 -894 -515 -354 0 -893 45 -724 528 581 698 -715 498 977 -237 -936 -502 342 -626 14 -271 533 -64 488 -798 -648 -299 165 590 -573 493 -336 573 -862 -733 165 482 -142 -181 -636 377 765 296 654 -289 -819 -953
-419 206 -271 155 -816 -700 -947 726 -381 831 587 -368 -355 103 688 455 19 424 -326 -460 650 26 197 502 74 -337 397 317 861 8 -275 980 631 -364 694 76 560 246 -917 -366 588 -878 89 188 284 -28 -588 -75 366 -722 -931 -958 815 460 -16 624 960 -252 745 780 470 495 -90 591 -501 559 840 -908 -877 541 -173 760 -439 272 -779 -772 311 939 211 681 -444 851 863 226 632 475 102 -49 796 207 54 -901 652 -774 -436 -629 14 -876 779 56 -372 -69 -615 -180 204 -100 355 486 18 -882 49 -967 651 620 308 391 -422 717 172
-955 -336 -814 -890 -500 676 59 163 -612 754 -826 500 -388 -880 789 -576 -94 -565 -534 8 619 -992 -30 34 -472 790 236 -447 326 -967 -811 -362 632 162 209 112 -525 -351 -649 62 -714 877 857 581 -733 786 287 -450 -865 -119 15 -425 -254 -347 -421 -327 410 -391 -40 -119 147 824 -42 -536 331 820 -560 261 949 -728 -526 275 -819 -255 642 -27 2 -297 -963 725 805 313 -929 -28 173 950 -674 -725 292 -696 -701 -576 657 -501 182 501 -109 -180 437 427 -714 -692 144 20 37 180 436 -667 -595 -78 3 634 634 449 988 -125 -800 711 812
-20 808 167 481 523 -219 -425 71 -702 -910 -371 -47 309 -614 -46 -235 -603 291 -24 468 -485 343 -792 932 -384 -799 180 -371 -23 -927 267 -404 -48 -100 -102 -921 -499 515 -432 -818 803 -915 -774 186 -57 -44 -259 -715 428 954 227 805 202 405 -644 -346 -627 638 357 483 377 -782 918 -591 890 -925 -314 408 -854 -866 -295 591 -900 -519 665 179 86 409 -126 -637 -789 -275 -681 -197 -778 -661 -189 60 243 -43 474 308 -9 360 430 -353 -464 -463 285 -807 -394 443 311 -386 929 249 509 369 452 -180 -955 757 103 178 -614 -677 595 -500 624
-327 -873 139 -922 -269 855 438 564 -759 -268 410 644 189 -10 -242 -611 79 997 209 906 775 -456 35 -743 14 -988 541 431 393 86 301 -696 834 -244 -254 253 549 -258 993 -754 -555 650 -878 -65 537 -323 -198 304 -282 -867 -475 355 793 -493 -577 258 -319 118 960 -391 935 -510 -222 -289 -292 -392 64 -926 461 911 653 -464 165 520 -819 242 -929 -257 -476 179 406 -179 -407 478 -660 -709 679 -667 291 -751 480 -866 779 -164 -658 840 -151 -611 -296 667 32 -306 957 -419 -306 160 -832 -863 -42 -959 -528 43 -939 -775 -942 -834 835 -701 429
166 -423 -152 978 977 9 -442 -234 -697 414 592 974 923 849 400 6 -502 -604 -328 -642 -975 927 -315 849 -773 -42 -700 979 -137 -109 -129 886 -808 -203 432 -135 -986 724 406 -706 -303 351 437 -58 486 -796 -952 908 -533 -212 -366 378 372 897 961 -516 -616 780 -252 847 -179 191 -141 -907 191 -980 -307 105 448 496 207 -423 314 -544 768 -908 512 974 186 -894 515 280 -190 -614 655 -51 -775 -284 885 -148 -357 684 -236 428 308 -161 721 -910 850 54 -619 290 -42 668 -203 -939 452 -323 749 -926 778 -899 -298 -36 -338 978 599 -823 -17
-449 951 -85 -274 -131 896 -276 5 -56 -737 -326 -107 -444 472 429 -706 555 -505 417 -617 -876 689 245 989 400 -951 -754 -696 564 14 296 -135 782 -543 859 848 999 -811 470 -917 324 -609 410 8 456 -67 -971 523 809 -61 -822 107 621 -368 -550 -890 161 383 -911 -907 -107 -950 -529 763 -664 -120 -879 -217 348 903 987 712 -922 -411 533 720 -524 968 -689 337 -757 -514 -430 804 571 -770 -27 665 113 -995 -295 -455 -614 93 321 327 575 864 -911 -587 786 794 -142 386 2 -268 142 -191 -130 -755 -49 -859 -28 491 319 504 -123 703 -277
139 183 679 41 -120 502 -547 -29 531 -712 812 -705 655 -245 146 -404 -356 -226 641 -933 526 -679 112 -153 -646 -679 719 611 457 972 -984 975 287 741 256 -825 309 -611 -676 984 930 -281 -671 -450 -776 413 -508 815 -373 -388 880 -50 -883 969 -43 -770 -908 -50 861 51 -484 -843 427 582 73 736 349 -443 -459 -957 -464 916 344 -801 866 52 134 315 674 -962 594 561 -781 -3 -592 -494 -208 693 -345 935 -822 -285 501 981 -531 435 -515 924 913 -296 -676 28 -645 364 -758 -987 -781 -684 91 537 -383 -130 213 304 577 -822 876 520 741
-350 152 439 954 -344 680 911 242 154 32 732 -880 500 78 -867 835 -93 -165 -436 -359 65 -836 -580 -987 706 -408 -402 796 266 -924 -272 -135 -824 746 563 -576 339 185 951 319 864 -587 5 -672 829 991 -8 -613 -211 287 -871 -552 433 -595 854 -989 95 -880 -577 552 -543 142 988 366 -916 353 -626 112 -165 299 65 838 712 -480 -454 -798 583 610 -941 22 -801 -774 208 -813 -410 498 957 -995 -712 -880 678 458 -717 700 -974 -807 113 -702 -179 -305 451 163 433 -548 199 614 -864 -164 -890 -580 17 234 -771 721 -780 303 -619 -450 708
8 -799 668 728 694 -828 915 581 430 -484 304 -524 865 -993 869 -133 -538 -416 -358 939 -574 -594 577 470 -166 -566 615 -422 -881 866 22 -97 601 975 40 137 -513 775 247 -311 -975 704 335 102 -55 562 -732 116 150 584 -544 959 232 -733 501 -794 842 890 -784 -266 -88 513 -610 962 -894 -43 505 828 953 706 -837 -621 -41 -655 -412 -535 -421 -574 710 -785 -687 385 396 719 288 648 -613 789 -19 273 -543 -916 654 710 298 -63 -776 -376 -254 214 361 152 -796 -267 802 -124 -79 958 524 -623 653 79 -420 -766 771 -768 737 3 648
-920 -887 548 -947 -449 196 -779 -146 544 368 107 151 394 291 380 -521 -91 -41 -116 -148 -868 -912 -587 -194 314 -263 -948 536 5 621 -954 496 434 -207 791 24 323 718 610 653 -956 -196 -398 509 -802 570 883 454 981 -533 654 521 917 394 704 140 740 94 -490 -721 691 -696 -202 343 775 601 861 -266 -322 673 -687 -404 384 -734 -94 -377 420 755 -238 757 43 -752 541 682 621 815 -457 -979 -513 -915 -47 -131 718 -361 -296 -655 -949 -939 746 -228 -46 400 -619 543 952 -43 958 -903 16 -911 43 698 -166 748 382 917 -70 -830 -722
435 928 844 547 -412 153 766 318 -831 562 217 -429 109 -844 -224 4 -294 -816 -328 -373 -313 -857 9 243 551 807 -927 -621 -83 -562 632 105 -589 60 734 -609 -358 -39 720 -163 444 -32 857 -965 -787 -425 533 384 -176 780 81 -500 710 797 718 510 -79 -348 645 211 342 -579 676 796 353 774 -986 506 147 898 193 -567 6 -775 393 998 -543 224 130 414 -458 -464 -589 565 -279 -698 -523 768 -132 39 -182 -113 645 493 811 -182 561 -766 122 -809 -863 -313 -954 725 547 146 445 -151 -836 291 -276 -238 -303 -271 -815 491 -284 693 385
-20 699 514 774 205 925 -32 112 617 -442 196 -35 -325 474 541 -957 -9 -234 -354 265 71 -270 -189 -202 -320 -974 -238 481 -687 140 415 103 -120 -60 -917 156 417 -302 -710 296 411 773 912 -350 137 705 -744 619 818 -796 -143 -671 5 791 -987 4 188 688 -986 342 204 -588 504 955 -297 -631 725 143 -754 345 -943 727 -730 914 -389 -177 -459 827 -292 227 73 -351 -481 -935 -10 -832 525 -260 794 541 659 -860 351 672 -29 -32 -260 -689 -428 -779 664 821 855 -816 108 641 983 -569 -28 -997 -372 -514 562 -831 812 -954 110 -960 -802
799 -242 830 733 798 734 -12 437 -294 -339 570 45 673 -636 -598 0 455 -317 -602 -342 158 -167 773 316 433 -657 648 652 -278 -974 -581 909 772 -276 103 -234 186 -210 -571 481 574 -116 -35 50 -410 -11 988 -318 577 493 596 -617 824 312 -851 690 815 741 425 -332 922 293 -554 269 44 -216 -180 -733 555 -510 358 908 -976 78 -355 -983 -966 175 496 -833 178 511 -320 82 -791 -698 216 -273 -515 665 793 -137 186 -820 275 964 606 -219 -911 -71 -667 143 -165 -454 883 -233 -946 469 928 -521 -599 -101 541 -531 62 495 -395 -121 -919
682 654 -979 -996 -967 511 -326 440 -412 572 -248 -391 -21 892 776 -999 366 -709 -757 548 -919 -948 -368 75 -229 182 -213 402 -478 272 -2 -556 -91 -329 -314 726 -850 -901 -716 617 -719 -662 678 -423 797 260 -462 -958 382 -114 110 -205 -308 -398 -369 330 -365 -685 892 831 96 30 287 -707 645 827 920 11 330 -940 -675 -952 48 -835 -111 853 787 993 -545 -980 971 -835 724 -178 431 421 391 -709 231 -459 -762 -662 -372 -893 222 441 110 687 -666 766 -287 348 297 379 -667 552 -802 -448 513 807 -42 923 -292 -594 -847 -38 871 -661 -3
289 410 610 764 39 -775 179 640 315 19 631 422 -556 -904 824 269 -746 468 768 -543 624 -261 74 712 -942 947 293 313 -965 537 -121 -76 -79 129 750 353 -38 -627 850 -775 55 -503 -858 -533 -639 -639 557 -468 -85 -864 41 -50 775 -970 910 396 -396 -843 149 -417 133 -632 -979 -960 -707 31 -51 683 423 252 788 204 -78 -380 -912 776 457 370 -579 -438 928 766 -394 -23 -22 309 -409 835 -424 789 3 233 -116 -169 97 -474 -213 -550 -719 -532 -143 648 -755 797 -865 951 -86 595 -17 942 766 -932 840 417 491 454 157 -20 -87
-141 -193 -776 83 265 483 -644 -25 201 318 404 -927 809 653 326 529 -720 -510 -937 472 686 760 -647 258 -122 375 -529 30 761 -509 -753 -343 -145 -401 34 -745 -796 95 171 -269 -451 267 -687 -897 470 623 -309 676 970 815 935 -403 -642 696 -73 -145 266 -430 345 864 661 -543 162 681 700 -965 22 550 286 964 870 778 391 981 -698 815 -745 939 -726 -741 -753 -613 508 -450 231 595 -915 8 943 380 -570 407 -288 -533 -295 -450 -787 -585 -7 -142 364 -938 -365 -210 475 240 679 998 -752 -588 -441 -312 -94 -759 762 30 77 636 781
-416 246 937 280 663 -612 133 297 -212 743 -856 239 -113 272 632 -716 132 -580 112 -345 983 165 -225 -186 176 -393 445 725 -830 -764 313 573 621 -939 -723 788 -909 -130 483 -492 72 813 -399 -949 -814 -738 -673 463 -144 542 10 -276 -441 330 -992 795 -920 707 -676 640 749 752 700 608 306 -128 -339 621 544 139 856 -720 404 -157 -586 66 -289 252 591 -169 198 -635 -864 199 106 -125 -629 -22 546 313 232 544 628 -43 -774 -406 979 -919 828 -776 241 501 -822 -848 230 158 -101 -776 -71 -979 -420 384 523 70 489 959 -557 803 836
-744 -749 -867 -712 760 -838 439 -506 -657 771 167 382 441 -997 -879 -405 408 -640 545 181 448 708 -603 794 -738 -463 -59 950 934 -506 -720 -130 216 384 -524 -355 397 -812 -263 -282 52 616 331 -184 404 -495 -541 623 -691 711 49 -41 575 -315 -665 -628 966 957 -971 -115 -975 -519 428 -786 365 -469 -703 -451 819 -123 369 908 -309 725 475 13 -548 -840 655 956 865 -848 -351 198 73 640 -183 919 186 -332 170 177 195 109 412 712 221 650 -23 -293 414 -430 465 861 -102 -338 59 -255 741 -220 344 884 538 -547 -219 740 -639 -872 -787
639 640 104 -712 -586 449 56 85 -752 -532 991 -209 491 -959 -465 -145 -819 324 -873 237 -760 -187 -728 548 684 122 -108 914 -25 444 -878 712 296 -149 542 388 929 639 94 -311 -374 332 464 -296 -367 720 943 701 -945 -979 -668 8 855 -322 -936 -842 -680 -329 232 667 834 -435 -223 510 -811 -641 315 -798 868 -144 450 -643 -503 146 303 966 -126 -591 422 -64 -647 -247 681 -915 -943 980 -551 737 940 548 -164 -11 -918 -246 42 -941 -101 -880 -127 -251 886 -103 -775 -395 -894 -285 770 -128 865 662 937 -692 765 636 -550 626 458 -83 -417
570 -85 -891 -538 115 -655 516 -608 -213 -546 -797 838 -911 -200 958 -666 -140 153 514 268 -168 -974 -428 -516 757 512 -293 -469 443 87 -69 -115 134 -85 -369 696 585 253 482 -184 -70 -142 -678 -515 -661 880 626 -434 160 -655 -653 -624 850 954 926 818 815 -906 -296 -992 -293 -629 226 983 55 110 564 -792 268 -670 -698 -778 20 -549 -789 -727 -362 -495 -118 -651 652 368 650 -988 -734 -868 953 352 -611 -990 -935 -147 -554 -710 -56 -605 498 -120 -182 -839 -897 866 -315 444 -51 220 -359 112 214 -257 42 446 -565 776 731 203 301 956 -247
-679 165 937 497 -490 -767 424 207 818 -965 -753 292 -785 23 851 -493 -431 984 -998 -888 -876 -432 846 933 365 -29 -578 -933 585 -74 543 -927 289 -614 -705 -476 543 719 170 891 -422 54 -203 214 621 55 -72 -173 423 -101 633 -340 -69 343 179 496 583 486 -714 588 -319 130 311 -282 350 -97 -264 -218 172 -156 723 -142 975 -809 992 308 -263 -621 949 -790 162 -616 -419 -615 -104 912 -639 911 -113 233 -829 -380 329 -252 650 540 289 73 -808 652 -126 117 247 902 -812 -111 -927 -462 -426 976 -33 891 -617 -107 -711 -828 -114 462 381
725 538 -607 827 -842 644 209 412 470 -767 -547 -142 920 627 101 683 -773 -962 -678 543 741 344 -367 521 491 -806 -476 -349 -593 707 741 793 -713 -452 -992 336 502 -698 380 671 -455 -401 637 -389 320 -940 -23 737 -473 1 -252 -3 -1 467 -213 -41 -18 -114 506 -515 -864 986 -806 -981 121 -280 683 103 120 -861 89 489 -199 2 718 -937 983 -647 772 111 -549 79 997 526 982 331 369 462 552 -968 203 92 -902 919 -671 -458 942 275 310 531 32 -177 -307 -67 329 -356 532 -230 -303 39 91 -391 -178 -529 -801 -921 -163 -428 -696
-15 -628 827 475 979 721 510 140 799 987 -640 -444 -182 963 494 555 176 -258 -879 355 824 562 208 385 -575 930 -45 -169 -212 -248 -654 -398 20 -498 -437 158 -744 186 979 753 969 979 20 923 -674 -284 -524 504 -107 204 966 799 -92 798 -438 -278 -915 44 -273 -638 256 316 121 294 -373 868 350 8 -915 -505 -166 356 216 635 642 782 -572 22 -987 919 160 870 590 379 259 362 327 283 -799 544 328 -446 761 187 925 117 -533 256 -507 652 -377 -322 407 -168 -688 935 399 464 -256 911 -331 -740 5 -511 382 653 -615 952 -147
-537 -881 257 -302 140 761 -966 594 -890 -489 391 -105 656 -391 -767 -594 673 582 635 446 -553 565 -157 104 636 569 -128 -150 375 633 -706 -466 -350 861 244 624 276 -619 670 -708 -918 -77 -916 213 166 441 358 -717 308 -179 -342 -108 821 905 772 -430 234 -546 -936 805 159 633 -65 768 721 830 556 38 -467 -207 506 -673 807 931 -540 -474 -956 -695 -768 -550 116 -279 265 468 -673 670 631 -680 -869 -198 -915 -940 -425 763 -161 -283 744 870 910 985 621 -672 98 128 96 204 147 812 -20 -962 323 -57 790 -802 -197 -45 505 -295 33
844 -318 497 -221 810 -188 20 499 -317 -599 -902 -610 -675 343 -376 586 -319 -230 401 -996 395 -381 396 -652 62 -419 -239 294 -972 167 477 -907 435 995 742 829 827 -165 -312 669 764 442 77 -48 -539 878 -229 -57 -569 744 -473 468 -360 93 -249 709 -893 -419 965 -517 860 -899 816 423 705 -141 477 528 989 686 -374 739 534 975 -877 -985 806 -696 -963 -421 -826 543 -432 319 -234 -34 850 -164 -854 779 -754 257 -337 -481 292 -293 -517 -475 458 767 -687 354 256 775 356 -693 -160 -552 -381 247 132 -772 -477 -478 -174 -416 330 58 355
-244 -361 794 -735 -710 -832 257 -642 -667 483 414 289 784 -306 778 44 799 713 -478 953 -602 177 -384 259 -803 -576 -667 -416 700 -456 565 380 -839 -369 447 273 -181 163 -745 -110 -151 -50 -495 247 772 -219 364 -381 -674 -869 601 -95 -778 -925 519 253 530 434 -899 527 807 -813 -701 -479 -345 148 -755 -190 -585 445 -748 -332 -948 -95 227 223 -446 -787 -661 -136 -695 -547 739 812 92 158 -96 -729 79 -194 -627 -559 -124 -641 391 -56 -342 -773 -184 -983 115 -654 -882 263 -863 -66 215 110 812 936 -326 993 -734 67 933 -465 459 -475 -497
388 776 -26 490 -148 -360 194 -585 131 87 -616 149 216 -797 -379 -889 384 -37 -869 -431 246 439 -310 95 656 -594 -159 450 749 -744 -19 -24 922 929 -784 -809 -76 519 -259 853 519 576 880 -409 -715 -6 -437 468 -541 -688 922 -666 -691 -362 888 -356 -22 -654 651 -658 -918 599 746 175 -101 -337 350 824 -933 -188 -586 -489 88 -53 -795 -861 68 93 -233 -246 916 196 -543 825 967 654 -523 -249 387 225 916 142 954 764 959 903 364 325 262 850 119 -92 81 751 778 -789 589 -52 -313 -464 -115 -229 38 -359 -286 -114 -618 -557 22
146 -802 255 -862 117 -462 -518 -144 -666 -335 743 -534 -408 795 682 -767 -862 -80 -236 202 134 724 998 35 172 -113 52 -13 -822 560 -327 175 -14 817 -224 680 600 69 453 386 -450 -18 -439 -800 -305 140 -548 107 -796 736 -230 -558 390 302 -939 -38 993 849 746 -265 912 520 -925 -157 11 686 -936 314 -182 871 -525 793 821 -345 255 -741 714 -691 284 578 153 364 -863 -217 -113 265 -226 -439 813 720 542 -895 453 -206 -283 -842 129 -902 -356 604 560 733 246 -712 -355 767 637 542 -883 -542 -66 491 677 -151 334 -33 -538 266 584
914 678 -750 -60 775 -468 -893 277 253 -72 456 942 -542 -548 -486 626 -253 -597 -837 40 -833 -467 559 -41 634 -276 842 740 -612 974 -172 -635 985 991 377 816 -84 922 782 933 -740 -556 -306 -380 817 -315 -174 333 847 371 607 339 929 -819 -88 -437 145 785 -460 -105 -476 -757 379 -407 -989 875 -229 886 131 -446 -777 -679 -10 -104 -338 -927 747 -564 -183 -919 464 521 -386 -399 -536 722 -654 990 -649 10 -772 -421 42 -782 964 857 419 272 -886 -309 354 -568 882 999 544 106 -899 313 -507 583 324 -182 569 209 -402 984 151 47 112
-365 -50 -150 884 196 945 -522 514 681 -194 -672 -550 401 876 -287 -700 369 -979 -532 -657 193 227 298 -282 54 447 239 -783 492 -620 152 119 -113 170 -892 384 -826 -369 508 -791 749 -856 -176 577 206 693 336 576 123 -318 -220 296 -37 105 552 531 -673 645 167 -548 -961 258 -414 -791 -779 928 -883 486 838 -249 599 -659 -856 -716 -123 673 -651 -479 585 -437 91 -846 -380 -837 332 156 293 368 -279 896 -724 882 -506 261 272 -980 -694 -940 554 216 -762 748 -308 -381 175 806 337 -497 -86 -524 33 599 595 850 -527 333 -887 -898 934
703 169 -765 740 633 390 49 -313 644 194 -903 -99 -949 -948 -796 30 270 438 -541 585 95 -495 -703 -772 858 39 261 -241 -478 885 852 -194 566 963 -317 -623 -477 242 682 -902 -77 -831 -476 683 -317 139 146 -783 402 0 591 -575 -11 -978 958 893 935 -515 -128 770 -434 308 -77 -367 105 -517 -284 617 645 430 -348 526 687 442 872 -136 -204 -73 170 -374 644 -286 765 -388 132 390 -130 152 -541 855 711 590 -124 -774 989 -620 330 244 409 -482 -909 926 19 -122 -517 -606 -647 -393 -31 -300 -64 908 742 -128 -110 -512 658 860 405
801 128 -567 -947 -969 714 -356 151 -405 863 -429 22 405 -655 102 955 806 -101 476 -19 446 -817 359 824 619 558 285 417 704 -767 547 -968 -211 532 456 470 -224 -270 -212 198 -760 444 -228 -96 -846 642 -726 -960 -557 164 845 165 -432 -30 786 -314 -868 256 542 -1 -465 53 -271 -183 320 451 -472 -617 95 -335 -64 -532 -863 -205 -894 778 -967 939 -81 838 -496 -39 713 808 272 110 395 -850 -877 -114 -906 -673 51 484 -38 125 349 415 77 -988 743 314 -677 -577 -38 -502 794 -535 -98 -96 200 1 -191 -642 835 679 676 454 629
-204 290 174 986 966 -82 -608 -336 696 -888 -18 506 -688 843 723 -608 161 -330 -268 -889 577 133 -59 185 949 -661 -344 960 -871 -658 -480 772 828 -49 -493 -994 295 -43 302 -248 734 693 -205 -76 -113 -432 -834 -202 296 297 -379 46 -411 961 -131 -698 359 353 -359 -940 80 628 206 -708 -454 -82 498 310 -889 684 -574 -249 -509 -135 -285 -433 -282 539 -880 -338 -634 552 -718 579 762 -680 286 -925 -647 -360 119 226 -480 728 469 81 -910 -750 -674 -955 -550 711 272 768 284 136 -320 94 -135 798 -611 781 -575 -810 398 522 915 -435 -406
-364 448 -173 662 815 -882 495 120 472 -72 -353 -757 688 642 378 315 -345 763 -395 -896 694 155 -434 -152 -264 -948 -184 -371 630 -651 -189 54 -610 -576 583 -648 -321 29 477 -899 -332 896 -454 861 970 262 889 9 -80 85 84 647 58 625 -81 535 162 890 -927 67 -613 -509 -369 -555 339 -626 119 -77 757 594 502 470 728 -593 134 9 -312 760 680 -628 -417 574 26 647 -353 -946 485 700 -993 673 21 357 -993 578 -939 -419 569 140 -361 939 870 -591 542 -296 138 263 -152 145 -770 -596 -949 -471 728 523 10 -426 697 -985 643
-789 -941 356 537 566 -716 -347 -902 192 -669 47 -612 -94 -298 397 584 -825 222 -243 -157 572 -849 152 -27 -893 464 -754 -904 903 107 143 -945 570 -894 -553 800 186 303 -991 -624 131 -843 -964 -7 142 -312 -741 -438 -250 -618 -91 -885 843 769 109 460 528 298 -19 -23 830 -277 -965 620 380 -928 -258 31 -986 67 -999 988 778 355 -635 -941 914 -495 -898 807 651 711 -364 -443 868 -667 753 -190 802 201 -22 -192 304 490 -577 61 -732 -862 -932 -279 621 741 -750 -687 -648 -654 320 109 -958 -299 730 -846 -520 198 -532 -652 -86 450 328
716 574 -669 91 -622 -816 -929 509 184 -569 666 -137 946 -237 -775 159 213 771 564 -929 -629 -925 -665 132 -368 386 470 18 525 705 554 -763 -642 967 28 610 -46 -702 620 -244 159 -247 638 -782 527 508 -830 -123 -581 -579 671 -344 -30 -489 -884 -800 -666 -180 139 603 -877 670 -959 733 893 -973 582 -459 -715 -597 262 -754 487 -579 241 225 83 -179 853 280 -714 -165 -618 701 -395 -635 -920 241 278 -516 -839 297 202 -669 -483 243 635 612 -826 886 -242 -962 -336 -921 932 -935 39 -840 771 809 -330 -309 860 -144 -323 564 -119 -178 878
908 -427 -316 20 -958 855 503 -480 348 -660 943 -607 203 -879 47 -33 236 186 -81 -715 187 -30 -924 -103 -430 831 -814 -792 32 401 -568 -797 -156 -601 -343 -832 712 333 267 191 283 182 -696 106 -665 419 994 39 -239 509 -316 -659 254 -236 387 -575 50 -76 -637 380 -380 -175 -906 282 -66 -656 -177 -62 -831 865 469 -883 261 412 -829 -379 -643 -921 892 -213 233 -607 -293 789 -715 -850 489 -702 383 -880 -408 -133 -858 -786 -260 456 270 -381 -407 60 399 998 344 -401 557 -222 -925 662 355 273 768 -480 -311 -502 746 511 -508 -445 602
-254 124 245 357 -485 -375 -613 543 -47 775 166 -995 -396 344 113 -104 -791 -696 683 -515 -239 -948 -682 898 346 -60 779 163 -591 815 -968 -454 306 158 520 61 431 689 461 -319 377 733 -196 477 685 815 -668 121 -178 330 637 -987 -773 -724 -486 -362 508 750 74 411 687 891 0 -482 585 232 765 630 235 737 -953 937 -13 549 -840 -770 -869 855 790 -560 -813 -874 -502 -897 582 -202 -737 513 651 -51 -183 486 -533 -262 240 -423 617 -609 151 962 -861 143 -259 -568 -124 594 -704 -172 515 -154 696 400 315 272 -169 879 232 -32 -773
-858 779 -254 -610 -280 986 -911 155 -865 -729 -378 380 -186 11 766 -780 -332 399 937 -730 786 599 -177 -527 462 -532 -659 776 696 484 -947 -430 649 -97 -892 -405 900 -127 -620 -603 677 743 402 -897 533 808 594 -81 240 -551 -786 127 -99 -787 118 -430 348 -504 609 194 -369 206 321 -169 95 572 805 245 431 -462 -24 227 -339 492 -250 547 -539 268 479 -973 -96 -906 676 -897 -951 -632 622 705 16 595 543 327 -568 602 -96 -402 331 438 393 288 -643 659 -481 -344 957 -373 -521 -34 536 813 -247 -589 920 -54 144 730 650 156 333
-751 -642 418 -309 91 -537 508 734 -308 49 112 357 912 946 -473 110 -152 921 376 -232 -366 -317 110 772 212 -35 840 613 -780 -396 -291 -90 567 56 -631 219 -524 -241 -247 -497 260 789 -993 -660 -439 913 -862 -390 -456 243 -346 -530 -12 938 -621 -956 -151 98 709 -9 209 298 527 941 -842 -60 540 -32 -139 261 -204 -473 -261 -804 871 83 687 80 393 469 -853 -495 -870 -259 408 -943 832 45 678 -996 -588 -676 501 626 54 -666 -381 485 -578 -64 -734 -675 -752 746 964 -471 843 446 -362 609 142 -12 -570 -857 -25 -248 -381 -21 -854
-381 -512 -659 762 197 -956 829 903 -939 129 703 740 975 110 411 339 92 -797 -464 -32 -640 241 -487 295 -900 -804 7 -941 195 -377 845 419 602 346 -981 -661 697 257 66 101 622 -428 295 930 -208 -802 -413 -927 -175 285 358 -775 829 -602 315 119 -17 786 567 -657 995 184 -853 113 -618 696 -71 426 425 482 -316 340 325 -463 832 -261 -56 919 24 204 -115 757 366 -36 -214 535 925 898 691 -389 938 -382 220 -436 969 823 203 -897 -452 -372 -516 -871 -730 120 -178 -757 446 660 -933 667 -801 -423 325 -912 572 -741 -5 -22 -799
140 -117 235 36 670 961 22 -342 -855 -114 -110 -297 789 -188 -341 125 -331 -723 -650 421 -704 859 783 -916 797 107 433 -732 618 403 865 732 249 -6 -937 842 312 599 -183 52 155 289 486 206 -424 245 316 -611 -241 566 -9 -582 452 847 471 -493 667 820 668 107 -34 135 -127 290 878 278 290 671 387 145 923 -39 498 9 -450 -939 90 -524 577 762 -885 685 -206 304 564 -407 823 39 -665 164 230 -572 971 42 -514 -602 -499 625 -831 -201 -667 -733 46 -322 -672 650 -785 961 -513 -924 -644 359 363 -217 -983 27 851 509 771
-947 837 224 -893 659 -699 657 -932 157 -916 209 -537 -90 -929 691 -504 390 331 -503 572 -11 -742 -54 689 681 117 -122 -317 448 -297 -160 607 -231 -7 -822 -139 797 927 -225 -865 -117 910 665 824 193 -888 -318 -421 -793 -282 888 -359 -203 -512 -454 -826 900 300 -513 865 98 353 166 430 -49 -873 -329 -766 661 654 -39 -869 -924 391 -723 -7 -853 -318 -489 -324 147 -235 812 -837 581 933 -41 414 908 420 118 393 -395 -536 -30 -58 -237 -988 268 590 879 101 -318 643 540 619 -128 509 152 -398 -252 607 799 -260 906 -187 -598 -868 22
989 965 -782 672 191 -546 270 24 441 -136 -365 -197 700 -241 -903 255 -3 662 670 -40 -919 157 363 429 616 479 383 148 780 135 -470 -406 838 -990 72 -881 -571 943 -776 894 765 -93 727 938 -256 74 990 179 763 88 709 872 -848 -99 594 -233 -645 -538 930 -864 691 -176 -557 951 -705 264 380 920 -206 -642 -903 -43 -444 200 934 251 575 435 -985 -365 -701 -284 -45 612 -618 668 -437 773 -868 778 -406 -656 -322 -390 922 195 -598 -677 688 -704 -969 111 742 -557 -893 -213 -668 484 -916 990 586 962 -633 335 987 544 -688 -498 -471
-564 -194 605 -246 618 -206 -776 932 -689 124 895 858 -583 -678 148 -797 -260 718 -81 883 263 -757 -48 520 597 28 636 -381 -48 769 -88 897 -656 -345 -652 -634 -112 786 190 -155 497 137 439 925 -247 47 451 835 659 921 -406 600 202 -863 -741 -632 -192 854 864 511 -24 -130 -499 -9 324 233 -446 -142 344 947 352 176 301 -379 632 -658 -206 -39 735 779 -963 280 -690 104 959 -927 -203 -36 182 -71 736 -463 476 -294 609 798 -468 506 269 466 -395 136 163 938 967 -476 -746 271 -230 -228 188 143 989 -593 64 -282 28 -608 -622
-792 395 -935 750 366 -672 329 -103 283 445 -788 231 -406 -838 933 186 710 -863 -470 437 -795 963 -932 63 -110 -424 258 211 -682 836 241 -540 418 -43 -550 -466 731 184 480 -488 -686 763 724 341 319 -227 799 121 442 690 203 -311 693 499 -594 -885 329 -190 -875 157 476 570 -839 993 -980 -475 -432 358 907 72 386 -558 214 457 -26 843 211 353 -471 581 375 -948 -517 277 738 732 -250 -156 360 -98 -277 -384 652 788 523 -660 475 97 -802 840 946 164 -652 -549 -180 -564 -778 -228 -580 -951 904 257 4 3 301 798 -800 628 -41
-289 -270 800 -262 -239 683 -187 -405 570 946 525 42 -519 356 976 57 904 328 407 -456 -802 -99 299 -609 -975 387 -276 -41 -952 387 222 149 431 -4 -627 884 -876 -501 -559 -354 -946 -506 140 70 -19 -59 -912 405 412 589 -753 -320 -349 -278 410 -958 89 201 858 -677 -329 -576 -579 -123 -104 730 232 -402 604 130 -916 375 556 -517 -413 -200 -569 329 409 -339 -165 32 567 -30 704 760 538 742 -530 -87 -302 271 -721 -727 951 714 190 895 502 -756 -338 3 810 -149 -72 228 533 642 -51 -523 381 149 -598 197 -396 -479 809 169 543
350 883 -423 -488 -587 179 596 -609 536 -26 -176 875 482 -865 882 -418 -99 -185 790 999 -359 -415 -548 961 -705 363 -49 -455 -477 913 307 717 847 -388 858 -305 178 632 147 -919 -92 387 -751 666 324 -528 627 638 -879 668 949 620 -639 -488 434 -518 113 -652 -845 -581 154 765 -391 968 -36 606 227 -820 -694 178 -692 104 -414 -327 933 104 534 -744 362 -179 748 731 452 -583 -562 6 811 -774 175 -567 -235 589 923 -543 383 708 -70 -805 726 -446 401 -380 -974 -30 -700 -211 769 24 -468 -54 636 -705 977 376 488 -686 -236 -114 379
-458 -628 557 -616 404 251 65 153 -395 -244 170 424 198 715 -156 -278 -742 720 -847 232 687 -822 681 876 -376 852 -648 -908 -246 -665 517 -602 835 -420 67 -447 -604 -692 305 731 -609 -938 -180 524 -37 -180 692 -154 948 -902 75 -976 -592 -237 490 -515 -420 -582 510 -50 -43 251 -736 49 867 -652 610 -813 -960 867 100 -87 422 669 103 -681 -907 919 -839 -964 -860 -907 927 938 368 -707 193 -891 -848 327 -978 424 440 99 96 686 -884 -457 -213 403 716 164 -129 776 702 612 365 -899 -422 402 471 750 -898 117 -433 -19 -286 154 897
312 502 -50 -739 278 823 421 -932 -445 -624 730 -236 -859 285 -45 -26 -757 -581 335 -811 -847 -964 271 -143 -958 -474 319 -719 779 -933 896 -880 184 -333 467 -834 -963 85 387 -474 -701 -635 96 -896 877 -601 644 861 790 481 -397 736 -424 687 932 316 -21 -592 790 568 873 558 689 624 314 555 347 389 -319 -666 323 308 -366 -19 813 435 190 -867 954 -904 237 -492 -173 -908 22 24 499 -115 254 80 -289 137 -214 -544 194 182 739 386 505 870 -778 -144 -617 -440 708 -82 598 -590 -451 -477 971 442 -28 -951 692 292 -146 -550 -591
981 -19 810 957 -601 -28 -396 999 -667 -634 -324 -495 -570 -273 -684 20 246 -322 170 -2 544 -531 495 -871 -136 -145 -622 -439 228 -91 810 -798 827 333 371 404 294 648 575 740 83 -953 478 88 -392 929 424 -818 -956 -622 599 -951 -111 243 210 -534 -330 611 932 55 -823 -417 924 714 -190 -525 -531 -599 730 813 693 -19 114 -838 698 -911 -240 -593 576 -39 -956 -490 504 492 -7 -477 467 928 -504 -750 -268 -239 678 -609 -381 -19 -147 -782 -259 175 56 -267 825 662 -169 627 -971 801 755 174 -289 905 -981 397 -975 299 -307 -303 691
-112 785 -718 564 187 -961 -326 995 15 865 94 311 762 -206 261 639 -526 -266 118 68 -853 -429 242 218 370 493 891 -571 41 192 -400 -791 958 886 6 89 538 8 788 -815 -412 1 443 559 -721 -641 -144 -724 695 -142 -168 -775 467 263 -577 116 -281 -386 36 -534 938 -378 -923 886 -418 459 834 -168 -143 -394 -688 529 719 195 509 218 306 80 203 244 759 -911 940 890 -770 -592 872 -78 494 -463 -179 -397 -142 -108 -957 -79 -588 148 -598 851 293 476 691 -586 102 905 -39 -790 262 219 186 -326 -872 165 -955 -215 -337 -828 162
-616 -391 316 856 -316 -186 -579 767 -404 404 -28 115 304 841 751 -111 -284 -293 -455 65 228 -49 883 32 -493 300 -13 -663 -884 651 374 -256 377 -530 241 219 -175 -870 -651 -531 -341 -782 113 -929 -79 209 433 237 129 148 -44 939 109 -846 684 -462 626 120 319 -612 -331 -619 -246 -889 601 575 -956 201 318 -79 96 -48 307 930 -419 -924 604 754 -760 428 -898 51 -559 -438 71 -430 -341 628 571 880 956 -816 58 -334 -156 123 269 689 -37 -298 238 -641 -13 -723 375 -9 637 85 947 -817 -521 866 962 -755 -445 -654 984 163 -542
-6 -572 -232 -929 -966 397 -987 793 31 1000 744 -456 422 -105 728 -719 -664 268 -793 -76 -970 812 -851 163 -190 -834 774 -915 -473 786 -566 -136 -393 -642 356 -276 -705 756 -446 92 952 656 -695 320 29 92 209 622 356 262 -988 -776 491 -934 143 -786 -527 -663 850 340 -722 -933 106 30 831 432 -456 775 -494 -478 -50 -686 -246 -922 581 -313 848 642 -210 -625 -42 -344 307 459 281 -336 -71 318 962 708 -251 556 121 725 504 186 -168 -612 -920 388 -537 74 -964 -419 744 480 -397 -815 -127 -885 274 -345 -286 727 -648 -382 578 -332 96
-137 -821 -634 -765 24 -930 -266 807 -881 916 454 648 -714 754 66 -960 627 1000 -78 -826 338 -170 716 417 -214 -725 934 328 97 -852 777 -25 411 -738 721 335 286 528 464 235 337 487 291 475 67 119 429 63 -937 -85 655 -606 -643 -318 393 -320 -68 -586 394 677 844 -118 674 739 736 -177 -231 351 800 803 281 761 980 455 -554 -489 205 -21 286 -691 942 808 748 26 -169 -55 902 642 -158 151 -858 -717 518 480 373 -377 617 -749 947 -954 979 443 -188 -604 -371 6 292 526 8 784 763 -420 346 145 -132 -332 852 863 279
443 -49 -319 718 840 -380 -430 -875 215 202 446 -701 183 938 -820 149 769 623 264 -751 325 138 892 583 291 -414 -582 164 466 663 -487 560 -576 23 -775 -568 583 874 852 982 -776 952 516 -884 -345 -981 587 303 -189 -705 130 416 288 -43 610 566 -973 567 -55 487 -711 -954 -359 502 900 543 -397 -891 -780 -68 -613 924 -690 214 -40 -926 491 -216 -438 1000 959 -305 648 -619 723 990 6 -324 930 382 767 826 205 -909 -27 251 492 -823 -30 -468 338 -19 201 -661 -901 -40 -130 138 453 566 15 -557 184 421 -386 85 -798 137 652
-147 275 -164 435 -272 947 787 304 -220 -117 -228 875 719 -809 -30 804 -393 -27 -605 -436 184 282 713 -627 -60 2 229 -809 564 -463 -118 776 -899 331 -299 -937 174 685 -246 -178 806 22 -663 -415 -654 421 -800 255 -444 -784 -982 820 463 174 325 104 207 -574 -143 -360 -603 372 500 943 -288 -339 -661 144 903 -689 -693 -413 -829 272 -778 922 -614 -831 472 142 -90 -305 209 779 -396 788 -179 -44 -937 -981 239 405 -259 895 316 -44 154 590 820 994 -976 -193 395 -429 -224 653 -187 232 -534 -49 -847 581 609 -330 -564 516 746 -686 278
150 866 -991 -382 625 -993 -891 -874 826 -129 -959 -253 -688 -995 -480 622 -253 210 -542 477 -593 199 -269 893 -103 -583 -390 816 -556 566 -997 -108 -544 -909 505 702 -895 -224 -196 38 23 -733 -982 284 -577 17 646 -744 917 -965 -62 79 -956 -571 -879 -974 -100 -78 894 592 -961 -917 706 635 -232 430 -234 -328 -408 819 390 352 -626 -342 -242 -156 755 -576 452 -787 -881 -975 -95 -655 -709 727 717 865 -316 -48 582 -400 -72 654 589 -385 -447 -441 -179 -317 939 -755 -167 -793 -988 -168 -256 205 591 383 464 -624 708 -602 996 150 952 754 507
161 -988 -617 -41 612 885 -846 894 275 -737 -878 657 115 -146 753 167 48 731 97 117 -178 696 770 -612 -457 -984 -288 -97 -654 -130 -599 527 -155 -608 939 901 -223 599 -4 187 -164 -538 515 -409 76 421 -636 -187 -513 57 -710 -480 792 -479 684 -51 -540 -656 50 324 -470 -190 80 -820 944 524 -895 258 218 -875 -369 -410 -722 -37 703 562 835 -381 -38 999 -536 705 101 -826 -975 -785 -590 167 379 814 -785 890 -127 -809 812 -488 -793 -51 491 -172 -12 -495 -464 -444 732 144 184 -282 971 93 -395 -655 -546 -953 183 441 -580 -250 -713
-402 706 -24 -419 -670 123 -606 -671 85 350 309 -738 -17 -655 -689 -205 -423 -100 411 883 -536 -840 438 12 -105 87 -545 -76 736 125 202 -240 262 -677 320 -769 738 -852 -969 626 -424 553 410 127 -874 -89 373 -597 -55 112 591 244 907 863 35 -255 -323 453 -243 129 636 392 910 -16 883 795 -676 408 -274 -295 601 68 -378 -773 -241 -320 -371 809 -539 -180 232 461 176 -641 -636 51 344 984 -826 364 -315 -704 979 -366 -729 -404 521 710 -17 318 -40 -491 -514 106 209 89 439 -906 -519 908 819 651 -183 295 450 377 -442 -808 -199
358 -616 -878 620 -713 -599 782 -72 999 -836 544 -243 -124 -281 -988 135 441 254 -441 -935 -506 61 -302 597 220 -638 17 -487 -188 693 -77 -231 -817 -331 -423 -28 696 -319 257 -810 -666 -289 -36 251 -482 700 299 363 501 -95 57 -778 562 94 -190 172 866 -250 -463 -567 197 758 678 204 -362 19 -457 627 857 -881 -227 -507 668 920 767 -773 143 749 333 -580 -288 974 -429 595 320 -977 621 -257 -751 -152 -391 55 -943 -948 -745 264 0 -476 -98 -276 956 248 632 -615 -242 -263 30 435 989 526 -434 -289 -607 264 584 -123 -942 -956 -488
96 319 -483 606 230 -262 -996 -614 -321 880 781 -174 36 -569 927 -730 725 736 -105 762 230 -773 97 -286 759 426 -379 573 -945 -18 -510 808 996 -419 -694 -893 -998 517 -199 -351 -218 507 866 -7 -611 -932 776 457 -819 69 7 138 -344 269 -403 782 -375 911 408 -954 -507 -346 -948 -944 351 802 -367 510 -377 615 -281 -62 -112 -396 -825 789 -260 -447 344 -585 -537 449 -197 -656 269 951 -909 549 889 661 580 -569 -613 208 711 5 804 -465 -41 401 -127 -686 -85 -688 -318 496 -272 -69 -58 904 962 -541 85 -103 232 -175 -471 269 -71
123 -694 -96 430 -717 -987 -641 -442 858 -56 555 -448 657 -660 220 152 -944 960 626 -143 -577 -546 359 -421 -271 -180 -911 50 801 177 -781 -701 -155 -559 131 923 399 999 182 -83 691 399 -185 -928 -46 -67 151 -189 -764 -867 191 302 -667 808 -95 -314 934 -449 -228 -84 -828 583 -51 740 -42 -254 675 701 895 -554 -709 417 388 -452 682 330 408 -409 473 719 242 574 58 -70 688 -744 -743 -72 -603 -413 -466 -196 -947 -79 -209 800 -718 784 611 985 7 308 -175 -699 385 308 -970 644 870 -531 -123 -32 749 -761 520 -21 357 -718 -27
-956 -398 140 13 277 -62 530 -930 -820 301 848 -313 547 635 983 -453 -194 991 -6 847 65 705 789 -866 315 794 -629 797 -493 456 299 984 -802 337 -387 -86 954 -107 -658 -916 667 364 -282 -251 927 718 322 -593 255 161 259 250 372 -723 -957 -342 -364 684 79 892 -216 813 981 -714 -597 967 59 667 257 -261 745 222 209 482 757 -930 -383 -235 -727 144 -612 -500 -893 -837 -925 -786 -23 380 -403 423 214 457 828 535 -874 -77 750 615 -614 52 -596 -441 376 -344 -701 -701 -30 137 -516 692 417 -638 58 -286 222 -347 224 -25 -820
-745 924 751 198 -951 532 524 625 -286 668 -650 141 232 976 895 -227 -2 212 420 -15 -505 742 687 -228 -887 45 -295 -921 876 704 366 -447 -303 469 681 721 224 -300 -914 -390 -423 -424 -74 -359 -708 802 -491 -866 597 -567 -969 533 -113 818 569 800 777 -297 -651 835 901 167 533 859 77 -309 424 171 -975 -800 610 421 -597 454 -579 -974 468 -76 -754 926 -689 581 115 -973 210 -413 -824 -512 566 622 616 -875 916 -855 320 334 879 482 816 -246 -928 -852 -181 -554 716 -725 -706 715 -877 955 813 193 -703 -643 -167 -722 823 270 -594
-944 -380 -186 984 -190 316 570 -539 -274 331 511 -458 975 819 -148 143 82 -816 234 414 793 -115 875 8 -981 -912 915 -193 -36 448 -424 -577 -140 23 -974 -952 926 -894 -994 950 -833 741 -203 -388 -223 -613 324 -464 860 75 664 31 976 -233 -857 401 144 -562 686 -377 766 993 803 -367 432 819 774 908 60 137 105 -807 54 849 -728 72 -622 766 -873 -509 -489 865 632 71 -973 148 -443 525 741 305 783 936 843 223 308 806 -968 -756 551 -295 -79 294 -689 160 997 -301 461 -226 119 64 923 556 -23 -730 -482 554 55 41 360
336 -883 699 461 387 -907 -370 223 228 913 -394 344 -798 -191 -596 83 -625 82 415 792 -864 -572 100 402 798 -187 63 -257 442 735 -22 99 654 859 914 745 126 -783 -431 -520 -195 94 -267 -147 -53 224 -608 -405 156 656 905 -805 52 908 -401 978 -273 656 382 62 221 48 -582 -612 -118 -203 328 -311 556 466 188 498 -619 34 -227 907 -167 193 -491 73 -567 -797 -587 -179 -3 724 -747 -195 209 156 -408 960 -346 -930 430 -779 -775 -65 51 -768 -383 942 -28 67 834 -12 450 54 990 680 -432 674 -757 271 -297 495 -768 751 312
-792 681 -913 689 424 -726 -19 -647 979 959 779 565 -621 658 934 781 -242 550 -571 841 96 -207 -341 -156 -294 -74 -520 387 839 208 -622 127 -857 522 -212 -803 58 -821 -816 623 -550 368 830 84 453 -222 945 -86 -634 102 282 436 -177 963 668 -778 -26 158 771 941 -55 305 -95 -276 -178 -630 -553 673 171 -801 -468 933 -706 976 109 -557 203 229 -271 -608 481 6 -536 840 87 -631 -17 -470 936 -714 899 809 -57 -169 464 931 801 539 -108 527 958 490 -524 -801 -749 -910 955 -891 392 -529 -853 -110 353 -86 737 697 75 168 330
-349 468 851 59 -453 -857 519 482 841 100 -910 -729 -964 776 -450 -786 624 717 -485 107 32 592 -363 -366 485 -677 5 -741 956 991 868 495 -763 -96 761 -831 -888 -595 355 203 -78 -566 243 -220 -499 -68 385 -837 -483 656 831 -941 -697 648 874 -949 -116 -45 -4 361 -989 -424 -385 -862 -859 79 892 -840 722 140 -974 977 -287 -279 -398 336 884 -674 374 -670 794 416 642 -905 13 451 -238 -662 44 429 515 911 484 -727 239 265 -905 437 -784 -251 -18 440 741 -570 -182 -253 322 701 534 -573 641 -187 -359 512 -889 -455 408 150 -222
547 -248 237 -18 209 -367 999 215 422 222 901 776 810 928 886 -782 -881 243 -882 -376 -847 456 223 -681 -615 929 278 819 735 507 -444 -707 681 709 -809 209 276 0 613 -261 269 335 -27 -695 -179 573 889 -436 415 669 716 120 -865 956 -732 347 33 -636 404 314 -213 -790 -127 -9 -32 519 -913 559 -198 627 -473 432 -365 -179 -281 151 -575 727 550 87 -133 622 34 -922 732 -168 360 -223 -894 694 -1 -720 883 169 498 692 590 -415 -376 717 -983 736 610 -263 236 316 992 -842 841 676 864 184 151 -262 484 -907 314 -1 303
782 480 12 -628 809 266 844 -566 -55 -571 -601 984 831 452 -951 265 -342 -228 802 4 953 924 534 -260 -559 -266 -140 54 459 894 -44 652 869 383 618 -451 472 404 -265 318 265 394 958 -991 -551 975 -668 769 487 742 -592 71 262 -709 995 956 -583 -403 897 764 -118 -419 -723 259 -310 -574 355 951 258 -634 -258 -127 440 0 -838 457 590 -386 -605 -867 629 -193 541 717 -785 -533 -835 343 -911 256 148 874 -393 -486 700 329 817 813 971 -274 -693 -990 -651 -136 -53 284 -770 738 -685 278 -612 209 -937 -709 539 -166 -680 449 -502
-50 527 -158 -958 260 885 -39 423 385 111 -410 -233 70 919 -914 176 885 21 -782 622 81 556 633 -926 -958 385 285 286 722 -89 863 -356 -73 -714 840 511 -883 -502 -994 -527 751 999 175 43 -846 -215 732 -365 -49 -454 -843 -545 538 -275 589 985 755 -936 -934 491 -519 782 -677 -727 262 -630 -122 253 187 568 877 -610 -168 -3 -468 186 -88 -281 -334 -622 967 -162 -854 -411 -239 -582 -139 -732 265 862 -411 965 466 -701 -984 -892 -594 -721 -177 995 -864 244 -966 401 -224 901 35 729 -37 307 643 145 547 6 901 451 -966 -810 453
409 -345 -278 -349 929 211 759 490 704 179 -790 936 739 226 -142 -806 -208 9 -188 -746 987 46 -511 660 -907 -473 -91 -999 830 -503 598 -607 235 193 -435 296 -685 814 -655 566 435 906 46 -971 -95 483 357 -704 766 -262 237 -551 -907 950 -121 -89 -336 -538 879 -293 -487 -798 -562 -803 558 492 621 -392 686 -663 -972 958 -256 422 800 -23 -126 -136 -782 224 -497 -156 -380 226 -998 -296 407 194 391 612 505 -962 841 248 -526 606 -954 124 -851 -970 566 662 835 568 794 315 658 649 -294 53 925 -418 119 -947 542 -893 671 150 -41
231 366 294 -939 536 -303 -543 -155 -730 -217 787 -207 -393 144 122 -525 -169 967 -146 -390 -983 268 174 986 -466 -886 313 -82 -592 -201 789 -135 220 -358 -913 -118 411 934 -881 669 363 5 -697 -195 990 752 -407 -376 495 282 978 -564 444 189 -969 -243 388 -276 970 56 -209 263 -887 17 116 413 -589 89 955 364 232 428 320 820 732 -90 592 57 -169 -315 292 375 -372 -614 679 976 -908 -439 -571 353 582 544 754 354 38 677 -861 -148 183 792 173 -410 158 743 -919 920 21 -625 -719 160 -440 -80 202 -654 -993 602 685 -854 393
-732 -973 317 -303 -965 109 765 352 -569 206 524 319 -359 -571 -776 886 -607 -758 -187 966 -851 388 808 928 -901 149 -785 16 -97 -652 334 -151 160 -716 724 606 284 805 -436 90 76 391 -593 -387 -557 967 -633 -396 256 -536 47 644 -686 -497 166 -526 -933 698 306 -734 797 477 -992 842 -143 779 -390 -671 679 670 82 42 1000 -28 155 -953 -521 982 -473 812 310 -507 362 82 260 979 -3 -940 -524 588 719 25 105 -289 -538 -514 -3 204 99 495 -47 -84 -909 178 559 440 -62 -463 539 -153 -325 -430 -904 39 -518 884 518 423 -782
360 297 990 250 -902 -330 988 162 490 438 348 -365 748 509 -254 484 -600 772 503 -454 -130 -286 -691 519 874 889 -687 -221 -961 -739 -947 -712 84 -64 -409 -9 -184 280 -135 920 -429 -542 -819 -114 -358 287 837 649 78 -468 597 -411 -798 -400 -802 -736 -185 -97 71 -71 -153 172 -663 -156 122 987 -728 730 -217 563 -759 941 -197 706 -811 -631 127 59 -727 293 153 795 -154 -743 -190 -838 -85 -598 927 572 -435 -447 -322 -969 49 761 463 -865 -778 -729 28 -36 -558 -780 -281 45 279 38 511 390 -351 77 974 805 -466 -935 33 291 683
824 549 981 216 -675 986 802 455 -244 -185 -657 -298 -926 -149 -474 -939 -174 -789 662 -26 -102 -340 195 930 -828 -257 -50 210 968 -636 255 160 431 492 -866 26 834 719 770 -177 881 -714 945 522 351 135 758 297 827 -101 896 -87 -903 -659 854 527 447 -527 -647 821 -932 558 -382 -369 594 377 -101 665 -332 224 -806 303 -965 944 727 360 -925 -348 526 -144 -382 586 464 -31 -424 835 276 429 577 -329 -661 75 -328 -941 -191 811 582 801 -145 807 -920 801 830 281 -866 -327 -602 259 -688 -762 -300 703 -565 -578 -614 -493 441 356 -672
256 319 55 280 72 -289 -792 -785 217 -866 -362 816 330 -64 -329 -30 -879 -593 261 514 559 363 -798 43 329 -549 330 -95 500 -991 388 942 -341 876 532 836 -672 647 240 464 -83 591 -115 896 -826 658 -747 -357 -787 -526 375 190 -352 -184 252 504 -141 742 721 171 -586 37 54 514 708 -387 -383 114 -393 947 -928 937 -678 172 -182 -333 349 -320 384 -612 -849 -38 533 704 619 220 -473 349 33 -145 313 906 -81 391 702 161 204 325 -172 -889 -798 -409 395 925 -762 -966 448 -305 324 -336 603 729 -5 668 -991 -550 691 265 871
-896 -330 714 -76 435 578 -83 529 622 -358 -551 687 -409 723 151 37 208 -814 493 357 -682 -448 -588 858 391 551 -453 -127 385 299 -764 -272 -75 -280 477 791 810 -157 -391 290 781 608 717 -472 598 528 7 -365 -74 293 -457 -52 -883 -92 706 -366 -551 -988 731 775 120 -343 674 -777 -818 728 -631 -954 -62 -313 817 -59 723 -45 436 145 184 876 267 -856 388 145 -97 -344 -488 -204 -564 -394 -125 105 658 920 741 -432 -107 160 -623 605 -219 229 352 288 808 719 -542 774 -174 -993 640 -149 455 329 -995 -790 823 -529 619 -540 248
667 -871 -824 50 -728 202 308 595 -978 -223 857 274 -200 -856 -284 -639 -684 -864 -50 92 262 -109 482 271 665 -891 54 707 995 905 200 1000 -172 976 -570 719 -245 -68 634 398 965 -781 -48 487 387 -514 198 -30 214 385 -945 -874 -166 389 563 231 812 529 711 -423 -358 -264 500 514 -267 459 823 574 -363 -689 -556 -772 90 633 328 -794 554 854 -502 286 -117 967 -180 963 303 762 276 -157 391 708 257 794 662 -102 61 9 -189 -898 94 386 -742 166 56 -913 128 -391 -541 -797 -32 115 -764 -696 -297 -664 -934 279 888 725 -920
439 -451 402 74 348 492 -333 853 -639 -911 270 -240 -768 589 391 -295 813 635 -602 581 -285 667 42 -504 -202 413 904 -611 104 -965 -549 179 7 371 -673 -460 -717 -544 377 -142 701 132 398 -352 -885 788 -76 251 -615 784 773 68 -311 -227 -849 -102 -997 -943 985 -936 -137 507 33 617 -969 668 -432 243 386 -922 -114 -601 -349 511 -430 -364 -456 690 -846 2 -842 -46 -615 562 666 684 22 495 -21 -88 337 64 -517 859 568 -706 -725 781 696 157 -210 290 839 344 -218 -122 302 -371 475 778 -907 -686 842 -202 -842 -525 554 634 -221
