34
-903 853 -989 -471 -667 945 -761 -218 519 297 539 -268 -694 119 952 -854 -342 -610 -553 514 -793 913 -736 32 -328 -769 944 316 684 380 -135 -449 -501 -51
-365 -538 236 -913 112 838 -240 -812 590 316 -453 459 -747 79 627 -325 544 469 0 -820 -984 -129 164 -47 -84 -287 -604 742 573 -926 804 -861 -410 -228
-559 586 121 -879 488 867 -925 -214 -332 960 242 989 965 95 -131 -933 939 733 897 642 -991 657 109 102 -841 188 275 -793 -632 -581 735 -113 -405 246
-765 314 548 -807 -511 -558 -806 828 -702 -9 292 672 115 503 332 233 159 -337 -635 -701 407 -2 441 354 -353 530 795 778 -206 -766 508 935 -187 -601
73 330 -167 -120 225 273 586 -799 -717 242 -476 974 838 164 566 761 -125 -183 -561 862 -179 -228 948 -728 769 99 291 666 968 1 -382 380 937 -725
865 127 -277 -428 -834 -209 -807 568 -857 820 -162 145 -967 117 -561 -134 -201 -678 -904 589 999 -597 366 -773 791 971 -284 648 -707 459 -295 -657 571 348
79 490 -415 -763 887 -10 -611 -355 343 -570 685 997 253 983 -459 -491 621 923 -436 -495 -778 -763 -607 568 691 -593 -357 25 -18 -853 366 163 799 -107
217 951 -414 -47 396 -500 982 -666 -74 623 -127 -810 989 532 1 -279 727 -147 941 517 421 -762 266 700 768 731 -934 -398 -613 647 943 90 -984 -710
-642 -916 -202 -971 -770 724 632 37 975 266 -367 -774 423 -742 620 275 7 -832 -760 -744 637 -878 656 84 259 537 -424 429 468 172 -749 705 127 -437
-782 526 68 -778 -937 461 -101 504 -569 748 228 -557 254 -120 -583 -551 333 -364 495 -700 -370 -328 59 -205 984 -72 -174 -495 670 -433 -263 563 81 281
-357 -194 -810 426 -167 -557 994 574 827 345 -350 14 -555 549 -968 588 -267 535 959 475 184 -284 319 -659 12 -724 -196 490 -176 104 377 -501 488 658
154 -32 189 -864 -761 916 -847 286 -932 523 -272 455 -435 980 850 416 967 993 125 -127 -622 64 -73 -528 178 22 -904 92 -435 391 910 -764 375 -860
-677 -366 409 -383 -727 -777 -816 -894 -98 -909 -527 -463 506 -655 -102 -705 -995 -3 708 -731 886 531 133 -571 70 -330 -991 834 -414 -55 -911 984 -777 -883
-868 -902 -280 -184 -575 566 -572 -34 -377 215 131 975 43 -729 -498 -819 809 -897 -962 -425 -858 508 620 -153 -22 -384 -488 -907 59 482 821 -458 276 -446
-14 -347 -156 814 788 619 131 970 670 -674 -320 -817 -701 548 -139 -141 -366 -558 332 -704 527 101 -5 244 -269 732 602 -859 810 -480 710 -146 842 113
206 859 835 399 586 461 -302 -430 395 -534 719 790 157 -588 -441 422 73 340 948 -93 280 643 -745 -206 322 -811 -328 -576 -604 -30 -284 -782 16 994
438 -723 -177 -203 -752 -386 337 -116 728 360 132 -777 -640 -392 611 -180 525 -826 134 -591 761 810 439 838 980 -167 341 -286 949 -197 -447 600 271 697
950 805 -465 776 -683 -407 -783 157 30 960 -814 252 -708 156 80 673 999 193 -819 -774 253 204 19 95 -854 -655 753 991 291 -97 -957 760 -909 -190
-719 419 317 -154 366 889 -352 -910 224 614 -232 184 879 -167 289 984 -170 -411 -41 -996 391 471 793 963 -245 -541 795 781 -857 494 -437 -176 -422 -670
-453 -635 -173 -606 765 690 751 346 157 -123 -401 193 776 -935 -87 94 362 904 -171 -332 437 126 -808 812 -803 -731 -803 -243 -879 482 -929 -933 324 252
387 793 -935 -428 -318 -692 -595 -555 -539 205 446 -550 -327 10 -934 950 -718 -965 946 708 683 -532 317 299 -293 -469 -7 142 659 976 684 -146 -188 340
280 -724 974 -193 381 526 -300 290 -423 -899 -725 -66 27 -7 -800 -801 181 -230 -583 536 415 500 755 -52 391 213 -821 -106 87 95 -839 854 -65 -915
-953 329 -127 -141 383 67 972 646 978 -148 640 549 -891 884 -880 -813 805 788 6 274 -725 595 -304 -114 -341 -479 -472 -509 -474 -44 -447 -389 -464 796
-211 120 -68 69 -228 -486 -717 -423 -626 -690 -445 -161 554 -124 -748 -972 199 59 -794 -380 -233 -101 438 -827 964 734 415 -511 578 940 -579 -786 548 881
557 -133 -741 -611 129 -775 -359 377 -672 627 740 545 -903 -548 134 -718 -201 -892 -255 -928 624 454 735 612 328 -671 -649 450 3 785 748 -333 56 -375
463 -909 177 640 85 552 478 309 -956 -835 265 -656 -746 907 -940 198 -432 467 414 -584 -51 202 -443 793 739 497 -970 -70 775 -384 704 -172 700 -465
-842 641 422 657 -445 280 893 -563 199 99 -499 -854 256 238 -422 -874 -956 879 -671 339 10 -164 938 -225 729 317 -838 -882 616 671 -908 118 -411 -78
271 199 -79 576 -349 85 392 -453 -963 403 -658 977 -110 -82 -395 238 96 771 -388 335 -128 526 513 734 -392 -64 -730 95 557 -933 -799 934 -107 174
-882 -238 -422 920 -448 -998 731 458 -892 -973 -739 -98 -506 603 238 -818 541 325 -534 146 -47 -559 374 362 317 -633 -54 -76 511 256 -900 410 -211 802
295 907 770 -746 -197 164 101 183 -738 683 778 -568 351 -456 770 914 -133 529 -402 10 825 160 -623 -340 -176 -254 -669 -42 -872 -497 -607 290 333 530
274 481 240 84 -891 961 -999 217 790 -805 -425 -842 -929 155 -329 956 -181 941 691 534 70 528 881 -660 768 -806 -260 834 -496 -104 897 272 -171 -208
-208 958 -168 581 -734 -565 637 -698 745 -150 -200 -412 -621 634 221 -643 -104 945 -32 -966 -845 964 -758 689 -706 341 -707 104 357 -950 -225 935 653 502
-654 -424 637 -138 52 -642 -358 922 -846 -849 737 -291 7 592 46 243 547 -773 713 -401 -730 975 -432 270 364 645 607 -653 659 -134 396 864 -185 254
191 -674 -658 615 510 -695 367 -398 264 746 206 -392 -825 898 -590 -999 312 864 504 -360 727 -384 960 -429 -93 -287 565 605 -944 304 811 617 -772 902
