14
-981 743 -687 -549 322 188 591 -309 390 324 35 0 -514 -316
-950 -129 474 478 709 980 676 410 -523 -145 978 559 582 637
-148 737 -139 802 500 436 -641 433 486 670 184 94 62 -469
-827 746 -719 746 -266 -338 665 853 371 19 -864 958 -286 110
344 -748 -749 -871 84 -251 -520 732 -857 381 132 -197 -185 -995
974 -407 493 -201 802 -294 -756 166 964 22 -996 698 -62 201
-382 480 -634 295 734 -399 -652 -739 128 -223 278 962 -233 -41
-254 973 216 -451 -524 736 599 365 317 -830 949 123 824 955
-153 -622 901 40 -834 454 900 -946 456 41 687 907 -877 777
740 -536 -535 -250 558 779 157 625 79 -440 -912 -144 508 999
-593 -545 373 610 -867 -544 -449 -123 -615 595 -512 -360 156 -656
839 968 -607 593 853 785 161 333 124 -456 -294 943 754 628
603 -187 -543 -515 302 -764 15 397 -477 -55 -555 -396 37 -21
-897 279 236 -228 -337 -600 -834 685 -851 112 434 369 -833 985
