27
-534 945 -55 -291 -368 866 -584 -521 -128 27 -318 541 -991 -900 200 520 -286 -636 849 924 -146 348 991 -369 34 -463 508
673 -843 -899 -334 -820 -842 177 969 777 164 17 316 -916 -250 140 -155 366 -149 374 -601 -955 155 948 42 82 -787 -653
-240 854 -590 565 790 434 -114 -743 311 249 -985 133 -326 68 277 387 108 -637 458 -826 -792 635 -293 -872 -381 -656 972
209 -460 128 186 230 -192 393 882 107 -220 72 -513 -922 539 143 -31 -782 -464 418 -168 492 845 767 -673 78 -303 295
966 -714 -447 -691 696 18 -139 -582 684 -246 -493 -69 -442 -551 713 -360 109 -86 -189 -703 248 123 -787 823 913 208 -845
772 -981 -985 -588 824 -16 -124 -76 -719 179 393 272 966 -875 -765 -227 32 227 -749 249 517 972 119 275 -301 736 933
-313 -186 771 259 401 886 193 -26 931 -209 956 294 -62 -562 945 -646 490 325 -215 261 33 332 811 428 -695 -619 654
-478 -545 -295 605 403 209 -749 787 361 381 729 389 606 132 35 -737 431 845 378 -778 -903 214 238 829 308 -763 -45
260 936 828 73 714 31 859 471 -461 793 175 852 -268 -170 -679 -415 603 996 730 -10 -484 -379 -374 -616 742 -197 -728
899 -795 323 299 -742 -640 -308 -490 -184 -382 418 -758 754 -474 -900 758 315 -597 366 -694 803 759 -101 -903 -723 600 -390
-931 -132 -779 -524 660 521 -124 584 -521 147 228 747 -484 -444 938 -401 -95 -900 -534 -161 -135 61 555 372 -236 -574 -179
-569 -954 -420 358 948 -151 -774 439 935 -290 -828 -434 277 -673 -620 725 378 -576 -878 -713 -486 420 763 -45 710 -308 -899
-791 382 -566 -862 -479 413 996 -538 -949 -11 -636 214 -479 -328 -181 71 -216 416 -522 192 -346 300 729 54 621 135 151
818 -75 390 -876 -16 -392 494 994 103 471 512 295 -448 -614 482 448 500 293 -789 -178 -409 -586 -229 911 443 74 -555
488 995 -65 666 318 -811 644 386 -332 -294 -803 -23 -434 805 259 101 -669 -339 968 256 370 89 -280 -906 -900 583 -709
-805 -289 -86 -489 -246 2 62 -670 -650 -964 -360 -187 -977 -928 750 -101 292 371 320 393 447 -147 386 505 593 -51 216
-50 842 583 -291 940 -203 633 591 511 -418 -116 -934 -183 289 550 -145 538 896 -484 209 119 -543 132 125 173 898 -328
995 -161 -934 599 -347 -916 781 -523 922 -4 -37 -413 -368 568 885 -150 124 89 973 -688 -641 -408 -950 -611 -729 693 309
215 798 -236 -285 -423 980 -847 -706 -510 -348 -332 722 586 -107 -913 -702 -545 -801 -427 -444 910 472 85 -448 -322 -534 -397
736 -379 -269 -440 -956 -130 377 -400 -587 626 8 -127 -429 -653 -999 -197 -610 -984 -944 459 -707 242 -670 745 -113 -418 497
-718 -260 563 -90 -64 726 443 282 740 705 510 321 -522 -484 -583 243 -893 -292 -578 904 -970 -652 -523 -752 753 -382 560
28 42 297 -451 -852 259 -650 -876 -986 337 -31 -256 880 -674 146 683 650 202 301 -383 -101 -99 -548 -73 -730 823 -264
244 -152 24 436 -563 -671 331 -682 -305 557 45 354 229 190 -612 -444 922 424 778 -902 648 -247 -255 652 -881 -30 -512
73 -591 -250 579 -193 -854 334 770 -602 412 470 -432 -582 -279 -72 611 -860 -934 -125 771 164 -836 279 347 -340 490 -864
-275 -276 981 -147 -158 917 -655 -36 -609 252 553 -365 -205 -626 419 333 461 266 -835 48 458 -512 599 247 828 -380 -214
401 -714 -450 -634 -923 995 -799 713 143 -377 -266 859 828 125 52 167 -978 -16 734 -220 284 -347 -870 -670 9 277 -967
-65 -368 -199 -56 89 -695 590 -590 -82 746 -696 -289 623 557 -862 -386 -285 826 -701 -534 -489 785 172 -564 756 -74 -194
