72
57 21 -94 -79 21 -84 25 67 -13 -11 -82 -72 69 -34 -98 42 11 -53 -93 20 -59 -75 50 85 -22 -9 66 -61 -31 -97 76 88 -67 28 94 99 45 74 -62 -26 49 32 -28 48 -23 34 -72 94 -41 -80 65 42 13 -62 39 88 49 -34 48 -71 -67 -48 86 30 -54 -36 -47 -45 29 -13 52 -3
-38 8 58 -87 13 -2 -13 -37 -33 24 2 -32 5 44 46 -24 -35 77 -32 -93 42 -21 20 -73 6 -15 -80 27 -65 19 -87 84 -38 -6 -83 -23 4 -58 20 -28 -32 31 -32 -40 -70 -41 -5 18 82 31 -1 61 -51 21 -24 94 13 -25 -90 -24 32 15 7 -51 6 42 57 -13 100 78 -27 -2
-11 32 7 -17 24 56 -86 -47 -3 66 64 -5 25 -31 -89 95 34 -47 -81 -17 -60 -71 -32 -26 49 68 -71 -86 -9 59 99 60 51 56 60 33 -61 33 -9 1 -39 -9 -64 -55 -52 -37 -59 -25 -23 52 49 -38 94 -49 -94 3 -1 3 -54 36 49 -33 -94 43 4 -29 -30 50 -50 24 -18 87
98 53 75 -37 48 -89 -89 -55 -82 3 37 70 92 99 72 71 100 -20 -41 -29 -64 64 15 -42 -82 92 -90 22 -1 -96 -21 6 -35 -58 60 -19 -70 25 -57 -70 21 -20 2 -34 32 43 29 94 -83 -86 -3 20 63 81 84 65 44 -8 20 -87 80 -83 -37 19 -51 7 23 83 -26 -19 42 -83
83 64 -31 -24 71 -46 -9 -11 -11 18 -49 -61 -31 -10 78 -55 -69 -45 -97 55 -83 67 96 57 -66 83 -39 8 -40 -48 -11 -57 11 -82 41 47 -28 29 33 -73 -80 32 -86 20 11 67 -38 1 -67 -16 27 99 100 30 -1 84 -99 -81 54 -38 -29 -43 -22 99 -86 -88 -4 70 77 46 -17 41
-85 -81 -15 -61 72 -28 -70 -66 -8 4 -98 -13 47 -85 -76 -79 68 63 -95 -45 -36 -17 -33 -59 -6 75 -58 -13 -36 58 -59 30 89 76 -87 52 -82 37 -28 -13 88 -77 49 73 -29 -36 -36 -53 97 46 -49 -88 71 36 -58 74 1 50 -36 64 -10 -66 -33 26 -42 -21 -34 51 87 11 -86 -84
95 -24 -46 -21 -20 47 1 -9 80 81 -61 -2 -72 56 61 69 -85 -30 33 -53 -41 61 -80 -54 38 24 83 35 -80 -79 2 -10 -77 -56 5 91 94 -25 -7 40 27 20 -31 7 66 -59 14 26 66 31 -62 38 -86 59 -18 89 94 -2 -4 -22 -75 67 -42 -60 -49 -66 21 -58 -28 96 -2 42
-88 -46 -49 -64 -45 -24 -97 62 28 37 51 62 93 12 4 -84 49 17 54 2 82 21 36 -37 88 -88 -41 80 -84 -26 -98 18 50 73 -66 -83 85 -50 -53 -4 -68 -41 -97 31 18 100 -58 -58 19 95 45 -79 -13 35 87 78 9 72 14 -67 -56 69 11 -21 77 42 -91 73 4 58 5 1
-18 49 50 69 6 96 96 -12 -63 90 28 -71 27 -7 -78 -95 -66 -86 -89 -39 -75 50 51 90 -66 -76 -98 -6 -82 80 -85 16 63 -71 -55 84 -60 82 -90 -96 -50 -74 31 -97 -49 60 67 81 3 83 54 80 46 96 -96 90 40 49 29 27 -83 -84 -40 -82 -30 -87 -56 -16 -14 16 -43 73
14 -15 -77 -41 75 31 77 33 -20 71 5 5 -24 99 32 -17 -89 -35 23 -57 23 -94 -1 -2 19 -75 82 -92 -30 -3 39 96 -35 45 -20 -83 18 5 52 30 62 58 -85 -50 -16 39 86 -98 -64 -83 7 -76 -74 15 78 -36 -18 11 -20 94 -87 85 89 -13 88 14 -27 -75 50 -92 75 -85
-84 31 -46 -10 -24 -80 -43 -46 86 -3 -70 12 -26 45 48 -67 16 13 -87 56 27 -67 63 -50 -62 -30 83 -13 -19 -24 -48 -52 19 -85 22 -56 4 74 75 -40 -19 49 -44 84 -35 -94 65 -52 84 7 -42 64 -52 -1 -99 -12 -57 59 -47 99 96 -53 -2 -18 29 73 12 17 58 74 -21 -61
-95 20 40 1 37 -79 5 53 7 -33 -26 16 7 32 -32 81 -4 -19 -84 88 -18 -86 49 44 48 62 -72 54 92 -78 96 16 -41 35 -46 -43 99 46 48 29 -61 -1 38 61 25 -43 -30 74 67 85 -97 24 13 -62 77 -77 -64 -74 77 -95 -41 96 -8 66 66 -46 -1 29 43 -35 37 24
22 99 -79 -53 -10 -55 -48 -22 26 71 -17 69 15 -42 -2 -10 -1 -67 -88 -81 -65 7 78 77 -82 100 -85 13 -39 98 10 25 -85 -87 -76 78 26 -40 -33 53 -91 87 80 -51 81 82 -80 74 -61 -66 92 28 80 -69 -10 -98 88 46 -31 8 48 50 -62 12 15 3 3 10 -32 46 -79 -8
70 56 -83 -86 -89 -94 7 -14 -33 -2 -99 -37 -99 56 20 24 -86 44 14 4 46 48 49 85 36 45 -47 -21 54 -40 -45 -25 -77 71 2 89 -11 -22 -9 90 -17 -88 73 -22 11 -21 84 79 2 73 -99 44 77 -17 28 -47 -16 -92 18 -20 -82 -72 90 52 48 -48 -20 38 -42 -10 20 -73
88 25 41 -20 70 -10 18 -24 100 26 -21 99 -63 5 -51 76 -97 -12 -5 -93 -19 -20 0 69 55 70 -26 -75 79 -53 -38 12 29 37 -68 36 34 -1 -14 23 58 -22 35 -17 48 -2 -15 65 -5 49 72 35 -90 -49 -69 38 -74 -90 -99 58 68 -68 29 77 42 -9 35 -64 34 1 -48 46
90 30 -14 -94 28 -92 -12 -84 82 86 -68 -49 -65 84 69 50 -24 11 69 49 89 45 -47 -89 92 -28 -75 -38 -28 80 56 -53 71 -14 -45 33 58 -76 74 65 23 -56 -53 -44 58 -14 60 -35 -79 26 -47 29 -87 -14 -29 -75 -67 40 -4 40 18 56 86 -78 -90 66 -13 -24 54 51 -97 -3
-57 -5 -78 -17 84 -22 -70 28 70 47 62 -20 90 7 13 20 -13 30 60 -20 9 69 62 62 74 -71 -82 91 -76 68 0 -76 52 90 -59 50 49 57 13 -22 -6 -2 -89 -55 78 64 12 -73 42 -21 58 11 -60 -92 92 43 -41 -36 -26 14 -97 -45 79 -95 -76 58 -49 42 52 -44 80 -52
1 50 1 39 42 90 100 -29 -4 83 17 -55 -23 -80 92 -58 -31 70 -22 -59 -3 44 57 -96 -61 22 -35 -93 -85 62 54 -35 -81 -1 55 -69 65 -89 -14 75 -49 -31 -98 34 10 -28 -37 -78 21 100 28 4 24 -69 18 38 51 35 82 -7 -88 -29 -43 73 -63 19 -42 -55 -39 37 72 -53
39 -54 -19 18 -60 94 -5 -44 -83 -38 88 95 -83 28 -89 38 -54 21 51 47 -57 23 -72 29 -38 24 97 -74 20 -1 91 40 -74 34 49 52 75 66 -87 31 -48 -29 -36 -15 -97 68 -86 20 19 -33 75 3 38 -42 59 92 78 -93 69 4 47 1 -56 85 2 -92 79 -58 -94 -62 -31 23
-33 -91 -39 -72 -36 -66 25 -11 26 55 -73 -24 80 100 34 19 -78 87 -75 64 22 31 49 -1 -50 -19 -46 35 -17 -45 -80 -95 -32 -63 53 -34 -42 -27 -98 52 36 -26 59 -39 -24 78 64 -19 -39 41 -18 -19 -76 30 4 57 6 -7 46 -10 92 -94 32 -56 -90 -74 -68 40 90 -81 -89 -42
-76 -29 1 84 -5 -42 -29 86 -65 -19 -61 -39 -81 64 -13 -1 -17 -61 72 52 6 -30 -2 -95 -91 -74 97 -78 -21 -64 -98 -18 86 88 32 83 -91 74 -66 -13 -40 -74 97 79 1 67 100 -98 -5 -80 44 34 56 7 -25 55 -14 93 1 -87 31 42 -7 -23 -9 42 10 -21 -23 -91 -75 -65
89 -39 76 34 55 -70 25 73 -71 4 -11 26 24 77 21 38 -97 97 -81 -25 -96 42 42 90 98 -68 -93 56 13 83 60 -81 -75 98 -1 -32 -20 9 32 29 -70 82 -16 -47 -56 -88 -90 75 19 -12 -24 56 -21 53 -81 21 67 -5 -72 -26 75 -55 -65 -98 -96 -75 22 -85 78 -68 68 -75
68 39 48 67 37 20 4 -95 55 75 -41 74 36 -34 27 79 78 -69 -11 65 48 -39 -14 96 -57 -3 78 96 -57 32 8 29 -38 38 -62 28 43 78 -99 85 49 -47 -23 -24 63 17 -95 43 -88 87 -59 37 -97 -87 -79 -14 -75 22 -37 36 36 55 26 10 -48 -44 66 -41 -43 -32 -29 -6
76 -61 1 6 -65 2 -57 93 -92 12 93 -26 78 35 -64 -25 -90 94 -16 -47 -7 -73 -91 -57 -69 13 27 -22 -55 16 -12 45 -68 69 -36 55 -15 -19 -24 -46 14 -98 80 -1 -81 29 59 -52 62 -90 18 -36 -79 -77 37 -47 45 -99 81 -80 -95 33 3 -56 5 -22 -10 -15 73 39 96 -66
98 -64 -62 -34 -97 -53 7 12 -30 -59 -84 -15 50 -1 -27 59 -59 15 -47 36 -14 -1 -5 -94 -44 -17 18 46 -53 74 -22 -61 -99 -1 -79 -19 -46 63 38 76 -19 37 -85 -21 30 87 -45 -39 60 88 -10 4 32 87 74 76 -76 55 76 -5 -61 -84 -12 39 -86 -17 -90 98 -12 -82 69 -25
51 -21 -94 -56 26 31 -54 96 -32 11 29 50 -66 -37 67 5 -86 16 -63 20 4 0 1 6 21 -13 -8 -65 16 -11 -80 -7 9 75 -42 75 -63 12 -2 3 76 69 82 43 -79 -95 -62 -26 -64 36 69 -26 -77 -30 -59 -13 -45 0 -87 -23 -77 38 92 -25 49 0 -62 95 57 48 -77 31
4 66 72 83 45 -76 -86 85 92 23 43 -5 100 54 -44 26 79 58 -51 -60 -15 -57 -37 12 -15 23 11 2 -20 -63 13 -97 84 -50 92 -74 -42 16 -71 -11 -38 38 -1 95 3 64 -62 0 53 -84 -87 -68 -58 -5 66 100 -35 36 100 62 -17 18 32 64 57 -52 9 -96 88 -39 74 35
-28 53 55 -96 67 53 35 64 33 -29 -88 -35 -3 -58 -98 -36 -81 -78 -94 -40 -90 39 48 45 -50 81 -45 69 -2 59 -23 -46 96 24 -4 49 -7 -88 75 -89 32 11 -33 -85 -4 37 1 87 -27 6 33 20 -83 36 -47 58 -40 96 0 97 14 58 -22 23 -55 -46 -28 94 -15 -28 -90 -64
-75 63 10 -6 77 26 -96 74 99 75 100 -41 47 -34 95 -4 65 -10 49 -96 57 19 -15 5 -77 -72 -21 -46 -41 39 80 -41 -28 60 -60 53 37 27 -24 64 -5 63 47 75 97 95 22 86 39 39 13 -19 62 -79 -70 64 27 -50 -76 26 -9 45 5 -79 -62 21 -63 -38 -73 51 27 -26
19 -53 47 76 -89 69 34 28 -59 -42 -35 86 56 8 -87 -75 12 -73 -92 43 100 -32 -15 73 -46 80 6 -37 -15 86 55 -1 -74 -74 16 -80 77 -93 31 43 64 -8 -72 -99 -46 -20 -86 -17 -38 -32 71 95 19 -67 -63 92 -48 -97 -65 -42 45 -8 47 87 -24 -46 -11 10 -50 77 98 14
3 25 -80 7 -63 -87 -63 -14 -7 36 -49 19 24 17 79 -59 40 38 -9 -3 80 21 78 75 -10 52 99 -51 16 -17 -99 -78 34 12 -7 64 25 83 90 -5 -90 -96 -21 -37 -1 47 -40 -48 87 42 -77 85 38 -22 82 38 75 -17 53 7 93 46 -51 -62 -71 38 64 -27 94 15 9 -26
-28 16 13 59 -85 99 -56 18 48 -73 6 -30 -78 -63 37 13 99 41 15 -70 26 -4 6 51 -3 3 32 64 43 87 -29 -91 71 7 9 39 1 -63 -28 87 15 97 93 -64 -39 16 53 91 -62 -85 -89 28 -94 -57 -35 56 -63 -18 62 -3 45 -39 34 55 -44 83 -36 -13 -19 5 86 25
57 11 -45 -29 -49 50 -3 -36 69 -20 -98 -1 -5 -22 76 85 17 52 -58 34 -96 64 99 69 -50 -67 -46 -54 75 51 -13 -18 -47 -86 77 -17 -32 99 41 -3 -65 22 59 -80 71 97 -64 31 49 -95 27 2 -56 0 -38 13 73 -60 -90 66 47 -24 -48 -70 3 -39 -2 87 0 7 -52 -87
-92 -74 96 51 19 96 46 -23 14 -32 26 97 49 -34 4 43 50 98 100 37 60 -9 -25 96 -21 21 59 -79 10 50 60 -43 -23 -1 1 -12 67 -5 40 72 51 -74 70 -70 -10 36 -69 -39 -77 -76 42 41 23 -45 30 -84 70 -22 -17 79 -28 -55 -4 -52 -79 30 -21 23 -62 -50 -20 -1
68 31 59 3 -36 64 92 86 18 5 57 64 -4 -62 -97 3 -97 59 23 -65 64 -41 -8 34 -80 -49 97 8 -82 54 -52 -54 -74 -74 -81 78 -49 92 44 43 -13 -46 23 47 31 -56 96 -96 -54 62 38 75 3 -73 52 -68 -46 37 -16 -6 89 -42 -2 -26 20 8 3 40 83 86 -11 -50
-80 -73 24 82 -21 7 -53 95 76 -4 41 -24 -88 -89 -12 -91 76 53 28 -37 8 -6 -76 -66 42 -7 37 37 99 81 -67 -85 39 95 -25 93 94 20 78 21 95 -52 -28 -70 12 19 -68 -94 33 -13 56 53 30 70 -76 79 52 84 -63 -87 -44 82 -50 29 51 -89 -95 44 26 28 11 45
57 40 -62 93 -52 -19 -24 -50 -99 90 -32 -18 1 94 81 76 -81 30 -29 40 -86 -53 -90 -72 -16 99 25 -61 28 -22 96 68 -58 -36 39 93 50 10 -68 -75 37 -9 41 -72 -37 -2 -10 9 -26 -54 -43 -82 81 73 23 -16 83 -18 100 78 55 -78 -80 -59 24 22 -39 -10 -78 47 36 52
76 70 23 -88 73 -69 73 51 -19 -74 94 -65 45 -39 55 -14 47 -67 -66 97 73 -88 -66 61 -83 80 81 36 66 15 52 -58 -98 -38 29 58 31 95 53 -3 -79 -5 80 95 -47 14 -56 -22 -88 -84 90 7 44 80 -48 -41 -96 87 -83 -70 -76 -34 -64 -72 15 -32 72 -30 -80 -88 -59 -60
-99 40 -33 -47 -70 44 -8 -93 -13 -58 12 38 -3 39 9 7 -82 94 97 94 -67 -40 92 -19 -76 52 51 -28 66 -87 79 51 13 -97 -40 -21 100 55 18 -87 75 -72 65 48 72 47 13 82 98 -46 24 18 65 49 84 -71 32 73 43 92 7 38 -58 -58 -75 53 78 -41 91 76 -87 -7
-44 62 60 -30 64 6 -16 43 72 -89 15 -12 43 -35 53 -79 39 -76 -45 22 -36 -52 -10 2 -70 -59 -18 -61 35 -27 43 -58 -38 -29 18 -88 -54 71 -50 -89 60 -72 -87 86 65 65 81 9 -34 9 -24 13 -51 -83 -5 2 7 -35 12 1 -25 -48 -85 76 90 100 79 78 3 -66 -14 25
75 -54 -93 21 -91 16 -43 -93 7 -93 85 -57 5 31 9 75 56 -26 -61 -10 -52 71 -91 -64 -25 93 6 24 -60 -73 -62 85 80 -63 -96 85 76 -2 -50 -43 -72 95 63 38 -7 -3 100 -40 42 -73 -32 -82 -26 16 44 14 -51 -71 76 10 44 54 9 88 39 88 53 26 -78 -49 -74 67
-99 41 17 55 53 3 -8 94 -41 58 -42 61 -16 -18 -90 16 -39 13 -28 48 78 -16 -77 -19 -60 -76 -50 -40 -6 23 -78 56 1 12 48 55 69 -51 -87 96 70 20 10 -65 -56 38 78 52 21 -68 51 46 85 72 -92 -32 -52 -32 6 51 -15 74 -25 -16 23 -91 32 -48 -43 71 51 42
-24 8 -97 -64 24 -62 8 -98 79 4 28 87 -2 1 -8 -98 -70 -54 65 -33 44 85 -65 32 -98 63 92 -33 0 -59 26 57 -93 3 1 35 -51 72 -16 57 3 -66 76 73 -11 -63 76 91 26 -44 68 -33 12 10 -88 99 -17 55 8 80 67 12 2 40 17 81 -82 -10 -29 -54 -86 9
-61 41 -2 -18 -27 76 82 -38 -79 2 59 -39 -24 47 -60 -18 -32 -15 -63 -9 -30 31 -25 35 9 -83 40 -77 -99 62 74 43 61 -33 -41 12 -84 76 7 -97 74 97 -63 -9 -38 -9 65 100 -84 49 -21 48 -39 2 -35 -33 -36 100 -85 -88 64 95 44 82 -36 13 34 77 -12 -42 -81 -9
-95 -43 -14 -1 -64 6 -71 57 95 -70 57 -82 -84 73 -48 7 32 18 -44 39 81 -14 -60 35 -51 -82 -4 78 18 -17 -2 -3 18 -14 60 11 -28 -8 2 50 -50 -31 -49 -17 -2 -48 45 -8 -88 -22 38 61 -7 49 -82 -87 67 96 80 3 -7 -70 72 -59 50 -61 0 48 -86 58 70 -38
-12 -63 91 69 -76 -21 78 45 16 97 -18 86 55 57 -17 72 98 -68 11 32 79 35 2 -28 -92 85 36 -22 -32 38 27 -91 -99 95 -18 62 -94 -97 48 43 85 -37 -24 70 30 -25 81 93 -58 -15 57 -79 54 94 -98 85 12 91 -60 -35 -96 82 60 -88 77 -41 23 100 -12 -90 -16 77
26 83 -25 -31 -79 -82 -71 35 -60 33 -11 -46 35 7 81 -27 -1 -38 -77 -27 23 -31 -11 31 97 -75 -17 100 13 38 88 -81 11 -66 47 67 69 18 -13 -82 6 97 -37 70 74 -78 -8 71 15 94 94 78 -71 47 -79 61 52 -4 37 -78 -14 58 -75 -74 -44 8 -99 0 53 15 -77 -61
-5 -4 -24 -61 6 12 5 79 -21 91 48 -85 98 16 38 -90 -78 -71 50 2 -33 -90 84 -51 50 -28 -3 -37 39 -47 -50 62 -20 -73 -72 -61 -75 24 -26 66 84 -60 22 42 -35 -39 -57 -74 -48 -49 21 -64 -88 6 31 -7 -48 -89 -54 -38 61 53 -18 34 -89 -58 -98 -20 -79 -63 -75 -29
64 -90 36 45 -40 92 -32 -46 -47 -5 72 -24 -16 -73 36 -35 -93 29 48 95 -83 29 -56 -53 87 76 -65 0 -1 -83 80 31 -46 36 93 50 5 -57 61 -2 9 97 55 -74 77 -5 -11 -27 37 -7 -35 88 24 7 -95 -42 64 94 6 92 -21 -40 33 97 -90 51 -91 -77 8 53 50 61
28 68 63 6 49 -8 0 86 28 -64 26 -9 61 -42 -77 -50 -81 80 -97 -60 56 -20 6 -66 32 -49 25 -99 -9 -78 -6 43 79 89 -21 -37 -31 1 -25 -85 51 46 22 1 15 -2 52 23 -58 -10 64 -20 59 62 -23 57 -67 -21 28 -20 -76 2 -61 -44 61 -92 -96 -53 -16 -22 -64 73
87 -74 90 82 -47 67 62 54 60 59 -6 -24 -48 -13 24 6 24 36 -44 -51 20 -39 -24 -27 58 -32 -86 -16 76 79 -90 -45 -30 -27 21 -34 -88 -14 -17 -98 66 -37 60 -28 99 70 94 98 38 30 -78 -63 -45 -76 -2 -94 -69 58 52 23 23 -59 12 85 58 86 24 49 56 77 -55 -28
78 84 -48 12 -32 35 -74 -24 -79 -92 60 -57 -3 -11 63 -58 83 6 -53 68 22 -26 64 -44 3 -97 58 -89 4 -94 -94 27 83 88 90 -28 -14 -58 86 -76 -33 84 -42 -62 -50 -22 64 -83 78 79 2 44 -83 -88 -75 59 -17 50 53 3 -22 76 -76 -81 21 43 39 -73 55 11 -87 51
59 -9 35 46 -47 -90 77 -20 24 66 86 -15 -40 -74 38 71 -60 27 -19 43 68 47 -99 -99 80 75 90 -29 1 -65 42 -31 -38 36 -16 46 -77 -51 50 38 14 99 -22 23 18 92 -71 -61 -83 63 47 66 -89 -33 96 16 -71 82 64 66 -60 92 7 -16 -26 21 96 56 -16 -61 51 63
67 -19 66 -4 -8 62 57 3 30 -6 23 3 54 -32 -63 -75 99 -52 -19 -87 -18 16 -5 71 78 78 40 -10 3 61 52 28 -5 5 -92 -69 14 64 -14 28 4 -32 -80 67 15 -73 -29 95 67 -10 84 -12 97 38 82 -81 91 13 43 -11 -54 5 42 80 -77 -1 -71 -16 88 31 -96 -14
58 -76 86 7 36 38 60 91 -29 -84 9 -57 -86 -46 -8 78 -78 59 14 41 79 57 7 24 5 -18 -96 -66 1 69 -41 7 76 -62 62 -47 82 -85 39 68 -47 82 97 -10 37 8 -23 -17 -56 -1 -76 47 71 -44 -48 23 32 -33 -93 -69 62 -88 -5 81 31 -32 92 -82 29 -63 -96 22
57 19 32 -59 -50 -92 -47 7 97 -13 26 97 70 42 82 10 -43 -19 54 -39 -76 -5 96 -52 86 -16 -45 66 1 20 3 -50 -35 52 89 32 -64 43 20 -31 55 -92 -69 3 71 79 -81 28 66 14 -82 -91 92 82 50 35 -59 7 96 -24 49 -88 -5 95 3 -71 -79 99 24 -8 54 -94
56 62 -76 -85 -49 87 -44 -71 41 -76 -74 35 -19 -39 -99 -94 -24 -40 -66 6 34 -62 22 69 -98 13 -61 -15 -38 94 -37 45 23 -12 89 52 42 -9 62 -10 -63 -85 35 -49 -95 -59 -19 86 28 -64 -38 79 72 -84 39 61 -86 -83 -28 24 -38 -13 -89 94 -16 99 77 26 44 41 87 -58
-37 48 41 -91 46 48 -18 66 -92 -45 -73 14 -81 92 -22 -86 -36 100 87 -22 -20 34 70 2 16 63 20 -72 49 27 37 -19 -67 -65 59 -47 21 -40 92 58 12 -20 -46 97 11 85 51 41 -9 31 -7 -51 -45 88 92 -44 65 99 99 100 20 8 18 72 18 92 -50 15 37 -40 3 -93
-16 25 94 90 71 -5 -18 5 -25 82 85 19 -60 -81 45 57 -46 60 14 -32 35 -36 -28 43 -90 26 -99 -77 25 36 95 -55 -11 -37 32 -73 96 -62 7 11 -40 49 32 -47 -53 29 -26 100 -4 -11 -16 -23 -32 -52 -82 24 94 -34 20 -24 -28 -88 -35 78 62 41 -61 50 98 31 75 -74
7 23 14 75 -76 13 33 18 -83 19 70 19 47 -70 43 78 37 91 80 -36 75 -95 79 -88 -24 37 20 32 -64 -52 68 -70 39 65 41 -51 98 -37 -69 29 80 -38 -69 -86 62 -36 57 14 23 -2 -91 97 10 81 18 27 -43 -85 -73 37 88 47 47 -36 20 -22 24 -37 3 27 16 100
-47 -66 84 58 -81 -12 -21 -42 -32 -37 -2 92 53 -26 -53 34 -61 89 79 21 68 -93 -8 63 -45 15 77 89 81 -87 -43 72 52 58 60 39 -33 -16 84 -46 -83 -3 -88 82 -25 67 20 9 -35 -79 -40 -20 -55 20 27 -72 55 92 76 -46 0 -23 -92 39 -42 -29 64 -59 18 -5 66 4
-23 -6 -2 -51 45 67 74 45 -80 -9 95 61 -5 70 -11 -86 28 61 -54 52 -82 72 -53 -11 18 -92 27 -32 -68 33 24 -85 88 19 5 -46 -61 -35 42 -63 6 -63 32 46 -99 61 -72 -95 7 -3 -45 41 85 88 20 13 69 -38 10 91 0 55 -70 16 31 -49 9 37 -75 74 14 -38
-74 24 86 -62 5 -91 9 26 -38 72 -22 -97 19 39 29 67 41 57 -48 84 51 71 19 -63 9 48 84 58 -97 -97 76 19 -79 91 -67 20 -67 59 45 -96 35 4 36 72 58 -16 64 -12 4 -67 82 -35 -62 -65 -39 -30 66 83 45 -36 52 -79 -26 -88 -12 12 51 -23 -6 -86 14 -48
-50 -13 92 41 78 -24 75 -5 10 -15 -44 -61 54 50 63 13 -42 91 22 41 57 91 -22 -18 20 40 17 -74 -9 70 33 -11 29 -30 -81 -18 61 -87 -88 -84 93 -31 65 -13 -2 60 25 -71 82 -3 -85 52 82 1 -94 -24 -20 -29 -34 5 -46 -21 51 75 -50 28 -8 -69 -55 32 -83 4
43 83 -27 55 -12 25 -85 71 57 -59 33 -56 -45 -25 -92 83 81 -64 -21 91 45 69 94 95 20 -90 -68 -92 -49 58 68 -50 -57 33 21 -84 93 53 17 -83 -65 46 100 -94 87 65 -45 50 46 12 -97 76 -27 -16 -56 -4 12 28 -74 85 91 -70 67 7 45 24 13 -10 -83 -59 -41 39
97 85 -41 47 -21 75 82 9 15 67 59 -12 -10 81 11 39 32 1 75 2 81 52 -43 74 82 83 -88 64 40 3 -71 56 -22 30 87 -47 51 -70 15 45 40 -32 94 -42 44 99 45 -13 -82 -78 -10 14 4 4 -35 4 -15 -97 34 72 1 -83 -13 52 38 52 7 37 -61 8 -99 9
21 16 98 72 -38 -55 -31 12 -71 -45 60 55 -63 94 9 -56 -90 -64 -15 -47 -26 22 50 56 -95 60 67 23 -49 -61 -33 -6 -13 70 35 53 -11 41 42 -49 -50 7 57 31 44 -89 -20 -86 -91 73 46 94 57 2 -56 87 16 42 57 -13 -70 -58 19 -69 5 71 46 48 -31 79 -90 16
24 3 -24 4 9 -95 -14 31 -37 7 71 37 47 45 2 -19 -74 33 50 69 -63 -51 -92 16 48 -41 -25 -65 -94 -43 96 -47 -53 -46 -27 88 43 2 -25 -54 -85 -66 8 -80 59 -12 -76 -97 71 46 -67 -16 -56 -91 -2 62 -58 -46 9 36 43 16 -69 -80 -45 98 -51 -80 -48 -83 -18 96
-54 -63 -4 -60 59 -79 10 -80 -56 -27 91 -14 91 72 -99 -47 -99 -77 -16 4 58 5 -27 1 -51 85 -92 96 50 -42 85 -44 -22 -27 -8 -2 -7 -6 -55 93 75 -95 -77 -2 -51 -28 -91 99 -79 -41 -63 11 33 -9 -79 87 -20 71 -59 84 22 89 87 -38 57 70 56 8 -70 -78 -29 73
39 -25 22 39 -84 -76 90 98 -68 89 -72 -91 36 10 99 -98 76 22 -84 88 -1 26 64 95 -94 -65 71 -1 -39 -51 29 97 37 2 -61 26 -62 20 48 -78 -12 -90 -72 -2 81 58 -33 -5 18 -93 -17 64 67 -58 100 6 -38 -11 89 -81 -92 15 -12 47 -69 80 100 -92 -13 48 75 22
92 -6 -90 66 90 19 -31 73 0 -19 15 -32 -20 -8 23 -12 91 92 -5 51 -75 -44 -62 90 3 2 -43 -65 21 60 -73 74 -88 -32 -99 -19 -99 42 -19 44 -84 78 42 59 87 83 69 12 35 -9 40 -39 -31 -55 -27 67 44 -9 75 -48 -38 -4 96 -77 -91 -19 10 -45 -36 -63 -17 17
-94 51 28 -57 40 85 -86 -86 -18 83 13 60 28 97 -65 17 -9 9 -6 91 -96 -19 -94 68 62 69 -16 -33 75 -58 -69 52 -20 40 -16 -98 58 -23 91 75 6 83 -34 15 50 -9 6 -3 -70 -35 13 -76 -47 -38 41 -87 31 -28 68 63 -64 4 21 63 72 -88 35 -2 59 -28 -54 -94
