13
60 30 -88 -82 -87 -52 45 -40 -18 80 14 -39 -74
-39 -57 29 53 -7 -11 -43 7 81 81 1 96 73
-23 -91 -56 -44 100 34 -70 98 -39 13 -85 55 76
13 18 -72 -49 6 0 -98 18 2 68 -60 -82 -1
99 11 -37 20 83 -60 60 -51 -53 77 100 14 9
-19 15 43 7 97 -17 -74 -70 65 -54 82 81 45
92 -59 -25 56 30 -14 52 7 -85 68 -82 -13 -53
14 -56 -55 -34 23 36 91 -18 68 -62 72 -31 -58
-19 -66 -62 -38 -26 96 67 -65 -96 50 50 18 -41
-71 -91 -83 21 40 -6 94 -53 -75 15 51 56 -63
-62 44 81 -1 15 -47 -59 60 -35 18 -76 68 -5
-35 67 22 4 26 -25 -91 -93 -29 84 71 53 -89
-40 -61 50 -74 8 -37 95 6 -25 -71 -84 59 31
