97
74 -590 191 683 -698 -774 -320 611 971 -794 -710 -501 -440 -836 548 -259 827 911 -276 -835 112 746 839 902 262 489 -39 860 495 -543 45 145 469 -336 -175 339 -924 -785 2 98 -9 -188 -545 -145 -942 -349 332 720 -807 -603 198 305 924 -527 -146 -972 129 -10 755 649 -532 -69 -288 249 204 205 -416 -469 581 984 953 233 725 -399 700 -419 -59 288 -457 437 -529 795 789 -297 311 12 356 -451 71 213 -960 -543 -102 -566 -304 68 821
-771 -83 215 637 536 59 -723 -999 -862 85 712 773 292 649 784 -833 -955 -163 -894 834 -142 -339 773 45 -599 -413 520 848 580 -351 -505 -382 -588 253 684 321 -157 282 449 183 491 111 868 -395 373 -618 -396 399 -935 -237 -936 -253 612 -866 -465 199 968 -768 962 783 -467 -42 -939 -632 549 -971 892 580 141 -614 346 994 -640 -452 101 -295 -682 577 774 -319 -295 745 -452 -434 680 875 -273 362 -924 635 -734 205 71 84 627 -773 -59
295 316 811 -533 -672 -965 -288 -652 594 -257 710 395 -897 713 538 -166 -347 386 166 865 984 -469 -24 466 -488 -226 -819 -920 639 228 -737 568 -807 -415 -247 -576 -608 937 307 -35 516 -586 -49 440 499 -975 -178 -512 -550 13 -129 947 -872 -124 677 85 571 -807 -12 -829 -710 -627 -392 -270 574 -419 403 -511 174 -24 -447 525 85 -210 -792 -526 354 739 145 623 -148 -669 -50 -366 -704 -384 -441 371 313 -809 -395 -915 -182 625 634 -874 731
85 -869 896 253 -837 -868 -328 636 -229 582 524 -960 -381 135 218 112 583 -378 787 484 163 353 814 -508 540 485 -183 995 -251 329 -374 -430 -114 -360 -285 658 -730 -695 -844 602 -479 -564 331 -704 724 580 -778 -136 -899 -693 201 919 -944 375 -245 -734 -788 -825 -533 856 -99 953 544 600 314 764 205 -815 766 -420 35 212 852 -129 145 360 -549 619 -25 938 553 -558 -168 -2 780 444 -594 -650 -197 399 983 318 156 -179 781 -46 -337
-997 -397 637 951 -599 -725 -913 776 210 116 -7 -645 770 753 -424 575 -113 229 220 858 -379 -774 452 670 50 -782 -40 -42 75 -940 387 431 313 8 -965 4 788 174 -851 -895 -982 823 714 -727 -469 -617 -968 -317 -156 643 246 719 -377 405 481 855 99 -530 972 -208 997 139 207 -768 -437 288 446 -231 -527 592 -956 -429 186 -657 -915 -888 -4 815 -131 -151 840 406 -512 670 -60 97 -737 -197 903 753 -36 478 193 -700 -934 804 -876
623 731 -325 915 903 -841 -302 -506 -833 -74 -707 -313 331 -661 -811 -20 -253 -178 -356 641 -861 452 -210 481 895 76 -957 17 -828 312 -127 -855 938 150 -722 704 789 619 -973 -461 891 -293 -676 289 -96 -345 203 -794 -4 3 461 338 -258 178 564 -698 -341 -879 756 346 943 574 -295 -819 -381 51 -171 -518 479 770 -744 596 -425 718 -552 958 193 -445 112 954 55 -316 -140 427 -984 767 930 -424 -647 -577 -988 -48 136 14 -670 -843 -687
69 693 967 -231 -655 38 446 -888 -252 -107 690 -204 661 -890 -790 952 132 997 -912 -349 -786 -278 -882 -195 -934 -600 791 -748 638 47 516 997 241 -383 729 423 765 338 19 209 -240 8 401 971 -288 242 -308 433 424 357 21 196 948 433 -647 235 821 83 323 984 -367 4 -370 -523 794 -738 997 -820 -183 30 234 -394 423 68 -529 -213 1000 728 -940 584 116 -760 829 495 -589 636 495 328 373 -470 -552 981 635 -748 -824 356 -795
527 -465 29 425 239 181 219 -820 -913 -240 -664 449 -36 197 416 -500 609 -450 712 353 -467 -204 663 349 -368 233 146 384 629 229 -650 710 841 764 -562 497 154 -552 -443 -475 698 919 -395 -577 739 179 -386 -13 756 -470 466 -896 -758 971 109 690 522 796 130 -812 522 218 -560 -640 -641 253 -93 -379 465 263 839 980 235 -710 -56 183 -49 -173 -876 -627 -506 -713 610 326 917 824 940 -696 -645 788 -488 -868 999 410 -459 -280 -154
-887 -928 266 -486 -937 37 413 934 -965 771 -581 661 424 904 640 -357 -473 -884 406 -108 912 442 -110 920 -668 857 -149 528 -503 889 50 690 803 -168 -302 887 476 -860 822 494 976 -933 -447 234 727 -898 -482 918 -849 -396 -988 -567 662 347 389 564 -303 -151 -764 761 604 -336 -703 597 -33 -320 -237 190 489 -889 145 200 139 35 -356 -80 -509 40 764 652 659 -131 837 -726 926 -415 -331 -348 399 123 877 853 -922 959 -886 966 -672
-948 448 97 -430 946 -318 39 177 673 -640 -275 -655 700 381 208 -761 -723 -325 -887 -883 -526 246 988 -125 901 666 -38 -740 761 -911 391 -212 288 349 342 -805 -391 -418 720 -554 567 81 -477 67 -707 198 695 -625 -314 332 -868 423 -511 411 527 527 889 -563 459 -335 -606 538 444 821 559 -2 96 -487 769 -55 -650 -866 122 244 408 272 96 -85 -92 559 77 875 -59 478 -750 -648 -110 -488 -420 -517 732 442 31 -616 539 -752 590
-264 -942 -400 173 55 -226 445 -82 -181 -882 -103 263 335 92 -901 -251 700 138 488 -902 -925 568 -975 465 857 706 777 -270 -513 869 -750 -671 669 -238 -109 -47 987 -21 679 -762 -260 -261 292 -152 71 2 -25 -60 -333 -2 377 -660 -914 693 -96 942 -918 -1 -251 834 -699 -256 -659 -516 -989 579 870 -206 -6 -302 704 328 218 -911 -779 727 -105 955 566 364 -844 309 628 684 238 -610 504 -459 658 -360 303 528 -212 176 358 419 797
-872 -547 -381 855 247 -437 182 489 662 399 -202 450 -117 -882 -654 659 866 157 46 -554 631 300 555 789 -63 797 -750 376 24 49 -327 799 -681 222 680 360 -851 -930 165 -435 -915 -986 507 -35 261 -95 -647 -987 699 169 -921 747 -749 -414 820 679 142 -93 -389 -754 701 -383 675 -643 211 -6 389 862 536 699 -119 762 185 719 -311 971 749 -380 231 -259 195 155 -758 -303 839 604 -348 -20 -429 -444 143 578 18 636 -107 811 624
-985 31 512 797 247 869 181 -656 -99 388 -510 -296 -853 -162 575 478 472 188 -357 710 655 -594 233 37 52 530 -216 -644 501 -637 206 -430 -280 -727 -448 112 -985 782 -96 -779 244 -703 52 458 -966 -77 -801 224 3 -609 510 533 992 -681 -783 -250 -296 361 -877 -82 959 176 -872 -979 818 -329 51 -636 -419 104 -623 700 -839 163 -459 6 597 218 705 -979 160 985 285 504 -191 -973 408 -181 -413 55 -360 13 -928 -62 -657 613 248
750 60 589 -482 519 923 -663 47 878 395 -719 592 -585 329 281 324 653 430 577 199 422 -526 -839 793 -431 907 -931 -534 11 -666 -18 622 -704 976 -624 398 527 -798 432 -773 -873 -665 126 -593 -691 956 344 210 -32 -253 679 -746 -109 -957 -462 239 89 -209 912 562 -688 -79 -724 -87 -525 259 -367 625 835 -486 -988 -224 -527 -304 -959 -234 178 -564 78 271 788 -400 -164 609 -272 -897 -517 -215 565 -151 13 332 -220 -140 -237 493 43
-407 899 -326 521 280 683 867 896 216 -144 -232 616 -449 -977 -50 -785 171 -764 -450 735 619 345 -567 872 220 -186 -452 -899 980 -441 -820 955 645 -805 399 962 478 328 -953 824 964 700 683 19 -792 383 -605 -619 645 -732 -336 949 -407 46 -619 55 206 271 -250 -659 -349 396 -340 -794 491 652 499 85 -142 -97 96 -274 -392 -436 721 -119 -901 562 -621 -984 341 -96 186 -91 591 -96 -799 965 -896 -179 462 601 -313 -26 481 771 657
-261 -295 -219 -841 452 819 916 695 609 624 -388 -755 -804 897 862 925 -949 -878 693 0 -15 -368 -970 329 212 72 340 387 -407 478 -125 745 -437 966 -955 993 -565 947 -143 -474 -798 170 -463 -656 -623 994 218 -542 489 234 -857 864 823 582 142 -277 -121 72 -268 -453 313 503 972 -664 657 975 778 500 632 500 -42 -40 273 260 -420 -742 838 489 321 -408 256 407 -672 291 -220 -744 418 -85 299 385 -677 -29 -85 -847 289 -47 -527
118 -184 -636 80 -853 713 242 -126 -542 193 349 397 -774 -139 -766 -815 157 -380 654 126 953 -556 -532 -285 633 670 -593 -783 -257 534 169 -978 -816 -429 550 917 668 -851 520 778 568 -796 -577 -997 410 -596 21 -558 -416 166 195 -56 366 699 532 900 -574 -479 -476 -96 582 -112 612 -196 897 -210 285 -196 122 -394 734 -628 -86 440 -109 516 92 -886 -748 -793 -60 395 728 -139 -342 488 116 -303 -158 24 -395 -884 -568 626 629 416 445
446 -660 137 -823 841 87 -563 -644 978 110 733 -587 785 340 755 -771 743 -336 -325 -495 -31 -365 -753 683 -218 101 730 444 496 689 446 136 -425 393 592 -563 -423 -537 977 -991 -778 -350 -680 216 -569 777 347 127 414 799 -435 -840 505 771 -879 162 -304 794 -20 -140 782 -212 217 -843 -291 328 582 -533 74 500 635 -705 -505 -539 -469 9 -945 39 98 638 884 9 783 -638 324 441 -228 -517 -758 -489 -856 324 305 -887 245 170 500
-917 573 -665 -80 -992 -240 264 875 -167 824 -403 205 993 365 13 508 -413 -827 -556 -873 312 131 -806 -520 -191 432 -288 812 -563 7 426 -657 -313 -438 500 -624 -128 -301 -78 -172 -924 916 -776 -42 -628 464 -238 -196 -513 -542 577 917 949 -645 -429 -34 506 -406 221 420 -69 419 648 435 129 338 406 -963 -281 856 -657 -441 601 260 460 -83 43 606 -785 -986 387 716 -547 -862 164 535 585 -609 -520 968 -257 -965 -935 -724 -967 -412 876
23 177 955 938 868 -156 935 -708 -629 127 -890 -669 -885 649 -1 610 22 573 -190 -600 -36 18 960 126 -288 553 423 217 -537 -158 774 -820 414 -870 303 61 -53 133 -118 -302 -4 549 -506 40 -196 -555 -182 608 820 -796 -454 566 -98 929 549 -737 -396 527 363 -33 -345 389 76 565 412 869 -916 83 992 918 -830 685 -51 -47 -240 749 149 -443 -420 849 -774 951 749 66 544 -967 178 -287 954 485 -900 -544 849 759 75 971 835
549 742 913 -536 203 -844 867 -96 391 344 -777 -951 -210 746 -375 -596 105 -897 111 198 -912 634 -520 916 544 476 288 200 972 231 -30 -423 894 -831 -245 -217 632 564 711 571 156 -318 -22 908 -140 -122 -579 -178 142 -107 -414 -875 -360 -237 438 -440 -940 -879 931 -943 632 868 287 -752 565 258 -28 -865 -127 86 605 641 531 -461 553 947 75 20 623 -828 299 -95 303 65 -730 127 929 809 228 -737 -340 991 159 582 -796 814 -371
556 -927 167 458 157 201 997 -832 414 -887 18 694 -294 981 -958 -781 874 -7 -867 958 -478 75 -981 164 296 -128 39 20 -880 999 -634 90 -701 -714 17 -506 -338 639 653 616 23 -306 -532 -37 -710 386 -916 -597 -207 -491 222 -412 -190 842 -863 -839 578 770 -947 -211 983 891 235 817 476 -634 833 -645 -595 419 -4 767 -382 -981 -490 284 -615 474 -361 -218 892 -649 -809 -772 353 817 849 310 -272 776 132 -692 975 -795 -861 581 -199
-522 268 -117 270 -326 -474 -601 -28 -923 931 -209 -197 369 613 617 14 -302 381 954 -572 -620 -402 -49 806 67 -224 -185 -244 -9 -63 443 321 -694 758 -645 741 -617 143 759 256 208 -152 518 595 -756 -757 295 -997 475 -973 689 591 120 300 -807 -55 -614 -250 -16 -766 -618 88 598 -619 405 306 -465 -539 -66 -134 -944 826 -289 376 -857 -633 205 445 -844 -793 -730 366 -649 -42 111 527 -41 -148 671 906 44 -508 183 -754 -726 827 620
-892 -517 803 -909 -131 -824 -985 -905 -120 -252 569 522 176 389 -665 342 -783 543 797 -257 -805 702 531 775 719 479 23 765 598 -372 566 -445 -543 -413 179 -214 -117 -45 -230 -580 731 914 942 710 -26 429 -514 -736 -799 -628 -857 922 612 641 819 437 489 -979 -449 -724 -876 208 762 -355 765 219 -583 -569 680 -509 7 113 166 837 -342 -987 -316 784 257 -424 -975 -941 -199 -634 -434 132 79 -498 141 698 -897 -328 828 360 -357 -65 587
151 712 111 -424 -145 -654 -117 892 417 -224 -901 63 531 2 -335 -186 313 647 -617 -835 -900 475 -954 447 890 -195 -939 -878 -309 638 -676 992 -997 -891 -524 431 -776 -272 -674 34 490 -539 444 633 361 -233 496 804 608 852 511 -27 893 347 -367 258 849 955 -649 -518 -614 -522 -54 -481 -902 148 -308 -991 -796 -940 941 236 -845 -66 -67 7 -233 -797 -216 -162 125 710 531 -582 313 516 -702 -357 691 958 -861 663 -517 -73 -822 429 -646
-791 -438 722 39 578 477 -83 66 -484 144 750 -688 731 -386 -584 644 -161 680 -800 134 -311 -98 -211 -205 426 732 -513 -351 534 35 -403 221 744 -478 -377 403 111 866 -887 809 790 859 944 -439 466 -554 599 41 -524 -640 -437 504 446 616 573 215 706 -938 181 609 246 183 -652 665 -220 -535 242 -769 942 -865 229 -802 302 305 659 981 -740 -732 -481 559 665 641 -433 -478 -617 -331 -978 305 475 549 -2 -322 -837 -549 933 -752 -446
-335 920 684 -717 -215 133 947 442 918 522 -552 637 491 -957 108 769 78 224 488 -279 281 -683 -634 698 333 -724 349 -902 -142 709 -857 358 -48 445 -704 290 -845 -356 -979 -244 -913 -456 -457 -342 640 -952 851 241 972 -605 911 887 615 -778 43 704 -78 244 97 -491 -574 87 770 -316 328 -283 255 96 834 591 720 -568 222 -461 -427 -619 134 -511 -473 -995 -531 26 874 454 404 52 194 404 -87 -86 958 -174 -324 -352 -571 655 -865
373 -164 32 650 33 -31 -956 -887 653 -329 -315 162 -622 142 -551 -362 378 126 -952 404 243 -528 -968 -396 306 -855 917 455 -860 788 -612 -40 -753 891 166 -945 -777 754 930 786 92 -608 955 1000 785 714 793 -20 -521 -658 -621 874 -472 73 962 505 -528 -811 -704 -971 358 659 -881 -152 -552 704 87 36 -28 823 -41 -417 899 740 -675 -580 47 -176 896 722 -250 -834 122 667 -121 -864 -412 379 -151 311 -695 491 -454 -187 -148 849 341
608 -410 -930 109 422 279 -77 38 104 430 -399 595 -76 -444 908 489 963 386 619 -941 -677 -782 -466 815 -222 -93 -948 -603 960 759 521 120 799 23 -880 453 690 -74 819 72 319 -478 -980 623 906 295 990 -634 160 -131 -563 -112 -259 914 839 -233 618 -541 861 795 -762 -589 930 246 -864 478 -193 -47 -194 55 -639 959 -466 238 896 -329 -26 125 956 63 -455 -287 -218 115 809 -250 200 453 900 156 418 751 -307 -363 -318 596 919
-304 -673 -380 -720 -896 82 -322 -152 533 674 -992 -820 -84 -21 -662 451 -606 -694 -240 549 148 -41 638 899 -366 990 326 -441 -495 972 692 761 -240 948 -189 202 739 -597 217 625 571 -698 -35 -848 134 -995 233 946 -750 -708 250 -973 29 742 804 780 -471 -905 259 -231 171 -636 -452 -215 210 257 306 594 276 543 -28 -994 -924 895 -861 598 32 40 706 -679 711 33 86 936 584 699 -51 738 -91 -322 -933 679 -569 -33 639 923 299
-774 -156 250 649 -126 979 -446 -603 -686 -218 -943 -626 -561 999 476 -796 972 759 344 264 265 -885 969 -869 906 257 -635 -904 -577 80 -572 845 85 941 791 -812 792 970 -190 -783 -397 761 -441 -508 -938 190 -753 -882 883 34 -680 32 -299 372 -266 270 -243 474 199 -237 970 997 -408 814 708 274 -435 794 213 -851 -895 444 805 656 -662 181 737 777 743 984 -953 186 -550 501 -879 714 780 163 -533 -519 417 940 -877 848 329 -974 60
-841 -304 143 -834 -688 563 -309 -355 944 111 743 933 -258 -136 230 703 -396 290 667 115 -829 -784 892 -454 947 -105 694 -274 23 -675 -821 912 -385 -956 871 -219 -73 -451 -720 -881 -259 58 -548 -668 -944 -763 988 557 -541 118 533 -387 945 -907 15 572 123 860 407 -17 -387 280 479 -443 990 140 630 -208 -202 482 -94 174 -902 415 824 -268 -989 930 -418 438 -724 905 745 -171 -406 -321 48 -427 -602 646 465 442 454 477 513 -497 42
670 -305 834 -847 791 -414 783 156 610 609 376 -166 -364 17 -498 867 -754 233 -738 -352 963 577 -405 23 951 -103 -221 181 -896 438 -191 292 -3 -313 -209 316 -993 -794 454 -394 -825 681 -924 235 926 792 -264 331 -597 42 12 -839 -27 456 672 787 -75 -717 -225 -928 838 -991 -944 258 -4 -270 59 -900 590 -703 -458 -803 -446 -794 716 -7 628 -168 25 -984 978 223 -76 -376 -153 504 -184 494 626 194 -671 -918 642 918 -752 8 992
-349 91 -333 361 935 4 -44 519 -487 484 72 -261 275 932 -865 -327 -962 -728 -415 559 -171 760 811 899 -660 -163 -569 -39 793 516 -710 830 640 -31 -362 68 700 -460 512 650 -807 897 -388 -362 -209 382 -604 -622 745 286 231 497 996 -108 334 -596 163 903 -613 -706 687 593 -118 -728 -837 -493 -39 -255 581 -823 20 958 377 549 -983 842 992 187 -710 34 533 -680 -288 640 936 416 -627 801 444 355 -166 -779 -69 -917 -481 -925 -359
-332 913 806 517 -232 -107 -664 -484 -394 867 522 -760 414 101 29 -794 108 383 304 -699 703 889 518 -870 -459 152 883 -223 21 491 35 622 -968 -784 903 17 -60 -810 445 951 423 462 -550 637 -467 923 -9 304 -691 552 -522 -976 998 40 -385 211 802 -119 75 517 -396 -638 -292 525 -637 -485 887 763 -461 812 -225 -498 796 414 -881 -734 521 -131 420 166 544 -737 965 -36 -999 830 992 185 348 529 -734 -372 187 -871 -78 -277 -262
-313 -694 409 167 891 -845 964 -487 -761 173 -789 -647 -175 840 -755 23 520 993 765 523 -658 -548 929 -567 -316 299 -551 880 723 440 -52 -689 854 53 654 52 149 -35 -369 -637 925 774 -979 15 -261 -522 713 312 551 -593 -553 81 -611 297 -561 220 918 -518 -576 165 -331 -524 -908 648 174 139 399 943 -703 721 -47 -148 148 48 331 -208 574 836 558 -315 -304 83 447 -978 510 121 -426 -759 -117 -988 -602 -770 195 -887 -777 856 -255
33 943 44 -447 851 47 90 -112 -881 -455 -673 95 484 624 -620 263 -721 263 -985 966 -446 -36 21 -745 -164 62 -656 976 762 344 -942 293 -342 -926 799 858 839 -67 912 325 966 -916 -591 -270 332 -46 -24 896 218 -906 -352 728 438 -205 818 -370 -905 700 975 97 -708 77 141 844 122 460 475 639 -383 206 98 -681 -343 -442 -518 25 430 265 374 -497 293 -931 -19 -55 -582 768 -810 101 760 -748 -209 937 -108 840 -470 604 -650
-974 725 596 676 856 148 763 637 -947 877 891 -177 -871 16 -248 646 834 449 221 -494 -602 131 542 -909 859 -413 -260 788 29 -914 584 -911 -186 352 527 22 -435 -630 387 725 -75 479 -278 291 581 -517 127 -352 376 129 -281 402 907 -17 990 941 836 -976 -352 -127 -430 846 595 -177 -737 -127 513 601 401 937 980 134 -592 996 314 910 -557 556 664 -424 -749 352 971 558 273 -787 857 745 963 -471 998 -577 -135 -483 371 -827 -594
-644 512 818 -6 -620 -350 -637 212 -817 16 -268 469 -762 -681 -799 8 35 974 586 989 962 404 844 -163 -748 325 -334 -153 -577 507 87 -135 869 304 -122 203 -946 -926 928 453 917 -96 -535 -544 141 945 32 762 -290 -124 409 -301 816 401 -567 -396 290 798 317 944 -40 -706 168 115 671 -811 263 759 973 -138 -14 -427 -950 13 -207 584 997 -216 -696 749 101 304 465 759 109 -59 -988 767 922 -984 -906 552 92 674 -740 592 -322
289 -598 -781 -268 676 716 -630 -959 891 -881 896 -878 113 381 -395 571 -250 532 -20 -725 85 -478 527 -194 -300 -400 -798 -289 554 999 -267 -104 827 355 -413 344 622 -862 -409 -625 -257 -231 -402 953 737 -444 -729 820 -981 840 -169 -560 115 583 -198 835 -71 190 403 390 826 -562 309 -417 661 -314 -918 203 -583 -311 -768 -232 -643 609 -332 -708 -6 960 -602 -714 -749 927 -308 879 -715 -75 723 908 -615 -491 -177 -653 342 -123 772 -648 435
-474 637 979 762 -11 282 495 -24 429 535 -367 33 118 -746 -749 417 782 47 -404 701 594 -498 462 728 170 -614 108 -878 -529 -938 -666 -118 361 -351 98 -284 313 344 105 -507 -913 938 427 651 -279 -164 608 762 313 -861 -628 465 -254 -801 221 699 175 -824 20 -606 400 -224 110 -35 353 695 -546 234 553 414 729 695 -340 -909 -162 -662 285 251 -672 -415 756 -322 -671 356 -968 331 940 -314 -343 -212 -833 -598 -596 741 708 -943 340
518 58 114 233 832 357 835 936 676 94 308 -265 -169 584 731 643 -574 -911 -103 248 -395 -159 268 652 955 498 398 936 -695 -469 138 -172 257 971 798 -578 387 -465 140 -729 146 672 -389 -726 -188 988 -805 -646 -989 623 -506 311 386 269 -607 540 857 287 -894 680 273 24 971 -745 59 307 836 588 -182 203 759 -35 -735 -330 -299 -629 391 367 -506 413 -969 639 590 -728 -476 759 362 -179 650 524 -630 447 719 -641 825 -161 249
856 -153 758 377 382 647 -946 -571 -810 -732 733 643 -986 -33 943 -560 -107 -268 -96 -559 17 -501 -93 609 -373 810 513 106 -125 -185 -431 -545 -564 -342 976 -523 860 -815 750 513 675 638 213 524 933 379 -58 116 213 -114 -511 -484 607 39 -399 -844 -558 886 499 -605 -103 809 561 0 389 -621 -49 -16 -263 329 816 -22 369 86 -762 -505 -609 -898 228 405 99 -113 242 266 807 595 541 -635 452 -142 504 288 -475 405 -989 258 806
-955 -298 497 392 -46 890 -908 -92 -641 468 -298 -823 -645 863 -377 740 331 645 -355 315 -110 377 713 -266 -958 -492 -428 -774 236 523 -921 -221 -572 -375 313 702 32 622 339 -720 479 35 -448 919 918 777 64 11 -59 -242 -564 -561 -279 571 787 -518 778 844 419 -483 901 -436 -796 -143 84 -483 -850 990 296 -767 74 666 -967 -583 534 700 -636 -665 -702 76 -317 -127 696 25 891 981 105 758 47 -125 449 -206 -159 -532 380 402 25
885 -909 -659 -210 536 15 -876 753 423 446 445 -647 -947 -878 -213 -424 483 -234 -741 77 -452 781 28 35 862 851 492 327 557 293 -372 -905 982 -372 -241 -555 661 -860 756 -710 883 -597 781 744 303 20 -724 -744 -824 171 -775 -206 -652 -988 114 59 -784 268 512 -311 949 -95 -991 97 899 461 280 65 -147 669 -419 682 144 -239 -398 181 65 860 883 -985 -494 -230 -551 815 -79 -591 635 28 -354 -719 -383 171 294 -923 599 -851 496
699 875 -424 132 400 -925 -860 915 372 637 790 775 701 965 -839 616 -664 -804 744 -25 -262 267 -280 155 -236 933 -830 -43 965 849 910 802 -199 956 619 -386 -833 426 348 -833 41 -731 -308 -427 -755 -652 210 635 152 -535 -833 826 673 -665 964 763 251 637 -159 263 325 740 -791 -867 460 545 -463 -706 -976 -793 -266 -215 -461 220 590 -226 -258 134 470 913 -610 -94 -565 398 443 -623 53 -509 -759 -592 861 -658 136 -414 -160 627 -426
460 -69 602 -459 -644 598 740 598 -569 621 -680 -860 -450 -23 142 30 -676 654 -394 -100 703 -19 710 739 480 682 591 -573 817 -296 730 813 290 -976 357 -174 -769 -896 788 519 58 -880 -315 -603 688 -417 -588 685 -661 668 824 936 804 818 -184 -260 -910 107 430 -470 355 -123 918 -732 438 -111 498 909 371 -56 750 809 760 -536 714 -221 -943 -883 602 429 450 203 966 50 404 598 862 776 74 -396 -866 481 -434 555 666 -544 781
485 -778 888 332 -894 69 -320 -586 12 -676 819 659 -731 609 -923 -378 332 -859 191 3 943 508 283 731 347 101 91 -843 46 -518 -812 571 797 -762 -376 830 610 605 -255 407 -114 125 313 -164 -500 -593 -730 -918 -523 -390 227 -635 608 -12 506 426 929 998 334 588 930 -581 772 243 64 132 561 -754 572 -53 -658 416 306 866 137 334 -794 -56 966 420 -278 23 210 -385 108 461 -312 986 -180 -60 636 88 620 -352 -844 10 128
-603 -41 -690 900 -637 237 709 -851 143 646 -97 775 79 328 357 -290 33 -192 739 -535 136 41 80 192 -92 -214 987 734 -482 -247 -828 -319 29 205 -12 542 919 242 -310 -142 -312 -218 -702 -556 -552 768 884 54 700 416 535 890 315 113 -144 128 -757 859 -149 -179 376 134 564 -296 80 536 -813 719 -402 447 -846 -650 -240 219 460 687 711 50 -109 373 -68 -521 -930 834 266 -123 -739 865 -789 53 683 -50 226 367 559 265 -622
-868 -225 889 809 906 -751 -787 -771 -310 -321 878 658 -461 983 -336 708 745 -228 -425 -281 456 -836 54 233 -278 -481 755 -959 -200 665 39 -282 29 668 465 -866 694 -499 730 402 -282 657 -45 762 -250 -317 778 -182 250 965 620 904 -610 -847 228 9 -449 43 -510 -984 -810 -619 134 -350 -593 -722 -389 -111 -408 -280 130 546 -955 -284 179 -747 -784 573 936 81 349 749 -811 -735 -516 656 -993 -49 872 -781 285 779 700 488 -420 -103 229
89 -564 612 147 743 -568 -781 873 -498 -749 -442 -109 470 813 -452 -745 -855 -666 421 -219 924 25 335 -760 -740 121 -513 766 758 170 670 372 370 454 -738 187 -947 -608 407 -825 -462 -955 -318 469 -507 -210 -735 732 -68 370 -663 589 -775 -39 -707 149 -280 955 -312 -463 -14 630 -730 160 588 431 -960 884 -65 879 707 -494 -732 -577 -628 -950 860 -113 -126 944 -711 -753 447 -776 477 161 876 -879 -547 549 -743 8 209 -220 -426 925 907
-87 -544 -734 -191 -599 315 304 553 707 -728 -988 576 -733 -860 871 -346 -368 222 155 -326 -923 18 945 702 173 -250 551 183 423 -192 -674 -77 441 18 -182 -666 -879 179 -253 755 -57 -245 -215 212 670 443 -588 -793 -711 919 457 -347 -934 913 456 -369 -650 -301 -622 -9 -572 -23 809 -56 -972 985 -417 515 -436 -865 -432 -712 654 -503 684 509 5 411 -532 -370 414 80 134 113 -828 431 -820 -60 -285 454 398 -618 750 -299 -944 -194 380
281 470 -836 -323 147 555 635 843 -972 129 -513 -20 120 -941 912 963 29 -249 -493 38 -130 799 562 986 720 -178 -473 778 872 -473 -358 -377 758 -111 -284 -343 291 -888 -224 260 739 989 669 -698 262 -339 -398 -244 -63 -353 -641 -844 -957 -922 683 -914 247 -762 47 -324 22 164 15 888 805 710 -592 708 322 -486 -869 -788 -857 819 764 696 -135 397 567 237 -448 914 984 -572 482 741 965 626 670 715 -78 806 -494 -295 769 -782 474
-807 452 -255 806 -778 160 742 902 -105 -784 -347 404 -311 211 -709 766 -28 -653 631 191 -273 195 -804 -614 144 372 -305 402 828 596 -5 -344 828 -429 388 -175 480 947 -568 -541 365 860 1 -771 291 -918 -232 865 554 -684 691 -530 -646 505 -833 238 729 -136 121 808 -882 668 150 -445 277 242 -990 793 -564 -151 613 -109 -102 -603 98 -682 479 992 -263 -630 919 -594 204 227 -616 603 495 -898 -934 387 456 330 -874 989 294 -624 391
-411 254 -640 142 69 913 265 225 671 297 -939 -413 937 722 687 143 -74 517 -878 766 -547 -960 -401 904 312 785 202 343 -709 -751 -990 262 335 -386 -741 -983 -294 -896 746 55 -883 237 124 849 714 311 931 -842 -801 963 494 -961 -268 -122 388 -986 764 504 -403 36 875 -406 -579 727 -587 995 302 -398 511 854 -215 174 -684 559 -176 719 854 589 443 161 655 -598 -691 -111 914 -348 -926 280 -717 -128 -665 610 -304 -859 550 -291 219
883 -931 829 677 151 650 -484 -936 342 -651 559 -560 454 10 -285 -472 860 161 774 -691 640 -660 -749 641 -770 12 -907 -530 853 -143 -628 692 -622 -708 -882 -351 -553 -718 -588 252 20 -817 677 542 -697 68 337 -162 -512 -512 -237 -40 -979 454 905 601 517 -464 -128 841 448 624 -295 -715 51 -721 344 152 586 -812 -21 -491 253 978 983 -252 709 -258 -339 -314 360 -628 -964 87 511 -699 945 -704 -23 487 -679 -971 553 73 375 641 219
-503 -256 -260 -476 -571 467 -649 -890 34 -617 148 -654 844 205 356 -568 -870 -299 -674 -854 -515 588 969 240 773 482 -329 -28 -288 90 -370 29 -672 282 771 -295 232 -494 -443 371 227 346 372 980 192 244 -852 -891 -914 113 -830 835 848 -160 -791 283 -130 368 -159 677 312 214 493 -274 -857 602 240 173 -655 716 132 263 376 -924 -826 45 -159 343 129 659 364 -731 -571 -996 -875 -625 -860 769 -587 -809 -967 960 -523 -928 -811 209 -207
148 -441 -716 -331 99 -585 966 -361 -727 -512 -765 784 409 744 949 -776 53 -99 -278 -595 -864 157 803 -848 -150 -798 793 908 -310 -808 347 131 811 -19 -734 439 -483 964 -267 -478 -676 -843 792 115 638 452 -545 -826 853 237 -495 -258 -108 -839 648 -527 -49 -768 -188 592 -133 955 767 -302 452 -44 -85 524 989 -419 -296 -721 -862 537 -62 125 986 875 -538 -375 -856 777 -587 699 577 444 914 -819 424 -937 -491 230 852 -926 994 512 -589
370 -749 919 616 -122 818 -672 -817 -48 -125 -669 642 318 -2 -137 -188 -299 666 905 -470 73 533 553 -614 827 -64 769 955 48 -713 -94 -36 -519 -97 -660 -912 -828 -873 -54 -553 -561 -127 264 857 164 570 963 123 -139 -43 907 563 229 -666 -9 600 -591 -215 101 -829 921 -989 220 -414 799 -495 864 -69 -165 909 -607 30 -600 -481 -815 -461 -481 975 80 274 862 984 806 -575 -668 920 -148 120 364 517 -649 -864 -653 650 -94 -838 -873
-226 998 -595 -1 -587 953 -233 -927 -896 449 -92 -508 -560 -365 828 -590 -312 173 711 -471 -560 -612 -708 -385 214 26 999 288 -481 -633 56 -330 299 803 952 -173 886 710 -105 29 186 -148 -847 790 -158 160 655 807 538 116 361 -375 -30 -310 425 288 897 -829 -389 149 -986 561 960 718 -998 570 18 12 865 -948 -478 -160 -320 391 -739 -822 312 -900 477 -128 -912 96 139 -632 -287 812 803 -702 154 -379 -896 725 612 -781 -282 -139 976
368 702 557 -707 686 -580 190 -442 -763 92 500 -841 -375 91 897 -513 644 274 825 -943 293 -979 -86 230 20 266 213 -355 -112 333 -691 -14 -857 -976 603 -692 850 -600 204 -993 667 275 136 -414 348 845 -961 844 -683 561 -639 -664 696 -803 -38 487 -875 414 -535 -764 893 730 44 -958 694 141 74 258 26 123 348 -159 -164 -603 -87 78 696 726 844 649 -986 93 628 423 779 197 696 978 683 -529 -347 -930 223 -431 -219 -698 -626
-424 -115 -300 508 -567 -924 -209 44 -218 635 175 -701 -228 110 -932 475 -664 -715 4 496 -774 -89 -372 603 -975 588 -850 -776 -890 572 -80 198 -171 -727 -507 170 -522 983 333 -672 -310 644 -440 624 673 871 -777 -151 248 -967 -749 236 895 890 391 -120 -999 450 264 877 -627 -938 -842 -977 -535 -542 -998 -375 470 297 -769 411 918 230 -643 -782 -534 429 -704 -973 -560 836 759 -125 -646 -632 105 278 -230 525 274 -718 -247 -331 -134 911 -313
-996 391 -595 300 -946 313 98 765 -731 -77 671 -582 915 138 -130 -843 809 197 426 845 194 180 -230 -696 527 158 779 287 895 226 -967 579 -486 -977 -182 429 -918 -273 -312 -653 -9 958 521 535 -274 -824 -323 -359 781 -32 -381 269 -675 -658 967 343 -948 592 412 -93 -153 -207 -734 -815 -496 198 484 -595 434 613 -591 -499 -210 945 373 -333 256 304 660 -910 35 829 -622 -66 -722 -423 -574 -212 -918 -419 249 920 -112 -486 301 -394 -572
401 431 -288 680 -337 466 750 366 784 72 -941 -737 -59 -632 -300 -271 928 989 195 487 -181 -818 458 -677 616 581 -92 -191 467 367 341 -776 -412 -849 -935 546 97 -193 330 -291 640 -108 923 301 490 588 -703 616 -261 39 -190 606 726 863 -219 -573 -106 630 601 -245 319 -533 482 -847 930 936 813 403 -417 -198 629 189 277 -834 -498 960 -27 485 719 623 -219 -589 -995 182 384 90 -558 216 410 238 236 -493 -542 5 321 786 304
989 897 -433 -243 649 980 -862 722 -502 -606 -773 697 342 289 -872 -784 519 -327 739 268 -14 180 28 -535 371 -223 -706 -913 914 103 112 769 116 614 346 800 32 -726 -702 716 -405 -983 -222 -246 483 763 -424 240 357 522 -758 -227 796 -785 771 -361 839 75 463 -548 -59 23 -609 314 479 195 -407 -38 -494 411 703 374 807 -136 458 204 -623 -510 210 714 -973 515 -563 -391 -853 -9 -365 -825 591 -560 -7 732 -558 -699 -414 590 -301
874 -50 -256 -557 91 -163 101 -431 -989 549 -750 803 89 188 -78 -445 809 -670 -845 -524 657 -803 653 879 546 -301 -509 -498 742 -802 -366 260 -463 719 726 -248 -561 2 -932 -260 -227 -983 -174 -962 -652 -297 -533 -54 976 380 -17 506 -896 856 -690 -661 405 -754 373 -963 845 374 -439 662 345 655 49 804 -902 351 -816 -162 -853 -760 -609 325 232 -38 -294 -356 -164 -241 -63 -927 -776 534 478 247 383 -465 646 -959 334 -96 840 -227 -951
-318 -157 -213 -911 -549 -75 873 449 -520 733 717 456 -953 -574 589 113 -257 892 -530 301 -772 -48 983 -141 123 -118 -639 125 654 723 -963 36 764 -575 -30 -682 -152 -530 498 979 -276 -720 -728 824 339 -809 -383 754 288 966 724 -620 -514 -631 430 996 996 837 -642 -641 -700 125 586 -163 -591 624 573 -145 571 351 -131 -875 -679 876 205 -756 593 -305 396 -572 150 642 343 -976 -449 -900 -414 -489 -528 635 -242 631 -72 -854 392 201 -906
-78 -466 207 -520 -819 -353 -934 -303 -155 -675 -903 -602 827 -351 331 950 868 -132 37 -796 -434 342 432 482 336 981 -583 379 799 -678 316 -515 -147 -741 -933 2 523 473 -953 -838 -608 31 -478 998 -350 566 -533 723 -336 70 632 -272 418 829 322 110 -600 165 922 -460 432 -890 -214 12 979 -40 470 -626 -673 -702 -48 -266 879 52 875 308 -107 605 -648 -399 234 202 924 57 -563 -948 -205 57 55 -235 765 -987 -400 -594 -778 -714 -294
200 436 911 -742 -643 -791 763 743 578 696 -811 -805 -564 21 -796 166 -885 -843 96 946 263 133 37 -846 694 -778 -733 339 -600 -763 -257 804 -593 713 138 194 -130 -762 684 -900 604 606 557 566 -491 279 752 616 -34 440 -468 998 -557 445 -168 -421 -2 473 -62 478 518 -117 -788 -473 162 890 -461 -389 936 986 45 354 7 -512 -305 58 -771 546 185 -11 790 151 975 -627 2 -498 -380 791 17 -837 -699 -779 -899 -228 -897 902 -364
-854 926 -408 33 842 -509 -162 326 -173 928 -740 760 186 -700 -401 -985 -504 -226 -358 761 590 783 -726 -526 687 -447 491 865 827 -354 276 810 541 -866 926 -309 -550 -400 -718 142 -23 436 -129 666 194 355 75 550 -609 -532 -191 -853 -369 -772 -823 -283 -39 -743 69 -538 -338 923 -617 711 535 -888 -480 556 606 -70 915 -542 776 206 -776 839 -225 -708 317 -954 606 14 -633 -850 -746 -224 -202 -177 30 434 -106 352 695 716 130 -257 -547
-737 611 566 -167 -812 262 918 -509 -237 -357 131 757 306 857 -500 -341 -344 704 -987 615 -115 -378 259 -719 96 179 771 -213 500 968 727 -46 424 938 -962 -736 386 45 735 223 -377 523 50 -696 313 4 379 249 -898 799 979 805 -967 -562 -587 -442 311 319 546 -275 -569 47 -846 730 983 362 408 -153 424 -387 448 830 653 13 -137 524 -155 144 215 685 -541 328 -274 134 -922 -832 -134 -63 602 -385 67 579 -342 -582 -251 -198 -497
502 984 338 522 299 -786 311 -262 228 936 372 -405 -558 709 -326 -469 -816 -104 988 42 -910 101 343 -306 455 857 383 559 253 -717 517 -27 -941 546 -860 861 -887 -708 571 -302 548 599 693 -962 -913 72 340 -996 -133 567 -948 1000 534 -149 587 -522 -599 -105 -490 316 -644 -400 -977 -35 -732 -342 -125 -61 -675 638 -33 -824 98 314 259 465 169 -171 -97 -792 236 -19 330 612 18 63 433 439 876 82 428 996 -21 -287 796 827 574
-653 -207 -670 -279 -7 -424 529 -526 179 -590 -662 597 -161 751 -684 -808 751 -183 419 872 -922 -450 245 274 -274 -731 379 -66 -375 417 -30 901 627 867 557 995 -96 -887 161 -809 -841 -235 988 -488 442 601 -237 -990 -671 -242 -105 -882 -334 724 -909 959 -992 308 -587 -231 301 625 6 -916 28 -516 -984 -722 -120 423 395 -506 826 -591 460 -972 -709 -672 -438 959 295 -467 -554 -457 522 -919 -730 824 410 -450 -170 128 768 -784 -483 -505 -204
466 263 93 -860 949 132 -638 112 -502 940 -273 709 -391 381 866 -971 314 -141 502 -225 -255 82 -111 -111 -537 -845 -9 -170 -189 73 699 -611 -73 -434 406 776 87 -1 -656 877 820 33 171 925 102 -785 -32 -322 -55 -63 449 -200 -34 138 893 -344 579 -610 -126 100 -371 -754 -628 -468 576 306 492 697 -255 866 404 -459 595 -784 990 294 685 -411 876 216 -595 -105 827 502 -650 -861 801 -187 -459 -531 -923 637 -734 -590 -579 -315 -847
-10 -910 -22 -217 -802 849 476 -422 -756 763 -11 -126 -173 491 -634 684 -618 583 -97 -979 449 592 315 370 -157 244 22 -58 -905 -333 60 -402 -178 -690 -592 846 -790 -981 869 -706 -311 -123 -324 -889 668 961 -69 696 -477 107 -314 -75 311 207 -339 174 4 -493 626 -194 -79 -575 -347 -230 -706 291 734 -759 776 183 -762 -429 75 306 -222 -622 309 289 -836 965 -765 186 960 100 -822 -351 33 -979 868 -298 -330 541 -266 -52 -476 138 -838
-731 -248 45 -323 -456 -479 -627 790 181 136 70 914 767 942 -519 -343 280 -528 -931 -690 -389 457 -333 -856 818 420 -265 584 951 -851 130 -442 808 451 -580 -36 163 -581 767 -289 753 -156 -393 182 -128 867 -522 -184 169 91 132 134 832 58 -205 786 -839 291 -224 347 -313 -445 -10 134 -273 290 -948 -645 636 -983 895 489 -900 -870 314 -186 984 832 753 294 -623 500 -786 -697 -427 281 2 568 464 964 173 -572 -881 -4 409 -305 -336
650 497 987 38 349 127 -393 -199 -883 -846 -859 458 617 494 935 -253 991 -994 -155 61 -920 -300 -675 -997 830 273 135 52 -598 608 -492 -546 302 -3 675 -778 796 -476 751 940 -255 -333 249 394 594 -655 557 -331 881 -920 83 -371 556 -291 597 -993 738 705 808 825 -142 544 -951 -499 995 166 757 895 -118 -223 180 -199 -773 354 724 -466 303 -419 254 -310 -979 -576 6 -104 793 289 -572 78 70 -433 -918 147 -919 -86 834 545 -309
479 502 -282 491 -196 347 -764 -578 738 -214 663 -701 631 -500 374 -952 -773 -318 -301 -158 -717 -146 -146 -467 289 -446 -746 -495 -107 -669 -162 829 396 -999 -722 -750 231 -762 768 158 807 -656 747 932 -349 -259 -226 853 -788 730 -414 269 760 -40 -863 -900 -118 580 37 -673 707 369 -280 -790 -814 -573 747 517 183 427 -781 64 21 650 270 164 -907 788 916 904 631 67 -872 189 580 325 156 902 31 -173 484 -441 298 46 -876 217 -684
728 -173 343 -208 844 -64 -248 993 -452 -349 -503 33 -139 -387 790 -895 -239 -327 757 -358 984 -348 336 355 612 456 925 -820 -576 -988 -165 -874 -725 184 -421 -475 911 11 -7 846 -695 767 -363 490 -780 -899 610 -883 -713 -198 -789 -528 -921 -565 -595 970 -662 533 -59 -83 954 45 118 -211 -879 14 -570 -53 -313 -471 823 -976 166 -938 -659 805 -154 536 945 -177 714 927 465 -632 -171 135 49 872 -38 -690 -574 563 -480 -413 -243 715 -370
154 733 70 136 -628 230 59 -106 891 -954 6 526 -382 502 347 -67 891 156 359 327 -293 177 -30 -568 -808 90 464 -794 -358 197 311 646 607 274 954 359 -215 -101 -972 -962 626 386 641 -881 -112 -379 742 117 419 -464 -575 767 -870 272 -117 -776 -90 -641 169 -256 -329 -655 242 -484 -558 714 603 -474 68 -774 446 -110 -64 -138 841 -417 -316 995 -509 870 970 865 649 -93 -774 -589 391 781 77 935 514 803 444 -474 -367 356 582
-327 700 251 321 -539 -275 54 -936 965 612 337 835 -221 86 -988 -75 67 -891 790 -994 204 -294 827 352 -172 -545 545 78 551 73 -364 -272 531 995 -695 100 483 -522 -883 -545 821 -764 -422 -991 -262 -316 -942 -9 -934 743 811 441 -958 -903 -8 -893 235 -29 496 -894 -136 430 830 116 44 466 -988 161 149 748 -660 -439 -599 -35 636 -557 187 479 -75 885 -502 -92 56 769 183 -185 -826 172 -512 -413 -733 -630 -546 594 102 517 967
-99 -656 -515 881 963 -74 -599 660 885 -660 683 747 222 272 290 -953 447 -735 -87 463 600 -518 733 135 -205 -226 -981 540 -21 -943 968 -150 314 209 442 -822 223 832 -285 -452 -2 255 -993 -643 610 -56 627 -140 318 312 389 -274 -623 -105 -102 -380 743 -698 -86 -505 -708 -317 -560 -408 -869 812 61 597 -267 -658 349 467 142 792 -447 -139 849 -655 267 887 -621 -45 -263 921 -939 -206 120 571 995 829 -167 -686 -231 -208 -703 -348 -731
723 -85 133 88 643 632 -865 -937 -149 -105 631 -450 927 447 290 163 100 728 868 600 -193 346 688 442 -87 158 433 -777 -645 -175 195 108 732 -490 303 652 -588 -182 834 -99 -244 -957 -775 365 5 978 -454 498 401 696 -478 -914 817 965 55 881 124 -117 -791 361 -439 225 -582 996 -118 -636 -554 86 -603 -713 305 262 0 -533 -868 818 279 713 452 -173 -403 -900 -217 -788 -3 -227 -765 316 860 -778 -835 -781 -514 -585 -725 -880 -191
519 -849 777 121 -734 -208 -668 873 -751 -490 -94 459 344 -670 -852 956 -840 -904 261 519 213 554 591 -404 482 -574 105 653 -121 987 742 565 -955 -932 905 -875 -672 19 524 93 -261 -166 544 403 -526 633 751 819 320 -408 -723 -45 -191 158 381 753 -62 155 -880 -197 357 238 312 923 -320 -796 -294 29 -12 -914 -62 -818 -308 -131 -383 -812 508 -499 -287 996 648 619 -119 580 278 -844 -245 -771 -772 -708 -869 252 -333 264 139 -315 222
-872 353 484 -509 -876 -6 -206 -281 -366 -425 -943 -23 530 597 -779 788 166 796 718 -152 944 573 85 -269 778 622 -189 -40 -179 -654 -279 -111 190 -895 303 -63 635 55 -323 882 -258 -248 463 221 -837 369 -552 -631 -276 -102 471 298 -281 -153 542 -822 -408 350 -459 -442 208 -269 -646 -161 -278 -978 -878 -239 934 462 337 -640 -156 -185 -894 509 222 759 -29 -983 754 103 0 337 11 845 123 -281 523 925 -827 -303 711 -608 -116 10 -481
877 832 391 -72 499 3 -155 -776 233 -627 381 701 380 -839 905 827 -168 800 -64 -592 786 -64 925 -250 -142 664 -418 148 894 243 472 801 -303 366 -40 710 234 -664 -44 -161 -655 -123 96 542 -540 895 -467 -389 832 809 -660 764 523 -127 -224 861 110 -286 -207 845 736 3 -900 501 974 784 -697 661 182 83 323 -244 -77 -946 587 -109 323 903 521 519 595 -80 344 178 -596 -590 -60 981 823 -937 -227 -700 892 -127 -118 734 968
-231 -151 535 -451 967 981 -621 451 379 753 466 -212 807 993 211 -347 633 -231 822 -711 680 -436 -319 608 570 150 -850 -236 -385 597 -160 -364 -514 -798 -287 -63 -902 958 -391 597 593 -793 -131 852 -95 378 -127 -181 -905 -798 779 -123 -970 830 -698 653 -96 -991 255 621 -557 -157 -928 -11 675 725 967 103 608 658 82 -946 -220 769 -343 159 -69 150 -825 952 943 -232 -809 710 -977 253 -777 -654 -580 66 427 43 256 -217 385 -625 -725
951 -147 -46 939 133 -543 -542 87 353 -342 753 392 -582 361 913 933 798 764 14 -887 509 -791 -588 595 -276 918 786 -886 -939 584 614 -117 -901 -377 56 481 -85 266 -269 -145 78 36 -659 172 491 538 -904 -740 -695 -929 -367 -249 546 -609 214 761 628 212 -283 -683 -671 -616 -961 86 -170 -408 139 -396 -376 33 -25 -929 -470 314 -471 892 -997 222 563 -567 301 324 -843 -66 -320 157 573 337 573 281 873 -154 287 902 -483 690 -117
-986 -864 -118 544 843 609 -115 73 498 -313 -54 -912 794 -11 127 845 751 -339 240 -485 920 -789 960 -452 -279 -766 927 -13 -827 -268 241 175 -285 315 -122 215 828 469 811 -272 -961 92 -708 -84 321 563 244 13 -828 412 -621 -281 -637 -858 -486 964 -521 -844 -794 705 617 -87 135 -923 -587 -49 -756 865 -249 104 -19 -141 308 923 629 357 168 704 -647 -238 -9 951 153 -247 50 145 -941 -742 761 98 686 -979 903 943 153 -366 606
162 912 930 272 -516 680 -395 -969 -342 -615 285 -15 -160 181 -640 92 961 824 -253 218 945 -930 -95 -15 -862 -261 875 -782 794 -485 185 -189 -266 887 175 -693 456 512 -582 346 -677 -84 -566 659 -921 -246 842 -905 224 -461 378 -370 313 -1 46 980 534 369 367 -353 -65 -111 -129 8 -400 372 -934 -99 -755 153 696 -814 -685 -958 62 -16 -486 957 -924 459 -234 -82 386 563 -371 -276 -588 7 -621 -699 -355 304 592 750 -217 -446 -524
906 -472 -230 -767 550 -544 915 614 447 -593 188 364 625 516 62 -552 -754 -577 -36 -687 -745 680 -932 -644 -567 537 764 -189 807 54 -526 85 -513 653 133 -793 -996 472 834 -793 -824 -640 -53 -655 -68 -629 562 522 981 -154 222 122 228 -578 -664 -825 899 -137 997 124 -929 704 -177 792 454 606 978 -605 526 -204 576 -676 288 868 946 989 15 480 540 256 361 665 -372 -741 473 -519 -529 -538 950 -101 367 733 939 -504 300 -719 788
-979 -218 -71 306 -265 -268 167 555 513 -235 -683 -687 884 241 -931 -627 -35 -902 -296 648 -515 980 446 150 -182 -322 -868 623 130 -195 -412 -901 -161 -28 974 393 -714 129 -483 -275 970 -522 444 964 -482 -845 566 -11 71 13 709 -203 -993 13 227 -713 -426 919 -308 -594 -557 149 181 -80 617 128 -843 330 788 859 721 826 -461 -116 614 -915 79 791 -881 -747 473 -56 -249 198 99 -755 -648 -3 180 526 466 269 -337 346 743 632 989
-833 -797 -137 374 213 313 982 -145 968 520 303 238 577 716 273 569 448 113 -531 716 -745 -829 460 73 582 17 -32 -343 110 -401 854 913 -92 218 -747 -288 821 -41 918 372 880 917 -321 973 -571 -639 -818 -199 -72 -777 702 926 129 -698 697 -841 -813 -371 667 -522 -410 305 -98 391 740 -816 -553 245 -179 448 -212 837 328 -991 369 -224 -970 -687 -2 -385 324 -786 430 -289 -179 -522 -601 371 873 970 -623 -919 -745 -879 -716 293 498
-663 882 601 -589 952 -818 -90 882 -576 -920 -948 -38 -399 407 -131 -423 -711 -447 -400 880 742 -342 82 -275 -404 950 918 467 -702 797 -531 -205 -265 -886 865 73 -382 911 -997 -987 775 329 597 596 245 732 -807 -198 316 107 -664 -658 188 470 838 -397 -680 288 835 -241 362 955 725 -566 -608 -702 -816 -988 -796 563 -744 18 809 728 238 135 289 -767 -923 -532 283 639 -824 -372 -358 -753 613 126 545 -15 241 495 443 548 511 459 -713
-496 -756 200 272 255 -79 -305 330 776 779 -872 600 -694 -553 946 -485 -926 695 -740 -459 809 -687 2 -68 845 -937 -361 554 -406 -655 123 112 -651 422 457 -805 -619 698 -688 -881 -962 161 476 239 891 914 -304 511 -760 406 -302 -895 -135 160 468 379 -886 327 -198 -566 -701 894 173 -800 760 356 -149 664 923 -985 200 27 -530 -300 -203 -38 137 -439 363 843 -172 -580 884 -302 786 -28 -873 692 474 453 -546 -479 3 -215 -811 714 -885
298 -575 -995 564 780 -341 962 -869 -585 -888 -19 679 -878 -202 -620 -629 907 837 139 519 -973 -97 43 401 -810 405 545 828 -264 -520 434 626 -421 -399 -708 788 -147 -706 808 -598 -321 473 -308 824 624 -538 269 -240 71 -216 -95 446 528 225 -14 229 317 -187 847 867 -658 602 -435 227 -292 -930 -966 959 -898 196 -878 -769 303 -500 -694 -702 -217 286 378 -792 181 643 280 -277 -114 -400 223 152 927 48 -273 285 -993 621 909 752 736
379 -341 -327 -60 209 227 -819 -405 -315 -196 -407 -133 -30 -929 567 -679 968 340 160 -381 257 853 -290 768 -804 -380 733 -225 7 -648 509 556 -115 -253 742 -79 -902 -673 -727 -791 951 790 -417 655 -905 33 -95 742 909 -408 2 -190 359 -216 509 403 -341 -317 150 946 908 -222 -800 -941 -551 -411 155 586 -798 -278 -137 -341 -296 780 937 521 -688 -685 105 -64 740 505 -762 -161 -969 525 -297 -212 -606 -223 878 299 -481 813 235 634 273
