254 8151 273034 174
0 2 4283
0 7 2618
0 18 238
0 21 8546
0 22 2004
0 25 4199
0 26 251
0 36 6370
0 37 1407
0 38 1550
0 47 9955
0 51 561
0 56 4557
0 60 3989
0 72 9082
0 73 8926
0 83 8814
0 86 3126
0 89 9106
0 93 4962
0 98 733
0 100 1204
0 102 332
0 111 7191
0 116 6993
0 117 1566
0 118 8015
0 119 9081
0 121 1973
0 122 3160
0 123 7761
0 126 2196
0 127 1037
0 129 7584
0 130 8180
0 131 9260
0 136 5062
0 137 1050
0 139 2964
0 144 5869
0 147 3761
0 153 6785
0 159 4498
0 163 5304
0 166 4353
0 167 8254
0 170 9450
0 173 7729
0 177 4600
0 178 6215
0 179 1382
0 184 2675
0 185 6107
0 187 239
0 200 2306
0 202 4233
0 205 2804
0 207 2646
0 210 2509
0 217 2398
0 218 6995
0 227 1412
0 231 2312
0 233 7954
0 245 7044
0 248 4758
0 249 9463
0 250 6038
0 251 4505
1 6 7674
1 8 640
1 11 9371
1 16 3041
1 19 1994
1 26 2103
1 33 3368
1 34 2251
1 39 2173
1 42 3941
1 54 6648
1 60 1631
1 65 5535
1 66 2123
1 67 314
1 73 3188
1 83 6256
1 86 5728
1 88 2527
1 89 9781
1 102 1207
1 103 5304
1 108 7835
1 111 5329
1 112 7023
1 121 2853
1 123 6539
1 131 8081
1 134 2291
1 136 5590
1 142 3091
1 144 9356
1 146 8906
1 147 8793
1 156 3977
1 162 6461
1 164 4319
1 166 6876
1 169 6203
1 172 1480
1 174 1901
1 178 873
1 179 9548
1 181 994
1 183 8135
1 185 5239
1 191 6509
1 192 9938
1 195 813
1 197 4440
1 203 771
1 206 6909
1 209 1715
1 213 6618
1 221 717
1 225 655
1 236 3192
1 239 7359
1 246 9900
2 3 9502
2 7 6108
2 9 9732
2 10 4274
2 12 7733
2 18 2749
2 19 9343
2 42 759
2 49 1027
2 51 4189
2 56 8823
2 61 2314
2 66 7023
2 68 3535
2 75 8098
2 91 2449
2 92 9005
2 94 1875
2 100 7779
2 102 5617
2 107 9835
2 112 2301
2 113 2807
2 115 9013
2 121 8053
2 125 438
2 132 2879
2 133 5826
2 136 7470
2 138 6834
2 140 6507
2 149 734
2 162 8789
2 164 2379
2 166 748
2 167 7253
2 178 5051
2 180 2609
2 183 6482
2 193 4088
2 197 429
2 204 4752
2 208 7093
2 213 748
2 216 7796
2 220 8980
2 224 6831
2 227 2767
2 230 6181
2 233 7979
2 235 2924
2 237 2801
2 242 5544
2 243 1629
2 247 8572
2 248 3910
2 253 9667
3 6 1430
3 13 5513
3 15 8274
3 16 9348
3 17 1925
3 18 6451
3 26 3760
3 33 8670
3 37 9889
3 49 3639
3 55 3909
3 60 5865
3 64 4096
3 67 8797
3 75 5602
3 83 6411
3 96 2065
3 103 4360
3 109 362
3 113 7071
3 114 159
3 116 3872
3 117 2533
3 119 7984
3 122 3717
3 129 4854
3 131 1274
3 138 6867
3 141 5153
3 144 6042
3 146 3503
3 150 4966
3 153 4334
3 158 4769
3 162 7500
3 165 9304
3 168 4717
3 172 4141
3 176 5936
3 178 5358
3 179 5180
3 183 6085
3 190 3097
3 193 6851
3 195 5006
3 197 6614
3 199 4459
3 204 5213
3 207 1859
3 209 5730
3 211 172
3 212 960
3 218 9668
3 219 1384
3 220 2610
3 221 9231
3 223 9020
3 228 6034
3 229 7931
3 231 4719
3 232 5640
3 235 2616
3 236 9231
3 240 3594
3 241 5289
3 242 2978
3 243 8783
3 244 8440
3 248 8488
4 6 2072
4 15 3096
4 19 510
4 20 5333
4 21 521
4 26 3530
4 27 5885
4 28 7186
4 31 656
4 35 7483
4 37 5075
4 38 2852
4 52 2597
4 60 322
4 65 9721
4 66 7130
4 68 9962
4 71 6850
4 78 7134
4 79 6802
4 93 7188
4 95 9488
4 97 8824
4 98 7548
4 108 378
4 124 3329
4 129 6260
4 131 6475
4 137 942
4 138 4069
4 141 5521
4 146 9899
4 147 4744
4 154 2533
4 157 7319
4 159 4557
4 167 2911
4 169 7974
4 172 4889
4 176 8766
4 177 5556
4 178 4586
4 179 3305
4 181 4434
4 184 122
4 187 4787
4 190 5769
4 195 192
4 196 1237
4 210 8751
4 212 3133
4 218 6891
4 220 5923
4 221 1259
4 222 260
4 228 177
4 243 3903
4 244 164
4 245 255
4 247 9741
5 7 9635
5 8 4346
5 11 938
5 12 6571
5 13 9123
5 16 6770
5 19 5427
5 26 7011
5 27 4267
5 29 4687
5 34 6255
5 41 1058
5 54 7551
5 57 9653
5 58 5497
5 64 5608
5 71 7490
5 72 22
5 82 2367
5 88 2718
5 89 8915
5 94 6957
5 99 3675
5 104 2616
5 106 5900
5 107 563
5 118 5299
5 123 5273
5 125 8157
5 127 5433
5 128 6266
5 132 1865
5 136 8948
5 137 2692
5 143 2701
5 147 1638
5 155 5884
5 158 373
5 164 9464
5 165 7463
5 169 5201
5 170 7606
5 172 4185
5 174 3106
5 180 9413
5 185 4345
5 191 4763
5 193 1120
5 196 3090
5 201 1672
5 224 6489
5 226 213
5 227 6461
5 232 161
5 233 7251
5 235 9812
5 238 3895
5 242 4585
5 244 2378
5 246 8627
5 247 6429
6 7 9542
6 20 407
6 21 8373
6 22 8565
6 24 8954
6 35 6067
6 41 6941
6 43 4572
6 44 3500
6 46 8046
6 48 1741
6 49 1964
6 53 1619
6 57 7308
6 72 2657
6 89 9488
6 90 9854
6 98 8819
6 101 9110
6 114 6079
6 116 9972
6 118 585
6 119 2854
6 123 3145
6 124 1216
6 129 2911
6 148 8979
6 149 2286
6 157 8653
6 161 5304
6 168 4682
6 172 399
6 182 820
6 184 7445
6 187 1872
6 189 3867
6 190 3617
6 191 4661
6 194 7269
6 196 6961
6 201 3074
6 214 978
6 222 3366
6 225 380
6 226 7967
6 229 6119
6 231 6193
6 235 5428
6 250 3672
6 251 8938
6 252 9266
6 253 6381
7 8 9250
7 9 8175
7 16 4581
7 17 5950
7 18 7941
7 19 9567
7 20 430
7 24 2991
7 43 6474
7 45 9
7 53 9942
7 55 7413
7 61 80
7 68 8329
7 74 1409
7 76 7668
7 79 3082
7 84 4226
7 87 631
7 88 7099
7 92 4242
7 95 3545
7 100 9580
7 104 7341
7 106 1797
7 117 29
7 120 7123
7 128 1711
7 133 9895
7 135 9935
7 140 206
7 151 2427
7 153 7269
7 161 1620
7 170 6526
7 172 4596
7 178 5731
7 179 9120
7 182 5431
7 185 8903
7 188 1488
7 190 8828
7 191 9746
7 192 3689
7 200 1133
7 203 6018
7 206 970
7 207 4896
7 218 1811
7 219 4948
7 223 7378
7 231 6194
7 232 3833
7 234 7961
7 235 7385
7 236 5619
7 239 1261
7 242 8806
7 249 2709
8 17 5550
8 21 972
8 23 6359
8 25 7512
8 26 2545
8 29 8300
8 30 6861
8 33 8317
8 36 6378
8 40 4120
8 50 4793
8 54 620
8 56 4325
8 62 4612
8 65 2594
8 70 7009
8 71 9742
8 75 395
8 80 310
8 81 2261
8 83 7118
8 90 6850
8 91 8399
8 95 4079
8 96 8466
8 102 1640
8 112 6669
8 114 7227
8 121 4931
8 123 4403
8 127 9766
8 130 1398
8 131 105
8 139 423
8 142 1680
8 147 5649
8 151 9228
8 153 8746
8 154 8760
8 157 3803
8 160 3692
8 167 1756
8 168 6735
8 169 9253
8 174 6270
8 175 8922
8 178 8705
8 180 5593
8 184 1617
8 199 5248
8 200 6400
8 202 7249
8 203 5334
8 205 2520
8 209 2019
8 211 6575
8 214 9077
8 215 2361
8 217 4302
8 222 5506
8 223 8474
8 226 8586
8 238 993
8 239 2970
8 245 2915
8 246 4022
8 248 9733
9 10 14
9 11 9840
9 16 2447
9 24 7432
9 25 3917
9 29 3235
9 38 5126
9 46 6889
9 49 9328
9 52 176
9 57 9061
9 80 345
9 82 8796
9 85 2640
9 89 7289
9 93 3877
9 96 792
9 105 8660
9 109 9140
9 110 8504
9 112 2986
9 116 8904
9 117 7057
9 123 4450
9 125 4113
9 127 8186
9 129 766
9 130 2474
9 132 3384
9 141 3299
9 142 27
9 149 9991
9 150 3934
9 151 4812
9 155 8351
9 157 6345
9 158 1461
9 161 7218
9 164 7296
9 166 1794
9 173 2719
9 175 498
9 180 1820
9 181 2830
9 185 3090
9 190 5251
9 196 943
9 199 6319
9 200 7477
9 201 364
9 202 7450
9 205 6541
9 208 8649
9 215 3765
9 218 6998
9 222 9213
9 223 4680
9 224 6576
9 229 7182
9 230 9212
9 231 7311
9 236 1580
9 237 5823
9 246 1636
9 248 2866
9 251 8118
9 252 9478
10 12 4151
10 13 1750
10 14 2113
10 17 5706
10 19 5745
10 26 2722
10 27 2388
10 33 3301
10 40 3218
10 41 1870
10 44 7658
10 45 4667
10 47 1296
10 49 7682
10 56 1395
10 57 3223
10 71 1448
10 73 3364
10 74 4144
10 75 6723
10 81 4720
10 91 4678
10 95 2621
10 96 5825
10 102 127
10 103 2411
10 105 9574
10 107 5846
10 111 1459
10 113 5420
10 119 9129
10 124 8320
10 133 1446
10 134 1625
10 135 7327
10 146 4522
10 147 9077
10 152 1859
10 155 9045
10 158 2960
10 168 308
10 178 4881
10 179 7879
10 186 3106
10 187 6157
10 192 2121
10 194 8313
10 200 7198
10 203 4892
10 217 5544
10 221 7214
10 230 8482
10 235 6664
10 237 1251
10 238 133
10 240 4354
10 244 6451
10 246 2974
11 17 9871
11 18 2048
11 24 9946
11 25 1666
11 29 4007
11 32 8949
11 34 6756
11 43 8799
11 46 7493
11 48 4212
11 49 2602
11 55 6825
11 57 9385
11 60 8041
11 62 2668
11 64 338
11 69 1820
11 72 5937
11 106 6200
11 114 1308
11 124 4074
11 127 3105
11 128 3262
11 134 7484
11 135 1096
11 138 833
11 141 8769
11 145 1711
11 151 4901
11 153 943
11 155 4362
11 156 2357
11 160 9647
11 161 6780
11 163 3192
11 167 8653
11 172 2633
11 180 5051
11 181 4184
11 190 3284
11 202 911
11 209 2779
11 212 2709
11 217 4810
11 218 7127
11 221 8235
11 222 9579
11 226 1074
11 232 7915
11 234 5768
11 236 4124
11 239 4799
11 252 9935
12 17 2639
12 19 4316
12 20 6466
12 21 8337
12 23 1659
12 25 6862
12 36 5392
12 39 9568
12 42 8494
12 43 8024
12 46 9167
12 53 7625
12 61 2261
12 79 1559
12 82 155
12 84 1296
12 89 5691
12 90 3707
12 91 2560
12 94 8820
12 106 9680
12 110 8988
12 113 9355
12 115 5330
12 116 2754
12 122 2918
12 127 7536
12 131 6737
12 140 4764
12 144 9354
12 146 9820
12 148 272
12 150 1084
12 151 4949
12 152 2069
12 156 842
12 157 5801
12 165 4524
12 166 4040
12 167 8521
12 170 9740
12 175 5329
12 176 8500
12 177 1545
12 178 5172
12 179 367
12 186 5308
12 192 996
12 201 5032
12 205 9777
12 207 737
12 219 5976
12 220 2629
12 221 4616
12 225 1822
12 232 6748
12 245 1783
12 246 7881
12 248 9025
12 250 4408
12 253 6705
13 15 9643
13 16 5430
13 20 7107
13 28 9031
13 34 7009
13 51 3698
13 57 5518
13 59 5463
13 60 9285
13 68 5540
13 72 4543
13 79 4566
13 89 5291
13 91 5641
13 92 1221
13 99 5572
13 100 5139
13 107 1705
13 109 23
13 117 7097
13 122 2404
13 125 718
13 127 5914
13 128 7145
13 130 22
13 131 3430
13 135 1037
13 136 1694
13 139 3441
13 140 7902
13 143 92
13 148 5464
13 149 8221
13 160 6338
13 165 8342
13 166 8803
13 172 4535
13 179 9042
13 182 2812
13 185 6171
13 190 8383
13 192 1053
13 195 8019
13 196 3281
13 198 7288
13 202 4449
13 203 2711
13 207 4635
13 211 848
13 216 5879
13 217 5725
13 226 9993
13 227 5547
13 239 3735
13 240 3423
13 241 902
13 245 6281
13 246 4429
13 252 5312
14 18 1697
14 20 9569
14 22 5042
14 40 8680
14 45 4311
14 55 6932
14 56 7711
14 61 9224
14 66 49
14 69 627
14 70 1972
14 71 2449
14 75 9850
14 78 6290
14 81 585
14 92 3021
14 93 2393
14 97 3044
14 103 6963
14 116 4082
14 125 8612
14 135 4154
14 147 4429
14 150 2490
14 154 6193
14 155 9282
14 156 6692
14 157 1753
14 158 8023
14 161 4526
14 169 1368
14 170 986
14 178 9652
14 180 2946
14 181 2401
14 185 5429
14 195 7629
14 201 6200
14 204 2027
14 206 8015
14 209 2383
14 210 8700
14 213 6338
14 214 9805
14 215 8484
14 216 713
14 219 5015
14 232 5568
14 233 2310
14 240 7586
14 241 2680
14 245 68
14 248 8005
15 20 8121
15 22 4460
15 25 954
15 29 9964
15 37 8700
15 41 6945
15 47 681
15 48 5292
15 51 3438
15 53 5326
15 56 3245
15 59 5653
15 60 5695
15 69 3811
15 82 9650
15 89 3928
15 93 4003
15 94 7055
15 96 9875
15 119 948
15 121 5424
15 135 4985
15 145 8257
15 149 8898
15 152 5714
15 161 421
15 171 9604
15 180 189
15 181 3710
15 185 5442
15 187 3070
15 188 4925
15 198 6831
15 201 859
15 204 2287
15 206 6923
15 210 3513
15 211 2553
15 212 1682
15 214 7295
15 215 4862
15 226 4074
15 231 5988
15 238 8443
15 240 8312
15 241 2957
15 246 8241
15 247 1737
16 20 4656
16 29 3449
16 43 1291
16 44 2313
16 45 2035
16 49 5352
16 51 365
16 64 5602
16 69 1571
16 70 2795
16 73 8079
16 74 253
16 81 1495
16 82 4376
16 92 1043
16 97 3939
16 98 1425
16 99 8796
16 105 8242
16 106 8480
16 109 211
16 113 9214
16 115 2212
16 118 3537
16 120 1838
16 127 499
16 128 2098
16 129 3889
16 131 3002
16 138 841
16 157 2690
16 158 3486
16 163 3186
16 166 5660
16 172 3813
16 175 7349
16 177 9259
16 183 3539
16 186 1332
16 195 1752
16 197 8608
16 199 6189
16 204 30
16 208 3613
16 210 3614
16 218 5679
16 222 9602
16 228 8560
16 229 1942
16 231 8087
16 233 5947
16 239 7305
16 246 5923
17 18 7647
17 22 6659
17 28 7181
17 29 2034
17 33 503
17 38 7379
17 44 9625
17 46 6218
17 49 4552
17 50 360
17 55 4767
17 58 9419
17 63 3666
17 67 6970
17 73 1502
17 74 8006
17 77 2253
17 83 8580
17 92 9660
17 110 9446
17 115 1225
17 116 572
17 118 5881
17 128 6592
17 137 5616
17 138 8798
17 139 5461
17 141 719
17 146 7011
17 148 6831
17 149 1931
17 153 5803
17 155 778
17 157 7506
17 158 4518
17 163 1102
17 164 2565
17 167 7829
17 168 1544
17 169 3867
17 179 318
17 193 8650
17 196 6445
17 197 250
17 208 9243
17 211 6322
17 212 6234
17 232 1484
17 238 6268
17 241 8570
17 246 2407
17 247 6836
17 250 3432
17 253 3042
18 19 8797
18 23 2846
18 35 929
18 45 7277
18 50 9976
18 68 6963
18 69 9626
18 71 9866
18 72 7031
18 78 1386
18 85 7386
18 87 9174
18 91 5168
18 97 5354
18 101 4935
18 102 643
18 120 9655
18 122 8442
18 138 3685
18 141 3203
18 150 1012
18 156 8191
18 157 5436
18 159 6185
18 164 4654
18 171 335
18 172 3001
18 173 5602
18 180 4790
18 182 1822
18 183 3999
18 186 3660
18 187 9906
18 189 3793
18 193 5718
18 195 5192
18 200 1585
18 202 1882
18 203 9006
18 205 901
18 207 704
18 214 5604
18 221 3904
18 224 968
18 228 5238
18 229 6855
18 231 883
18 234 8142
18 236 9631
18 246 5067
18 249 1111
18 250 5111
18 253 8524
19 21 9176
19 25 6289
19 28 2689
19 29 8508
19 33 8783
19 34 93
19 35 8230
19 36 2709
19 40 6969
19 43 4708
19 47 1258
19 50 4123
19 53 3856
19 61 1820
19 65 2796
19 73 2366
19 75 6270
19 80 2798
19 91 6220
19 96 5931
19 97 2577
19 99 2513
19 105 1129
19 107 6366
19 113 1850
19 124 140
19 130 7061
19 138 7307
19 143 6258
19 152 129
19 154 7879
19 156 9650
19 159 9316
19 161 8037
19 165 5448
19 166 3597
19 168 2020
19 179 58
19 187 5604
19 189 493
19 196 5217
19 202 2127
19 203 7960
19 209 5753
19 211 3765
19 217 9991
19 220 7458
19 223 6787
19 226 2417
19 227 9149
19 228 1255
19 234 7564
19 235 8498
19 243 7221
19 246 5634
20 29 5035
20 33 9688
20 37 9317
20 38 3265
20 40 371
20 42 5881
20 45 749
20 47 4535
20 53 8026
20 54 1171
20 58 807
20 60 8753
20 74 4492
20 75 6042
20 90 5084
20 94 5181
20 95 2326
20 97 4788
20 101 3931
20 107 4092
20 115 6004
20 118 4446
20 126 7509
20 128 1956
20 130 838
20 136 9996
20 140 8991
20 145 284
20 151 5085
20 154 2555
20 164 5069
20 165 902
20 167 6078
20 185 4296
20 189 5941
20 191 9160
20 193 9210
20 205 2758
20 207 4678
20 210 9000
20 212 7830
20 216 1520
20 222 5748
20 225 1742
20 227 4791
20 228 9140
20 232 5017
20 237 3235
20 240 6758
20 242 6269
20 247 9817
20 253 9137
21 23 2017
21 26 7723
21 27 1823
21 29 1048
21 37 705
21 40 3285
21 45 3362
21 46 9112
21 54 6019
21 57 4424
21 60 1208
21 65 9290
21 67 5428
21 68 5104
21 69 409
21 70 3022
21 76 9014
21 78 8167
21 86 931
21 89 7529
21 92 2728
21 97 4696
21 98 3613
21 100 6875
21 101 8078
21 103 6663
21 105 6391
21 111 9708
21 114 2702
21 117 2145
21 118 9676
21 123 6736
21 129 1897
21 131 9402
21 137 512
21 144 2114
21 153 9289
21 159 8933
21 164 6584
21 165 6266
21 167 3862
21 169 6889
21 171 8577
21 172 1393
21 173 7706
21 174 7012
21 175 7357
21 191 2356
21 197 8316
21 203 7240
21 206 3720
21 207 2058
21 220 6454
21 223 6158
21 225 142
21 234 8201
21 235 1296
21 239 63
21 241 3075
22 26 7349
22 29 6358
22 47 1821
22 49 2870
22 53 860
22 54 8201
22 56 9244
22 61 2661
22 71 760
22 72 268
22 86 9265
22 93 8964
22 97 8799
22 98 6653
22 102 5459
22 103 6364
22 107 6756
22 115 9401
22 118 4691
22 128 2499
22 131 6356
22 132 5753
22 138 3465
22 141 9720
22 143 4085
22 144 450
22 145 7506
22 147 8963
22 155 5038
22 157 4340
22 159 778
22 160 25
22 164 410
22 165 37
22 170 9083
22 171 9911
22 173 7620
22 174 635
22 179 2101
22 182 1647
22 184 949
22 194 9230
22 196 5166
22 198 7947
22 205 3367
22 210 6204
22 213 848
22 219 3011
22 226 5594
22 233 1705
22 235 4970
22 248 9277
22 249 5340
22 252 537
23 29 8368
23 32 9604
23 36 9828
23 39 8193
23 40 5533
23 50 8907
23 52 3137
23 55 6495
23 58 56
23 61 7382
23 64 4725
23 70 9603
23 76 4859
23 78 8637
23 80 3303
23 92 4586
23 93 4921
23 94 4042
23 95 9309
23 101 9625
23 111 2448
23 116 5203
23 118 4917
23 119 4344
23 123 3365
23 126 134
23 127 3852
23 131 3563
23 134 2536
23 140 3879
23 149 4528
23 152 212
23 154 9009
23 157 2190
23 162 3635
23 168 1140
23 181 4405
23 185 2554
23 188 9347
23 191 3518
23 194 9969
23 195 3663
23 201 5176
23 206 8583
23 212 4157
23 215 2086
23 216 182
23 217 7555
23 224 2553
23 232 7017
23 240 467
23 251 2276
24 25 9744
24 28 7085
24 29 8054
24 36 6030
24 43 1769
24 52 3576
24 54 1006
24 57 3949
24 64 1195
24 66 4342
24 68 2075
24 70 3827
24 72 2354
24 74 3072
24 77 1747
24 81 2154
24 83 4295
24 92 3096
24 94 2702
24 95 100
24 98 7014
24 99 6282
24 113 8476
24 114 2019
24 115 6151
24 117 7357
24 118 4885
24 120 384
24 123 1891
24 125 2734
24 133 333
24 134 1703
24 135 5718
24 137 8922
24 138 3626
24 139 1295
24 141 7642
24 146 5340
24 147 2261
24 152 2170
24 157 6584
24 160 7824
24 163 1475
24 165 3142
24 166 8302
24 167 91
24 169 1033
24 170 1516
24 174 9053
24 175 5101
24 176 5567
24 177 1458
24 179 9338
24 181 9348
24 182 13
24 191 492
24 198 1141
24 200 9983
24 201 9674
24 203 3340
24 205 2744
24 206 6384
24 207 8231
24 209 8562
24 210 5834
24 211 8500
24 216 8023
24 219 6147
24 220 2484
24 221 8260
24 225 8145
24 226 516
24 227 6168
24 228 7561
24 230 2471
24 231 9832
24 236 7237
24 241 1257
24 243 5876
24 248 5162
24 249 6561
24 250 7477
25 31 2750
25 39 1149
25 42 9266
25 46 1847
25 50 3008
25 53 4627
25 59 7144
25 65 7437
25 67 3068
25 74 4175
25 77 1151
25 78 2356
25 79 7296
25 84 2392
25 86 2951
25 89 1947
25 94 292
25 99 2767
25 109 3975
25 113 3252
25 115 8458
25 118 462
25 121 4398
25 125 6964
25 126 895
25 130 4600
25 142 9183
25 145 4830
25 147 9555
25 154 41
25 160 5081
25 162 2826
25 163 5485
25 166 7116
25 168 4866
25 171 4179
25 182 1312
25 187 1269
25 192 1126
25 193 5343
25 200 597
25 201 3755
25 202 3574
25 203 8797
25 205 6930
25 208 9078
25 210 1304
25 212 3266
25 215 8423
25 221 8932
25 226 8426
25 230 6083
25 234 4288
25 244 7616
25 245 4435
25 246 4431
25 251 6110
26 27 1651
26 33 6833
26 40 4824
26 46 1813
26 53 5073
26 58 8036
26 60 4320
26 63 6117
26 66 255
26 74 5342
26 76 1861
26 78 2493
26 79 4764
26 82 3655
26 83 6171
26 92 2731
26 93 8246
26 95 767
26 96 4963
26 97 9002
26 103 7137
26 106 9834
26 108 7658
26 109 2127
26 119 4886
26 122 123
26 132 4305
26 133 2947
26 150 5492
26 155 4065
26 157 2004
26 159 4474
26 161 7159
26 180 1655
26 181 8022
26 183 5330
26 187 737
26 189 2503
26 191 4367
26 197 7176
26 198 1721
26 201 5907
26 204 7599
26 209 9043
26 210 1795
26 214 865
26 223 4893
26 227 8026
26 230 4921
26 231 6566
26 237 182
26 241 5083
26 242 8334
26 248 478
27 30 7364
27 31 2754
27 41 9566
27 46 1265
27 55 2375
27 57 43
27 67 7286
27 71 741
27 72 9622
27 77 3478
27 78 510
27 80 2083
27 86 4771
27 87 5146
27 91 8599
27 93 9041
27 94 5454
27 95 4471
27 96 7293
27 104 7621
27 107 9346
27 108 9381
27 110 1510
27 111 3662
27 112 3143
27 114 4638
27 116 3351
27 118 649
27 120 5483
27 121 6414
27 128 1286
27 130 5756
27 131 6863
27 133 1908
27 134 5890
27 145 2
27 155 5343
27 156 7569
27 159 94
27 162 2492
27 166 4738
27 170 8971
27 171 8000
27 172 519
27 176 5963
27 179 2854
27 187 3785
27 192 6190
27 204 1537
27 206 9777
27 212 1737
27 218 6964
27 221 1875
27 224 7900
27 232 542
27 234 1622
27 250 3896
27 252 9918
28 36 6135
28 41 8993
28 47 3710
28 64 691
28 65 1112
28 66 2959
28 67 8191
28 70 9659
28 73 6450
28 74 1674
28 81 3500
28 84 1533
28 91 2018
28 93 918
28 94 4142
28 104 2573
28 108 3549
28 110 1173
28 112 2435
28 113 1331
28 117 2250
28 119 4059
28 120 1017
28 122 4137
28 123 1295
28 125 6876
28 127 158
28 128 7319
28 131 8778
28 133 5758
28 135 9915
28 140 2296
28 145 2650
28 147 632
28 148 5823
28 151 5381
28 154 4832
28 156 6193
28 157 3428
28 162 4290
28 163 8491
28 165 9677
28 166 8064
28 172 1918
28 174 4006
28 176 5641
28 177 9183
28 182 6336
28 186 4484
28 199 9477
28 205 9188
28 206 5642
28 207 1656
28 208 6398
28 209 6531
28 211 4127
28 218 7943
28 219 7555
28 233 641
28 234 2897
28 241 5087
28 242 5357
28 245 1173
28 251 1432
28 252 9833
29 32 8859
29 39 2461
29 45 9179
29 53 8612
29 60 4919
29 63 7371
29 72 2437
29 75 7777
29 76 2077
29 78 5206
29 81 254
29 86 2595
29 90 8253
29 92 4348
29 99 1333
29 101 4730
29 106 3929
29 109 5584
29 124 3085
29 135 9343
29 136 6339
29 137 41
29 141 9346
29 147 7123
29 152 7272
29 154 2556
29 164 2902
29 166 9864
29 178 9553
29 180 2619
29 181 63
29 186 9793
29 192 4691
29 202 1472
29 213 5716
29 217 8825
29 218 1894
29 220 2954
29 238 5483
29 239 8150
29 241 9352
29 242 2250
29 246 8361
30 34 8437
30 38 281
30 42 7394
30 46 4381
30 52 2201
30 56 7191
30 59 4791
30 62 4449
30 63 5735
30 64 7625
30 77 1279
30 86 3167
30 88 8138
30 93 407
30 94 3939
30 96 8367
30 105 5967
30 106 719
30 107 2683
30 110 7705
30 112 7619
30 114 6568
30 121 3249
30 123 6991
30 130 6211
30 132 5503
30 133 9123
30 140 5955
30 143 3819
30 151 5025
30 156 1764
30 157 4377
30 161 898
30 163 8089
30 164 1222
30 171 1273
30 174 6412
30 178 8480
30 186 266
30 194 1845
30 195 9584
30 204 8630
30 206 3616
30 207 7504
30 213 162
30 214 9215
30 219 5793
30 222 3305
30 229 4396
30 230 9267
30 233 6069
30 235 35
30 236 6199
30 241 129
30 242 2082
30 244 9410
30 248 4853
31 40 3217
31 41 4298
31 42 5161
31 43 8522
31 45 8439
31 54 8770
31 60 6786
31 61 2032
31 67 7108
31 71 7422
31 73 4481
31 77 5494
31 84 2178
31 86 1129
31 101 8
31 105 3334
31 107 4915
31 109 6895
31 113 3586
31 117 3339
31 122 5009
31 124 4566
31 130 9200
31 133 8235
31 142 3867
31 144 818
31 154 4351
31 158 5982
31 159 5991
31 160 5331
31 164 8409
31 165 1741
31 171 3123
31 175 3319
31 178 9592
31 179 496
31 184 3605
31 187 529
31 198 6371
31 200 7526
31 201 6205
31 202 4733
31 204 334
31 209 9391
31 210 418
31 212 4246
31 217 9763
31 219 6022
31 221 4226
31 225 3541
31 228 7514
31 230 1000
31 231 2061
31 235 2439
31 236 5327
31 240 4542
31 248 4417
31 251 2121
32 33 8729
32 40 3177
32 41 618
32 42 2022
32 48 2299
32 51 2008
32 52 9771
32 60 4488
32 70 9707
32 78 6105
32 83 4127
32 89 7528
32 92 9358
32 93 4170
32 97 6061
32 107 2239
32 111 9038
32 112 5902
32 114 6566
32 120 593
32 122 1218
32 123 2675
32 124 2514
32 129 6752
32 134 7886
32 139 7478
32 140 6125
32 146 7240
32 149 2149
32 160 4736
32 170 6961
32 175 9575
32 178 4641
32 183 8791
32 185 872
32 188 8559
32 191 5556
32 193 8739
32 198 2074
32 199 7236
32 201 9690
32 204 9744
32 205 8127
32 209 3957
32 219 1621
32 222 244
32 235 2786
32 239 3813
32 245 2414
32 248 6563
32 253 4408
33 53 4791
33 57 8110
33 59 8356
33 60 3658
33 62 4549
33 64 619
33 69 3815
33 72 9361
33 81 3609
33 92 9538
33 98 3926
33 100 8571
33 101 4530
33 102 1186
33 103 3876
33 106 9584
33 107 8093
33 108 3158
33 109 1231
33 112 2982
33 115 8677
33 116 4726
33 122 2939
33 131 6715
33 132 1328
33 133 2389
33 134 4489
33 142 4670
33 143 1330
33 146 7784
33 149 2981
33 150 86
33 152 1766
33 153 496
33 155 8568
33 156 2408
33 164 8380
33 165 1074
33 167 7866
33 171 3060
33 173 5175
33 174 1842
33 190 6702
33 194 9792
33 196 9257
33 205 5942
33 211 2523
33 212 7982
33 216 9657
33 217 503
33 219 380
33 223 1234
33 225 3854
33 230 4152
33 231 2698
33 232 8410
33 233 2920
33 236 1722
33 240 7441
33 248 1297
33 251 6507
34 36 5092
34 38 6279
34 39 1733
34 44 3200
34 51 1587
34 55 8327
34 59 1613
34 69 5259
34 72 7998
34 75 3752
34 77 7171
34 78 6467
34 79 9129
34 80 9870
34 83 9809
34 88 9247
34 89 7002
34 93 4676
34 94 5778
34 96 9783
34 98 9007
34 99 4761
34 102 987
34 105 4739
34 106 6022
34 111 2651
34 112 9425
34 115 4174
34 117 8323
34 121 6229
34 124 4285
34 131 411
34 141 8545
34 147 1479
34 151 9570
34 160 9158
34 166 8113
34 167 3143
34 169 897
34 172 5959
34 179 9728
34 184 3030
34 191 1435
34 194 3094
34 204 2869
34 206 9593
34 207 4973
34 211 1831
34 216 2060
34 219 8287
34 222 4286
34 227 1103
34 230 736
34 232 7806
34 238 7798
34 248 5179
35 37 4140
35 40 1392
35 42 2333
35 43 6
35 45 3500
35 46 7760
35 49 3013
35 53 4290
35 58 3217
35 62 9790
35 63 3042
35 66 7439
35 69 2355
35 70 9344
35 72 215
35 85 833
35 87 3192
35 92 1111
35 95 2118
35 100 4049
35 102 3914
35 104 4124
35 106 169
35 114 7815
35 116 3890
35 118 1359
35 121 8638
35 122 7242
35 124 6651
35 125 3424
35 126 39
35 129 396
35 138 8896
35 143 1964
35 144 5922
35 145 3292
35 146 3789
35 150 2554
35 166 6869
35 167 4735
35 174 1268
35 176 5705
35 178 136
35 181 8443
35 185 2521
35 188 5953
35 190 9656
35 193 474
35 195 3093
35 202 879
35 207 7578
35 211 7991
35 212 4518
35 214 2803
35 221 3551
35 222 1859
35 223 5165
35 225 2822
35 228 4723
35 229 1998
35 230 2025
35 232 1715
35 233 7696
35 234 7400
35 242 727
35 245 8805
35 248 1977
36 38 777
36 42 2155
36 44 5844
36 50 6496
36 55 1209
36 56 493
36 66 1447
36 72 3454
36 75 7662
36 76 1901
36 78 7107
36 80 1986
36 81 9850
36 88 8199
36 91 4889
36 98 2518
36 100 4049
36 103 6731
36 105 5832
36 106 8640
36 116 4925
36 117 8035
36 118 1690
36 120 439
36 124 8502
36 134 8119
36 136 6608
36 137 2228
36 138 5498
36 145 9446
36 167 1994
36 171 2380
36 173 6844
36 179 5919
36 182 3849
36 183 8732
36 188 6254
36 189 3266
36 192 6532
36 198 4048
36 203 9772
36 204 8735
36 206 69
36 207 5431
36 212 1316
36 219 9367
36 227 383
36 230 2176
36 231 8523
36 235 9771
36 236 6140
36 239 6913
36 244 5103
36 247 5949
36 250 4762
36 252 7724
37 39 7433
37 46 5840
37 48 9497
37 51 444
37 52 3483
37 55 4851
37 56 6729
37 60 6767
37 61 3853
37 62 8564
37 67 9462
37 69 8847
37 71 1
37 72 9273
37 74 5782
37 76 3460
37 78 4995
37 89 4907
37 98 6629
37 99 9718
37 104 4442
37 108 8996
37 110 7722
37 112 234
37 116 9127
37 120 5199
37 127 9971
37 132 3899
37 139 2532
37 141 5655
37 145 3491
37 146 9145
37 153 870
37 155 3156
37 156 5889
37 158 6002
37 167 8560
37 168 8845
37 173 1295
37 177 969
37 181 8793
37 183 1020
37 188 7144
37 192 3574
37 195 6024
37 198 8966
37 201 2493
37 202 4503
37 206 2830
37 210 2970
37 211 9262
37 217 7066
37 219 6203
37 221 1449
37 222 6433
37 228 4561
37 229 7742
37 231 8787
37 237 436
37 243 874
37 249 9294
37 251 5424
37 252 2885
38 52 6619
38 55 8817
38 58 2567
38 60 9926
38 61 9323
38 65 8235
38 67 899
38 72 4990
38 74 2608
38 76 4936
38 78 7454
38 82 8827
38 85 5693
38 89 3137
38 90 3137
38 91 5441
38 99 1024
38 105 9352
38 113 5868
38 114 583
38 122 7617
38 125 5397
38 132 3965
38 135 7959
38 140 1526
38 142 7513
38 143 9630
38 144 4714
38 145 35
38 147 6989
38 153 3285
38 154 3762
38 168 2861
38 173 7195
38 174 4516
38 175 4355
38 177 8405
38 180 2701
38 181 2675
38 183 53
38 185 5247
38 186 3746
38 199 5633
38 202 4515
38 203 4005
38 204 5478
38 219 7257
38 222 7645
38 225 2923
38 227 1927
38 228 8921
38 232 6237
38 238 8849
38 239 6290
38 241 5132
38 242 3728
38 243 1621
38 246 5083
38 250 1907
39 40 7630
39 44 5441
39 48 8191
39 49 4361
39 59 5009
39 60 5572
39 64 8705
39 71 6515
39 75 2128
39 76 1301
39 78 553
39 88 2685
39 89 3469
39 91 6803
39 93 1441
39 95 7846
39 98 7122
39 102 1530
39 112 1557
39 113 4186
39 115 3703
39 118 6592
39 119 3410
39 128 1651
39 140 497
39 149 7390
39 154 8774
39 155 1292
39 156 5611
39 159 4851
39 163 2090
39 164 3273
39 175 3589
39 176 5502
39 177 2100
39 179 4591
39 181 6876
39 183 4134
39 187 9492
39 190 758
39 196 8325
39 197 8874
39 205 4187
39 208 3565
39 209 6917
39 214 2628
39 227 9742
39 230 3436
39 234 5474
39 236 5646
39 241 4851
39 248 806
39 250 9469
39 252 7144
39 253 328
40 42 7668
40 43 8008
40 48 5750
40 61 1421
40 69 6401
40 73 4559
40 75 7007
40 76 5470
40 87 687
40 98 8991
40 100 1841
40 109 174
40 112 9983
40 113 2713
40 119 5657
40 121 6919
40 122 1740
40 125 6392
40 127 8786
40 132 3545
40 137 48
40 138 9866
40 139 3313
40 144 2919
40 145 4647
40 146 8738
40 150 95
40 153 2632
40 158 9713
40 159 7613
40 163 2473
40 167 8215
40 168 1737
40 171 1770
40 179 7829
40 180 542
40 184 3351
40 185 8954
40 187 7891
40 194 642
40 197 2118
40 198 2066
40 199 2412
40 206 1672
40 207 1411
40 214 452
40 215 7811
40 222 5018
40 224 3507
40 225 6812
40 227 4722
40 228 9426
40 238 8948
40 239 4977
40 246 9146
40 251 7273
40 253 2763
41 48 8411
41 54 5193
41 57 7546
41 64 9131
41 69 8943
41 71 6760
41 72 4852
41 78 5895
41 81 4734
41 82 6798
41 84 6989
41 87 5411
41 91 3657
41 94 3968
41 95 8139
41 96 5216
41 99 9371
41 101 5609
41 106 2647
41 113 7191
41 114 1485
41 116 316
41 119 8121
41 120 1025
41 127 8240
41 128 3746
41 129 1222
41 132 9415
41 141 9980
41 144 5903
41 149 3176
41 154 1750
41 162 6966
41 164 1383
41 170 628
41 175 7275
41 179 3037
41 184 6045
41 192 8839
41 197 409
41 200 856
41 201 929
41 211 1608
41 214 8948
41 219 1445
41 220 3067
41 224 9372
41 226 5187
41 227 3925
41 228 1287
41 233 9384
41 234 5248
41 235 7123
41 244 8028
41 246 131
41 251 9974
41 253 6013
42 45 7375
42 47 829
42 57 8320
42 58 6651
42 59 7614
42 64 8701
42 70 7005
42 72 7160
42 75 5984
42 76 3240
42 79 3039
42 82 1086
42 85 7709
42 89 4605
42 90 5116
42 93 1111
42 97 174
42 103 2258
42 106 2890
42 109 9532
42 119 2863
42 121 2253
42 124 3358
42 125 9549
42 134 2902
42 135 7727
42 136 2629
42 151 7646
42 155 3702
42 157 3794
42 159 5042
42 177 7171
42 188 868
42 193 2420
42 194 2780
42 195 5739
42 200 8981
42 203 9380
42 210 4208
42 216 6762
42 217 4663
42 220 5495
42 221 6044
42 224 499
42 228 4178
42 229 1754
42 231 1255
42 235 893
42 237 653
42 239 220
42 240 5086
42 244 986
42 253 182
43 46 4855
43 57 5031
43 58 3886
43 59 2599
43 60 3530
43 61 2898
43 66 1096
43 67 9012
43 69 8533
43 72 3305
43 77 1463
43 83 3370
43 84 3399
43 85 5690
43 86 750
43 90 415
43 93 64
43 100 1582
43 114 5197
43 119 5012
43 121 486
43 123 973
43 126 6805
43 129 3112
43 133 9073
43 135 7072
43 136 5871
43 138 3697
43 139 1139
43 141 4056
43 143 8088
43 145 2693
43 148 9456
43 149 9092
43 152 9866
43 153 4567
43 157 8488
43 158 5678
43 163 5465
43 165 7434
43 168 8737
43 172 5214
43 174 6309
43 178 2525
43 181 197
43 182 5178
43 185 3833
43 186 8289
43 188 8787
43 189 8410
43 201 9849
43 202 513
43 209 3621
43 213 6675
43 218 6133
43 220 8342
43 222 7450
43 223 6467
43 235 2897
43 236 7824
43 244 5538
43 249 8417
43 251 400
43 253 3068
44 47 6832
44 51 2468
44 52 7766
44 53 2797
44 54 5431
44 58 2231
44 59 2597
44 60 1092
44 65 2185
44 69 6503
44 72 6486
44 75 3835
44 76 1445
44 80 8428
44 82 210
44 84 6575
44 87 1346
44 88 3902
44 90 6883
44 92 6756
44 93 4172
44 98 1189
44 100 5786
44 101 1478
44 105 3662
44 108 8869
44 109 8269
44 112 2576
44 119 9091
44 127 5879
44 128 8723
44 133 2281
44 151 318
44 152 6311
44 153 6785
44 154 913
44 157 5298
44 161 4491
44 164 3125
44 169 8082
44 170 8737
44 171 5540
44 176 8092
44 178 9203
44 184 2796
44 186 8279
44 192 2156
44 208 9699
44 217 9398
44 218 8059
44 221 9571
44 223 8294
44 225 4069
44 230 9398
44 233 8277
44 234 5382
44 237 7339
44 240 2086
44 243 6902
44 245 1126
44 249 5600
44 251 2193
44 252 5610
45 46 4219
45 48 9972
45 51 3079
45 52 9201
45 53 7973
45 57 5387
45 58 2692
45 61 640
45 67 38
45 71 3916
45 80 7207
45 81 6873
45 86 1921
45 96 9196
45 99 2438
45 103 4229
45 110 3582
45 112 2266
45 118 5189
45 119 9762
45 122 2830
45 127 130
45 129 5990
45 130 6358
45 131 1594
45 132 8024
45 135 5703
45 141 5592
45 142 957
45 147 2208
45 148 5022
45 149 2415
45 156 1477
45 157 5408
45 164 2348
45 168 3016
45 173 1862
45 179 5477
45 180 1569
45 182 9508
45 186 4169
45 194 5135
45 200 2069
45 202 7436
45 203 8853
45 205 6387
45 213 3661
45 218 2253
45 220 997
45 224 6953
45 225 2183
45 227 9565
45 229 1106
45 234 1077
45 235 2421
45 237 183
45 241 9646
45 245 1885
45 247 3812
45 248 8502
45 252 9705
46 52 9546
46 53 7204
46 55 1879
46 56 1255
46 59 5116
46 60 5302
46 62 5647
46 64 2351
46 78 6709
46 86 7310
46 89 7122
46 90 9921
46 91 9029
46 98 3247
46 101 5725
46 110 5781
46 114 5745
46 115 1613
46 119 2559
46 123 8212
46 125 1740
46 127 1830
46 129 1984
46 133 7818
46 138 7848
46 139 3983
46 142 5157
46 144 5048
46 145 5376
46 159 2471
46 161 5857
46 163 777
46 170 9333
46 177 3812
46 185 9030
46 186 9983
46 187 9588
46 194 1860
46 209 9012
46 210 8250
46 213 6844
46 215 3846
46 218 8456
46 219 6135
46 221 9618
46 224 5624
46 225 8196
46 239 1743
46 241 8560
46 243 7468
46 247 7262
47 48 8294
47 49 8259
47 50 1838
47 53 273
47 56 5807
47 58 3444
47 64 3120
47 67 6240
47 79 1089
47 99 5949
47 107 2693
47 114 8001
47 115 7427
47 116 5554
47 125 8095
47 127 3803
47 128 3137
47 131 6030
47 138 1646
47 140 6512
47 144 2592
47 146 6456
47 147 1978
47 151 3354
47 152 6486
47 157 6759
47 162 2537
47 171 9529
47 173 7905
47 174 2832
47 178 5691
47 179 6827
47 181 7224
47 183 5475
47 186 7024
47 187 2405
47 188 2673
47 200 1005
47 202 45
47 225 5886
47 226 3781
47 232 2632
47 238 8926
47 244 289
47 245 9492
47 246 6478
47 252 1718
47 253 492
48 49 5202
48 63 6412
48 70 4312
48 71 3883
48 79 6168
48 82 7908
48 85 4112
48 90 9475
48 93 6535
48 98 1241
48 107 2995
48 114 5405
48 116 1162
48 125 9196
48 126 3881
48 137 1399
48 141 5040
48 143 5968
48 146 9957
48 155 3394
48 156 3366
48 158 5987
48 165 7419
48 168 5388
48 175 7036
48 183 3762
48 188 5500
48 191 6097
48 195 1719
48 199 7828
48 203 2094
48 204 1946
48 205 1412
48 207 5777
48 209 4551
48 211 1506
48 218 7694
48 222 8625
48 224 8402
48 225 4331
48 230 9188
48 233 492
48 236 2777
48 239 6459
48 242 804
48 243 4130
48 248 5073
49 65 7788
49 68 8587
49 72 4637
49 73 7140
49 74 1463
49 77 2184
49 80 7922
49 86 1444
49 97 2697
49 101 4516
49 102 4899
49 110 4990
49 111 1376
49 113 3000
49 125 5218
49 129 1039
49 130 472
49 137 4676
49 139 6192
49 142 5499
49 147 1004
49 148 2702
49 151 4635
49 156 5148
49 159 9759
49 161 5959
49 169 1840
49 173 3140
49 178 5495
49 182 203
49 185 3643
49 188 2660
49 193 7679
49 194 4714
49 195 9254
49 210 1880
49 213 6775
49 214 9571
49 220 3721
49 228 8840
49 237 9434
49 238 6471
50 51 7480
50 56 7625
50 59 5408
50 66 6266
50 73 4798
50 75 1416
50 82 6212
50 86 6778
50 88 3347
50 90 8384
50 94 1294
50 95 310
50 96 8383
50 102 7524
50 103 3601
50 106 5840
50 107 1505
50 109 7166
50 115 931
50 137 5647
50 139 9780
50 143 5609
50 150 3099
50 151 3639
50 152 445
50 153 881
50 157 5126
50 159 5568
50 171 5528
50 172 4965
50 175 9421
50 178 4562
50 179 5964
50 182 5367
50 189 2500
50 191 852
50 199 4708
50 205 6937
50 209 7772
50 211 5691
50 213 7779
50 217 5678
50 220 9930
50 221 1749
50 225 4709
50 231 3396
50 232 4046
50 233 868
50 234 7297
50 242 5756
50 245 3293
51 69 4384
51 71 4061
51 72 440
51 73 652
51 77 4812
51 80 3658
51 83 5291
51 84 5797
51 87 1708
51 92 4523
51 95 7418
51 100 1730
51 101 9670
51 104 1903
51 111 5817
51 112 2370
51 113 2609
51 118 568
51 119 117
51 122 2479
51 125 1081
51 129 871
51 131 7896
51 132 216
51 133 2270
51 135 1315
51 137 6914
51 138 1506
51 141 2108
51 142 960
51 150 9336
51 154 1200
51 155 6999
51 156 8854
51 158 3331
51 159 8188
51 166 2063
51 168 1130
51 171 1553
51 176 2254
51 183 7435
51 186 7327
51 192 3469
51 196 8742
51 200 2436
51 207 8727
51 209 3294
51 215 4505
51 223 7751
51 229 7725
51 231 4630
51 234 8266
51 236 7846
51 248 8278
52 74 444
52 75 5802
52 76 4951
52 78 2391
52 79 489
52 83 1964
52 84 2217
52 89 1582
52 92 5914
52 95 7293
52 96 3541
52 101 1207
52 106 672
52 113 5257
52 115 5263
52 117 5722
52 118 4356
52 122 1788
52 123 608
52 125 7739
52 137 2422
52 139 5151
52 149 793
52 150 471
52 158 4992
52 159 8296
52 162 1665
52 167 6949
52 168 9093
52 173 167
52 178 3161
52 186 7184
52 187 9363
52 188 3578
52 195 7215
52 197 3898
52 201 1062
52 205 951
52 208 1684
52 215 9429
52 219 3445
52 221 9145
52 224 2292
52 225 6435
52 228 6299
52 244 1478
52 251 7293
53 59 2377
53 60 3657
53 61 2473
53 64 658
53 66 1322
53 68 671
53 71 5363
53 74 2305
53 75 2707
53 82 9720
53 86 3585
53 87 2628
53 90 7598
53 95 9138
53 96 9330
53 97 6977
53 99 4499
53 101 3256
53 103 5549
53 104 1568
53 105 8909
53 108 1890
53 109 5610
53 111 9543
53 113 9329
53 114 2884
53 115 2788
53 116 3798
53 117 8640
53 131 1145
53 136 6018
53 139 5337
53 144 6645
53 149 6954
53 155 9915
53 156 5179
53 160 5606
53 162 6668
53 171 4154
53 174 2320
53 175 2930
53 177 5726
53 181 2632
53 182 5849
53 186 7477
53 189 7568
53 191 5057
53 192 4124
53 193 4426
53 194 8318
53 198 5228
53 201 9724
53 205 8306
53 206 3707
53 208 5361
53 209 5524
53 224 9032
53 225 1610
53 226 7541
53 230 8436
53 232 954
53 234 6494
53 235 6591
53 243 8165
53 248 5053
53 252 3345
53 253 956
54 58 2813
54 62 6225
54 75 5978
54 78 9567
54 85 6882
54 86 547
54 93 342
54 94 6056
54 97 4293
54 98 3904
54 99 3317
54 106 2852
54 109 8467
54 110 6201
54 114 1174
54 115 2519
54 121 1701
54 125 5231
54 126 7587
54 134 3668
54 139 7531
54 140 8983
54 141 3328
54 145 9165
54 147 4720
54 149 4155
54 160 5226
54 161 8600
54 162 759
54 167 1725
54 174 9557
54 178 4316
54 184 706
54 185 7302
54 188 3809
54 190 8502
54 198 5983
54 199 9195
54 206 411
54 209 9906
54 215 4866
54 217 4761
54 219 2776
54 220 6654
54 223 4826
54 225 8363
54 230 3197
54 237 4346
54 238 348
54 241 6172
54 245 2845
54 247 7633
54 249 1087
54 252 6678
55 56 7989
55 57 6632
55 64 2781
55 67 3848
55 69 6929
55 71 8240
55 80 785
55 83 5638
55 85 7670
55 92 135
55 94 4415
55 97 1437
55 105 1706
55 107 7119
55 108 7347
55 111 5680
55 115 3278
55 119 7612
55 132 3890
55 133 5447
55 136 7315
55 139 7450
55 143 3351
55 149 2173
55 150 4494
55 154 307
55 155 7924
55 161 1382
55 163 4023
55 167 4852
55 168 2089
55 171 8783
55 172 88
55 184 3649
55 187 7325
55 188 6694
55 195 6905
55 196 3279
55 205 1144
55 212 9298
55 213 3817
55 221 839
55 229 2108
55 233 6200
55 235 6801
55 244 3486
55 246 9006
55 253 6982
56 59 1693
56 68 912
56 72 8027
56 81 1939
56 83 3555
56 85 1730
56 92 9074
56 96 7911
56 97 9474
56 98 7296
56 101 655
56 102 677
56 103 837
56 107 4086
56 110 4053
56 113 1111
56 118 145
56 119 2420
56 130 7057
56 132 4930
56 135 7116
56 140 113
56 141 4095
56 143 858
56 145 9235
56 147 5304
56 152 8398
56 153 6777
56 161 3717
56 162 9591
56 167 8410
56 168 7320
56 170 4201
56 173 205
56 177 9090
56 182 7009
56 186 7559
56 192 7917
56 199 4442
56 201 9918
56 212 6080
56 215 4035
56 220 6002
56 221 3888
56 223 1499
56 224 338
56 225 6973
56 233 7647
56 234 6479
56 237 4524
56 240 9926
56 241 1628
56 244 7679
56 250 1332
57 60 5371
57 68 1656
57 79 2952
57 88 3984
57 89 3429
57 91 4222
57 99 6021
57 111 2617
57 119 2650
57 120 2504
57 128 1094
57 129 2423
57 133 7276
57 136 4445
57 138 5536
57 142 8243
57 143 8949
57 144 2512
57 145 2114
57 147 1864
57 150 2330
57 153 4288
57 155 1877
57 162 1704
57 166 9667
57 172 3372
57 177 2412
57 181 2909
57 182 3370
57 189 3060
57 191 7289
57 193 4839
57 196 3902
57 203 8302
57 208 1986
57 210 797
57 214 8510
57 218 6039
57 220 4327
57 222 1746
57 230 7469
57 235 1198
57 236 25
57 238 3602
57 240 1516
57 245 6709
57 250 4671
58 60 4336
58 77 2151
58 83 1226
58 90 6968
58 95 3709
58 97 5601
58 99 3624
58 102 6246
58 108 6999
58 121 8442
58 126 7855
58 127 8252
58 130 9071
58 133 7325
58 134 3000
58 135 4592
58 138 7366
58 143 1894
58 154 2678
58 156 3748
58 161 3341
58 169 4318
58 173 4790
58 174 7853
58 176 3326
58 178 8108
58 184 508
58 185 3733
58 188 8519
58 196 8292
58 200 3196
58 207 8229
58 209 8144
58 212 1786
58 214 1138
58 222 3615
58 228 3641
58 246 9602
58 250 92
59 60 6056
59 61 7560
59 69 3295
59 73 8076
59 74 2281
59 76 1976
59 82 8397
59 95 2395
59 100 9378
59 101 2948
59 104 7180
59 107 4523
59 108 6744
59 112 1823
59 113 5665
59 121 2201
59 127 979
59 135 7120
59 141 6822
59 142 4136
59 146 4027
59 148 5878
59 149 6623
59 151 6126
59 159 8810
59 165 7711
59 168 7734
59 173 7148
59 174 2143
59 175 4793
59 186 6646
59 187 4457
59 189 9762
59 204 1196
59 209 8443
59 211 50
59 216 9497
59 220 2530
59 224 4486
59 225 893
59 228 3079
59 229 5149
59 231 9374
59 234 4856
59 239 9509
59 248 4974
60 61 9997
60 64 7630
60 65 1934
60 67 7117
60 73 447
60 74 318
60 78 4529
60 83 6022
60 87 2203
60 92 498
60 102 1223
60 107 3127
60 111 4956
60 116 5089
60 123 2000
60 125 5386
60 127 6514
60 130 7085
60 133 496
60 138 6872
60 141 1106
60 145 3037
60 149 5866
60 157 6063
60 161 7282
60 163 6538
60 173 9488
60 177 9023
60 181 1264
60 182 6151
60 183 708
60 187 9471
60 188 2827
60 190 9816
60 191 8409
60 194 7667
60 195 4027
60 196 2002
60 197 4891
60 200 4973
60 204 6028
60 208 6250
60 212 840
60 214 4077
60 215 7051
60 216 6115
60 228 1733
60 234 5165
60 237 2866
60 242 1913
60 252 6353
61 76 344
61 78 5543
61 80 2263
61 85 4522
61 88 3016
61 89 2480
61 93 5723
61 101 7875
61 104 8873
61 106 1065
61 109 6759
61 113 682
61 116 4217
61 123 2073
61 129 2662
61 133 7133
61 136 1218
61 138 7961
61 142 3947
61 144 2972
61 152 1465
61 153 9631
61 154 89
61 155 5088
61 157 3233
61 159 9227
61 167 3215
61 170 1126
61 172 2598
61 173 4381
61 174 9996
61 179 2477
61 189 3495
61 190 1651
61 196 5929
61 198 1595
61 205 4700
61 217 6586
61 220 6884
61 221 5691
61 222 2254
61 223 6201
61 224 8041
61 230 5284
61 231 503
61 235 4118
61 246 4545
61 248 4655
61 250 8817
62 64 1222
62 73 5322
62 84 405
62 85 4037
62 89 8894
62 92 4623
62 95 6517
62 96 8367
62 99 9876
62 112 3856
62 113 7702
62 116 4859
62 120 1816
62 122 5779
62 125 1993
62 136 5612
62 142 7265
62 150 6138
62 152 2763
62 154 7636
62 156 6058
62 157 5634
62 159 2929
62 160 9840
62 172 658
62 174 5109
62 175 7564
62 176 150
62 189 6371
62 190 8896
62 191 6125
62 195 2686
62 198 2187
62 201 6838
62 206 8043
62 207 9912
62 215 2074
62 216 8659
62 222 9458
62 223 2254
62 227 1467
62 234 9436
62 238 5120
62 239 8323
62 246 2885
62 251 8022
62 252 4460
62 253 3216
63 65 4916
63 69 7764
63 91 1588
63 96 8421
63 99 5103
63 103 1475
63 106 940
63 117 6660
63 124 9787
63 129 3431
63 134 1407
63 141 8309
63 146 3132
63 150 4538
63 151 2862
63 153 1178
63 154 6073
63 160 7319
63 162 702
63 171 3212
63 172 2593
63 180 3418
63 181 2541
63 184 4899
63 191 4777
63 195 4528
63 197 725
63 204 8079
63 209 1402
63 212 8217
63 219 1997
63 221 7895
63 223 3897
63 224 338
63 227 13
63 236 7150
63 237 9747
63 244 3318
63 248 6316
63 251 2579
64 70 3203
64 72 8003
64 73 8109
64 75 7810
64 76 1891
64 78 6135
64 80 1236
64 87 479
64 88 816
64 98 9054
64 100 3839
64 108 697
64 109 7788
64 111 9957
64 112 9542
64 113 9639
64 118 4163
64 122 1019
64 124 5811
64 126 1195
64 127 4345
64 129 4549
64 133 9464
64 137 7557
64 139 8229
64 143 4538
64 146 8002
64 150 5291
64 155 1459
64 159 4917
64 162 4245
64 167 7439
64 169 2214
64 170 3905
64 198 7037
64 199 6477
64 203 6536
64 206 8054
64 208 9206
64 209 3777
64 210 88
64 214 5458
64 216 5652
64 217 4778
64 222 8542
64 223 7861
64 224 2082
64 228 9948
64 238 5841
64 247 861
64 248 5217
64 249 4270
64 250 142
64 253 174
65 66 1088
65 67 4141
65 69 4572
65 76 3666
65 81 375
65 82 5722
65 89 7395
65 93 7238
65 94 8100
65 97 7235
65 101 1533
65 104 4765
65 105 9174
65 112 4537
65 120 622
65 123 1474
65 125 6507
65 127 2351
65 129 4178
65 130 5876
65 131 8913
65 135 6754
65 137 3839
65 140 1593
65 141 5065
65 142 909
65 154 1772
65 159 5873
65 160 4646
65 168 7134
65 169 4410
65 172 7989
65 173 6748
65 176 39
65 181 98
65 185 9217
65 196 9392
65 199 7882
65 201 4807
65 220 7116
65 222 9130
65 224 7530
65 227 2819
65 229 2148
65 230 7034
65 234 9682
65 237 2190
65 238 5162
65 240 8127
65 241 1553
65 243 4008
66 68 9226
66 70 3254
66 74 4524
66 78 1155
66 79 5395
66 85 2650
66 87 4054
66 93 4087
66 97 3829
66 98 6813
66 103 3540
66 104 38
66 106 2799
66 109 3370
66 113 4734
66 115 3607
66 119 3249
66 120 2560
66 141 8285
66 154 360
66 165 449
66 194 4948
66 200 905
66 202 6274
66 207 2711
66 210 8043
66 211 6652
66 217 5387
66 224 7702
66 228 6112
66 232 3888
66 234 2129
66 238 6853
66 239 2494
66 252 5345
67 68 1030
67 72 272
67 77 2415
67 78 3736
67 79 3738
67 80 1033
67 82 4128
67 89 6591
67 90 3401
67 92 4883
67 93 7013
67 94 2177
67 96 6957
67 102 8052
67 106 8007
67 108 2499
67 111 4507
67 115 6592
67 118 5151
67 119 5958
67 124 3107
67 125 3048
67 140 325
67 142 572
67 143 6948
67 146 8575
67 150 1096
67 154 7049
67 158 4119
67 162 1420
67 181 2561
67 186 6916
67 188 1215
67 204 6720
67 218 6026
67 222 4731
67 223 5253
67 229 7734
67 232 6391
67 244 2858
67 253 5354
68 69 5903
68 70 9978
68 80 6439
68 83 8244
68 85 4438
68 89 7693
68 90 5834
68 91 3910
68 93 3961
68 106 4069
68 110 6110
68 115 6768
68 126 5765
68 137 8807
68 142 3884
68 144 4766
68 153 5710
68 162 7866
68 164 7345
68 169 2958
68 172 904
68 173 2328
68 175 6862
68 180 7862
68 182 7444
68 190 7496
68 195 23
68 201 8501
68 202 1450
68 205 9002
68 206 9566
68 213 3579
68 214 5070
68 215 1476
68 218 7610
68 220 4055
68 221 5133
68 227 4764
68 228 4142
68 232 7707
68 233 4478
68 235 882
68 241 9959
68 244 9686
68 247 6127
68 252 4800
69 71 2738
69 73 3379
69 75 3926
69 76 1050
69 84 8081
69 89 7779
69 91 4726
69 92 6681
69 104 2974
69 107 3582
69 108 3401
69 110 7609
69 119 1116
69 120 6116
69 125 8570
69 130 4979
69 136 5646
69 138 1348
69 139 4188
69 140 66
69 143 1826
69 146 195
69 147 3247
69 148 3619
69 149 923
69 153 8762
69 160 3429
69 167 7634
69 169 6301
69 172 4878
69 175 9690
69 181 6646
69 183 3479
69 186 4379
69 189 4734
69 199 3489
69 202 44
69 207 1536
69 211 1894
69 212 808
69 213 6931
69 216 5025
69 217 437
69 221 197
69 222 6164
69 223 248
69 224 1415
69 227 1823
69 231 4903
69 238 3579
69 239 2748
69 240 3961
69 247 6257
69 249 3719
69 250 5457
69 251 4228
69 253 3008
70 71 8980
70 74 626
70 76 6334
70 77 3891
70 79 7915
70 80 5374
70 83 6433
70 92 4272
70 94 897
70 95 3615
70 102 7326
70 106 472
70 109 9797
70 125 2955
70 129 8139
70 131 7114
70 132 3725
70 139 1421
70 145 3084
70 152 822
70 154 9342
70 157 2901
70 158 7190
70 159 2177
70 162 5064
70 165 6082
70 169 9549
70 174 3398
70 175 6621
70 180 5161
70 196 9944
70 201 2044
70 202 8277
70 203 4957
70 207 445
70 210 1079
70 213 593
70 217 4660
70 218 8885
70 222 6159
70 227 2518
70 233 53
70 234 6370
70 236 3920
70 240 5383
70 243 7938
70 244 7187
70 247 8995
70 248 9585
70 249 2937
71 74 1732
71 76 5146
71 80 3739
71 81 6930
71 85 208
71 87 7066
71 93 3860
71 94 9307
71 97 1839
71 98 6896
71 99 1973
71 102 8526
71 104 4274
71 106 994
71 115 8202
71 118 6642
71 123 627
71 124 4995
71 127 659
71 129 2185
71 130 5298
71 142 1977
71 149 8814
71 152 3460
71 154 7157
71 155 5406
71 158 1755
71 162 8767
71 164 8946
71 165 8902
71 170 8954
71 181 8549
71 184 4443
71 186 1908
71 189 950
71 190 1600
71 192 980
71 194 4692
71 198 6026
71 199 7138
71 202 3366
71 209 9576
71 222 3773
71 223 4650
71 224 8360
71 228 7157
71 232 8328
71 234 6834
71 239 4061
71 240 2641
71 241 7828
71 242 4185
71 249 7325
71 250 9778
71 251 7603
71 253 2525
72 74 4119
72 75 3090
72 80 6683
72 83 1665
72 84 6633
72 86 5755
72 88 2313
72 95 8567
72 100 6989
72 101 5991
72 114 9064
72 117 6340
72 118 9547
72 120 2133
72 130 9108
72 131 1307
72 133 7263
72 137 4323
72 138 5901
72 139 4726
72 140 2660
72 144 2017
72 145 3184
72 148 6361
72 152 7715
72 153 564
72 154 7085
72 160 3711
72 162 5460
72 169 7240
72 189 8832
72 194 9892
72 196 9843
72 197 1062
72 201 804
72 202 7216
72 205 4402
72 207 9046
72 208 2445
72 214 6758
72 217 4963
72 218 1542
72 224 5144
72 226 8566
72 237 3127
72 248 297
73 75 2019
73 78 8910
73 81 9716
73 82 230
73 86 1127
73 87 6888
73 101 7305
73 103 1785
73 104 8319
73 124 6216
73 125 4656
73 127 1928
73 129 8808
73 133 8795
73 134 6672
73 136 6132
73 137 3655
73 139 3291
73 141 7881
73 142 1126
73 144 8072
73 146 7877
73 147 582
73 148 4911
73 150 7872
73 154 1027
73 160 3353
73 166 703
73 178 939
73 183 2890
73 197 333
73 203 4785
73 206 7844
73 213 379
73 218 9113
73 219 8157
73 222 4366
73 225 3268
73 227 8255
73 232 8229
73 233 5771
73 236 633
73 237 4140
73 239 4943
73 240 2029
73 246 2803
73 247 9796
73 248 4709
74 79 5623
74 81 4796
74 102 4459
74 105 7068
74 116 3178
74 118 9531
74 125 9766
74 129 5210
74 133 3385
74 136 5195
74 145 8974
74 147 4665
74 152 9418
74 156 991
74 157 8255
74 162 9219
74 165 4536
74 167 859
74 172 3141
74 174 4658
74 178 2545
74 180 8808
74 184 2044
74 185 1821
74 189 5237
74 191 6209
74 195 6366
74 205 3298
74 206 2538
74 210 6929
74 211 7989
74 213 5998
74 220 73
74 226 8722
74 229 4506
74 242 2826
74 244 6359
74 247 7760
75 85 3576
75 91 4142
75 96 6826
75 99 2146
75 101 3024
75 103 8763
75 105 4990
75 110 9139
75 130 9974
75 134 532
75 135 7132
75 139 2942
75 140 8255
75 146 8561
75 156 5822
75 159 9435
75 162 3188
75 164 6854
75 170 6626
75 177 3950
75 178 4706
75 185 7020
75 186 9707
75 187 7921
75 188 1684
75 190 9011
75 196 6732
75 198 4375
75 199 370
75 203 5175
75 205 3395
75 210 6578
75 212 8197
75 216 9908
75 222 6542
75 226 8400
75 231 1798
75 232 7756
75 242 6978
75 243 3921
75 245 8719
75 251 8782
76 79 6637
76 82 1371
76 91 4158
76 92 7508
76 95 3227
76 103 9384
76 115 4090
76 116 1280
76 117 4012
76 128 1546
76 132 2054
76 134 3148
76 135 9175
76 147 7608
76 155 8577
76 159 6444
76 160 2648
76 176 4491
76 179 2107
76 185 3261
76 186 6594
76 189 8916
76 191 1438
76 195 6024
76 198 6620
76 202 2415
76 213 1225
76 222 6072
76 224 7687
76 227 1500
76 233 4114
76 245 1286
76 253 6674
77 78 8073
77 79 1172
77 82 8418
77 84 3997
77 87 9478
77 88 9060
77 89 373
77 91 867
77 96 803
77 100 4861
77 101 8694
77 102 3145
77 106 2493
77 107 7856
77 115 5203
77 118 7063
77 119 5943
77 120 6278
77 121 6779
77 129 2273
77 130 7047
77 132 932
77 133 9611
77 136 7930
77 139 8731
77 146 9078
77 148 5296
77 149 8133
77 151 1649
77 152 8627
77 165 4730
77 166 7202
77 169 4566
77 173 1016
77 175 627
77 177 9401
77 182 3389
77 189 2929
77 193 6575
77 194 633
77 195 7301
77 197 6722
77 207 8720
77 209 4718
77 210 4644
77 215 5959
77 221 6384
77 223 1041
77 227 8003
77 230 4700
77 233 2080
77 234 7658
77 235 1721
77 236 9988
77 237 2074
77 242 5675
77 244 4541
77 247 7542
77 249 5238
77 250 5771
77 253 7305
78 87 500
78 90 477
78 91 5274
78 101 2319
78 102 7806
78 103 2087
78 112 6974
78 120 8869
78 121 8292
78 128 3525
78 130 5080
78 131 4546
78 132 9046
78 134 8336
78 138 2012
78 140 8359
78 141 8531
78 146 459
78 157 1453
78 158 8781
78 160 6769
78 164 9584
78 165 9732
78 167 915
78 170 7610
78 173 8974
78 175 9152
78 179 4609
78 180 50
78 189 4478
78 193 5439
78 203 5542
78 204 8496
78 209 3389
78 210 3942
78 214 1319
78 220 853
78 223 6833
78 226 4157
78 227 9430
78 232 8806
78 234 3499
78 236 5541
78 243 327
78 248 524
78 252 7413
79 83 3073
79 84 1328
79 88 7094
79 89 6846
79 95 1795
79 96 3196
79 97 9404
79 106 8172
79 109 7168
79 116 6851
79 118 4414
79 120 5714
79 125 444
79 126 4409
79 132 4951
79 136 2726
79 143 4789
79 146 3436
79 148 3013
79 156 346
79 160 241
79 164 3345
79 167 2698
79 170 7240
79 171 4078
79 175 1687
79 177 7007
79 178 6249
79 181 7508
79 190 7368
79 194 5307
79 195 9009
79 203 5331
79 206 5018
79 213 9236
79 220 7391
79 225 8101
79 230 6844
79 233 1506
79 234 9837
79 236 3588
79 241 5797
79 244 7047
79 245 8838
79 247 3272
80 92 597
80 95 9936
80 99 8659
80 101 5173
80 104 6709
80 107 322
80 112 1889
80 129 5689
80 134 2462
80 135 3058
80 138 2393
80 141 1808
80 142 885
80 145 7821
80 146 9957
80 149 669
80 150 3594
80 158 1754
80 159 1883
80 168 5544
80 170 4835
80 173 4967
80 174 3891
80 181 6334
80 182 6220
80 187 5494
80 192 4018
80 194 7097
80 196 8098
80 204 7524
80 205 9704
80 212 1318
80 216 7565
80 218 6322
80 221 2992
80 223 902
80 224 5216
80 225 9751
80 232 2102
80 234 4619
80 236 8792
80 239 787
80 243 7899
80 244 6888
80 251 6943
81 85 4473
81 91 3853
81 93 166
81 94 8149
81 95 3857
81 98 9155
81 108 1073
81 115 923
81 121 1520
81 126 7154
81 129 9685
81 132 8252
81 136 8596
81 138 9417
81 145 3074
81 147 9502
81 150 910
81 156 716
81 159 3955
81 163 8070
81 164 5363
81 166 6446
81 169 8874
81 171 7639
81 175 9699
81 177 3674
81 185 1382
81 191 7533
81 193 1663
81 200 6500
81 201 3079
81 203 7046
81 210 1139
81 212 8746
81 215 6551
81 216 7277
81 219 9621
81 225 5468
81 226 6907
81 229 9180
81 230 3376
81 242 8656
81 243 2279
81 249 9690
82 92 4741
82 96 3071
82 97 1150
82 103 2865
82 104 534
82 105 9378
82 111 5013
82 115 4248
82 118 6119
82 128 6468
82 136 9936
82 137 50
82 152 6450
82 160 1590
82 161 179
82 164 5974
82 171 4650
82 172 5032
82 173 4406
82 182 6505
82 206 6593
82 208 3862
82 211 2661
82 215 3448
82 219 1530
82 227 6729
82 237 7722
82 238 1606
82 240 906
82 247 2313
82 252 9956
83 84 2945
83 88 3004
83 89 5550
83 92 53
83 95 3438
83 102 333
83 104 282
83 110 4633
83 115 3349
83 122 6556
83 123 2698
83 124 3043
83 132 1795
83 137 6850
83 139 6055
83 143 9924
83 144 3433
83 153 2158
83 158 8581
83 165 6667
83 167 2430
83 173 2639
83 178 7088
83 181 8201
83 182 5335
83 188 7720
83 190 6396
83 205 2543
83 209 4510
83 216 1693
83 223 8393
83 231 8529
83 233 1633
83 234 9082
83 242 9178
83 251 2223
83 252 1613
84 90 795
84 91 5126
84 95 9441
84 96 6899
84 98 4117
84 100 8533
84 104 6521
84 108 8129
84 111 7502
84 115 5343
84 127 4377
84 131 6699
84 142 8601
84 145 8973
84 152 2580
84 156 2208
84 157 7773
84 161 7417
84 164 2018
84 168 6228
84 169 277
84 171 3049
84 175 6186
84 187 1197
84 189 5789
84 191 9609
84 196 7401
84 197 9523
84 198 8544
84 200 8327
84 204 4458
84 208 9740
84 213 4073
84 214 4308
84 216 9603
84 218 5166
84 222 8342
84 223 4728
84 230 9639
84 236 8128
84 239 400
84 241 9747
84 244 7154
84 247 8274
84 249 3751
84 251 9596
85 89 6923
85 90 2670
85 92 6047
85 100 5758
85 101 7956
85 105 5295
85 107 3889
85 114 8675
85 115 3564
85 123 5167
85 124 6105
85 125 2652
85 126 984
85 127 3172
85 129 6850
85 134 6051
85 136 7466
85 137 2238
85 145 6596
85 146 980
85 149 1935
85 156 7501
85 157 9772
85 159 1451
85 162 6084
85 172 809
85 176 3958
85 180 8372
85 185 9269
85 187 8304
85 193 230
85 199 9127
85 203 4017
85 206 1572
85 207 7120
85 209 7890
85 217 3884
85 221 9351
85 223 6251
85 226 6330
85 227 2956
85 230 8821
85 232 1300
85 233 9534
85 242 5310
85 247 2464
86 90 4757
86 93 7630
86 101 9959
86 105 5313
86 107 3919
86 110 1157
86 112 9529
86 113 810
86 122 3860
86 128 2200
86 129 3826
86 135 953
86 136 7462
86 137 8994
86 140 9998
86 145 4421
86 149 6243
86 162 9797
86 166 5877
86 167 27
86 180 7065
86 185 2533
86 187 1646
86 189 3119
86 197 7182
86 199 8915
86 202 5930
86 203 933
86 204 4936
86 210 9954
86 216 9660
86 221 8079
86 228 8562
86 232 2698
86 236 9495
86 237 7432
86 241 6564
86 244 1352
86 245 4216
86 250 169
86 251 8507
86 253 7955
87 88 9465
87 99 8166
87 103 852
87 111 9905
87 113 1048
87 114 339
87 115 265
87 116 63
87 121 2707
87 122 5607
87 125 6912
87 129 9337
87 130 9972
87 131 7106
87 145 3174
87 147 3401
87 150 8497
87 151 3577
87 154 7408
87 156 8728
87 157 8087
87 164 2360
87 178 2846
87 179 9566
87 186 7939
87 187 518
87 188 3118
87 195 591
87 198 3057
87 204 9216
87 206 6072
87 207 7919
87 218 6079
87 225 6807
87 226 6046
87 230 7269
87 232 7535
87 244 8731
87 246 1410
87 253 2961
88 89 6468
88 90 9067
88 92 5818
88 93 6412
88 94 3601
88 97 8492
88 101 8234
88 104 2669
88 106 1125
88 108 119
88 110 1969
88 112 8462
88 119 649
88 123 1805
88 124 355
88 133 9987
88 134 7513
88 135 1295
88 143 392
88 145 9572
88 147 8374
88 149 1648
88 161 3917
88 167 1284
88 175 2099
88 176 9783
88 178 9721
88 179 1278
88 184 5029
88 185 386
88 189 7562
88 190 4915
88 193 9983
88 201 389
88 206 7775
88 207 1612
88 208 6831
88 209 7274
88 219 876
88 220 8585
88 222 2570
88 224 9856
88 232 9289
88 237 2664
88 242 1283
88 244 2354
88 245 8897
88 247 9490
88 248 4691
89 90 3290
89 92 9283
89 93 544
89 97 578
89 99 102
89 100 7379
89 103 5153
89 107 9589
89 112 1918
89 114 5357
89 119 7786
89 120 4812
89 124 1487
89 125 7581
89 129 2969
89 130 8736
89 131 4548
89 132 3422
89 135 1462
89 138 2270
89 139 5478
89 143 9432
89 149 2842
89 151 9786
89 160 1469
89 162 4297
89 166 6213
89 173 4079
89 181 9393
89 183 8335
89 184 7132
89 196 840
89 198 6914
89 199 9172
89 207 988
89 211 8569
89 212 2672
89 219 9696
89 221 6754
89 229 1083
89 234 2446
89 236 8339
89 239 6137
89 240 8324
89 244 2157
89 250 964
89 252 6905
89 253 1544
90 93 1164
90 97 8256
90 100 989
90 108 461
90 110 6558
90 111 8528
90 113 4684
90 114 3706
90 118 5417
90 120 5291
90 127 9034
90 128 7393
90 131 82
90 151 1621
90 158 9924
90 159 5502
90 171 3892
90 173 1619
90 179 3002
90 182 9863
90 185 3282
90 188 2063
90 192 1850
90 194 2718
90 197 9886
90 199 1789
90 201 8594
90 210 2265
90 213 752
90 214 4359
90 217 3181
90 222 9028
90 230 7552
90 239 1191
90 243 5492
90 245 7142
90 250 7192
90 253 1560
91 93 7033
91 95 6498
91 98 9027
91 109 5676
91 119 1377
91 124 5348
91 125 5756
91 130 5243
91 134 2208
91 147 721
91 148 9583
91 152 2445
91 163 1441
91 166 6503
91 167 2704
91 168 5390
91 170 19
91 173 4162
91 178 8551
91 182 9562
91 184 9987
91 186 7917
91 188 4357
91 193 620
91 194 3465
91 197 8399
91 199 7132
91 201 7709
91 208 2102
91 219 9690
91 220 6135
91 222 430
91 223 416
91 225 4018
91 228 5120
91 229 3976
91 237 4175
91 238 6866
91 249 7574
92 102 2745
92 110 8786
92 111 4065
92 112 6972
92 113 6590
92 115 2924
92 116 4624
92 126 7583
92 127 5333
92 129 2119
92 130 461
92 131 7623
92 132 4921
92 137 4315
92 140 9080
92 143 7324
92 146 2088
92 149 1988
92 157 5294
92 163 645
92 167 9236
92 170 9883
92 176 3886
92 178 1636
92 183 1252
92 194 2972
92 195 7988
92 197 4330
92 198 3725
92 199 340
92 204 9239
92 206 8704
92 207 784
92 208 90
92 210 6876
92 217 5233
92 223 4459
92 224 5982
92 225 2122
92 228 4291
92 231 9593
92 236 374
92 241 6789
92 246 2983
93 94 5635
93 95 1715
93 97 2667
93 105 7096
93 107 4179
93 110 8842
93 111 9619
93 113 925
93 117 9292
93 118 3187
93 120 2507
93 130 2382
93 131 2799
93 132 2501
93 134 9853
93 135 698
93 137 9542
93 138 7128
93 142 8151
93 146 3655
93 156 8219
93 157 3996
93 162 8315
93 165 7723
93 174 1360
93 176 5337
93 187 8024
93 190 868
93 194 4792
93 198 7022
93 199 5758
93 200 8224
93 205 3373
93 210 9285
93 212 7150
93 224 5859
93 225 6436
93 233 5196
93 235 1126
93 238 3194
93 239 3760
93 243 8900
93 245 8609
93 246 9473
94 95 8478
94 103 4283
94 104 2495
94 126 832
94 128 7799
94 130 3859
94 132 4619
94 136 6361
94 137 8593
94 150 2030
94 151 7113
94 160 2142
94 166 8863
94 169 8507
94 171 3793
94 173 878
94 176 7025
94 180 7662
94 182 5073
94 187 4721
94 193 8512
94 204 7257
94 211 862
94 212 5171
94 216 9074
94 218 6464
94 220 8076
94 222 4454
94 223 673
94 227 2353
94 233 461
94 235 6551
94 238 9557
94 242 830
94 246 4930
94 247 2579
94 250 7966
94 251 1427
94 253 7036
95 99 7810
95 108 5811
95 115 6474
95 118 4728
95 125 9190
95 128 274
95 134 818
95 138 8325
95 139 5057
95 143 2318
95 148 9212
95 154 3365
95 158 6762
95 159 3865
95 161 8008
95 164 3435
95 167 8289
95 170 4322
95 174 58
95 181 5864
95 185 5717
95 186 4244
95 188 9835
95 189 7656
95 194 2035
95 195 9313
95 196 6340
95 197 1336
95 206 3186
95 211 3254
95 213 5173
95 222 1571
95 223 5813
95 226 865
95 227 5692
95 232 3324
95 235 3440
95 236 9777
95 237 6594
95 244 8182
95 248 5345
96 97 3347
96 99 1720
96 101 9869
96 104 6464
96 109 4308
96 110 3127
96 112 2342
96 113 5688
96 120 6912
96 123 6364
96 132 3091
96 135 7625
96 138 8999
96 149 2521
96 158 3625
96 162 6152
96 163 7602
96 168 3018
96 170 2158
96 174 7285
96 177 9515
96 178 39
96 186 4241
96 190 6186
96 196 4253
96 203 9266
96 208 2517
96 210 7981
96 211 6895
96 212 5049
96 215 8163
96 216 8043
96 217 3907
96 218 3134
96 221 6945
96 225 3790
96 234 7687
96 235 9145
96 248 4736
96 253 9822
97 103 5356
97 106 7703
97 110 5281
97 119 3112
97 123 2076
97 126 6751
97 134 5205
97 135 4343
97 140 7150
97 142 232
97 154 2712
97 156 4291
97 157 4590
97 158 304
97 165 6973
97 166 7425
97 168 4689
97 170 8417
97 175 2156
97 183 1537
97 184 7998
97 185 1081
97 188 3705
97 193 982
97 195 313
97 202 7735
97 203 8898
97 204 1599
97 211 7255
97 216 2948
97 217 3756
97 219 922
97 220 2927
97 226 6956
97 228 3579
97 231 1942
97 239 1050
97 242 5888
97 243 9208
97 244 3858
97 247 2435
97 248 3199
97 253 8157
98 100 502
98 101 4273
98 106 9180
98 113 9168
98 114 3951
98 117 7992
98 119 8046
98 120 1812
98 122 759
98 124 8713
98 125 5228
98 130 8180
98 132 9626
98 133 5150
98 135 239
98 136 6777
98 137 4893
98 141 3743
98 143 4388
98 151 3955
98 158 3943
98 163 1271
98 164 5208
98 165 26
98 168 4832
98 174 9174
98 180 1717
98 186 645
98 188 6576
98 189 120
98 191 6110
98 192 4573
98 193 1693
98 195 1206
98 196 4068
98 204 319
98 206 2873
98 209 7689
98 210 5349
98 211 4197
98 212 3634
98 218 5095
98 219 5798
98 221 486
98 223 7310
98 226 4724
98 228 8114
98 231 3822
98 234 4783
98 235 785
98 238 86
98 241 994
98 246 6219
98 249 6388
99 104 4453
99 105 1583
99 107 177
99 110 9527
99 115 65
99 120 1282
99 128 6238
99 129 2853
99 134 3782
99 137 7903
99 141 3870
99 143 9011
99 145 4329
99 146 6895
99 157 6205
99 159 1325
99 163 7533
99 165 3880
99 166 4948
99 169 6260
99 173 3085
99 181 5386
99 184 1532
99 188 5404
99 196 7477
99 198 4004
99 204 2312
99 208 7737
99 216 2245
99 224 4698
99 227 1537
99 231 405
99 233 1182
99 236 9949
99 242 7394
99 244 3199
99 245 8519
99 246 8788
99 247 4079
99 251 5580
99 252 7061
99 253 7192
100 101 8779
100 104 6127
100 117 4599
100 131 601
100 132 8569
100 133 2788
100 135 362
100 136 6660
100 141 5407
100 145 9465
100 149 4748
100 150 1810
100 151 9799
100 156 4432
100 158 368
100 162 9492
100 182 826
100 183 1993
100 185 8150
100 190 2547
100 202 5866
100 214 9937
100 217 552
100 218 7891
100 219 7120
100 231 1609
100 238 4953
100 239 3285
100 245 7980
100 247 7375
100 249 3626
101 106 5051
101 107 5744
101 110 8294
101 113 7481
101 122 2480
101 127 5124
101 134 9531
101 137 4332
101 141 9285
101 143 4007
101 148 4701
101 151 1083
101 156 2209
101 161 6928
101 165 2492
101 167 4254
101 170 8913
101 177 480
101 181 6113
101 183 6391
101 184 1945
101 185 1999
101 187 9166
101 203 4745
101 204 4230
101 205 7276
101 206 2607
101 211 3594
101 214 7699
101 218 8276
101 219 5211
101 222 1577
101 228 2127
101 229 2109
101 232 818
101 240 5234
101 243 5842
101 250 765
101 253 2885
102 104 696
102 106 9169
102 107 939
102 109 4002
102 111 1891
102 114 9450
102 117 2964
102 118 6906
102 119 6859
102 120 4981
102 122 6681
102 124 2226
102 125 1300
102 127 6049
102 129 2299
102 130 5023
102 135 290
102 136 1417
102 139 5753
102 146 8664
102 147 430
102 149 6192
102 156 4495
102 159 3597
102 165 8081
102 169 5129
102 171 8917
102 175 194
102 179 4071
102 186 1139
102 189 8659
102 195 3437
102 202 4897
102 205 813
102 209 2036
102 214 6288
102 217 9669
102 224 8583
102 226 4500
102 229 3201
102 233 5024
102 236 5892
102 239 452
102 240 423
102 246 689
103 108 423
103 109 219
103 111 8750
103 112 5733
103 127 4195
103 133 2586
103 139 5736
103 142 439
103 152 3332
103 159 5292
103 163 7909
103 167 704
103 177 8191
103 184 8949
103 185 5141
103 186 6463
103 188 6845
103 194 7835
103 197 1842
103 202 7367
103 203 8264
103 210 7891
103 212 9768
103 214 4148
103 216 3574
103 219 6426
103 221 3619
103 227 328
103 237 4780
103 238 2484
103 240 1950
103 243 1766
103 245 762
103 250 2420
103 251 5956
104 105 253
104 114 6268
104 118 440
104 124 777
104 125 113
104 132 192
104 137 2215
104 139 1148
104 145 1877
104 150 9297
104 151 7182
104 152 6825
104 157 3938
104 159 849
104 163 2469
104 165 1169
104 168 4652
104 173 3746
104 174 3966
104 176 7670
104 178 8932
104 187 5590
104 192 9013
104 194 6408
104 195 617
104 197 8509
104 215 7222
104 232 5978
104 238 8223
104 240 1624
104 243 3210
104 246 1470
105 107 9385
105 120 9025
105 122 3277
105 126 9490
105 128 5472
105 131 3620
105 143 1903
105 151 8840
105 152 7834
105 153 1708
105 155 9087
105 161 820
105 163 7980
105 169 5491
105 171 7524
105 173 9238
105 174 6139
105 177 8368
105 187 3913
105 192 1938
105 194 6488
105 197 8985
105 199 7245
105 208 6813
105 211 1300
105 218 1411
105 219 7276
105 220 156
105 224 3877
105 225 1644
105 226 8119
105 231 9682
105 240 8653
105 247 5613
105 251 312
105 252 4451
106 113 7421
106 118 1185
106 121 3403
106 123 1937
106 125 9420
106 127 7765
106 128 6893
106 130 9737
106 131 400
106 137 1089
106 139 3729
106 141 4091
106 142 2851
106 145 1813
106 148 863
106 152 4360
106 156 5923
106 159 1210
106 169 5974
106 170 7944
106 172 440
106 174 4860
106 176 6475
106 179 6737
106 181 6676
106 182 4960
106 183 2515
106 186 5779
106 206 4272
106 207 3616
106 208 1998
106 211 9465
106 212 4194
106 223 6740
106 224 4480
106 229 6419
106 237 5618
106 240 32
106 241 3594
106 242 2396
106 247 6253
106 249 1677
106 251 5932
106 253 6166
107 110 7785
107 111 1397
107 117 2574
107 118 1380
107 121 9125
107 124 779
107 138 8895
107 141 7414
107 145 7975
107 160 2823
107 164 7042
107 169 8346
107 185 3515
107 188 9736
107 194 355
107 195 6538
107 200 2939
107 201 2328
107 212 8966
107 214 140
107 217 7685
107 218 4660
107 220 9739
107 222 5575
107 227 1010
107 230 9547
107 236 7741
107 237 4226
107 238 7514
107 239 49
107 241 5475
107 244 2143
107 248 3269
107 249 2304
107 252 5051
108 121 4869
108 122 630
108 133 5177
108 137 5088
108 138 7963
108 139 5443
108 149 5666
108 152 6114
108 154 9157
108 157 1945
108 158 4096
108 159 2777
108 162 1391
108 170 7057
108 173 6775
108 177 2280
108 179 7815
108 182 249
108 183 7714
108 184 1858
108 185 832
108 186 1332
108 191 2671
108 195 9667
108 205 7142
108 207 2799
108 210 3131
108 215 850
108 218 4074
108 224 2423
108 228 5625
108 229 717
108 230 2264
108 235 1159
108 236 4248
108 240 9677
108 242 2974
108 250 9677
108 253 4864
109 112 2326
109 114 5554
109 118 3893
109 122 9078
109 127 7012
109 128 8287
109 137 1994
109 139 1463
109 145 8053
109 147 8184
109 148 3749
109 149 9595
109 154 4298
109 165 5773
109 170 1983
109 176 9161
109 182 8360
109 192 1394
109 194 6663
109 201 6895
109 203 4202
109 209 4395
109 210 7128
109 215 88
109 221 5420
109 223 8281
109 231 2845
109 232 7225
109 240 127
109 248 7766
109 251 5233
110 111 6218
110 113 283
110 116 1364
110 121 6573
110 126 9395
110 129 4359
110 132 6548
110 139 6392
110 143 6428
110 146 6158
110 148 741
110 149 9277
110 151 5112
110 152 8282
110 154 8473
110 159 2877
110 160 2098
110 161 3346
110 162 5585
110 178 8136
110 185 2881
110 187 2202
110 192 4084
110 196 8508
110 197 6762
110 199 7256
110 201 9152
110 204 2514
110 210 3875
110 224 850
110 234 9123
110 235 8487
110 244 2277
110 246 983
110 252 9248
110 253 9995
111 119 1914
111 122 3437
111 124 1304
111 126 1090
111 131 924
111 132 4572
111 133 7488
111 136 344
111 138 7027
111 139 7289
111 152 8617
111 156 7197
111 157 8609
111 164 1529
111 165 7720
111 168 5998
111 172 129
111 174 597
111 176 1803
111 180 1062
111 186 3717
111 188 5099
111 194 8775
111 199 7270
111 203 9723
111 204 7343
111 206 118
111 208 8575
111 235 8012
111 243 8079
111 248 3992
112 115 409
112 117 2460
112 120 8824
112 122 3033
112 124 5888
112 131 4833
112 136 4091
112 137 8214
112 139 6631
112 143 8964
112 144 9182
112 150 836
112 156 4480
112 158 4305
112 161 535
112 170 6126
112 191 6190
112 194 3595
112 195 6579
112 197 4165
112 200 6291
112 206 7655
112 216 834
112 221 2049
112 223 685
112 228 23
112 229 5506
112 234 8767
112 236 3170
112 242 4333
112 247 1502
112 252 4005
112 253 9160
113 114 768
113 116 949
113 117 9750
113 118 5666
113 120 773
113 124 1985
113 127 4781
113 129 7987
113 132 5375
113 133 9522
113 134 9695
113 137 7266
113 145 243
113 147 9656
113 149 9596
113 158 3382
113 159 3227
113 165 5818
113 177 7866
113 182 7623
113 192 8231
113 196 3791
113 206 4431
113 210 1384
113 211 2781
113 212 5126
113 220 8951
113 232 3741
113 236 3862
113 237 21
113 247 6948
114 115 8610
114 116 5964
114 120 5752
114 125 5429
114 128 1428
114 134 2822
114 140 6006
114 149 6488
114 150 9690
114 157 1826
114 158 2698
114 162 5888
114 167 5551
114 175 4234
114 179 7133
114 182 5493
114 184 7667
114 186 2324
114 190 444
114 192 5358
114 198 6098
114 199 7005
114 202 8757
114 204 1796
114 214 3499
114 220 1318
114 221 25
114 223 1619
114 224 2561
114 226 9918
114 235 3498
114 246 3014
114 253 4967
115 121 2411
115 123 151
115 128 6220
115 132 6411
115 136 6444
115 137 4465
115 139 7499
115 140 5690
115 142 3911
115 145 6224
115 146 8434
115 147 1356
115 149 2606
115 152 3910
115 162 953
115 168 1976
115 171 3205
115 174 9624
115 178 552
115 181 2777
115 184 5305
115 189 5877
115 194 4647
115 198 407
115 199 2510
115 207 7272
115 213 6722
115 216 8188
115 232 8256
115 234 3332
115 238 2808
115 241 217
115 243 1912
115 246 8383
115 252 4999
116 121 8658
116 124 6291
116 126 8173
116 128 3518
116 129 1045
116 132 2176
116 149 9614
116 154 230
116 156 7642
116 157 283
116 160 9493
116 161 898
116 166 8889
116 171 4071
116 179 7538
116 184 9466
116 185 9797
116 198 7112
116 203 9908
116 205 5241
116 206 5019
116 210 8490
116 213 1582
116 216 7565
116 217 4050
116 221 9347
116 224 4063
116 226 1422
116 232 602
116 233 2357
116 234 6205
116 236 1405
116 250 6898
117 126 3579
117 127 2008
117 128 238
117 129 5290
117 133 6436
117 136 5934
117 138 6783
117 145 5475
117 147 8088
117 149 9264
117 150 986
117 154 9061
117 155 1027
117 158 5259
117 160 7784
117 162 4017
117 166 6077
117 174 5482
117 175 6595
117 185 4201
117 187 3509
117 189 4318
117 192 5903
117 199 4507
117 201 1195
117 203 4654
117 204 3065
117 212 2795
117 214 9286
117 223 9307
117 228 5635
117 229 9519
117 232 9385
117 233 1763
117 242 340
117 246 1882
117 247 1270
117 251 9777
117 252 5249
117 253 4660
118 122 9822
118 123 4483
118 124 224
118 129 8898
118 132 8729
118 134 2741
118 142 8066
118 147 4434
118 148 9718
118 160 229
118 163 4566
118 165 1147
118 178 9476
118 180 5001
118 182 1719
118 185 5994
118 197 1853
118 199 48
118 204 3139
118 206 6897
118 209 6681
118 211 5617
118 212 9525
118 222 2846
118 228 6520
118 241 2567
118 245 4672
118 250 522
119 120 8357
119 121 9789
119 129 4704
119 133 2078
119 136 1732
119 137 8660
119 138 571
119 140 4804
119 143 3902
119 155 2010
119 163 8495
119 168 9011
119 173 3493
119 184 7250
119 189 3532
119 190 4444
119 197 4527
119 203 8786
119 210 2491
119 215 4457
119 216 5208
119 217 3022
119 221 2158
119 227 9171
119 230 2708
119 231 9886
119 232 7383
119 235 1942
119 236 2356
119 241 3306
119 247 4411
120 122 2348
120 124 3923
120 129 524
120 135 2126
120 138 533
120 142 5209
120 146 3053
120 147 4784
120 149 3752
120 152 8799
120 162 7962
120 163 2110
120 164 2453
120 170 9361
120 173 7084
120 175 4489
120 188 3196
120 193 8832
120 195 261
120 196 9457
120 201 8110
120 202 2342
120 203 285
120 204 4184
120 205 7650
120 207 8878
120 208 2209
120 225 3484
120 229 3811
120 238 5398
120 244 9044
120 245 2556
120 246 8837
121 122 1754
121 124 4247
121 128 1060
121 131 1961
121 132 8351
121 135 1178
121 140 6
121 146 9513
121 152 429
121 154 1067
121 155 9062
121 157 355
121 162 1605
121 164 9081
121 165 7258
121 167 3438
121 171 2592
121 173 5297
121 175 9812
121 180 932
121 191 1891
121 195 2624
121 196 7106
121 201 3118
121 210 8754
121 211 8368
121 218 7480
121 224 5574
121 228 5618
121 234 1513
121 236 9494
121 237 8960
121 241 5593
121 246 4030
121 247 3180
121 251 7812
122 128 3652
122 134 6021
122 137 2300
122 138 6527
122 142 7434
122 148 4997
122 149 9031
122 150 1481
122 154 8379
122 155 486
122 161 7776
122 173 8706
122 176 4510
122 179 7408
122 181 1212
122 182 7823
122 183 4247
122 184 2842
122 185 2326
122 187 6814
122 203 5886
122 206 281
122 214 887
122 217 630
122 218 8967
122 220 8998
122 221 1235
122 223 9816
122 228 2122
122 231 5489
122 233 8680
122 234 2620
122 237 7318
122 238 1989
122 239 7188
122 241 726
122 243 9797
122 252 210
122 253 2907
123 124 4580
123 127 3419
123 130 9746
123 132 6780
123 141 8206
123 146 8993
123 153 5878
123 158 7514
123 159 4648
123 161 7457
123 164 5719
123 166 734
123 167 8304
123 168 6296
123 170 8770
123 174 4306
123 178 3094
123 181 7184
123 183 245
123 191 6144
123 193 5253
123 194 9942
123 197 8842
123 201 1208
123 203 7511
123 205 2829
123 207 1308
123 210 9278
123 212 1746
123 213 6029
123 216 3580
123 219 9268
123 229 4434
123 235 9392
123 237 2675
123 238 7427
123 241 6018
123 245 7371
123 246 9841
123 249 8238
124 125 1821
124 135 8078
124 137 3143
124 138 5628
124 150 3860
124 152 9584
124 153 8593
124 155 730
124 157 1434
124 169 362
124 171 4101
124 173 1359
124 181 5395
124 186 7826
124 188 8994
124 194 8854
124 195 4936
124 197 2573
124 198 485
124 204 8062
124 212 2507
124 217 1747
124 220 6366
124 221 8582
124 222 5996
124 226 1797
124 227 128
124 228 6123
124 231 3027
124 232 2312
124 235 7714
124 237 4165
124 239 1649
124 241 1815
124 242 9884
124 247 3623
125 127 7792
125 135 4075
125 137 9906
125 138 8813
125 142 7760
125 145 9717
125 148 485
125 152 1145
125 154 9518
125 161 8258
125 165 1659
125 170 7114
125 175 1378
125 179 5564
125 183 7044
125 184 9852
125 188 8965
125 199 4022
125 211 4734
125 212 6021
125 213 7657
125 215 2819
125 217 8540
125 219 8515
125 222 3608
125 223 5527
125 224 7685
125 225 2099
125 230 1084
125 232 8634
125 236 13
125 242 6773
125 243 2579
125 246 6455
125 249 4031
126 128 5669
126 130 7499
126 132 5912
126 137 8415
126 142 9456
126 144 7960
126 148 8579
126 157 4797
126 161 4336
126 172 6724
126 177 2516
126 179 362
126 181 382
126 184 8734
126 187 7541
126 192 7406
126 193 5134
126 194 9627
126 195 2698
126 196 548
126 197 6037
126 198 3159
126 208 4272
126 210 3899
126 211 600
126 226 6722
126 228 9029
126 229 4685
126 232 126
126 235 934
126 237 3095
126 241 8859
126 247 3795
126 249 3583
126 250 2616
126 251 1315
127 128 2725
127 130 2007
127 135 3312
127 140 2877
127 150 3080
127 153 2865
127 155 5799
127 157 6257
127 158 2111
127 161 741
127 165 7950
127 166 7239
127 170 298
127 174 4184
127 176 5101
127 184 1554
127 186 2892
127 187 9205
127 189 8318
127 191 2518
127 197 8065
127 198 3245
127 199 2839
127 200 3249
127 201 7522
127 202 3707
127 203 1994
127 212 6545
127 215 2903
127 220 7070
127 222 9103
127 223 7313
127 228 8866
127 233 1343
127 236 3162
127 238 6475
127 239 9455
127 250 6457
128 129 6192
128 142 5074
128 143 5565
128 148 5918
128 149 2144
128 154 4369
128 156 1504
128 159 5589
128 160 8834
128 162 2545
128 163 6443
128 184 7670
128 190 4900
128 191 5322
128 192 191
128 200 1230
128 203 9201
128 206 1598
128 209 9284
128 210 7017
128 212 8861
128 221 5419
128 227 9509
128 231 3671
128 233 4336
128 234 4595
128 235 1018
128 237 7660
128 239 4156
128 245 7150
128 249 9013
129 130 3382
129 132 4893
129 134 4384
129 142 7469
129 144 1309
129 149 8871
129 153 498
129 157 4963
129 159 3446
129 164 7760
129 171 8107
129 174 5724
129 179 55
129 180 9712
129 182 3926
129 183 1825
129 187 5647
129 196 6437
129 197 6823
129 201 3638
129 203 3241
129 204 337
129 205 6176
129 208 2321
129 210 3103
129 215 4878
129 219 7951
129 220 521
129 223 7733
129 227 6513
129 236 4489
129 239 7409
129 243 7196
130 136 6997
130 138 3785
130 141 613
130 142 1169
130 143 9091
130 161 9970
130 166 4704
130 172 9793
130 174 6230
130 180 7667
130 185 8365
130 191 5403
130 194 4748
130 198 1749
130 200 9827
130 203 5594
130 205 8521
130 208 7117
130 210 674
130 213 3822
130 217 7447
130 222 9998
130 223 4906
130 230 9027
130 235 8840
130 237 3073
130 245 4178
131 132 7412
131 137 2120
131 143 1067
131 147 3480
131 149 1215
131 150 1482
131 157 538
131 159 5220
131 160 577
131 161 746
131 169 7354
131 170 6398
131 171 1230
131 174 4436
131 185 1837
131 190 5640
131 192 9773
131 194 5826
131 201 6536
131 202 1132
131 215 844
131 223 5920
131 227 9798
131 247 1723
131 252 6771
132 140 1125
132 144 2221
132 146 1574
132 151 5520
132 152 8529
132 153 7570
132 156 9636
132 158 6450
132 162 4048
132 165 5833
132 169 9909
132 173 6129
132 176 6022
132 200 5691
132 210 1477
132 212 5129
132 218 6886
132 221 8717
132 224 8142
132 232 5547
132 233 6794
132 234 3603
132 237 3544
132 243 6585
132 244 347
132 246 9332
132 247 1940
132 248 474
132 250 962
133 134 2227
133 135 1635
133 138 8355
133 142 8249
133 143 5435
133 145 9051
133 149 9695
133 150 3856
133 153 2005
133 159 6390
133 160 9010
133 178 1277
133 179 1466
133 184 1344
133 185 59
133 190 5612
133 193 853
133 195 4682
133 196 1062
133 199 6318
133 201 4992
133 205 8492
133 206 1339
133 215 8767
133 219 4027
133 223 8276
133 226 6707
133 235 9051
133 237 4103
133 238 2449
133 240 9479
134 138 8284
134 145 1044
134 149 1307
134 151 7848
134 154 7218
134 160 8831
134 162 9248
134 167 6843
134 172 9875
134 184 9291
134 193 382
134 196 3948
134 202 4855
134 206 6420
134 207 3485
134 217 8546
134 219 990
134 221 4244
134 224 4716
134 236 9442
134 238 6048
134 242 7377
134 244 2458
134 246 6348
135 150 3182
135 152 8164
135 157 7007
135 163 9690
135 168 3725
135 172 7310
135 174 4402
135 176 2493
135 179 5555
135 183 3404
135 190 9706
135 191 7465
135 193 7827
135 195 7865
135 199 2190
135 200 7554
135 208 4866
135 209 8928
135 210 4678
135 218 3828
135 221 8625
135 227 4177
135 232 8005
135 234 9759
135 236 977
135 242 7895
135 245 155
135 247 7648
135 252 3672
136 138 4863
136 141 6362
136 144 2900
136 146 1023
136 147 7312
136 148 9069
136 151 6556
136 154 5782
136 161 2227
136 166 586
136 171 5120
136 174 60
136 177 8768
136 179 2133
136 180 5656
136 183 1175
136 189 1264
136 190 1788
136 192 9142
136 201 2724
136 204 6687
136 209 3243
136 213 219
136 216 2220
136 217 2414
136 220 9469
136 222 7745
136 224 8555
136 232 5510
136 235 9170
136 241 8959
136 242 736
136 245 6450
136 250 3790
136 253 1166
137 138 3945
137 155 6276
137 157 7835
137 163 6901
137 166 9832
137 173 8712
137 180 8787
137 185 2760
137 187 3609
137 190 8438
137 191 4047
137 193 2213
137 198 8001
137 207 842
137 211 6734
137 212 8753
137 215 6537
137 217 9295
137 221 2865
137 226 5060
137 227 4976
137 228 8917
137 229 1528
137 230 6406
137 240 6099
137 241 6821
137 250 7786
137 253 8364
138 140 1816
138 153 7332
138 155 8415
138 159 3445
138 160 4122
138 161 5342
138 162 4094
138 163 3476
138 171 3425
138 173 1982
138 174 6704
138 176 8565
138 178 8863
138 185 935
138 186 4098
138 190 276
138 191 6358
138 192 4337
138 195 9795
138 199 1524
138 201 296
138 205 523
138 209 7008
138 217 7011
138 224 6376
138 229 3422
138 231 5152
138 235 1000
138 236 3139
138 240 9986
138 241 3225
138 243 1744
138 244 8332
138 246 2280
139 144 6164
139 151 1979
139 152 7895
139 156 3906
139 158 5394
139 159 6414
139 166 5608
139 168 8721
139 177 2510
139 184 1769
139 186 9893
139 187 7403
139 199 2851
139 201 2121
139 203 4368
139 205 6346
139 208 2680
139 209 3121
139 211 9429
139 212 2100
139 220 3735
139 221 1851
139 222 8951
139 223 3705
139 227 8072
139 228 2324
139 229 7615
139 233 1337
139 239 7286
139 245 5113
139 248 3059
139 251 8477
139 252 8662
140 145 3338
140 147 7049
140 151 1296
140 158 2411
140 159 8154
140 164 4618
140 170 9429
140 171 4784
140 174 6014
140 176 2225
140 184 8858
140 191 3704
140 198 1623
140 201 7051
140 203 8330
140 207 8243
140 210 122
140 226 5236
140 232 9633
140 237 1859
140 243 9198
140 249 8831
140 251 4355
141 145 7698
141 146 8844
141 149 5460
141 152 3659
141 155 7448
141 157 527
141 159 2930
141 165 4454
141 180 963
141 182 5535
141 190 9008
141 195 4762
141 197 9215
141 199 3857
141 203 4283
141 207 3300
141 209 6307
141 211 5126
141 212 9397
141 216 9681
141 218 1108
141 219 6987
141 221 4367
141 222 2551
141 224 1844
141 233 8684
141 234 8245
141 235 787
141 236 3641
141 239 7957
141 245 3673
141 246 6233
141 249 7397
141 251 6159
141 252 6933
142 156 6527
142 163 5528
142 167 5400
142 176 5290
142 190 1902
142 194 7056
142 196 93
142 197 1132
142 198 5051
142 202 861
142 206 3371
142 207 3586
142 217 1878
142 218 8147
142 220 8757
142 222 8914
142 225 1194
142 227 6916
142 228 3791
142 234 9820
142 235 2292
142 238 2882
142 239 9500
142 240 5244
142 250 5600
142 251 7119
143 151 2486
143 154 4316
143 167 4411
143 168 1021
143 172 2
143 177 2006
143 178 2694
143 180 74
143 181 9721
143 182 2023
143 190 9881
143 192 5452
143 195 9689
143 196 5021
143 202 5810
143 205 3904
143 209 6581
143 213 5931
143 217 5537
143 225 2835
143 227 1862
143 231 2380
143 236 8086
143 242 1752
143 246 6066
143 247 6821
143 253 202
144 146 3526
144 151 7218
144 152 639
144 155 234
144 162 5215
144 174 4318
144 178 3728
144 179 2372
144 181 1511
144 184 2692
144 186 7381
144 193 527
144 196 6229
144 211 3095
144 212 6506
144 218 8229
144 220 6290
144 242 4659
144 244 2127
144 246 5400
144 248 8912
144 249 1292
144 250 9204
144 251 4475
144 252 9580
144 253 7641
145 146 46
145 152 6682
145 153 8394
145 156 6749
145 157 8524
145 159 4434
145 161 2075
145 167 6252
145 174 3214
145 175 104
145 178 496
145 179 8183
145 182 9057
145 183 1358
145 185 964
145 186 7246
145 189 5878
145 192 6632
145 195 5798
145 196 817
145 199 7640
145 203 8092
145 206 6232
145 209 6087
145 219 9916
145 221 8045
145 225 3656
145 226 2370
145 228 9493
145 234 2531
145 239 3586
145 241 9231
145 242 4539
145 244 562
145 249 1252
145 250 6344
146 147 4538
146 148 9109
146 153 3195
146 156 3124
146 159 2326
146 164 9707
146 165 703
146 167 7408
146 173 546
146 177 3713
146 180 6020
146 184 532
146 189 3892
146 193 1866
146 195 623
146 196 408
146 197 9017
146 199 9066
146 204 3180
146 206 9130
146 208 9238
146 212 9093
146 220 8264
146 224 9
146 225 4029
146 229 9061
146 239 6049
146 240 5163
146 241 1445
146 244 3512
146 249 1346
146 250 2018
146 252 3871
147 150 3707
147 152 2659
147 153 2955
147 155 9134
147 159 8141
147 161 6703
147 165 9914
147 168 1877
147 170 8318
147 173 4634
147 174 4374
147 177 610
147 182 7171
147 183 7118
147 192 5972
147 195 2473
147 203 9981
147 210 9256
147 213 1209
147 217 2512
147 227 7161
147 234 8907
147 236 3831
147 239 1302
147 243 2621
147 244 1432
147 247 4687
148 151 3513
148 154 1986
148 158 7052
148 162 2232
148 168 2897
148 169 6515
148 172 186
148 179 3779
148 184 9891
148 187 36
148 190 7307
148 192 7330
148 193 5105
148 196 2546
148 197 7174
148 202 1221
148 203 5917
148 210 6939
148 211 8379
148 212 1070
148 219 8489
148 226 7880
148 227 9688
148 230 3715
148 247 5746
148 250 899
149 152 1102
149 161 2186
149 165 6229
149 166 382
149 167 5634
149 168 7231
149 169 6621
149 184 9051
149 188 298
149 190 680
149 195 6623
149 206 9893
149 216 9559
149 225 1747
149 243 7475
149 245 1733
149 246 3319
150 152 744
150 153 2855
150 155 9672
150 156 6719
150 159 4135
150 162 28
150 163 3120
150 165 7008
150 166 2001
150 169 4397
150 173 4710
150 174 549
150 178 8425
150 179 3366
150 187 4239
150 190 8331
150 195 3412
150 197 4144
150 198 4977
150 203 1966
150 204 1962
150 205 2593
150 207 5537
150 209 6969
150 214 1765
150 216 9098
150 223 7144
150 237 8488
150 246 9464
151 155 8194
151 158 4815
151 159 7254
151 161 6543
151 162 9146
151 165 4150
151 168 6505
151 175 8240
151 176 7125
151 191 1321
151 193 8787
151 195 3687
151 200 4328
151 201 1873
151 204 4056
151 207 7826
151 214 3453
151 220 4998
151 221 9458
151 237 6237
151 241 9867
151 249 7754
151 250 5462
152 153 6773
152 155 4323
152 158 534
152 162 4166
152 165 2898
152 166 6807
152 177 5309
152 179 758
152 186 6374
152 190 6669
152 191 6882
152 225 8603
152 227 1518
152 228 1091
152 229 5351
152 232 2248
152 244 6058
152 249 9692
152 252 455
153 154 9403
153 155 7970
153 156 9247
153 159 772
153 164 1209
153 169 6966
153 170 4596
153 171 1996
153 173 8053
153 174 6383
153 176 8522
153 177 5717
153 179 9015
153 183 999
153 184 9059
153 201 5629
153 204 1821
153 208 5874
153 209 3279
153 210 8861
153 219 9514
153 220 9273
153 224 5063
153 226 5420
153 233 5515
153 237 566
153 238 6394
153 241 7798
153 244 9661
153 245 4171
153 246 8701
153 249 2502
153 251 2555
153 252 6360
154 156 1673
154 162 9116
154 172 1674
154 176 3851
154 180 9498
154 181 454
154 182 8937
154 189 2586
154 197 1577
154 202 8974
154 204 5499
154 210 6065
154 212 9664
154 218 5678
154 221 5913
154 222 3533
154 224 6098
154 226 4466
154 232 5190
154 245 3368
154 252 6397
155 156 3064
155 158 9423
155 160 3941
155 161 9864
155 163 8059
155 166 7939
155 170 4348
155 172 6384
155 174 8397
155 175 1529
155 179 4904
155 184 2562
155 186 9907
155 194 7856
155 195 6395
155 197 35
155 200 9275
155 209 5670
155 210 5874
155 215 4372
155 216 4699
155 219 343
155 222 1152
155 225 2028
155 241 1797
155 245 4796
155 248 8408
155 252 1397
155 253 512
156 164 6485
156 180 7249
156 182 877
156 185 8875
156 189 1567
156 190 6712
156 200 1866
156 201 6720
156 202 1799
156 212 7580
156 214 5389
156 215 5415
156 222 5900
156 227 4678
156 228 8563
156 229 6333
156 239 5918
156 240 7393
156 241 9741
156 248 1534
156 249 5034
156 250 3893
157 158 3704
157 172 9687
157 183 5882
157 185 3733
157 189 9988
157 193 4237
157 195 5077
157 196 1141
157 210 4176
157 212 6807
157 213 8170
157 221 2900
157 226 4821
157 231 3879
157 232 6737
157 234 8663
157 236 8346
157 239 3308
157 245 2389
158 164 151
158 167 3938
158 168 5906
158 170 2374
158 175 738
158 176 7179
158 178 8487
158 183 1540
158 184 2868
158 186 2971
158 187 2725
158 189 2561
158 190 4456
158 191 2052
158 194 9000
158 195 3596
158 197 6994
158 199 8140
158 207 1971
158 216 965
158 222 8398
158 224 9491
158 229 1425
158 233 2865
158 237 1294
158 243 1230
158 252 7282
158 253 2633
159 167 2599
159 170 129
159 173 4455
159 179 9437
159 188 7902
159 191 7830
159 197 9026
159 202 8341
159 216 7363
159 222 7935
159 224 3648
159 225 7522
159 229 2367
159 231 5649
159 236 6104
159 237 6693
159 240 8615
159 243 1169
159 246 2822
159 247 1946
160 166 3962
160 167 70
160 172 1925
160 175 6368
160 178 3731
160 189 8845
160 191 3442
160 194 5760
160 195 8874
160 200 7179
160 221 7746
160 224 4382
160 229 5462
160 238 8276
160 241 3466
160 248 2547
160 249 4134
160 250 4600
160 253 2218
161 163 811
161 164 535
161 170 3873
161 175 9949
161 181 6785
161 183 5292
161 191 6780
161 192 3432
161 202 8782
161 210 7705
161 213 8749
161 224 8611
161 225 784
161 226 7082
161 228 7854
161 232 8002
161 234 8741
161 235 4303
161 237 2862
161 242 9683
161 244 5790
162 171 719
162 182 1760
162 183 9233
162 188 7058
162 194 5613
162 195 9996
162 201 2047
162 205 9367
162 211 1876
162 212 2049
162 215 5522
162 216 1113
162 218 9185
162 220 581
162 223 232
162 226 3911
162 227 6465
162 234 2364
162 235 9665
162 243 3068
162 247 4975
162 250 989
163 171 4334
163 172 8762
163 176 37
163 177 157
163 178 876
163 183 3173
163 184 7657
163 194 3588
163 197 8693
163 203 7861
163 208 4334
163 211 3734
163 215 1306
163 216 9979
163 220 5309
163 223 957
163 225 5586
163 230 4696
163 242 902
163 243 7180
163 244 8894
163 247 3649
163 249 3096
163 250 1476
164 165 1329
164 167 9486
164 171 9558
164 174 7738
164 177 4184
164 188 24
164 198 2358
164 203 3729
164 209 457
164 214 2950
164 219 2008
164 222 7958
164 229 8822
164 233 2779
164 234 5155
164 236 613
164 238 7393
164 247 8551
164 249 8575
164 253 909
165 172 6492
165 174 5612
165 177 7307
165 191 1359
165 200 3802
165 203 4323
165 204 2422
165 209 8154
165 219 5511
165 220 9776
165 229 5222
165 230 2353
165 231 3367
165 237 2901
165 244 2769
165 247 9306
165 248 8241
166 168 9882
166 179 5202
166 183 744
166 189 5486
166 195 5203
166 199 6687
166 202 989
166 203 9192
166 206 2160
166 211 9555
166 212 7709
166 214 8009
166 216 4634
166 217 3863
166 227 363
166 228 8218
166 229 3512
166 232 1636
166 236 4072
166 238 5087
166 240 3247
166 243 8909
167 169 555
167 174 7179
167 180 9762
167 186 8414
167 187 1712
167 190 4346
167 192 5128
167 203 6124
167 205 2762
167 209 1761
167 215 9229
167 217 7415
167 219 2216
167 222 4376
167 227 2039
167 229 3282
167 230 123
167 236 4599
167 238 623
167 241 9947
167 243 685
167 245 6472
167 246 2983
167 251 924
168 170 9285
168 177 2759
168 185 3728
168 186 9675
168 189 4344
168 194 9523
168 196 5826
168 197 8902
168 198 137
168 202 3787
168 205 5392
168 210 117
168 212 9403
168 237 3461
168 238 8517
168 241 8380
168 242 5088
168 244 2820
168 247 605
168 248 2299
168 249 9069
169 170 742
169 176 8013
169 181 8775
169 183 3013
169 185 5472
169 189 1012
169 192 6345
169 195 2009
169 196 2878
169 197 1563
169 203 7491
169 204 9268
169 211 4877
169 212 7756
169 213 45
169 217 6946
169 218 4771
169 219 7912
169 220 2765
169 222 8830
169 229 1038
169 235 4755
169 236 161
169 239 7423
169 244 4074
169 246 9754
169 251 5467
169 252 2073
169 253 1111
170 171 8145
170 175 5416
170 178 6973
170 180 8971
170 184 9455
170 185 9952
170 186 9711
170 187 7972
170 189 6459
170 192 6502
170 194 9955
170 199 1750
170 201 1653
170 203 8440
170 214 5987
170 218 5740
170 239 9717
170 247 6690
170 250 2653
170 251 4088
171 176 8344
171 177 7020
171 179 9612
171 184 8026
171 186 9137
171 188 4580
171 195 2554
171 202 2684
171 207 6636
171 216 1323
171 223 2120
171 233 9296
171 247 4631
171 248 4128
171 250 8462
171 252 1600
172 177 214
172 180 9669
172 181 5355
172 184 7891
172 185 9229
172 187 3322
172 188 5765
172 189 6481
172 193 882
172 194 1540
172 197 3654
172 208 1403
172 214 8932
172 218 2003
172 222 7199
172 223 2172
172 230 470
172 241 8641
172 244 1889
172 246 7311
172 250 4731
172 252 1585
173 175 3634
173 176 9472
173 177 3383
173 179 7172
173 183 8069
173 192 9484
173 195 3572
173 202 2201
173 203 7033
173 204 1872
173 207 7012
173 212 865
173 221 6384
173 222 3727
173 227 9319
173 234 2879
173 236 2093
173 240 3187
173 244 7673
173 245 4771
173 249 3225
174 179 9056
174 180 1154
174 184 4907
174 185 3276
174 187 1146
174 190 6951
174 195 4279
174 199 1127
174 202 3830
174 203 6611
174 205 883
174 214 3183
174 220 5137
174 222 3108
174 226 4547
174 228 8598
174 232 4169
174 233 9901
174 238 6477
174 241 9909
174 243 8665
174 248 2889
174 250 3372
174 251 340
174 253 7313
175 177 770
175 179 1067
175 195 626
175 196 5998
175 202 2675
175 203 5964
175 205 3853
175 207 7175
175 208 3001
175 209 7444
175 210 4706
175 211 4634
175 213 5640
175 216 389
175 222 1809
175 233 769
175 234 9518
175 242 6941
176 177 2396
176 179 8994
176 180 6337
176 182 3736
176 183 2371
176 185 8058
176 186 1488
176 187 3912
176 189 9446
176 196 2853
176 198 6516
176 203 7456
176 204 8735
176 205 108
176 210 3153
176 217 1418
176 219 4561
176 220 6031
176 238 7286
176 249 9477
176 251 7952
177 179 4477
177 181 6190
177 184 3301
177 189 8011
177 196 8809
177 197 7944
177 203 8272
177 205 3319
177 209 5094
177 218 8847
177 219 3787
177 220 9450
177 222 83
177 223 7900
177 240 8824
177 242 3056
177 249 879
178 182 4161
178 183 1537
178 184 8822
178 185 3062
178 196 8530
178 202 6668
178 209 5375
178 220 702
178 222 1863
178 224 700
178 225 9926
178 228 3069
178 240 9532
178 243 9792
178 244 245
178 246 8935
178 247 700
179 185 4761
179 191 6119
179 192 9120
179 196 4540
179 197 1329
179 198 9263
179 204 7940
179 205 2888
179 209 226
179 223 5231
179 225 1493
179 226 7878
179 234 1324
179 236 5738
179 237 7445
179 239 6984
179 240 4959
179 242 7343
180 182 8740
180 183 9791
180 185 4044
180 187 4425
180 193 7723
180 196 4584
180 200 7530
180 201 302
180 211 4647
180 212 6306
180 213 4362
180 215 371
180 219 8245
180 220 3534
180 231 384
180 233 6204
180 235 9440
180 238 8960
180 240 4
180 241 761
180 243 657
180 246 2483
180 251 403
181 186 8693
181 187 6398
181 190 2390
181 191 9304
181 195 6409
181 201 9117
181 206 6790
181 214 8325
181 221 8831
181 223 4314
181 229 1442
181 233 408
181 234 7873
181 245 94
181 253 4613
182 184 7809
182 185 7492
182 195 837
182 201 3101
182 202 6875
182 204 8727
182 208 1753
182 220 8783
182 221 4004
182 222 6753
182 229 3688
182 230 7560
182 238 3580
182 241 7609
182 247 2587
182 248 7002
182 251 7483
183 197 4551
183 202 2889
183 205 8473
183 207 2351
183 220 2961
183 227 5960
183 229 3834
183 232 713
183 233 5894
183 234 4067
183 237 8004
183 245 6952
183 246 2852
183 250 7966
183 253 3314
184 188 1236
184 189 9535
184 190 8158
184 191 7487
184 192 9317
184 193 5784
184 194 2811
184 201 8265
184 206 2034
184 207 9459
184 209 1776
184 220 3917
184 227 1772
184 233 706
184 244 2410
184 252 4925
185 186 1347
185 190 4243
185 193 8778
185 195 2906
185 196 9911
185 202 4738
185 203 531
185 204 1546
185 205 1641
185 209 9172
185 214 6078
185 223 1114
185 230 156
185 234 1432
185 237 6544
185 238 4954
185 239 5052
185 241 9542
185 242 5791
185 245 2037
185 249 1765
185 250 9295
185 253 2063
186 189 2851
186 198 8235
186 203 5091
186 208 9588
186 209 4004
186 212 9558
186 213 515
186 215 2909
186 220 4864
186 226 5716
186 229 8810
186 230 32
186 233 319
186 234 9999
186 236 3090
186 244 5763
186 245 5952
186 249 9967
186 253 1752
187 196 7191
187 200 1046
187 202 8135
187 206 337
187 211 6591
187 212 9861
187 213 2337
187 217 1930
187 218 3689
187 230 7127
187 235 8610
187 236 2563
187 239 4792
187 245 1801
187 246 2512
187 247 961
187 248 1235
187 250 3180
187 253 7751
188 193 5791
188 200 8131
188 202 1068
188 204 5694
188 206 2925
188 221 8421
188 225 9131
188 232 5019
188 234 792
188 235 9393
188 240 9176
188 243 1808
189 192 409
189 193 6434
189 195 1505
189 196 1969
189 199 6412
189 200 5392
189 216 6743
189 221 5527
189 229 768
189 238 2162
189 240 2573
189 242 4030
189 243 5040
189 245 7186
189 250 8719
190 193 9242
190 195 8824
190 200 3539
190 206 387
190 207 2379
190 210 8680
190 213 3825
190 214 3231
190 219 3031
190 221 3104
190 222 119
190 223 5885
190 225 9382
190 226 5176
190 234 926
190 236 8895
190 241 7538
190 242 2386
190 244 6039
190 247 3128
191 196 2913
191 198 3507
191 201 4918
191 206 9985
191 214 5409
191 216 6636
191 217 1359
191 219 1212
191 220 7130
191 223 9628
191 226 9043
191 234 1338
191 241 272
191 242 4348
191 248 7591
191 249 7765
191 250 1875
192 199 1506
192 200 37
192 205 9682
192 208 3289
192 209 7876
192 210 5510
192 214 8348
192 216 307
192 218 1692
192 219 6576
192 222 6441
192 227 2014
192 231 8676
192 239 9137
192 243 9615
192 246 7287
192 253 3903
193 195 9517
193 199 7877
193 204 165
193 207 5428
193 208 9359
193 233 5853
193 240 2039
193 242 6320
193 245 5630
193 247 2099
193 250 525
194 195 4907
194 199 316
194 201 469
194 208 8897
194 209 7041
194 210 56
194 212 7103
194 213 8131
194 216 3651
194 220 1016
194 222 8780
194 224 2944
194 226 8771
194 229 8552
194 232 4141
194 238 2432
194 242 2060
194 247 7143
194 253 685
195 212 2764
195 227 7174
195 228 5467
195 230 1071
195 231 9110
195 233 3252
195 236 9095
195 248 6595
196 199 975
196 202 3469
196 203 3287
196 206 4860
196 216 6955
196 227 4902
196 229 4128
196 231 2997
196 233 6503
196 234 1012
196 236 3914
196 237 9819
196 239 9704
196 243 1500
196 247 7146
196 252 1344
197 200 4823
197 207 9348
197 208 6733
197 217 7585
197 221 1317
197 225 6566
197 234 3186
197 236 7183
197 240 1519
197 241 2143
197 246 1214
197 247 9756
197 250 7661
197 252 2481
198 201 3329
198 212 1385
198 216 6826
198 218 3859
198 219 4129
198 222 5876
198 223 5737
198 228 3320
198 230 3202
198 231 1271
198 237 5645
198 238 5704
198 240 3203
198 242 2212
198 243 2517
198 247 782
198 250 3688
199 201 9103
199 203 4558
199 205 2729
199 210 217
199 211 1418
199 229 8028
199 230 4630
199 231 4431
199 234 5855
199 238 1155
199 240 8280
199 241 3311
199 242 1008
199 243 5260
199 244 3098
200 203 360
200 204 9232
200 206 9202
200 211 1367
200 212 9975
200 215 9855
200 217 369
200 227 5602
200 228 4003
200 232 9178
200 236 6791
200 238 9979
200 242 2927
200 251 19
201 209 2690
201 211 9139
201 212 3707
201 215 2571
201 219 7340
201 220 1513
201 228 5917
201 230 2324
201 233 1825
201 237 2752
201 242 2294
201 243 804
201 250 8703
201 251 9743
202 204 5325
202 209 6062
202 212 9052
202 215 1828
202 224 2036
202 226 3737
202 229 1170
202 232 3079
202 236 8214
202 237 4666
202 241 529
202 248 7350
202 250 4138
202 253 5163
203 207 8127
203 215 1145
203 222 3842
203 224 5157
203 227 2714
203 230 6145
203 236 6586
203 245 4446
203 250 3790
203 251 4459
203 252 757
204 210 6024
204 221 2605
204 222 5089
204 225 9718
204 233 4748
204 239 6496
204 245 2891
204 253 1033
205 212 2981
205 213 4205
205 216 6550
205 217 5672
205 219 2159
205 222 6568
205 223 1046
205 224 6535
205 232 9840
205 235 1558
205 238 6580
205 239 6174
205 240 1410
205 241 5694
205 242 237
205 244 5772
205 250 9132
206 222 8305
206 227 4360
206 229 7911
206 232 8774
206 234 3511
206 238 9690
206 243 2784
206 246 7791
206 247 28
207 212 3154
207 213 327
207 215 3010
207 216 3780
207 220 1172
207 221 2584
207 230 3072
207 232 8222
207 233 3777
207 241 8984
207 244 4764
207 245 3275
207 246 3231
207 253 1720
208 210 2370
208 213 8605
208 220 6522
208 221 3514
208 222 1035
208 238 2167
208 239 2917
208 241 4212
208 245 1767
208 247 1695
208 251 3176
209 210 3037
209 211 1638
209 219 2596
209 222 9542
209 224 8981
209 225 3212
209 227 94
209 230 3231
209 233 8760
209 236 638
209 252 958
210 215 3401
210 217 2439
210 218 4086
210 226 3780
210 227 296
210 228 8094
210 238 8097
210 239 5076
210 246 7380
210 247 4946
210 248 8423
210 250 1389
211 215 3171
211 216 8365
211 220 9070
211 221 1959
211 225 6228
211 226 2635
211 227 6073
211 229 9836
211 233 7787
211 239 8995
211 241 8296
211 250 7642
211 251 19
211 252 4336
212 216 2827
212 217 2406
212 220 7199
212 228 3648
212 230 8222
212 235 7097
212 246 8520
212 249 8177
212 253 5835
213 221 607
213 224 2637
213 227 8713
213 233 3662
213 239 426
213 240 4805
213 241 5064
213 242 3963
213 243 1072
213 248 9830
213 251 4751
214 218 715
214 219 8635
214 220 7539
214 226 2318
214 228 1079
214 230 1606
214 231 4337
214 233 5720
214 235 8603
215 217 1489
215 221 9865
215 224 3326
215 225 9012
215 231 23
215 234 8425
215 237 9001
215 242 8182
215 243 6477
215 247 4003
215 248 8479
216 217 3391
216 218 5723
216 223 7752
216 227 7016
216 230 5673
216 233 3210
216 235 511
216 237 6417
216 251 1688
216 253 3017
217 219 2061
217 225 9268
217 229 5685
217 240 7301
217 241 8218
217 244 4166
217 249 8409
218 220 7181
218 224 8057
218 225 8645
218 231 4162
218 232 5816
218 237 4635
218 249 9004
218 251 7797
218 253 3394
219 220 6740
219 222 4080
219 225 9112
219 231 9775
219 234 4727
219 235 6671
219 239 3602
219 240 4654
219 244 6743
219 253 5541
220 226 3935
220 227 9407
220 230 8955
220 234 4390
220 236 5818
220 239 8850
220 246 1172
220 249 2660
221 226 7491
221 228 8671
221 237 209
221 238 656
221 241 5598
221 242 7580
221 249 9567
221 253 9745
222 227 5993
222 230 3253
222 231 3273
222 235 4584
222 238 8657
222 239 9412
222 240 6876
222 243 7054
222 246 6742
222 249 2743
222 253 1329
223 226 9119
223 227 5872
223 236 2509
223 242 8362
223 243 7678
223 244 760
223 247 1134
223 249 5607
224 227 3927
224 233 5549
224 235 4348
224 239 1829
224 241 3953
224 242 2402
224 244 4829
224 247 3192
225 227 9524
225 230 7908
225 237 4315
225 242 8302
225 244 4730
225 245 2150
225 246 2383
225 252 9217
226 237 3293
226 242 638
226 243 3073
226 249 8154
226 250 2816
226 251 1356
226 253 1604
227 239 2473
227 241 2591
227 248 7860
227 252 4184
228 230 4547
228 238 8778
228 242 9802
228 243 9258
228 245 2422
228 248 7692
228 249 8378
228 250 4203
228 253 7596
229 231 9777
229 234 7954
229 238 7164
229 239 2617
229 240 4950
229 241 398
229 243 2784
229 247 2014
230 231 9189
230 236 8866
230 238 6302
230 241 9479
230 244 3002
230 249 8851
230 251 63
230 252 7711
231 232 1761
231 234 3530
231 237 4680
231 242 1988
232 233 7
232 237 6253
232 239 5305
232 243 7903
232 248 3651
232 249 3123
232 251 1501
233 235 4116
233 240 3916
233 246 991
234 241 5392
234 246 6231
234 248 7722
234 249 1592
235 238 3916
235 241 4816
235 250 5935
236 242 8428
236 245 1281
236 246 4261
236 250 7862
237 238 2602
238 240 7744
238 242 9737
238 243 4653
238 248 2077
238 252 6328
238 253 917
239 241 3802
239 243 2287
239 246 9810
239 247 1522
239 251 4367
239 252 4256
240 243 3238
240 245 6188
240 246 1952
241 244 7940
241 245 4331
242 244 3907
242 245 2301
242 247 8296
242 250 7663
242 251 8829
243 244 9177
243 251 7048
243 253 4217
244 247 7390
244 253 4481
245 246 4321
245 248 2337
245 249 6010
246 253 4381
247 248 2614
247 251 4053
248 251 7470
248 253 3433
252 253 5708
