135 2315 74191 70
0 5 999
0 6 4354
0 7 425
0 12 8643
0 14 5536
0 20 6934
0 21 1406
0 28 1450
0 30 9878
0 31 4223
0 34 5753
0 39 5836
0 43 3561
0 46 4559
0 50 2794
0 57 9347
0 62 2635
0 64 3935
0 66 6444
0 67 1297
0 68 5759
0 83 4588
0 101 81
0 105 997
0 106 136
0 110 6202
0 113 5090
0 119 6584
0 120 8717
0 124 2252
0 125 3388
0 126 1872
0 127 5208
0 133 7155
1 2 4181
1 3 1732
1 25 3436
1 27 3642
1 29 2672
1 31 2595
1 33 8273
1 35 4260
1 36 1735
1 43 9953
1 46 4692
1 47 7726
1 52 4483
1 55 3284
1 56 3842
1 59 8642
1 61 9272
1 63 352
1 65 7791
1 68 6448
1 69 249
1 70 4707
1 76 6045
1 78 4502
1 91 212
1 93 4018
1 97 5967
1 99 7706
1 108 88
1 109 6896
1 117 8266
1 119 6105
1 130 3282
1 131 5353
1 132 5467
1 134 6948
2 5 7300
2 8 124
2 9 7946
2 21 9013
2 23 2484
2 25 1402
2 27 9380
2 29 9539
2 30 4174
2 31 4681
2 41 2529
2 51 2548
2 53 2766
2 57 9835
2 60 297
2 70 4041
2 71 8940
2 72 6848
2 79 893
2 82 9579
2 91 9758
2 102 4084
2 107 7240
2 110 2984
2 114 740
2 119 9884
2 123 5339
2 130 6282
3 12 7495
3 14 6842
3 22 8342
3 23 2703
3 24 3691
3 27 6097
3 31 8038
3 33 9120
3 35 5869
3 36 8224
3 41 9320
3 43 7954
3 45 3553
3 55 9418
3 56 722
3 58 8599
3 70 5421
3 72 2594
3 73 3744
3 76 3176
3 82 9880
3 83 3121
3 88 1038
3 90 6074
3 93 8406
3 94 1182
3 100 7924
3 107 4885
3 109 445
3 117 6077
3 124 6394
3 129 6691
3 131 5211
4 5 5455
4 6 951
4 7 6003
4 8 5093
4 9 3843
4 10 9476
4 12 6496
4 13 3476
4 18 298
4 22 9774
4 23 1303
4 27 638
4 33 3047
4 35 4717
4 45 3628
4 50 8746
4 55 451
4 56 1617
4 57 8256
4 61 3138
4 66 2816
4 69 5921
4 77 8390
4 79 3437
4 81 4754
4 84 3696
4 90 4036
4 92 9134
4 98 8008
4 100 7615
4 106 8031
4 113 5770
4 116 8233
4 124 5233
4 129 35
5 7 1700
5 10 6627
5 13 3475
5 26 6895
5 30 2343
5 32 3676
5 34 8974
5 35 7519
5 42 176
5 43 2809
5 46 4961
5 52 105
5 59 3090
5 60 8884
5 65 7343
5 72 1587
5 79 6864
5 85 7987
5 87 1292
5 89 9675
5 91 1149
5 93 7599
5 100 1899
5 105 5984
5 109 2764
5 112 9590
5 113 3993
5 116 7950
5 122 2904
5 123 7159
5 127 9263
6 8 4346
6 10 8536
6 11 2008
6 17 1055
6 21 3614
6 28 6897
6 31 5905
6 35 1562
6 38 6237
6 47 6924
6 49 7541
6 50 8020
6 53 4994
6 55 3413
6 57 1321
6 62 3278
6 64 6941
6 66 6526
6 68 1374
6 71 3328
6 75 1263
6 77 9299
6 80 4999
6 84 2999
6 85 5002
6 91 9579
6 98 7288
6 102 671
6 104 842
6 110 1763
6 113 1849
6 115 4059
6 117 9689
6 118 6824
6 119 1625
6 122 5592
6 123 2691
6 129 1385
7 9 4812
7 10 1653
7 15 8039
7 17 6467
7 19 4939
7 21 7437
7 22 9789
7 26 252
7 28 5553
7 38 8276
7 43 5636
7 49 3832
7 50 1642
7 51 1533
7 56 8718
7 59 9700
7 69 4885
7 71 6646
7 73 7245
7 74 6991
7 77 2468
7 84 4724
7 91 1577
7 96 3451
7 99 8256
7 101 2547
7 105 2113
7 106 9683
7 107 4282
7 129 1406
7 133 602
8 9 3856
8 10 7401
8 22 5071
8 29 2341
8 30 6797
8 34 4125
8 36 7160
8 39 1285
8 42 1174
8 47 1189
8 49 5593
8 50 395
8 53 8194
8 56 1566
8 59 4400
8 62 8592
8 66 1696
8 71 6053
8 74 2
8 75 7288
8 80 695
8 83 8811
8 96 9643
8 100 3711
8 102 5955
8 104 9019
8 105 357
8 107 2267
8 109 6606
8 110 2708
8 113 7310
8 114 7249
8 119 5256
8 120 2744
8 124 7525
8 125 8381
8 126 1449
8 129 8166
8 131 9964
9 12 3050
9 28 2794
9 39 875
9 40 8990
9 43 2211
9 52 5338
9 53 9852
9 56 7198
9 57 5858
9 67 453
9 93 6275
9 95 1403
9 101 5103
9 106 3395
9 116 5857
9 119 8920
9 123 5965
9 125 4919
9 128 2651
9 131 9498
9 132 3496
10 12 3122
10 20 2380
10 22 4165
10 23 8177
10 27 5513
10 28 7098
10 29 323
10 30 1284
10 35 459
10 36 3747
10 39 2492
10 43 8868
10 44 154
10 49 6213
10 54 4791
10 56 2
10 58 9727
10 62 6462
10 65 5587
10 67 2747
10 71 5953
10 75 5261
10 76 9399
10 78 6395
10 88 967
10 92 388
10 97 9328
10 98 4849
10 103 2961
10 105 1109
10 118 6315
10 124 4810
10 128 8044
10 133 4456
11 18 9180
11 22 9159
11 25 3889
11 32 4289
11 37 9450
11 38 5345
11 40 4695
11 41 6056
11 45 830
11 47 6820
11 49 3529
11 51 3198
11 75 6049
11 82 3446
11 84 9809
11 89 2638
11 91 2075
11 95 4657
11 104 5161
11 106 9188
11 110 917
11 112 7661
11 118 2149
11 120 4367
11 124 1244
11 126 6799
11 129 5048
11 132 5392
11 133 3287
12 15 6595
12 17 527
12 21 846
12 24 6958
12 33 3597
12 35 7515
12 40 452
12 42 407
12 45 3720
12 53 4862
12 55 2187
12 60 7788
12 67 8466
12 70 2685
12 72 4184
12 77 2366
12 78 5467
12 81 9567
12 86 7880
12 87 7670
12 96 9160
12 102 4231
12 104 9272
12 105 2780
12 106 7198
12 109 2838
12 110 4716
12 112 6604
12 113 5735
12 118 8844
12 122 7286
12 128 537
12 132 3493
12 133 4180
12 134 5918
13 15 3794
13 16 9045
13 18 7438
13 20 3685
13 21 9930
13 26 255
13 30 6631
13 31 1696
13 39 5761
13 43 4894
13 48 8269
13 49 5713
13 53 8156
13 56 1556
13 57 3627
13 58 9778
13 63 7675
13 65 5730
13 66 5715
13 71 88
13 75 2832
13 77 1602
13 78 3240
13 81 1657
13 89 9723
13 96 12
13 106 3346
13 110 299
13 114 5366
13 116 4076
13 118 7353
14 20 6807
14 31 240
14 32 8768
14 34 1410
14 39 9621
14 42 4831
14 46 4646
14 50 5315
14 53 5310
14 59 1112
14 61 7414
14 75 6396
14 78 2891
14 86 1453
14 90 6181
14 91 7261
14 92 7992
14 98 3728
14 101 3886
14 106 1834
14 107 8625
14 109 5996
14 110 5988
14 113 7344
14 117 2423
14 118 761
14 123 4153
14 125 2513
14 128 4939
14 129 385
14 130 7223
14 131 7397
15 16 3537
15 17 8115
15 27 6315
15 33 8492
15 35 9322
15 39 4585
15 42 6313
15 43 1764
15 44 8158
15 48 318
15 51 1345
15 52 3268
15 65 5029
15 67 6015
15 70 3798
15 83 3387
15 84 2533
15 85 8224
15 91 7866
15 92 8606
15 93 5644
15 94 4792
15 100 6758
15 106 1448
15 107 9613
15 111 5159
15 115 4714
15 117 5430
15 120 8545
15 123 3924
15 130 8746
16 26 6159
16 29 1988
16 37 9238
16 46 3619
16 47 5935
16 51 2454
16 53 6859
16 54 4487
16 58 6090
16 60 6582
16 61 4495
16 63 1927
16 64 3165
16 71 7715
16 76 1417
16 87 6040
16 90 1854
16 93 176
16 97 3845
16 100 3190
16 102 4047
16 106 5728
16 109 7821
16 110 8523
16 111 6340
16 114 6545
16 116 3012
16 132 3689
17 18 7373
17 20 5804
17 21 2968
17 29 3711
17 31 8322
17 34 4151
17 36 7803
17 39 4029
17 44 9935
17 49 9954
17 55 358
17 63 7640
17 64 2743
17 65 8123
17 74 2084
17 82 8579
17 85 1760
17 86 8367
17 87 4382
17 89 1537
17 90 753
17 95 750
17 103 112
17 110 3127
17 114 3982
17 117 3455
17 121 8825
17 126 199
17 127 5201
17 128 8941
17 129 1708
17 130 734
17 132 9112
18 20 2809
18 34 6901
18 35 8881
18 36 429
18 47 9509
18 50 7973
18 54 3734
18 58 9389
18 60 1777
18 68 6095
18 70 505
18 71 8335
18 76 1990
18 87 2231
18 92 604
18 99 5815
18 101 3094
18 102 808
18 103 1058
18 105 8979
18 107 8935
18 109 4370
18 110 249
18 119 8296
18 121 204
18 123 6063
18 134 6707
19 26 532
19 28 5001
19 35 8117
19 39 8765
19 45 9322
19 52 547
19 53 1998
19 56 9391
19 58 4751
19 60 2693
19 61 4814
19 62 6091
19 63 5610
19 65 1074
19 66 2773
19 70 8941
19 71 4955
19 72 3587
19 73 4209
19 75 9447
19 82 435
19 83 1489
19 84 3443
19 85 4969
19 87 5246
19 91 9220
19 100 4669
19 101 4085
19 112 3761
19 116 9867
19 118 795
19 120 6123
19 123 4342
19 125 7144
19 127 1289
20 21 4176
20 37 259
20 43 1308
20 46 8091
20 47 8279
20 49 148
20 50 319
20 52 6518
20 54 529
20 56 6410
20 57 4895
20 60 5235
20 65 9325
20 70 2604
20 71 5743
20 73 6611
20 77 4197
20 87 2363
20 89 7146
20 90 5405
20 92 739
20 93 9917
20 95 1465
20 100 6767
20 115 3267
20 117 4439
20 123 8431
20 124 3900
20 129 4688
20 130 9259
20 134 1514
21 26 4673
21 28 6363
21 30 6381
21 31 6402
21 37 8428
21 38 5816
21 44 7949
21 49 7290
21 51 7621
21 53 2986
21 54 2858
21 55 3087
21 56 7295
21 61 3242
21 62 8620
21 64 7256
21 70 5760
21 71 3164
21 78 7720
21 83 9292
21 84 9344
21 88 1323
21 90 6801
21 95 3204
21 106 6863
21 110 1212
21 114 1109
21 116 4325
21 121 2905
21 123 6226
21 124 5249
21 126 2197
21 128 233
21 129 3346
21 130 6505
21 132 8702
22 24 966
22 27 4271
22 33 2810
22 35 3234
22 37 9470
22 38 7787
22 43 7186
22 58 8005
22 59 762
22 60 8841
22 61 4527
22 65 6192
22 70 5722
22 71 2929
22 76 6446
22 86 7504
22 91 4601
22 100 1416
22 104 478
22 105 2044
22 109 2491
22 110 1232
22 113 1591
22 115 4935
22 116 5371
22 123 4224
22 124 8816
22 126 9985
22 129 4488
23 29 6032
23 35 3716
23 37 7737
23 48 4202
23 49 9051
23 53 5802
23 55 8756
23 60 6119
23 66 4993
23 67 9228
23 77 5546
23 81 5033
23 87 6163
23 88 4262
23 95 7644
23 99 76
23 101 5600
23 102 5325
23 105 7159
23 110 4731
23 120 8869
23 126 4588
23 128 2763
23 129 1589
24 33 9884
24 35 2757
24 36 1233
24 45 4195
24 46 1015
24 48 8258
24 49 1188
24 52 2036
24 56 3218
24 57 2505
24 68 3560
24 71 8048
24 74 8513
24 76 2358
24 78 2578
24 87 2312
24 89 6996
24 93 6089
24 97 5354
24 100 9872
24 101 3188
24 103 735
24 108 6185
24 115 8858
24 127 8009
24 132 7363
25 26 634
25 32 8935
25 37 510
25 38 9400
25 40 8104
25 49 8797
25 53 2241
25 55 4952
25 58 7802
25 59 1265
25 63 5731
25 68 2418
25 70 6544
25 73 8928
25 75 5735
25 77 6705
25 78 9428
25 81 4151
25 88 8233
25 92 8785
25 98 6814
25 99 5204
25 100 9689
25 101 2093
25 103 6411
25 105 3739
25 113 4891
25 114 875
25 127 8602
26 45 3689
26 46 1962
26 49 2823
26 50 9048
26 53 6162
26 61 6555
26 63 3020
26 68 6528
26 70 2384
26 77 3493
26 83 275
26 84 4057
26 86 2234
26 88 8832
26 90 2493
26 92 2516
26 96 6418
26 98 6556
26 104 5209
26 107 337
26 110 4249
26 111 7935
26 112 2417
26 115 1962
26 118 8518
26 121 786
26 126 6427
26 129 9424
27 30 5409
27 32 5281
27 34 5255
27 39 5097
27 42 5587
27 46 3015
27 47 6344
27 52 576
27 58 5375
27 64 5339
27 75 4608
27 89 9757
27 92 6981
27 95 912
27 99 7996
27 104 1098
27 108 7856
27 109 1062
27 134 447
28 31 7194
28 37 5994
28 41 3967
28 43 3058
28 44 1840
28 46 3434
28 48 25
28 49 1861
28 53 3005
28 59 5578
28 61 5636
28 66 5077
28 68 6955
28 71 9601
28 73 7276
28 74 7271
28 78 9479
28 81 8896
28 84 391
28 89 668
28 94 315
28 97 3019
28 99 7854
28 104 3907
28 107 403
28 110 2754
28 112 7522
28 113 4592
28 114 5845
28 115 5181
28 116 1981
28 121 2053
28 123 9407
28 128 1585
28 130 3114
28 133 7570
29 30 736
29 31 3886
29 32 4009
29 34 4580
29 41 97
29 47 7511
29 55 2218
29 56 592
29 63 2969
29 64 6234
29 65 4127
29 73 8075
29 75 4228
29 76 4823
29 84 1494
29 86 5842
29 87 7565
29 89 3247
29 91 2306
29 97 4957
29 99 9098
29 101 2955
29 108 109
29 111 6233
29 115 3741
29 119 7486
29 121 1085
29 126 4252
29 127 8936
29 129 5560
29 131 9571
29 132 7190
30 42 8097
30 48 2662
30 52 831
30 55 9643
30 56 4164
30 59 4281
30 66 3053
30 72 4947
30 79 2609
30 82 8411
30 85 1329
30 86 9067
30 88 9581
30 91 4329
30 99 9133
30 101 9483
30 103 54
30 106 9313
30 115 4753
30 116 4647
30 123 7249
30 124 8151
30 131 1831
30 134 5280
31 34 6139
31 41 3319
31 45 8885
31 47 4300
31 48 6828
31 50 9724
31 51 6245
31 53 7680
31 59 4410
31 60 5448
31 67 3984
31 72 564
31 73 8029
31 78 8516
31 83 8432
31 84 8
31 86 6205
31 89 9242
31 90 4762
31 95 8185
31 96 3093
31 102 8851
31 103 4776
31 106 8847
31 107 8795
31 109 8145
31 111 7744
31 117 2269
31 121 827
31 126 5837
31 128 8951
31 132 4651
32 38 676
32 44 3811
32 55 2094
32 65 2475
32 68 2972
32 71 8597
32 72 5771
32 73 9160
32 77 7645
32 84 7070
32 92 8770
32 95 2424
32 101 2215
32 102 7799
32 103 6781
32 104 6744
32 110 5255
32 111 9611
32 112 7815
32 115 9380
32 121 5961
32 132 7243
32 133 3195
33 39 7216
33 41 1666
33 43 890
33 45 4284
33 48 4011
33 49 6515
33 52 241
33 53 9829
33 55 6882
33 56 2685
33 57 5127
33 59 5579
33 79 227
33 86 2397
33 107 4938
33 111 6302
33 115 2506
33 120 5703
33 121 1002
33 124 3399
33 131 2328
33 132 5759
34 36 3074
34 49 5086
34 54 3731
34 57 2192
34 66 2035
34 68 4214
34 70 7834
34 74 9334
34 75 254
34 83 2133
34 84 77
34 93 4552
34 102 1653
34 105 9721
34 106 740
34 111 4571
34 113 8975
34 120 7929
34 127 9273
34 129 304
34 130 358
34 132 5212
34 133 6162
34 134 7488
35 38 4201
35 39 1883
35 45 5699
35 60 6795
35 61 5878
35 62 8304
35 64 2810
35 66 3537
35 69 6389
35 75 5589
35 79 4442
35 85 8206
35 90 3636
35 96 2560
35 98 1853
35 102 3355
35 104 5499
35 105 689
35 108 6375
35 109 4013
35 112 6895
35 114 3634
35 118 133
35 124 2719
35 125 2767
35 126 3599
35 128 6789
35 132 8359
35 134 9057
36 40 6668
36 46 3575
36 47 4448
36 48 771
36 50 1625
36 55 1989
36 65 3594
36 67 9130
36 68 1861
36 70 8553
36 79 3688
36 83 4495
36 85 2653
36 87 2647
36 88 9216
36 90 3868
36 96 1351
36 99 4955
36 100 5027
36 104 8395
36 113 8848
36 114 8636
36 118 9140
36 125 8658
37 41 9417
37 44 9327
37 46 3878
37 47 5104
37 55 586
37 59 1533
37 60 3615
37 64 6076
37 69 7596
37 72 9355
37 73 5214
37 76 3507
37 78 7100
37 82 8451
37 84 2457
37 87 5682
37 89 1742
37 90 2570
37 96 4033
37 99 7976
37 101 8911
37 104 2571
37 108 9909
37 110 8240
37 111 4712
37 114 4903
37 118 3316
37 126 8237
37 128 6414
37 132 8459
38 42 7553
38 43 3335
38 51 4644
38 52 5887
38 54 2291
38 55 2944
38 66 9819
38 68 1666
38 70 4881
38 82 3813
38 85 4051
38 86 9525
38 87 1462
38 89 4362
38 94 2780
38 98 9712
38 100 6244
38 104 2055
38 106 5662
38 110 3234
38 112 3748
38 119 9920
38 122 4326
38 125 8640
38 127 1183
38 129 6375
38 130 7850
39 40 3331
39 41 3676
39 42 1345
39 45 8867
39 46 8730
39 47 7981
39 52 7497
39 54 5934
39 56 1379
39 57 401
39 58 5558
39 61 9906
39 72 2046
39 77 322
39 78 6657
39 81 1859
39 86 3301
39 87 9607
39 88 6567
39 91 4753
39 95 4249
39 96 5076
39 100 7740
39 104 706
39 109 6992
39 110 3965
39 113 6770
39 116 5964
39 120 9807
39 122 4982
39 123 2757
39 125 573
39 128 5254
39 129 3627
39 131 8937
39 133 7382
39 134 3422
40 41 4090
40 52 8189
40 57 2565
40 60 807
40 62 2144
40 85 8494
40 86 9933
40 87 4181
40 88 5828
40 94 852
40 95 971
40 96 2434
40 103 2437
40 106 8196
40 117 5066
40 118 557
40 121 1929
40 124 5956
40 126 5050
40 131 8347
41 53 9875
41 60 4460
41 61 7039
41 64 8890
41 67 5262
41 69 3020
41 73 9589
41 78 4986
41 82 7687
41 89 1656
41 94 9450
41 101 1896
41 103 4652
41 110 2649
41 121 3469
41 124 291
41 125 7064
41 128 8304
41 129 7292
42 49 3447
42 58 2997
42 60 1600
42 64 2417
42 73 8891
42 78 2265
42 80 74
42 90 6260
42 92 5096
42 101 8597
42 102 6461
42 103 4256
42 105 1091
42 106 4844
42 107 7264
42 108 3861
42 112 8263
42 114 6787
42 121 8640
42 129 5138
43 54 3088
43 62 3572
43 63 995
43 66 2551
43 67 641
43 73 3660
43 74 7386
43 77 545
43 84 3726
43 85 2612
43 94 9041
43 95 2202
43 100 5489
43 102 1670
43 109 6491
43 115 2898
43 123 7701
43 126 8332
44 45 2088
44 46 1395
44 47 3768
44 50 4430
44 52 2172
44 58 3082
44 61 9241
44 68 7151
44 70 3532
44 74 2134
44 76 9863
44 77 7119
44 81 1673
44 82 389
44 85 704
44 89 2037
44 94 3341
44 96 5092
44 97 4427
44 102 92
44 103 4235
44 104 1670
44 106 8703
44 107 4083
44 111 6819
44 113 4668
44 120 6257
44 124 97
44 126 840
44 127 7114
44 132 4410
45 52 813
45 57 9602
45 68 8218
45 83 868
45 88 6161
45 93 9671
45 96 3227
45 101 7382
45 109 4169
45 117 9892
45 118 5289
45 120 3417
45 122 7985
45 125 6337
45 134 7757
46 48 4376
46 49 9880
46 50 2377
46 52 6382
46 53 5570
46 54 1078
46 56 9347
46 61 1061
46 63 8694
46 65 9275
46 68 9616
46 71 7329
46 74 3188
46 78 5325
46 79 3813
46 83 3296
46 101 1413
46 105 6581
46 106 5294
46 113 2362
46 116 2223
46 120 973
46 123 9335
46 124 1674
46 126 6916
46 128 4994
46 131 6305
46 132 7031
47 53 205
47 55 3588
47 60 7854
47 71 5468
47 74 8249
47 76 3768
47 79 9453
47 84 3082
47 87 10
47 89 6624
47 93 9785
47 94 5713
47 98 9537
47 100 7337
47 102 4481
47 114 489
47 118 8534
47 121 4698
47 122 7835
47 124 3072
47 125 6490
47 127 6393
47 134 2547
48 50 9027
48 52 6151
48 56 4509
48 57 5411
48 60 3368
48 61 5215
48 64 7005
48 70 5366
48 71 5037
48 74 1441
48 82 6603
48 85 5478
48 87 1907
48 92 4686
48 96 6793
48 98 7768
48 104 5175
48 106 7652
48 109 8968
48 114 629
48 117 277
48 127 3486
48 131 7326
49 54 5126
49 56 7053
49 66 3683
49 67 3393
49 69 390
49 72 5694
49 74 3347
49 76 6218
49 80 5957
49 82 8985
49 87 6595
49 89 2055
49 93 9438
49 97 8775
49 99 1007
49 108 4567
49 109 9364
49 110 2611
49 121 7700
49 123 9590
49 126 7668
49 131 2067
50 51 3314
50 55 2287
50 57 4433
50 60 9035
50 64 7484
50 65 19
50 68 7852
50 74 9969
50 75 3451
50 76 3560
50 77 1597
50 89 198
50 90 5096
50 93 2710
50 97 1434
50 100 5538
50 102 6224
50 107 3647
50 109 8761
50 116 80
50 121 2634
50 122 5892
50 124 3151
50 134 8159
51 68 764
51 70 5901
51 74 4429
51 79 9112
51 80 3330
51 88 5113
51 98 4986
51 102 5503
51 115 8665
51 122 2552
51 125 3025
51 127 1581
51 128 3811
51 130 8143
51 132 3662
52 54 4014
52 61 7727
52 65 5302
52 74 4956
52 75 5909
52 78 4
52 84 5106
52 89 1484
52 93 1822
52 94 9975
52 100 7700
52 101 3083
52 102 2025
52 103 180
52 116 2020
52 124 8005
52 125 2333
52 131 2207
52 133 3367
52 134 5867
53 55 3072
53 57 8191
53 68 2036
53 69 5162
53 70 9387
53 74 9236
53 79 7438
53 81 6122
53 84 579
53 87 4883
53 93 4708
53 94 8646
53 100 8284
53 103 2065
53 104 5436
53 106 1376
53 112 2300
53 117 5159
53 119 3533
53 123 3781
53 126 115
53 127 9073
53 128 4743
53 129 5896
53 132 5148
53 133 7891
54 61 9267
54 63 4899
54 65 1987
54 67 6167
54 73 5822
54 74 7576
54 79 8743
54 82 5213
54 86 966
54 89 4506
54 90 5315
54 93 2022
54 94 6853
54 101 3163
54 103 7550
54 104 2379
54 106 7944
54 111 2621
54 114 4000
54 115 6658
54 123 3169
54 124 8191
54 129 2662
54 134 5406
55 61 2355
55 62 1779
55 64 4160
55 68 1902
55 78 2771
55 86 6331
55 87 3174
55 95 967
55 96 7944
55 97 7634
55 103 5251
55 104 4525
55 116 1866
55 120 9479
55 122 7238
55 126 6487
55 127 3147
55 128 6314
55 129 5353
56 60 3910
56 68 3042
56 69 2501
56 71 5429
56 73 1042
56 77 1117
56 79 5652
56 81 6251
56 83 7196
56 85 2816
56 103 235
56 106 3186
56 107 3720
56 108 6202
56 111 1167
56 113 3030
56 116 8719
56 117 223
56 118 4655
56 119 3762
56 122 9263
56 128 5593
56 131 7972
56 133 8608
56 134 8788
57 63 6693
57 72 4323
57 78 6265
57 84 8742
57 85 7284
57 86 8815
57 90 833
57 96 3910
57 98 4077
57 111 2839
57 114 5777
57 115 947
57 116 5963
57 117 1317
57 119 8364
57 123 364
57 127 6270
57 128 7379
57 129 8980
57 130 2918
58 59 3388
58 63 2081
58 64 7978
58 65 9324
58 67 3264
58 69 4063
58 77 4204
58 80 6080
58 87 7238
58 88 5872
58 99 6175
58 100 5119
58 103 9384
58 114 3363
58 123 6002
58 124 6000
58 125 8911
58 126 2637
58 128 4496
58 129 9053
59 68 1942
59 69 7834
59 81 3549
59 82 9525
59 88 3186
59 91 9779
59 97 6034
59 104 1135
59 105 1489
59 115 8910
59 116 354
59 122 9851
59 124 1711
59 130 8421
59 132 7503
59 134 2300
60 64 7956
60 68 3107
60 69 3816
60 73 221
60 83 1207
60 88 6267
60 91 1056
60 94 1996
60 96 15
60 97 5198
60 99 2228
60 102 2025
60 111 2441
60 113 152
60 116 2965
60 124 8600
60 128 3741
60 129 6034
60 134 4583
61 64 7584
61 68 1394
61 72 9706
61 83 7113
61 92 298
61 93 7925
61 102 3371
61 103 9127
61 109 3653
61 116 2063
61 119 6441
61 122 8962
61 128 6419
61 129 1835
62 64 8784
62 65 2670
62 66 3767
62 72 2930
62 73 2215
62 78 987
62 79 6715
62 83 141
62 85 9930
62 86 4314
62 89 2860
62 96 5756
62 107 7132
62 110 5754
62 112 6823
62 113 2450
62 117 9625
62 122 7504
62 128 2802
62 129 2885
62 132 5388
63 68 4405
63 69 5384
63 78 7052
63 79 3222
63 82 5842
63 84 5734
63 93 6009
63 94 1170
63 95 2142
63 96 7821
63 97 1465
63 101 194
63 103 7781
63 105 1990
63 123 5704
63 124 6761
63 129 642
63 131 7414
64 65 7408
64 68 1500
64 73 3344
64 75 1490
64 87 2880
64 90 9490
64 92 6238
64 101 9714
64 103 1368
64 105 2648
64 109 3508
64 110 1778
64 119 5559
64 120 5264
64 123 776
64 124 5997
64 126 3729
64 131 1765
65 76 7852
65 77 5042
65 78 4857
65 79 4822
65 91 9537
65 93 3183
65 98 9194
65 102 5341
65 108 8527
65 113 7310
65 114 4218
65 116 1082
65 122 4431
65 123 401
65 124 1184
65 129 7121
65 130 6824
66 71 9130
66 72 3059
66 76 3328
66 80 9003
66 84 1146
66 91 7447
66 93 9202
66 98 7175
66 103 5455
66 108 9621
66 110 8392
66 119 309
66 122 27
66 131 2140
67 68 3578
67 72 6054
67 77 8156
67 86 1945
67 94 6653
67 116 5888
67 119 1522
67 125 618
67 128 5227
67 133 8179
67 134 4187
68 76 4422
68 78 1940
68 86 560
68 89 5364
68 93 437
68 115 8965
68 116 5104
68 117 5927
68 123 3873
68 134 9031
69 71 1944
69 75 2687
69 81 9148
69 85 3857
69 87 9744
69 88 6488
69 90 8478
69 98 2360
69 107 3000
69 117 8832
69 119 5638
69 122 5824
69 123 6343
69 124 649
70 73 4172
70 76 8651
70 77 5104
70 79 6492
70 83 9741
70 84 3368
70 86 4735
70 89 1307
70 93 4837
70 96 9357
70 110 2420
70 111 4089
70 112 6253
70 114 8499
70 115 5192
70 119 7264
70 126 2408
71 74 5998
71 81 2766
71 86 8406
71 92 9175
71 94 4065
71 97 3906
71 98 9449
71 108 1822
71 112 8929
71 115 1624
71 119 3032
71 122 9682
71 124 9867
72 76 2936
72 78 4430
72 84 699
72 86 3920
72 95 1991
72 98 8500
72 102 7450
72 103 5321
72 119 2006
72 121 1684
72 123 6931
72 126 8582
72 129 7605
73 74 4394
73 78 3979
73 80 4570
73 86 2191
73 87 8389
73 89 3466
73 90 2111
73 92 9639
73 93 349
73 95 1091
73 97 5387
73 98 5534
73 99 9588
73 103 6090
73 105 5063
73 106 2350
73 113 3444
73 120 1669
73 122 1934
73 124 4709
73 125 3650
74 75 945
74 76 9054
74 77 463
74 79 5347
74 80 6739
74 81 4123
74 84 5004
74 85 1675
74 91 3950
74 94 3026
74 96 2684
74 98 9087
74 104 5761
74 107 4437
74 115 7298
74 118 7358
74 122 3624
75 76 8091
75 79 6698
75 81 7572
75 85 585
75 86 3158
75 87 6911
75 89 3696
75 90 6429
75 92 1408
75 96 653
75 97 8048
75 98 9663
75 102 4182
75 103 3519
75 108 6717
75 113 6605
75 122 254
75 125 5861
75 126 6982
75 131 4142
76 87 1787
76 93 4820
76 95 1872
76 96 5927
76 98 9472
76 102 6427
76 108 2359
76 114 6846
76 122 1757
76 123 5777
76 129 619
76 130 7141
76 132 7818
77 88 8347
77 92 2355
77 96 7715
77 106 259
77 108 2383
77 110 9354
77 111 131
77 114 6216
77 117 3233
77 120 8898
77 126 4302
77 129 9816
77 130 1762
77 132 6936
77 133 9986
77 134 7045
78 79 7454
78 81 7615
78 83 5513
78 85 9277
78 87 2869
78 88 7445
78 89 6594
78 90 415
78 94 3276
78 98 174
78 101 8992
78 102 1650
78 104 6722
78 111 7605
78 114 3010
78 117 9037
78 118 8398
78 119 9820
78 126 9386
78 127 1844
78 130 9122
78 134 8449
79 81 2868
79 83 7366
79 84 4692
79 85 848
79 91 5204
79 94 9303
79 96 5277
79 102 9903
79 104 2202
79 108 6735
79 109 1972
79 120 697
79 121 4212
79 122 9477
79 130 7488
79 132 7939
80 84 2956
80 85 2848
80 86 9976
80 87 7817
80 88 3016
80 89 9912
80 90 9074
80 102 5727
80 106 8501
80 109 660
80 116 2339
80 127 9040
81 82 2788
81 85 3000
81 95 8392
81 97 5178
81 103 9964
81 105 466
81 114 2470
81 120 9209
81 121 5221
81 122 7853
81 134 8135
82 83 4771
82 91 3150
82 95 1577
82 96 9578
82 98 6190
82 100 6539
82 101 3392
82 105 7324
82 106 3903
82 109 856
82 113 5438
82 118 4227
82 133 9944
83 91 112
83 97 5740
83 101 7082
83 103 7193
83 105 6843
83 107 9125
83 112 7325
83 115 7722
83 119 5047
83 127 5575
83 130 572
83 134 4514
84 85 4847
84 87 1933
84 89 5042
84 91 5840
84 98 1600
84 105 2712
84 106 4586
84 110 708
84 111 865
84 115 8291
84 117 1304
84 120 9707
84 122 2941
84 125 9062
84 126 7429
84 129 3411
84 132 2949
84 133 6238
85 92 3200
85 95 3508
85 97 9665
85 100 2662
85 104 2499
85 106 5682
85 107 3225
85 108 7532
85 111 3209
85 112 1017
85 114 9992
85 115 6210
85 117 6640
85 126 2775
86 91 3111
86 93 4984
86 98 6747
86 102 4042
86 103 3168
86 106 5975
86 109 1040
86 116 1660
86 119 2944
86 122 8268
86 127 1805
86 133 8169
87 91 4203
87 96 257
87 97 8547
87 98 3815
87 102 7099
87 108 4490
87 112 3352
87 114 4423
87 116 1673
87 131 3394
87 134 8086
88 94 4834
88 95 1750
88 98 1154
88 108 3959
88 117 8660
89 91 9471
89 92 2656
89 93 4552
89 94 4306
89 97 918
89 101 8229
89 105 4985
89 108 2511
89 109 3291
89 110 1634
89 114 3952
89 116 9216
89 117 4173
89 123 6798
89 124 2372
89 126 6553
89 128 7798
89 132 3465
90 93 2442
90 99 5535
90 100 8794
90 102 8203
90 103 2071
90 113 850
90 116 5731
90 120 1984
90 122 2057
90 123 2843
90 124 4967
90 125 2745
90 130 1640
90 132 4020
91 94 1363
91 97 3333
91 99 7366
91 100 8758
91 102 3825
91 104 4423
91 106 7889
91 120 2596
91 125 4337
91 126 9006
92 93 3302
92 95 1981
92 96 9038
92 99 4005
92 104 7031
92 107 2364
92 108 3952
92 115 647
92 120 163
92 125 4567
92 127 9653
92 128 4545
93 117 2276
93 118 9607
93 123 2124
94 97 1459
94 104 1383
94 107 310
94 111 7476
94 118 9682
94 125 815
94 127 4552
94 128 8191
94 129 2403
95 98 4169
95 108 2345
95 111 3124
95 116 963
95 117 9572
95 121 1747
95 122 3485
95 126 9210
95 128 6949
95 133 8372
96 98 9048
96 102 3483
96 104 2278
96 108 4330
96 112 3775
96 114 2704
96 120 3100
96 122 8491
96 123 5773
96 127 2618
97 98 7048
97 99 6324
97 102 2643
97 103 5090
97 104 8633
97 115 7633
97 117 7590
97 122 9295
97 129 8390
98 99 1336
98 104 3677
98 112 2616
98 115 4974
98 124 8558
98 125 7718
98 126 5784
98 128 7144
98 130 9245
98 131 4461
98 132 6434
99 106 3439
99 114 6145
99 119 16
99 125 5427
99 127 2281
99 130 3219
99 133 6343
100 103 2364
100 108 9591
100 114 4473
100 123 2767
100 124 8524
101 102 6106
101 103 4598
101 109 402
101 125 1050
101 126 2081
101 133 1344
102 103 4595
102 104 8369
102 105 3648
102 108 9336
102 110 2967
102 112 2608
102 113 10
102 115 4834
102 119 751
102 120 5215
102 124 7801
102 129 2975
102 133 1918
103 104 6934
103 105 8331
103 108 3012
103 114 5046
103 116 8861
103 120 4334
103 122 563
103 124 2750
103 126 5359
104 105 6193
104 110 8745
104 117 223
104 126 5777
104 128 695
104 133 9061
105 111 1850
105 117 3942
105 124 7714
105 127 2048
105 132 6128
106 118 6628
106 119 1223
106 123 5958
106 127 1650
107 115 206
107 116 2400
107 117 2059
107 121 1104
107 122 2989
108 110 419
108 114 2183
108 115 2316
108 116 2157
108 123 3063
108 125 6072
108 126 1897
108 131 8060
109 118 560
109 120 2027
109 126 3112
109 131 2030
110 111 2990
110 121 2032
110 123 4040
110 126 8506
110 129 4885
110 131 6441
110 132 5060
110 134 3734
111 115 2005
111 117 558
111 118 6676
111 119 6282
111 122 2703
111 126 8267
111 128 7313
111 131 4952
112 113 9395
112 122 8524
112 123 2517
112 128 6165
112 133 4425
113 119 9194
113 126 1868
113 127 7612
113 129 1977
113 131 9682
113 132 8721
114 118 7912
114 122 3717
114 130 2794
114 133 5220
115 116 4017
115 125 2677
115 128 4263
115 129 6935
115 132 9671
116 121 7625
116 124 8974
116 125 3414
116 131 5811
116 134 8904
117 119 9346
117 128 971
118 125 9563
119 122 4190
119 123 2402
119 125 4606
119 133 9145
119 134 3788
120 124 4229
120 129 8857
121 127 2359
121 128 9409
121 129 9317
121 131 4662
122 124 6469
122 127 8216
122 131 2735
123 128 5317
123 129 1943
123 130 3566
123 131 9569
123 134 3702
124 126 6262
125 126 5590
126 133 1748
126 134 7248
127 134 3537
128 130 6786
128 131 6514
129 132 2615
130 132 3991
130 134 520
131 132 5636
