49 1126611
3434 45336
1403 48291
9 66249
966 74161
535 59170
3216 61846
2716 27183
639 97362
808 93963
940 107223
2834 7846
742 72259
781 104963
2840 49293
2245 21877
3517 24193
1269 101646
729 15551
1373 12195
3381 22307
1202 37788
1479 64923
1340 1922
1790 4305
2861 67124
16 77470
388 6437
1933 80204
2583 47204
428 22109
527 11521
2122 78033
3139 18794
1885 111642
1609 12773
439 51752
2057 36455
176 44606
590 26944
2505 7333
1071 7358
2584 54068
201 14029
3498 60337
3595 110873
684 90021
3350 15081
2918 13208
372 33774
