44 2752896
3073 137366
983 206510
2086 178390
1942 246530
2841 225923
832 215508
2869 131022
2829 178128
1940 27403
1263 129518
2618 152085
1755 57683
556 209494
359 19497
1074 51353
876 239711
2586 170556
472 20020
3597 28951
2670 85736
534 62364
3327 23777
1553 150706
2862 229658
2124 205617
1831 213454
1024 238537
757 211806
1345 37090
296 251258
1232 9193
3291 210298
2842 172550
2036 245670
1402 189366
39 250918
551 226836
1434 76906
464 173498
2543 255990
3292 242224
454 63007
1699 247479
933 232183
