44 3180602
2199 40316
1233 254893
2292 266018
1518 76255
3156 101775
1875 273035
2337 286482
1302 308826
1333 249249
2860 26358
2363 59257
1428 225437
2659 16547
2530 250732
2429 144862
2325 124139
562 201718
3439 55150
3362 178917
2844 160783
44 38213
3092 74863
2912 64847
2273 272454
1431 184261
82 66186
2985 278812
391 290631
913 285279
31 153021
890 100362
243 111128
1085 299523
3093 65891
3294 295246
1217 185455
382 225930
2431 17482
1599 317229
3317 133264
3237 267982
2423 259000
3246 213023
1197 34338
