209 5498 194193 77
0 2 2002
0 3 4119
0 4 2714
0 8 8234
0 14 7897
0 17 9255
0 19 3977
0 24 5013
0 38 115
0 40 8210
0 42 6767
0 50 4886
0 53 8140
0 54 7197
0 59 8946
0 60 4510
0 70 3182
0 71 1189
0 72 2586
0 75 7229
0 76 6060
0 78 5927
0 79 2644
0 87 7429
0 89 2080
0 90 3844
0 92 6929
0 99 6070
0 101 7089
0 105 7848
0 106 9046
0 108 2187
0 115 2214
0 120 2597
0 125 4849
0 127 9658
0 129 4609
0 134 8122
0 136 8981
0 148 4301
0 173 2567
0 174 1286
0 175 4302
0 176 9144
0 182 4140
0 185 4275
0 191 2602
0 192 8718
0 200 2460
0 201 7035
0 203 5405
0 206 77
0 207 9533
1 3 6080
1 6 9112
1 9 5706
1 13 4637
1 15 2441
1 16 7406
1 20 2813
1 24 4423
1 25 629
1 26 2240
1 28 7791
1 32 4444
1 35 3576
1 40 9340
1 42 2583
1 44 1125
1 46 8986
1 50 5729
1 52 255
1 57 4276
1 66 9369
1 69 7201
1 72 9567
1 74 7086
1 78 2996
1 82 4099
1 85 5310
1 88 5106
1 90 1962
1 95 9722
1 97 9269
1 98 9053
1 99 110
1 105 9291
1 106 9268
1 107 9691
1 108 4529
1 113 8363
1 114 6680
1 115 7169
1 116 1910
1 120 9698
1 126 1409
1 134 6901
1 140 4220
1 144 3431
1 146 2038
1 150 6680
1 157 8574
1 163 4031
1 167 1498
1 168 8557
1 170 8840
1 171 6953
1 173 3442
1 175 3253
1 177 8580
1 178 1866
1 179 5302
1 181 1632
1 182 2958
1 188 7827
1 191 9704
1 193 9949
1 197 7709
1 199 4197
1 201 5215
1 206 862
2 3 6522
2 6 3902
2 14 2738
2 20 3936
2 24 506
2 30 6753
2 36 2788
2 38 4795
2 40 5289
2 52 2393
2 58 8371
2 60 6108
2 66 9215
2 68 9827
2 70 5351
2 75 2312
2 79 6179
2 83 4428
2 89 8378
2 90 6359
2 97 7942
2 99 4725
2 110 3877
2 111 262
2 117 9654
2 119 6792
2 124 7588
2 129 5799
2 134 2524
2 137 9772
2 147 3663
2 154 2606
2 160 9295
2 161 5407
2 173 7034
2 179 6020
2 180 6586
2 190 5468
2 193 5263
2 194 1334
2 195 898
2 196 4347
2 197 9670
2 198 7796
2 200 3768
3 7 5481
3 10 8799
3 12 4114
3 15 5486
3 28 249
3 33 4347
3 39 888
3 46 5664
3 48 3094
3 51 3777
3 53 3898
3 55 892
3 56 689
3 59 9407
3 61 9615
3 64 9828
3 65 5537
3 68 1506
3 70 9995
3 72 2011
3 77 4797
3 81 1189
3 88 6326
3 90 5969
3 93 5007
3 95 4812
3 98 7763
3 99 8263
3 102 629
3 115 6265
3 118 1335
3 121 680
3 125 7849
3 127 4981
3 128 9266
3 130 9953
3 132 3982
3 134 6714
3 140 9072
3 143 5162
3 150 2881
3 155 752
3 157 4338
3 160 9917
3 161 6079
3 167 9995
3 173 7982
3 175 9405
3 181 6024
3 186 3310
3 189 2199
3 192 1573
3 202 9765
3 203 9641
4 7 4020
4 11 6882
4 16 4440
4 18 5645
4 19 1411
4 22 7783
4 27 9904
4 29 7058
4 31 324
4 32 2788
4 35 8487
4 36 7524
4 37 9400
4 54 5663
4 56 7412
4 61 1904
4 63 9933
4 64 7277
4 75 1580
4 77 6824
4 82 5610
4 83 7992
4 85 5593
4 86 6076
4 88 6701
4 93 952
4 97 8902
4 102 7367
4 106 4378
4 107 1011
4 110 6256
4 115 8177
4 118 5372
4 126 8011
4 127 7986
4 130 2528
4 131 2204
4 135 4838
4 136 6980
4 143 2956
4 148 8336
4 150 7543
4 151 8506
4 156 6442
4 157 3376
4 158 4062
4 160 4214
4 161 7513
4 171 2273
4 177 8020
4 178 2161
4 183 7270
4 184 399
4 189 5572
4 192 1307
4 193 8990
4 198 5915
4 199 7792
4 203 8351
5 8 6633
5 17 1326
5 18 3316
5 19 9474
5 21 9289
5 23 8428
5 25 5994
5 28 10000
5 38 3281
5 41 5209
5 42 2988
5 51 1775
5 63 8409
5 70 9298
5 72 5829
5 82 3353
5 84 6720
5 88 445
5 89 5564
5 106 5515
5 107 8290
5 118 6655
5 122 5415
5 123 5041
5 126 3895
5 127 6626
5 130 8300
5 131 3874
5 133 1736
5 134 2798
5 137 558
5 139 5976
5 141 4506
5 142 7139
5 153 4869
5 162 8513
5 163 4027
5 171 8272
5 178 2632
5 184 7527
5 185 5785
5 189 1209
5 199 5346
5 201 7247
5 204 1453
5 205 7027
6 11 5364
6 13 6783
6 19 1794
6 23 5785
6 24 9257
6 26 6690
6 32 4999
6 33 9206
6 38 9123
6 41 5935
6 42 3595
6 43 7192
6 45 3164
6 48 4945
6 50 7966
6 52 7114
6 55 1915
6 60 6073
6 68 2074
6 72 1879
6 78 7061
6 82 6144
6 84 562
6 96 4216
6 98 2254
6 99 3191
6 105 4042
6 112 938
6 117 5371
6 118 2628
6 120 2464
6 124 1608
6 125 5674
6 128 1238
6 129 8786
6 131 94
6 146 8648
6 147 301
6 152 9319
6 160 5436
6 168 5180
6 170 85
6 174 5411
6 175 4845
6 186 2469
6 187 1685
6 197 6796
6 200 8917
7 11 2009
7 12 3152
7 14 872
7 35 8740
7 37 8521
7 42 2336
7 48 9587
7 49 4657
7 57 1445
7 59 7740
7 61 7094
7 62 3984
7 65 4138
7 66 7855
7 67 7713
7 70 9103
7 71 6925
7 76 5783
7 82 8208
7 83 5807
7 97 8130
7 99 4243
7 100 6859
7 103 5653
7 115 451
7 117 3882
7 123 4828
7 128 301
7 130 7465
7 131 85
7 134 6483
7 135 1568
7 143 4054
7 165 8173
7 178 8610
7 180 2268
7 182 3370
7 189 2436
7 193 1473
7 194 3320
7 197 6265
7 198 5007
7 199 2768
7 201 2813
7 203 2072
7 204 2813
8 9 223
8 11 1898
8 12 8215
8 15 3233
8 16 5454
8 18 3435
8 19 1668
8 27 420
8 33 3488
8 39 2276
8 40 5153
8 41 3535
8 52 4778
8 53 5001
8 59 3470
8 64 3777
8 65 5266
8 70 7386
8 71 1990
8 76 6524
8 87 4932
8 92 6276
8 95 1887
8 97 9609
8 99 5461
8 104 7701
8 107 2122
8 108 2200
8 113 3621
8 114 9639
8 119 3114
8 121 7819
8 123 7731
8 126 7819
8 127 7910
8 140 6980
8 142 5100
8 149 5984
8 152 4765
8 160 3622
8 164 8508
8 167 4885
8 174 5811
8 175 9297
8 181 6060
8 182 1709
8 191 4083
8 195 6377
8 198 2497
8 199 996
8 202 6926
9 18 7139
9 20 1325
9 21 7702
9 29 8078
9 32 6714
9 33 3785
9 35 6610
9 38 3239
9 39 6740
9 43 4810
9 47 3022
9 48 3020
9 50 454
9 51 5713
9 59 9295
9 60 5131
9 69 9724
9 70 4563
9 71 7798
9 72 1867
9 75 3019
9 76 1486
9 77 2989
9 78 2857
9 82 3412
9 84 5391
9 85 8453
9 90 4911
9 92 584
9 93 1326
9 104 8337
9 105 2920
9 106 2349
9 110 9763
9 112 1910
9 113 326
9 117 5822
9 119 6704
9 124 6501
9 126 2059
9 137 8149
9 140 1701
9 145 9299
9 147 8898
9 148 1240
9 149 3720
9 164 6958
9 166 1987
9 168 6042
9 175 9796
9 183 2667
9 184 182
9 185 2061
9 194 7174
9 198 5311
9 199 624
9 202 5114
9 203 3831
9 205 2767
9 208 6760
10 28 4916
10 29 7304
10 34 4561
10 36 2762
10 44 5352
10 45 1246
10 46 6873
10 48 8630
10 49 2426
10 52 5262
10 59 6482
10 66 7769
10 71 5578
10 72 3742
10 73 4091
10 74 720
10 78 9612
10 80 235
10 83 5965
10 86 2591
10 87 8017
10 92 6155
10 93 7839
10 103 1974
10 107 2725
10 111 9887
10 113 154
10 114 7398
10 122 9383
10 127 7169
10 128 663
10 129 3878
10 136 4001
10 137 624
10 140 5256
10 141 6143
10 142 739
10 147 6153
10 151 339
10 155 1619
10 159 6980
10 168 9853
10 169 1822
10 170 3949
10 172 6250
10 183 5746
10 185 9618
10 186 4427
10 187 1743
10 191 4951
10 196 7206
10 207 3401
11 13 4431
11 19 281
11 23 8472
11 25 6394
11 27 5705
11 29 552
11 31 1117
11 33 7928
11 36 2454
11 38 5762
11 39 4621
11 42 2056
11 49 4920
11 52 690
11 54 9944
11 57 5219
11 60 869
11 63 2890
11 67 2063
11 71 6662
11 74 9773
11 77 8070
11 80 386
11 90 7685
11 91 3574
11 92 62
11 109 1491
11 114 4277
11 116 3819
11 117 1810
11 120 2742
11 124 5543
11 126 9495
11 135 7746
11 136 1749
11 139 7495
11 142 7541
11 146 5018
11 148 6099
11 149 7862
11 150 3703
11 151 7473
11 152 9695
11 166 6555
11 170 9506
11 172 1458
11 178 1255
11 182 5692
11 184 7376
11 187 2595
11 188 9357
11 189 1703
11 193 7660
11 196 436
11 202 4609
11 206 8277
12 21 8804
12 28 1482
12 30 6727
12 37 403
12 38 8598
12 50 5924
12 61 5160
12 65 500
12 69 3646
12 74 8754
12 76 2935
12 79 4715
12 82 677
12 84 7595
12 88 2074
12 99 3380
12 100 2457
12 101 5594
12 104 7292
12 105 4256
12 119 6083
12 122 4559
12 134 2068
12 135 2119
12 154 1886
12 156 3142
12 159 6035
12 170 1461
12 173 2591
12 183 682
12 185 2281
12 187 9678
12 192 1432
12 196 6075
12 205 5251
13 15 4344
13 20 5407
13 27 2275
13 30 3857
13 31 8763
13 41 4827
13 44 9566
13 48 5496
13 51 6855
13 52 7551
13 54 6799
13 58 5568
13 64 1459
13 68 66
13 71 5691
13 72 1497
13 75 126
13 84 2567
13 86 4465
13 95 1172
13 96 9395
13 97 8233
13 102 4089
13 103 401
13 109 1513
13 113 2609
13 125 6298
13 130 5717
13 133 4703
13 137 4470
13 145 6626
13 153 8975
13 168 2246
13 172 7069
13 179 3061
13 187 4922
13 189 8067
13 194 6974
13 195 4251
13 197 709
13 198 4043
13 200 5451
13 206 2273
14 20 4747
14 25 8314
14 26 3494
14 31 3695
14 34 1436
14 40 2066
14 41 6105
14 50 6259
14 52 513
14 54 6079
14 56 413
14 62 7413
14 71 7317
14 77 849
14 78 9099
14 82 9125
14 85 9954
14 88 325
14 99 1892
14 100 5892
14 109 8434
14 113 6444
14 114 6237
14 120 3129
14 122 2893
14 135 728
14 146 156
14 147 9263
14 153 9205
14 155 2
14 156 5333
14 158 3695
14 161 1682
14 167 1530
14 169 6891
14 171 6549
14 173 3849
14 181 493
14 184 6609
14 188 743
14 190 9540
14 192 598
14 198 3235
15 17 7041
15 19 9154
15 22 822
15 25 2785
15 27 3441
15 28 4368
15 29 765
15 33 4566
15 38 1617
15 41 1760
15 42 2564
15 48 6893
15 49 383
15 52 289
15 56 7950
15 60 1521
15 69 9814
15 75 979
15 78 2784
15 79 5832
15 80 1311
15 83 6913
15 86 6058
15 87 5864
15 89 517
15 90 7412
15 96 3797
15 98 6037
15 101 3197
15 104 6275
15 107 5120
15 113 4405
15 115 723
15 117 1257
15 119 4979
15 120 5094
15 122 3718
15 123 2637
15 124 870
15 127 5613
15 135 7929
15 139 9034
15 141 2459
15 142 3185
15 151 1795
15 152 4777
15 154 4773
15 163 3374
15 172 2145
15 179 7012
15 180 7719
15 183 7380
15 184 5378
15 199 8113
15 201 4262
15 208 6296
16 18 7321
16 21 8304
16 24 940
16 25 8881
16 28 7742
16 29 9428
16 32 6088
16 35 167
16 39 7027
16 41 2389
16 43 5499
16 48 5350
16 53 6944
16 54 6636
16 58 1869
16 60 6472
16 64 6956
16 70 1317
16 71 723
16 74 3860
16 77 6473
16 83 457
16 86 1478
16 101 3797
16 110 3865
16 111 4783
16 113 2140
16 114 195
16 120 3711
16 121 4041
16 125 5853
16 126 8887
16 129 4335
16 132 5759
16 133 1601
16 135 1167
16 136 5535
16 137 4515
16 149 6275
16 154 8771
16 164 3982
16 165 5236
16 172 9520
16 174 2916
16 176 1628
16 177 5756
16 179 6191
16 183 8072
16 184 6029
16 189 9070
16 191 4604
16 192 9726
16 196 3243
16 203 121
16 204 6293
17 21 3500
17 24 8797
17 31 7808
17 37 6668
17 38 5176
17 44 7934
17 48 7520
17 49 3539
17 53 5213
17 54 7785
17 55 4099
17 58 7586
17 76 1809
17 78 307
17 80 2057
17 81 4270
17 86 8490
17 90 3727
17 92 2349
17 100 7553
17 104 5205
17 105 3795
17 117 7839
17 122 566
17 132 7951
17 138 2544
17 140 1145
17 142 9629
17 144 4159
17 145 8309
17 168 4523
17 173 690
17 174 5125
17 178 1888
17 181 9901
17 197 2733
17 200 9661
17 202 6433
17 204 4008
17 205 4832
18 19 9106
18 30 9286
18 34 31
18 36 1675
18 39 3544
18 41 3264
18 56 7139
18 59 909
18 65 6282
18 66 2242
18 67 4661
18 68 1369
18 73 253
18 76 9353
18 79 1614
18 85 3926
18 92 7381
18 94 4144
18 95 304
18 99 2486
18 101 6382
18 106 879
18 107 6259
18 109 5203
18 113 5316
18 117 2888
18 122 3291
18 123 5578
18 131 1493
18 137 6233
18 146 168
18 150 525
18 153 5815
18 163 2823
18 165 5841
18 171 3946
18 181 9928
18 189 9757
18 196 330
18 199 1568
18 206 2121
18 208 3270
19 32 9523
19 33 2679
19 35 9026
19 36 9121
19 38 243
19 39 4143
19 40 2371
19 43 1635
19 44 6627
19 48 9320
19 53 9918
19 59 2399
19 67 600
19 70 4881
19 77 3911
19 78 7446
19 92 196
19 97 8016
19 99 633
19 101 2140
19 108 1170
19 109 8240
19 111 1144
19 113 2385
19 120 8382
19 121 3766
19 127 7815
19 129 6664
19 143 6128
19 144 9179
19 146 7137
19 148 7203
19 152 9452
19 159 2740
19 173 1992
19 187 4617
19 188 6595
19 190 9920
19 198 8250
19 201 9409
19 203 9681
20 26 3491
20 34 8824
20 39 8505
20 44 1434
20 46 6905
20 54 5741
20 59 563
20 62 4028
20 63 1351
20 64 5548
20 65 5225
20 66 2887
20 72 8754
20 73 4663
20 76 9244
20 82 6373
20 89 6321
20 93 6912
20 96 3558
20 98 9955
20 102 7026
20 103 360
20 104 8992
20 105 5633
20 106 9405
20 107 1060
20 108 4515
20 119 5504
20 123 9183
20 124 7322
20 127 7835
20 130 7879
20 134 4960
20 139 5203
20 140 5228
20 141 8349
20 143 6758
20 145 4156
20 157 9969
20 166 6223
20 177 5957
20 180 3107
20 185 9890
20 190 3462
20 195 6175
20 199 3814
20 201 9405
20 205 1863
20 206 7303
20 207 38
20 208 4507
21 22 5808
21 27 2284
21 28 9739
21 30 8457
21 33 6161
21 35 9970
21 40 4920
21 42 8666
21 68 8934
21 69 5570
21 76 5539
21 77 6695
21 79 8628
21 84 1779
21 85 4060
21 99 4721
21 100 7199
21 106 2677
21 109 8527
21 111 1570
21 115 1452
21 116 1935
21 119 2591
21 123 6480
21 124 4759
21 125 8267
21 127 6284
21 128 8501
21 131 8160
21 135 7458
21 141 6977
21 142 9534
21 143 6978
21 147 7679
21 150 9878
21 152 2666
21 158 2594
21 161 1722
21 169 8007
21 170 2767
21 171 8312
21 173 5078
21 176 9340
21 179 916
21 183 1907
21 185 3864
21 191 1361
21 192 261
21 194 848
21 197 5231
21 200 1231
21 202 1508
21 205 6941
22 34 1217
22 39 2102
22 44 9669
22 45 8131
22 50 7899
22 52 7086
22 71 274
22 79 2215
22 80 3641
22 93 2918
22 107 6074
22 109 4469
22 113 5723
22 115 1752
22 116 8640
22 119 2883
22 120 9422
22 122 39
22 124 953
22 126 1359
22 132 4802
22 133 5728
22 135 2107
22 138 1378
22 141 5810
22 142 595
22 143 1422
22 150 8573
22 154 5206
22 167 6582
22 169 3443
22 170 3398
22 174 9013
22 177 7328
22 178 7817
22 180 2901
22 182 5749
22 186 7137
22 190 4638
22 194 7271
22 195 6466
22 201 3917
22 202 7484
22 204 8636
22 205 9315
22 206 6132
22 208 1577
23 32 9251
23 42 2437
23 56 4242
23 66 7125
23 78 1454
23 79 9576
23 82 4362
23 89 8276
23 91 481
23 100 3686
23 103 4483
23 104 9300
23 108 3537
23 109 6740
23 112 7717
23 120 2356
23 122 4979
23 125 1970
23 127 8616
23 128 7562
23 132 216
23 136 7099
23 137 8571
23 139 186
23 141 2670
23 145 7619
23 150 9512
23 156 3329
23 163 6256
23 167 626
23 173 1045
23 175 1248
23 179 3060
23 185 4412
23 186 3385
23 191 9948
23 195 4670
23 198 8696
23 201 4608
23 206 4540
23 207 1180
24 27 1994
24 32 2686
24 38 3063
24 41 1426
24 46 1951
24 55 4900
24 59 2628
24 67 8170
24 69 786
24 78 7223
24 85 7884
24 101 8599
24 110 1130
24 117 5522
24 126 7843
24 128 2063
24 132 8799
24 135 6972
24 138 1679
24 144 5302
24 146 821
24 148 6020
24 152 9045
24 153 9549
24 161 3162
24 165 5454
24 166 8213
24 168 857
24 172 6903
24 178 1724
24 187 6099
24 191 6009
24 197 1340
25 32 340
25 35 6094
25 36 6248
25 40 9165
25 46 1595
25 52 7573
25 53 1327
25 61 1452
25 67 2565
25 70 8679
25 85 1001
25 86 2396
25 88 3647
25 97 7129
25 98 3783
25 99 1326
25 102 2419
25 104 7324
25 127 6137
25 130 4825
25 140 6050
25 142 3602
25 144 6987
25 155 6468
25 159 8193
25 164 1958
25 167 1477
25 174 2052
25 181 1065
25 184 281
25 185 3242
25 186 6872
25 188 4409
25 198 1416
25 202 6207
25 206 9148
26 29 8364
26 31 3494
26 33 6597
26 37 4221
26 39 6108
26 40 4578
26 41 2469
26 44 2429
26 49 7779
26 51 109
26 56 3821
26 57 1085
26 61 3186
26 62 2614
26 66 7168
26 70 4058
26 72 8189
26 73 2557
26 78 278
26 80 4238
26 83 1056
26 84 5179
26 87 5422
26 88 6444
26 90 4053
26 96 4469
26 99 6118
26 101 5067
26 103 3178
26 106 2528
26 107 7120
26 114 331
26 118 4976
26 122 9826
26 125 821
26 126 460
26 131 7112
26 132 9804
26 148 5599
26 152 6781
26 155 7911
26 156 9413
26 173 7227
26 174 2820
26 178 2949
26 182 7038
26 183 762
26 184 1361
26 185 542
26 186 6231
26 188 143
26 189 1778
26 194 4352
26 195 7621
26 196 8150
26 201 6964
26 205 1063
26 208 4079
27 33 2973
27 34 3393
27 35 388
27 37 321
27 38 6061
27 41 6864
27 42 5818
27 44 2819
27 48 8187
27 51 9878
27 52 5910
27 56 5560
27 57 6840
27 59 977
27 66 6572
27 70 4218
27 73 4071
27 83 9593
27 92 3357
27 97 1704
27 98 1821
27 99 127
27 100 2989
27 108 951
27 109 4576
27 111 7550
27 113 4392
27 119 6584
27 123 3568
27 126 4883
27 127 9664
27 132 5383
27 138 1320
27 139 2429
27 143 4038
27 150 8286
27 155 2825
27 161 2092
27 164 8238
27 165 4785
27 172 1037
27 176 1563
27 179 5052
27 180 5860
27 183 7444
27 186 9047
27 189 2605
27 197 7075
27 200 110
27 201 2698
27 202 7406
28 31 810
28 32 2650
28 33 6074
28 34 4682
28 36 945
28 38 2434
28 43 7730
28 44 8442
28 45 1278
28 47 1852
28 51 8572
28 66 9055
28 80 5339
28 81 9874
28 83 6762
28 97 2719
28 98 4730
28 102 2760
28 104 2144
28 105 4734
28 114 2871
28 115 4402
28 116 616
28 117 8161
28 121 6672
28 124 4566
28 127 7359
28 129 7534
28 133 1275
28 136 2570
28 144 624
28 145 3740
28 148 2938
28 153 4641
28 162 8430
28 167 2494
28 169 8421
28 171 135
28 179 2786
28 181 3942
28 182 355
28 185 4253
28 189 7430
28 191 2310
28 194 4011
28 197 3226
28 200 1473
28 202 3608
28 205 3237
28 207 7106
28 208 4710
29 30 1199
29 33 1344
29 38 601
29 39 888
29 45 7958
29 46 7509
29 51 2025
29 54 7039
29 55 2657
29 63 7626
29 64 4967
29 67 3261
29 74 7568
29 78 3113
29 82 9399
29 84 6711
29 87 3157
29 88 2492
29 89 7853
29 104 8532
29 107 1254
29 108 4124
29 109 6619
29 124 7794
29 128 9848
29 129 1031
29 132 7180
29 133 1519
29 135 1708
29 139 4045
29 141 408
29 144 1980
29 160 4933
29 166 2966
29 174 7610
29 178 5858
29 182 1676
29 187 2018
29 194 2315
29 197 8272
29 201 7264
29 203 8992
30 31 8699
30 32 1345
30 33 516
30 34 8130
30 35 8920
30 38 324
30 42 3052
30 50 7573
30 51 5495
30 58 1816
30 60 4874
30 61 7972
30 62 7540
30 68 1050
30 69 5907
30 75 7493
30 80 7070
30 94 2302
30 95 2707
30 99 1937
30 100 7029
30 101 808
30 103 5670
30 104 8199
30 105 1001
30 115 6950
30 116 634
30 117 8996
30 119 5442
30 120 2463
30 125 9534
30 136 9300
30 137 4010
30 140 341
30 141 8682
30 142 281
30 145 322
30 147 3314
30 150 4065
30 152 4207
30 153 5830
30 164 6144
30 169 3045
30 171 1487
30 174 3324
30 175 9831
30 178 9170
30 179 2294
30 182 4730
30 183 3913
30 189 8459
30 190 7625
30 191 4663
30 202 7027
31 33 427
31 36 169
31 38 163
31 39 4018
31 41 1217
31 49 6585
31 51 4709
31 52 1516
31 56 6023
31 59 3266
31 65 5848
31 68 3999
31 75 6027
31 76 6948
31 77 5257
31 83 4752
31 87 855
31 103 6688
31 104 3243
31 105 9920
31 109 9859
31 111 5053
31 116 2609
31 117 6288
31 118 1772
31 120 5776
31 126 1414
31 128 8909
31 129 5499
31 134 3183
31 135 216
31 141 4042
31 144 8572
31 148 3168
31 151 2126
31 152 7018
31 153 5626
31 163 3985
31 166 5804
31 168 9383
31 170 9872
31 173 5349
31 174 2723
31 175 1995
31 176 5861
31 185 2057
31 187 2287
31 190 782
31 195 2941
31 196 9677
32 34 3096
32 36 3344
32 41 3186
32 42 7028
32 46 9427
32 53 5839
32 54 4546
32 55 5850
32 57 740
32 63 1432
32 74 3357
32 77 5845
32 88 4827
32 91 4934
32 103 6037
32 107 5153
32 108 5288
32 110 4815
32 115 9461
32 121 2908
32 122 6576
32 128 243
32 130 5045
32 138 6745
32 139 464
32 141 2825
32 142 995
32 143 1665
32 144 652
32 146 7173
32 151 7032
32 153 7785
32 160 7809
32 166 1187
32 167 3301
32 168 972
32 176 975
32 183 3975
32 185 2688
32 186 5036
32 191 3180
32 194 183
32 202 2810
32 208 6113
33 36 8419
33 38 5106
33 41 3525
33 47 1610
33 51 6873
33 59 3625
33 62 9700
33 64 1030
33 68 1347
33 70 8359
33 73 1061
33 76 5299
33 84 4010
33 85 1746
33 87 598
33 90 9337
33 97 1429
33 108 5933
33 112 3823
33 114 2955
33 118 347
33 120 2794
33 122 7627
33 126 8633
33 129 8116
33 134 728
33 136 9332
33 139 4432
33 140 7513
33 143 2332
33 145 2872
33 147 9977
33 150 2315
33 157 4448
33 160 3842
33 161 8644
33 164 9835
33 170 7586
33 171 6187
33 176 3304
33 178 6054
33 180 3208
33 184 4216
33 185 6760
33 191 9939
33 196 7783
33 199 6811
33 202 7062
33 204 6915
33 207 101
33 208 5103
34 47 7758
34 48 5734
34 54 3803
34 55 1241
34 67 2756
34 73 2834
34 76 4953
34 77 9344
34 78 811
34 80 6143
34 92 6436
34 106 8022
34 109 7173
34 112 5540
34 126 3698
34 127 7612
34 139 5950
34 141 5231
34 145 6607
34 150 990
34 155 4652
34 159 1604
34 163 1425
34 164 4272
34 167 4303
34 169 1809
34 171 7616
34 173 362
34 175 6635
34 177 6060
34 179 6441
34 181 5205
34 184 7005
34 190 9784
34 193 6202
34 196 6929
34 197 7636
34 200 4951
34 201 9737
34 208 4618
35 36 3602
35 40 5280
35 41 1636
35 43 698
35 49 7870
35 52 7798
35 55 4947
35 58 4083
35 60 3504
35 62 8189
35 63 2040
35 64 8473
35 67 8067
35 69 9970
35 74 1798
35 84 3544
35 87 7636
35 88 6300
35 92 4090
35 101 7702
35 109 8314
35 112 8693
35 121 8843
35 125 2529
35 130 246
35 133 3958
35 137 3794
35 138 4905
35 141 6640
35 142 2535
35 145 2973
35 151 5496
35 153 9250
35 154 3163
35 155 1773
35 164 6461
35 167 5307
35 172 8384
35 174 9518
35 182 1746
35 186 1681
35 190 6374
35 195 8788
35 203 318
35 207 1996
36 38 1456
36 39 571
36 42 2254
36 48 5370
36 51 3225
36 53 5179
36 64 7434
36 65 8793
36 68 8541
36 69 4068
36 71 1261
36 72 1217
36 75 6881
36 78 9539
36 86 5812
36 88 6893
36 90 832
36 101 7333
36 104 1561
36 115 111
36 120 8847
36 123 1973
36 127 2231
36 131 8012
36 133 5405
36 139 7321
36 141 171
36 142 339
36 145 202
36 146 4851
36 152 3362
36 155 4568
36 156 1645
36 158 6743
36 165 6977
36 175 2205
36 182 47
36 184 3988
36 191 2079
36 192 8430
36 200 5127
36 202 1430
36 204 1736
36 205 6118
37 43 8233
37 45 1468
37 46 383
37 48 3294
37 58 6028
37 65 519
37 66 3752
37 78 6065
37 81 5406
37 88 991
37 94 2366
37 96 3662
37 97 6944
37 100 7143
37 115 8566
37 120 7867
37 122 6618
37 123 2634
37 124 2205
37 128 7756
37 131 6003
37 132 6470
37 140 8081
37 144 2713
37 162 2292
37 163 910
37 164 1567
37 168 5639
37 170 8840
37 172 1722
37 173 142
37 177 416
37 179 319
37 184 9703
37 187 534
37 190 7466
37 193 9846
37 195 6692
37 201 9316
37 204 3044
37 207 6841
38 40 5848
38 41 1527
38 45 1780
38 50 3154
38 54 2773
38 55 7474
38 57 7609
38 59 9565
38 62 4146
38 65 1322
38 71 3996
38 73 1272
38 76 9115
38 80 234
38 84 8261
38 85 6338
38 88 827
38 89 4184
38 92 4255
38 98 292
38 100 4392
38 104 2558
38 106 1432
38 107 9488
38 110 5945
38 115 950
38 120 3986
38 123 4003
38 125 8805
38 140 7166
38 142 8210
38 150 7143
38 152 3883
38 168 61
38 171 2030
38 172 7536
38 173 6796
38 176 2489
38 182 9927
38 183 803
38 187 6810
38 190 882
38 192 3378
38 194 6231
38 199 4463
39 45 368
39 47 4917
39 48 192
39 54 1614
39 56 5112
39 64 5672
39 65 623
39 66 5690
39 67 4702
39 69 9871
39 70 2901
39 74 334
39 76 9911
39 80 8154
39 85 2793
39 86 7699
39 93 200
39 97 7077
39 100 8149
39 115 585
39 122 2063
39 123 5960
39 129 4391
39 132 425
39 133 544
39 134 4687
39 135 7921
39 138 9184
39 143 9303
39 145 8127
39 146 1664
39 151 9863
39 154 910
39 160 5039
39 164 9908
39 165 8798
39 191 5963
39 193 8632
39 194 4384
39 204 2455
39 205 4669
39 206 612
39 208 9154
40 49 4283
40 52 5784
40 53 1063
40 59 3760
40 62 7683
40 71 1125
40 72 7625
40 75 7100
40 83 8042
40 84 6244
40 85 7959
40 97 358
40 98 6985
40 101 1644
40 102 5601
40 107 3141
40 109 9321
40 116 1390
40 126 7509
40 132 7648
40 135 4797
40 138 6593
40 140 8705
40 143 89
40 144 5768
40 153 7816
40 155 2269
40 159 7931
40 170 1485
40 173 9885
40 174 709
40 179 7202
40 183 2808
40 191 1053
40 194 7621
40 195 850
40 198 8600
40 205 2406
41 44 4871
41 52 5868
41 54 8268
41 57 4614
41 59 4973
41 61 1115
41 66 1048
41 67 2892
41 73 5298
41 76 2915
41 78 3805
41 88 4833
41 92 4377
41 94 8786
41 97 9100
41 102 8726
41 105 3557
41 106 6905
41 112 1773
41 115 5667
41 117 4033
41 119 334
41 120 2313
41 121 1431
41 129 7622
41 131 6016
41 133 9730
41 137 5222
41 139 9399
41 147 8439
41 150 732
41 154 1847
41 155 7873
41 159 9846
41 163 4120
41 167 5112
41 169 1192
41 171 6856
41 173 7870
41 176 1642
41 177 2395
41 185 9134
41 186 3571
41 191 1540
41 195 651
41 199 5140
41 204 6312
42 43 5944
42 45 9682
42 46 2237
42 50 8266
42 51 9695
42 56 2099
42 63 1913
42 70 4160
42 86 6026
42 87 1780
42 88 2340
42 92 2554
42 102 1763
42 110 9690
42 117 7530
42 136 4266
42 139 7777
42 145 55
42 148 9088
42 173 1083
42 188 4047
42 194 844
42 199 8872
42 206 2034
43 51 416
43 56 5758
43 73 9541
43 74 7294
43 77 850
43 79 2801
43 80 3361
43 83 8212
43 87 266
43 89 1640
43 90 8552
43 94 2641
43 98 3824
43 101 6688
43 109 8584
43 111 52
43 114 4944
43 122 7318
43 127 6727
43 131 8680
43 132 1185
43 137 8829
43 144 8345
43 145 2675
43 151 4421
43 152 7742
43 164 8020
43 165 6285
43 168 3588
43 172 4238
43 174 7682
43 179 9439
43 188 972
43 191 832
43 192 290
43 193 2375
43 197 2395
44 47 9493
44 49 7296
44 50 8889
44 56 8195
44 59 6061
44 60 2823
44 61 6056
44 64 7909
44 65 7130
44 69 4960
44 70 3177
44 71 4194
44 90 9945
44 92 1131
44 94 4948
44 98 588
44 108 5185
44 111 2928
44 118 9585
44 122 279
44 123 5796
44 124 1069
44 126 2871
44 132 86
44 148 6200
44 158 7655
44 163 1415
44 164 427
44 167 766
44 170 9082
44 173 4091
44 180 8198
44 184 8609
44 185 3617
44 189 7038
44 192 5281
44 194 3025
44 197 4166
44 202 529
44 204 9578
44 205 6704
44 207 5135
45 47 9698
45 49 3173
45 51 8555
45 53 8815
45 55 1003
45 57 7985
45 58 3207
45 59 6224
45 68 5205
45 69 6469
45 70 9757
45 74 5523
45 86 4335
45 89 674
45 95 8326
45 97 9239
45 117 8209
45 121 5436
45 128 7144
45 135 3462
45 139 797
45 142 9702
45 143 131
45 144 4330
45 145 2393
45 152 8315
45 157 3436
45 166 2767
45 168 3575
45 169 485
45 170 3136
45 187 7795
45 188 3322
45 191 1441
45 194 5630
45 196 6720
45 203 7678
45 205 4093
46 49 7539
46 53 637
46 54 9341
46 60 5389
46 62 6727
46 64 3946
46 66 8594
46 67 8053
46 68 1298
46 79 1923
46 83 2296
46 89 8053
46 98 5752
46 99 4050
46 104 4357
46 109 7410
46 111 5503
46 119 2950
46 120 5676
46 123 7042
46 129 1859
46 134 9331
46 135 7787
46 141 5328
46 154 6718
46 158 7646
46 159 3533
46 161 3554
46 164 2503
46 168 9412
46 171 9305
46 173 4140
46 178 7435
46 186 3216
46 190 8085
46 192 4250
46 193 5330
46 196 3068
46 198 2257
46 206 2317
46 207 2116
47 65 1223
47 70 8772
47 72 5866
47 79 4770
47 92 1881
47 101 9158
47 103 2514
47 105 2805
47 106 8822
47 107 9226
47 120 1141
47 132 9922
47 136 8722
47 141 3518
47 144 2373
47 146 3767
47 147 2992
47 150 4350
47 153 8240
47 163 7514
47 166 5854
47 169 6018
47 173 1448
47 177 3076
47 179 6135
47 187 7337
47 188 713
47 189 7434
47 192 982
47 193 9959
47 194 8783
47 197 6778
47 199 3851
47 200 3357
47 203 3160
47 204 9904
47 205 5515
48 51 5753
48 52 5496
48 57 2275
48 68 6140
48 75 2982
48 81 8830
48 83 1235
48 85 5778
48 96 6442
48 99 4319
48 101 5503
48 104 2362
48 107 9430
48 109 6138
48 111 6555
48 113 888
48 114 6595
48 115 7006
48 117 8955
48 118 5648
48 120 7879
48 125 9228
48 126 9015
48 130 5202
48 132 7017
48 133 5940
48 135 2796
48 136 5104
48 140 1866
48 143 6455
48 148 5007
48 149 7266
48 151 2467
48 152 57
48 154 7725
48 156 9941
48 157 6951
48 158 6238
48 162 3623
48 163 778
48 166 1432
48 168 9194
48 169 361
48 170 2440
48 173 1243
48 174 25
48 178 8665
48 179 9344
48 181 3653
48 185 2972
48 189 4111
48 190 5146
48 191 7894
48 192 4401
48 193 8612
48 196 168
48 201 8629
49 51 7866
49 55 6838
49 68 6605
49 72 3517
49 75 2958
49 79 4825
49 80 6818
49 83 4338
49 95 941
49 98 3599
49 104 1518
49 106 6120
49 111 8554
49 116 1005
49 119 7186
49 129 7578
49 133 3108
49 136 926
49 138 1296
49 139 4963
49 141 9769
49 146 83
49 148 7514
49 149 3646
49 150 3301
49 154 9746
49 165 8355
49 167 140
49 171 9489
49 172 8438
49 173 1904
49 176 3476
49 185 5291
49 187 320
49 188 8142
49 198 112
50 52 3304
50 60 1640
50 63 3095
50 68 920
50 69 2800
50 70 4364
50 85 7884
50 86 9085
50 89 3279
50 95 8887
50 98 1158
50 100 6866
50 115 2225
50 119 7517
50 121 3142
50 124 7813
50 126 2850
50 130 3295
50 131 5073
50 132 8576
50 134 977
50 145 5430
50 155 8822
50 158 9937
50 171 4820
50 172 5333
50 173 2960
50 175 1712
50 176 71
50 177 9792
50 178 3852
50 193 1770
50 196 8274
50 200 3273
50 202 2529
51 60 6811
51 62 2488
51 64 9567
51 69 2997
51 71 6430
51 84 6194
51 88 2610
51 92 4902
51 96 605
51 98 6332
51 100 8629
51 108 6978
51 116 3447
51 122 287
51 123 3043
51 129 7195
51 136 8389
51 137 6013
51 138 9631
51 145 3497
51 149 6417
51 151 6981
51 153 1092
51 155 2954
51 156 4782
51 159 4141
51 161 4771
51 164 2503
51 165 5135
51 167 4485
51 168 1098
51 169 3437
51 172 5573
51 177 6901
51 179 5055
51 180 1076
51 191 7072
51 192 8914
51 194 5535
51 200 3809
51 203 5438
51 204 9218
51 207 3015
52 56 4545
52 57 4408
52 79 7857
52 80 9943
52 83 8700
52 86 2596
52 88 5603
52 90 4200
52 92 8643
52 93 2356
52 96 7551
52 102 4940
52 104 2417
52 114 9509
52 117 5974
52 124 4077
52 129 4614
52 131 5956
52 134 6009
52 140 6161
52 143 6260
52 146 3082
52 148 7048
52 152 6958
52 153 3373
52 156 7811
52 157 2805
52 158 6990
52 165 3753
52 169 7227
52 174 6211
52 178 6481
52 180 4173
52 183 1660
52 184 3775
52 187 4636
52 189 3512
52 193 7975
52 198 4828
52 201 9236
52 208 7188
53 65 3140
53 68 3974
53 69 3045
53 70 9528
53 81 5387
53 83 5238
53 88 243
53 92 9575
53 98 9153
53 99 551
53 100 7670
53 103 2336
53 104 2465
53 105 6910
53 110 7313
53 113 6972
53 119 2679
53 123 7414
53 127 4918
53 128 1042
53 131 4329
53 133 8692
53 134 4517
53 138 2811
53 142 4058
53 155 9379
53 157 7030
53 170 8627
53 175 7179
53 177 3711
53 182 9499
53 185 1963
53 189 3191
53 190 6149
53 196 4850
53 197 215
53 202 8217
54 62 1661
54 64 6537
54 66 6064
54 67 8685
54 74 4537
54 80 5484
54 85 9318
54 86 3034
54 87 9461
54 88 9570
54 93 6539
54 95 479
54 96 8369
54 98 9349
54 101 4224
54 106 3989
54 113 7439
54 114 8477
54 116 5331
54 117 3031
54 118 6225
54 120 5878
54 122 8691
54 126 9114
54 128 9986
54 131 6492
54 133 7619
54 134 8919
54 136 8216
54 137 385
54 144 7847
54 148 1601
54 153 286
54 160 6315
54 176 1699
54 178 2319
54 179 9576
54 180 9502
54 181 7862
54 182 8710
54 189 7508
54 191 8408
54 196 5379
54 197 998
54 199 2794
54 203 3550
54 205 8256
55 58 5556
55 61 2526
55 64 123
55 66 514
55 67 533
55 72 1449
55 78 9310
55 80 3805
55 83 387
55 87 2678
55 89 9571
55 93 238
55 97 2381
55 101 3287
55 112 4592
55 115 1325
55 119 3710
55 122 2995
55 124 6243
55 129 5734
55 130 6002
55 131 8077
55 134 2362
55 143 8502
55 153 1354
55 154 2635
55 158 6439
55 164 6787
55 166 8618
55 168 9122
55 172 7997
55 174 9185
55 178 3326
55 179 2313
55 181 706
55 185 7860
55 191 2813
55 192 8214
55 195 5671
55 196 3696
55 197 7298
56 58 212
56 61 1966
56 62 6631
56 64 8249
56 70 7429
56 77 5818
56 83 2894
56 88 8121
56 89 9577
56 108 1330
56 110 4511
56 111 4857
56 114 6798
56 116 2543
56 120 2882
56 124 6944
56 135 57
56 137 707
56 141 4685
56 144 9770
56 148 1695
56 151 17
56 155 4650
56 158 3957
56 159 3768
56 167 2531
56 168 5409
56 172 7422
56 174 6027
56 177 1901
56 181 5604
56 185 1183
56 189 2910
56 191 3043
56 192 447
56 198 9157
56 203 9806
56 208 2163
57 58 454
57 62 619
57 68 2005
57 71 591
57 73 3051
57 76 5359
57 88 1690
57 94 8049
57 95 7719
57 99 9449
57 100 5603
57 116 4143
57 117 2510
57 125 6016
57 133 8571
57 134 2200
57 140 4761
57 141 2684
57 146 8942
57 148 6784
57 156 968
57 157 6747
57 158 1703
57 159 8074
57 164 7376
57 166 2022
57 170 2413
57 174 7186
57 180 2397
57 181 4381
57 182 940
57 197 1495
57 200 3983
58 67 5127
58 69 8931
58 71 3275
58 75 1402
58 80 1928
58 85 6629
58 94 6491
58 103 5837
58 104 1755
58 107 3714
58 112 8387
58 115 5130
58 128 3073
58 135 7254
58 138 1447
58 146 6167
58 155 492
58 156 3898
58 159 6956
58 164 5496
58 170 2561
58 175 6611
58 177 3190
58 179 3863
58 180 3604
58 183 6474
58 184 7995
58 185 8613
58 187 7697
58 192 4430
58 193 2680
58 195 8220
58 200 804
58 203 1361
58 208 1325
59 60 2088
59 61 5804
59 63 5677
59 72 1596
59 74 5343
59 75 1182
59 76 5626
59 79 297
59 82 488
59 83 2808
59 84 674
59 91 3058
59 93 5930
59 95 206
59 111 4187
59 115 6760
59 116 9070
59 125 2901
59 126 1952
59 130 8363
59 131 2257
59 136 5215
59 143 6419
59 144 4926
59 145 5322
59 147 1709
59 148 2257
59 151 8382
59 153 8250
59 154 4225
59 159 7561
59 166 1283
59 170 3639
59 171 603
59 178 8495
59 179 4591
59 180 6855
59 183 5907
59 184 9421
59 188 7325
59 192 5554
59 197 7032
59 199 665
59 200 4465
59 202 2320
59 204 5564
60 61 6984
60 68 6436
60 70 8958
60 72 390
60 76 4326
60 86 9803
60 87 6987
60 89 6340
60 91 2391
60 92 6631
60 100 488
60 105 3249
60 107 2183
60 112 9216
60 113 2495
60 117 6001
60 118 5708
60 119 828
60 120 7054
60 124 4236
60 130 7214
60 132 9571
60 133 7745
60 138 7701
60 139 6381
60 148 6512
60 158 8363
60 161 3642
60 162 2681
60 174 8849
60 175 4074
60 182 3741
60 191 5063
60 197 620
60 198 1747
61 64 7459
61 67 9363
61 70 1021
61 76 2447
61 81 2899
61 82 3599
61 96 972
61 97 6107
61 100 9615
61 106 129
61 113 6738
61 118 8274
61 122 93
61 125 6667
61 127 85
61 132 802
61 134 86
61 140 7142
61 143 71
61 144 9297
61 145 5102
61 149 9655
61 150 2445
61 152 8611
61 154 5385
61 158 4289
61 162 6374
61 163 6607
61 169 4025
61 174 7928
61 176 3408
61 177 5619
61 182 8233
61 183 5150
61 184 6090
61 192 6850
61 193 1627
61 196 5589
61 201 3384
61 203 7999
61 207 6919
61 208 780
62 63 7234
62 64 9529
62 67 8149
62 69 1537
62 73 8004
62 79 7688
62 81 3467
62 95 3339
62 102 6548
62 105 6194
62 112 9686
62 114 1765
62 122 1840
62 123 3768
62 125 7362
62 130 5598
62 132 2206
62 134 7881
62 142 8155
62 144 9041
62 150 3450
62 154 9885
62 155 2133
62 156 7112
62 157 8041
62 160 1779
62 162 3175
62 169 325
62 173 1463
62 176 2343
62 181 3677
62 184 2497
62 192 5963
62 195 1716
62 202 768
62 206 6960
62 207 9613
63 65 3392
63 67 4750
63 69 8082
63 77 6100
63 81 7936
63 89 7525
63 90 5140
63 98 5212
63 99 2113
63 102 4819
63 105 4739
63 106 4936
63 109 334
63 112 4771
63 118 4568
63 123 7915
63 126 5521
63 132 912
63 133 9616
63 139 9569
63 149 7160
63 152 1886
63 154 9097
63 156 5997
63 157 8589
63 159 8535
63 160 662
63 164 2159
63 165 4456
63 173 707
63 175 6919
63 179 289
63 181 3985
63 191 4415
63 196 7887
63 208 5722
64 73 2822
64 79 8452
64 85 3043
64 91 7827
64 95 9120
64 97 2836
64 98 1298
64 104 8760
64 105 8553
64 109 9548
64 112 4997
64 113 4985
64 120 1518
64 122 7707
64 123 8487
64 126 4914
64 131 3289
64 132 9368
64 133 2989
64 134 8954
64 148 442
64 152 4875
64 154 9470
64 159 6025
64 161 2139
64 169 1296
64 170 6937
64 171 3695
64 174 8761
64 178 7403
64 179 3356
64 180 9877
64 181 4641
64 183 4294
64 184 4955
64 186 4467
64 187 9120
64 190 6640
64 191 5215
64 193 1219
64 201 1922
64 204 5326
64 207 6215
65 68 210
65 69 5897
65 74 3159
65 80 1460
65 84 7447
65 87 5972
65 89 7983
65 91 7082
65 95 9159
65 97 7873
65 104 3728
65 107 9606
65 109 8604
65 112 2138
65 116 2734
65 117 7799
65 121 7611
65 122 490
65 123 6510
65 125 7357
65 126 7789
65 128 1976
65 156 6850
65 159 5607
65 161 5597
65 162 596
65 169 674
65 170 1840
65 172 3222
65 174 2007
65 180 5620
65 182 8362
65 190 3635
65 198 9489
65 202 2290
65 206 6348
66 67 5263
66 68 9553
66 81 2273
66 85 65
66 88 94
66 98 6137
66 100 3122
66 103 7734
66 105 8355
66 107 7076
66 115 9070
66 122 3082
66 123 9873
66 131 8738
66 132 8870
66 139 3640
66 141 7028
66 143 6111
66 149 7141
66 153 5628
66 156 6403
66 159 6474
66 167 4081
66 168 2219
66 169 8093
66 171 857
66 175 1821
66 180 9694
66 182 4123
66 183 2999
66 193 1146
66 196 1508
66 198 2484
66 208 7460
67 69 9964
67 72 6565
67 73 9929
67 75 4553
67 76 3588
67 80 619
67 82 4105
67 84 7598
67 91 9380
67 98 8728
67 102 7113
67 103 7118
67 105 8447
67 109 1950
67 110 6946
67 116 6562
67 118 4917
67 119 4884
67 125 5646
67 132 2946
67 135 462
67 136 8998
67 139 7061
67 145 5912
67 149 4149
67 151 8686
67 154 1159
67 155 7432
67 162 4050
67 178 9642
67 180 5049
67 181 5059
67 186 1045
67 190 2218
67 192 1803
67 194 8876
67 195 2448
67 196 5331
67 199 7524
67 201 4365
67 204 8964
67 205 6847
67 206 1180
68 71 1074
68 73 9677
68 79 8535
68 82 809
68 87 5433
68 89 5708
68 90 2624
68 91 9010
68 92 158
68 93 9956
68 99 4154
68 106 8119
68 111 8496
68 114 9383
68 119 3415
68 126 6480
68 128 838
68 139 2029
68 147 1311
68 150 1754
68 153 8258
68 157 137
68 162 1888
68 164 6084
68 165 9729
68 174 3535
68 179 1733
68 180 4590
68 182 7151
68 184 1056
68 185 6030
68 202 4373
68 203 1884
69 72 1189
69 73 8203
69 75 1316
69 76 7059
69 77 3611
69 80 344
69 81 3610
69 84 5521
69 87 2060
69 94 7622
69 97 8392
69 99 7147
69 101 7458
69 103 2391
69 108 5485
69 109 9731
69 111 4953
69 112 1885
69 115 3981
69 123 7486
69 133 4437
69 138 4087
69 141 1345
69 142 5776
69 149 5754
69 151 2381
69 154 9310
69 155 9675
69 159 5426
69 165 8400
69 169 1662
69 171 896
69 173 3657
69 174 3370
69 178 6427
69 180 172
69 181 1566
69 182 4464
69 188 1725
69 190 9933
69 191 3963
69 192 1036
69 193 9683
69 197 7174
69 198 621
69 206 4150
69 208 1750
70 80 5449
70 83 972
70 85 1419
70 89 3780
70 92 3062
70 97 1677
70 104 8198
70 107 4226
70 108 346
70 110 5592
70 111 5160
70 113 8160
70 117 5195
70 122 7788
70 125 5619
70 126 2889
70 128 757
70 132 8344
70 133 6539
70 137 6135
70 146 9898
70 147 509
70 151 2915
70 158 7115
70 159 3306
70 165 202
70 166 6611
70 168 7082
70 171 6848
70 174 3522
70 175 3620
70 177 1163
70 181 4645
70 189 8632
70 197 6388
70 202 2684
70 205 3882
70 208 1000
71 73 7312
71 77 140
71 84 8509
71 88 6064
71 91 5514
71 92 4787
71 109 207
71 117 4204
71 118 7918
71 119 6902
71 126 866
71 127 7396
71 128 4751
71 129 3439
71 131 8619
71 137 6201
71 144 2860
71 146 6893
71 150 9365
71 151 1196
71 153 6144
71 154 246
71 158 1197
71 159 2481
71 160 181
71 166 4607
71 169 86
71 170 3057
71 172 3472
71 177 5502
71 178 5135
71 184 6506
71 185 9915
71 188 5903
71 189 5132
71 190 7383
71 206 6325
72 75 8353
72 77 47
72 78 8773
72 84 7983
72 85 2635
72 89 1214
72 92 4767
72 95 7796
72 96 6623
72 101 4550
72 109 6330
72 113 2124
72 123 8989
72 125 3083
72 129 2494
72 130 1801
72 131 3654
72 135 267
72 136 3419
72 137 2208
72 139 3714
72 142 6568
72 146 7094
72 151 9884
72 155 9591
72 163 6537
72 170 5771
72 181 3107
72 197 1999
72 200 8556
72 204 7238
73 77 6421
73 81 3175
73 86 9602
73 92 3138
73 93 3218
73 97 9855
73 99 4492
73 105 996
73 107 2400
73 108 7344
73 109 5065
73 110 4827
73 111 7819
73 112 6413
73 114 3601
73 117 6762
73 119 8556
73 121 4544
73 127 6540
73 139 6677
73 141 855
73 145 393
73 147 3428
73 149 1293
73 151 8700
73 163 1438
73 176 1743
73 177 9018
73 190 9439
73 193 7712
73 197 5611
73 200 4277
73 201 6489
73 206 1698
73 207 7096
74 81 6288
74 87 9557
74 92 2963
74 96 5613
74 106 3296
74 107 9131
74 109 5891
74 112 8364
74 116 7468
74 117 5505
74 122 6501
74 130 5051
74 139 9732
74 142 2772
74 144 6969
74 145 3743
74 147 8790
74 148 3789
74 151 3227
74 152 4165
74 154 6579
74 155 2766
74 164 2636
74 168 2879
74 169 2855
74 170 5147
74 173 1725
74 174 9602
74 178 7163
74 180 5636
74 187 3796
74 200 548
74 202 7652
74 203 1502
74 205 5840
75 77 4902
75 79 6011
75 83 8285
75 86 3043
75 87 9111
75 93 1986
75 99 7144
75 108 55
75 109 5828
75 110 8634
75 112 2634
75 113 2282
75 119 6713
75 120 5907
75 122 2191
75 126 6617
75 127 6560
75 129 1091
75 130 8939
75 132 9272
75 133 3797
75 138 4620
75 141 6262
75 161 7679
75 162 1047
75 164 8681
75 168 4615
75 174 2492
75 183 537
75 184 9927
75 186 7458
75 187 2708
75 189 6144
75 194 6970
75 195 6569
76 79 1633
76 83 6914
76 89 6647
76 95 8445
76 97 7609
76 98 6914
76 113 7036
76 126 7774
76 129 2906
76 130 6241
76 132 5189
76 134 9142
76 139 9634
76 140 7669
76 141 8937
76 143 7631
76 152 5919
76 154 2744
76 163 4939
76 170 2917
76 174 1231
76 175 1938
76 179 8085
76 180 8825
76 182 778
76 183 8810
76 185 6905
76 186 1240
76 189 7972
76 191 7896
76 198 9833
76 200 5766
76 207 2549
76 208 5730
77 78 8269
77 81 2922
77 84 3507
77 85 4302
77 86 9051
77 88 5970
77 89 9334
77 91 4671
77 92 646
77 101 5083
77 102 8840
77 107 6401
77 111 8246
77 116 5259
77 118 2490
77 125 5778
77 129 3050
77 130 188
77 148 5210
77 153 3312
77 154 4644
77 158 6244
77 172 3146
77 174 3344
77 179 7148
77 184 5701
77 185 3447
77 196 7009
77 197 7070
77 200 4894
77 205 4428
77 206 110
78 85 7500
78 86 9092
78 88 9031
78 91 6787
78 93 8207
78 97 1597
78 99 6454
78 101 7281
78 103 293
78 104 615
78 105 6295
78 108 2034
78 109 8661
78 110 9198
78 114 6267
78 121 7059
78 122 9957
78 124 4163
78 127 8010
78 128 6047
78 130 4707
78 133 5810
78 135 6747
78 137 6923
78 139 4461
78 141 3881
78 143 4435
78 151 9642
78 153 4604
78 155 8870
78 161 3715
78 164 4089
78 168 5309
78 179 1435
78 180 6430
78 181 8693
78 184 5459
78 185 3289
78 186 3650
78 193 4137
78 200 2690
79 85 2162
79 86 7547
79 88 9774
79 93 7496
79 95 9805
79 98 6308
79 103 4290
79 113 4196
79 115 8081
79 117 4762
79 121 2824
79 122 8764
79 124 5467
79 125 8595
79 134 3232
79 135 6548
79 137 3393
79 140 3222
79 142 3579
79 144 6634
79 152 5985
79 156 6925
79 159 396
79 173 8367
79 174 4854
79 176 1922
79 182 9158
79 185 7539
79 189 9274
79 190 4966
79 192 8288
79 195 8827
79 197 1189
79 198 9702
79 203 3786
79 204 8166
80 83 8525
80 91 3250
80 94 7350
80 103 1144
80 104 7824
80 107 8061
80 109 4839
80 112 6654
80 113 8218
80 119 5049
80 120 9375
80 122 1688
80 123 5436
80 125 4006
80 129 3577
80 131 214
80 132 467
80 138 7932
80 139 6444
80 140 1937
80 150 6043
80 153 131
80 155 7591
80 159 7869
80 165 833
80 176 1572
80 178 8561
80 180 948
80 190 2321
80 191 4554
80 192 6210
80 197 945
80 198 5536
81 88 9080
81 92 8097
81 93 2263
81 94 3521
81 97 4670
81 99 6947
81 100 7373
81 101 3615
81 107 351
81 112 2843
81 113 9276
81 118 3183
81 120 5673
81 121 9632
81 125 1849
81 126 2298
81 133 1941
81 134 2029
81 136 2470
81 137 5677
81 145 9928
81 149 268
81 164 8034
81 173 2977
81 175 2725
81 179 4463
81 181 907
81 190 1113
81 193 6284
81 195 5019
81 196 6733
81 199 6166
81 206 6600
81 207 6843
81 208 4042
82 91 460
82 107 88
82 108 6938
82 111 9623
82 117 1270
82 120 1245
82 121 9386
82 124 7313
82 125 3068
82 129 7228
82 132 6055
82 136 2005
82 138 7782
82 139 7141
82 141 4416
82 144 418
82 156 5390
82 157 5306
82 158 5982
82 161 9655
82 162 7848
82 166 211
82 169 8062
82 173 244
82 176 8838
82 180 9084
82 181 9421
82 189 5347
82 191 2932
82 198 735
82 207 185
83 87 2183
83 96 204
83 100 9838
83 104 8744
83 107 8814
83 111 5182
83 118 6891
83 127 6754
83 130 1464
83 133 8833
83 140 1850
83 151 9716
83 159 9362
83 165 4632
83 167 4978
83 168 8591
83 171 6020
83 175 7064
83 179 6388
83 180 9699
83 183 4217
83 187 7875
83 190 4675
83 192 1333
83 195 8463
83 196 4440
83 207 3861
84 88 1272
84 89 4973
84 90 6815
84 91 555
84 92 6844
84 96 4554
84 97 8505
84 100 7320
84 102 7916
84 103 5112
84 104 3161
84 108 6852
84 112 2275
84 119 870
84 127 4357
84 130 7325
84 131 4958
84 132 8541
84 139 8380
84 144 3585
84 145 3704
84 146 9661
84 149 5792
84 154 7166
84 155 5035
84 157 1105
84 160 9221
84 169 2484
84 174 3751
84 176 1352
84 185 6768
84 194 2994
84 196 2569
84 197 2520
84 202 8035
84 203 2120
84 206 8596
84 207 3719
84 208 9813
85 88 7943
85 89 2913
85 98 4493
85 101 3999
85 102 8640
85 105 9512
85 106 1621
85 113 9021
85 117 4466
85 118 2475
85 122 5723
85 131 6397
85 132 5486
85 133 5426
85 136 425
85 137 3515
85 140 1654
85 141 4549
85 143 62
85 146 2022
85 148 5544
85 152 7568
85 159 5990
85 169 8740
85 170 3295
85 172 3610
85 173 850
85 180 4814
85 182 9089
85 185 1356
85 186 4445
85 187 6476
85 188 3272
85 194 719
86 87 2713
86 88 1609
86 90 2086
86 93 6410
86 97 8492
86 103 626
86 108 6084
86 116 895
86 117 2856
86 121 8961
86 126 6031
86 128 9985
86 129 3631
86 133 7161
86 139 2028
86 140 1261
86 144 3200
86 147 4167
86 152 8088
86 153 9172
86 156 9575
86 157 5117
86 159 7874
86 161 7639
86 162 2648
86 164 2409
86 178 8364
86 180 7324
86 196 7445
86 205 531
87 88 5291
87 92 4633
87 93 6421
87 97 6233
87 98 6133
87 99 1428
87 100 5456
87 107 7332
87 108 4268
87 110 3933
87 114 8785
87 116 9500
87 121 8103
87 124 1205
87 127 625
87 129 1179
87 144 6870
87 146 4125
87 147 5034
87 148 9972
87 149 9176
87 157 892
87 158 1700
87 164 4894
87 169 6827
87 172 5111
87 174 8689
87 178 2749
87 183 8592
87 187 2002
87 201 1238
88 91 536
88 92 6278
88 100 3173
88 103 2002
88 117 7303
88 121 8557
88 124 250
88 127 168
88 128 9302
88 133 1291
88 135 8482
88 138 7379
88 139 9484
88 140 9827
88 141 6530
88 143 6551
88 146 676
88 154 5267
88 158 2558
88 159 3587
88 160 8405
88 161 5907
88 162 3993
88 163 6719
88 166 7713
88 173 3524
88 182 8384
88 183 354
88 185 125
88 186 4513
88 187 485
88 188 5293
88 192 1859
88 207 3073
89 91 1267
89 95 4927
89 97 2848
89 110 6077
89 111 1757
89 114 4921
89 116 5333
89 119 4601
89 120 4245
89 122 8559
89 126 8648
89 131 1399
89 132 8490
89 133 107
89 134 8690
89 139 7610
89 141 6762
89 151 3356
89 154 7229
89 163 6161
89 166 3748
89 167 9865
89 173 7897
89 178 7073
89 182 1071
89 184 1386
89 185 2145
89 186 1452
89 189 8766
89 194 6429
89 203 8867
89 206 8872
89 207 4569
90 94 2515
90 107 7543
90 122 8551
90 125 7334
90 131 6494
90 133 392
90 137 4310
90 141 9159
90 144 1439
90 146 9913
90 149 1108
90 153 5762
90 163 4923
90 170 8280
90 179 5999
90 181 4946
90 185 8861
90 191 2980
90 193 4932
91 92 5122
91 94 6252
91 95 609
91 96 7730
91 99 7010
91 106 9034
91 108 3197
91 109 8908
91 117 9606
91 118 1444
91 121 3279
91 125 9141
91 128 1756
91 129 4059
91 133 6291
91 135 2937
91 139 9831
91 141 8519
91 146 3477
91 149 1536
91 150 7349
91 155 5516
91 157 8494
91 158 1980
91 159 7734
91 160 4400
91 161 4383
91 164 2345
91 168 8817
91 169 9116
91 177 7657
91 178 3630
91 187 5880
91 191 3247
91 194 4355
91 199 4292
91 201 8715
91 202 8456
91 205 9942
92 94 5068
92 99 4592
92 100 5433
92 101 4213
92 103 3041
92 110 9702
92 111 6777
92 113 8886
92 120 4015
92 121 6446
92 125 5849
92 130 3350
92 137 8174
92 138 4063
92 140 5447
92 144 3045
92 147 9679
92 148 1814
92 151 508
92 154 9277
92 155 7306
92 161 573
92 166 1581
92 169 4450
92 171 1
92 176 2560
92 182 1732
92 184 5017
92 186 1078
92 187 8605
92 188 3650
92 191 2694
92 192 8948
92 193 9105
92 203 3893
93 95 5407
93 96 2655
93 98 8011
93 99 6761
93 101 7956
93 107 347
93 108 203
93 114 4732
93 115 4316
93 123 6859
93 126 258
93 129 204
93 132 8754
93 136 8786
93 137 6287
93 150 8832
93 151 5283
93 163 8400
93 164 2827
93 165 6865
93 170 8706
93 183 5148
93 184 2226
93 189 5130
93 199 117
93 203 2206
93 205 4621
93 207 7496
94 99 512
94 100 2887
94 104 6548
94 106 1620
94 110 9764
94 111 3372
94 113 5806
94 118 9757
94 123 5740
94 126 1811
94 131 4293
94 137 1600
94 140 6713
94 141 2779
94 142 7962
94 149 926
94 150 4517
94 156 1292
94 157 6125
94 165 6393
94 170 1720
94 171 1751
94 174 5977
94 177 233
94 179 227
94 183 2446
94 192 2419
94 201 4234
95 101 6144
95 105 7527
95 109 825
95 110 922
95 113 3080
95 116 8263
95 119 422
95 121 6901
95 126 6523
95 131 9956
95 133 7279
95 136 5146
95 139 3119
95 140 4001
95 141 1660
95 143 5193
95 148 755
95 149 1937
95 150 517
95 154 8622
95 157 2647
95 159 2958
95 162 5451
95 163 2094
95 170 5163
95 171 1398
95 173 2430
95 175 2050
95 181 3310
95 182 3091
95 183 3635
95 189 2977
95 196 1319
95 201 3324
95 203 687
95 204 9071
95 206 4433
95 207 9647
96 101 357
96 112 3884
96 113 4639
96 115 3692
96 117 670
96 123 7586
96 127 8027
96 132 8981
96 134 9537
96 140 8142
96 143 752
96 151 3404
96 156 4222
96 162 1802
96 165 3877
96 169 1364
96 173 2335
96 184 9259
96 185 5957
96 186 3125
96 196 7141
96 200 6470
96 206 366
97 99 5720
97 106 2575
97 108 8396
97 113 13
97 117 5013
97 119 2045
97 128 2746
97 139 931
97 141 4525
97 143 4736
97 150 4614
97 151 1991
97 158 214
97 162 2216
97 165 8327
97 173 9450
97 174 1203
97 181 5087
97 187 2754
97 188 5609
97 190 3138
97 191 9703
97 201 3744
97 202 5373
97 205 4062
97 206 8751
97 207 3520
98 100 4018
98 110 302
98 116 6901
98 121 1037
98 122 1027
98 123 3466
98 128 4851
98 136 1062
98 141 4311
98 145 5988
98 149 3238
98 150 2861
98 153 3174
98 157 6991
98 158 5898
98 165 7137
98 166 3212
98 172 427
98 174 7168
98 192 9199
98 196 3299
98 198 6657
99 102 5757
99 107 1363
99 121 8597
99 123 7429
99 128 1245
99 134 9184
99 135 9019
99 143 4454
99 144 9770
99 147 2105
99 158 8874
99 162 3761
99 163 2183
99 166 8474
99 170 9993
99 172 5982
99 178 441
99 185 2391
99 187 4839
99 191 3854
99 192 4446
99 207 9417
100 101 1563
100 105 4494
100 112 5746
100 113 5335
100 116 5223
100 118 4314
100 123 7542
100 124 4581
100 125 7990
100 126 3927
100 128 949
100 132 402
100 133 8387
100 135 5727
100 142 5049
100 143 7105
100 149 6047
100 151 1687
100 153 9336
100 159 5514
100 167 7893
100 169 9530
100 173 2388
100 177 1791
100 179 6602
100 183 5470
100 188 357
100 189 4974
100 192 7587
100 199 8177
100 205 3291
101 105 7129
101 117 7724
101 120 3945
101 123 5203
101 129 8299
101 134 5663
101 135 3714
101 136 507
101 139 4523
101 141 2217
101 142 2684
101 146 4827
101 147 5977
101 150 2958
101 152 7752
101 155 4871
101 156 3503
101 160 581
101 161 4402
101 174 9506
101 176 4945
101 177 2149
101 179 6894
101 180 131
101 185 8314
101 188 4697
101 189 5294
101 191 6767
101 192 3010
101 201 3254
101 206 7553
101 207 6587
102 107 48
102 109 5817
102 112 933
102 113 8226
102 114 8880
102 115 9663
102 119 8212
102 122 6669
102 124 8476
102 130 1752
102 132 2288
102 133 4124
102 134 8681
102 136 6069
102 138 8149
102 139 2004
102 140 1934
102 150 67
102 161 8137
102 162 9065
102 167 1689
102 172 1131
102 174 8244
102 178 3977
102 183 1837
102 184 309
102 185 1167
102 187 4767
102 198 8959
102 199 5595
102 206 6383
103 114 1762
103 123 9630
103 124 489
103 126 9501
103 129 5702
103 131 6594
103 132 3194
103 137 9531
103 139 8804
103 140 6451
103 141 2664
103 147 5820
103 152 4815
103 156 3194
103 159 4096
103 163 359
103 164 8921
103 170 6726
103 173 5843
103 175 4861
103 176 3577
103 177 2539
103 180 8755
103 185 2428
103 186 3229
103 189 4259
103 199 122
103 202 1744
103 204 6540
103 206 3942
104 108 1751
104 119 1452
104 126 4836
104 143 7942
104 156 7698
104 162 3404
104 165 2933
104 174 4817
104 175 3971
104 176 8000
104 183 3112
104 185 1825
104 191 4670
104 204 3250
104 206 2411
105 106 1688
105 112 7115
105 119 6056
105 121 7633
105 129 8352
105 131 2457
105 134 683
105 152 8602
105 155 5949
105 171 3221
105 174 3764
105 176 7175
105 178 6476
105 179 399
105 180 2404
105 182 5331
105 183 7551
105 185 7028
105 201 1216
105 204 9949
106 110 5090
106 111 3204
106 112 9115
106 113 2221
106 114 7033
106 125 5680
106 128 7260
106 130 4486
106 137 6846
106 144 420
106 145 4535
106 148 6158
106 151 7780
106 154 587
106 160 1696
106 164 5067
106 165 9909
106 171 8566
106 173 7211
106 176 3096
106 177 3347
106 178 2684
106 180 61
106 184 1875
106 186 5848
106 195 7101
106 196 8249
106 199 1181
106 205 9908
107 110 3183
107 111 7633
107 113 2182
107 119 9959
107 120 7308
107 123 2589
107 126 4172
107 130 1989
107 136 7501
107 140 1007
107 147 2213
107 149 6195
107 155 4683
107 156 4065
107 158 2592
107 163 733
107 170 5480
107 174 8179
107 177 6159
107 178 8067
107 182 3913
107 185 8350
107 187 9049
107 192 7096
107 196 6709
107 197 3285
108 110 85
108 112 9398
108 117 4839
108 118 6586
108 124 7000
108 127 9827
108 128 5679
108 130 9470
108 132 5785
108 133 3151
108 137 3359
108 164 4053
108 168 7554
108 181 3401
108 182 7051
108 183 7940
108 197 6163
108 199 5634
108 201 5448
108 206 6264
109 110 2319
109 113 7144
109 114 1504
109 119 6362
109 121 9891
109 124 7015
109 131 1684
109 134 9849
109 136 2280
109 145 260
109 152 8595
109 154 7810
109 155 7769
109 157 2196
109 164 4266
109 179 3894
109 180 864
109 191 918
109 204 2040
110 113 9
110 114 933
110 120 1994
110 123 1948
110 124 8009
110 135 1118
110 137 5412
110 138 9384
110 140 5011
110 143 9612
110 144 6819
110 150 7503
110 152 3901
110 156 1565
110 171 4325
110 176 1596
110 180 624
110 188 4384
110 191 6300
110 192 897
110 196 2381
110 205 3095
110 207 7323
111 115 9811
111 121 2408
111 124 7508
111 129 8961
111 132 2477
111 135 3930
111 143 4558
111 144 8049
111 150 5086
111 154 4923
111 167 7759
111 171 9247
111 172 7201
111 174 5075
111 175 3906
111 176 7622
111 187 178
111 193 1906
111 199 331
111 206 3532
111 208 2062
112 132 8335
112 133 7294
112 134 8001
112 137 7120
112 140 7895
112 154 1305
112 160 1919
112 161 275
112 162 3063
112 169 5661
112 170 40
112 175 3563
112 182 7209
112 186 7187
112 189 341
112 191 7342
112 194 9263
112 197 8743
112 206 2338
112 207 4304
112 208 5637
113 116 7757
113 117 2212
113 119 6241
113 122 5548
113 131 2474
113 134 1993
113 137 5366
113 138 2818
113 143 4446
113 147 2226
113 158 8847
113 168 5617
113 170 5660
113 172 7142
113 180 5901
113 183 6914
113 185 8780
113 186 5608
113 188 3765
113 190 7136
113 194 7836
113 197 4389
113 204 5321
114 133 4289
114 136 4569
114 142 1032
114 143 1455
114 149 1307
114 152 9491
114 158 3620
114 162 3272
114 163 8081
114 168 7320
114 172 8045
114 174 6289
114 175 9903
114 176 6288
114 181 4416
114 186 8001
114 187 2144
114 188 6535
114 189 2059
114 198 9812
114 199 7803
114 206 5476
114 208 8500
115 119 3501
115 122 7303
115 125 7216
115 128 9310
115 129 4669
115 130 9371
115 131 1035
115 132 5001
115 133 3903
115 139 3302
115 146 693
115 149 7226
115 153 5982
115 154 2033
115 155 5701
115 164 8535
115 167 1499
115 169 9284
115 171 8474
115 172 714
115 175 5253
115 185 9347
115 186 3279
115 188 3919
115 192 2620
115 195 4200
115 203 4568
115 204 6199
116 120 9776
116 123 5029
116 126 1711
116 128 1158
116 132 2728
116 134 2339
116 140 6213
116 142 376
116 156 3313
116 157 7650
116 159 2402
116 160 2540
116 161 106
116 176 3344
116 185 7002
116 187 8092
116 189 3580
116 191 9671
116 197 6840
116 198 2844
116 201 1530
116 202 7287
116 203 4180
117 120 6975
117 123 6643
117 128 1578
117 132 6894
117 133 5212
117 134 4277
117 138 5444
117 143 7680
117 145 5866
117 148 3313
117 152 5508
117 153 6281
117 155 872
117 156 9349
117 160 4509
117 161 8486
117 162 1061
117 164 5281
117 170 6048
117 176 9183
117 180 830
117 181 6066
117 186 5546
117 188 8208
117 190 6272
117 197 7542
117 199 2796
117 202 9023
117 206 5656
118 121 9197
118 126 967
118 130 1738
118 131 4544
118 132 9002
118 137 4935
118 151 5944
118 157 4867
118 162 4610
118 163 914
118 166 2954
118 175 4278
118 180 9472
118 181 6064
118 188 8921
118 199 2874
118 200 3379
118 207 3780
119 121 7873
119 124 718
119 127 5435
119 131 1815
119 133 7374
119 136 9818
119 142 1442
119 148 9749
119 151 1426
119 152 4270
119 156 2609
119 160 605
119 164 7174
119 167 8967
119 168 8303
119 169 2852
119 173 1613
119 179 6236
119 182 8993
119 184 833
119 186 8799
119 187 5370
119 200 2452
119 201 9901
120 122 371
120 125 6820
120 126 3948
120 134 2488
120 143 6922
120 145 9959
120 156 2442
120 157 6584
120 165 3227
120 169 1492
120 170 7240
120 173 7124
120 174 8862
120 180 8694
120 182 4909
120 185 5981
120 186 7088
120 187 6534
120 189 3289
120 191 7694
120 198 7292
120 200 7304
120 202 5987
120 205 8354
120 208 2639
121 122 2757
121 125 8074
121 140 3716
121 141 9345
121 145 7901
121 164 8128
121 168 5072
121 177 8459
121 182 6558
121 183 4550
121 188 6449
121 200 6983
121 207 7901
122 123 7671
122 130 3884
122 132 239
122 133 2824
122 143 1266
122 146 4055
122 149 1050
122 154 8575
122 156 9969
122 160 4233
122 163 4313
122 169 5590
122 179 9160
122 182 1978
122 184 849
122 189 9607
122 190 4069
122 191 7577
122 202 779
123 125 135
123 133 3324
123 136 9109
123 138 1316
123 139 1275
123 149 8631
123 152 9379
123 154 1259
123 155 1478
123 156 2591
123 158 2546
123 168 1899
123 176 3788
123 177 9543
123 178 4333
123 181 645
123 186 2570
123 197 7573
123 200 1671
123 206 6089
124 127 6002
124 130 5629
124 133 1642
124 134 424
124 135 9439
124 136 7131
124 138 3197
124 145 1549
124 147 6637
124 152 8392
124 159 8306
124 161 4197
124 163 5553
124 166 547
124 169 9429
124 172 7467
124 178 2236
124 182 8532
124 185 4430
124 187 2936
124 190 3072
124 192 6283
124 196 3848
124 197 6318
124 202 4153
124 204 1627
125 136 2118
125 144 4198
125 146 8882
125 149 1573
125 159 6455
125 160 795
125 164 8222
125 175 7144
125 179 8830
125 181 279
125 185 6698
125 190 2776
125 191 1480
125 192 9938
125 193 7969
125 195 7948
125 201 9997
125 206 9213
125 207 2181
126 137 7220
126 139 7951
126 142 5847
126 148 9234
126 149 3796
126 150 2727
126 155 7594
126 158 4984
126 159 8837
126 161 2620
126 168 7210
126 173 8825
126 178 7628
126 179 481
126 180 1453
126 184 7814
126 189 438
126 191 9701
126 193 6107
126 199 7860
126 200 308
126 202 9256
126 203 3157
126 204 1716
126 205 8934
126 206 9897
126 208 7740
127 138 7195
127 150 6605
127 153 3656
127 162 9673
127 171 8803
127 174 9245
127 177 6401
127 182 2574
127 183 3519
127 185 8494
127 198 6366
127 201 8788
127 205 1190
127 207 6784
128 136 1140
128 138 7368
128 139 8303
128 140 1228
128 150 394
128 152 2897
128 153 7602
128 159 7970
128 160 3621
128 161 5576
128 168 2684
128 171 3794
128 174 1665
128 177 1709
128 178 434
128 183 7108
128 192 8672
128 193 3005
128 194 4511
128 198 6142
128 204 6666
128 207 9878
129 131 3834
129 132 2076
129 136 1820
129 137 8093
129 142 5815
129 145 4811
129 147 9191
129 153 2323
129 154 1157
129 166 4606
129 168 7452
129 172 9460
129 173 13
129 174 713
129 193 4970
129 194 79
129 198 5909
129 204 1282
130 131 9447
130 132 5412
130 133 558
130 140 3606
130 143 145
130 145 2009
130 149 9367
130 163 2385
130 169 1527
130 171 9712
130 172 1166
130 174 6162
130 175 6388
130 178 5927
130 183 5777
130 185 963
130 186 2016
130 201 8067
130 204 260
130 206 3342
131 135 6888
131 138 813
131 140 602
131 150 1685
131 153 6181
131 158 3429
131 159 6546
131 170 180
131 174 7426
131 178 1215
131 181 8818
131 182 5126
131 188 2204
131 192 7049
131 193 1014
131 206 9223
132 133 6835
132 138 447
132 139 6124
132 140 6958
132 141 1379
132 146 5241
132 148 829
132 150 912
132 153 7765
132 154 2368
132 160 1104
132 164 2342
132 165 2920
132 167 3759
132 170 5612
132 173 1361
132 186 8612
132 207 5441
133 134 5366
133 135 4284
133 146 3814
133 148 7164
133 149 8957
133 150 8284
133 151 5606
133 155 2156
133 156 3745
133 160 1509
133 163 8692
133 171 9587
133 175 8253
133 176 564
133 184 7585
133 189 7694
133 192 3288
133 193 7687
133 195 2096
133 198 9450
133 206 5224
134 140 3326
134 144 8801
134 147 1028
134 156 2423
134 157 1851
134 158 5544
134 163 7704
134 164 7164
134 172 8594
134 174 9169
134 175 213
134 176 5738
134 188 1298
134 191 969
134 195 6339
134 196 2627
134 206 3676
134 208 5350
135 138 5397
135 141 518
135 145 1872
135 146 3250
135 148 4970
135 153 6077
135 156 719
135 159 7079
135 162 5917
135 168 2245
135 172 2694
135 175 2557
135 182 8615
135 189 9145
135 190 2497
135 191 3940
135 192 3439
135 193 2746
135 196 4090
135 201 6818
135 207 8138
136 140 6365
136 141 4238
136 142 6244
136 143 5032
136 145 8663
136 147 1611
136 148 6719
136 183 8952
136 188 2897
136 191 563
136 199 4443
137 139 8912
137 146 2348
137 148 2642
137 153 3890
137 157 7785
137 159 7112
137 166 1938
137 167 8324
137 169 9913
137 170 5893
137 172 8737
137 179 9322
137 183 6237
137 184 9947
137 186 1978
137 192 6476
137 198 2481
137 203 2986
137 207 9581
138 144 56
138 156 5673
138 160 9716
138 161 5584
138 173 8607
138 174 4100
138 181 4348
138 183 9239
138 186 878
138 193 7356
138 194 5122
138 200 1078
138 202 3754
138 203 2038
138 206 2938
139 140 5846
139 143 7712
139 148 1298
139 152 1485
139 153 7381
139 156 804
139 157 7194
139 165 5148
139 181 2667
139 184 1321
139 191 9766
139 198 4073
139 201 9595
139 202 8796
139 206 24
140 145 9237
140 148 1728
140 149 8777
140 150 7755
140 153 6719
140 155 4098
140 157 7248
140 160 2821
140 165 4796
140 173 6212
140 174 3562
140 176 4329
140 183 4582
140 185 870
140 186 2886
140 190 632
140 194 5868
140 195 8348
140 198 6423
140 199 4669
140 203 3905
141 146 1051
141 154 2579
141 169 4005
141 170 2000
141 171 7720
141 174 9391
141 176 6265
141 180 345
141 183 8088
141 190 9579
141 192 365
141 195 1074
141 205 500
141 208 9951
142 144 781
142 156 5398
142 158 9744
142 159 9863
142 160 3065
142 166 1940
142 185 1069
142 193 5842
142 203 6641
142 208 6389
143 145 9727
143 149 8102
143 156 8992
143 157 6923
143 158 9652
143 160 5933
143 164 9668
143 169 5295
143 171 7023
143 173 1721
143 177 4563
143 179 4736
143 183 6976
143 187 8881
143 188 8764
143 199 690
144 147 7462
144 148 7736
144 149 835
144 154 1862
144 160 1811
144 165 5522
144 167 4930
144 173 7037
144 184 1445
144 190 384
144 192 525
144 196 6270
144 197 4389
144 199 7692
144 202 4111
144 204 9436
144 205 6777
144 208 3656
145 150 9939
145 157 4044
145 158 9980
145 159 5408
145 164 8564
145 168 9002
145 174 4197
145 175 4079
145 177 4028
145 178 5422
145 179 4019
145 182 1240
145 198 9314
145 200 5596
145 204 3673
146 160 4446
146 162 90
146 167 6087
146 170 6262
146 173 2335
146 180 7343
146 181 3192
146 182 3819
146 183 9014
146 184 467
146 185 1178
146 186 6792
146 187 2051
146 195 9085
146 196 1759
146 205 3792
146 207 350
147 155 2319
147 160 5692
147 165 9138
147 166 4265
147 169 1858
147 176 6790
147 182 6979
147 186 9288
147 188 1628
147 195 2186
147 196 9482
147 198 6939
147 199 653
147 200 6247
147 208 1374
148 149 2046
148 153 1719
148 155 9261
148 156 4381
148 160 7843
148 161 7395
148 162 3692
148 168 5875
148 173 1790
148 175 1341
148 180 1345
148 184 5888
148 185 8114
148 186 3832
148 187 5882
148 189 8340
148 202 9168
148 203 556
148 204 6970
148 207 722
149 150 4702
149 153 1960
149 154 8091
149 155 6572
149 164 5674
149 172 9620
149 177 9009
149 178 4382
149 181 630
149 184 4002
149 203 8768
149 206 412
149 207 8514
149 208 6248
150 154 5200
150 160 3775
150 166 8981
150 167 1028
150 168 9078
150 169 3693
150 173 1198
150 175 3377
150 177 2105
150 178 8406
150 179 5689
150 182 6486
150 183 3948
150 186 4994
150 188 6923
150 202 5023
150 203 5921
150 204 4183
150 206 1911
150 208 3101
151 155 8555
151 158 2371
151 164 982
151 166 5368
151 170 7290
151 179 3417
151 189 6338
151 197 1897
151 204 5330
151 206 6543
151 207 4152
152 154 9316
152 160 1194
152 166 2185
152 168 3008
152 171 982
152 172 7673
152 179 7308
152 183 7494
152 194 4342
152 196 7497
152 200 5398
152 201 8107
152 203 5715
152 206 4304
152 207 5143
153 156 9496
153 158 3837
153 165 72
153 166 68
153 170 5287
153 172 9400
153 176 8481
153 177 3466
153 179 6963
153 181 9011
153 184 7788
153 187 7893
153 189 8288
153 191 2674
153 192 57
153 193 3338
153 196 2294
153 197 357
153 199 4925
153 207 1919
153 208 1080
154 157 6515
154 160 1637
154 164 8191
154 166 2373
154 170 8866
154 175 823
154 180 7205
154 181 430
154 183 9470
154 187 858
154 189 7940
154 198 8672
154 203 3274
154 205 4593
155 163 8781
155 164 7052
155 170 4711
155 171 8682
155 173 9607
155 183 9866
155 186 7683
155 191 9633
155 195 9358
155 198 3437
155 201 8935
155 203 1221
155 204 418
155 207 4748
156 158 7146
156 160 2093
156 163 4140
156 174 1241
156 178 2195
156 191 6263
156 193 4342
156 194 6031
156 199 3421
156 200 3601
157 161 3476
157 170 9358
157 171 6148
157 174 2344
157 180 3105
157 182 9415
157 184 2061
157 191 3047
157 197 6619
157 200 1566
157 202 3564
157 204 3532
157 206 5132
157 208 5128
158 162 9574
158 170 7905
158 174 3286
158 181 6892
158 183 4891
158 186 3917
158 189 350
158 195 7692
158 196 3247
158 200 5300
158 207 3881
158 208 6848
159 161 2720
159 162 6925
159 164 8541
159 169 658
159 170 8637
159 181 5955
159 187 1513
159 192 3435
159 196 6984
159 198 3038
159 206 4085
160 162 9196
160 167 3891
160 179 4171
160 183 7783
160 186 9084
160 189 5813
160 192 965
160 200 1857
160 202 3606
160 205 757
161 164 8076
161 165 6721
161 166 1616
161 167 2277
161 168 9650
161 169 4019
161 179 6716
161 196 9504
161 206 2472
161 207 9622
162 163 9976
162 169 2008
162 170 5471
162 175 7985
162 178 5570
162 180 3989
162 181 5971
162 182 268
162 188 1015
162 195 9160
162 202 4452
163 167 8916
163 168 7065
163 171 9677
163 173 8224
163 179 9153
163 181 6821
163 183 7349
163 184 8691
163 186 1616
163 188 5519
163 189 50
163 192 6704
163 194 2585
163 195 4306
163 198 1965
163 201 3002
163 205 7892
164 171 2777
164 172 4487
164 182 9500
164 185 8866
164 186 7748
164 188 6201
164 193 6241
164 196 5906
164 204 115
164 206 933
165 166 3899
165 167 3889
165 169 8356
165 172 8712
165 188 9878
165 196 5184
165 197 5330
166 172 1975
166 179 9214
166 183 6799
166 187 3041
166 189 1369
166 197 103
166 201 9133
167 169 1887
167 170 8339
167 175 1091
167 177 8211
167 184 9879
167 189 7058
167 192 8531
167 193 6557
167 195 9641
167 196 1709
167 199 9392
167 201 8082
167 206 4841
168 172 864
168 195 8628
168 196 5196
168 197 502
168 202 3837
169 174 3485
169 180 9944
169 192 9510
169 199 4028
169 200 1595
169 201 3667
169 205 3511
170 171 179
170 173 8849
170 175 5835
170 199 5008
170 206 2958
171 173 5220
171 174 814
171 177 1017
171 179 5689
171 187 5624
171 189 3684
171 196 4014
171 201 9616
171 203 3371
171 206 6433
172 175 7881
172 189 4508
172 191 6634
172 196 9662
172 200 7572
172 201 8731
172 203 3551
172 204 7144
172 205 4305
173 181 1533
173 185 7721
173 190 6278
173 195 9241
173 202 5525
173 208 3627
174 176 2692
174 177 6418
174 178 2340
174 181 1003
174 186 5057
174 189 1338
174 190 6740
174 191 6869
174 192 9096
174 196 2348
174 203 1342
175 179 9431
175 181 3817
175 185 3363
175 189 4781
175 190 8169
175 195 4320
175 201 725
175 202 6186
176 177 8391
176 178 2517
176 183 4155
176 192 7899
176 194 2382
176 197 302
176 199 8091
176 200 7077
177 178 7410
177 181 310
177 190 4366
177 195 6879
177 200 6848
177 208 8286
178 181 4281
178 182 3438
178 184 2550
178 185 2507
178 189 3144
178 191 2965
178 192 4071
178 194 2317
178 197 5416
178 198 4048
178 204 8642
178 208 7633
179 181 621
179 183 4609
179 184 5669
179 185 1899
179 189 7688
179 190 6861
179 199 7503
179 202 5134
179 207 9564
180 183 7003
180 184 2327
180 193 1655
180 197 5224
180 200 3518
180 208 1638
181 188 9898
181 189 165
181 191 5107
181 200 3380
181 201 6556
181 203 8268
181 204 313
182 195 8774
182 198 8242
182 200 4143
182 203 3816
182 205 3112
182 207 3451
182 208 403
183 185 8433
183 193 46
183 194 9825
183 197 4695
183 198 8452
183 205 1131
184 185 3886
184 188 7441
184 191 3416
184 194 6010
184 195 3967
184 203 5800
184 207 8007
185 190 9445
185 195 1875
185 197 4981
185 198 6756
185 201 1864
186 192 3731
186 193 576
186 195 2323
186 197 3282
186 198 9542
186 203 1604
186 205 6268
187 188 558
187 191 143
187 195 8469
187 198 1563
187 203 2167
187 207 6932
188 193 973
188 206 3535
189 195 5255
189 202 2561
190 193 2493
190 196 2650
190 202 388
190 203 2349
190 205 1179
190 208 4603
191 192 2479
191 193 7300
191 203 5389
191 204 8296
191 205 5804
192 199 3043
192 204 7221
192 205 7531
192 206 3487
192 208 8901
193 197 6563
193 198 181
193 201 187
193 205 4521
194 204 9137
194 206 9778
195 197 92
195 202 8429
195 208 9455
196 197 1689
196 199 8138
196 201 3808
196 205 6380
196 206 5911
197 208 260
198 205 7306
198 208 9695
199 201 8759
199 205 3829
199 207 8295
200 202 7438
200 206 42
201 202 3883
202 203 1651
204 206 7750
204 208 8130
205 208 1321
