47 2739294
319 96624
2852 224223
202 251959
560 224167
803 48058
870 215222
3239 131711
1908 119763
3458 241556
710 23277
1195 71949
1629 27590
3392 143093
2956 196874
1500 129194
3595 66959
747 48077
1310 265072
2266 41807
2267 127600
1792 49790
1376 144646
2431 127145
1697 172642
3045 148715
1053 204822
986 189207
73 83564
477 121310
2735 63433
788 157280
1419 113941
1932 26750
2333 91820
927 218143
1748 74090
169 107169
1922 86767
2144 190357
2293 93953
1691 1164
25 45536
271 149127
2505 127580
2176 271998
930 104623
1188 269701
