244 7345 169738 225
0 8 3107
0 11 8698
0 14 6475
0 15 9514
0 26 4735
0 28 8039
0 29 8951
0 32 4372
0 38 3235
0 39 3619
0 42 2569
0 45 8525
0 49 8752
0 65 9313
0 66 1948
0 68 4474
0 69 8991
0 80 3984
0 82 6712
0 89 3438
0 94 7655
0 99 6063
0 106 9469
0 109 2698
0 114 6534
0 124 3487
0 126 1891
0 135 4019
0 139 8339
0 143 8488
0 150 7350
0 151 8837
0 152 513
0 155 7720
0 156 80
0 157 7352
0 163 4117
0 164 5802
0 165 8619
0 171 8274
0 173 9933
0 177 4615
0 180 9287
0 183 1910
0 193 1127
0 194 3836
0 195 9178
0 197 1271
0 200 5944
0 206 583
0 217 6164
0 218 2582
0 224 8158
0 230 6832
0 237 3410
0 240 8005
0 241 7925
1 6 4044
1 8 2979
1 11 1691
1 12 6711
1 13 8697
1 24 8132
1 30 62
1 34 2597
1 36 3507
1 38 6880
1 45 3648
1 47 1246
1 49 4571
1 51 585
1 59 7072
1 60 6919
1 61 2953
1 63 6903
1 67 4507
1 70 7619
1 71 7186
1 72 8174
1 73 2841
1 75 5834
1 76 8313
1 78 5404
1 81 6702
1 84 3301
1 85 918
1 92 7898
1 95 3351
1 96 4568
1 98 8638
1 111 9441
1 115 2228
1 120 4787
1 122 4463
1 124 2372
1 126 4936
1 131 5515
1 134 5467
1 136 3499
1 140 9417
1 145 8259
1 153 1595
1 154 4857
1 155 8181
1 156 5482
1 159 5546
1 160 1843
1 164 1360
1 167 3714
1 169 1961
1 171 5826
1 175 2931
1 180 6392
1 188 1041
1 194 3675
1 199 754
1 203 6914
1 206 4865
1 228 2575
1 235 1339
1 240 7977
2 18 9121
2 19 1883
2 23 7746
2 25 168
2 28 5728
2 32 2265
2 36 4728
2 37 4574
2 42 7247
2 47 6074
2 52 7091
2 69 4613
2 72 8536
2 76 3489
2 79 4358
2 80 1638
2 83 6896
2 92 9028
2 95 6464
2 98 5780
2 106 3549
2 107 2948
2 108 5104
2 109 3096
2 114 1750
2 116 4801
2 121 5659
2 123 9878
2 124 1094
2 125 4476
2 130 1556
2 138 3510
2 143 2238
2 144 6109
2 146 9589
2 150 2084
2 163 1805
2 165 9862
2 172 6550
2 176 6646
2 177 8626
2 192 7815
2 195 4884
2 200 9914
2 201 3085
2 207 6051
2 208 2366
2 211 7990
2 218 9341
2 219 2995
2 222 5495
2 223 4990
2 227 3637
2 229 8976
2 230 7722
2 233 2187
2 234 6674
2 236 6415
2 240 5989
2 242 7287
3 4 4744
3 5 1719
3 13 9809
3 20 3532
3 25 9218
3 32 5410
3 33 6029
3 43 9387
3 61 4205
3 62 8243
3 66 1570
3 67 3129
3 70 4584
3 76 8174
3 84 6264
3 89 9119
3 90 6920
3 93 5873
3 98 2130
3 106 5631
3 109 8524
3 110 6292
3 114 954
3 119 7068
3 120 2056
3 124 6344
3 125 9995
3 131 5517
3 138 5695
3 140 2061
3 150 1525
3 152 5885
3 155 7095
3 159 5389
3 170 8307
3 174 9070
3 180 3741
3 182 391
3 184 4605
3 186 4392
3 196 8282
3 198 9578
3 203 2478
3 206 1547
3 209 824
3 210 8371
3 215 5402
3 224 1419
3 234 1493
3 238 323
3 242 5217
4 9 1732
4 14 7756
4 15 7321
4 16 611
4 18 5414
4 19 2949
4 22 2965
4 25 236
4 30 6453
4 40 185
4 45 3669
4 47 838
4 52 6382
4 53 1989
4 55 5987
4 57 5265
4 66 7227
4 67 8122
4 68 2206
4 79 9640
4 80 8036
4 86 8764
4 90 8704
4 92 151
4 93 6400
4 102 1720
4 105 1268
4 111 1913
4 115 543
4 119 9160
4 124 7896
4 127 2397
4 130 3834
4 133 8358
4 135 9982
4 141 125
4 144 9810
4 149 6051
4 151 5853
4 152 7033
4 156 4016
4 166 1259
4 181 6542
4 183 9471
4 185 9093
4 188 456
4 191 5217
4 210 5983
4 213 2455
4 214 7754
4 215 5985
4 216 9650
4 224 7159
4 227 56
4 233 2737
4 241 6115
4 243 8609
5 6 1464
5 8 8710
5 10 9726
5 12 6383
5 18 3547
5 21 2730
5 26 9718
5 30 3613
5 33 5112
5 40 9097
5 44 5153
5 48 8461
5 54 2825
5 58 6637
5 75 4050
5 77 1379
5 78 292
5 80 1834
5 82 5676
5 83 3141
5 86 7083
5 88 9504
5 90 1732
5 96 2366
5 98 5584
5 106 8873
5 116 5098
5 121 7343
5 122 2177
5 131 9368
5 139 4550
5 141 2987
5 144 9150
5 149 1583
5 172 6720
5 174 3409
5 180 1683
5 186 4888
5 188 3945
5 193 9667
5 199 1439
5 203 9848
5 205 9820
5 207 422
5 213 5935
5 217 4132
5 224 1325
5 226 6673
5 234 1514
5 236 7746
5 241 9790
6 11 836
6 13 1799
6 17 207
6 26 8656
6 31 1605
6 33 7534
6 34 684
6 35 1057
6 37 7182
6 39 8089
6 41 2975
6 47 8894
6 55 880
6 56 8171
6 61 1040
6 63 992
6 68 8935
6 73 6166
6 79 5893
6 84 787
6 86 3370
6 89 9735
6 93 8555
6 97 3402
6 100 4807
6 102 321
6 108 4283
6 113 811
6 115 6170
6 117 8130
6 128 218
6 139 5567
6 143 766
6 146 4019
6 151 5213
6 154 3414
6 158 3965
6 165 9092
6 177 4998
6 182 2345
6 187 6582
6 190 1683
6 196 6696
6 203 9116
6 206 74
6 218 4145
6 222 1589
6 223 3324
6 226 4263
6 227 1421
6 239 5615
7 8 8532
7 10 6616
7 16 6776
7 22 9574
7 23 5986
7 25 3575
7 33 3798
7 41 4266
7 51 5551
7 56 4457
7 58 3359
7 59 386
7 67 9468
7 68 4685
7 69 3425
7 72 5149
7 74 6806
7 75 1766
7 77 5993
7 78 1583
7 81 22
7 84 4859
7 85 7342
7 88 9000
7 91 7369
7 97 6216
7 98 2684
7 99 5098
7 103 8935
7 104 1849
7 105 5383
7 110 3713
7 115 5122
7 123 7346
7 128 636
7 130 8361
7 132 6559
7 141 1862
7 147 764
7 148 4333
7 149 9589
7 157 9961
7 162 1817
7 169 4537
7 174 3525
7 176 3495
7 178 8026
7 179 6415
7 181 999
7 187 3963
7 188 2844
7 196 4726
7 221 5645
7 225 5601
7 227 4528
7 231 6144
7 233 7751
7 238 3295
7 240 2091
7 241 6681
8 9 7411
8 10 5160
8 13 7328
8 19 765
8 30 5126
8 34 2337
8 40 6492
8 48 2682
8 51 9238
8 56 9287
8 61 6771
8 79 7586
8 80 4713
8 81 9957
8 86 3279
8 94 5810
8 100 5894
8 103 8976
8 107 6401
8 116 4913
8 119 3650
8 128 4040
8 130 7693
8 136 476
8 155 4459
8 162 6425
8 163 1712
8 164 8598
8 165 8075
8 170 5608
8 174 3253
8 182 5468
8 186 2660
8 188 9939
8 192 9594
8 200 2101
8 202 7536
8 204 1651
8 206 7021
8 208 275
8 214 3612
8 218 9963
8 224 6833
8 226 631
8 230 4524
8 231 3711
8 233 7721
8 241 477
9 10 4286
9 14 7203
9 16 6674
9 17 7469
9 28 4588
9 38 1677
9 39 9087
9 43 7973
9 45 1949
9 51 7909
9 55 3791
9 57 4899
9 59 6875
9 60 9206
9 74 8997
9 75 9877
9 76 1365
9 84 5859
9 86 2983
9 87 7480
9 90 9866
9 91 4933
9 94 5236
9 97 2027
9 100 7020
9 101 5929
9 102 558
9 111 4324
9 116 9854
9 119 9453
9 130 3880
9 131 8250
9 140 8502
9 146 9415
9 149 8205
9 153 9432
9 154 2402
9 156 7756
9 160 5894
9 168 914
9 174 9831
9 175 9280
9 180 1347
9 189 8687
9 190 9805
9 194 661
9 213 9166
9 214 2039
9 215 5976
9 223 1764
9 224 810
9 225 2173
9 229 4290
9 231 8658
9 232 1914
9 238 8192
10 15 6154
10 17 48
10 19 2013
10 21 4071
10 24 2739
10 25 4121
10 30 4411
10 32 7925
10 33 242
10 36 93
10 44 6467
10 59 9950
10 61 7454
10 62 5218
10 63 5210
10 67 1104
10 72 2468
10 75 348
10 80 9013
10 81 6462
10 83 9293
10 85 6805
10 89 4543
10 92 8505
10 95 4341
10 97 6434
10 103 7704
10 107 1219
10 111 5678
10 117 7882
10 122 5678
10 124 2872
10 138 8153
10 142 1344
10 143 4468
10 144 5758
10 154 5768
10 158 8735
10 166 5247
10 169 6850
10 176 7317
10 178 2736
10 184 5316
10 186 2936
10 190 5552
10 203 8842
10 205 4417
10 206 8643
10 209 3344
10 210 2308
10 212 2909
10 215 102
10 218 7521
10 220 6890
10 222 5150
10 224 5807
10 227 9322
10 228 8730
10 233 1758
11 14 4069
11 15 5066
11 19 743
11 25 9687
11 26 2907
11 27 4538
11 28 1035
11 35 4065
11 38 8655
11 43 5399
11 48 9240
11 49 2030
11 51 7756
11 57 303
11 61 7107
11 65 9135
11 66 8937
11 69 7449
11 70 2948
11 73 9804
11 76 5621
11 77 8958
11 91 9752
11 92 2216
11 93 1016
11 94 2746
11 95 3349
11 99 3527
11 103 2219
11 107 7640
11 108 1546
11 110 857
11 113 1148
11 118 6733
11 119 260
11 124 9997
11 130 1818
11 134 9153
11 135 1025
11 136 1812
11 139 7014
11 140 746
11 146 7417
11 147 3167
11 152 3414
11 155 9557
11 160 5471
11 164 6036
11 169 1111
11 175 6879
11 179 5758
11 181 4412
11 183 3814
11 187 8964
11 196 3773
11 204 3593
11 207 1585
11 208 6405
11 212 8592
11 214 4269
11 215 2859
11 225 7199
11 229 834
11 231 1382
11 240 4036
12 13 5050
12 17 9367
12 18 4129
12 19 7458
12 23 8214
12 26 4057
12 29 3513
12 30 8397
12 31 5831
12 36 6099
12 42 9923
12 52 5033
12 56 1074
12 60 653
12 63 6721
12 64 6273
12 71 9344
12 74 3761
12 76 2048
12 78 6572
12 90 3406
12 93 6978
12 94 3729
12 102 817
12 104 8897
12 107 5241
12 109 3641
12 111 4837
12 114 47
12 115 6936
12 116 616
12 121 232
12 124 5103
12 126 5604
12 128 8840
12 129 7343
12 132 1408
12 133 9478
12 134 2699
12 141 2081
12 156 530
12 162 967
12 169 1202
12 184 283
12 188 7809
12 192 4887
12 193 4
12 200 7730
12 211 4960
12 212 6914
12 213 3027
12 216 2932
12 218 5286
12 227 3719
12 229 8574
12 240 8710
12 241 7872
12 242 8576
13 18 5153
13 23 1189
13 33 8157
13 35 772
13 38 2187
13 42 2857
13 45 9320
13 51 793
13 56 9281
13 59 9512
13 69 2222
13 72 2939
13 75 9148
13 81 2609
13 83 6020
13 84 2589
13 88 9190
13 95 5746
13 96 1265
13 105 4016
13 106 3909
13 107 9885
13 111 8982
13 112 8420
13 116 3782
13 118 619
13 119 2083
13 124 4465
13 126 41
13 130 5525
13 139 3177
13 140 7049
13 142 6358
13 147 4334
13 151 7258
13 154 4520
13 160 248
13 162 1177
13 171 5607
13 174 8394
13 178 3438
13 179 8601
13 186 2639
13 192 6146
13 197 8440
13 198 8941
13 204 2228
13 206 4026
13 210 4393
13 217 1396
13 226 2885
13 227 4991
13 229 6151
13 242 8164
14 19 6723
14 20 1912
14 21 6163
14 24 7300
14 26 5984
14 32 7842
14 35 3873
14 36 3307
14 40 2623
14 45 9757
14 47 1176
14 49 106
14 52 1682
14 57 5156
14 59 8844
14 62 273
14 65 4850
14 75 4250
14 77 2989
14 81 6957
14 83 2310
14 86 1474
14 94 3867
14 96 4989
14 99 2573
14 101 3282
14 102 8408
14 103 9420
14 104 7704
14 113 9912
14 114 150
14 117 8367
14 120 2119
14 121 5241
14 122 9322
14 129 915
14 130 226
14 132 8804
14 135 370
14 145 2083
14 153 6638
14 155 5170
14 156 7678
14 160 555
14 165 8965
14 170 9221
14 179 9818
14 182 8236
14 186 848
14 188 4751
14 192 695
14 193 987
14 195 9986
14 200 8490
14 201 9967
14 212 1011
14 215 8616
14 218 249
14 220 3254
14 221 2566
14 228 8039
14 230 194
14 234 9120
14 240 6937
14 241 3620
15 18 9843
15 28 4082
15 29 8640
15 30 3108
15 37 3557
15 38 8296
15 40 9405
15 41 6283
15 46 8635
15 48 9006
15 49 9569
15 50 706
15 51 3765
15 57 5455
15 61 9229
15 62 3714
15 66 5179
15 68 4396
15 74 9984
15 77 8707
15 82 1931
15 92 2052
15 97 9163
15 106 7161
15 122 2845
15 123 4888
15 132 1465
15 134 1889
15 141 4502
15 145 8672
15 146 6933
15 147 9969
15 152 1725
15 157 719
15 162 2500
15 163 3184
15 164 6263
15 171 9941
15 172 9186
15 176 6750
15 177 1890
15 178 7970
15 192 8103
15 195 6237
15 197 6596
15 198 4048
15 199 9796
15 210 625
15 215 5021
15 218 6603
15 221 5025
15 224 4321
15 230 3530
15 235 4777
15 238 4868
15 240 8843
15 243 7365
16 22 624
16 24 126
16 28 7540
16 31 9584
16 33 8959
16 34 2729
16 35 4050
16 40 1022
16 46 1964
16 47 4592
16 51 2235
16 52 4454
16 59 1287
16 66 5692
16 76 9146
16 79 9619
16 83 2506
16 84 7485
16 86 8706
16 93 8181
16 96 9000
16 98 2457
16 101 8479
16 104 1306
16 108 3570
16 113 3795
16 121 3761
16 123 9637
16 124 5524
16 126 4072
16 128 8256
16 129 7910
16 133 2968
16 145 83
16 146 2918
16 149 8703
16 157 4707
16 162 8319
16 163 4657
16 166 2380
16 168 8265
16 169 1633
16 183 9235
16 186 1276
16 190 5888
16 197 6628
16 199 50
16 203 1350
16 206 4196
16 213 4103
16 214 9790
16 222 7356
16 224 6629
16 230 3470
16 241 1843
17 28 520
17 31 2098
17 36 1601
17 38 9415
17 39 6246
17 46 3092
17 49 9542
17 51 8270
17 54 5566
17 60 8536
17 63 7881
17 65 6901
17 73 7745
17 74 2602
17 82 5384
17 87 9964
17 90 4089
17 92 8691
17 93 8985
17 104 7210
17 117 6259
17 119 2353
17 122 2143
17 124 4473
17 129 2645
17 130 9659
17 133 3394
17 136 4970
17 138 2788
17 139 5809
17 143 6507
17 149 1027
17 153 7342
17 154 1649
17 156 3075
17 157 4612
17 159 5376
17 165 9261
17 174 2174
17 175 8752
17 179 77
17 181 9535
17 188 9678
17 189 6949
17 193 1916
17 196 8984
17 198 1603
17 202 5972
17 203 4797
17 205 7731
17 215 3873
17 219 2480
17 220 8407
17 223 3898
17 224 5591
17 233 4415
17 238 2884
17 240 1815
17 243 4782
18 19 5736
18 24 8836
18 27 4715
18 30 7994
18 31 1105
18 34 3442
18 49 9770
18 52 8719
18 56 8025
18 61 5806
18 73 2831
18 79 4141
18 84 5917
18 91 9378
18 93 3587
18 97 2265
18 98 428
18 110 1811
18 111 3046
18 118 6770
18 120 4230
18 125 1778
18 126 4919
18 130 4730
18 138 7128
18 140 4550
18 144 5302
18 147 4194
18 151 5280
18 169 4920
18 175 5963
18 179 2554
18 181 3292
18 186 9717
18 187 2435
18 201 8809
18 203 4287
18 204 2138
18 205 7003
18 207 4759
18 208 7031
18 210 7284
18 212 2354
18 217 3535
18 219 7502
18 220 5489
18 224 3730
18 228 2728
18 229 6944
18 231 7732
19 24 8745
19 28 1576
19 31 6159
19 33 649
19 34 1903
19 37 6637
19 43 1070
19 54 624
19 56 3791
19 58 7181
19 68 1022
19 70 8483
19 71 2195
19 73 8063
19 78 8352
19 81 9679
19 82 3463
19 84 1344
19 88 4365
19 90 7367
19 93 9676
19 94 886
19 101 9273
19 103 9360
19 107 738
19 108 3576
19 109 5019
19 126 1411
19 127 9656
19 128 5235
19 131 8837
19 133 4302
19 136 7673
19 143 1923
19 146 5104
19 153 6492
19 154 9006
19 155 3495
19 159 8635
19 165 8044
19 167 2018
19 170 8981
19 171 4458
19 173 1669
19 175 1319
19 180 7050
19 184 1217
19 186 1369
19 189 6303
19 191 5467
19 193 3700
19 194 5607
19 205 6360
19 209 390
19 215 2515
19 222 2001
19 229 3241
19 235 956
19 242 4903
20 21 8008
20 25 757
20 28 3857
20 31 9164
20 34 1966
20 36 261
20 37 2184
20 40 9379
20 42 3916
20 44 9893
20 52 4679
20 54 2674
20 55 4291
20 57 1878
20 62 3300
20 66 2695
20 67 7139
20 70 8102
20 86 52
20 87 5304
20 91 1010
20 92 1432
20 97 7185
20 98 2371
20 100 7830
20 101 1986
20 104 3276
20 113 4920
20 115 9563
20 120 8016
20 124 1539
20 129 688
20 135 495
20 146 2156
20 151 9752
20 155 5922
20 163 4079
20 164 6040
20 174 4302
20 180 6987
20 184 4205
20 185 9920
20 187 6119
20 188 5110
20 189 3297
20 196 3817
20 199 6982
20 200 8281
20 204 4076
20 207 7545
20 210 2941
20 212 6437
20 213 2917
20 221 6880
20 223 2133
20 233 5573
20 243 5504
21 23 1856
21 25 8891
21 26 6525
21 30 6974
21 31 4179
21 32 1795
21 41 2739
21 44 6272
21 52 7252
21 55 5398
21 62 9159
21 73 7027
21 77 6106
21 88 2220
21 89 1480
21 90 7238
21 91 1400
21 101 8824
21 111 3843
21 115 8150
21 119 8647
21 126 8228
21 127 9730
21 134 8180
21 144 3528
21 152 8025
21 153 7157
21 154 6631
21 157 8975
21 161 6177
21 180 934
21 186 7268
21 195 1782
21 201 9298
21 212 7090
21 216 8648
21 220 8907
21 229 2259
21 231 838
21 234 6831
21 235 4708
21 240 3756
22 24 8748
22 38 7228
22 41 3667
22 43 2269
22 50 8216
22 51 5087
22 55 5530
22 60 472
22 62 1277
22 63 1648
22 66 3364
22 68 8038
22 72 5317
22 75 3249
22 77 3547
22 80 6264
22 83 7288
22 84 993
22 87 1441
22 89 3443
22 91 4288
22 96 5093
22 101 4801
22 114 2165
22 115 329
22 117 4068
22 121 5069
22 125 8868
22 134 8521
22 137 1080
22 140 2539
22 142 722
22 147 877
22 149 6794
22 153 2327
22 154 3174
22 165 3804
22 166 70
22 167 2018
22 168 731
22 194 7606
22 203 5762
22 209 1240
22 213 5013
22 214 2959
22 218 2052
22 223 9862
22 228 4349
22 231 8697
22 238 4462
22 243 9459
23 25 8093
23 26 3862
23 27 3608
23 33 2967
23 35 25
23 37 6478
23 38 4597
23 39 3518
23 40 6180
23 45 3894
23 50 876
23 60 9631
23 63 349
23 70 4783
23 71 3583
23 75 5195
23 88 5247
23 89 9035
23 107 3600
23 115 3994
23 121 4088
23 122 4563
23 123 1820
23 129 4699
23 132 9653
23 133 9708
23 134 7791
23 135 8881
23 140 9822
23 146 2563
23 150 2315
23 158 5957
23 161 9347
23 164 4056
23 167 1183
23 171 7419
23 176 2397
23 177 3134
23 185 8281
23 187 6837
23 188 3461
23 190 5723
23 192 4352
23 197 1768
23 198 9559
23 201 8676
23 205 2595
23 208 7852
23 210 9083
23 215 6203
23 217 340
23 228 9663
23 235 3664
23 242 7095
24 25 2804
24 31 780
24 32 416
24 34 7300
24 35 8924
24 38 3109
24 44 9821
24 46 4116
24 48 9582
24 49 6976
24 57 3846
24 61 510
24 64 1284
24 73 8540
24 77 2246
24 79 2990
24 85 4991
24 87 1660
24 91 6728
24 93 556
24 97 3390
24 99 534
24 103 2833
24 106 7143
24 114 5373
24 116 9952
24 122 7064
24 123 203
24 130 254
24 132 6388
24 136 5529
24 137 1669
24 139 5080
24 147 4279
24 149 7842
24 154 8507
24 157 8755
24 158 80
24 161 3834
24 165 8364
24 167 452
24 194 4827
24 195 8806
24 200 4945
24 205 6173
24 207 2745
24 210 559
24 217 1303
24 220 5722
24 222 1916
24 223 5930
24 224 187
24 231 1053
24 234 7803
24 238 7630
24 242 8274
25 29 4672
25 30 1554
25 33 326
25 40 4603
25 45 8015
25 51 2697
25 53 8343
25 61 5929
25 67 4082
25 70 4591
25 72 6888
25 76 4369
25 86 6196
25 88 9936
25 94 8406
25 108 6041
25 111 3752
25 112 2123
25 115 3377
25 116 8435
25 123 3203
25 124 1164
25 130 9624
25 135 947
25 136 1652
25 140 7940
25 145 4724
25 146 9662
25 149 4311
25 156 2123
25 159 1652
25 163 3005
25 168 781
25 185 8691
25 187 4279
25 189 2138
25 191 7591
25 193 8625
25 204 8444
25 208 6498
25 209 1761
25 212 5820
25 222 7408
25 223 2388
25 228 7554
25 229 4128
25 234 9247
25 235 7669
25 242 4248
25 243 7867
26 27 8038
26 30 6705
26 31 5885
26 32 549
26 36 8712
26 40 2763
26 51 4057
26 57 9646
26 60 5669
26 70 252
26 72 4330
26 73 9401
26 79 2816
26 80 9473
26 81 8701
26 82 7824
26 84 421
26 87 5407
26 93 2678
26 94 1891
26 100 1544
26 101 8872
26 104 2538
26 106 1688
26 107 4356
26 110 8663
26 112 2089
26 115 889
26 122 2910
26 130 7689
26 131 9096
26 132 4287
26 133 6067
26 135 3974
26 136 1598
26 143 7878
26 147 8237
26 154 7630
26 156 588
26 158 5154
26 159 569
26 161 934
26 170 8412
26 173 7685
26 177 2849
26 179 5507
26 182 6863
26 183 1808
26 192 9036
26 195 1830
26 196 776
26 198 5996
26 205 701
26 206 4020
26 212 5152
26 216 1051
26 219 6868
26 220 9722
26 221 61
26 225 3160
26 226 8610
26 230 1161
26 233 6668
26 235 1060
26 237 43
26 241 128
26 242 6602
26 243 1543
27 29 5377
27 30 5516
27 34 837
27 35 3551
27 41 8702
27 47 9454
27 54 1452
27 55 217
27 56 4381
27 61 9801
27 62 6461
27 63 4053
27 64 8971
27 65 2035
27 70 8138
27 89 5630
27 92 599
27 93 6199
27 95 4021
27 96 4417
27 99 1390
27 100 2454
27 106 4243
27 114 3821
27 116 2395
27 117 466
27 119 4667
27 120 9171
27 121 5646
27 123 5386
27 124 4833
27 125 3346
27 128 8939
27 132 419
27 136 875
27 138 6790
27 140 8410
27 150 1796
27 153 4553
27 158 5415
27 162 9219
27 163 8994
27 173 7561
27 174 6486
27 175 5505
27 176 9983
27 179 3290
27 182 5955
27 184 2307
27 189 7728
27 195 1083
27 196 6618
27 200 935
27 201 1440
27 202 1162
27 205 9856
27 211 5342
27 213 2178
27 214 4210
27 227 8161
27 231 6443
27 233 3194
27 235 9721
27 240 5522
27 242 8229
28 30 3937
28 37 3504
28 42 4562
28 45 8657
28 51 7457
28 52 8469
28 54 2544
28 55 4590
28 58 656
28 59 1396
28 65 889
28 72 8770
28 78 9911
28 81 6302
28 82 4683
28 85 958
28 86 3438
28 90 7622
28 92 315
28 97 3217
28 99 8550
28 107 5828
28 124 2454
28 125 6157
28 126 3798
28 134 3064
28 140 8692
28 142 2450
28 143 1407
28 144 774
28 150 6418
28 153 4619
28 156 2138
28 157 7358
28 166 713
28 179 8562
28 182 1536
28 184 4393
28 185 4473
28 186 323
28 187 4201
28 189 4669
28 195 231
28 205 5360
28 211 1759
28 214 261
28 216 4190
28 221 1811
28 224 3645
28 226 1687
28 229 6544
28 234 1381
28 239 6622
28 241 3507
29 33 1282
29 34 3958
29 37 2208
29 43 6993
29 46 7651
29 49 5423
29 53 5533
29 59 4629
29 61 9535
29 65 395
29 72 1655
29 74 8270
29 76 7331
29 78 939
29 85 2041
29 91 4926
29 92 7205
29 95 3277
29 98 9870
29 100 494
29 105 3433
29 106 9858
29 109 4021
29 112 8406
29 113 8168
29 115 5672
29 117 7303
29 118 4433
29 122 6228
29 130 635
29 137 2732
29 143 4649
29 147 1498
29 150 8015
29 151 4648
29 153 5213
29 155 635
29 165 4393
29 168 9130
29 174 7637
29 178 3238
29 182 4620
29 183 8277
29 188 3904
29 189 5720
29 191 2874
29 201 2923
29 210 2819
29 213 4724
29 215 3664
29 216 5846
29 217 8555
29 219 9011
29 222 7868
29 233 4947
29 240 241
29 243 5115
30 33 4325
30 37 3146
30 43 259
30 49 471
30 57 2421
30 63 1187
30 65 4545
30 69 2226
30 70 3683
30 72 7942
30 76 7360
30 79 8855
30 84 273
30 87 3615
30 89 6883
30 96 2649
30 97 9049
30 103 633
30 109 6862
30 112 5728
30 113 5379
30 114 9854
30 118 580
30 119 2475
30 124 1132
30 131 5079
30 142 8031
30 143 9583
30 148 9841
30 150 8039
30 152 3343
30 166 6419
30 168 2437
30 172 8758
30 175 7580
30 181 9063
30 182 5402
30 186 2322
30 187 1897
30 190 6393
30 193 7805
30 195 3452
30 207 9770
30 211 7103
30 213 9193
30 218 1563
30 229 8500
30 230 1622
30 231 8182
30 234 2941
30 241 7209
30 242 5580
31 33 3345
31 34 9078
31 35 1375
31 38 5607
31 39 6582
31 41 515
31 42 4289
31 47 4641
31 52 7163
31 53 7149
31 56 8641
31 59 8601
31 66 9856
31 73 4582
31 82 4047
31 87 2551
31 88 1279
31 93 4571
31 96 7424
31 97 1387
31 98 5616
31 101 3226
31 102 4130
31 104 8634
31 105 1597
31 115 8755
31 116 5379
31 119 5424
31 123 2625
31 125 310
31 130 6039
31 135 572
31 136 1662
31 138 4881
31 140 310
31 141 5213
31 144 4827
31 152 2430
31 158 6374
31 163 6370
31 164 107
31 166 7693
31 174 1731
31 181 7081
31 197 7294
31 198 2545
31 204 6153
31 208 5674
31 211 8489
31 212 4661
31 214 9638
31 215 6607
31 217 5293
31 222 9930
31 225 9685
31 231 7494
31 232 9539
31 241 6159
31 242 1218
31 243 4637
32 37 9205
32 39 3457
32 40 6125
32 42 3132
32 47 8778
32 58 5946
32 64 5082
32 66 8862
32 70 1824
32 74 993
32 76 9557
32 80 3305
32 87 6529
32 92 5848
32 93 2957
32 102 6435
32 105 9963
32 106 795
32 108 6564
32 111 5187
32 119 4413
32 129 1539
32 130 2302
32 132 2794
32 138 6224
32 142 4942
32 149 1323
32 154 9752
32 157 5571
32 161 4897
32 162 4744
32 164 5500
32 167 4253
32 169 2405
32 174 5647
32 185 381
32 195 2392
32 198 9040
32 207 9694
32 213 905
32 222 7855
32 223 7251
32 227 1727
32 234 2872
32 235 4020
32 236 7433
32 237 9700
33 34 4544
33 39 5654
33 41 9827
33 54 7707
33 56 6564
33 61 7898
33 68 2212
33 70 7953
33 73 4641
33 76 183
33 80 7412
33 81 4166
33 88 8415
33 97 2762
33 104 718
33 106 3519
33 111 7339
33 112 1220
33 113 8795
33 117 7780
33 126 2134
33 130 6386
33 142 982
33 147 9116
33 148 5358
33 150 5460
33 155 9299
33 158 8846
33 160 7952
33 162 3001
33 164 3622
33 170 5834
33 173 7185
33 174 4746
33 176 2450
33 182 3856
33 184 2245
33 186 493
33 194 4882
33 195 5058
33 197 100
33 204 478
33 205 2090
33 208 6489
33 209 1116
33 212 6321
33 216 4409
33 217 7155
33 219 8078
33 227 6248
33 241 4686
34 39 67
34 47 4316
34 52 3380
34 60 142
34 63 5425
34 64 8652
34 67 5322
34 75 9814
34 76 2384
34 86 646
34 87 7511
34 88 103
34 90 4964
34 92 9057
34 93 5681
34 103 9866
34 106 5666
34 112 7262
34 114 9653
34 119 8883
34 122 9442
34 124 1995
34 129 2819
34 130 4051
34 131 2974
34 132 2189
34 137 4830
34 142 3846
34 143 9115
34 148 2316
34 149 2869
34 157 9436
34 162 9558
34 163 5780
34 165 5986
34 166 3228
34 169 3052
34 170 3963
34 175 1455
34 179 9176
34 180 9632
34 190 6645
34 196 5302
34 197 6210
34 201 9246
34 204 1166
34 206 8103
34 211 8910
34 212 4811
34 216 1915
34 218 4015
34 221 9397
34 236 673
34 242 814
34 243 2850
35 37 3415
35 41 6649
35 44 4097
35 45 4338
35 46 5794
35 48 548
35 64 3519
35 65 9057
35 77 5846
35 85 5750
35 86 2317
35 87 5011
35 96 1527
35 97 3228
35 98 2562
35 102 3829
35 103 3060
35 104 6616
35 111 3
35 125 1790
35 128 3588
35 129 7203
35 131 5126
35 132 3923
35 134 3618
35 139 9510
35 140 2717
35 145 6866
35 147 3956
35 148 6290
35 152 4360
35 155 540
35 159 1741
35 164 859
35 169 4224
35 170 4229
35 173 8553
35 176 5239
35 179 1820
35 192 4328
35 200 3821
35 202 6252
35 206 6207
35 215 1475
35 217 9043
35 223 6127
35 230 9424
35 231 6332
35 232 9645
35 241 8516
36 38 5985
36 39 9126
36 52 1787
36 63 4986
36 72 6429
36 77 2305
36 78 2424
36 82 3587
36 83 240
36 84 2899
36 90 2442
36 93 697
36 99 1092
36 100 8749
36 109 78
36 124 2043
36 135 1232
36 136 3769
36 138 1931
36 141 4605
36 142 1964
36 145 5340
36 147 3117
36 152 4975
36 156 5036
36 161 6014
36 165 1101
36 167 6691
36 170 2187
36 171 3189
36 172 9591
36 178 7263
36 180 9043
36 184 7078
36 192 9578
36 199 3203
36 200 8501
36 201 7100
36 202 9044
36 203 9416
36 210 760
36 211 5564
36 213 2566
36 220 7209
36 223 557
36 225 2232
36 234 5324
36 237 946
36 239 1141
37 38 817
37 40 801
37 42 3672
37 46 8505
37 62 4795
37 63 5447
37 65 5232
37 69 7427
37 71 8044
37 77 8729
37 78 4466
37 80 9805
37 82 8295
37 84 4082
37 87 9932
37 89 7105
37 90 9975
37 93 4200
37 98 2481
37 99 8462
37 101 8588
37 105 8719
37 109 2259
37 112 7341
37 117 7749
37 118 9667
37 120 5139
37 121 7422
37 122 7845
37 127 8740
37 130 3280
37 142 3769
37 150 7449
37 158 2368
37 166 5946
37 167 6121
37 169 2782
37 176 7191
37 180 2785
37 181 7446
37 182 2875
37 184 4123
37 190 5401
37 195 4763
37 201 3872
37 203 1889
37 205 1497
37 208 5947
37 211 6566
37 214 3197
37 221 5850
37 239 7453
37 240 2678
37 242 8541
37 243 5603
38 48 1443
38 54 2233
38 55 1454
38 56 3218
38 61 5574
38 63 2569
38 65 7574
38 69 5781
38 75 747
38 76 9921
38 78 1154
38 84 3053
38 88 3241
38 95 1885
38 99 7369
38 102 1410
38 108 7783
38 116 6182
38 118 7108
38 119 8834
38 124 7848
38 125 4904
38 129 7996
38 137 2530
38 140 9517
38 141 2181
38 143 6191
38 148 958
38 150 254
38 151 3608
38 153 3143
38 157 2772
38 160 4704
38 161 8440
38 162 5828
38 167 2622
38 169 359
38 170 9631
38 179 669
38 181 3531
38 183 4077
38 187 7993
38 190 562
38 196 8486
38 203 5179
38 204 2544
38 209 1740
38 211 1976
38 212 747
38 213 2065
38 227 865
38 228 4720
38 231 828
38 232 7910
38 233 9281
38 243 2052
39 40 2666
39 42 6893
39 43 164
39 45 6786
39 51 1190
39 56 132
39 57 2992
39 59 7001
39 62 1545
39 67 9834
39 73 8093
39 80 1890
39 84 2699
39 93 6943
39 102 4386
39 104 7210
39 106 3104
39 107 7280
39 108 4740
39 109 1045
39 111 6202
39 113 6655
39 114 3235
39 118 4043
39 123 8506
39 125 4024
39 126 2498
39 127 6279
39 130 4617
39 131 6596
39 132 9227
39 135 1501
39 137 1482
39 140 7588
39 142 5895
39 146 7071
39 147 2773
39 155 2592
39 158 1344
39 161 115
39 164 1963
39 167 6284
39 173 7471
39 175 1378
39 178 1747
39 184 2565
39 190 4698
39 195 4979
39 198 2128
39 206 31
39 211 5222
39 215 4915
39 217 8055
39 218 6649
39 224 1493
39 226 7028
39 228 2780
39 231 7490
39 232 7583
39 233 244
39 237 9214
39 238 9475
39 239 3256
39 240 6557
39 242 8789
40 43 3264
40 51 1714
40 54 5010
40 58 1854
40 65 8819
40 67 9832
40 68 9591
40 69 7882
40 72 3643
40 96 5942
40 97 5035
40 98 713
40 106 7773
40 111 3149
40 123 1112
40 126 7578
40 129 3853
40 133 2475
40 136 5536
40 138 254
40 140 4266
40 144 4164
40 145 8782
40 158 6129
40 159 6515
40 170 7227
40 173 9902
40 180 9463
40 183 3142
40 184 8541
40 187 4509
40 189 8490
40 193 6340
40 197 3899
40 202 2807
40 219 9129
40 222 9825
40 223 6387
40 224 1998
40 225 2837
40 226 5733
40 231 6257
40 233 8130
40 238 3580
40 241 877
41 43 5459
41 46 4038
41 54 9085
41 61 3504
41 65 1652
41 66 679
41 68 8534
41 69 661
41 70 4090
41 76 7333
41 85 9698
41 91 1727
41 92 4312
41 93 6881
41 105 1172
41 107 7693
41 115 4478
41 119 8021
41 126 894
41 129 4617
41 130 6602
41 138 2163
41 139 7754
41 147 9277
41 148 9364
41 155 795
41 165 9184
41 173 7529
41 179 5598
41 185 3653
41 189 8826
41 191 2234
41 192 6054
41 194 2821
41 197 6238
41 198 6411
41 203 1156
41 207 8960
41 211 7109
41 213 590
41 219 5563
41 221 4361
41 222 6145
41 225 5035
41 233 2996
41 236 9457
41 239 6476
41 241 6265
42 46 3486
42 49 4493
42 52 905
42 58 3126
42 62 554
42 64 1982
42 71 6366
42 80 5906
42 87 2818
42 88 2802
42 89 1363
42 94 6588
42 96 9959
42 100 5495
42 104 8196
42 117 1852
42 120 82
42 128 8174
42 129 597
42 135 353
42 138 597
42 139 2073
42 140 2629
42 141 6055
42 146 9979
42 147 8967
42 153 7958
42 155 3232
42 160 5479
42 163 9201
42 167 9816
42 190 9347
42 193 3036
42 201 1642
42 202 944
42 207 4857
42 209 3825
42 215 7181
42 223 2828
42 225 9109
42 231 1013
42 232 468
42 233 7999
42 241 8727
43 44 1010
43 53 1712
43 62 8727
43 66 9686
43 68 4774
43 70 1277
43 78 4150
43 80 1695
43 90 7217
43 91 6552
43 93 7805
43 96 8522
43 113 9310
43 116 5460
43 117 4549
43 131 7217
43 133 641
43 136 4670
43 138 795
43 151 1808
43 153 7693
43 155 7655
43 159 134
43 163 1453
43 170 1216
43 174 3347
43 175 6060
43 185 6794
43 186 9675
43 190 6657
43 197 2094
43 199 571
43 201 9638
43 208 9397
43 209 2899
43 210 2984
43 215 5762
43 222 8869
43 224 5679
43 227 4812
43 229 3815
43 230 4582
43 231 6692
43 233 6734
43 234 3209
43 239 4806
43 242 6111
44 50 1431
44 51 3394
44 54 2388
44 61 7348
44 76 9691
44 83 2013
44 84 4169
44 85 4941
44 88 5111
44 94 3336
44 95 7345
44 100 5417
44 102 832
44 103 6858
44 105 1318
44 106 3111
44 114 4068
44 115 2863
44 116 8496
44 118 1035
44 119 4032
44 126 1135
44 127 8589
44 131 9760
44 133 5184
44 134 5792
44 135 9249
44 147 9167
44 149 4157
44 153 4363
44 157 7474
44 169 5893
44 177 2633
44 178 6083
44 187 1246
44 189 63
44 190 4038
44 193 205
44 197 4279
44 201 2093
44 204 6595
44 206 8569
44 207 2060
44 208 3089
44 218 7525
44 221 7391
44 224 3584
44 227 8930
44 228 3015
44 230 189
44 235 627
44 237 5132
44 241 8854
45 49 5617
45 50 1544
45 51 3839
45 52 9404
45 54 6514
45 57 6021
45 61 3441
45 62 2900
45 71 106
45 72 206
45 76 285
45 81 57
45 88 5077
45 92 7421
45 109 7158
45 110 7853
45 112 5743
45 113 4959
45 115 1198
45 117 7594
45 131 2536
45 142 5429
45 147 2055
45 157 9462
45 163 2111
45 168 255
45 169 9073
45 171 6469
45 177 5745
45 183 7055
45 184 9955
45 186 7919
45 191 2088
45 192 2912
45 194 9298
45 195 8077
45 209 5918
45 213 3210
45 216 6089
45 221 9130
45 227 7435
45 229 1516
45 230 7388
45 231 800
45 232 2563
45 234 8369
45 237 5617
45 240 1076
45 243 6191
46 50 1646
46 52 6000
46 54 7823
46 57 2724
46 62 300
46 67 9432
46 73 8607
46 76 9082
46 79 3089
46 89 1613
46 91 5801
46 92 4200
46 95 9906
46 99 714
46 108 2567
46 112 5239
46 118 8789
46 120 7859
46 126 2049
46 132 6027
46 137 2834
46 139 8628
46 141 8025
46 147 9445
46 152 8271
46 156 5379
46 161 6141
46 166 4775
46 167 860
46 183 7912
46 188 2623
46 199 3128
46 204 6613
46 219 1275
46 229 2877
46 230 9912
46 232 3317
46 234 1789
46 237 7231
46 239 8072
46 240 7281
47 55 8394
47 57 7198
47 61 4021
47 64 8258
47 67 1417
47 68 2821
47 74 2050
47 75 2917
47 83 2384
47 87 477
47 89 8143
47 96 4446
47 102 2073
47 108 6145
47 109 2414
47 118 1276
47 125 8556
47 128 5385
47 135 1688
47 141 8642
47 142 1002
47 154 4463
47 159 2644
47 160 9924
47 162 7985
47 165 1808
47 179 9262
47 183 372
47 184 7377
47 197 4709
47 198 1099
47 200 2997
47 206 6532
47 211 8847
47 213 395
47 215 6111
47 221 1469
47 225 6869
47 231 4481
47 238 270
47 239 5754
47 241 7380
48 50 3037
48 58 4848
48 60 5376
48 64 4184
48 65 2769
48 66 757
48 67 5893
48 68 284
48 78 7579
48 92 8345
48 101 6793
48 106 5059
48 112 4187
48 113 6132
48 115 1335
48 120 1092
48 125 8121
48 127 1010
48 129 7897
48 135 7027
48 136 3012
48 137 8006
48 140 7077
48 154 2562
48 159 9799
48 170 706
48 191 2075
48 195 1135
48 196 732
48 202 7932
48 203 5664
48 206 6717
48 207 5880
48 217 6176
48 218 2487
48 219 3067
48 220 8335
48 222 5493
48 225 3836
48 229 2469
48 230 2499
48 231 8816
48 233 4217
48 234 669
48 235 7914
49 62 8118
49 65 2566
49 66 1767
49 69 4272
49 77 9928
49 78 2278
49 91 5075
49 93 5915
49 100 6967
49 110 2806
49 111 7432
49 113 1791
49 117 5394
49 118 8493
49 119 7729
49 123 8512
49 125 7288
49 130 5512
49 134 9686
49 143 8684
49 147 6301
49 150 3910
49 152 145
49 156 1553
49 160 2091
49 166 6343
49 168 4397
49 170 9204
49 173 2323
49 175 95
49 191 8927
49 196 5921
49 199 9493
49 201 6640
49 205 5090
49 207 9931
49 213 1777
49 216 1045
49 217 8784
49 218 4962
49 225 4112
49 234 4881
49 235 5199
49 236 9128
49 238 70
49 242 1909
49 243 9923
50 52 3006
50 56 6417
50 58 1620
50 61 3612
50 71 9464
50 75 8105
50 76 2049
50 79 2817
50 80 9159
50 83 1119
50 110 5464
50 113 4415
50 117 9771
50 118 7361
50 128 8110
50 135 8547
50 136 7282
50 138 7864
50 141 61
50 143 8391
50 144 6462
50 151 9765
50 158 357
50 160 8843
50 161 9873
50 165 6173
50 167 3327
50 170 567
50 171 1426
50 172 4584
50 173 8203
50 175 1532
50 177 661
50 178 973
50 186 1510
50 191 5645
50 201 6459
50 205 2059
50 209 915
50 212 6092
50 217 5053
50 222 4377
50 225 7565
50 234 2506
50 235 653
50 237 450
50 239 8241
50 241 145
51 56 4217
51 62 5606
51 73 1002
51 75 3878
51 83 6865
51 89 7524
51 94 5232
51 101 7009
51 105 553
51 108 1214
51 116 3390
51 118 9831
51 119 2008
51 120 6736
51 123 1682
51 125 9116
51 133 7735
51 138 4288
51 140 1033
51 143 5263
51 144 8833
51 148 8672
51 149 3039
51 152 5685
51 159 2686
51 162 9179
51 171 9443
51 176 9743
51 177 7432
51 189 9149
51 194 8735
51 215 5173
51 222 3150
51 231 8426
51 233 5504
51 234 1408
51 238 8955
51 240 7945
52 60 8364
52 62 4084
52 63 7556
52 65 5698
52 69 4413
52 71 5184
52 74 2295
52 77 2538
52 85 5009
52 87 5856
52 93 4848
52 97 7426
52 101 800
52 102 5755
52 103 7490
52 115 2248
52 117 5079
52 123 7243
52 125 3231
52 126 5625
52 130 76
52 144 5981
52 145 9912
52 147 8396
52 151 9818
52 152 7049
52 156 141
52 158 1369
52 161 1206
52 166 9548
52 173 3033
52 175 3771
52 177 5091
52 183 7185
52 186 8869
52 197 8081
52 198 793
52 199 276
52 204 5765
52 206 1834
52 217 9305
52 222 4816
52 230 85
52 231 5677
52 232 715
53 54 6178
53 56 3824
53 61 6258
53 69 7244
53 75 5344
53 78 8698
53 81 3734
53 83 9225
53 89 1253
53 100 4403
53 104 6541
53 109 1506
53 112 7501
53 124 8630
53 129 3545
53 136 7128
53 138 594
53 146 2047
53 156 1678
53 161 9592
53 165 1864
53 166 9711
53 169 8463
53 171 8962
53 175 5216
53 179 902
53 185 930
53 186 5841
53 192 8710
53 202 732
53 214 7319
53 215 3122
53 228 2541
53 229 6674
53 233 8266
53 236 8572
53 239 5433
53 240 7990
53 242 5244
54 56 819
54 58 1531
54 78 2929
54 79 4977
54 82 6337
54 92 4004
54 93 1177
54 94 2747
54 106 8627
54 115 7483
54 122 5122
54 123 7581
54 124 1271
54 125 4944
54 126 2288
54 128 4695
54 134 2977
54 147 7195
54 148 5766
54 149 9181
54 162 1907
54 165 3677
54 168 7817
54 174 5320
54 185 3845
54 188 764
54 190 6700
54 199 1768
54 208 520
54 216 804
54 217 8700
54 218 5724
54 219 468
54 231 7851
54 232 4096
54 236 1891
54 239 878
54 241 1354
54 243 489
55 59 9406
55 62 2010
55 63 5372
55 65 9564
55 72 1147
55 74 7717
55 81 1911
55 83 1819
55 90 8311
55 92 247
55 93 7767
55 99 6735
55 106 3543
55 108 1790
55 110 6725
55 111 5070
55 113 8802
55 122 3161
55 124 8226
55 126 5804
55 127 7779
55 132 6832
55 138 3447
55 141 4220
55 142 2464
55 148 6887
55 151 3626
55 152 4647
55 156 3927
55 157 3551
55 161 9839
55 174 7344
55 176 903
55 177 7787
55 185 1307
55 203 8978
55 205 6600
55 212 3921
55 220 8576
55 236 6770
55 241 3309
55 243 40
56 57 3325
56 60 7914
56 62 828
56 65 3163
56 69 7861
56 73 4917
56 88 7551
56 92 372
56 93 677
56 97 2058
56 98 8622
56 102 4226
56 111 2590
56 121 8103
56 123 8507
56 125 2
56 126 819
56 128 2922
56 135 7407
56 142 1571
56 146 2255
56 147 2981
56 155 777
56 157 7078
56 168 5748
56 169 3588
56 170 3400
56 171 7405
56 172 7221
56 182 6939
56 184 5740
56 188 878
56 196 1315
56 199 7237
56 205 9321
56 206 9294
56 207 8780
56 213 2300
56 214 9566
56 217 5901
56 223 7629
56 227 9546
56 231 6840
56 232 8737
56 235 3168
56 238 3504
57 61 1754
57 66 7971
57 73 979
57 74 6056
57 78 4277
57 81 1205
57 82 281
57 89 2000
57 92 3172
57 97 159
57 98 8490
57 100 8969
57 107 6501
57 110 4599
57 114 7477
57 122 534
57 124 3206
57 133 3270
57 134 5487
57 140 501
57 143 7763
57 148 1298
57 152 7969
57 156 3217
57 165 8840
57 167 7919
57 170 888
57 174 9929
57 175 6386
57 178 879
57 183 5531
57 185 8073
57 189 5996
57 193 6872
57 194 2354
57 196 7495
57 201 7511
57 205 9675
57 208 5750
57 209 531
57 213 1446
57 221 2341
57 225 8574
57 230 2068
57 238 6600
58 59 3211
58 64 9445
58 70 4017
58 75 7341
58 81 4332
58 86 496
58 87 4722
58 91 8879
58 93 5497
58 97 2358
58 98 5580
58 99 5717
58 101 3281
58 107 4719
58 110 9794
58 112 3881
58 114 6286
58 121 1876
58 122 7642
58 123 4459
58 129 1652
58 137 7110
58 141 7166
58 143 9528
58 152 1984
58 153 1930
58 156 3651
58 160 9445
58 161 4937
58 162 4457
58 164 617
58 165 1695
58 170 7981
58 172 5121
58 179 3356
58 181 119
58 191 7335
58 193 9529
58 199 2918
58 204 2381
58 208 8016
58 213 5361
58 214 4735
58 217 3841
58 221 2296
58 222 5102
58 223 8753
58 224 7461
58 228 2614
58 238 1841
58 240 3264
59 64 1582
59 68 6469
59 71 3993
59 77 1244
59 85 9070
59 87 4203
59 89 4519
59 105 4830
59 107 8361
59 109 2601
59 114 9571
59 118 8407
59 122 9813
59 128 2492
59 129 3928
59 136 7278
59 140 6318
59 142 2101
59 144 9392
59 160 3965
59 169 6282
59 172 1821
59 176 8411
59 183 1604
59 185 6743
59 186 8358
59 191 8225
59 200 1969
59 207 3621
59 213 4762
59 217 3799
59 220 6476
59 227 7946
59 233 1125
59 239 6707
59 240 9660
60 61 6981
60 63 4252
60 64 9125
60 66 7573
60 68 4239
60 70 4822
60 71 2383
60 74 8042
60 77 6145
60 78 6359
60 79 7758
60 80 3700
60 85 9129
60 99 6988
60 107 6007
60 109 7131
60 111 748
60 117 6027
60 124 5064
60 126 1608
60 128 5004
60 129 3376
60 135 3008
60 139 1379
60 142 2043
60 155 5424
60 156 7755
60 159 2772
60 161 4705
60 165 3334
60 166 3408
60 167 6233
60 169 9875
60 171 7583
60 174 5409
60 175 2061
60 181 4446
60 183 4683
60 187 6776
60 191 647
60 192 3277
60 201 6837
60 202 695
60 205 8894
60 206 1831
60 207 5724
60 213 6090
60 214 5981
60 222 6673
60 223 5140
61 62 7079
61 63 4698
61 68 6101
61 71 5991
61 74 7968
61 76 7998
61 77 1450
61 80 3546
61 82 529
61 84 4886
61 85 600
61 86 788
61 88 4216
61 90 3613
61 101 8962
61 102 4427
61 104 2555
61 114 3169
61 119 8079
61 126 7828
61 127 6283
61 129 4165
61 132 7451
61 138 6129
61 145 8866
61 146 2693
61 147 3991
61 149 5557
61 155 8020
61 157 2558
61 158 1533
61 159 2437
61 160 543
61 162 8720
61 163 377
61 164 154
61 167 4529
61 168 7097
61 170 7894
61 174 1420
61 178 9745
61 182 4586
61 188 306
61 190 8367
61 191 1543
61 197 8660
61 198 6794
61 201 620
61 202 3728
61 203 5408
61 204 5027
61 207 9202
61 208 3039
61 213 180
61 214 7791
61 219 676
61 220 98
61 221 4845
61 222 4459
61 224 9873
61 227 1476
61 231 5415
61 242 1667
62 64 6976
62 65 8915
62 69 6482
62 70 7352
62 72 7225
62 76 5609
62 80 833
62 85 7399
62 87 2436
62 93 9325
62 99 7317
62 101 73
62 102 328
62 103 8765
62 109 9244
62 118 607
62 126 4476
62 131 5379
62 134 9069
62 138 1888
62 140 2648
62 143 8
62 157 1351
62 166 5247
62 168 8219
62 170 685
62 185 6097
62 188 3100
62 193 7248
62 194 5339
62 197 3346
62 202 5483
62 204 9532
62 211 3247
62 215 2526
62 224 9176
62 229 8539
62 230 906
62 239 9585
62 240 1516
62 242 6553
63 69 3868
63 71 5477
63 87 9350
63 91 3827
63 99 9661
63 104 4348
63 107 9230
63 109 9647
63 111 4347
63 113 3787
63 114 1247
63 116 3257
63 117 3946
63 121 5013
63 129 9745
63 130 1656
63 133 4533
63 134 2444
63 135 3088
63 139 6392
63 140 6513
63 142 83
63 150 2767
63 153 8696
63 156 4214
63 165 6541
63 166 5257
63 169 4239
63 173 1943
63 200 2421
63 202 7399
63 204 4744
63 205 7092
63 207 8694
63 208 6032
63 210 2378
63 211 1721
63 212 6446
63 214 6854
63 219 4505
63 220 1782
63 223 7955
63 226 1473
63 230 2983
63 232 4987
63 236 4650
63 241 3938
64 67 35
64 83 5839
64 84 2179
64 85 4890
64 90 7472
64 92 7406
64 93 3163
64 94 6217
64 95 589
64 103 6948
64 104 7689
64 105 4835
64 115 1556
64 117 8221
64 122 2242
64 123 1380
64 130 9512
64 131 6918
64 138 5368
64 140 1014
64 141 3451
64 146 8784
64 148 7815
64 154 181
64 156 3577
64 160 2614
64 161 7509
64 162 6533
64 175 3165
64 176 3738
64 185 4899
64 192 8845
64 194 4260
64 195 5094
64 200 8789
64 203 1364
64 206 3290
64 211 7080
64 213 4267
64 214 3240
64 216 7622
64 217 1464
64 225 1307
64 232 2710
64 236 7396
64 240 8216
64 242 3729
65 66 9491
65 69 6727
65 70 2694
65 75 2618
65 78 869
65 86 7610
65 89 7456
65 100 4645
65 103 8643
65 108 2046
65 111 5997
65 113 6651
65 116 3912
65 117 2438
65 119 8441
65 121 384
65 127 4908
65 128 832
65 133 4591
65 140 7771
65 142 1326
65 145 6741
65 147 9877
65 149 9092
65 151 2449
65 152 5654
65 157 821
65 165 7001
65 169 8890
65 176 2018
65 179 5373
65 182 7519
65 183 2441
65 190 3249
65 199 4522
65 203 4181
65 205 1581
65 206 6997
65 209 3143
65 210 2667
65 215 1853
65 218 5439
65 220 7662
65 221 6831
65 226 9895
65 231 7412
65 233 1513
65 235 1987
65 243 2632
66 67 3789
66 68 2466
66 70 497
66 81 3603
66 85 3242
66 86 4241
66 92 2924
66 96 3149
66 112 6807
66 117 5844
66 121 2423
66 123 9292
66 126 1064
66 129 2205
66 132 1129
66 146 9212
66 149 6886
66 160 7734
66 163 9487
66 173 8879
66 178 7459
66 180 2071
66 182 609
66 191 8251
66 192 2234
66 193 3890
66 196 9507
66 199 2606
66 202 8501
66 203 9862
66 210 3302
66 212 6112
66 213 2660
66 215 4542
66 221 4433
66 225 6737
66 226 132
66 227 7143
66 228 8771
66 233 9696
66 238 6715
66 243 3543
67 70 2436
67 73 1745
67 81 1825
67 89 5377
67 98 667
67 116 1437
67 117 7110
67 122 1452
67 124 1251
67 125 3045
67 126 3663
67 130 5498
67 135 9527
67 143 7929
67 145 1690
67 155 2143
67 156 8171
67 159 9450
67 168 7269
67 180 5294
67 182 3643
67 187 2478
67 189 9384
67 190 5204
67 192 5525
67 194 7798
67 195 4476
67 203 9416
67 204 439
67 208 1890
67 210 9760
67 216 5467
67 219 8006
67 220 1020
67 223 4081
67 224 4227
67 228 1086
67 232 7030
67 242 5493
67 243 4699
68 71 4515
68 73 7897
68 81 8175
68 86 7809
68 87 2348
68 90 3179
68 91 8098
68 92 4796
68 101 3416
68 110 2073
68 111 4950
68 113 543
68 139 3921
68 148 1581
68 154 3130
68 158 4549
68 161 1646
68 166 5850
68 168 4191
68 169 5320
68 177 1461
68 181 3812
68 184 6872
68 185 3188
68 186 1656
68 188 1648
68 190 5742
68 191 1295
68 192 1664
68 193 7445
68 197 2410
68 202 8817
68 204 5294
68 218 7613
68 221 3681
68 230 1295
68 233 1553
68 237 3072
69 74 7811
69 80 2361
69 85 827
69 87 7825
69 92 1834
69 96 254
69 105 2980
69 121 3872
69 122 8070
69 123 8639
69 133 6722
69 137 5655
69 140 5269
69 142 908
69 145 5791
69 146 2103
69 149 2464
69 157 5107
69 158 5862
69 165 2566
69 168 9295
69 169 6544
69 174 4384
69 178 7824
69 185 7296
69 189 3533
69 198 9060
69 200 2912
69 201 2544
69 212 8933
69 218 4962
69 219 4875
69 223 6264
69 224 2674
69 225 7647
69 226 8428
69 233 5124
69 236 3535
70 76 5175
70 80 888
70 83 5077
70 87 9001
70 98 9937
70 106 5046
70 107 6192
70 110 4023
70 116 7500
70 117 624
70 125 449
70 126 5638
70 127 5035
70 129 4815
70 135 4014
70 136 8061
70 141 8735
70 142 347
70 144 8848
70 151 9184
70 155 4928
70 160 5454
70 162 9159
70 166 8697
70 167 2292
70 173 5466
70 174 8516
70 176 4028
70 179 8944
70 186 6868
70 188 5931
70 189 6449
70 191 2877
70 195 2025
70 196 1919
70 198 1018
70 199 1514
70 205 5277
70 207 2944
70 209 9252
70 213 4713
70 214 6574
70 218 5959
70 226 279
70 230 5626
70 239 1590
70 240 9329
70 242 8254
71 75 6392
71 80 9101
71 83 8638
71 87 3983
71 89 4893
71 94 5304
71 99 9091
71 100 250
71 103 1715
71 104 6456
71 110 6005
71 113 6454
71 115 1362
71 118 2577
71 125 1870
71 133 7917
71 134 9089
71 137 5148
71 142 3566
71 143 5399
71 151 9834
71 157 3658
71 162 4807
71 165 8860
71 167 6815
71 171 8450
71 174 433
71 175 3376
71 180 6739
71 184 6766
71 185 7064
71 195 833
71 202 9621
71 203 3259
71 204 6981
71 205 8251
71 206 15
71 211 9825
71 234 1507
72 76 4040
72 89 6586
72 92 1111
72 93 594
72 101 8422
72 107 2838
72 109 2468
72 115 989
72 122 845
72 123 5427
72 128 6922
72 132 61
72 138 9976
72 141 2091
72 142 4278
72 149 3613
72 152 8346
72 154 6489
72 157 4479
72 159 7497
72 163 3162
72 166 9161
72 169 9696
72 175 378
72 178 7021
72 187 4355
72 193 9686
72 195 6467
72 198 6241
72 202 3466
72 205 8108
72 211 8167
72 214 3968
72 216 4277
72 220 2239
72 223 3320
72 225 4275
72 226 5417
72 230 3940
72 234 9359
72 242 365
72 243 2332
73 79 6376
73 82 6980
73 84 7122
73 86 8914
73 88 3284
73 90 9786
73 92 6190
73 94 255
73 96 6818
73 102 1847
73 103 870
73 106 7834
73 111 6535
73 112 5795
73 118 6399
73 124 7849
73 132 5506
73 133 3583
73 134 8289
73 144 2636
73 145 5872
73 154 5922
73 155 1504
73 164 7357
73 166 6555
73 167 3046
73 170 1491
73 171 2515
73 172 2749
73 175 7225
73 176 8877
73 180 394
73 183 1814
73 185 2182
73 186 2306
73 192 4863
73 196 7596
73 199 3635
73 200 5660
73 201 4739
73 202 2310
73 208 7041
73 210 5386
73 217 9557
73 218 7137
73 224 1388
73 227 5595
73 228 3811
73 232 970
73 233 4224
73 234 667
73 236 5032
73 239 1405
73 242 8321
74 75 1078
74 76 7021
74 82 4181
74 86 106
74 94 3769
74 96 8680
74 97 4435
74 99 1696
74 103 9525
74 107 6191
74 110 4863
74 115 3467
74 118 12
74 119 2511
74 122 535
74 128 8056
74 129 3376
74 137 2034
74 141 2216
74 142 2250
74 144 2687
74 149 1111
74 152 91
74 154 4837
74 157 2750
74 158 4861
74 160 3635
74 161 6460
74 162 4622
74 167 2250
74 168 1168
74 173 2693
74 177 9362
74 178 951
74 179 8766
74 185 8322
74 189 8133
74 191 9443
74 192 2646
74 194 4619
74 196 601
74 197 6708
74 202 1762
74 205 3773
74 211 1616
74 216 6196
74 219 8505
74 225 5318
74 226 6223
74 230 5231
74 238 2260
74 241 8208
74 243 9476
75 76 7747
75 78 191
75 79 9027
75 85 8789
75 94 4959
75 95 8235
75 100 7043
75 101 2338
75 102 6051
75 105 377
75 109 7890
75 111 9176
75 112 4397
75 115 9902
75 122 1067
75 124 5777
75 127 4085
75 134 9712
75 147 9290
75 159 7081
75 160 8639
75 170 7047
75 174 6113
75 177 3903
75 179 8607
75 180 4934
75 183 7695
75 184 9545
75 188 2976
75 194 6032
75 197 4501
75 202 9847
75 205 7347
75 207 7277
75 209 9609
75 210 7290
75 214 7889
75 215 9145
75 231 7332
75 237 1433
75 240 4798
75 241 1313
75 242 7676
76 80 8323
76 85 7189
76 87 2978
76 90 6949
76 99 7547
76 103 4426
76 107 1353
76 113 1003
76 122 7283
76 128 4228
76 129 2112
76 130 2975
76 135 9842
76 142 8449
76 144 7451
76 152 966
76 155 6922
76 156 4386
76 162 828
76 170 6986
76 171 4777
76 174 9489
76 180 9422
76 182 5828
76 183 9703
76 190 1635
76 191 2577
76 197 5180
76 203 4247
76 209 9385
76 216 7246
76 229 6201
76 230 928
76 234 9299
76 236 3762
76 238 9622
76 239 4521
77 86 3631
77 87 4085
77 91 7395
77 100 4357
77 101 6422
77 103 1121
77 111 4895
77 112 1852
77 113 5085
77 117 1573
77 118 213
77 122 3663
77 126 5223
77 128 243
77 131 1567
77 139 5847
77 140 455
77 147 7279
77 154 7335
77 155 8642
77 156 865
77 161 3654
77 168 5712
77 171 7601
77 172 4290
77 176 1285
77 177 1809
77 179 8044
77 181 8774
77 182 5780
77 187 4097
77 192 7785
77 199 3997
77 204 1498
77 205 5441
77 213 9722
77 222 9666
77 226 5671
77 227 4039
77 230 9871
77 238 576
77 239 8925
77 243 7359
78 80 7426
78 82 6131
78 86 1482
78 87 3533
78 92 63
78 96 702
78 106 3524
78 108 2262
78 109 5248
78 114 5321
78 115 8998
78 120 9727
78 122 6455
78 130 7458
78 132 4258
78 135 8701
78 136 9603
78 138 2136
78 145 5701
78 146 4609
78 147 5704
78 151 5871
78 153 7242
78 154 1540
78 159 1309
78 161 8385
78 169 4112
78 173 8695
78 175 9755
78 176 3285
78 181 6298
78 186 2455
78 187 6457
78 188 1598
78 192 551
78 215 2839
78 217 8454
78 218 6674
78 219 4335
78 221 5948
78 233 8574
78 235 3418
78 237 9447
78 238 3280
78 241 9372
79 81 5772
79 84 9866
79 86 7260
79 93 5610
79 101 8998
79 102 1343
79 103 4501
79 121 1647
79 128 4307
79 130 5079
79 136 8451
79 138 3957
79 146 6615
79 149 8991
79 163 438
79 166 7410
79 168 3025
79 173 5043
79 178 8760
79 180 8355
79 201 6694
79 209 9406
79 210 2876
79 211 3950
79 212 4267
79 216 8286
79 219 1777
79 231 804
79 233 540
80 84 4367
80 97 8705
80 98 5796
80 99 5483
80 112 3971
80 115 8924
80 118 8648
80 121 3876
80 126 8413
80 127 9225
80 131 9389
80 133 2357
80 141 5837
80 142 818
80 144 7663
80 145 5895
80 152 4465
80 160 6203
80 162 9457
80 166 4173
80 170 4788
80 172 9595
80 174 1871
80 175 6578
80 177 307
80 178 4419
80 179 1777
80 181 1989
80 184 5934
80 187 2693
80 188 4884
80 205 7178
80 208 827
80 226 5378
80 227 9426
80 229 6370
80 239 9308
80 243 642
81 82 2721
81 83 2807
81 85 1877
81 89 6709
81 93 7254
81 98 4183
81 105 1945
81 106 3882
81 107 2128
81 110 2692
81 111 2880
81 116 1162
81 117 3168
81 120 1622
81 122 8400
81 137 3476
81 142 4723
81 152 3695
81 155 8225
81 157 5053
81 160 5301
81 163 7742
81 165 9238
81 166 6367
81 168 1695
81 172 7894
81 181 5891
81 182 4061
81 183 741
81 193 5699
81 209 6777
81 210 5258
81 211 8124
81 214 7426
81 216 4730
81 220 2661
81 225 7117
81 227 3631
81 229 6829
81 230 6413
81 233 9757
81 234 5885
81 239 2547
81 241 1516
81 243 7583
82 83 3890
82 86 3907
82 88 355
82 94 9808
82 97 9068
82 98 1743
82 101 8909
82 106 7517
82 108 4989
82 110 2114
82 125 2362
82 129 9299
82 130 2737
82 133 6017
82 134 7280
82 138 982
82 140 9362
82 142 7023
82 145 9623
82 163 3510
82 164 4249
82 165 2605
82 170 144
82 171 3214
82 174 1079
82 178 4977
82 184 4940
82 186 5930
82 187 9950
82 188 470
82 190 6632
82 193 7815
82 194 2637
82 196 3975
82 199 6682
82 203 6418
82 211 3701
82 213 5246
82 214 2741
82 221 3479
82 224 7129
82 231 3509
82 232 7407
82 237 7167
82 242 6080
82 243 3774
83 88 5
83 89 3276
83 95 3196
83 100 2549
83 102 101
83 105 5782
83 111 103
83 116 5326
83 117 5148
83 119 2060
83 125 7441
83 128 8282
83 130 6637
83 132 9260
83 137 4398
83 140 1300
83 142 5353
83 146 8764
83 148 9378
83 151 692
83 157 8151
83 158 2101
83 164 4798
83 166 9057
83 175 7334
83 176 2108
83 177 5659
83 181 6781
83 191 7596
83 193 8383
83 200 8948
83 203 5449
83 205 8952
83 210 128
83 211 9217
83 215 3787
83 216 4214
83 218 9602
83 221 5541
83 223 5290
83 231 1488
83 235 4493
83 243 7940
84 85 8839
84 90 7890
84 91 956
84 93 5089
84 94 5110
84 95 6816
84 96 9827
84 98 6154
84 102 329
84 104 9201
84 105 4004
84 120 3949
84 132 4519
84 133 3242
84 134 9795
84 136 5770
84 145 4544
84 151 7417
84 158 9936
84 162 6061
84 168 9162
84 174 7788
84 176 4615
84 179 6801
84 181 9335
84 184 4016
84 190 3622
84 199 6272
84 201 4123
84 210 6913
84 212 9610
84 216 7851
84 221 980
84 222 9378
84 223 6514
84 231 3990
84 236 2208
85 86 5274
85 92 5106
85 95 2818
85 97 7617
85 103 4670
85 107 6985
85 109 3090
85 110 7593
85 119 9262
85 126 658
85 128 1717
85 131 3955
85 132 820
85 134 6763
85 139 9674
85 143 6122
85 145 9081
85 147 7485
85 151 485
85 153 1061
85 155 896
85 156 787
85 158 6089
85 164 8020
85 171 4594
85 172 9178
85 173 3150
85 174 5939
85 178 3685
85 189 1678
85 190 3994
85 192 3669
85 197 981
85 207 9914
85 208 4744
85 210 4481
85 214 6217
85 218 6836
85 219 285
85 226 4289
85 232 6406
85 235 8557
85 236 1867
85 243 1895
86 92 4026
86 93 8134
86 97 3045
86 103 5167
86 104 2938
86 109 3595
86 113 1001
86 116 1667
86 118 4436
86 119 805
86 122 9929
86 123 2754
86 126 3104
86 133 4508
86 134 718
86 140 4442
86 143 378
86 148 9402
86 157 5509
86 172 7774
86 175 1716
86 179 4403
86 180 295
86 182 3291
86 183 1708
86 184 9215
86 186 7946
86 187 5321
86 196 7380
86 201 3771
86 203 54
86 209 6340
86 211 8199
86 212 7989
86 220 6780
86 228 7472
86 230 2412
86 233 7144
86 238 5413
86 240 6165
86 243 9386
87 88 9944
87 90 2921
87 96 2951
87 104 8221
87 106 7635
87 107 8995
87 126 3113
87 130 5331
87 132 8249
87 134 3687
87 137 8665
87 140 2197
87 143 6337
87 146 680
87 154 8873
87 155 280
87 158 8218
87 160 3804
87 161 8177
87 166 7106
87 167 4628
87 169 5403
87 174 5255
87 182 9645
87 183 4025
87 184 2585
87 193 7754
87 202 2024
87 204 5908
87 206 9953
87 208 1167
87 210 8768
87 222 403
87 223 2790
87 225 100
87 227 8304
87 231 3949
87 243 6004
88 90 5099
88 91 7848
88 92 3892
88 117 1452
88 121 793
88 124 1826
88 130 955
88 140 1392
88 145 2229
88 150 4661
88 151 1935
88 153 6313
88 156 2954
88 162 1194
88 168 4063
88 170 5668
88 176 4063
88 178 6462
88 180 3005
88 187 3906
88 194 1901
88 207 8520
88 208 4450
88 210 7416
88 211 564
88 214 1168
88 217 8332
88 218 4928
88 220 5415
88 224 4314
88 225 3685
88 227 5420
88 233 3393
88 243 8026
89 94 4477
89 99 9619
89 101 227
89 102 8016
89 115 4363
89 129 4382
89 132 2764
89 144 7322
89 150 3955
89 151 3413
89 153 4499
89 154 9399
89 162 3568
89 165 9988
89 168 2110
89 172 6912
89 173 2361
89 179 6395
89 181 5102
89 182 1271
89 185 8677
89 198 9900
89 208 6502
89 211 6198
89 212 9163
89 215 943
89 220 9235
89 225 1381
89 227 4710
89 229 9097
89 239 409
90 91 5947
90 92 8515
90 99 7092
90 100 7114
90 101 6118
90 103 176
90 108 3852
90 117 9032
90 118 3452
90 119 3150
90 130 7675
90 136 183
90 138 1998
90 144 6446
90 145 5806
90 146 6384
90 147 2471
90 153 9491
90 157 43
90 159 1070
90 160 1001
90 161 5733
90 166 537
90 169 9717
90 170 1970
90 176 5124
90 183 2308
90 195 3162
90 196 4951
90 200 8225
90 204 1805
90 205 9314
90 207 7238
90 209 7416
90 228 73
90 231 2109
90 232 6145
90 234 8182
90 237 3177
90 238 9825
90 240 8907
90 243 9902
91 93 4339
91 97 5270
91 98 5709
91 100 2167
91 101 2308
91 105 7617
91 107 6403
91 114 4320
91 118 7453
91 120 1277
91 127 3861
91 138 2346
91 144 452
91 146 6833
91 147 2633
91 148 1098
91 150 7886
91 155 6650
91 156 6471
91 160 3455
91 162 1865
91 166 6626
91 174 2476
91 175 7259
91 177 8423
91 178 2375
91 180 4776
91 182 7741
91 184 9836
91 192 4481
91 194 8373
91 197 8798
91 200 5935
91 204 5912
91 217 4843
91 218 712
91 225 9828
91 241 9823
92 93 7056
92 104 3971
92 109 9846
92 110 17
92 114 6543
92 115 6923
92 116 68
92 119 4292
92 120 7938
92 121 8159
92 125 9747
92 128 4542
92 131 1848
92 133 4015
92 136 3594
92 142 6142
92 156 8083
92 157 2440
92 158 5368
92 159 6866
92 164 3990
92 165 9325
92 170 3411
92 172 1632
92 173 962
92 178 9488
92 184 8228
92 187 3275
92 191 5078
92 198 4673
92 202 7276
92 207 4068
92 212 7407
92 214 1791
92 216 7316
92 217 698
92 220 1847
92 221 4819
92 222 1379
92 223 9181
92 226 7069
92 228 6672
92 229 4127
92 231 2973
92 236 3424
92 237 1564
92 238 4458
92 241 3306
93 95 4565
93 99 7590
93 102 3124
93 107 6160
93 108 8929
93 114 5030
93 117 691
93 131 4512
93 139 6427
93 140 4012
93 149 9484
93 162 8506
93 165 8767
93 168 4496
93 173 9625
93 175 1588
93 177 9047
93 180 9712
93 191 4410
93 192 7151
93 196 143
93 197 2261
93 223 4658
93 224 6450
93 225 2480
93 232 273
93 240 8776
93 242 5997
93 243 5971
94 103 1931
94 108 3614
94 122 2367
94 123 8981
94 133 5117
94 134 1554
94 141 7119
94 147 6050
94 150 9910
94 152 6298
94 158 9511
94 160 3966
94 162 1777
94 167 2310
94 169 2141
94 174 3893
94 181 6113
94 183 504
94 184 4426
94 194 2760
94 212 7231
94 215 2407
94 217 8924
94 220 510
94 224 5492
94 225 365
94 229 2483
94 234 3764
94 236 1673
94 238 1232
94 239 6218
94 242 9847
94 243 8717
95 99 8050
95 101 6992
95 105 5709
95 108 9331
95 112 9029
95 117 2868
95 122 4257
95 125 4403
95 126 1867
95 134 9077
95 137 3768
95 138 5122
95 139 4542
95 141 6376
95 144 5707
95 150 4977
95 154 7384
95 156 3004
95 157 5903
95 160 4139
95 165 3047
95 166 7027
95 167 4251
95 170 1034
95 171 7556
95 178 8049
95 181 6876
95 185 5087
95 190 3115
95 191 6512
95 195 5631
95 203 6650
95 206 6068
95 207 3527
95 219 1029
95 223 7481
95 228 7519
95 229 2596
96 100 2874
96 106 6948
96 107 4695
96 109 3162
96 112 5591
96 119 6300
96 126 3107
96 129 1101
96 130 403
96 142 9202
96 147 4649
96 149 2528
96 150 5314
96 152 9855
96 155 7816
96 156 4552
96 157 8985
96 159 6817
96 161 7451
96 168 8484
96 171 6413
96 172 6223
96 178 6796
96 188 8586
96 190 6779
96 191 2344
96 196 2707
96 197 8087
96 198 9112
96 205 1810
96 213 4506
96 215 4438
96 227 4865
96 233 5189
96 237 7735
96 242 6663
97 103 4508
97 115 7042
97 119 8189
97 120 2802
97 122 3511
97 124 4676
97 125 5348
97 126 2665
97 127 2183
97 131 9656
97 133 4485
97 138 2822
97 143 3644
97 149 9364
97 151 9643
97 154 1194
97 158 1524
97 159 6187
97 162 4614
97 166 3771
97 170 5266
97 175 3395
97 179 5713
97 185 1923
97 192 6020
97 201 7446
97 203 561
97 204 5725
97 207 6338
97 209 2744
97 210 4931
97 213 1935
97 215 1493
97 216 6787
97 219 3662
97 220 4519
97 233 8319
97 234 3982
97 239 6975
98 108 9627
98 112 5533
98 113 5886
98 115 1536
98 117 7510
98 118 7939
98 120 321
98 132 8214
98 133 7000
98 134 9899
98 135 538
98 137 8614
98 145 5965
98 146 6832
98 154 244
98 155 3921
98 156 3437
98 159 645
98 161 3993
98 174 3591
98 182 4361
98 186 1969
98 190 4256
98 199 7847
98 201 1485
98 202 3276
98 205 6713
98 207 4139
98 209 7545
98 213 8531
98 217 7904
98 218 4429
98 220 9291
98 223 514
98 224 9937
98 236 3683
98 239 8809
98 240 6410
98 243 7838
99 108 1065
99 112 4277
99 114 7431
99 133 2526
99 135 883
99 142 1972
99 151 85
99 153 829
99 161 541
99 170 1534
99 172 1849
99 176 5263
99 178 5614
99 181 5808
99 188 5201
99 195 3987
99 204 3816
99 206 8596
99 214 5091
99 217 619
99 219 7783
99 220 1363
99 225 5094
99 229 6481
99 238 4084
99 242 7240
99 243 1910
100 115 8200
100 122 229
100 123 5224
100 128 2054
100 135 9400
100 138 3746
100 139 1276
100 144 523
100 157 8019
100 162 2959
100 163 6124
100 164 8683
100 165 7655
100 168 6913
100 171 9036
100 174 3983
100 178 7448
100 182 9426
100 188 9788
100 189 6283
100 192 3802
100 202 3219
100 203 4979
100 204 5586
100 205 5264
100 216 8822
100 217 6019
100 221 1107
100 222 947
100 224 9049
100 225 1335
100 226 6926
100 231 1899
100 237 330
100 241 6422
101 107 8715
101 111 138
101 112 9273
101 115 2401
101 116 5040
101 117 8514
101 120 3521
101 121 6592
101 125 6902
101 129 3688
101 131 821
101 137 188
101 140 634
101 143 9844
101 148 3121
101 152 8910
101 158 1070
101 160 7095
101 161 7837
101 175 2441
101 178 4681
101 180 206
101 182 823
101 184 5393
101 185 4655
101 197 2198
101 198 3843
101 199 4556
101 201 8699
101 206 2930
101 207 7955
101 211 6762
101 212 8062
101 217 9656
101 221 7961
101 223 6721
101 230 9929
101 236 2855
101 237 3446
102 106 2768
102 107 1367
102 112 4755
102 113 687
102 116 701
102 117 9837
102 123 5261
102 130 2472
102 137 5377
102 138 2996
102 139 7293
102 142 7120
102 148 1951
102 151 3649
102 154 442
102 156 4405
102 161 3991
102 165 8956
102 168 139
102 169 7665
102 170 5652
102 174 4747
102 175 5235
102 179 5285
102 181 6133
102 184 5816
102 188 998
102 192 2397
102 193 3932
102 197 7852
102 203 9303
102 204 6916
102 209 6776
102 222 1231
102 230 246
102 237 4328
103 113 2218
103 116 6636
103 117 5153
103 118 5646
103 125 4597
103 127 6380
103 128 5838
103 132 8460
103 133 8664
103 138 7643
103 147 179
103 148 3089
103 151 2815
103 155 2148
103 162 6981
103 169 5438
103 177 5319
103 186 9369
103 190 4080
103 192 9315
103 199 1624
103 201 6317
103 202 2117
103 206 6254
103 207 5050
103 210 5731
103 216 4019
103 226 6549
103 228 7580
103 230 6082
103 231 8486
103 234 8211
103 239 9719
104 106 2094
104 109 5776
104 110 3679
104 122 7681
104 123 1436
104 124 2466
104 130 1880
104 135 3730
104 138 2561
104 139 6128
104 141 2901
104 148 934
104 153 1004
104 155 9252
104 160 3487
104 170 9680
104 172 2665
104 182 1075
104 191 1984
104 193 3697
104 197 5364
104 198 8185
104 210 497
104 211 1999
104 214 1280
104 216 3054
104 222 1814
104 223 8272
104 228 2736
104 236 815
105 106 2448
105 108 8353
105 114 9360
105 119 6178
105 124 8268
105 140 2693
105 141 3839
105 145 3697
105 146 9629
105 147 95
105 152 9124
105 154 4513
105 156 2449
105 159 6748
105 164 3949
105 169 2218
105 171 3140
105 180 5889
105 185 6486
105 201 4644
105 208 2260
105 210 6613
105 213 303
105 218 8693
105 224 6613
105 225 4642
105 234 4694
105 237 9858
105 238 3377
106 109 3785
106 113 6249
106 114 5239
106 123 8370
106 125 6275
106 141 4072
106 147 5852
106 149 748
106 152 520
106 164 6992
106 167 6458
106 168 7000
106 173 6200
106 174 2367
106 178 9235
106 179 1635
106 184 3388
106 185 2466
106 189 3036
106 191 1034
106 197 9518
106 199 4444
106 202 8325
106 203 9730
106 205 2566
106 209 2310
106 215 8649
106 218 570
106 220 6826
106 221 7026
106 224 3995
106 225 268
106 227 8189
106 230 7849
106 233 5171
106 240 7406
106 241 3029
107 111 4214
107 113 260
107 115 3394
107 118 3659
107 124 5013
107 126 5439
107 129 6364
107 145 3662
107 147 6493
107 151 179
107 152 7950
107 153 7957
107 158 397
107 159 8114
107 164 7877
107 170 7553
107 175 6270
107 182 5925
107 186 9022
107 187 282
107 190 5552
107 192 9731
107 193 487
107 197 76
107 199 6555
107 205 3187
107 206 994
107 208 895
107 210 4679
107 216 6514
107 219 6224
107 220 5261
107 224 4839
107 226 8940
107 227 5841
107 230 8415
107 237 3336
108 109 1364
108 122 4973
108 126 4637
108 127 3973
108 137 4002
108 138 2936
108 140 831
108 142 5566
108 144 640
108 150 8629
108 163 2891
108 164 9087
108 167 2824
108 174 4637
108 176 1004
108 187 6905
108 188 333
108 189 2212
108 197 6517
108 200 2210
108 203 6307
108 207 9046
108 212 5476
108 215 7318
108 219 6207
108 223 1282
108 227 6446
108 235 6349
108 238 5930
109 117 7991
109 124 4832
109 138 6487
109 140 2705
109 141 3948
109 142 5142
109 144 2950
109 146 7060
109 147 8324
109 153 6996
109 157 424
109 160 2525
109 167 365
109 171 9409
109 173 2484
109 174 6403
109 177 570
109 179 4093
109 180 80
109 186 2273
109 188 217
109 191 4313
109 203 3970
109 209 3312
109 210 2219
109 213 3818
109 217 6636
109 218 8193
109 219 9570
109 221 7857
109 228 4707
109 231 5961
109 240 5769
109 242 8949
110 116 6193
110 118 9627
110 120 2430
110 123 7050
110 134 2276
110 138 5412
110 142 9039
110 145 904
110 147 5971
110 152 5213
110 153 8048
110 154 2139
110 156 2513
110 157 3714
110 170 4880
110 171 2904
110 184 4115
110 189 1939
110 193 6746
110 194 6452
110 197 5471
110 204 7644
110 205 9235
110 209 4511
110 211 4346
110 215 4851
110 216 9453
110 218 3
110 219 2738
110 222 9992
110 238 4942
111 114 9213
111 115 8242
111 116 3281
111 118 7195
111 128 4329
111 132 796
111 135 7738
111 136 2755
111 137 5362
111 138 816
111 139 6243
111 141 7149
111 154 1039
111 156 1067
111 162 1868
111 169 4667
111 172 1386
111 174 124
111 175 4888
111 178 6008
111 181 8417
111 185 6898
111 186 5155
111 192 1709
111 201 6963
111 202 1280
111 206 4506
111 207 6611
111 213 867
111 221 3895
111 222 328
111 227 1790
111 234 2248
111 236 1512
111 240 3939
112 113 4958
112 114 7053
112 116 6627
112 117 9085
112 122 2645
112 131 7440
112 132 5104
112 137 3276
112 141 7268
112 142 4342
112 157 8537
112 161 8084
112 163 9624
112 167 3666
112 168 4045
112 171 3400
112 172 5703
112 174 3062
112 175 4461
112 189 9395
112 194 3
112 197 6385
112 198 1332
112 202 858
112 206 7258
112 207 6893
112 208 6953
112 209 9987
112 214 90
112 225 9126
112 226 7893
112 227 5826
112 228 9776
112 235 6051
113 117 5584
113 119 6618
113 122 6027
113 125 6439
113 130 4526
113 137 2679
113 140 5917
113 146 7906
113 147 3903
113 151 7304
113 153 9952
113 154 1548
113 158 7606
113 161 4863
113 166 5377
113 178 839
113 180 1111
113 186 2360
113 196 6718
113 204 5976
113 208 6606
113 213 4067
113 214 9567
113 221 4390
113 224 920
113 226 9681
113 229 843
113 230 415
113 231 3940
113 237 7299
114 116 2741
114 124 3093
114 125 9055
114 131 2699
114 132 5306
114 137 8390
114 148 6246
114 151 5264
114 154 5135
114 155 6759
114 156 6596
114 170 300
114 171 7110
114 172 9438
114 175 938
114 177 8102
114 179 6571
114 187 8860
114 196 7973
114 200 7542
114 201 193
114 202 1080
114 210 9842
114 214 5428
114 215 4976
114 220 7747
114 225 6804
114 234 1202
114 235 9003
114 239 776
114 242 8123
115 116 8597
115 118 2492
115 123 929
115 125 935
115 131 1620
115 136 253
115 139 3776
115 147 4547
115 150 684
115 151 4305
115 158 2953
115 162 2185
115 170 8779
115 172 4778
115 181 7234
115 185 8446
115 188 7748
115 190 7010
115 194 2547
115 196 5126
115 199 8366
115 203 5794
115 205 5896
115 208 4009
115 211 3565
115 214 4149
115 216 5308
115 218 3412
115 220 1287
115 223 3023
115 228 1099
115 229 9498
115 233 9065
115 236 2814
115 241 9479
116 117 54
116 120 8126
116 122 3356
116 123 9576
116 126 8914
116 130 9447
116 133 5475
116 134 5177
116 145 4772
116 146 4594
116 155 1012
116 161 9100
116 162 5947
116 179 6641
116 181 6979
116 182 674
116 183 1148
116 186 4200
116 187 5581
116 188 822
116 198 1158
116 202 3061
116 204 2594
116 211 5082
116 213 1209
116 219 9193
116 222 8297
116 234 7562
116 237 9423
116 243 7550
117 119 804
117 129 3490
117 138 6674
117 144 8867
117 151 8824
117 153 5560
117 154 9716
117 157 6168
117 159 2407
117 161 6921
117 164 5529
117 168 8248
117 171 2420
117 172 6697
117 174 9163
117 177 7445
117 178 9274
117 184 4034
117 185 6673
117 190 4348
117 192 3765
117 202 5204
117 206 3699
117 211 7404
117 213 9724
117 217 655
117 220 6422
117 224 6501
117 225 8917
117 228 4731
117 229 3551
117 237 2276
117 240 429
117 242 7098
117 243 9380
118 119 8809
118 120 7222
118 122 2999
118 124 5395
118 128 838
118 130 273
118 136 5147
118 140 3925
118 141 9538
118 144 5950
118 146 8151
118 150 2399
118 151 5502
118 152 4493
118 154 1642
118 158 6500
118 163 7442
118 169 6134
118 173 7939
118 174 7587
118 179 5491
118 181 8477
118 185 3082
118 188 906
118 190 4931
118 194 7229
118 195 3132
118 196 7787
118 199 4371
118 205 6343
118 206 1985
118 207 6410
118 211 3004
118 213 7981
118 214 8383
118 215 800
118 221 6914
118 228 9700
118 229 9816
118 231 1077
118 237 9856
118 238 2437
118 240 6402
118 241 9296
118 243 6347
119 122 4585
119 126 5176
119 130 8749
119 141 6307
119 142 1351
119 148 240
119 149 3450
119 154 6948
119 156 5024
119 163 170
119 164 7291
119 166 5740
119 168 9097
119 170 9302
119 172 7272
119 186 9225
119 196 1049
119 201 4054
119 202 7035
119 203 787
119 204 1869
119 205 4931
119 212 8249
119 213 2529
119 215 545
119 223 2532
119 224 8862
119 229 8539
119 234 1186
119 237 6221
120 123 6509
120 129 9728
120 139 6726
120 152 6834
120 153 6428
120 165 7632
120 167 6569
120 170 4565
120 172 6731
120 175 3259
120 178 4127
120 179 1235
120 184 1233
120 188 4646
120 189 9764
120 195 7934
120 199 3418
120 203 2887
120 221 140
120 228 3665
120 230 4877
120 232 1598
120 234 2793
120 235 1279
120 240 8145
120 241 3486
121 124 7507
121 126 7980
121 129 6069
121 132 5854
121 134 3706
121 139 6596
121 143 9816
121 153 9901
121 161 8198
121 164 7765
121 167 7321
121 169 2501
121 170 6835
121 172 2096
121 173 8936
121 178 9199
121 179 2118
121 182 6224
121 185 5839
121 189 2992
121 192 4999
121 196 1269
121 199 2060
121 201 9418
121 211 3576
121 217 3375
121 220 3345
121 225 1426
121 227 1374
121 238 4636
121 239 3670
121 240 3457
122 123 6683
122 124 581
122 125 6812
122 134 3682
122 140 7850
122 142 3514
122 147 1775
122 148 452
122 151 6390
122 156 7116
122 164 5230
122 165 3738
122 168 5135
122 175 4642
122 176 9664
122 177 3087
122 182 1432
122 188 3955
122 196 6675
122 199 9342
122 201 3312
122 206 2060
122 207 9644
122 209 6747
122 211 3219
122 214 6352
122 218 3421
122 221 2376
122 222 1635
122 223 6632
122 224 925
122 231 8193
122 232 5277
122 235 9457
122 236 2244
122 237 2675
122 239 6811
123 131 7367
123 138 5531
123 143 700
123 145 3488
123 147 5917
123 149 6801
123 150 2858
123 154 5959
123 156 597
123 161 9779
123 166 1658
123 168 6636
123 169 7602
123 170 6147
123 172 2670
123 180 562
123 184 8079
123 185 866
123 190 2583
123 193 3961
123 198 8239
123 203 5152
123 206 6773
123 207 2147
123 219 7051
123 225 2092
123 226 5326
123 228 5155
123 229 5709
123 233 5197
123 234 953
123 235 1625
123 236 8212
123 237 4071
123 241 6512
123 242 9380
124 127 7264
124 128 9500
124 132 7410
124 133 8033
124 138 2736
124 143 1885
124 146 6747
124 149 3150
124 158 6644
124 160 7758
124 161 3597
124 167 6537
124 175 9287
124 183 3447
124 186 7070
124 189 7667
124 191 256
124 192 4881
124 193 506
124 194 4857
124 211 6456
124 215 9290
124 218 4243
124 219 5323
124 225 1126
124 227 2502
124 229 3003
124 231 4294
124 233 5601
124 237 4873
124 241 7845
124 242 1877
125 130 1648
125 134 7661
125 135 6346
125 148 4113
125 152 8848
125 153 9766
125 155 8796
125 159 7067
125 160 562
125 161 5245
125 165 4882
125 179 4885
125 180 4006
125 181 4091
125 188 251
125 203 5126
125 205 5805
125 210 6548
125 215 3386
125 224 4019
125 232 7665
125 239 5603
125 241 4283
126 127 7240
126 134 5117
126 138 7612
126 140 9753
126 142 8496
126 144 9090
126 159 3749
126 163 1589
126 164 4648
126 168 5197
126 169 2367
126 173 3725
126 182 2837
126 183 5697
126 184 1160
126 189 6362
126 196 5641
126 197 1230
126 203 3733
126 204 6232
126 206 525
126 218 5811
126 220 4975
126 225 2742
126 230 7147
126 234 3786
126 236 7691
126 237 2645
126 242 7428
127 128 1900
127 136 4424
127 137 7878
127 138 9886
127 142 9492
127 144 1760
127 146 5636
127 149 8826
127 156 6921
127 160 6633
127 161 9460
127 176 3668
127 183 4286
127 184 2745
127 185 7843
127 186 6174
127 193 2525
127 204 5772
127 209 5931
127 212 2670
127 216 1467
127 221 9275
127 224 7616
127 227 1960
127 228 8758
128 130 8555
128 136 707
128 139 4017
128 141 3431
128 157 4883
128 159 9784
128 163 4778
128 164 436
128 171 2906
128 174 117
128 176 3284
128 178 8290
128 179 4356
128 180 1497
128 190 3936
128 192 1772
128 193 6720
128 202 5903
128 205 4271
128 211 619
128 213 8618
128 220 9610
128 226 5781
128 228 6743
128 231 1201
128 239 7921
128 240 186
128 243 5519
129 132 694
129 135 5303
129 136 8015
129 142 2139
129 148 9760
129 154 1919
129 161 564
129 162 6541
129 163 1543
129 166 7167
129 167 4125
129 168 6307
129 171 6207
129 176 8375
129 178 5696
129 181 865
129 184 2968
129 187 6118
129 189 1463
129 194 5536
129 195 8839
129 202 6825
129 210 2138
129 213 8124
129 220 1095
129 221 5689
129 222 1948
129 241 3882
129 242 698
130 131 4301
130 132 9331
130 139 3195
130 144 6535
130 151 981
130 152 6693
130 154 3172
130 156 1034
130 162 4221
130 163 5081
130 170 6749
130 173 8300
130 175 3292
130 176 7517
130 185 8164
130 188 8084
130 191 16
130 201 6948
130 203 946
130 204 783
130 212 5082
130 213 9076
130 215 287
130 220 8826
130 222 1697
130 226 1759
130 228 123
130 237 7210
130 238 9803
131 140 5468
131 142 1624
131 145 3952
131 150 1491
131 153 9490
131 154 7210
131 156 3697
131 160 1254
131 161 6100
131 183 1409
131 188 4094
131 192 3658
131 198 770
131 210 2114
131 211 9925
131 212 4185
131 215 1288
131 216 4637
131 217 411
131 223 1177
131 224 653
131 228 9108
131 230 3337
131 231 9512
131 236 3993
131 238 6287
131 240 430
131 241 1509
131 243 7338
132 136 2694
132 141 4038
132 144 1772
132 149 5573
132 153 6895
132 155 2042
132 156 8324
132 161 8413
132 163 5370
132 165 8725
132 167 3357
132 170 5221
132 172 4310
132 179 1729
132 181 5838
132 182 1627
132 189 4632
132 200 4127
132 205 245
132 208 2688
132 218 9201
132 223 1073
132 229 6290
132 236 8917
132 237 3656
133 136 8189
133 139 1376
133 140 3684
133 141 8388
133 150 3885
133 151 386
133 152 2935
133 157 4213
133 158 3607
133 162 1427
133 170 1747
133 178 8599
133 183 4703
133 184 6931
133 186 3386
133 195 6649
133 208 8530
133 214 1815
133 216 4999
133 219 6407
133 224 3084
133 235 5213
133 240 5183
133 243 6630
134 137 2553
134 138 6609
134 144 8911
134 155 2197
134 160 7944
134 162 1826
134 169 8059
134 188 179
134 199 5999
134 201 5940
134 203 4787
134 207 1907
134 212 4770
134 213 2807
134 214 6750
134 215 3964
134 219 898
134 221 2699
134 229 7359
134 232 4170
134 234 5790
134 235 5946
134 240 7244
134 243 6174
135 136 7929
135 137 1019
135 147 6993
135 154 9459
135 166 1338
135 170 9896
135 172 7075
135 173 6109
135 176 8820
135 194 4141
135 205 2653
135 212 1618
135 213 2913
135 215 7130
135 217 228
135 222 6102
135 225 2093
135 226 3896
135 230 7069
135 239 7124
135 241 8521
135 242 2615
136 140 7515
136 143 4554
136 148 6081
136 150 1192
136 154 2836
136 156 4875
136 158 5838
136 164 8930
136 170 681
136 172 4511
136 185 4765
136 190 1860
136 200 7688
136 201 2726
136 206 8015
136 219 6137
136 223 9218
136 224 9646
136 239 254
136 241 3632
136 242 9389
136 243 1312
137 139 1939
137 142 8119
137 143 9897
137 144 2330
137 146 7945
137 147 3760
137 148 611
137 156 2229
137 158 9649
137 159 9930
137 161 6032
137 162 3467
137 185 4738
137 198 2040
137 200 6429
137 205 7309
137 210 1551
137 214 8186
137 223 9315
137 227 986
137 230 2718
137 231 1576
137 232 2004
137 235 7723
137 236 6012
137 242 1850
138 146 8850
138 155 7908
138 156 5609
138 167 5046
138 170 5717
138 171 1983
138 173 3899
138 175 3772
138 181 5078
138 183 357
138 184 1411
138 187 1432
138 191 3594
138 192 7051
138 196 708
138 199 8201
138 201 1753
138 203 4967
138 212 5609
138 213 8186
138 225 4170
138 227 7444
138 228 7692
138 234 459
138 236 7015
138 239 954
139 140 4386
139 142 2998
139 155 6424
139 158 3137
139 160 3967
139 161 3802
139 162 9372
139 174 6633
139 178 1947
139 179 9945
139 192 4461
139 198 9478
139 203 8927
139 204 1324
139 216 313
139 218 6129
139 219 408
139 224 9353
139 225 9144
139 235 2370
140 141 2536
140 143 9983
140 144 6258
140 145 5332
140 146 2216
140 157 3275
140 168 8747
140 171 6110
140 190 681
140 195 2327
140 199 7804
140 201 949
140 206 522
140 209 2170
140 210 7585
140 215 6529
140 218 9674
140 225 6042
140 233 4553
140 240 5276
140 243 3440
141 142 7333
141 148 6687
141 156 9338
141 157 5978
141 158 8548
141 159 8285
141 160 3462
141 166 9198
141 167 836
141 175 8380
141 176 4328
141 181 9267
141 184 3876
141 188 8287
141 189 4802
141 192 395
141 196 8429
141 197 2942
141 201 4475
141 203 2457
141 206 4378
141 214 9037
141 220 6361
141 230 6484
142 147 5629
142 152 4899
142 153 8204
142 154 5353
142 155 3290
142 159 850
142 160 6145
142 164 7541
142 166 3371
142 175 4927
142 184 8890
142 186 1369
142 188 1166
142 193 8196
142 196 5699
142 197 4696
142 198 2761
142 207 9101
142 213 9755
142 221 8440
142 223 5861
142 224 5655
142 238 8790
143 146 7393
143 150 5351
143 157 1558
143 159 2956
143 160 8719
143 167 4141
143 169 9585
143 170 4886
143 171 4567
143 176 1347
143 184 139
143 188 6642
143 193 6797
143 195 3846
143 199 5736
143 204 8650
143 229 6786
143 235 6286
143 237 9046
143 240 7559
144 147 1922
144 149 8132
144 153 3907
144 154 3691
144 167 2750
144 168 493
144 171 9041
144 173 9983
144 178 1733
144 180 1170
144 182 7903
144 190 8175
144 191 4454
144 193 6911
144 198 4303
144 207 2049
144 227 8873
144 230 5333
144 232 3223
144 242 9087
145 147 5816
145 148 1182
145 150 3808
145 153 5288
145 161 2120
145 174 5241
145 176 6887
145 186 8777
145 188 2589
145 190 6612
145 196 7132
145 197 35
145 200 6834
145 204 936
145 206 2123
145 208 3850
145 209 676
145 212 3149
145 221 3388
145 228 7556
145 232 3974
145 233 8411
145 235 3907
146 148 7925
146 149 1042
146 154 1412
146 160 4280
146 163 1558
146 166 927
146 167 5043
146 174 357
146 183 3717
146 186 700
146 188 5222
146 190 270
146 191 4833
146 195 26
146 206 7242
146 211 4832
146 212 5276
146 217 316
146 218 1141
146 224 8455
146 237 87
146 238 6214
146 242 7139
147 148 4070
147 150 7325
147 157 668
147 164 1924
147 171 1069
147 175 5739
147 177 7335
147 179 6921
147 181 4695
147 185 5863
147 186 6661
147 187 5872
147 193 6706
147 194 3167
147 196 345
147 210 3945
147 211 3988
147 225 2344
147 238 6518
147 240 4933
148 156 9578
148 162 8004
148 163 4695
148 164 3631
148 166 556
148 168 1218
148 170 6244
148 172 9966
148 174 3938
148 176 693
148 178 3600
148 179 1623
148 185 384
148 186 4863
148 188 2482
148 189 5783
148 191 5944
148 193 3303
148 194 6150
148 196 7842
148 208 503
148 211 5803
148 212 6684
148 217 3744
148 221 9476
148 225 5850
148 228 8495
148 229 4716
148 236 6527
148 243 5188
149 151 8889
149 155 8078
149 157 2920
149 160 1451
149 164 1073
149 166 1058
149 167 6741
149 168 7826
149 170 5685
149 183 3435
149 187 7628
149 188 149
149 190 7165
149 194 1437
149 196 2918
149 198 7883
149 200 5611
149 204 1668
149 205 7515
149 208 3031
149 211 8330
149 212 2750
149 215 2534
149 226 3288
149 227 9523
149 231 3258
149 234 9401
149 240 3476
149 241 5580
149 243 9450
150 155 9276
150 156 7923
150 159 8480
150 161 377
150 162 5219
150 163 3438
150 170 2375
150 173 4661
150 182 8760
150 187 705
150 190 3618
150 195 530
150 201 6388
150 206 1966
150 207 7492
150 214 3257
150 216 8424
150 218 1498
150 229 3416
150 231 145
150 234 447
150 237 4238
150 239 989
150 242 5063
151 153 8593
151 158 3684
151 160 1544
151 161 3577
151 164 2064
151 169 6542
151 170 9684
151 172 283
151 175 8097
151 182 3844
151 188 5738
151 190 4280
151 196 5617
151 201 7030
151 203 2975
151 206 7013
151 208 3047
151 211 8891
151 215 8613
151 218 2121
151 220 8550
151 230 3521
151 234 578
151 236 6359
152 154 5189
152 155 1930
152 160 8349
152 169 7699
152 173 1228
152 176 3146
152 177 9430
152 179 7319
152 181 6924
152 185 3635
152 187 8294
152 194 400
152 195 9355
152 197 3636
152 205 3489
152 207 9723
152 210 3827
152 214 387
152 216 8240
152 217 1020
152 220 9330
152 221 3087
152 224 2075
152 230 9588
152 237 9883
153 155 9176
153 156 8676
153 163 8076
153 166 2546
153 169 2687
153 170 8242
153 171 7506
153 174 8113
153 181 4551
153 182 3330
153 186 975
153 188 9588
153 193 5616
153 194 4471
153 195 2049
153 196 7291
153 197 6443
153 198 3155
153 203 1830
153 204 3457
153 212 7571
153 213 588
153 216 3059
153 217 7888
153 220 1686
153 221 7800
153 223 6309
153 225 3494
153 228 9533
153 231 8717
153 232 5287
153 234 787
153 235 2893
153 239 2726
153 240 9083
154 161 7478
154 169 1661
154 172 4849
154 173 1280
154 178 3825
154 187 9302
154 188 8236
154 190 8791
154 196 3919
154 198 2837
154 199 3448
154 202 124
154 203 9533
154 208 6450
154 211 8073
154 215 5395
154 218 4175
154 221 996
154 223 690
154 224 2703
154 226 8080
154 230 6402
154 233 4032
154 236 6427
154 239 363
154 240 6307
154 242 2582
155 160 3297
155 162 7096
155 163 4929
155 164 6173
155 166 5389
155 168 3387
155 169 9916
155 177 6799
155 183 8686
155 184 9400
155 187 2393
155 188 1254
155 189 9254
155 194 2219
155 197 1067
155 198 8142
155 199 6929
155 200 8816
155 204 6037
155 206 123
155 210 6536
155 211 2648
155 219 4138
155 222 8783
155 228 5992
155 230 1312
155 231 2842
155 232 8812
156 162 6282
156 168 4833
156 171 8003
156 179 1886
156 180 5009
156 182 9389
156 184 5096
156 193 8061
156 198 3173
156 199 5029
156 202 5663
156 205 9184
156 207 8008
156 210 8708
156 212 7563
156 220 2956
156 227 7244
156 230 9326
156 240 6365
156 242 7738
157 160 8854
157 164 879
157 166 2172
157 169 3661
157 171 4951
157 173 5781
157 185 5410
157 188 1979
157 189 841
157 190 7535
157 191 5516
157 193 6123
157 195 7382
157 196 865
157 201 851
157 210 4693
157 211 3306
157 214 878
157 216 7591
157 228 3568
157 232 4536
157 236 8577
157 243 4286
158 160 9242
158 164 5585
158 165 3116
158 168 8187
158 174 9275
158 175 4050
158 177 244
158 180 8574
158 182 4412
158 186 7452
158 188 7631
158 189 4825
158 195 2864
158 197 6004
158 210 3060
158 211 2327
158 212 8174
158 224 6384
158 225 9649
158 226 4281
158 228 5533
158 231 9383
158 232 4828
158 233 1247
158 234 7591
158 240 1015
158 241 2349
159 171 9015
159 174 9890
159 175 6754
159 181 6675
159 188 1426
159 195 1408
159 198 1026
159 203 4112
159 208 3316
159 210 6239
159 216 3744
159 219 7508
159 223 4518
159 224 511
159 228 2703
159 237 6361
159 239 9539
159 243 2156
160 162 5082
160 165 4755
160 166 2955
160 169 4914
160 173 1361
160 174 219
160 176 7289
160 177 4836
160 180 9770
160 181 9228
160 188 623
160 190 3065
160 192 6765
160 201 204
160 202 7411
160 205 1268
160 214 2836
160 215 7904
160 216 6276
160 218 7695
160 220 2389
160 223 2184
160 224 9108
160 229 1342
160 236 2236
160 243 7340
161 163 6515
161 168 4876
161 169 8338
161 173 8472
161 183 8619
161 195 2337
161 200 4381
161 212 5882
161 217 9464
161 218 9792
161 221 521
161 223 337
161 225 8750
161 226 1176
161 227 1255
161 231 2755
161 234 1162
162 167 32
162 172 7431
162 173 2775
162 174 9536
162 178 4659
162 183 2890
162 187 3341
162 195 3538
162 204 6783
162 208 8032
162 209 4148
162 210 2093
162 211 4938
162 219 3983
162 221 4998
162 225 8652
162 227 1392
162 230 2700
162 232 5207
162 236 1463
163 165 5174
163 169 6018
163 171 9312
163 174 998
163 178 8532
163 182 3455
163 187 7221
163 195 3820
163 200 3775
163 201 3154
163 206 57
163 207 6303
163 208 2802
163 211 7717
163 221 7661
163 226 2935
163 230 8411
163 235 9797
163 236 8220
163 243 6753
164 166 330
164 170 6471
164 190 3795
164 195 2766
164 196 3080
164 200 3577
164 204 9484
164 212 113
164 219 2244
164 222 3675
164 224 7145
164 227 2501
164 228 8362
164 233 286
164 237 6113
164 239 2428
164 240 1614
164 242 6712
164 243 1352
165 167 2364
165 169 7634
165 175 7930
165 176 5147
165 179 5586
165 181 2952
165 188 7809
165 189 1654
165 197 9838
165 202 3103
165 203 4315
165 205 974
165 227 155
165 229 1850
165 232 6851
165 237 4467
165 239 8484
165 240 7452
165 243 653
166 173 5531
166 185 4369
166 190 9730
166 193 3223
166 194 2876
166 203 3159
166 214 5516
166 222 8564
166 225 4620
166 228 573
166 230 7844
166 231 5735
166 232 3844
166 236 5498
166 237 4829
166 239 1508
166 240 2733
166 241 9590
167 168 7477
167 175 2790
167 191 7040
167 193 3871
167 195 3794
167 199 3233
167 200 5573
167 207 9264
167 208 4408
167 223 8520
167 224 7762
167 226 1910
167 227 2618
167 228 1488
167 231 2482
167 234 7957
167 235 9019
167 239 9444
167 242 8122
168 169 5213
168 170 122
168 176 6871
168 177 1354
168 183 2547
168 189 2941
168 191 8438
168 192 7969
168 199 5095
168 206 780
168 214 4324
168 219 1962
168 220 6954
168 222 3028
168 223 1992
168 224 2650
168 225 7060
168 227 3008
168 232 8250
168 234 2937
169 172 8334
169 176 3800
169 177 2304
169 178 1110
169 185 320
169 189 9430
169 195 8180
169 224 1327
169 227 904
169 230 9641
169 243 3099
170 171 7849
170 173 3894
170 174 2502
170 175 2900
170 176 6156
170 178 1174
170 181 1114
170 186 9727
170 195 9117
170 208 8309
170 209 2844
170 210 8835
170 214 757
170 218 9190
170 219 2125
170 220 1643
170 227 4549
170 228 1169
170 235 3108
170 240 4925
170 242 6977
171 176 8688
171 189 8374
171 205 9110
171 208 8531
171 210 1639
171 211 8395
171 212 8924
171 219 7658
171 223 9884
171 224 3639
171 228 7874
171 231 6684
171 234 311
171 237 6659
171 239 8067
171 241 4533
172 173 6127
172 176 3360
172 184 4046
172 186 3363
172 187 9205
172 189 1985
172 190 600
172 191 8171
172 193 7674
172 206 4852
172 210 3857
172 214 3431
172 216 9636
172 223 2443
172 237 5499
172 243 5297
173 176 6783
173 178 7190
173 184 4097
173 187 3150
173 193 3388
173 197 1106
173 199 4632
173 200 1204
173 208 1099
173 210 8007
173 218 7335
173 223 6630
173 230 9421
173 232 2848
173 238 972
173 239 2680
173 240 6033
173 242 1505
174 183 7498
174 187 4424
174 196 5586
174 197 6538
174 198 3828
174 202 1892
174 205 1997
174 206 5484
174 209 943
174 212 7182
174 214 3832
174 220 6071
174 228 8812
174 236 3240
174 237 3614
174 242 4192
175 176 4635
175 185 7897
175 199 1777
175 207 4785
175 213 7884
175 215 1759
175 217 9633
175 220 1572
175 231 6938
175 232 7900
175 234 8543
175 240 2480
175 242 8135
176 180 5045
176 181 2190
176 186 8989
176 198 7363
176 204 5744
176 210 4512
176 219 1743
176 220 7512
176 230 2826
176 231 6790
176 240 9951
176 243 1592
177 185 4097
177 188 3021
177 189 8800
177 192 2359
177 197 6889
177 204 8994
177 209 9351
177 214 1313
177 222 2541
177 225 1104
177 226 3883
177 231 3821
177 233 5464
177 241 6579
178 189 5913
178 190 6510
178 191 962
178 192 3065
178 195 414
178 201 4885
178 205 8394
178 206 9375
178 211 2528
178 213 45
178 214 4454
178 218 4760
178 220 8947
178 222 812
178 224 6433
178 225 6686
178 226 3123
178 231 693
178 233 5372
178 234 8701
178 237 6712
178 239 5179
178 241 9069
179 182 897
179 184 1051
179 188 6172
179 189 2523
179 190 4637
179 197 4216
179 201 3932
179 204 1875
179 213 7034
179 214 6895
179 216 2691
179 217 7756
179 218 4273
179 221 372
179 222 9168
179 227 7143
179 231 6193
179 232 5458
179 233 460
179 238 9521
179 240 957
179 242 5799
179 243 660
180 187 3695
180 189 787
180 192 1478
180 193 5572
180 199 8201
180 201 7406
180 203 6317
180 204 8674
180 205 1181
180 207 3687
180 208 8580
180 213 1250
180 214 458
180 218 3341
180 221 9677
180 222 4595
180 227 5480
181 182 5778
181 183 4032
181 185 7785
181 188 7772
181 190 3763
181 192 2778
181 196 1999
181 200 1070
181 201 1321
181 205 7255
181 212 3470
181 214 1538
181 219 2681
181 220 7516
181 221 2791
181 225 1934
181 231 1272
181 232 4164
181 237 5477
181 238 719
181 241 4397
182 183 7
182 189 3851
182 190 599
182 192 9330
182 199 6547
182 209 5417
182 217 7955
182 218 5871
182 223 5623
182 224 8828
182 230 4725
182 233 4555
182 234 7403
182 237 6912
182 242 7099
183 190 9882
183 192 8456
183 194 4523
183 198 2653
183 199 2230
183 201 3050
183 209 1863
183 220 440
183 221 1982
183 223 7740
183 224 926
183 235 1537
183 236 5144
183 239 1143
183 241 6365
184 186 2172
184 187 9091
184 188 8475
184 198 2870
184 199 5925
184 203 5075
184 206 825
184 208 3002
184 209 4448
184 211 9194
184 217 503
184 221 6768
184 224 6281
184 226 3191
184 227 639
184 229 9396
184 239 7045
185 189 7508
185 192 8346
185 200 6281
185 201 3413
185 207 9071
185 209 2090
185 213 8006
185 214 5134
185 215 7819
185 218 4151
185 219 7342
185 220 8845
185 226 9911
185 240 376
186 187 5316
186 188 9811
186 189 2573
186 193 9312
186 196 8288
186 199 1770
186 200 9693
186 204 8473
186 229 3948
186 231 6145
186 235 559
186 243 7474
187 189 8434
187 190 4438
187 192 543
187 201 9740
187 204 2621
187 207 9208
187 214 634
187 217 4710
187 219 1390
187 220 2322
187 221 9107
187 232 1420
187 233 8678
187 236 4901
187 237 3441
187 241 391
187 243 3681
188 192 8383
188 195 1481
188 196 1407
188 205 4584
188 210 3291
188 212 8182
188 218 1003
188 220 9145
188 221 5057
188 226 5269
188 229 8742
188 232 5137
188 233 9310
188 239 3597
189 191 9265
189 202 1745
189 204 2834
189 210 1633
189 212 7365
189 222 3454
189 237 2613
189 243 5201
190 191 4596
190 201 3882
190 210 7764
190 220 1494
190 223 1283
190 225 6475
190 230 6162
190 232 2509
191 193 3150
191 195 7692
191 197 4008
191 206 4807
191 208 1968
191 211 4919
191 216 1337
191 217 5646
191 219 6297
191 226 8403
191 230 205
191 232 5636
191 234 267
191 237 8422
191 240 8493
191 241 9896
191 242 7921
192 195 399
192 197 4407
192 209 476
192 215 4711
192 216 8214
192 218 9864
192 220 1744
192 225 6615
192 228 2780
192 229 729
192 232 4113
192 235 8457
192 240 4714
193 194 7350
193 196 5547
193 199 3011
193 203 3252
193 215 4991
193 217 448
193 220 658
193 223 6518
193 235 2138
193 236 9682
193 238 120
193 243 3376
194 198 8776
194 215 5253
194 216 7410
194 218 9942
194 220 7492
194 230 6344
194 232 5501
195 198 7884
195 202 4769
195 204 4444
195 206 7281
195 210 5602
195 214 543
195 219 8911
195 222 5878
195 223 1362
195 226 9866
195 234 96
195 236 4988
195 238 1133
195 240 9621
195 241 1905
196 198 1651
196 205 2272
196 210 4131
196 211 7652
196 215 197
196 216 3810
196 217 7248
196 218 7809
196 219 6833
196 225 7182
196 229 5382
196 242 2537
197 203 9536
197 207 8026
197 209 7674
197 212 9628
197 214 3878
197 215 5507
197 216 827
197 229 14
197 233 1669
197 238 5641
197 240 8906
198 204 358
198 207 927
198 209 3935
198 211 460
198 213 9087
198 219 8561
198 222 4014
198 224 2563
198 227 6875
198 228 5048
198 230 5770
198 231 550
198 232 8901
198 239 8860
198 242 835
198 243 8471
199 201 7640
199 203 6892
199 205 4351
199 207 5138
199 209 4699
199 213 2944
199 220 6195
199 222 2728
199 230 678
199 233 6208
199 237 3770
200 204 6310
200 206 5843
200 210 1061
200 219 9338
200 220 6677
200 228 8554
200 229 5027
200 238 7325
200 240 1015
200 242 2612
201 213 5987
201 217 4724
201 218 9604
201 222 9547
201 228 9102
201 231 9229
201 233 3170
201 237 5619
202 208 5663
202 211 3905
202 215 7485
202 224 9961
202 227 3874
202 232 5931
202 234 3955
202 238 3386
203 207 7393
203 208 4804
203 209 9351
203 215 9426
203 216 6094
203 218 5868
203 226 9521
203 227 5117
203 231 7569
203 232 4804
204 208 6096
204 209 895
204 216 8050
204 219 2530
204 222 5173
204 231 2953
204 233 2485
204 234 8411
204 241 6085
204 242 8695
205 207 3908
205 210 8496
205 211 6580
205 214 1883
205 219 9855
205 222 5637
205 225 5135
205 230 3778
205 234 162
205 237 8476
205 239 4478
205 243 176
206 217 1104
206 218 6742
206 220 2577
206 222 8566
206 224 2173
206 230 9799
206 233 74
206 234 610
206 235 5475
207 212 8123
207 214 5562
207 223 3386
207 226 5611
207 230 1779
207 233 3347
207 241 3903
208 223 5977
208 226 3734
208 232 1247
208 236 890
208 240 4254
209 217 5072
209 221 2233
209 222 6265
209 237 8625
209 241 5732
210 211 1081
210 213 4095
210 224 8695
210 225 6757
210 226 1637
210 227 9127
210 228 8000
210 237 54
210 239 1259
210 242 7024
211 217 4077
211 221 3309
211 222 3224
211 223 1068
211 226 7958
211 229 219
211 235 5381
211 237 5126
211 240 5393
212 218 3254
212 219 8070
212 220 5660
212 226 8070
212 227 1296
212 229 5395
212 237 9241
212 238 885
212 241 3709
213 215 5909
213 220 9592
213 226 6749
213 227 2014
213 232 1185
213 236 4297
213 237 8327
213 240 6702
214 216 5051
214 217 2352
214 222 5740
214 223 4307
214 225 6328
214 226 2021
214 233 5239
214 235 6323
214 238 2628
214 239 8883
214 241 244
215 216 7164
215 221 3862
215 225 975
215 226 3304
215 227 170
215 230 7745
215 234 2172
215 236 7217
215 237 1795
216 217 9524
216 222 3797
216 225 647
216 234 7075
216 237 6665
216 240 4177
216 241 1374
216 243 6318
217 219 1425
217 223 4150
217 224 6390
217 225 7126
217 234 8429
217 238 6923
217 240 1812
218 219 1694
218 222 8018
218 224 5219
218 228 1294
218 229 7148
218 234 8132
219 225 8006
219 226 132
219 229 7965
219 231 3883
219 240 2439
219 242 4724
219 243 2734
220 222 9938
220 228 6043
220 235 6476
220 236 3124
221 224 3105
221 225 2028
221 227 7540
221 229 5577
221 235 5915
221 238 5415
221 240 6492
221 241 3760
221 243 6044
222 223 117
222 228 1448
222 229 4998
222 234 9773
222 236 8436
222 239 7358
222 243 6628
223 229 7204
223 232 5696
223 235 9459
223 242 9129
223 243 1285
224 225 2768
224 234 1938
225 228 610
225 230 9391
225 233 5269
225 237 9214
225 238 5232
225 239 407
225 243 6102
226 230 7121
226 234 8791
226 236 6020
226 238 2880
226 239 2330
226 241 3811
227 229 2781
228 236 2250
228 237 954
229 233 8396
229 240 9441
229 241 1610
230 239 4334
230 243 5358
231 234 1572
231 243 6418
232 233 6956
232 236 1948
232 238 5406
232 239 4520
233 242 739
234 238 9330
234 241 4701
234 242 8644
235 236 3116
235 237 4563
235 239 6658
235 241 9507
236 242 9792
237 238 4500
237 241 6445
240 242 3663
