44 2449797
2565 126628
2821 110694
2795 186781
422 103097
825 51323
863 79871
3207 225626
2584 159151
557 20914
1196 203756
1332 119565
1927 203343
193 226456
2391 152291
1425 93477
3504 135803
2942 157494
2474 57498
2071 232347
2994 18128
1932 118713
1989 172466
1004 188186
26 54357
2211 108231
2416 153500
1769 147677
307 212820
3508 135107
2380 159710
2386 186854
449 121375
1764 235355
2198 146073
1077 99889
675 174832
3552 221888
2970 156700
1016 135506
1496 199944
1564 244953
1771 76667
556 196017
2523 168953
