47 1097603
1 103001
2255 100337
1631 75533
1846 3730
2825 57179
2977 62096
877 107679
3506 64610
1294 81298
1099 94843
1040 98010
2107 67408
1665 17880
2627 82934
1546 3610
1855 38812
1769 107321
1698 23244
1158 39800
369 35730
935 7437
3272 42964
1406 63190
1538 75387
2995 8615
2343 45321
3170 16099
2644 3134
2841 70041
3106 21237
3583 89894
1845 75277
1981 13100
402 6924
1302 60622
1008 98180
2169 64619
1493 11989
1114 21685
1345 41291
2744 91975
1471 50521
2519 46141
1065 20191
2957 70402
2972 105808
1066 70419
