162 3235 84704 138
0 4 3011
0 5 6088
0 7 6985
0 11 9544
0 15 9902
0 18 5121
0 20 1910
0 22 3285
0 27 8743
0 28 2017
0 31 7037
0 34 1853
0 56 8625
0 57 973
0 58 6624
0 62 876
0 71 5295
0 72 1223
0 76 7887
0 77 6489
0 79 8753
0 81 5924
0 83 6223
0 87 8424
0 93 6682
0 98 3839
0 101 8544
0 102 7210
0 104 2427
0 107 7842
0 111 6442
0 114 3068
0 115 2352
0 118 4595
0 122 3956
0 123 5593
0 124 521
0 130 5189
0 131 9968
0 133 9577
0 138 4980
0 143 1616
0 148 7288
0 157 1662
0 158 2451
0 161 3493
1 2 5462
1 3 1830
1 7 9584
1 14 4064
1 16 6708
1 20 6389
1 25 9127
1 28 5924
1 30 1465
1 32 8760
1 34 9175
1 35 6128
1 36 7431
1 38 133
1 40 9797
1 46 9668
1 47 1254
1 48 3664
1 49 8387
1 51 3117
1 54 1407
1 56 6
1 67 3246
1 68 5370
1 70 2355
1 72 8084
1 74 6973
1 75 613
1 83 8066
1 86 6760
1 88 4013
1 94 8833
1 97 7579
1 102 3364
1 103 8652
1 105 5384
1 106 3483
1 107 3265
1 110 6766
1 116 5271
1 118 6541
1 124 4314
1 125 6124
1 127 239
1 133 176
1 135 1392
1 146 2635
2 8 3413
2 9 8338
2 11 8738
2 16 2634
2 17 6592
2 20 2872
2 21 3286
2 24 3681
2 33 6694
2 40 7443
2 46 2000
2 52 7136
2 53 4669
2 55 6235
2 61 1759
2 64 3087
2 74 7344
2 78 85
2 80 7023
2 81 8120
2 84 8172
2 88 9153
2 99 5578
2 102 839
2 104 950
2 105 7909
2 106 415
2 119 8418
2 122 1588
2 125 7379
2 131 5877
2 133 8629
2 136 9217
2 138 3420
2 139 449
2 142 4167
2 145 9142
2 150 9752
2 152 5232
2 158 5011
2 160 4661
3 6 3823
3 7 4466
3 9 7357
3 11 639
3 29 8354
3 34 8987
3 37 2536
3 42 4826
3 43 9475
3 47 2373
3 48 1562
3 53 747
3 54 5766
3 55 5389
3 56 3042
3 66 8932
3 68 8531
3 70 5237
3 72 6917
3 73 5942
3 77 1117
3 82 5820
3 91 3497
3 98 9640
3 102 842
3 113 6932
3 114 2784
3 119 3029
3 120 5172
3 124 103
3 129 2075
3 131 6504
3 133 7861
3 138 9500
3 144 3447
3 145 2235
3 146 3277
3 147 8859
3 148 3291
3 154 5968
3 156 5936
3 157 1310
3 158 4698
3 160 1778
4 5 2556
4 8 9518
4 9 4591
4 11 6587
4 24 2773
4 29 840
4 30 9025
4 31 3398
4 34 7006
4 35 2420
4 38 5406
4 39 9749
4 40 1275
4 42 3601
4 46 8329
4 58 5812
4 62 7202
4 64 4653
4 65 4511
4 66 4636
4 68 591
4 76 1534
4 86 6283
4 88 2391
4 89 8570
4 91 8473
4 99 6118
4 100 2269
4 107 2868
4 108 7969
4 109 7197
4 112 2414
4 114 8475
4 118 7037
4 119 1450
4 125 4082
4 132 4937
4 137 7086
4 138 3157
4 143 1377
4 144 2277
4 145 5601
4 146 3344
4 147 9231
5 8 8119
5 11 8918
5 14 5042
5 15 4700
5 21 4747
5 33 390
5 45 8265
5 46 5549
5 49 6731
5 50 1470
5 53 9064
5 54 6437
5 59 57
5 60 8853
5 61 445
5 71 5103
5 73 6365
5 74 6059
5 83 2202
5 90 3172
5 91 7233
5 101 976
5 115 6299
5 118 8260
5 127 7635
5 132 8168
5 134 3643
5 141 7872
5 143 7269
5 145 903
5 146 8634
5 147 7051
5 150 7807
5 157 440
5 160 3746
5 161 7155
6 7 4555
6 8 6625
6 10 6211
6 18 9015
6 31 5895
6 35 4111
6 43 5201
6 47 7939
6 52 6164
6 54 700
6 55 8926
6 57 6909
6 60 2858
6 68 7907
6 71 8617
6 93 2819
6 94 8120
6 100 4941
6 101 3314
6 104 4309
6 106 7241
6 107 5103
6 109 1811
6 115 197
6 118 5266
6 119 8723
6 124 4816
6 130 2600
6 132 3725
6 134 144
6 140 1716
6 146 9674
6 149 4729
6 150 4573
6 151 6230
6 152 9559
6 153 7993
6 155 1573
6 158 8176
7 8 9615
7 9 4859
7 13 9720
7 17 1857
7 18 4098
7 19 1032
7 20 6271
7 23 1836
7 28 8730
7 30 7087
7 40 7300
7 45 9369
7 48 9021
7 52 9333
7 54 7010
7 58 2402
7 66 6723
7 79 5981
7 82 7097
7 101 3889
7 107 4920
7 111 6093
7 118 344
7 119 6498
7 123 5134
7 128 8995
7 129 7483
7 131 421
7 135 9516
7 154 5633
7 161 7555
8 10 6036
8 17 9374
8 22 2260
8 23 5428
8 24 4941
8 26 7554
8 28 9406
8 41 9021
8 44 8138
8 46 6021
8 47 8328
8 48 7898
8 50 6858
8 59 9822
8 62 2362
8 63 379
8 66 1162
8 69 5262
8 72 2795
8 81 8366
8 85 1236
8 86 3572
8 91 1311
8 94 8274
8 99 1663
8 103 7603
8 117 9935
8 119 3974
8 120 7837
8 129 7631
8 136 9548
8 145 3557
8 157 3084
8 158 1643
9 18 8491
9 21 2874
9 27 2685
9 28 1034
9 37 9910
9 53 2603
9 59 9830
9 60 1257
9 68 4890
9 83 5252
9 91 1003
9 93 8520
9 98 4318
9 100 2004
9 101 9308
9 102 9486
9 104 5350
9 105 8802
9 110 6439
9 111 293
9 116 5195
9 120 123
9 124 6423
9 129 8533
9 132 7067
9 134 7629
9 139 4443
9 140 3243
9 141 8845
9 150 4432
9 151 4356
9 154 4367
9 157 7010
9 161 1793
10 12 2923
10 16 4903
10 19 4651
10 28 6548
10 32 7674
10 34 9159
10 38 4321
10 39 7916
10 50 8431
10 53 8160
10 54 6962
10 57 6544
10 67 9923
10 69 3421
10 70 9814
10 76 9482
10 77 9652
10 79 9789
10 81 6506
10 82 98
10 84 2961
10 85 5717
10 89 3990
10 95 4593
10 96 6933
10 107 542
10 108 3417
10 109 7424
10 119 2132
10 120 3793
10 121 5482
10 123 9342
10 124 9139
10 125 4854
10 136 9462
10 141 2839
10 144 3486
10 146 7874
10 150 7849
10 152 1617
10 153 4442
10 154 4056
10 157 3143
10 159 424
10 160 4205
11 17 675
11 18 1377
11 19 5903
11 21 3353
11 24 8155
11 28 3288
11 31 8627
11 34 9241
11 37 8415
11 43 8440
11 46 4269
11 50 3513
11 61 4324
11 63 1335
11 65 5039
11 67 3881
11 72 6598
11 73 4118
11 77 3183
11 83 5489
11 85 267
11 87 3516
11 91 6094
11 94 894
11 103 3613
11 113 1529
11 118 7632
11 119 7954
11 121 5136
11 124 566
11 129 2701
11 139 1692
11 147 6963
12 17 2094
12 21 7738
12 29 8862
12 32 7463
12 34 9860
12 35 3044
12 36 2849
12 38 6528
12 39 8346
12 42 2541
12 44 5465
12 48 9058
12 49 7486
12 50 5125
12 54 9722
12 62 8351
12 65 3894
12 80 7839
12 82 8194
12 87 2915
12 92 882
12 94 9913
12 96 4827
12 102 1208
12 108 3878
12 110 6706
12 111 4188
12 113 5696
12 116 7769
12 118 1452
12 121 6659
12 129 2667
12 132 3742
12 141 6210
12 143 6139
12 144 7118
12 145 5320
12 151 6225
12 156 7676
12 160 8318
12 161 4905
13 14 7337
13 15 9780
13 17 6699
13 25 5335
13 26 8943
13 30 5496
13 37 8342
13 42 1642
13 45 1459
13 47 424
13 51 3155
13 52 4672
13 59 892
13 60 851
13 61 570
13 68 8906
13 69 92
13 73 455
13 78 740
13 84 5718
13 91 561
13 97 6890
13 107 5103
13 111 7813
13 113 3232
13 116 5173
13 121 9580
13 125 8686
13 126 3835
13 128 5206
13 130 1534
13 135 2108
13 139 2722
13 140 899
13 142 7104
13 149 4268
13 155 6068
14 16 9766
14 19 4332
14 20 9392
14 22 2778
14 27 503
14 28 7269
14 29 3249
14 32 4491
14 34 1829
14 37 2963
14 41 6581
14 43 7127
14 53 2125
14 54 6936
14 63 6395
14 65 2858
14 66 540
14 68 1010
14 70 8278
14 78 4845
14 90 4931
14 96 2521
14 101 3269
14 103 7860
14 106 4683
14 108 1151
14 110 8317
14 119 5565
14 124 8874
14 129 951
14 131 4865
14 133 8057
14 139 9976
14 140 5293
14 144 2405
14 145 4034
14 148 6837
14 151 8621
14 157 7067
15 16 6708
15 21 7478
15 22 2425
15 36 4909
15 37 5206
15 42 7880
15 46 3695
15 62 2454
15 63 6734
15 65 8503
15 70 3994
15 81 7198
15 83 9869
15 90 1416
15 101 1439
15 102 834
15 112 1600
15 115 8724
15 119 2387
15 125 8192
15 127 9384
15 132 7710
15 137 9719
15 145 1147
15 146 5343
15 148 578
16 27 45
16 29 7682
16 33 6222
16 36 1687
16 47 5668
16 49 1146
16 50 9504
16 53 8968
16 55 8809
16 57 1932
16 58 635
16 61 7354
16 65 132
16 70 712
16 72 2727
16 77 8638
16 83 2734
16 86 9111
16 87 443
16 89 8896
16 90 6248
16 92 6715
16 94 98
16 97 6827
16 102 1866
16 111 5843
16 117 8548
16 124 323
16 125 7981
16 127 3120
16 132 1167
16 133 8114
16 146 1432
16 147 2027
16 148 4557
16 150 4516
16 155 3620
16 156 5596
16 158 3703
17 24 8944
17 29 8856
17 35 1227
17 45 5334
17 47 3571
17 49 7245
17 52 9653
17 53 9416
17 56 2123
17 58 4598
17 59 8067
17 75 6985
17 90 3746
17 94 7512
17 100 7216
17 101 1890
17 105 5906
17 109 7337
17 115 4316
17 120 8014
17 126 5356
17 134 2790
17 136 3840
17 138 4598
17 146 8453
17 149 9790
17 150 7726
17 154 7440
17 156 3376
18 21 3396
18 22 6978
18 23 7754
18 30 4265
18 32 5350
18 34 4413
18 37 8520
18 38 2410
18 40 9895
18 41 96
18 45 6110
18 47 529
18 49 1023
18 58 6592
18 59 9020
18 62 2904
18 63 383
18 74 1086
18 77 5897
18 79 931
18 84 2081
18 88 5436
18 98 8731
18 99 6338
18 101 5494
18 106 9322
18 107 2472
18 111 2582
18 112 759
18 117 8985
18 121 7290
18 123 1581
18 129 8806
18 134 500
18 141 9136
18 144 3878
18 148 5597
18 150 363
18 151 44
18 156 3470
19 20 5395
19 21 3636
19 22 202
19 23 7208
19 27 1394
19 46 1018
19 47 6922
19 49 4710
19 55 8439
19 57 6306
19 69 3690
19 70 3788
19 74 7351
19 83 5919
19 84 2208
19 94 9206
19 104 751
19 111 84
19 112 3161
19 116 8535
19 119 4376
19 123 954
19 129 8310
19 130 5694
19 134 4472
19 145 6350
19 147 6443
19 148 6009
19 152 116
19 154 9948
20 21 1491
20 27 8838
20 30 1181
20 32 9881
20 36 9210
20 42 7744
20 44 4357
20 46 5617
20 55 4267
20 60 1146
20 62 6812
20 64 9579
20 67 4783
20 84 7777
20 85 9136
20 86 9355
20 92 9816
20 96 8042
20 97 4071
20 102 6770
20 103 3948
20 104 3971
20 108 1688
20 110 3440
20 122 8069
20 125 2054
20 127 9560
20 129 8921
20 131 5393
20 134 7948
20 137 4442
20 142 2121
20 147 6229
20 148 1622
20 150 4108
20 155 4324
20 161 8104
21 26 4520
21 28 1699
21 35 9910
21 36 1172
21 38 1558
21 41 1423
21 58 4549
21 63 1532
21 66 1606
21 69 788
21 71 7274
21 72 7705
21 75 6141
21 76 2128
21 79 9660
21 85 2274
21 92 8905
21 98 3342
21 114 1801
21 115 1178
21 122 6097
21 125 8598
21 127 2869
21 129 1747
21 130 3063
21 135 1653
21 137 9213
21 138 1732
21 140 8509
21 146 5611
21 148 5861
21 156 7860
21 157 5150
21 159 9937
22 30 1879
22 31 5814
22 37 7800
22 39 7273
22 43 4327
22 45 5064
22 46 7007
22 50 1217
22 53 5138
22 54 6329
22 56 1985
22 59 8556
22 63 7275
22 73 4382
22 77 2410
22 89 2005
22 93 6825
22 97 1567
22 99 4480
22 101 7388
22 136 1883
22 143 7623
22 147 5258
22 148 4846
22 149 5881
22 156 242
22 160 7065
23 24 497
23 25 957
23 26 4907
23 40 7998
23 53 8558
23 59 6376
23 62 6232
23 65 8229
23 71 9721
23 79 6146
23 82 2779
23 83 1085
23 95 7802
23 107 9250
23 108 238
23 110 6178
23 114 1920
23 118 7868
23 121 7759
23 124 3976
23 126 7971
23 128 2704
23 145 3694
23 150 6992
23 157 1979
23 158 1300
23 160 915
24 26 1254
24 32 7500
24 35 3613
24 36 6853
24 42 1003
24 44 8025
24 53 8284
24 56 2646
24 61 8802
24 68 1742
24 70 7644
24 71 7833
24 73 3082
24 75 1866
24 77 4940
24 80 4325
24 86 1303
24 93 6461
24 94 294
24 95 7682
24 98 6832
24 99 1527
24 101 664
24 105 8645
24 106 422
24 109 1466
24 116 6524
24 117 2463
24 119 5865
24 127 4933
24 130 7926
24 135 9959
24 141 7341
24 149 1510
24 150 902
24 155 8465
24 156 8294
24 157 5915
25 26 2920
25 32 456
25 35 8239
25 39 9330
25 41 3279
25 42 4715
25 43 2161
25 49 916
25 50 5380
25 56 143
25 57 8446
25 58 6062
25 59 6323
25 60 2378
25 64 525
25 65 1232
25 66 8832
25 69 7270
25 78 8317
25 79 1264
25 89 9271
25 92 313
25 109 5713
25 112 295
25 124 5507
25 126 1469
25 130 977
25 134 3808
25 144 5912
25 156 257
25 159 2476
26 28 6439
26 29 9403
26 32 4453
26 35 2419
26 36 1949
26 37 1087
26 38 7305
26 40 2287
26 55 1992
26 57 4450
26 60 3032
26 68 6210
26 70 5351
26 78 2660
26 79 8023
26 96 3834
26 102 8465
26 106 9914
26 120 5277
26 132 9783
26 137 4329
26 141 1320
26 144 6418
26 145 1125
26 156 2401
26 157 2661
27 29 6353
27 31 3130
27 32 7415
27 34 4948
27 37 3455
27 50 8436
27 52 1481
27 54 9532
27 56 5706
27 57 3701
27 61 5352
27 65 1520
27 66 853
27 72 5731
27 74 1086
27 80 1057
27 81 6351
27 104 6205
27 106 9228
27 112 5793
27 113 8154
27 115 2581
27 116 1442
27 121 628
27 126 2648
27 127 5705
27 129 2209
27 132 6001
27 134 7383
27 136 1545
27 141 2407
27 143 2563
27 145 3240
27 146 419
27 149 168
27 150 5692
27 153 2868
27 158 1736
27 159 5824
27 161 6977
28 35 7428
28 36 8704
28 39 5022
28 43 1925
28 45 7079
28 47 4789
28 52 7403
28 59 8356
28 68 5361
28 71 1981
28 73 422
28 77 4
28 85 7178
28 87 6478
28 89 4958
28 98 2533
28 104 8329
28 107 4523
28 110 1098
28 114 7604
28 116 5539
28 117 9129
28 118 9617
28 119 4191
28 125 6963
28 134 404
28 135 3961
28 136 356
28 140 6961
29 35 2168
29 36 2733
29 40 2718
29 45 5468
29 47 5656
29 48 7635
29 50 4983
29 51 9280
29 54 4656
29 56 2155
29 58 8145
29 60 1423
29 75 9381
29 79 9566
29 86 6096
29 90 1553
29 94 6110
29 97 1032
29 99 1266
29 101 9543
29 111 1825
29 118 402
29 121 598
29 123 9102
29 127 5293
29 128 6374
29 132 9677
29 135 846
29 138 3557
29 139 3571
29 147 6069
29 154 2885
29 156 6321
29 159 9368
29 161 2982
30 32 3813
30 35 8883
30 37 7858
30 38 8732
30 40 8046
30 41 6878
30 42 8677
30 46 9140
30 50 5090
30 53 8675
30 63 918
30 64 6899
30 71 1337
30 73 9925
30 75 4249
30 78 9489
30 80 7907
30 82 8591
30 83 5672
30 85 188
30 91 3325
30 98 7254
30 103 9720
30 106 6314
30 110 3384
30 113 5673
30 114 63
30 121 4432
30 127 987
30 129 5076
30 130 9108
30 143 3978
30 145 9794
30 146 9551
30 150 8495
30 157 1742
30 158 7596
30 160 4470
31 32 9682
31 33 5156
31 35 8317
31 37 9723
31 42 2854
31 43 5285
31 47 1273
31 49 904
31 56 4727
31 58 3307
31 62 3849
31 68 4624
31 81 5553
31 92 55
31 93 3463
31 94 5969
31 97 6900
31 102 4633
31 105 3792
31 106 8468
31 107 6371
31 113 4408
31 114 1477
31 115 4069
31 120 1740
31 123 4820
31 129 8029
31 131 8259
31 132 4676
31 136 1766
31 144 162
31 147 3779
31 149 1891
31 153 7954
31 155 2701
31 161 3816
32 33 4288
32 35 9891
32 43 4068
32 45 6254
32 56 5290
32 60 6815
32 63 7451
32 70 459
32 73 5646
32 74 5111
32 76 6687
32 80 5365
32 81 385
32 84 438
32 86 778
32 88 5513
32 93 7160
32 97 4677
32 98 4609
32 105 4961
32 112 7730
32 115 2868
32 122 4511
32 123 7149
32 124 6007
32 125 9738
32 129 4402
32 131 6202
32 138 3649
32 142 2490
32 145 1430
32 146 8284
32 147 3708
32 152 8254
32 161 7565
33 36 8191
33 38 7359
33 41 5998
33 45 4848
33 49 4635
33 50 3488
33 51 2391
33 53 3817
33 58 9046
33 66 155
33 76 746
33 77 3319
33 84 5606
33 86 7549
33 91 1326
33 101 3563
33 104 3738
33 111 4533
33 112 835
33 113 5618
33 118 4601
33 119 2198
33 120 3150
33 121 426
33 125 8678
33 136 582
33 138 2152
33 142 1341
33 144 2782
33 145 7330
33 147 2701
33 149 2915
33 151 4005
33 154 9658
33 157 898
33 159 339
34 39 8914
34 43 1207
34 44 3320
34 47 2605
34 48 907
34 61 2839
34 64 5885
34 75 7227
34 77 5559
34 79 9139
34 82 1535
34 89 9098
34 90 5167
34 94 5150
34 102 8834
34 103 1589
34 105 6985
34 112 4997
34 116 436
34 117 5485
34 120 6414
34 122 6432
34 125 2602
34 129 6989
34 134 6171
34 137 7620
34 147 4231
34 152 690
34 153 5735
35 36 6210
35 48 2560
35 50 5045
35 52 382
35 53 6846
35 58 1217
35 61 3642
35 64 5452
35 71 7726
35 76 6671
35 91 328
35 97 3135
35 99 6859
35 103 8596
35 105 7629
35 106 8869
35 108 6581
35 122 7707
35 123 3015
35 128 4925
35 129 6204
35 134 3391
35 136 8458
35 147 6288
35 155 1460
35 156 3450
35 158 6432
35 159 2606
35 160 7412
36 38 5828
36 43 4947
36 51 9513
36 67 3431
36 70 2225
36 84 6483
36 85 8140
36 90 3035
36 95 228
36 101 7948
36 107 1573
36 119 1191
36 132 9262
36 133 9505
36 134 6605
36 135 2606
36 140 3421
36 142 7442
36 157 8066
36 161 3154
37 38 7954
37 40 9916
37 47 7058
37 57 8810
37 63 3313
37 66 4669
37 67 9679
37 71 7008
37 72 4542
37 76 3752
37 81 4177
37 82 6700
37 86 1435
37 91 404
37 92 6771
37 103 6829
37 116 305
37 125 8758
37 128 207
37 134 9316
37 137 752
37 141 2548
37 145 4452
37 157 4146
37 160 7014
38 41 3117
38 47 1773
38 52 5778
38 57 2276
38 63 9062
38 71 5124
38 74 2468
38 77 8909
38 87 9822
38 88 7706
38 94 6377
38 95 3509
38 97 3152
38 98 4232
38 99 5147
38 102 5642
38 105 158
38 107 6439
38 108 1731
38 114 4120
38 116 8
38 117 1975
38 118 9933
38 119 8070
38 121 7598
38 125 1845
38 126 9465
38 127 2367
38 129 6275
38 134 5288
38 143 3526
38 146 5662
38 147 3063
38 154 2923
39 42 712
39 43 539
39 45 9354
39 46 3902
39 47 1115
39 49 1687
39 52 4806
39 53 1308
39 54 6466
39 61 2899
39 68 4549
39 74 1722
39 79 9226
39 82 4300
39 83 5871
39 85 2853
39 89 3812
39 96 5591
39 103 6842
39 105 2969
39 111 1874
39 116 6943
39 117 589
39 118 8832
39 124 8221
39 125 1580
39 130 8696
39 132 3266
39 134 4221
39 137 3250
39 140 9883
39 142 3097
39 143 2207
39 146 9451
39 150 6087
39 151 1137
39 155 4490
40 56 8158
40 58 5918
40 61 4746
40 65 8910
40 69 1409
40 80 8514
40 82 7254
40 84 9501
40 86 8667
40 88 2019
40 90 1120
40 99 2727
40 101 6054
40 103 4094
40 104 2901
40 109 5460
40 116 3293
40 120 915
40 125 448
40 130 3065
40 135 1828
40 140 5637
40 144 6882
40 145 7795
40 146 8383
40 150 2427
40 152 1157
40 159 7543
40 160 8593
41 42 8373
41 43 508
41 47 422
41 53 105
41 56 5003
41 62 8916
41 65 729
41 67 3376
41 70 3131
41 84 4615
41 88 5937
41 89 6068
41 98 1012
41 104 8968
41 107 1465
41 109 5634
41 119 8230
41 123 7351
41 131 6153
41 134 2157
41 137 1210
41 142 2113
41 144 7846
41 145 4780
41 147 8190
41 148 3565
41 150 7207
41 158 9891
41 160 436
42 43 3819
42 46 994
42 49 1386
42 53 7850
42 72 8261
42 73 1189
42 76 495
42 82 3037
42 85 984
42 90 2985
42 93 8598
42 95 7119
42 98 1080
42 105 1396
42 120 5512
42 122 2909
42 124 30
42 128 9019
42 134 9801
42 136 8747
42 141 1348
42 145 1907
42 149 1100
42 153 3828
42 154 8732
42 157 9082
42 161 5662
43 44 3222
43 50 1242
43 53 7379
43 56 4698
43 58 3640
43 59 4550
43 67 4473
43 77 3069
43 78 5701
43 85 3532
43 91 7264
43 92 124
43 93 4813
43 103 8509
43 104 8485
43 105 1631
43 106 3847
43 113 2583
43 115 3196
43 116 9754
43 117 7354
43 119 4337
43 121 9314
43 127 8118
43 129 3061
43 131 2745
43 132 6709
43 133 871
43 134 9505
43 140 9395
43 145 3161
43 150 2403
43 151 1507
43 154 4580
43 158 2780
43 160 6469
44 48 4297
44 50 2122
44 51 8867
44 56 7931
44 57 5924
44 59 7082
44 62 9157
44 65 4603
44 69 1829
44 77 8917
44 88 9800
44 91 4041
44 95 8531
44 98 6005
44 102 9449
44 110 773
44 116 9021
44 119 4427
44 123 3672
44 134 2041
44 141 6960
44 146 7361
44 150 6720
44 153 7551
44 154 3790
45 63 3788
45 67 1467
45 71 1053
45 74 1255
45 79 212
45 81 9165
45 86 6181
45 93 3985
45 96 6651
45 100 2197
45 103 4466
45 106 1710
45 107 9087
45 108 5596
45 111 8548
45 112 8050
45 119 5221
45 131 9786
45 134 9099
45 135 1419
45 141 8301
45 143 3527
45 145 2981
46 56 9801
46 60 8115
46 63 3776
46 69 8419
46 80 7081
46 84 902
46 91 3861
46 95 6771
46 97 2537
46 109 5428
46 123 6821
46 125 7057
46 126 6894
46 129 8384
46 139 868
46 140 3226
46 149 5666
46 150 2460
46 156 5359
46 158 2533
46 160 2563
46 161 9729
47 50 3003
47 54 8327
47 56 1804
47 59 9943
47 68 3642
47 71 8945
47 72 3157
47 74 7135
47 75 4713
47 79 2368
47 81 4832
47 82 8536
47 83 2120
47 87 3945
47 89 7932
47 96 1208
47 98 8345
47 100 3851
47 107 240
47 113 2937
47 121 811
47 122 1580
47 127 8120
47 131 36
47 134 2461
47 135 8018
47 137 1181
47 145 4454
47 146 3016
47 152 8608
47 153 9507
47 156 5339
47 157 9135
47 159 6501
48 54 1319
48 56 8936
48 57 1304
48 58 2418
48 66 9899
48 69 1881
48 70 5355
48 71 9645
48 74 2723
48 84 2028
48 85 5180
48 89 3412
48 90 4128
48 93 9791
48 99 7353
48 101 5015
48 103 9529
48 108 8311
48 112 6977
48 117 2734
48 120 9183
48 125 4958
48 126 8639
48 134 309
48 135 9144
48 140 1402
48 145 7885
48 151 3662
48 153 7573
48 161 5615
49 51 185
49 52 5568
49 67 5430
49 71 5374
49 75 2649
49 76 5849
49 79 3158
49 84 1990
49 85 469
49 87 696
49 91 7320
49 92 2021
49 101 7012
49 105 8016
49 112 9057
49 116 3698
49 119 8464
49 128 9699
49 132 2779
49 136 1774
49 137 6783
49 138 5555
49 141 3073
49 145 2899
49 152 2480
49 157 763
49 160 5476
50 54 3981
50 58 3490
50 60 3583
50 67 1575
50 69 3377
50 76 515
50 90 5707
50 91 571
50 103 1188
50 105 311
50 108 4635
50 112 8776
50 114 6513
50 121 3852
50 123 1059
50 130 5993
50 131 7290
50 134 2198
50 137 7874
50 139 5750
50 142 6167
50 144 1376
50 148 4804
50 152 9139
50 157 6847
50 158 1885
50 159 3028
51 58 1836
51 59 5400
51 68 2455
51 70 1910
51 72 1187
51 73 3872
51 84 9665
51 94 5667
51 96 1029
51 107 137
51 111 875
51 114 8824
51 122 1654
51 128 6557
51 139 5563
51 141 701
51 145 2654
51 150 2174
51 153 241
52 55 6395
52 56 8240
52 60 6664
52 62 1383
52 66 4310
52 71 5731
52 77 1257
52 85 7935
52 86 6420
52 88 7147
52 91 4407
52 101 3950
52 107 5772
52 109 3793
52 111 5100
52 117 543
52 119 4777
52 122 2504
52 124 6464
52 127 1336
52 131 7008
52 142 7894
52 146 9274
52 148 6053
52 149 706
52 156 9595
52 157 7011
52 158 6384
52 160 1331
53 54 7449
53 56 6658
53 58 9007
53 61 8668
53 65 3602
53 78 6517
53 80 933
53 82 6977
53 85 7543
53 86 1794
53 88 6424
53 89 7494
53 96 8177
53 97 1290
53 104 8293
53 110 1307
53 111 6178
53 114 7224
53 115 8950
53 116 7251
53 119 5541
53 125 6537
53 126 1447
53 129 9308
53 130 2318
53 132 1504
53 136 5314
53 139 5314
53 146 9451
53 148 1224
53 153 5
53 157 3650
54 64 2328
54 69 3001
54 78 5328
54 81 3441
54 93 9986
54 94 2918
54 95 539
54 97 4030
54 101 755
54 106 4366
54 107 494
54 108 7115
54 109 2373
54 114 5133
54 116 7348
54 121 7067
54 122 2089
54 128 8003
54 132 6611
54 134 943
54 136 6414
54 150 1569
54 153 4974
54 160 221
54 161 6943
55 63 9087
55 65 1704
55 67 4862
55 68 5737
55 70 6388
55 72 671
55 76 9293
55 77 3498
55 79 7781
55 82 2163
55 84 4754
55 91 7016
55 95 2849
55 96 9510
55 99 4985
55 117 2721
55 119 5740
55 120 9062
55 129 8417
55 131 7335
55 134 2943
55 135 4958
55 137 9852
55 145 1118
55 146 3432
55 149 6199
55 155 9613
55 157 9870
55 158 5656
56 57 6731
56 61 3608
56 70 352
56 74 4551
56 85 5438
56 87 2104
56 90 3885
56 99 4751
56 102 9505
56 104 1161
56 106 6670
56 109 7449
56 110 1019
56 114 1726
56 115 4479
56 119 7294
56 120 8389
56 123 1109
56 125 9675
56 127 9570
56 129 3416
56 133 6961
56 135 5298
56 139 4061
56 142 2574
56 143 5995
56 145 6286
56 146 6008
56 147 7239
56 149 7584
56 160 7896
57 59 5696
57 61 2185
57 65 572
57 66 8987
57 72 3556
57 80 3676
57 81 6782
57 87 8850
57 88 7073
57 106 4016
57 114 2336
57 116 8632
57 120 3452
57 130 1307
57 133 3464
57 139 4890
57 141 9016
57 145 1628
57 150 5439
57 153 8584
57 155 5883
57 156 5373
57 159 7955
58 61 2060
58 64 5943
58 68 2028
58 73 5892
58 74 228
58 78 6836
58 85 6663
58 92 840
58 93 1089
58 101 205
58 102 9375
58 106 3003
58 110 1722
58 119 7261
58 126 5734
58 133 5110
58 139 1456
58 144 5300
58 150 656
58 156 2430
59 60 85
59 62 6707
59 63 5048
59 67 3330
59 68 4368
59 69 4306
59 75 1355
59 83 7411
59 86 4702
59 88 9659
59 91 1598
59 106 5877
59 115 9688
59 120 4669
59 121 673
59 122 3901
59 123 8209
59 124 2459
59 125 7243
59 126 9727
59 127 4682
59 129 8673
59 135 1292
59 139 4819
59 146 4474
59 149 4144
59 152 4399
59 156 5354
59 158 1788
59 160 432
60 68 9387
60 74 4818
60 76 5384
60 80 3296
60 85 4733
60 88 8272
60 97 8005
60 99 2854
60 107 967
60 109 4691
60 111 986
60 114 9029
60 116 9132
60 118 1422
60 121 7505
60 126 7494
60 127 5002
60 132 940
60 140 7321
60 141 6680
60 145 1866
60 153 1577
60 154 8048
60 159 4154
61 63 2038
61 66 773
61 67 1011
61 74 5396
61 78 409
61 79 5782
61 83 5555
61 85 3774
61 91 1280
61 92 1753
61 95 2465
61 97 6301
61 107 616
61 110 6150
61 115 9597
61 118 8571
61 120 8178
61 121 234
61 124 9298
61 130 9951
61 132 245
61 136 5765
61 138 4923
61 141 4460
61 143 5860
61 146 8953
61 148 2219
61 149 1457
61 152 8955
61 153 2159
61 154 1888
61 161 5050
62 67 3075
62 74 8174
62 84 5223
62 94 496
62 95 3298
62 97 1215
62 99 670
62 101 3762
62 102 1377
62 107 1099
62 109 3104
62 116 5993
62 117 3499
62 121 2778
62 122 5597
62 125 3567
62 129 5775
62 131 6415
62 136 5570
62 138 3315
62 150 5376
62 155 5373
62 160 8987
63 67 4202
63 78 9240
63 81 1175
63 93 5621
63 101 4891
63 104 3999
63 112 5008
63 116 9889
63 122 7519
63 125 4958
63 128 9152
63 129 7437
63 131 4321
63 134 317
63 136 6277
63 138 2295
63 139 580
63 141 1730
63 142 4876
63 143 9423
63 144 3317
63 154 3307
63 158 6213
63 159 777
63 161 7602
64 66 752
64 71 3484
64 73 2132
64 76 2495
64 77 8099
64 83 6233
64 88 4952
64 90 7210
64 91 5558
64 92 7134
64 96 4115
64 98 4391
64 105 4887
64 107 6912
64 109 3320
64 111 1742
64 113 2292
64 114 3062
64 115 3426
64 117 8990
64 124 396
64 125 4444
64 131 9151
64 139 6934
64 141 5200
64 142 2984
64 143 221
64 149 6021
64 150 3025
64 151 1167
64 155 8582
64 157 2897
64 160 2039
64 161 1436
65 85 2119
65 91 5109
65 93 5745
65 97 964
65 98 1470
65 101 4740
65 104 2023
65 114 5638
65 115 1180
65 122 3875
65 129 5110
65 131 627
65 133 9148
65 135 915
65 136 5646
65 140 2983
65 142 5595
65 144 4963
65 151 5306
65 152 2466
65 156 2624
65 157 6013
66 78 6292
66 88 2314
66 95 7554
66 98 6329
66 100 6028
66 106 3503
66 111 9618
66 113 8920
66 114 8551
66 115 5656
66 117 2688
66 119 2289
66 125 5756
66 126 5417
66 134 7746
66 137 5271
66 140 6472
66 143 2407
66 144 3059
66 145 1937
66 149 1307
66 153 9236
67 74 1469
67 80 3078
67 84 3696
67 89 2190
67 95 3403
67 96 7224
67 98 2327
67 102 2109
67 108 8929
67 109 4926
67 112 7041
67 120 4091
67 123 4906
67 125 2056
67 130 8532
67 131 7169
67 137 952
67 142 306
67 148 7972
67 151 7222
67 154 5068
67 156 1546
67 158 3060
67 159 8466
68 69 7238
68 73 670
68 76 3065
68 86 479
68 87 8015
68 92 3819
68 96 4508
68 102 7338
68 107 7053
68 120 9082
68 123 3845
68 131 2597
68 140 8953
68 141 1848
68 147 5541
68 153 5409
68 154 7831
69 81 276
69 82 7096
69 88 78
69 89 530
69 90 1238
69 103 8511
69 108 2834
69 120 8898
69 121 2865
69 125 7389
69 126 1754
69 127 3937
69 134 8933
69 135 9373
69 138 874
69 143 6049
69 144 3508
69 146 7174
69 148 4233
69 153 7569
69 154 1310
70 78 6766
70 79 4873
70 86 9754
70 90 2733
70 92 204
70 94 5408
70 95 2281
70 96 3164
70 99 9115
70 100 4651
70 105 5240
70 111 1992
70 127 393
70 129 8274
70 134 7815
70 138 134
70 139 261
70 145 3928
70 147 1021
70 148 7689
70 150 9260
70 155 3593
71 72 2663
71 74 9905
71 75 8880
71 83 2634
71 88 2722
71 97 1585
71 99 3480
71 102 1245
71 107 8276
71 112 856
71 117 7918
71 121 7726
71 128 7459
71 131 951
71 133 6795
71 135 3639
71 136 6857
71 143 6076
71 144 2969
71 148 6344
71 152 8283
71 156 5933
71 158 5592
71 159 4204
72 75 6998
72 80 9373
72 86 9048
72 96 7561
72 98 7407
72 100 9024
72 101 5552
72 102 3271
72 104 5557
72 105 4519
72 109 6050
72 111 1489
72 115 3091
72 118 1058
72 124 5638
72 125 4798
72 126 9815
72 129 4413
72 130 9026
72 131 4779
72 139 9013
72 140 7495
72 143 6562
72 151 8655
72 153 8801
72 154 8477
72 157 9300
72 159 6972
72 160 8016
72 161 8764
73 85 6293
73 90 1492
73 92 4067
73 100 1424
73 105 5562
73 108 5268
73 109 897
73 111 7596
73 112 1039
73 123 8279
73 127 8815
73 133 6581
73 134 6826
73 140 3374
73 145 8316
73 146 3244
73 148 5560
73 155 5363
73 158 7572
73 160 1013
74 77 4122
74 82 309
74 85 423
74 87 3597
74 92 9559
74 100 8565
74 101 1039
74 106 3501
74 109 7960
74 112 2538
74 117 7757
74 118 4111
74 121 3254
74 126 4625
74 134 9866
74 138 5658
74 146 1317
74 152 3068
74 161 7606
75 78 7627
75 79 9896
75 81 6830
75 82 9397
75 84 472
75 85 5673
75 95 9489
75 98 9350
75 99 8945
75 108 350
75 110 5632
75 112 3586
75 121 1107
75 123 3160
75 124 8943
75 128 5782
75 130 3438
75 133 6601
75 136 1561
75 141 7277
75 142 5796
75 145 9922
75 148 7483
75 149 1528
75 159 5373
76 79 9291
76 82 3977
76 83 4431
76 85 7103
76 88 6114
76 93 2389
76 95 8590
76 99 4426
76 100 9861
76 103 1878
76 112 7717
76 117 6123
76 120 4486
76 121 5253
76 124 445
76 133 6532
76 146 8869
76 147 1792
76 149 6578
76 150 9784
76 153 3207
76 155 247
76 157 2335
76 158 9060
77 78 751
77 80 400
77 81 2118
77 82 9109
77 85 9241
77 88 8634
77 89 397
77 93 1983
77 94 178
77 97 1348
77 98 9559
77 107 9672
77 108 8331
77 111 5875
77 116 4614
77 124 7182
77 133 2801
77 145 7948
77 158 7875
77 161 9019
78 87 5588
78 105 6416
78 127 5152
78 129 6763
78 130 6975
78 134 6773
78 136 3139
78 137 550
78 139 4021
78 142 7440
78 143 9917
78 147 8949
78 153 4271
78 159 7794
79 80 3558
79 92 5959
79 94 5562
79 103 9835
79 106 209
79 111 3393
79 112 6197
79 113 2231
79 122 3789
79 125 317
79 127 6853
79 137 7012
79 143 9408
79 144 5460
79 150 1881
79 152 8765
79 159 9870
80 81 8821
80 82 2989
80 88 5915
80 93 5077
80 96 2126
80 98 9185
80 109 1132
80 114 8119
80 115 6318
80 116 9740
80 122 2986
80 125 6428
80 130 673
80 131 709
80 133 4060
80 136 2511
80 138 5322
80 142 5932
80 143 6074
80 145 365
80 152 4782
80 157 4890
80 158 3801
81 83 9170
81 85 1714
81 87 3981
81 91 9792
81 98 6771
81 118 5690
81 122 5318
81 124 9773
81 139 211
81 149 5734
81 150 6788
81 154 5956
81 155 8227
81 156 6082
81 158 2157
81 159 5236
82 84 1951
82 86 7096
82 87 1314
82 88 8125
82 92 7162
82 93 250
82 99 2657
82 100 9656
82 102 3154
82 103 4015
82 105 30
82 111 8500
82 112 6910
82 118 646
82 119 7300
82 125 154
82 131 9636
82 134 1812
82 143 1232
82 144 9698
82 148 199
82 150 645
82 154 7897
83 93 5011
83 95 4363
83 102 4690
83 111 9325
83 112 8425
83 117 216
83 118 566
83 127 6605
83 132 7398
83 134 734
83 135 571
83 140 4467
83 144 8298
83 147 6446
83 160 9528
84 86 4304
84 93 3283
84 97 4944
84 100 7737
84 101 1634
84 102 2455
84 105 6113
84 114 2401
84 119 2328
84 120 6877
84 121 6513
84 125 5585
84 135 8255
84 136 7594
84 137 9271
84 142 1587
84 148 3176
84 153 2918
84 159 532
84 161 6377
85 87 5763
85 91 8516
85 93 8295
85 98 4185
85 103 310
85 105 7688
85 108 821
85 116 6535
85 118 2809
85 122 8938
85 123 4849
85 125 6273
85 128 1816
85 130 4285
85 135 5942
85 138 4586
85 143 3709
85 148 1176
85 149 5775
85 151 3588
85 155 474
85 156 8502
86 91 608
86 92 9841
86 104 2863
86 108 4093
86 110 7922
86 114 7051
86 116 7479
86 120 8048
86 121 4227
86 124 3702
86 127 8694
86 129 7855
86 131 3715
86 135 1118
86 136 1929
86 140 7659
86 148 3699
86 152 4927
87 90 8431
87 92 3372
87 99 4970
87 106 5260
87 114 5703
87 125 5736
87 128 2261
87 129 1210
87 130 8319
87 143 9738
87 144 1478
87 147 9813
87 154 5309
87 155 301
87 158 3030
87 159 622
87 160 8870
88 92 1959
88 94 367
88 96 7057
88 98 700
88 109 1210
88 110 3183
88 116 4603
88 127 3813
88 130 656
88 136 5950
88 139 5704
88 140 3662
88 142 750
88 146 8776
88 148 6684
88 155 2910
89 96 9465
89 99 3579
89 103 75
89 105 1581
89 106 8310
89 108 3168
89 111 9150
89 114 4553
89 115 2774
89 122 1340
89 133 6264
89 135 7602
89 136 581
89 137 481
89 140 158
89 142 3736
89 146 8317
89 160 1076
90 91 1669
90 98 2681
90 100 9294
90 108 7717
90 110 4170
90 111 2994
90 115 2080
90 116 8097
90 118 6415
90 125 8454
90 127 9993
90 128 8632
90 129 5125
90 132 1205
90 145 6886
90 146 5992
91 92 3696
91 94 1031
91 98 7865
91 99 6073
91 102 1488
91 107 5146
91 108 5050
91 111 5961
91 118 6963
91 120 8673
91 130 3392
91 132 5609
91 136 6976
91 146 4569
91 148 2397
91 149 7754
91 151 1867
91 160 9019
92 97 495
92 100 177
92 101 9725
92 105 2327
92 107 9713
92 110 9952
92 115 2702
92 118 5365
92 127 7529
92 130 9444
92 140 2870
92 142 6802
92 145 5858
92 147 8867
92 148 9114
92 150 2800
92 152 1687
92 157 4742
92 161 3593
93 94 1881
93 97 55
93 100 650
93 102 1323
93 103 1601
93 105 28
93 111 3232
93 115 3918
93 116 8369
93 122 80
93 124 3805
93 132 2284
93 142 9241
93 145 2996
93 150 7318
93 151 4021
93 154 1188
93 161 1278
94 109 2275
94 115 6446
94 121 860
94 130 8338
94 131 21
94 134 6910
94 137 7194
94 141 3195
94 146 812
94 148 3815
94 151 8996
94 152 3365
94 155 605
94 158 3749
95 97 5987
95 99 4641
95 102 4067
95 105 3201
95 107 2503
95 113 491
95 115 5808
95 117 4891
95 121 5005
95 122 8625
95 128 4532
95 129 4935
95 132 9204
95 134 724
95 136 5453
95 137 9230
95 142 742
95 146 3654
95 153 6504
95 157 1960
95 160 3301
96 98 5045
96 104 1606
96 105 8863
96 107 2796
96 114 5361
96 120 4692
96 123 3967
96 124 3047
96 133 1250
96 141 544
96 143 1584
96 144 7339
96 146 6339
96 147 4255
96 148 7077
96 150 9424
96 153 5579
96 154 6209
96 160 9224
97 101 9693
97 110 205
97 112 4498
97 116 5959
97 126 3766
97 132 8543
97 133 946
97 134 2052
97 138 2486
97 145 6416
97 148 3373
97 154 2649
97 158 2430
98 99 6582
98 108 450
98 112 1295
98 114 2024
98 119 3785
98 124 5441
98 125 9082
98 130 8606
98 131 8751
98 132 7812
98 144 7932
98 145 3018
98 148 5748
98 150 3349
98 155 5429
98 157 930
98 159 536
99 104 6988
99 117 4906
99 118 2788
99 124 5144
99 126 6339
99 127 8284
99 131 349
99 136 912
99 138 4842
99 143 800
99 149 4352
99 157 9391
99 159 5941
100 102 6712
100 103 65
100 104 6322
100 105 4598
100 109 1787
100 114 9923
100 128 3333
100 135 7155
100 136 8166
100 137 2655
100 139 8752
100 142 700
100 145 6230
100 150 2105
100 154 178
100 159 4198
100 160 9987
100 161 6971
101 105 4121
101 109 3472
101 110 648
101 112 9520
101 114 3170
101 115 6336
101 117 1423
101 118 3794
101 123 4327
101 126 9951
101 128 8177
101 129 2829
101 131 4401
101 132 8461
101 133 7622
101 153 8127
101 154 3710
101 157 8268
102 103 525
102 106 197
102 114 4818
102 116 947
102 125 9105
102 128 1322
102 129 1282
102 130 9611
102 135 3209
102 136 7930
102 138 8599
102 146 8663
102 148 4701
102 149 8849
102 150 1845
102 157 739
102 158 4741
102 159 9308
102 161 3366
103 108 9044
103 111 1053
103 120 433
103 128 2901
103 134 5584
103 139 4235
103 142 7200
103 148 4551
103 150 4025
103 151 3074
103 159 9848
103 160 521
104 107 1882
104 108 8432
104 109 3285
104 113 7328
104 117 407
104 121 5422
104 125 9126
104 128 3384
104 131 9738
104 136 268
104 146 147
104 158 7439
104 161 6640
105 106 9771
105 107 2288
105 113 8199
105 118 9820
105 120 5898
105 122 2717
105 126 5652
105 135 1464
105 139 1768
105 141 1628
105 145 3997
105 147 6265
105 149 1378
105 150 820
105 151 5614
105 158 7930
106 109 6254
106 112 7754
106 113 9674
106 120 6630
106 126 7647
106 128 8931
106 131 7243
106 138 2773
106 141 4810
106 145 9187
106 157 7383
106 160 4575
107 110 5830
107 113 8767
107 114 1459
107 121 2890
107 125 6695
107 130 8839
107 133 4810
107 135 6212
107 140 779
107 141 7176
107 146 3454
107 148 6284
108 111 9267
108 113 8028
108 115 9693
108 118 1899
108 127 8008
108 133 3986
108 134 8655
108 138 2725
108 140 9304
108 144 6741
108 146 2448
108 153 1789
108 160 2876
108 161 8762
109 114 6118
109 117 8551
109 120 3352
109 122 57
109 133 7012
109 135 6956
109 137 9703
109 143 7326
109 146 550
109 150 3894
109 155 843
109 158 3452
110 114 7500
110 116 512
110 120 2302
110 124 4778
110 132 9454
110 140 5578
110 142 7079
110 159 1739
111 114 9017
111 118 9493
111 119 7328
111 125 3647
111 129 2625
111 138 2371
111 141 9473
111 147 3371
111 151 1468
111 154 6719
111 156 7657
111 159 5358
112 113 1915
112 114 7957
112 115 3766
112 122 9695
112 125 7112
112 126 5387
112 132 4567
112 133 1046
112 135 6135
112 137 5021
112 148 5790
112 149 8967
112 151 3619
112 155 1440
112 156 3901
112 160 1863
113 119 5059
113 121 438
113 122 5028
113 131 6051
113 135 7755
113 137 5623
113 138 5356
113 139 8799
113 143 3438
113 145 745
113 146 652
113 148 4896
113 149 7068
113 151 5707
113 153 5598
113 154 9409
113 156 4828
113 158 207
114 115 914
114 116 5265
114 125 6964
114 126 2456
114 129 8740
114 131 2902
114 136 9444
115 118 9768
115 119 7873
115 122 3937
115 128 7833
115 130 7427
115 133 6299
115 139 2597
115 143 8260
115 147 814
115 152 337
115 153 8570
115 154 9107
115 161 3916
116 117 3383
116 123 7514
116 124 6712
116 133 1662
116 137 8817
116 140 9182
116 145 1060
116 151 9682
116 154 7241
116 159 6090
116 160 5525
117 121 3932
117 133 806
117 134 1754
117 137 9541
117 141 7421
117 143 3898
117 152 805
117 153 8642
118 122 8055
118 126 7199
118 133 589
118 156 4608
119 122 6193
119 143 4557
119 150 2787
119 153 8136
119 159 6668
120 129 1845
120 132 7134
120 134 8558
120 136 9306
120 142 8535
120 145 6830
120 147 7806
120 150 9389
120 159 4259
120 160 2845
121 122 5785
121 125 3099
121 127 5284
121 128 9900
121 132 1989
121 133 4269
121 142 3285
121 144 5120
121 148 5991
121 150 4464
121 153 5722
121 160 6279
122 128 9349
122 139 3492
122 140 6380
122 141 41
122 142 334
122 143 5329
122 147 1688
122 150 7802
122 151 604
122 152 7804
122 153 8319
122 158 9168
122 160 328
122 161 2906
123 129 8945
123 135 5246
123 137 3213
123 153 8915
123 156 4626
123 158 168
123 159 1450
123 161 4129
124 125 9083
124 130 5837
124 138 5234
124 140 2170
124 142 4182
124 145 8064
124 146 2364
124 148 5801
124 153 3445
124 155 8358
124 156 2688
125 126 2122
125 134 7758
125 142 7590
125 144 6863
125 148 1477
125 150 756
125 152 3594
125 154 7492
125 155 7872
125 157 5616
125 160 4598
126 127 9406
126 135 8828
126 140 68
126 150 9554
126 152 9302
126 156 3556
126 159 569
127 134 9273
127 136 1173
127 137 523
127 141 3328
127 145 1000
127 148 1185
127 150 1553
127 152 5358
127 159 5205
128 135 8131
128 137 8539
128 142 4696
128 146 6303
128 159 7996
129 136 645
129 138 1276
129 143 9222
129 151 6323
129 160 9559
130 137 7178
130 139 7712
130 148 4183
130 149 4914
130 152 9973
130 160 5553
130 161 8074
131 132 5439
131 133 6792
131 141 6922
131 145 3385
131 149 9027
131 150 5295
131 151 97
131 155 4132
131 158 1125
132 135 6180
132 136 5343
132 138 7302
132 143 1330
132 144 442
132 151 7739
132 157 6045
132 160 6675
133 137 2295
133 139 8110
133 141 4439
133 142 299
133 156 9020
134 145 9907
134 146 245
134 155 9458
134 160 8511
134 161 4591
135 136 2470
135 142 4003
135 144 1787
135 150 9197
135 153 2142
135 155 7843
135 161 2365
136 140 5091
136 141 8435
136 144 369
136 146 1820
136 148 8598
136 149 225
136 151 1430
136 152 5668
136 153 9423
136 156 8841
136 161 1401
137 143 2363
137 144 8281
137 145 4858
137 146 9927
137 147 9504
137 148 5971
137 149 502
137 150 2677
137 152 6073
137 156 5824
137 161 1731
138 141 5328
138 146 9825
138 151 3090
138 154 1110
138 157 3102
139 143 4457
139 144 3291
139 149 4339
139 152 3599
139 154 3685
139 161 9029
140 143 290
140 147 7486
140 148 4167
140 154 8615
140 156 8612
140 161 5205
141 142 9245
141 143 8943
141 144 7211
141 145 7566
141 148 6198
141 149 3526
141 154 9241
141 157 8794
141 158 280
141 159 5952
142 147 8461
142 150 4286
142 155 7826
143 146 4784
143 147 9262
143 151 9827
143 161 1462
144 151 611
144 157 7542
145 150 799
145 156 7452
145 157 110
145 158 3561
145 160 4931
146 160 5724
147 149 4898
147 153 5128
147 157 7161
147 159 7285
148 153 587
148 155 2422
149 151 1487
149 152 1321
149 161 4969
150 151 9501
150 153 7351
150 154 7208
150 155 9270
151 155 3497
151 159 5102
152 153 3684
152 156 8296
153 156 6231
153 158 3773
153 160 1045
154 158 7251
154 160 7253
155 157 5653
156 159 354
157 158 5261
157 159 113
157 160 824
157 161 2123
158 159 7497
158 160 4535
