103 1316 118151 9
0 10 5870
0 13 5540
0 15 4942
0 23 7557
0 25 3493
0 27 1883
0 29 5274
0 34 8090
0 36 4767
0 37 7821
0 39 3951
0 46 5784
0 47 3060
0 51 9889
0 53 7624
0 62 5260
0 63 1027
0 65 5632
0 68 8433
0 70 4816
0 72 4558
0 76 2428
0 79 611
0 83 9383
0 84 3349
0 92 3834
0 95 5420
0 99 1867
0 101 9097
0 102 9220
1 3 5690
1 12 7834
1 21 201
1 22 9364
1 26 7739
1 28 3938
1 32 3580
1 33 8712
1 35 3973
1 41 7016
1 43 6573
1 57 7951
1 61 3081
1 66 9282
1 67 6934
1 74 1511
1 77 2829
1 78 2313
1 80 8752
1 82 7105
1 88 8765
1 89 8486
1 98 6919
1 100 9756
2 4 4033
2 14 763
2 15 1596
2 21 6033
2 22 9906
2 26 6382
2 30 9787
2 31 1804
2 33 1488
2 36 7654
2 37 7587
2 41 3168
2 42 4324
2 49 5795
2 50 8375
2 55 4418
2 58 2231
2 66 6911
2 71 281
2 76 2314
2 79 9186
2 87 3017
2 101 3107
3 10 5007
3 14 2321
3 19 6814
3 23 9238
3 25 3368
3 27 7350
3 33 3970
3 34 4515
3 39 7376
3 53 6223
3 54 2591
3 55 8233
3 61 2702
3 64 6628
3 66 7812
3 70 7728
3 72 8424
3 79 951
3 80 4638
3 84 2258
3 89 5681
3 90 984
3 92 3651
4 6 2785
4 7 7119
4 10 1153
4 18 4155
4 25 4815
4 30 5968
4 38 8442
4 41 9040
4 48 6121
4 49 3294
4 59 6071
4 62 5836
4 63 6846
4 67 7326
4 70 656
4 72 1635
4 75 3378
4 81 8834
4 85 8945
4 93 5964
4 102 1957
5 8 9104
5 9 3044
5 14 8624
5 17 8835
5 22 3646
5 32 1546
5 35 6695
5 39 8070
5 41 1022
5 46 4811
5 51 3648
5 53 2719
5 56 5246
5 62 2810
5 72 7617
5 76 1694
5 77 4025
5 79 7493
5 90 3071
5 93 2865
5 95 3531
5 102 280
6 17 8487
6 28 4580
6 38 2961
6 44 5771
6 46 5178
6 50 1777
6 56 9977
6 65 2856
6 68 9346
6 71 1337
6 73 9040
6 74 6898
6 76 1983
6 80 897
6 82 5716
6 83 6827
6 86 9262
6 88 7415
6 91 3501
6 97 5946
6 98 6755
6 102 4130
7 10 6692
7 13 2002
7 17 2115
7 20 9369
7 23 8531
7 28 8712
7 29 2488
7 30 814
7 31 9781
7 37 5062
7 38 1836
7 40 860
7 47 5188
7 54 6841
7 64 6127
7 74 1495
7 79 8043
7 89 8789
7 96 2497
7 97 3315
7 98 4018
7 102 5968
8 13 8526
8 16 9268
8 24 1790
8 25 4280
8 27 5871
8 28 8688
8 29 3521
8 40 1599
8 41 9265
8 45 9820
8 46 7007
8 47 3493
8 49 9556
8 63 8207
8 65 2824
8 83 9046
8 89 7394
8 90 1923
8 91 9631
8 93 7916
8 99 2682
8 100 4548
9 11 3983
9 19 8902
9 21 3326
9 24 1066
9 32 2799
9 35 3525
9 36 5758
9 40 7515
9 43 3343
9 44 9389
9 45 4895
9 46 5467
9 47 7620
9 48 5474
9 50 7323
9 59 8807
9 64 8167
9 71 5740
9 76 8887
9 81 1060
9 90 58
9 91 7289
9 92 8903
10 13 2442
10 15 8336
10 27 5815
10 28 8323
10 29 1452
10 30 1677
10 32 7035
10 34 1944
10 35 6128
10 40 8943
10 56 5708
10 58 791
10 59 2268
10 66 53
10 69 3869
10 77 5024
10 80 6859
10 81 6685
10 83 3576
10 88 3353
10 89 8367
10 92 9736
10 94 9077
10 97 2354
10 100 7065
10 102 1167
11 15 4769
11 21 955
11 22 3710
11 24 3557
11 32 7729
11 33 9134
11 41 381
11 44 3412
11 48 6799
11 50 6466
11 55 1745
11 62 529
11 65 9646
11 66 5011
11 74 1783
11 77 5317
11 82 8082
11 86 3534
11 90 5721
11 91 3453
11 95 138
11 96 6570
11 99 1019
12 13 2771
12 15 4161
12 17 4686
12 21 8920
12 29 5150
12 30 7536
12 31 6192
12 47 7676
12 49 1582
12 50 9585
12 52 2691
12 53 6199
12 54 3101
12 58 7878
12 64 7958
12 65 3729
12 67 3950
12 70 7037
12 81 9430
12 86 1685
12 89 1292
12 90 3721
12 91 3421
12 95 3410
12 99 5029
13 16 2752
13 19 1211
13 21 1430
13 23 3458
13 24 2395
13 26 3156
13 27 2685
13 38 2356
13 44 3881
13 54 3768
13 56 1480
13 57 1924
13 59 9439
13 65 472
13 67 7819
13 68 5457
13 69 861
13 70 9225
13 72 5442
13 75 5268
13 79 7292
13 80 3197
13 81 5538
13 82 6111
13 86 1639
13 88 409
13 89 732
13 90 9022
13 92 23
13 102 838
14 20 669
14 21 4232
14 22 4174
14 31 9134
14 32 8014
14 35 4110
14 39 4493
14 40 895
14 43 7354
14 45 715
14 49 4650
14 52 2435
14 55 4398
14 56 9675
14 58 45
14 59 8603
14 61 1934
14 66 6187
14 67 1375
14 68 6961
14 69 3359
14 79 1616
14 81 5036
14 82 8627
14 88 6176
14 92 5850
14 93 7119
14 94 7585
14 96 5410
14 99 5277
14 102 5880
15 18 970
15 19 3455
15 20 624
15 22 6225
15 26 7428
15 27 848
15 28 6221
15 29 2995
15 32 390
15 34 3
15 35 7282
15 37 9184
15 39 9620
15 49 4213
15 50 7914
15 53 270
15 57 6783
15 61 4102
15 77 5532
15 78 1806
15 80 1571
15 83 1199
15 94 829
15 96 4803
15 101 8225
16 19 703
16 22 8111
16 23 997
16 25 4697
16 26 730
16 28 4277
16 30 518
16 41 1494
16 45 4224
16 47 9538
16 60 912
16 63 240
16 64 8194
16 67 1484
16 77 3401
16 78 6030
16 83 8739
16 87 4696
16 89 8350
17 29 1313
17 30 8173
17 35 8699
17 38 3468
17 39 3444
17 47 4027
17 50 3169
17 53 7032
17 55 6194
17 57 218
17 59 3282
17 65 7687
17 72 5797
17 73 8501
17 79 9517
17 80 6560
17 82 2961
17 86 4096
17 92 9345
17 93 572
17 95 5931
17 102 3005
18 25 7005
18 30 2298
18 32 5142
18 34 5149
18 35 7716
18 37 7261
18 60 6164
18 63 262
18 66 925
18 68 4199
18 70 483
18 75 2417
18 76 4489
18 78 320
18 83 8970
18 88 1472
18 90 2807
18 91 6834
18 95 2284
18 101 6640
18 102 5843
19 29 7138
19 30 6783
19 37 1948
19 38 800
19 45 9460
19 47 5515
19 48 4453
19 50 9410
19 51 5693
19 52 50
19 54 2751
19 57 5196
19 61 5475
19 62 9632
19 64 9787
19 73 4196
19 74 3665
19 77 4235
19 82 4247
19 88 109
19 89 9526
19 91 2569
19 96 531
20 21 3656
20 22 8140
20 26 5802
20 30 1605
20 33 7053
20 34 2458
20 40 4279
20 43 404
20 50 1569
20 53 4384
20 60 7750
20 68 9572
20 70 2698
20 71 6360
20 73 3922
20 75 7932
20 83 4964
20 84 7605
20 88 708
20 89 6551
20 97 9962
21 22 6450
21 32 5215
21 33 1636
21 38 3256
21 40 9859
21 43 1194
21 46 6413
21 53 6866
21 56 9358
21 59 5770
21 60 4858
21 65 8714
21 77 7323
21 78 3640
21 80 4943
21 91 8800
22 24 9290
22 28 7156
22 29 1802
22 33 3963
22 38 6861
22 40 7674
22 41 1598
22 42 6314
22 44 7076
22 45 7091
22 48 405
22 49 9198
22 50 9197
22 55 4301
22 57 6998
22 58 2938
22 67 5769
22 73 3209
22 74 1172
22 87 6398
22 93 677
22 94 3841
22 101 9060
23 25 8147
23 36 1467
23 44 8206
23 51 555
23 53 6941
23 60 621
23 62 4313
23 65 1475
23 67 1883
23 74 1413
23 76 2656
23 79 9153
23 82 5657
23 83 9835
23 84 6034
23 88 1333
23 91 779
23 92 4410
23 93 6921
23 94 8524
23 95 2524
23 98 4197
23 99 8739
23 100 6162
23 102 810
24 27 618
24 29 9153
24 47 4546
24 54 5124
24 55 2038
24 57 7142
24 63 3720
24 71 6213
24 72 7926
24 75 6782
24 79 934
24 89 861
24 90 1563
24 93 5394
24 94 6037
25 26 2382
25 34 460
25 43 5851
25 44 8994
25 47 9010
25 48 7617
25 49 2863
25 51 6378
25 52 6296
25 53 6425
25 54 1142
25 56 8101
25 57 1805
25 62 5986
25 68 1762
25 76 8923
25 77 3746
25 82 2418
25 89 9147
25 91 6165
25 101 9668
26 27 6522
26 34 7350
26 41 2030
26 46 1634
26 47 178
26 55 9121
26 61 112
26 63 158
26 69 5322
26 77 4161
26 80 5319
26 81 422
26 83 164
26 89 1958
26 91 919
26 93 8821
26 96 5339
27 31 9410
27 34 3041
27 47 6784
27 53 3378
27 56 973
27 58 9979
27 71 2440
27 73 2388
27 74 1308
27 77 3404
27 79 8305
27 87 8534
27 91 3765
27 92 8841
27 93 7510
27 97 7007
27 101 3016
28 29 3662
28 31 1046
28 37 7750
28 39 2138
28 40 4980
28 45 8142
28 46 234
28 51 1026
28 54 7112
28 60 9454
28 64 5136
28 65 7201
28 67 1589
28 69 3336
28 73 1756
28 75 7314
28 76 4439
28 79 1457
28 84 6527
28 87 8436
28 97 501
28 99 3040
29 37 3025
29 38 5683
29 44 1759
29 46 1550
29 54 8118
29 55 5356
29 58 5762
29 63 1256
29 68 1366
29 69 9039
29 76 9778
29 83 3953
29 88 5901
29 90 9002
30 44 3663
30 45 1161
30 48 7457
30 49 1979
30 51 8681
30 54 5203
30 56 8116
30 57 7415
30 60 3254
30 66 6549
30 67 646
30 86 3513
30 89 4489
30 93 5480
30 100 64
30 101 1316
31 45 4064
31 55 4273
31 59 2250
31 64 1744
31 67 1966
31 70 8179
31 72 8592
31 74 8048
31 75 6170
31 76 5085
31 80 152
31 84 5312
31 91 6483
31 96 2664
31 97 9608
32 37 2633
32 43 4448
32 48 3968
32 52 1987
32 56 9136
32 57 2358
32 60 8070
32 61 4021
32 69 7298
32 71 3551
32 75 7383
32 85 5605
32 86 8328
32 89 21
32 96 1373
32 99 7879
32 102 1782
33 36 5484
33 49 1215
33 51 7108
33 52 6635
33 56 9474
33 57 7861
33 67 7939
33 77 3215
33 78 4164
33 79 6306
33 83 6554
33 84 1750
33 86 5064
33 87 9084
33 92 9043
33 96 6265
34 37 7633
34 40 1855
34 43 1663
34 50 3194
34 51 1919
34 52 7597
34 55 9247
34 61 7281
34 62 2012
34 68 8637
34 76 3987
34 81 4363
34 89 9771
34 94 457
34 98 4047
34 99 2666
35 47 5684
35 48 5507
35 51 8238
35 56 7062
35 58 6567
35 59 4588
35 67 2724
35 69 672
35 74 9415
35 77 1301
35 78 6648
35 79 8477
35 80 734
35 86 4796
35 91 2899
35 92 3177
35 95 9392
36 39 1473
36 44 6334
36 45 5695
36 48 2172
36 49 4671
36 50 3643
36 75 9239
36 78 3393
36 86 7548
36 95 4317
36 96 3050
36 98 241
37 38 391
37 42 3461
37 46 9229
37 47 7432
37 48 2048
37 49 5087
37 63 2690
37 64 8426
37 66 7294
37 72 7748
37 76 946
37 77 6616
37 85 9243
37 92 7018
37 93 5873
37 99 5024
37 101 9964
38 39 104
38 40 785
38 45 2741
38 47 8372
38 50 34
38 52 7047
38 59 95
38 69 8702
38 71 8145
38 74 5115
38 75 1783
38 79 282
38 81 6351
38 84 7646
38 86 7401
38 87 1388
38 97 2518
39 40 5521
39 41 339
39 43 2669
39 53 8674
39 54 7381
39 63 9146
39 70 5669
39 79 3957
39 81 9249
39 82 209
39 83 5770
39 86 7143
39 88 7492
39 89 2137
39 93 3267
39 100 408
40 41 7231
40 44 9018
40 45 9227
40 50 3500
40 51 5476
40 56 1020
40 57 4719
40 64 6538
40 73 2578
40 74 4342
40 77 9300
40 83 3707
40 85 5474
40 89 3543
40 90 1927
40 91 8255
40 94 4784
40 95 3693
40 96 9741
40 97 5097
40 102 7282
41 64 9368
41 66 3428
41 82 1709
41 87 7425
41 92 3384
41 97 5719
41 100 1674
42 49 6437
42 57 9153
42 62 7142
42 68 6523
42 72 9922
42 74 9016
42 80 1967
42 87 174
42 92 761
42 93 8203
42 96 2541
42 99 2934
42 100 7488
43 45 8208
43 46 1169
43 47 1859
43 48 6883
43 50 135
43 51 58
43 58 1474
43 65 5225
43 68 8445
43 69 167
43 77 250
43 81 8136
43 91 2801
43 92 7842
43 100 4714
43 102 7702
44 45 8919
44 55 1126
44 58 3146
44 59 2827
44 63 7424
44 69 8090
44 71 669
44 76 4842
44 80 659
44 84 6822
44 85 5929
44 94 5955
44 96 252
44 97 2675
44 99 4410
44 100 1205
44 101 4897
45 48 7338
45 54 4790
45 56 3316
45 57 3729
45 58 7607
45 63 8320
45 65 9721
45 69 2050
45 70 3506
45 71 7598
45 84 5394
45 87 2581
45 92 4819
45 93 1583
45 99 8324
46 49 7697
46 50 2480
46 54 6332
46 60 5412
46 68 1886
46 69 785
46 71 3127
46 77 5666
46 79 6295
46 82 7907
46 86 8495
46 87 2470
46 90 6824
46 92 8815
46 94 6217
46 100 1402
46 101 7677
47 51 6951
47 59 5783
47 65 5724
47 67 9399
47 75 4031
47 82 1919
47 86 2831
47 92 5074
47 94 2437
47 95 1124
47 99 6313
47 100 9778
48 50 907
48 54 3785
48 58 1466
48 63 1776
48 65 2767
48 66 5696
48 68 5772
48 73 3724
48 77 6562
48 87 8945
48 89 9219
48 99 1954
49 55 3214
49 57 8745
49 58 1227
49 63 8794
49 64 8364
49 72 1164
49 76 8368
49 77 8297
49 81 8293
49 84 3128
49 85 8843
49 88 755
49 90 8220
49 100 6721
50 51 7008
50 53 719
50 57 5359
50 66 3988
50 76 4554
50 81 606
50 84 8649
50 87 6282
50 89 5679
50 98 2362
50 99 3510
50 101 9176
51 52 9993
51 54 3804
51 56 1410
51 57 9077
51 62 748
51 63 5370
51 65 8588
51 66 5265
51 68 7923
51 71 1760
51 82 7295
51 88 7874
51 89 8926
51 94 3326
51 98 8172
51 100 8040
51 101 8180
52 55 1572
52 57 1962
52 63 3521
52 66 2853
52 69 7730
52 70 8710
52 74 4436
52 75 3242
52 76 1662
52 77 6927
52 79 3184
52 86 1499
52 87 3515
52 88 7651
52 89 1308
52 90 9824
52 95 8370
52 96 4094
52 102 2469
53 55 7245
53 58 6668
53 59 3990
53 62 4517
53 63 7382
53 64 8738
53 68 1138
53 69 1594
53 78 231
53 79 8627
53 80 6660
53 83 5858
53 89 6582
53 93 8370
53 95 6227
53 99 4953
53 101 2629
54 57 6738
54 63 9203
54 71 4568
54 81 7234
54 82 1286
54 88 898
54 90 2942
55 69 3659
55 71 6216
55 76 3728
55 78 8887
55 79 4216
55 83 4487
55 87 9550
55 98 348
55 101 3609
56 68 1945
56 70 9364
56 72 7343
56 75 4022
56 76 6443
56 84 3871
56 85 2517
56 88 3658
56 89 7729
57 59 3233
57 74 717
57 76 7569
57 80 1586
57 82 9553
57 90 5249
57 93 1383
57 95 7176
57 98 6544
57 100 6692
57 102 9439
58 59 6506
58 62 8586
58 67 3028
58 69 6947
58 70 1569
58 71 690
58 72 9525
58 81 1371
58 83 2361
58 90 6998
58 94 4513
58 101 8780
58 102 6841
59 63 8202
59 64 2190
59 65 8702
59 66 1540
59 70 6795
59 71 9474
59 74 2899
59 79 6792
59 91 2397
59 96 5184
59 101 9856
60 61 4191
60 63 5484
60 66 8979
60 74 8846
60 76 7868
60 80 2613
60 81 6388
60 84 8701
60 89 1336
60 92 3929
60 102 7294
61 62 1240
61 70 2311
61 72 4977
61 77 6284
61 83 5842
61 86 107
61 88 8266
61 90 2381
61 92 9197
61 97 295
61 98 2763
62 64 895
62 67 4012
62 69 4433
62 77 989
62 78 9913
62 82 3741
62 88 3881
62 91 7670
62 95 5318
62 96 1910
62 101 9313
63 72 5726
63 73 4372
63 78 7650
63 80 9391
63 82 891
63 85 8315
63 88 2235
63 90 9953
63 92 7865
63 96 6914
63 101 1934
63 102 7222
64 65 6399
64 67 8818
64 76 669
64 77 3034
64 79 5134
64 90 3573
64 102 268
65 67 5942
65 70 2345
65 72 8722
65 77 7411
65 78 567
65 81 8852
65 82 5294
65 92 6791
65 94 7617
65 95 7762
65 100 5872
65 101 6893
66 69 668
66 70 5071
66 87 6100
66 92 6327
66 101 3412
67 70 2717
67 81 9512
67 92 9395
67 93 1264
67 94 6437
67 100 1242
67 102 1752
68 72 5181
68 73 2244
68 76 2495
68 96 8921
68 98 6737
68 101 2422
69 70 6920
69 72 2000
69 76 8537
69 84 4271
69 88 3691
69 90 507
69 93 2649
69 95 6971
69 102 1631
70 75 2913
70 80 598
70 83 8339
70 90 7583
70 101 8209
71 85 2015
71 94 6353
71 98 8167
72 74 9216
72 77 1937
72 78 8469
72 101 7900
73 77 4658
73 88 6832
73 99 27
73 102 1897
74 76 1280
74 81 2516
74 85 4989
74 86 6476
74 92 8150
74 97 1804
74 100 8693
75 78 5160
75 87 506
75 92 2700
75 93 1283
75 99 1349
75 101 3025
76 83 6857
76 88 393
76 89 3010
76 90 707
76 92 9988
76 93 1359
76 97 1130
76 98 5199
77 80 999
77 82 172
77 84 4360
77 89 6688
77 91 3582
77 92 4763
77 93 1443
78 80 2237
78 85 4473
78 86 5553
78 90 1368
78 93 3157
78 95 19
78 98 8157
78 102 4627
79 81 2355
79 84 2623
79 85 4928
79 89 5194
79 90 960
79 95 7506
79 100 9340
79 101 7626
80 81 716
80 83 1110
80 87 1985
80 89 728
80 91 2162
80 97 5592
80 98 8638
80 101 1052
81 83 5630
81 87 2660
81 88 1877
81 89 956
81 93 6689
81 100 9400
81 101 1496
81 102 5020
82 94 1786
82 95 500
82 98 7766
83 85 5528
83 86 5065
83 87 2570
83 89 8363
83 91 875
83 94 4940
83 96 1103
83 98 6971
84 94 1908
84 98 2497
84 100 9219
85 87 162
85 92 3636
85 94 6265
85 97 6642
85 98 5376
85 101 8406
85 102 3993
86 87 9089
86 88 4953
86 89 2572
86 91 7500
86 93 6624
86 98 38
86 101 1088
87 93 8602
87 95 8515
87 100 2262
87 102 8652
88 100 2173
88 102 9056
89 91 3969
89 95 5262
89 101 8805
90 95 3792
90 99 1332
90 100 8681
91 98 2790
91 102 3867
92 95 4177
92 98 5518
92 101 7723
93 98 8223
93 100 2314
95 99 9016
96 101 3963
97 98 3246
99 100 186
99 101 9099
100 102 738
