47 4715778
3564 41851
2050 131726
2382 241933
0 156583
2664 183134
3173 323408
2118 147862
1567 103863
2981 86114
3026 256750
2667 211226
3209 119233
778 95702
806 194077
2902 56840
2900 166459
719 191082
2531 321430
2056 328239
1365 177012
2892 137539
3171 2291
2013 74939
1185 182212
1864 440902
242 205161
3176 252152
2346 278560
1555 16972
2360 448970
3515 108532
3194 81818
210 281963
760 119696
549 235328
2258 272690
1441 22693
2304 453737
486 231453
885 466525
241 419870
164 300437
47 277864
361 18301
1747 103243
516 115012
1032 470475
