234 6810 10043 31
0 3 3378
0 4 5866
0 12 6417
0 13 9728
0 14 5925
0 21 1818
0 22 7805
0 26 1040
0 27 5996
0 44 1108
0 52 8562
0 55 2685
0 56 3741
0 61 9121
0 65 8960
0 67 3087
0 72 4069
0 73 6875
0 77 7093
0 79 9493
0 80 8033
0 85 7419
0 88 7873
0 89 3341
0 90 2102
0 93 4020
0 94 5682
0 95 6861
0 96 5887
0 100 9478
0 107 1279
0 109 1333
0 112 8450
0 115 9431
0 116 6667
0 121 6965
0 123 1234
0 127 8289
0 129 2479
0 132 3913
0 136 5966
0 140 6599
0 141 3746
0 148 2284
0 149 9385
0 152 4201
0 156 2495
0 161 4474
0 166 116
0 173 7791
0 176 2208
0 180 1473
0 181 5121
0 183 1386
0 188 3220
0 201 1465
0 203 714
0 204 3667
0 213 8218
0 215 7404
0 218 131
0 219 7136
0 224 6072
0 225 8291
0 227 8968
0 230 334
0 231 577
0 232 8237
1 3 9587
1 7 6562
1 8 6306
1 15 1779
1 18 7269
1 20 4670
1 21 444
1 30 3831
1 36 3862
1 41 8198
1 46 471
1 54 1831
1 69 7226
1 71 259
1 73 7921
1 75 9381
1 76 6319
1 78 6643
1 79 6530
1 80 3593
1 85 5464
1 86 3286
1 91 913
1 95 7075
1 104 6108
1 106 2597
1 109 6580
1 116 3728
1 117 1270
1 118 3714
1 120 5570
1 122 2370
1 129 9172
1 133 939
1 134 5436
1 137 2943
1 138 4493
1 146 2144
1 147 9319
1 153 8490
1 156 9352
1 160 4310
1 162 6094
1 164 259
1 169 8868
1 176 601
1 183 2904
1 188 5163
1 190 5616
1 199 3009
1 200 6158
1 201 4058
1 205 8408
1 206 4143
1 207 7558
1 210 2480
1 219 9700
1 224 6959
1 226 9247
1 228 7945
1 231 24
2 3 6620
2 5 6166
2 16 7617
2 20 181
2 28 3969
2 29 9245
2 30 8877
2 34 7287
2 35 2951
2 38 4185
2 45 5842
2 46 7851
2 48 5464
2 52 2627
2 59 4207
2 60 3202
2 73 1756
2 75 7086
2 88 4846
2 89 2950
2 90 6449
2 91 1860
2 92 6347
2 94 6258
2 100 8110
2 104 2543
2 107 1047
2 109 4127
2 112 7018
2 127 6936
2 134 2922
2 136 7486
2 140 3063
2 145 5064
2 146 7723
2 153 8606
2 154 1004
2 162 1382
2 163 6883
2 164 4314
2 166 5671
2 178 4783
2 179 5443
2 183 9100
2 185 582
2 188 7590
2 191 9441
2 193 9476
2 195 9200
2 196 2492
2 204 1487
2 206 5255
2 212 546
2 213 4565
2 216 5904
2 222 209
2 223 7353
2 229 6540
2 232 5953
3 4 5075
3 5 8077
3 6 7456
3 8 6714
3 16 8102
3 17 5890
3 18 4625
3 19 6017
3 24 4339
3 25 1523
3 29 1149
3 30 6518
3 31 6330
3 38 8461
3 50 4743
3 56 6090
3 58 5590
3 60 7456
3 61 8280
3 69 4096
3 70 5700
3 71 8981
3 80 4792
3 87 4613
3 88 1700
3 94 3444
3 99 3313
3 100 5310
3 103 7000
3 105 8744
3 106 9767
3 110 2897
3 111 1779
3 112 3909
3 114 2935
3 115 8799
3 118 8568
3 121 7895
3 123 7634
3 125 8695
3 134 6670
3 139 9950
3 144 239
3 151 575
3 156 7893
3 157 4907
3 159 8220
3 165 3235
3 171 6779
3 178 2302
3 187 3095
3 189 7173
3 192 2365
3 200 6979
3 202 4964
3 203 838
3 204 8855
3 206 8377
3 207 812
3 208 9283
3 210 2389
3 224 623
3 228 7586
3 229 137
3 230 7937
4 5 2416
4 10 9470
4 15 290
4 20 7063
4 21 1531
4 22 7511
4 23 2355
4 24 5154
4 29 6372
4 32 3503
4 37 2018
4 42 5747
4 47 2617
4 51 9102
4 57 2886
4 64 3408
4 67 7533
4 73 4006
4 74 3301
4 76 6631
4 83 3504
4 85 5159
4 89 3687
4 91 3076
4 95 6404
4 98 6246
4 107 3529
4 110 8888
4 119 5638
4 121 6437
4 132 5610
4 136 6934
4 140 8830
4 141 2832
4 146 8757
4 148 3378
4 153 9841
4 155 928
4 162 9978
4 164 9580
4 166 1168
4 168 8576
4 169 1493
4 171 7372
4 177 4873
4 179 9160
4 180 5709
4 181 7929
4 182 9329
4 183 1129
4 192 8098
4 193 6179
4 195 1668
4 199 3531
4 205 4199
4 207 4384
4 211 5435
4 213 940
4 222 5953
4 223 7450
4 229 4546
4 230 4316
4 231 4961
5 6 6512
5 9 7170
5 13 7324
5 24 9644
5 32 8817
5 33 7602
5 41 5785
5 42 278
5 44 7262
5 46 9640
5 47 2694
5 52 7375
5 53 240
5 56 7913
5 62 4407
5 69 2223
5 71 6155
5 72 9587
5 76 3350
5 77 3043
5 85 7459
5 88 9842
5 91 7739
5 92 2344
5 94 558
5 96 6332
5 101 9079
5 106 8215
5 107 8834
5 116 4621
5 127 2993
5 131 4978
5 134 301
5 136 4214
5 145 4061
5 150 8406
5 156 8675
5 159 4204
5 161 690
5 171 5069
5 178 7463
5 180 8794
5 181 9824
5 189 6664
5 196 5840
5 197 9639
5 214 5768
5 218 8921
5 219 3918
5 221 4371
5 222 6845
5 226 6067
5 229 3291
5 230 5472
6 14 7708
6 17 2712
6 23 7840
6 25 911
6 33 9590
6 36 8651
6 37 2774
6 38 1539
6 45 4899
6 52 3860
6 59 2967
6 62 6743
6 63 9057
6 64 6121
6 68 9853
6 69 6033
6 73 7425
6 74 8663
6 75 8592
6 76 5682
6 77 1794
6 78 403
6 81 6789
6 82 4603
6 87 8499
6 88 4891
6 89 2654
6 93 9529
6 99 3047
6 103 3562
6 111 4572
6 118 5951
6 125 9263
6 131 4092
6 135 1652
6 137 5016
6 143 1343
6 147 880
6 148 9686
6 157 1857
6 158 2014
6 163 7945
6 165 3642
6 167 5084
6 174 1638
6 177 7781
6 178 6196
6 187 4703
6 194 5228
6 196 3756
6 202 8470
6 207 8638
6 208 8566
6 212 2185
6 218 9916
6 231 6863
7 8 620
7 16 4571
7 32 9871
7 36 9474
7 39 1864
7 40 1970
7 44 6000
7 50 5918
7 53 9736
7 57 3651
7 59 3449
7 61 1325
7 65 4638
7 69 3579
7 72 387
7 75 1078
7 76 8289
7 77 9979
7 78 2323
7 84 5535
7 87 9955
7 102 589
7 104 7135
7 107 3917
7 109 6067
7 117 4120
7 119 5223
7 123 2880
7 134 2233
7 138 2673
7 139 1464
7 144 8406
7 162 7528
7 172 1330
7 175 9372
7 188 199
7 191 2645
7 198 3314
7 199 9719
7 202 481
7 205 2604
7 207 7595
7 211 3785
7 225 5589
7 228 8975
7 229 1848
7 232 7142
7 233 7419
8 15 7163
8 17 1714
8 20 9196
8 21 4004
8 25 988
8 36 9828
8 37 9308
8 39 5009
8 40 69
8 43 4631
8 54 6310
8 63 9409
8 64 4280
8 66 5129
8 68 4982
8 69 1583
8 76 4029
8 82 1411
8 86 2654
8 91 4305
8 93 7521
8 101 9320
8 104 1381
8 106 7376
8 109 6093
8 110 3508
8 113 5321
8 118 6663
8 120 4714
8 125 5301
8 126 1670
8 137 7642
8 140 7808
8 142 4299
8 146 5707
8 148 2503
8 150 6998
8 154 832
8 156 1475
8 159 1369
8 165 2899
8 167 5371
8 169 3507
8 171 1216
8 172 7089
8 175 7702
8 184 2205
8 189 181
8 192 7634
8 196 553
8 199 1846
8 201 5575
8 202 7037
8 203 8499
8 204 733
8 205 1594
8 211 5048
8 215 1949
8 216 7051
8 218 5612
8 221 6076
8 223 879
8 226 403
8 227 8563
8 233 6248
9 12 997
9 13 5425
9 14 2152
9 16 5419
9 18 2814
9 21 9606
9 22 3730
9 23 6697
9 31 3794
9 33 5431
9 34 3212
9 36 3648
9 37 6028
9 40 6273
9 42 4030
9 47 9449
9 49 8998
9 51 6136
9 55 6625
9 64 1585
9 68 612
9 72 9730
9 79 2089
9 82 9722
9 85 3956
9 88 6246
9 90 2708
9 92 6647
9 94 2388
9 97 4026
9 98 9585
9 103 5285
9 104 666
9 107 2579
9 109 8002
9 112 4067
9 118 4223
9 122 9967
9 125 8311
9 130 3099
9 131 4273
9 134 2782
9 139 2707
9 151 1396
9 152 3208
9 153 7462
9 154 29
9 155 2272
9 157 8808
9 161 8485
9 162 4500
9 165 9280
9 168 1618
9 177 8341
9 179 8073
9 180 3295
9 189 5472
9 190 6566
9 193 80
9 194 911
9 198 8749
9 201 2552
9 203 1450
9 204 2442
9 206 5117
9 207 7955
9 208 7745
9 214 1041
9 216 1752
9 218 2589
10 18 9562
10 21 1333
10 23 7281
10 34 7577
10 38 3468
10 40 8870
10 43 7676
10 46 4512
10 47 9520
10 56 7821
10 59 3815
10 65 1216
10 72 3197
10 76 5809
10 80 1177
10 85 3113
10 86 134
10 87 1534
10 94 137
10 96 3941
10 104 7729
10 105 4566
10 108 5647
10 119 8542
10 129 3821
10 132 3710
10 134 9597
10 136 9094
10 137 6255
10 140 7299
10 141 744
10 145 8336
10 147 9030
10 148 1841
10 151 2299
10 160 1816
10 173 5715
10 176 6722
10 178 880
10 183 9536
10 190 7940
10 191 6280
10 193 9325
10 205 8744
10 207 3698
10 210 7381
10 213 9011
10 218 6169
10 220 8340
10 223 1472
10 227 6265
10 228 8671
10 229 680
10 231 2103
10 233 7257
11 12 2863
11 13 8317
11 20 1605
11 21 2471
11 25 5668
11 32 7725
11 33 3111
11 34 8808
11 36 3864
11 38 620
11 42 9655
11 46 7719
11 49 890
11 55 728
11 56 6854
11 57 6751
11 58 9291
11 62 3964
11 66 4698
11 69 7863
11 74 2726
11 77 376
11 82 8171
11 84 8617
11 90 5464
11 93 8480
11 97 378
11 98 8245
11 101 8258
11 104 1105
11 107 2620
11 108 5041
11 114 2658
11 116 2254
11 127 7850
11 128 7757
11 135 3958
11 140 9111
11 141 325
11 142 8884
11 150 7707
11 151 5808
11 156 1422
11 162 2789
11 164 3373
11 169 9659
11 177 9533
11 179 8469
11 180 3575
11 182 7869
11 183 4649
11 184 617
11 189 5279
11 193 6430
11 195 9551
11 197 8691
11 199 3045
11 205 6466
11 210 7624
11 212 9055
11 213 6599
11 227 6249
12 13 3894
12 14 7009
12 16 176
12 18 9522
12 34 6320
12 37 8717
12 45 1749
12 46 8330
12 62 8632
12 76 6080
12 78 1440
12 85 7604
12 89 3387
12 91 3890
12 94 3568
12 96 4889
12 108 1009
12 111 1346
12 114 3320
12 118 6724
12 120 4466
12 129 4961
12 133 944
12 140 4910
12 141 8481
12 143 177
12 145 2584
12 152 3379
12 153 6423
12 155 3338
12 163 7059
12 171 3128
12 175 8503
12 177 4936
12 181 2101
12 184 1650
12 185 3863
12 186 3721
12 193 6751
12 196 1747
12 202 4733
12 207 4562
12 214 5837
12 216 2525
12 220 4173
12 232 3823
13 17 7215
13 20 6087
13 21 3593
13 22 3049
13 29 1681
13 43 462
13 44 5965
13 46 7079
13 48 2321
13 53 1377
13 65 9568
13 70 3939
13 83 9613
13 84 7908
13 85 260
13 86 3551
13 87 4508
13 91 28
13 97 6899
13 109 6102
13 113 7736
13 114 1283
13 118 7745
13 121 3964
13 124 418
13 125 8526
13 127 6177
13 129 2588
13 132 967
13 133 4791
13 137 6652
13 142 368
13 146 693
13 148 1117
13 149 7813
13 150 8794
13 153 49
13 154 8423
13 160 7861
13 163 7820
13 165 4483
13 169 942
13 176 436
13 180 9557
13 182 9486
13 190 1934
13 197 7868
13 201 5718
13 206 761
13 214 498
13 215 7519
13 223 699
13 226 572
13 232 8386
14 38 4965
14 40 5374
14 54 5144
14 67 4456
14 80 4255
14 95 1807
14 96 2734
14 100 9397
14 103 3347
14 104 5713
14 115 1128
14 119 3818
14 121 3323
14 124 5823
14 136 9452
14 139 140
14 142 5249
14 143 3990
14 146 4622
14 151 4762
14 152 2263
14 159 675
14 163 9497
14 165 8547
14 167 2279
14 168 4091
14 169 6173
14 177 4124
14 179 9154
14 181 7717
14 185 7204
14 186 6217
14 189 9074
14 190 3204
14 192 4458
14 196 4369
14 203 9346
14 210 1298
14 212 4381
14 213 1750
14 215 5588
14 219 8724
14 222 1595
14 227 4747
14 230 6466
15 16 7936
15 19 9976
15 22 8208
15 23 9961
15 28 7194
15 30 2438
15 32 1160
15 34 5079
15 36 34
15 37 2905
15 39 4560
15 41 7160
15 44 4977
15 45 719
15 48 8485
15 51 2140
15 56 9209
15 60 9503
15 62 8558
15 65 8791
15 77 8505
15 83 2729
15 91 3039
15 97 8519
15 100 3485
15 105 6046
15 107 9004
15 113 2493
15 116 1980
15 125 8269
15 128 2211
15 131 6675
15 133 9309
15 139 9103
15 149 6353
15 152 4570
15 154 4501
15 155 8311
15 156 5125
15 161 7860
15 163 1234
15 173 36
15 176 6690
15 186 8417
15 187 4916
15 189 1890
15 190 1682
15 193 2570
15 195 7600
15 196 5095
15 198 5414
15 201 3798
15 211 2993
15 216 8176
15 217 7097
15 219 2712
15 220 4011
15 221 5797
15 222 5741
15 228 1343
15 229 4808
15 233 7150
16 26 4988
16 30 4690
16 31 7091
16 34 2358
16 37 3700
16 41 3481
16 42 3349
16 44 9863
16 50 8398
16 52 4501
16 71 2927
16 72 7537
16 73 4286
16 78 4604
16 83 5267
16 84 7146
16 87 57
16 91 1301
16 94 9001
16 99 9690
16 100 5908
16 113 5412
16 114 3780
16 116 3508
16 119 7971
16 125 7763
16 129 1715
16 130 1335
16 131 2622
16 136 5886
16 137 365
16 140 891
16 148 8767
16 150 5460
16 152 6640
16 156 8546
16 164 5694
16 171 2817
16 181 4609
16 182 3106
16 183 5025
16 188 201
16 192 9847
16 202 3535
16 205 6717
16 206 3776
16 208 8154
16 211 799
16 216 7694
16 221 988
16 225 5383
16 232 4952
17 19 1692
17 20 6958
17 30 7277
17 32 6325
17 51 7945
17 56 3403
17 58 5541
17 61 600
17 63 2069
17 68 8074
17 70 3424
17 71 2200
17 74 7019
17 80 7970
17 82 9473
17 83 3553
17 84 2133
17 89 611
17 103 5346
17 106 3022
17 107 2526
17 112 6146
17 113 2722
17 119 4858
17 127 3170
17 130 9545
17 133 5041
17 134 4686
17 149 9588
17 150 2076
17 151 8705
17 153 1421
17 158 1599
17 162 6036
17 167 2763
17 172 662
17 184 1705
17 186 7446
17 188 2571
17 189 1813
17 190 9377
17 193 3430
17 195 5558
17 197 4410
17 198 7561
17 204 5055
17 207 7055
17 213 3055
17 218 6418
17 220 7511
17 222 3834
17 223 9330
17 227 1182
17 229 2654
17 230 9780
18 22 339
18 28 322
18 30 8047
18 43 7573
18 45 9535
18 49 6599
18 53 4738
18 56 7754
18 61 475
18 65 5489
18 70 3536
18 80 9035
18 83 8118
18 87 5176
18 90 70
18 94 8736
18 101 2471
18 105 3430
18 107 4978
18 111 5484
18 116 1109
18 120 7076
18 124 207
18 126 798
18 131 8322
18 135 2030
18 137 9543
18 140 9311
18 145 593
18 146 70
18 148 8610
18 149 2684
18 158 8663
18 166 1456
18 167 6842
18 169 1805
18 177 7749
18 187 3589
18 189 3
18 191 4138
18 199 7804
18 201 8411
18 204 7233
18 205 8187
18 209 8983
18 227 3766
18 232 4599
19 26 5914
19 30 8432
19 36 3678
19 37 2748
19 42 4960
19 43 4069
19 50 8208
19 54 480
19 56 6163
19 58 9027
19 67 8289
19 68 8881
19 70 7317
19 81 259
19 83 6477
19 85 606
19 86 5583
19 88 3475
19 90 3278
19 93 4762
19 95 489
19 102 3908
19 108 3490
19 114 598
19 118 2368
19 122 2050
19 125 4830
19 127 3811
19 129 7611
19 131 5069
19 149 1991
19 152 343
19 154 1854
19 158 4913
19 163 3265
19 166 9340
19 169 8740
19 170 4756
19 171 6083
19 172 6379
19 177 734
19 183 2857
19 184 4917
19 190 6485
19 196 5926
19 200 9580
19 202 6601
19 204 2208
19 210 3205
19 213 5726
19 214 2516
19 223 4048
19 229 7828
19 231 5113
20 21 9803
20 24 9159
20 26 5160
20 30 9492
20 31 5560
20 38 9671
20 41 3803
20 52 2065
20 55 7996
20 63 8920
20 69 3128
20 75 6305
20 86 2255
20 89 9810
20 90 3539
20 91 1944
20 101 3612
20 105 4963
20 110 963
20 115 1334
20 118 587
20 126 4705
20 132 2028
20 135 1636
20 138 4722
20 139 8614
20 143 3488
20 151 1434
20 152 5944
20 167 3528
20 176 5915
20 178 5714
20 179 4170
20 180 9375
20 185 6314
20 190 6044
20 197 3822
20 201 1757
20 203 8762
20 206 4980
20 209 5858
20 210 4955
20 219 9891
21 23 6220
21 29 2683
21 30 4606
21 33 9403
21 39 8645
21 42 4045
21 47 4776
21 49 58
21 55 9973
21 57 9044
21 58 649
21 60 103
21 68 1057
21 71 2442
21 72 6866
21 80 5206
21 84 6079
21 87 3477
21 93 7090
21 95 8633
21 102 4155
21 105 3840
21 107 8627
21 109 9279
21 110 4974
21 111 8655
21 121 6714
21 136 5490
21 162 971
21 164 1662
21 171 340
21 177 4751
21 179 5247
21 180 5379
21 181 8729
21 184 7281
21 195 1537
21 197 9919
21 201 9361
21 208 6838
21 216 9745
21 217 7370
21 220 1929
21 223 9238
21 226 4283
21 231 1225
21 232 1863
21 233 8340
22 28 2579
22 33 893
22 37 5127
22 47 3749
22 50 4451
22 51 302
22 55 1766
22 57 926
22 62 1531
22 67 4428
22 72 6798
22 74 9714
22 81 6327
22 84 3929
22 87 8538
22 97 6109
22 98 3606
22 100 811
22 102 82
22 105 7884
22 118 8792
22 123 9921
22 124 209
22 126 5670
22 129 4499
22 132 3741
22 136 8111
22 137 1362
22 140 3212
22 146 8309
22 150 9322
22 157 5690
22 168 8558
22 169 4048
22 173 3147
22 174 9835
22 179 5518
22 182 2195
22 185 652
22 188 9220
22 190 9281
22 192 856
22 194 608
22 196 9936
22 204 2491
22 207 9359
22 210 6497
22 215 3135
22 221 9203
22 228 7255
23 30 1126
23 33 669
23 34 4665
23 38 9245
23 39 6426
23 40 1987
23 41 39
23 46 8579
23 47 9386
23 49 7021
23 56 1902
23 59 4337
23 61 9710
23 67 6359
23 73 3275
23 74 7393
23 75 5297
23 76 5159
23 79 8244
23 81 6190
23 88 2164
23 89 3644
23 96 2213
23 97 4174
23 98 4964
23 100 6076
23 101 4147
23 102 5257
23 103 2679
23 112 2739
23 119 2054
23 126 3426
23 130 4562
23 131 4891
23 135 4527
23 136 8946
23 141 4041
23 143 3302
23 145 6515
23 146 9445
23 147 5312
23 149 6315
23 158 1496
23 159 4300
23 164 4449
23 171 411
23 174 6285
23 177 6668
23 182 9165
23 191 6611
23 195 251
23 197 1352
23 202 5149
23 205 126
23 209 6021
23 214 3433
23 218 2804
23 228 9395
23 229 5839
24 26 9538
24 27 3852
24 32 7802
24 34 3967
24 40 5469
24 42 4045
24 44 8766
24 47 8392
24 49 8466
24 50 5693
24 52 7237
24 53 3436
24 58 849
24 71 3308
24 74 6772
24 87 6257
24 92 6528
24 94 771
24 99 5190
24 100 4494
24 102 4976
24 104 6730
24 105 1936
24 112 8901
24 114 439
24 117 9233
24 118 7173
24 123 2495
24 124 5681
24 128 6913
24 144 7286
24 158 1270
24 162 4017
24 170 5622
24 172 2393
24 180 6032
24 181 2712
24 182 7406
24 184 8177
24 186 7255
24 200 9667
24 203 5479
24 207 2237
24 210 6424
24 218 2813
24 219 6823
24 225 7142
24 226 8377
24 228 5216
24 231 198
25 29 6745
25 34 6226
25 36 4591
25 41 1494
25 50 7580
25 57 7917
25 63 5102
25 64 8156
25 65 560
25 71 8619
25 79 6118
25 81 9694
25 82 7326
25 86 8662
25 88 6783
25 93 6494
25 96 1617
25 101 2452
25 107 50
25 109 1557
25 115 8808
25 119 4833
25 120 4625
25 134 5614
25 141 2702
25 143 4714
25 151 3702
25 159 5055
25 165 4247
25 166 9810
25 169 6729
25 172 6808
25 173 1435
25 186 8087
25 188 1015
25 190 9851
25 192 9915
25 193 8187
25 196 5817
25 197 2164
25 199 8944
25 200 8558
25 213 1011
25 218 1816
25 219 7571
25 224 608
25 227 3366
25 233 4614
26 27 6806
26 32 6470
26 33 4624
26 34 9966
26 35 8067
26 43 5388
26 44 4847
26 47 6306
26 51 3795
26 54 8597
26 60 481
26 65 3069
26 68 4190
26 71 414
26 72 4728
26 74 9889
26 78 307
26 83 2329
26 86 8379
26 87 6178
26 108 7435
26 114 5086
26 115 8868
26 117 3331
26 121 2239
26 123 7789
26 125 9800
26 137 2810
26 141 362
26 144 1739
26 156 4680
26 159 6599
26 163 8660
26 165 7085
26 169 8463
26 172 8863
26 173 4910
26 175 7498
26 178 9182
26 181 5682
26 184 2671
26 190 3533
26 191 9726
26 195 3930
26 200 4060
26 204 7863
26 211 7514
26 213 9077
26 214 1871
26 219 6844
26 223 6972
26 227 4735
26 232 878
27 39 7817
27 43 2375
27 48 677
27 52 66
27 61 2385
27 64 4473
27 68 2249
27 69 3039
27 71 9876
27 77 330
27 78 6597
27 84 7317
27 89 814
27 92 6615
27 106 1850
27 109 7774
27 111 5777
27 118 629
27 123 3933
27 126 4568
27 130 1548
27 132 911
27 133 2975
27 144 637
27 146 6593
27 150 6282
27 153 7861
27 155 2448
27 157 2298
27 163 4912
27 164 9038
27 167 8225
27 170 2121
27 174 4841
27 176 7862
27 182 7810
27 183 7031
27 195 665
27 199 4511
27 206 1284
27 207 5518
27 208 5470
27 210 4952
27 224 6276
27 226 2350
27 229 4721
27 230 1452
27 232 2875
28 34 5706
28 39 1529
28 47 4461
28 49 3389
28 58 579
28 60 4079
28 63 5909
28 64 1086
28 70 6298
28 78 7467
28 86 7510
28 91 3941
28 95 6234
28 100 8436
28 110 824
28 122 3153
28 123 7509
28 127 9995
28 129 701
28 131 8462
28 136 6913
28 141 2939
28 146 8096
28 147 1674
28 152 2215
28 166 3080
28 169 6103
28 171 9582
28 175 7727
28 177 8188
28 181 1302
28 189 2218
28 194 2350
28 200 6395
28 207 1453
28 213 4256
28 223 7795
28 229 5169
28 232 3962
29 38 3576
29 40 3727
29 41 4595
29 43 1009
29 45 1308
29 48 6865
29 62 6721
29 64 6619
29 65 8179
29 72 1289
29 75 2801
29 93 4168
29 99 2725
29 111 9291
29 117 1029
29 121 5107
29 125 3328
29 127 5658
29 128 7798
29 131 1119
29 138 3275
29 140 7483
29 153 6897
29 157 4354
29 158 8372
29 166 8699
29 172 5321
29 173 1246
29 178 9293
29 182 7441
29 188 9027
29 189 4671
29 191 9710
29 197 9426
29 199 1931
29 200 4517
29 207 1735
29 208 1743
29 209 2769
29 210 4349
29 216 2079
29 218 1582
29 221 9216
29 227 198
29 229 6777
30 32 1264
30 38 3257
30 47 3793
30 48 4664
30 51 9984
30 53 6604
30 63 9292
30 64 6786
30 70 9069
30 73 4171
30 75 7740
30 79 4089
30 80 5281
30 86 2835
30 88 6537
30 102 3742
30 106 6843
30 108 2957
30 112 4991
30 113 3132
30 117 1850
30 118 7422
30 120 1843
30 122 468
30 123 5968
30 125 4261
30 134 4231
30 140 8599
30 144 2934
30 145 7235
30 153 6656
30 154 4134
30 157 184
30 169 471
30 171 1767
30 173 2203
30 174 1355
30 176 771
30 179 1341
30 181 9079
30 182 4956
30 184 9202
30 188 505
30 190 8377
30 194 8092
30 203 8593
30 212 4954
30 215 5689
30 217 1316
30 230 5972
30 231 3950
30 233 6551
31 37 2951
31 41 9778
31 42 5029
31 45 4016
31 46 8808
31 50 9696
31 51 9510
31 52 5626
31 54 7193
31 61 1555
31 63 255
31 73 1391
31 74 386
31 75 3122
31 79 5805
31 84 6801
31 86 7698
31 92 2950
31 98 757
31 102 1622
31 103 6510
31 107 6316
31 109 4848
31 113 6751
31 114 4782
31 115 1366
31 121 6411
31 129 8126
31 133 1006
31 141 6785
31 145 6530
31 149 9800
31 152 2625
31 157 2878
31 161 6646
31 183 6157
31 185 1388
31 186 7204
31 189 8814
31 192 3128
31 194 1394
31 196 5454
31 198 365
31 206 2302
31 209 1964
31 210 6605
31 211 9528
31 212 8365
31 214 7933
31 216 8564
31 228 2170
31 229 9279
31 233 595
32 34 9007
32 36 3327
32 39 8265
32 40 6288
32 45 5915
32 47 181
32 57 4418
32 60 349
32 61 1796
32 63 401
32 64 8617
32 69 3530
32 79 2924
32 83 1276
32 85 7445
32 87 6272
32 89 7178
32 95 8842
32 99 5316
32 104 3825
32 106 7723
32 110 481
32 111 1011
32 116 6451
32 121 9367
32 126 3910
32 127 5951
32 145 7813
32 151 3380
32 152 1358
32 153 9799
32 155 6511
32 160 1445
32 168 237
32 169 2407
32 171 4670
32 173 5370
32 176 994
32 178 1901
32 180 5076
32 182 5900
32 187 5151
32 192 7524
32 193 4673
32 195 4163
32 198 1049
32 199 5116
32 201 9833
32 202 3567
32 210 7427
32 220 4536
32 225 9840
33 36 4342
33 38 9951
33 50 6568
33 54 252
33 64 8441
33 79 9805
33 87 8062
33 90 5210
33 91 6435
33 93 9325
33 96 9827
33 97 8341
33 100 8083
33 105 3834
33 106 3955
33 107 6437
33 110 5284
33 118 4547
33 122 7429
33 127 2609
33 131 1421
33 132 5948
33 137 2490
33 147 2366
33 150 1371
33 155 1835
33 161 3123
33 162 3140
33 163 6063
33 166 1645
33 168 8966
33 173 3640
33 185 8372
33 190 8567
33 196 9333
33 197 4791
33 204 2862
33 205 6949
33 212 135
33 215 3759
33 216 9411
33 218 7140
33 227 4753
34 37 2773
34 41 6738
34 42 9045
34 44 9105
34 50 5072
34 51 1857
34 52 9902
34 56 5480
34 60 9884
34 63 3542
34 65 8887
34 69 3501
34 70 6055
34 71 5094
34 72 1642
34 73 4640
34 75 4605
34 78 6712
34 79 5335
34 91 5107
34 96 1758
34 97 855
34 100 5725
34 105 671
34 106 9703
34 107 6711
34 109 8893
34 115 3155
34 116 5397
34 124 6613
34 127 3908
34 131 4576
34 133 4570
34 134 1627
34 141 9169
34 143 5307
34 146 7855
34 148 839
34 155 4672
34 162 5813
34 165 2537
34 171 1502
34 181 4068
34 185 9829
34 187 118
34 201 190
34 202 6358
34 206 957
34 208 4396
34 209 8019
34 215 7359
34 216 2852
34 217 5847
34 218 5577
34 222 3562
34 225 4739
34 226 8139
34 228 6022
34 231 5338
35 39 5690
35 42 5394
35 43 9224
35 45 1477
35 50 145
35 51 4249
35 52 6517
35 58 7389
35 62 2911
35 70 64
35 79 1867
35 83 2408
35 85 1065
35 88 2300
35 93 3527
35 101 7954
35 102 5148
35 109 7653
35 115 6415
35 116 6389
35 118 2221
35 124 3930
35 135 318
35 143 9934
35 144 3545
35 146 8393
35 147 257
35 150 1416
35 157 8469
35 158 7819
35 160 5756
35 164 7980
35 166 7531
35 167 4775
35 170 2417
35 172 7770
35 188 7265
35 195 6054
35 198 1254
35 204 8477
35 207 4515
35 222 2883
35 224 7731
35 226 796
35 228 4573
35 231 1318
36 37 4156
36 41 9454
36 45 9165
36 52 7854
36 54 8886
36 57 3339
36 58 855
36 59 6813
36 66 6237
36 67 1206
36 71 1910
36 74 5724
36 75 8683
36 77 4634
36 79 9124
36 83 6452
36 85 4239
36 98 3616
36 100 674
36 102 8902
36 107 7714
36 108 9115
36 109 4038
36 111 6400
36 116 7778
36 132 7310
36 137 2671
36 141 1092
36 142 8186
36 143 1832
36 146 4968
36 152 9901
36 155 4235
36 158 852
36 160 6850
36 162 9153
36 164 1273
36 165 3588
36 167 5652
36 171 6986
36 172 3637
36 178 7573
36 179 5620
36 180 7198
36 183 3806
36 186 8517
36 195 7526
36 196 1978
36 198 4316
36 201 297
36 206 5547
36 209 3696
36 212 9603
36 214 7300
36 218 2118
36 219 5805
36 220 6412
36 222 7507
36 224 5498
36 226 4291
36 228 9155
36 230 4412
36 232 786
36 233 7707
37 38 5823
37 40 1317
37 43 3360
37 45 5801
37 46 5293
37 49 8804
37 53 4100
37 71 4707
37 75 6282
37 77 7807
37 79 2349
37 80 3395
37 83 791
37 87 6068
37 88 9805
37 94 7134
37 96 1468
37 98 5045
37 99 727
37 101 3024
37 105 4086
37 106 5721
37 108 2969
37 117 1987
37 120 2188
37 121 9050
37 130 4672
37 132 1461
37 136 4170
37 142 5852
37 149 5375
37 153 9981
37 155 254
37 156 2525
37 160 7548
37 161 6542
37 163 8558
37 165 5675
37 171 6516
37 173 7060
37 176 9069
37 177 7037
37 178 6925
37 180 7745
37 192 5260
37 193 4290
37 195 2810
37 196 7069
37 202 8714
37 204 1994
37 210 5427
37 216 9082
37 218 6651
37 221 5401
37 228 3122
37 230 1008
37 231 5783
37 232 339
38 39 4380
38 42 3384
38 44 46
38 45 642
38 59 705
38 60 649
38 74 1203
38 76 736
38 79 3160
38 84 7690
38 86 6420
38 88 6108
38 104 1972
38 106 2361
38 107 7959
38 112 6627
38 113 7511
38 123 9731
38 127 9333
38 128 4988
38 130 4941
38 131 6131
38 132 7770
38 133 4766
38 140 9415
38 148 9821
38 153 8571
38 154 8667
38 160 3068
38 162 1363
38 165 7217
38 167 8793
38 170 8905
38 173 511
38 174 4505
38 178 3618
38 182 8846
38 184 3606
38 187 8292
38 198 2350
38 201 6195
38 210 5540
38 214 8217
38 221 1616
38 226 2348
38 228 196
38 230 1539
39 44 5329
39 55 8765
39 56 1543
39 57 5697
39 60 3294
39 61 7042
39 78 9262
39 81 6299
39 82 9653
39 84 6370
39 94 8405
39 100 5920
39 101 4633
39 110 3827
39 112 405
39 114 8787
39 116 6375
39 120 1379
39 122 8918
39 126 6437
39 127 6978
39 129 8547
39 130 3838
39 137 2094
39 139 3358
39 140 4660
39 146 4201
39 161 1860
39 162 7986
39 163 8150
39 166 4927
39 178 4648
39 181 9868
39 183 172
39 185 3412
39 186 8162
39 187 4070
39 190 8602
39 191 9849
39 197 1539
39 199 6327
39 203 3860
39 205 7771
39 206 8750
39 218 9556
39 222 8916
39 230 3551
39 232 5972
40 43 261
40 46 1628
40 48 3532
40 57 811
40 59 3518
40 61 6885
40 62 5579
40 64 7260
40 66 2472
40 69 7057
40 75 2708
40 76 2070
40 82 7742
40 92 5099
40 96 3520
40 101 6320
40 106 8340
40 109 2877
40 110 1423
40 119 7019
40 121 8447
40 122 5441
40 123 9175
40 127 6279
40 129 3362
40 130 4123
40 134 1584
40 139 3350
40 143 1779
40 149 6219
40 155 5586
40 159 3125
40 162 3389
40 171 8627
40 176 7737
40 180 8722
40 183 8048
40 184 6206
40 191 9871
40 193 5214
40 202 525
40 204 937
40 208 5179
40 211 5794
40 212 3383
40 217 9247
40 218 1926
40 223 1902
40 229 1342
40 230 4262
40 233 9965
41 50 3138
41 51 5112
41 53 9344
41 55 55
41 57 5725
41 68 2306
41 70 5806
41 79 7800
41 82 5869
41 87 8868
41 94 9798
41 103 5311
41 114 3714
41 122 262
41 129 1345
41 133 2155
41 135 9308
41 138 9389
41 140 6691
41 145 8939
41 146 5510
41 148 883
41 149 2975
41 150 1923
41 152 4625
41 154 832
41 156 7252
41 158 1951
41 161 4579
41 168 4231
41 173 8809
41 174 339
41 177 2477
41 182 307
41 185 5092
41 186 2743
41 193 7119
41 200 2239
41 204 9672
41 207 6364
41 209 999
41 217 5186
41 222 2518
41 226 4635
41 227 9235
41 230 8200
42 44 9244
42 48 3383
42 49 9869
42 53 9611
42 57 6074
42 68 802
42 69 1154
42 70 1514
42 74 8360
42 79 1674
42 84 1218
42 88 3047
42 91 7471
42 99 8109
42 101 5069
42 103 6734
42 119 1010
42 125 1685
42 129 4985
42 136 1722
42 144 368
42 164 3164
42 170 9267
42 171 6145
42 172 6326
42 186 1876
42 187 9081
42 194 3533
42 197 8139
42 198 4882
42 201 6909
42 205 5246
42 213 1090
42 217 5099
42 218 3532
42 219 3338
42 224 2294
42 232 5728
43 56 1709
43 74 3839
43 77 502
43 78 2616
43 80 6698
43 82 3796
43 83 1863
43 93 4949
43 97 2713
43 100 1470
43 108 1891
43 109 9019
43 112 5590
43 113 7385
43 114 5463
43 120 297
43 126 1549
43 145 1167
43 151 6982
43 161 4042
43 164 6392
43 166 5755
43 172 916
43 176 5815
43 177 1565
43 178 5369
43 182 1531
43 185 8635
43 188 1009
43 191 8584
43 192 4820
43 200 5992
43 201 8159
43 205 8841
43 206 7106
43 210 6273
43 213 4811
43 215 3295
43 233 1074
44 50 637
44 58 5665
44 65 6960
44 68 9070
44 71 2926
44 73 601
44 74 9511
44 76 4729
44 90 3757
44 93 1345
44 97 3093
44 102 1706
44 106 2054
44 108 2025
44 109 2406
44 115 9792
44 118 2241
44 120 6163
44 123 5764
44 126 7921
44 133 9026
44 136 7200
44 141 3758
44 142 7716
44 145 2307
44 152 6954
44 158 57
44 159 2508
44 162 8542
44 166 9369
44 167 5196
44 172 3152
44 173 1951
44 174 6587
44 176 1419
44 182 7117
44 184 8948
44 187 9111
44 193 6270
44 195 6244
44 197 3590
44 200 3281
44 204 3588
44 213 3030
44 215 2622
44 219 6163
44 223 4993
44 227 6905
44 228 4401
44 229 6001
44 231 1817
45 46 9693
45 49 7077
45 50 9000
45 54 9200
45 63 789
45 65 1676
45 67 459
45 83 1917
45 84 330
45 89 7380
45 91 9438
45 94 1052
45 102 2585
45 103 2707
45 107 62
45 112 9809
45 116 182
45 118 5300
45 119 1639
45 131 8636
45 134 1608
45 145 1198
45 151 8277
45 157 9495
45 158 7002
45 159 4721
45 160 2405
45 162 9950
45 164 9470
45 167 1056
45 168 4624
45 170 1410
45 175 5356
45 184 4031
45 188 5509
45 195 9474
45 196 8511
45 197 7427
45 199 4772
45 210 6920
45 212 3778
45 213 9506
45 215 8655
45 218 1279
45 221 2809
45 228 5432
45 231 7974
46 50 5177
46 54 3307
46 60 8515
46 61 3247
46 70 4352
46 74 1726
46 80 9275
46 82 6168
46 84 7385
46 88 4198
46 92 9535
46 95 7795
46 100 3451
46 109 3764
46 114 3259
46 117 7546
46 118 9369
46 120 7489
46 126 6465
46 131 1689
46 134 3158
46 135 9541
46 136 2744
46 141 5487
46 142 6913
46 144 1297
46 153 4755
46 155 1563
46 157 3940
46 159 4861
46 162 7797
46 164 411
46 170 5954
46 174 5245
46 184 952
46 190 5649
46 191 5603
46 193 9020
46 195 3300
46 198 1648
46 201 7211
46 205 1575
46 216 3824
46 221 3280
46 224 2352
46 226 5892
46 229 6816
47 48 786
47 51 4101
47 52 5443
47 61 6684
47 62 9917
47 73 1778
47 74 9441
47 88 5631
47 96 7482
47 101 2779
47 102 7359
47 106 6941
47 109 8437
47 113 5991
47 129 1311
47 131 9146
47 133 2712
47 137 5499
47 142 4716
47 149 6651
47 150 1541
47 155 1219
47 157 3821
47 159 3495
47 163 8404
47 169 6373
47 170 6036
47 172 8122
47 173 6648
47 179 3185
47 181 7071
47 182 2729
47 183 9261
47 206 2591
47 215 7145
47 219 8810
47 222 7478
47 223 8078
47 226 5754
47 228 7128
47 229 6448
47 230 871
47 231 1582
48 52 2994
48 57 9966
48 58 4325
48 64 9940
48 69 1208
48 71 2733
48 82 9080
48 86 587
48 92 9197
48 97 5966
48 98 4970
48 101 5153
48 104 3262
48 118 6596
48 121 4090
48 122 3436
48 124 5694
48 125 5403
48 126 5294
48 130 5355
48 131 6970
48 132 7939
48 133 4627
48 134 4909
48 135 5573
48 137 567
48 142 5348
48 149 8215
48 154 7474
48 155 994
48 161 5822
48 169 3570
48 170 5472
48 181 7800
48 187 3957
48 191 9820
48 197 3669
48 199 1287
48 202 7904
48 205 6433
48 212 5959
48 225 4290
48 228 4401
48 229 3936
49 50 4839
49 53 6003
49 56 8977
49 59 3265
49 69 3434
49 70 2526
49 71 6530
49 74 1730
49 90 144
49 94 249
49 97 7606
49 103 9662
49 105 7350
49 107 5498
49 109 1280
49 112 6711
49 120 7011
49 124 9050
49 127 6706
49 129 4129
49 133 6507
49 135 9629
49 137 8775
49 139 1946
49 140 8696
49 147 9944
49 151 7600
49 158 3553
49 163 9152
49 171 410
49 176 9820
49 182 6218
49 184 4234
49 195 3917
49 197 6628
49 198 7791
49 199 1993
49 203 817
49 206 4854
49 216 1248
49 219 1421
49 221 1327
49 225 4555
49 231 376
49 233 6698
50 53 7492
50 54 9252
50 55 9045
50 58 6025
50 59 8964
50 60 2875
50 65 9143
50 68 5715
50 70 3432
50 76 1685
50 78 6414
50 83 2097
50 85 4393
50 87 9677
50 88 8432
50 94 2914
50 98 6709
50 102 2146
50 103 4520
50 114 735
50 118 8273
50 120 7597
50 128 6193
50 142 4266
50 143 9921
50 147 3630
50 155 3013
50 161 2837
50 169 6407
50 172 5129
50 175 2572
50 178 5818
50 180 3242
50 181 6618
50 182 3462
50 183 3509
50 184 5909
50 190 4799
50 194 7481
50 203 4071
50 207 8679
50 210 9581
50 219 5262
50 223 7611
50 228 1463
50 231 9833
50 233 99
51 56 3517
51 58 847
51 62 8533
51 63 1078
51 65 3172
51 66 9666
51 67 5360
51 71 2688
51 73 8080
51 82 5953
51 86 2633
51 88 4131
51 90 6594
51 101 1092
51 103 5400
51 111 735
51 112 3370
51 114 5358
51 118 5033
51 122 5143
51 128 8192
51 129 1988
51 136 9792
51 137 9793
51 148 9727
51 157 3113
51 158 8825
51 163 6592
51 165 4993
51 167 4614
51 168 4529
51 169 104
51 173 3146
51 174 4451
51 177 307
51 180 8954
51 184 8327
51 189 6533
51 192 9734
51 194 4479
51 197 5032
51 201 7551
51 202 1376
51 205 7148
51 214 7964
51 215 3099
51 219 911
51 220 873
51 225 8519
51 226 4055
51 228 530
52 54 4731
52 61 2244
52 70 3864
52 74 3286
52 75 2035
52 76 2428
52 83 1388
52 84 6997
52 88 1138
52 89 2406
52 93 3974
52 96 8751
52 102 1803
52 103 572
52 104 4614
52 110 2024
52 111 814
52 112 165
52 113 2056
52 119 854
52 123 2109
52 126 14
52 127 8082
52 131 9846
52 132 9434
52 136 6026
52 138 8707
52 139 663
52 143 8877
52 146 9263
52 181 6002
52 188 8956
52 193 5236
52 202 1098
52 208 2017
52 213 6121
52 226 2331
52 228 5879
52 231 9547
53 56 698
53 59 2720
53 61 7510
53 64 8875
53 69 7066
53 74 405
53 77 8570
53 79 4993
53 80 450
53 88 7289
53 91 275
53 98 5377
53 99 6896
53 100 2201
53 103 8069
53 109 6612
53 121 5529
53 122 2422
53 128 3270
53 142 2913
53 146 7186
53 147 7409
53 160 2972
53 161 485
53 163 5733
53 164 7367
53 165 9448
53 167 9704
53 168 8096
53 169 2343
53 177 278
53 183 1433
53 184 27
53 191 5077
53 199 9507
53 207 7507
53 209 2406
53 210 9180
53 213 1018
53 216 648
53 218 4378
53 223 8122
53 227 9356
53 228 754
53 233 5926
54 59 7335
54 60 6873
54 76 2247
54 80 9585
54 82 6478
54 85 6792
54 86 9536
54 88 621
54 89 1125
54 97 7314
54 98 3407
54 99 1305
54 107 3898
54 114 5363
54 116 5121
54 122 3921
54 123 6486
54 132 2019
54 134 901
54 135 9919
54 139 3472
54 140 6878
54 141 5413
54 142 6150
54 157 4679
54 158 3677
54 161 1939
54 163 3313
54 164 6940
54 169 5075
54 170 8467
54 171 4013
54 181 4936
54 183 1556
54 184 361
54 192 6013
54 194 6523
54 202 3957
54 211 8085
54 215 8513
54 219 2943
54 220 322
54 224 2604
54 228 2403
54 233 3799
55 59 4295
55 61 5496
55 67 729
55 77 8329
55 82 5458
55 85 6777
55 89 486
55 93 3143
55 98 3375
55 99 6473
55 104 8759
55 115 4962
55 121 8271
55 122 7740
55 125 9285
55 133 2498
55 135 9858
55 139 212
55 141 5194
55 146 756
55 149 1530
55 154 4208
55 155 1146
55 156 160
55 161 2923
55 167 177
55 169 8136
55 172 3036
55 176 2538
55 179 1563
55 195 4727
55 196 2603
55 197 1120
55 201 4486
55 205 7247
55 206 9047
55 207 7282
55 214 4807
55 215 2887
55 220 9610
55 221 4580
55 223 2518
55 227 8775
55 229 9379
56 61 8099
56 64 3607
56 66 9846
56 69 6018
56 70 9990
56 76 8975
56 78 7998
56 79 5309
56 84 7457
56 85 3917
56 92 2043
56 94 6105
56 106 2307
56 111 475
56 115 3935
56 116 5211
56 117 8641
56 122 9592
56 131 9831
56 135 8669
56 143 9003
56 144 3857
56 147 7295
56 148 3558
56 152 887
56 153 5301
56 156 9196
56 157 1454
56 177 3377
56 181 1318
56 201 3048
56 208 9056
56 213 9635
56 226 8502
56 227 5406
56 228 4407
56 232 4113
57 63 8464
57 73 5610
57 74 8510
57 77 8734
57 78 5149
57 80 4313
57 84 9130
57 95 8514
57 96 151
57 100 4460
57 109 9799
57 110 136
57 111 628
57 113 6036
57 114 4798
57 119 8263
57 125 9728
57 134 1176
57 144 6342
57 147 200
57 151 7954
57 152 3072
57 156 2995
57 158 3996
57 160 9202
57 161 7191
57 167 621
57 168 8773
57 172 2978
57 177 658
57 178 3952
57 180 9474
57 181 7596
57 183 4858
57 184 8037
57 190 7355
57 191 8317
57 202 7123
57 203 2972
57 204 8973
57 212 8941
57 215 5486
57 218 2803
57 219 9413
57 222 9750
58 69 6647
58 71 4447
58 74 1182
58 80 705
58 86 2206
58 89 2298
58 99 1627
58 101 8227
58 106 7790
58 111 2145
58 115 7093
58 119 713
58 121 1072
58 123 8045
58 124 1479
58 127 7490
58 129 3389
58 131 9034
58 132 9683
58 143 4761
58 148 6406
58 149 2119
58 150 1408
58 153 8790
58 156 3975
58 157 2259
58 158 5259
58 162 6999
58 166 5183
58 169 8585
58 172 6356
58 175 3042
58 176 6483
58 177 8712
58 186 4810
58 191 2050
58 192 9982
58 197 4117
58 199 4593
58 204 2111
58 208 1016
58 210 9980
58 211 1443
58 212 3754
58 221 8252
58 222 4109
58 225 8109
58 227 8276
58 229 1995
58 230 1691
59 63 1015
59 68 4263
59 79 4181
59 83 6185
59 88 1795
59 89 1498
59 90 4182
59 91 7437
59 95 7502
59 100 382
59 108 8629
59 109 9583
59 116 2550
59 125 9755
59 128 4408
59 133 6244
59 141 4102
59 143 7290
59 145 6355
59 169 4716
59 175 5958
59 177 5071
59 182 3717
59 186 9858
59 190 1302
59 193 7537
59 196 5231
59 200 6275
59 208 1057
59 209 3893
59 210 108
59 217 5818
59 223 4804
59 225 387
59 229 6380
60 61 6359
60 65 3836
60 66 6064
60 72 175
60 74 3995
60 76 7375
60 79 9792
60 80 5526
60 91 6274
60 95 1798
60 104 1896
60 105 1994
60 113 1413
60 117 8343
60 122 3551
60 123 1764
60 127 4739
60 130 5627
60 132 9133
60 134 6463
60 143 6057
60 147 4765
60 156 7278
60 158 7723
60 161 9638
60 165 9919
60 168 1476
60 169 7963
60 170 5812
60 172 6617
60 176 5871
60 183 5134
60 186 8168
60 188 9390
60 189 8199
60 199 1997
60 206 7719
60 207 4528
60 208 9768
60 216 4242
60 219 5824
60 221 5898
60 222 8684
60 227 5030
61 64 1715
61 71 6366
61 76 2392
61 78 6112
61 81 2303
61 83 5648
61 87 7390
61 93 2672
61 96 2266
61 101 1519
61 103 8437
61 106 5952
61 112 2145
61 117 8856
61 118 1926
61 125 2553
61 127 2962
61 129 2572
61 140 7419
61 142 9246
61 147 3407
61 149 5844
61 154 5110
61 155 9316
61 160 2049
61 165 1214
61 175 5949
61 176 8362
61 178 8569
61 180 5511
61 189 4613
61 191 3321
61 196 2908
61 209 7579
61 211 7962
61 213 1801
61 220 9312
61 222 1684
61 225 1346
61 229 8372
61 233 2681
62 66 3488
62 69 8102
62 72 1367
62 82 3782
62 84 9959
62 92 3089
62 94 1842
62 96 4547
62 97 3965
62 99 49
62 108 6416
62 109 2096
62 113 5366
62 120 5837
62 121 4411
62 123 2209
62 127 3879
62 128 400
62 132 9799
62 134 8871
62 138 8201
62 140 2299
62 141 722
62 142 2337
62 148 3490
62 150 1716
62 153 8969
62 154 9612
62 155 7801
62 156 4362
62 161 6038
62 173 2499
62 174 4342
62 184 8277
62 185 4880
62 188 9650
62 193 2870
62 198 8564
62 199 8264
62 200 8582
62 203 3113
62 205 5643
62 209 3914
62 210 7167
62 219 5637
62 227 9917
62 230 7590
62 231 1633
62 233 6349
63 70 1467
63 75 3154
63 79 1927
63 84 8240
63 87 1815
63 95 6060
63 96 6873
63 97 6603
63 102 314
63 107 6972
63 108 6936
63 112 7141
63 116 1323
63 118 6686
63 119 2069
63 121 4139
63 124 1760
63 131 647
63 132 3057
63 133 7950
63 136 1305
63 140 6031
63 141 6625
63 143 2715
63 146 9205
63 147 3915
63 149 6098
63 160 6678
63 161 9423
63 163 2928
63 164 30
63 168 9978
63 171 2948
63 172 9356
63 174 9502
63 178 2984
63 179 6563
63 180 9227
63 182 8467
63 186 9916
63 187 9530
63 189 705
63 197 1845
63 200 8078
63 202 5338
63 211 7422
63 213 5852
63 216 9549
63 223 1659
63 224 9941
63 230 403
63 232 1952
64 69 7482
64 71 3753
64 74 3032
64 79 6954
64 81 8731
64 89 4936
64 93 3104
64 98 9957
64 99 3686
64 101 4442
64 111 2168
64 112 8587
64 113 7235
64 124 5865
64 139 8506
64 140 8563
64 149 2715
64 154 9669
64 156 60
64 161 6301
64 163 979
64 165 5792
64 166 7172
64 169 8649
64 172 7454
64 173 148
64 186 495
64 196 9731
64 199 2172
64 200 2035
64 203 8390
64 205 8010
64 207 9565
64 208 1993
64 210 9599
64 214 2776
64 224 9240
64 225 1187
64 227 5335
64 228 5699
64 230 8513
64 233 9057
65 69 2831
65 70 9547
65 79 3743
65 84 1733
65 87 4641
65 88 1996
65 89 8021
65 92 4073
65 93 2536
65 97 7802
65 98 4834
65 101 6402
65 103 6340
65 106 4587
65 118 6171
65 119 1962
65 126 6517
65 141 3818
65 146 8344
65 150 5304
65 153 6448
65 155 2744
65 160 6104
65 178 5408
65 182 1237
65 190 698
65 210 4908
65 213 3058
65 217 6472
65 227 8222
66 69 3111
66 74 9040
66 78 610
66 87 7516
66 89 9688
66 95 4870
66 96 7806
66 98 9418
66 99 870
66 101 7076
66 102 9765
66 104 1133
66 113 248
66 125 1134
66 126 2016
66 130 6439
66 131 8520
66 132 2517
66 135 5015
66 139 9287
66 142 562
66 151 6754
66 152 2635
66 156 767
66 158 9655
66 160 40
66 171 8245
66 175 6983
66 176 2274
66 178 7065
66 180 5405
66 185 7999
66 190 1427
66 195 5326
66 196 2080
66 198 670
66 199 7880
66 206 4504
66 207 5610
66 211 3728
66 212 3904
66 218 5366
66 222 8139
67 71 3325
67 74 7351
67 82 5304
67 86 9089
67 89 8748
67 91 5682
67 97 1810
67 100 8476
67 102 9410
67 103 9566
67 108 1097
67 111 4448
67 112 8756
67 117 5469
67 119 1153
67 124 6330
67 126 5430
67 127 2855
67 130 8562
67 131 7295
67 136 6427
67 139 5607
67 140 1232
67 149 223
67 150 4808
67 159 6361
67 160 4040
67 163 9592
67 173 1456
67 174 4498
67 176 5806
67 177 1763
67 182 636
67 186 2760
67 188 691
67 200 4923
67 202 2969
67 206 8227
67 208 4918
67 210 7308
67 211 134
67 218 6776
67 220 5513
67 225 4502
67 227 3934
67 228 9242
67 230 3122
68 71 2321
68 78 8835
68 82 6121
68 84 7805
68 88 1972
68 92 3964
68 95 7394
68 102 9441
68 103 7941
68 109 5373
68 113 7776
68 116 7365
68 127 4121
68 129 1063
68 130 8115
68 145 2361
68 150 3191
68 152 4774
68 156 1618
68 158 3077
68 161 9631
68 162 496
68 163 859
68 164 7719
68 167 3846
68 170 8610
68 173 4867
68 175 7549
68 177 3074
68 180 8948
68 181 9965
68 188 5030
68 194 3302
68 200 2
68 213 5147
68 214 7627
68 215 8612
68 216 8579
68 218 9931
68 219 3064
68 224 1359
68 225 9026
68 233 6479
69 82 2508
69 84 9269
69 85 3064
69 88 2979
69 92 1199
69 98 7166
69 107 9570
69 118 8939
69 119 1234
69 121 3788
69 124 5664
69 131 8401
69 135 252
69 138 3175
69 145 2781
69 152 3231
69 155 4788
69 161 9462
69 162 1445
69 169 6634
69 171 143
69 172 8962
69 180 1412
69 187 9712
69 189 9961
69 192 6757
69 200 6522
69 201 516
69 205 5711
69 211 9478
69 217 739
69 220 8669
69 223 8126
69 232 2568
70 71 2165
70 72 9880
70 77 4069
70 96 4211
70 98 940
70 101 4933
70 110 2339
70 113 5399
70 125 4048
70 134 7048
70 137 4669
70 140 3334
70 147 4763
70 155 3780
70 160 8555
70 172 1439
70 181 5341
70 187 392
70 197 3640
70 202 8528
70 206 4713
70 213 8657
70 215 7096
70 216 2239
70 217 3832
70 218 3401
70 220 3100
70 221 7904
70 225 7770
70 228 8247
71 74 8200
71 79 2886
71 80 8638
71 84 2538
71 87 6649
71 88 4898
71 89 2136
71 92 5388
71 99 6240
71 100 6212
71 101 9800
71 102 2884
71 104 8449
71 105 9751
71 109 4091
71 111 5334
71 112 8873
71 113 3875
71 116 3484
71 121 9072
71 123 2488
71 125 5945
71 129 3884
71 134 1483
71 136 6144
71 139 3881
71 142 1783
71 145 4802
71 149 186
71 154 1098
71 157 6368
71 165 7776
71 180 5581
71 182 1097
71 185 5314
71 187 741
71 192 6875
71 198 9275
71 203 5211
71 205 9213
71 209 4460
71 214 681
71 215 7308
71 217 3510
71 218 5010
71 220 8214
71 223 2641
71 224 6346
71 227 9740
71 230 8838
72 77 3555
72 79 9610
72 88 1469
72 90 4744
72 95 9747
72 99 7408
72 110 2199
72 111 9872
72 112 9168
72 117 6816
72 118 1988
72 123 1577
72 129 4629
72 134 3551
72 135 7132
72 136 4572
72 139 8335
72 144 4435
72 146 5886
72 149 3764
72 154 2964
72 155 1407
72 158 2999
72 162 3952
72 166 7061
72 183 1690
72 193 6433
72 194 4509
72 199 5616
72 203 4360
72 204 5847
72 207 3853
72 211 4332
72 218 1332
73 74 6387
73 75 8375
73 84 5274
73 92 7610
73 98 6648
73 107 1815
73 111 1235
73 121 7452
73 126 5522
73 130 9053
73 132 973
73 135 4920
73 138 2241
73 143 7614
73 146 2966
73 148 2356
73 149 1100
73 160 3082
73 166 5611
73 167 6569
73 176 6022
73 177 9106
73 178 1588
73 182 4055
73 183 9160
73 192 2959
73 197 6192
73 208 1988
73 210 1484
73 216 153
73 218 4651
73 221 9755
73 225 8102
73 230 3432
74 77 26
74 84 5386
74 86 6747
74 90 3447
74 93 9387
74 95 1038
74 100 2301
74 106 7932
74 107 3435
74 110 6063
74 114 6271
74 117 3320
74 121 5763
74 127 1658
74 128 1863
74 129 4677
74 133 377
74 138 9785
74 141 6873
74 142 3925
74 144 8585
74 146 377
74 149 6804
74 150 4057
74 152 8569
74 155 144
74 157 1346
74 160 8042
74 162 9316
74 166 9339
74 169 914
74 176 1725
74 179 8496
74 181 2612
74 182 3421
74 183 692
74 193 9413
74 194 2379
74 195 2689
74 197 140
74 204 3987
74 206 8920
74 215 7423
74 216 4946
74 223 7570
74 227 2247
74 232 3171
74 233 7694
75 77 3921
75 84 9720
75 86 7830
75 94 2289
75 95 346
75 96 6428
75 97 46
75 100 539
75 102 6343
75 109 4881
75 111 169
75 113 7408
75 115 725
75 117 448
75 119 8141
75 121 8556
75 128 7767
75 133 9303
75 135 453
75 139 1639
75 141 5144
75 153 9105
75 159 9344
75 160 1553
75 166 3791
75 172 2735
75 174 2836
75 182 3290
75 188 1816
75 191 962
75 193 7511
75 208 2307
75 209 8492
75 216 6363
75 219 5612
75 225 7061
75 230 9504
76 82 9945
76 86 105
76 93 7062
76 95 6570
76 106 5183
76 109 9707
76 117 8334
76 118 6881
76 122 8654
76 124 1700
76 136 6799
76 146 6448
76 147 2924
76 158 6967
76 163 2763
76 165 1298
76 167 3680
76 168 9886
76 169 8699
76 170 8582
76 172 8691
76 173 1233
76 175 2894
76 179 3568
76 183 1526
76 187 8125
76 199 324
76 204 9382
76 209 5657
76 210 3922
76 216 6726
76 222 595
76 224 4014
76 230 9368
77 78 8143
77 90 9325
77 94 2629
77 95 7156
77 98 8454
77 105 9204
77 106 3440
77 108 2015
77 117 805
77 118 2313
77 127 3879
77 133 110
77 137 8811
77 143 6634
77 145 5713
77 153 3896
77 154 1818
77 157 506
77 159 1214
77 169 4317
77 172 7261
77 174 3965
77 177 5072
77 181 5082
77 188 3469
77 206 3989
77 207 2942
77 211 3190
77 213 3736
77 216 62
77 219 4255
77 226 2644
77 228 3542
77 232 1743
78 80 3440
78 83 2444
78 85 9228
78 86 1709
78 87 5933
78 88 57
78 91 1171
78 100 186
78 103 4138
78 117 3472
78 122 808
78 142 3465
78 144 6109
78 150 5771
78 153 7084
78 154 9754
78 155 2007
78 158 6854
78 162 6469
78 167 5511
78 170 3206
78 172 5445
78 173 5651
78 174 5898
78 175 7445
78 176 5320
78 179 4472
78 186 8709
78 190 1240
78 191 3524
78 197 6165
78 198 7788
78 202 9791
78 204 5519
78 209 1932
78 210 8509
78 222 8946
78 229 9196
78 230 625
79 80 1168
79 81 8763
79 82 1495
79 84 8844
79 89 2946
79 92 7677
79 93 1064
79 99 1589
79 106 3967
79 111 6993
79 114 2566
79 116 7094
79 118 9481
79 122 3164
79 123 8143
79 126 2460
79 131 1746
79 137 6249
79 151 8571
79 153 8715
79 157 6086
79 158 7090
79 160 8469
79 164 7054
79 167 508
79 169 6650
79 171 9682
79 185 8943
79 186 3393
79 192 9436
79 199 8546
79 200 4544
79 205 3021
79 206 1161
79 212 7970
79 221 9672
79 228 418
80 87 4624
80 98 8964
80 106 3056
80 107 5750
80 108 6302
80 111 4730
80 115 3304
80 120 5303
80 139 6323
80 140 2669
80 141 2162
80 150 2107
80 153 5537
80 156 4647
80 157 5510
80 166 2617
80 169 5840
80 180 5641
80 182 3719
80 183 8789
80 192 8335
80 195 3671
80 197 397
80 209 7788
80 212 7790
80 217 8358
80 220 1562
80 222 6523
80 225 7022
80 228 4097
81 85 5005
81 89 3258
81 93 4569
81 95 9043
81 98 2461
81 107 8161
81 109 3257
81 118 5890
81 125 5005
81 127 1393
81 128 6680
81 134 2707
81 135 2481
81 136 9358
81 140 5901
81 147 9068
81 150 5869
81 152 109
81 155 8530
81 157 786
81 161 8431
81 169 9999
81 170 610
81 171 7656
81 184 8583
81 188 4712
81 189 4799
81 193 8524
81 196 4802
81 205 5145
81 208 4203
81 212 7467
81 214 3420
81 215 1719
81 216 3175
81 225 5152
81 229 3491
81 231 1166
81 232 8945
82 83 7320
82 87 6330
82 90 129
82 91 55
82 97 3401
82 102 8603
82 124 5212
82 131 3175
82 132 2745
82 133 9384
82 138 9226
82 143 7668
82 147 2490
82 151 3928
82 154 5508
82 166 641
82 168 6331
82 174 2268
82 175 8587
82 177 9444
82 183 7093
82 184 5370
82 186 6587
82 196 7332
82 201 1397
82 203 6466
82 210 8085
82 212 7616
82 214 9366
82 216 3749
82 218 4914
82 222 1673
82 230 2133
82 232 3597
83 89 3399
83 93 8504
83 97 4841
83 103 9687
83 109 2471
83 110 3538
83 111 6551
83 123 8169
83 129 4838
83 131 244
83 133 9209
83 137 112
83 142 9953
83 151 105
83 152 9866
83 155 532
83 156 6959
83 158 9595
83 161 5341
83 164 8087
83 171 1877
83 172 6317
83 174 5342
83 180 7615
83 181 2129
83 187 8379
83 188 2286
83 191 5698
83 192 7412
83 196 6277
83 201 9332
83 210 4476
83 213 8389
83 218 5912
83 221 7959
83 226 6288
83 229 6507
83 230 9678
84 95 538
84 96 6911
84 107 9320
84 111 146
84 116 8458
84 121 6469
84 139 7711
84 144 1240
84 151 6741
84 160 7293
84 163 6956
84 172 3447
84 177 7833
84 186 7154
84 187 8398
84 190 5565
84 194 2874
84 195 9794
84 197 5671
84 199 4837
84 200 189
84 214 2534
84 217 2674
84 223 9708
84 224 4523
84 228 7582
84 229 887
85 87 1392
85 93 9914
85 100 6796
85 104 2179
85 119 5465
85 124 5119
85 127 7856
85 128 4606
85 129 66
85 131 9460
85 135 5616
85 136 2343
85 148 4075
85 150 2123
85 158 4799
85 161 9591
85 165 7389
85 168 6114
85 170 229
85 172 1976
85 173 6900
85 182 7850
85 187 5293
85 189 1569
85 191 5718
85 192 1104
85 193 9665
85 201 3478
85 208 5383
85 212 2361
85 214 2430
85 216 7679
85 219 5552
85 220 6118
85 221 7309
85 227 5750
85 231 8934
85 232 5593
86 87 7556
86 89 2722
86 91 7354
86 99 7167
86 103 1991
86 113 6099
86 117 4841
86 119 3962
86 126 3323
86 128 8517
86 133 6857
86 138 4623
86 142 2154
86 144 9218
86 150 7949
86 165 920
86 166 6418
86 171 3630
86 173 429
86 175 5799
86 187 9387
86 190 5191
86 192 5576
86 194 6222
86 195 2157
86 199 7598
86 203 4455
86 208 1071
86 210 9877
86 211 2336
86 220 7148
86 225 2717
86 226 9986
86 230 1585
87 88 1441
87 91 7596
87 94 6365
87 95 3097
87 96 6663
87 97 6625
87 114 6690
87 120 328
87 121 1392
87 131 8885
87 132 9738
87 134 1949
87 135 6706
87 136 452
87 138 3559
87 146 8059
87 147 9527
87 150 160
87 160 7965
87 161 6265
87 164 635
87 171 8328
87 172 3441
87 174 7249
87 176 4042
87 186 3713
87 195 9778
87 198 4204
87 205 14
87 211 4805
87 213 3510
87 214 2497
87 218 1851
87 223 836
87 227 3883
87 233 6564
88 89 1584
88 90 5636
88 95 8915
88 102 1072
88 107 1759
88 108 503
88 112 7958
88 114 8570
88 116 2729
88 119 5544
88 124 7958
88 126 6770
88 135 3351
88 141 7820
88 144 5962
88 151 1436
88 158 3886
88 160 2572
88 165 3122
88 166 5769
88 167 8549
88 175 9424
88 179 574
88 181 5675
88 193 9562
88 202 6912
88 203 7785
88 208 927
88 213 965
88 214 3629
88 223 4560
88 233 1197
89 90 8225
89 92 2417
89 96 3964
89 104 3631
89 112 1638
89 118 9706
89 119 508
89 123 1920
89 125 1369
89 128 2331
89 134 8928
89 139 9376
89 144 7559
89 145 7451
89 168 5315
89 175 4848
89 176 4262
89 185 3897
89 194 8490
89 201 5807
89 204 7446
89 208 9947
89 216 8167
89 217 586
89 221 6025
90 91 9203
90 92 9615
90 94 3624
90 100 624
90 102 2755
90 105 9122
90 109 693
90 120 63
90 131 3382
90 138 3485
90 140 1800
90 143 6346
90 145 252
90 151 4540
90 153 2527
90 155 3369
90 160 9590
90 163 1091
90 180 8008
90 191 7496
90 195 2327
90 206 5928
90 210 4094
90 211 2399
90 218 7252
90 219 9788
90 222 7963
90 224 8907
90 226 1845
90 227 5836
90 228 3144
90 231 3039
90 232 6445
91 95 1974
91 103 3079
91 105 2307
91 112 6986
91 119 450
91 122 4548
91 130 227
91 134 499
91 146 1697
91 147 8749
91 151 8475
91 154 7137
91 160 3532
91 164 4039
91 165 227
91 172 7383
91 174 3250
91 176 5349
91 184 6020
91 187 446
91 194 6934
91 196 5120
91 203 7579
91 204 4157
91 207 4165
91 211 1565
91 212 595
91 213 4759
91 214 3908
91 217 4541
91 218 2344
91 220 2488
91 221 1236
91 228 324
91 230 8033
91 233 6192
92 94 4975
92 95 179
92 101 6392
92 107 2401
92 109 591
92 110 464
92 116 722
92 124 7914
92 134 7318
92 135 1482
92 137 5627
92 139 9083
92 144 93
92 146 4067
92 147 1672
92 150 7691
92 151 2458
92 157 9673
92 160 3569
92 166 5462
92 171 774
92 178 2006
92 181 8702
92 187 1285
92 188 9924
92 192 4518
92 193 2326
92 195 5072
92 201 8217
92 204 3507
92 213 2614
92 214 1365
92 215 8211
92 216 7244
92 218 392
92 222 9361
92 224 2678
93 102 5063
93 104 8395
93 107 8329
93 110 8362
93 112 7789
93 115 7662
93 116 5382
93 120 5923
93 121 3237
93 123 8523
93 126 5946
93 135 7323
93 136 252
93 137 1119
93 141 5386
93 143 4852
93 144 6441
93 148 780
93 150 7362
93 151 3534
93 153 2060
93 156 5896
93 161 4847
93 178 8046
93 180 631
93 181 4561
93 191 251
93 194 1737
93 196 6139
93 205 9204
93 210 3116
93 211 1139
93 215 8123
94 97 2765
94 109 2685
94 113 3548
94 115 766
94 118 2385
94 119 7885
94 120 8004
94 122 6797
94 124 9986
94 127 6846
94 134 4380
94 139 2845
94 157 4347
94 159 2006
94 161 5152
94 162 9238
94 166 8076
94 167 7834
94 169 6855
94 170 9884
94 174 2972
94 179 690
94 184 4380
94 185 9424
94 189 2199
94 190 244
94 194 5295
94 196 4687
94 197 7527
94 200 155
94 217 1688
94 221 915
94 224 4896
94 225 2079
94 227 2065
94 228 7034
94 231 8454
95 102 6459
95 103 3569
95 110 8070
95 112 866
95 113 7716
95 122 4996
95 126 9608
95 127 6481
95 133 8048
95 135 6881
95 136 6672
95 140 92
95 142 4953
95 144 5162
95 148 8495
95 154 224
95 159 456
95 160 7279
95 162 7017
95 163 5361
95 167 5952
95 168 4026
95 169 6476
95 171 2152
95 176 7296
95 181 6104
95 182 9794
95 189 3958
95 193 108
95 196 1969
95 201 8291
95 202 6336
95 204 5469
95 215 2379
95 222 5077
95 231 232
96 98 3054
96 99 9864
96 100 7586
96 101 9841
96 102 3283
96 109 7977
96 110 5590
96 111 2514
96 122 4309
96 123 6078
96 125 8784
96 127 3734
96 129 5289
96 132 4515
96 147 9309
96 149 8271
96 152 1658
96 155 942
96 159 6772
96 162 3968
96 165 1780
96 167 1788
96 169 2008
96 170 9167
96 171 3213
96 175 757
96 178 9465
96 181 1734
96 189 9125
96 190 4871
96 192 2424
96 198 9667
96 203 8895
96 209 2068
96 215 5886
96 229 3525
97 99 8738
97 100 713
97 107 3286
97 111 9026
97 117 8030
97 127 5605
97 131 1262
97 136 5338
97 148 9382
97 155 3344
97 159 7115
97 161 4090
97 165 4078
97 172 6065
97 178 2379
97 185 549
97 190 5007
97 191 3630
97 195 7849
97 201 3895
97 205 3987
97 217 9688
97 222 9882
97 223 4848
97 229 1817
98 100 1101
98 103 9510
98 104 5786
98 106 4386
98 117 1072
98 119 3015
98 123 7327
98 124 1864
98 125 9617
98 131 1992
98 137 7515
98 141 5021
98 147 7201
98 150 8875
98 152 7670
98 166 4654
98 171 727
98 173 4203
98 183 3231
98 187 3054
98 188 8693
98 201 8209
98 202 1041
98 211 7232
98 215 3745
98 219 3740
98 220 2035
98 229 1773
99 100 9472
99 103 3873
99 107 2479
99 108 1054
99 112 4474
99 113 1581
99 122 2124
99 124 934
99 131 2748
99 140 4806
99 144 5863
99 149 4519
99 150 9319
99 151 2929
99 153 6154
99 155 5483
99 157 5034
99 163 1448
99 164 3757
99 167 3613
99 170 9445
99 176 1154
99 184 4941
99 187 1545
99 188 5399
99 189 6439
99 193 171
99 194 6562
99 198 7651
99 202 9922
99 205 4721
99 207 6025
99 208 4352
99 209 9299
99 210 236
99 216 6314
99 219 463
99 224 3143
99 231 7744
100 105 304
100 108 3507
100 111 1507
100 115 3372
100 116 9977
100 118 4466
100 124 6852
100 126 5599
100 136 243
100 137 2061
100 138 2121
100 154 2825
100 155 2419
100 161 6919
100 163 4763
100 166 7371
100 169 4306
100 180 4662
100 181 842
100 182 5674
100 187 9946
100 191 7468
100 196 7856
100 197 1563
100 198 4328
100 200 2419
100 206 8166
100 214 5679
100 218 7994
100 223 6241
100 228 6144
101 102 5397
101 106 711
101 107 1252
101 108 5610
101 115 67
101 116 8203
101 123 7890
101 128 2688
101 129 8625
101 136 8727
101 138 578
101 142 8599
101 151 3887
101 152 1703
101 154 5240
101 155 1975
101 157 876
101 161 3969
101 165 9806
101 170 8230
101 178 3166
101 184 232
101 187 1306
101 192 2879
101 193 3875
101 201 5231
101 205 1232
101 207 9547
101 214 255
101 217 4676
101 218 4947
101 225 2856
102 105 4313
102 106 6436
102 117 2046
102 118 3814
102 121 2610
102 124 8286
102 126 2323
102 141 2916
102 148 7091
102 155 2397
102 156 7836
102 157 172
102 163 4523
102 165 9887
102 171 8654
102 172 2229
102 173 7756
102 184 8639
102 185 382
102 187 9519
102 195 6703
102 197 9429
102 206 8684
102 208 2503
102 210 9768
102 217 8428
102 222 2587
102 226 6149
102 227 2904
102 228 5085
102 230 606
103 108 5764
103 109 7465
103 116 5893
103 118 7700
103 120 4695
103 126 9973
103 129 4165
103 130 551
103 142 943
103 143 752
103 145 325
103 149 5566
103 151 2031
103 153 9981
103 160 658
103 165 4988
103 179 1888
103 180 8369
103 189 8415
103 193 8682
103 195 7684
103 196 4626
103 200 4392
103 203 6789
103 205 766
103 206 8853
103 207 1215
103 214 7976
103 216 6041
103 220 4313
103 221 9969
103 222 2758
103 227 423
103 233 7891
104 110 1034
104 115 2368
104 116 2454
104 121 3692
104 124 1373
104 129 855
104 131 4987
104 148 515
104 151 9860
104 158 5804
104 160 8607
104 167 5681
104 169 1586
104 170 9294
104 174 6391
104 180 2647
104 184 1041
104 185 2880
104 186 9945
104 192 6150
104 194 1434
104 197 1927
104 204 5336
104 205 3453
104 206 4369
104 207 9587
104 211 9784
104 212 1104
104 214 548
104 215 537
104 220 4677
104 232 5547
105 114 5111
105 121 9301
105 126 2695
105 128 7047
105 130 7010
105 133 8753
105 136 8270
105 138 9051
105 142 1952
105 144 5670
105 145 6002
105 149 3179
105 152 2256
105 157 6258
105 159 3061
105 161 9073
105 162 6604
105 168 5725
105 182 768
105 183 7814
105 187 6749
105 188 7483
105 208 3282
105 210 1914
105 217 1307
105 218 9935
105 219 5568
105 222 9805
105 223 7034
105 224 2181
105 228 9841
105 229 6148
105 233 4398
106 107 9539
106 109 3975
106 111 8777
106 114 6257
106 115 9583
106 118 7092
106 120 1221
106 130 493
106 132 5802
106 135 1484
106 138 6181
106 144 7595
106 146 3855
106 148 3548
106 150 8268
106 157 6368
106 159 5536
106 167 8941
106 171 8814
106 176 7885
106 177 3945
106 178 1543
106 185 9009
106 188 6478
106 189 7547
106 190 9663
106 191 2930
106 192 4190
106 193 3534
106 194 8583
106 196 3851
106 198 5097
106 199 272
106 202 128
106 211 1575
106 215 8767
106 220 1418
106 223 1718
106 227 1076
106 231 264
106 233 2609
107 112 525
107 114 4629
107 119 102
107 122 5511
107 128 8442
107 131 3288
107 133 6519
107 136 8395
107 147 4326
107 152 6233
107 154 3073
107 165 1726
107 168 4494
107 179 5593
107 180 2947
107 181 1256
107 183 4223
107 186 9914
107 187 4424
107 192 6274
107 205 4162
107 210 430
107 218 5244
107 219 6335
107 225 4244
107 233 178
108 112 6153
108 114 2865
108 115 1060
108 116 7825
108 117 8672
108 122 8189
108 124 7314
108 135 6497
108 139 9444
108 140 2007
108 141 6285
108 142 1697
108 150 1896
108 161 9475
108 167 480
108 173 2183
108 174 621
108 175 7268
108 178 3346
108 182 3326
108 183 8245
108 193 9891
108 194 6326
108 200 8193
108 203 351
108 205 5743
108 210 7482
108 212 2262
108 218 4544
108 219 7818
108 226 9516
109 112 7824
109 114 3110
109 115 3729
109 119 8705
109 121 857
109 124 1020
109 126 8153
109 135 6158
109 139 5561
109 143 6535
109 148 7837
109 151 6210
109 156 2668
109 170 2061
109 174 1019
109 181 2570
109 183 5784
109 195 7870
109 204 5404
109 210 3373
109 216 8299
109 220 4411
109 227 3025
109 229 2015
109 231 2128
109 233 649
110 113 105
110 115 4743
110 118 2322
110 120 2599
110 130 8248
110 134 9701
110 135 9404
110 137 4391
110 151 9214
110 163 2419
110 166 5322
110 172 5497
110 173 8508
110 176 8040
110 192 4484
110 197 266
110 198 505
110 205 7430
110 210 515
110 211 4160
110 212 7729
110 215 2019
110 227 7917
110 229 2860
111 116 2707
111 125 9824
111 126 8676
111 130 2562
111 133 1923
111 134 9017
111 138 9080
111 139 9729
111 141 6241
111 143 3499
111 146 6806
111 147 3871
111 151 6074
111 163 4233
111 166 4343
111 174 3131
111 180 7719
111 183 455
111 186 9886
111 187 2621
111 189 7639
111 190 7321
111 193 3667
111 196 3950
111 202 1742
111 203 7730
111 206 6514
111 216 8769
111 231 6999
111 233 580
112 115 6776
112 116 5739
112 118 1075
112 120 8128
112 124 7055
112 125 8206
112 126 312
112 128 7870
112 131 9804
112 134 7567
112 139 7523
112 144 5045
112 148 2943
112 149 8938
112 158 492
112 159 9732
112 160 1258
112 162 7926
112 163 8219
112 179 4762
112 182 9990
112 183 117
112 186 9276
112 199 7192
112 204 6299
112 206 4719
112 208 7173
112 212 3649
112 230 502
112 233 9643
113 114 597
113 115 2529
113 118 6337
113 122 6013
113 123 4648
113 126 5580
113 130 8672
113 134 3579
113 135 8790
113 141 1462
113 142 2513
113 144 7024
113 149 8954
113 150 5084
113 153 9241
113 158 4370
113 164 6540
113 165 2939
113 167 8672
113 168 9991
113 175 2944
113 176 9846
113 178 6019
113 179 2918
113 183 2360
113 184 111
113 188 3978
113 191 6555
113 194 9916
113 196 2000
113 197 7115
113 201 9497
113 207 1777
113 212 9032
113 214 8276
113 217 2233
113 218 3328
113 219 7561
113 220 9899
113 226 8877
113 229 9011
114 127 8470
114 131 851
114 132 9295
114 141 1130
114 143 2329
114 148 8010
114 154 8243
114 155 5741
114 162 357
114 170 1708
114 174 9280
114 179 5094
114 188 7653
114 191 9500
114 192 1433
114 194 747
114 195 4277
114 198 9410
114 199 2553
114 200 4545
114 201 3748
114 203 2595
114 205 7365
114 211 9081
114 212 3113
114 215 656
114 217 7689
114 221 164
114 226 9107
114 230 2798
114 231 300
115 120 2673
115 123 6699
115 127 5633
115 130 5451
115 132 9909
115 134 4020
115 137 4680
115 142 3545
115 143 9860
115 144 8859
115 145 2934
115 146 8867
115 147 2329
115 151 900
115 158 9001
115 159 5601
115 166 7351
115 168 8652
115 169 6858
115 171 8467
115 174 1449
115 180 253
115 181 8227
115 186 2856
115 187 8138
115 189 2002
115 193 2250
115 195 2476
115 200 4790
115 210 6063
115 217 8469
115 221 8940
115 222 660
115 229 5280
116 119 6275
116 120 9927
116 121 4828
116 125 982
116 131 4870
116 132 2143
116 134 9577
116 139 6569
116 142 153
116 146 4848
116 147 2254
116 158 5999
116 164 4034
116 173 2343
116 177 1511
116 179 1880
116 181 5146
116 191 4405
116 199 9832
116 210 3002
116 212 2082
116 214 9994
116 215 6366
116 217 2413
116 219 992
116 224 1164
116 228 1950
116 229 2893
116 230 9654
116 231 8632
116 232 492
117 119 5857
117 120 7586
117 128 3442
117 136 881
117 145 1017
117 151 6659
117 155 7548
117 162 8964
117 168 7269
117 169 489
117 173 210
117 177 1635
117 182 2723
117 185 7243
117 186 4293
117 193 2621
117 200 8924
117 204 1248
117 208 7858
117 212 1629
117 213 2882
117 216 450
117 224 8725
117 225 3089
117 228 2353
117 233 8487
118 120 642
118 121 7744
118 131 8740
118 134 5066
118 138 9528
118 139 6789
118 145 9317
118 147 2900
118 148 6864
118 151 8702
118 153 4625
118 154 9972
118 156 1115
118 160 8097
118 161 9616
118 164 5508
118 166 8150
118 177 314
118 179 1770
118 190 3443
118 200 7010
118 201 2423
118 206 4143
118 208 2731
118 211 592
118 212 3969
118 223 1414
118 225 6079
118 227 3772
119 121 4079
119 124 9287
119 125 9624
119 126 2661
119 128 2433
119 129 4022
119 130 6091
119 133 4480
119 136 734
119 139 9043
119 145 452
119 146 1764
119 149 6130
119 150 1214
119 152 5232
119 161 7033
119 165 9726
119 168 8254
119 170 8079
119 173 1897
119 178 1034
119 184 2952
119 188 6508
119 189 6631
119 191 5987
119 195 4363
119 196 7071
119 204 4266
119 208 3873
119 212 7429
119 214 3065
119 222 722
119 226 2568
119 228 2929
119 231 9367
119 232 5573
120 121 2409
120 124 7443
120 127 7094
120 132 7365
120 136 937
120 138 6631
120 145 4721
120 146 2191
120 148 6862
120 151 6251
120 153 5009
120 154 8945
120 155 968
120 157 7063
120 159 1006
120 164 2231
120 165 3195
120 184 4718
120 186 5118
120 187 7809
120 188 9131
120 197 897
120 202 7957
120 203 6821
120 204 5740
120 216 7684
120 218 3846
120 220 8169
120 226 5999
120 227 7371
120 228 54
120 229 5474
120 231 4299
120 233 4220
121 123 3782
121 127 4777
121 128 831
121 130 498
121 136 7531
121 142 806
121 146 8123
121 150 3946
121 151 6998
121 152 4858
121 157 7954
121 166 1552
121 171 9786
121 176 8021
121 184 1160
121 187 3949
121 189 2068
121 195 3208
121 197 2243
121 200 877
121 206 7214
121 211 1158
121 214 7018
121 222 5525
121 233 5362
122 123 7564
122 124 7773
122 132 1362
122 133 8824
122 137 6569
122 140 8747
122 141 6935
122 146 1987
122 150 5546
122 152 5095
122 153 2392
122 154 5867
122 155 3646
122 159 2480
122 164 2889
122 167 1436
122 172 9853
122 173 2547
122 175 18
122 178 2835
122 179 7240
122 181 9500
122 185 529
122 186 1928
122 187 6521
122 194 7674
122 198 1787
122 205 5562
122 208 1269
122 211 4804
122 215 568
122 221 7703
122 223 9608
122 224 7784
122 230 8010
122 231 7586
122 233 1099
123 127 9490
123 129 5114
123 132 453
123 134 7900
123 141 6057
123 142 7352
123 146 7135
123 153 1996
123 157 9219
123 165 6660
123 169 1358
123 180 493
123 186 298
123 189 5292
123 194 7490
123 197 7009
123 198 6572
123 203 3750
123 206 3119
123 207 7734
123 216 3334
123 220 3448
123 224 4908
123 227 3163
123 233 1641
124 128 2938
124 131 497
124 132 2164
124 134 6371
124 153 5922
124 154 4042
124 156 8136
124 158 9930
124 159 9445
124 162 8241
124 163 5774
124 165 3692
124 171 7598
124 172 3510
124 180 8645
124 182 8025
124 183 2929
124 185 7637
124 186 6321
124 187 63
124 191 8968
124 194 7638
124 197 2717
124 199 1867
124 203 476
124 211 1399
124 212 9600
124 215 5949
124 218 6975
124 230 9803
124 233 5242
125 129 7095
125 133 8865
125 135 5777
125 136 4716
125 139 2731
125 142 7480
125 147 6427
125 149 3952
125 152 1269
125 156 5411
125 166 6381
125 167 5419
125 170 4810
125 171 8967
125 174 4320
125 179 2097
125 194 6556
125 197 1838
125 198 6164
125 199 4190
125 203 591
125 215 1150
125 216 6386
125 227 3766
125 233 7807
126 128 63
126 131 4943
126 132 5173
126 142 8187
126 143 6397
126 145 2673
126 147 3618
126 148 6365
126 150 5619
126 152 6317
126 160 6316
126 161 5128
126 162 4126
126 172 1678
126 174 1432
126 178 6830
126 181 2432
126 184 7465
126 188 7161
126 191 9156
126 193 83
126 200 1269
126 201 155
126 203 5875
126 204 8629
126 205 2710
126 208 1528
126 218 9019
126 227 805
126 231 8788
126 232 3662
127 130 2928
127 135 8675
127 136 2628
127 143 4887
127 144 9812
127 147 473
127 151 4367
127 152 6220
127 154 9082
127 155 3045
127 156 3758
127 158 5832
127 162 8479
127 165 4873
127 173 1924
127 178 4019
127 179 841
127 180 2178
127 182 8603
127 184 4878
127 186 282
127 188 55
127 191 4469
127 201 4267
127 202 1751
127 205 3224
127 209 7941
127 211 1497
127 212 390
127 220 3302
127 224 3585
127 225 550
127 231 4295
128 139 8540
128 143 8474
128 145 736
128 146 3428
128 148 7681
128 149 9569
128 153 8450
128 158 7955
128 166 7564
128 171 1147
128 172 6528
128 175 697
128 179 2256
128 180 9027
128 189 9406
128 191 9332
128 198 2234
128 199 7066
128 200 5763
128 204 5425
128 209 1129
128 214 7415
128 227 9124
128 228 3226
128 231 6254
128 232 6947
128 233 9741
129 130 6575
129 140 1503
129 148 5390
129 152 437
129 153 3745
129 154 8506
129 160 7107
129 162 6423
129 172 9526
129 173 7199
129 176 3517
129 179 4278
129 180 6754
129 185 8696
129 187 575
129 189 771
129 190 1584
129 191 2914
129 193 1153
129 194 7281
129 200 8061
129 209 1568
129 220 4059
129 221 310
129 227 9112
129 229 8965
129 233 5934
130 134 1244
130 141 7113
130 145 5291
130 152 9963
130 159 5702
130 173 9876
130 174 9483
130 188 4356
130 191 2784
130 192 155
130 194 2219
130 199 8959
130 205 800
130 206 1698
130 211 6660
130 215 2595
130 218 5726
130 228 3307
130 232 5724
130 233 5398
131 133 5283
131 134 7356
131 135 4957
131 137 9150
131 139 4273
131 143 2451
131 144 6240
131 155 511
131 157 3059
131 158 7604
131 163 9090
131 164 9744
131 166 5405
131 168 9375
131 170 801
131 171 1442
131 176 4015
131 179 3179
131 182 5598
131 184 6459
131 187 5606
131 189 1892
131 190 1282
131 191 4595
131 196 8545
131 197 3196
131 198 1783
131 200 2994
131 203 5508
131 204 6984
131 208 3571
131 211 1318
131 215 3559
131 217 6675
131 232 261
132 136 1910
132 139 1951
132 151 1079
132 154 1115
132 155 4277
132 156 4968
132 164 5993
132 165 7804
132 169 3495
132 171 5670
132 173 9795
132 174 380
132 175 1480
132 180 7598
132 183 9733
132 187 1647
132 188 5377
132 199 7066
132 203 5215
132 205 3932
132 206 7514
132 210 6648
132 211 2977
132 212 4172
132 223 5360
132 225 1968
132 231 2810
133 134 6690
133 143 2060
133 147 611
133 148 490
133 154 644
133 155 4340
133 160 1437
133 161 5533
133 163 1787
133 167 7155
133 172 1273
133 185 5478
133 188 9795
133 190 708
133 191 3547
133 193 9616
133 200 7391
133 202 1862
133 203 2867
133 204 881
133 207 6738
133 209 1915
133 212 6573
133 217 9088
133 221 7522
133 223 1588
133 225 5730
133 226 9470
133 227 2758
134 135 6519
134 137 2611
134 138 1691
134 140 2530
134 142 1746
134 143 5675
134 145 1730
134 146 7705
134 152 2120
134 153 8744
134 154 9763
134 158 4893
134 160 4119
134 169 7873
134 170 8461
134 171 715
134 180 8890
134 183 960
134 193 2794
134 196 640
134 197 3887
134 202 6065
134 203 5485
134 209 742
134 210 506
134 211 8075
134 213 65
134 219 4292
134 226 4853
134 231 7454
135 140 838
135 141 4797
135 142 3981
135 148 7845
135 149 7718
135 151 3146
135 152 8484
135 153 7208
135 157 9312
135 160 4049
135 164 7425
135 166 8283
135 173 3681
135 176 2539
135 181 1287
135 184 6306
135 185 9737
135 193 626
135 199 4189
135 204 6527
135 206 385
135 208 4828
135 210 1917
135 212 2594
135 213 4996
135 215 211
135 216 376
135 217 3687
135 218 9303
135 219 4492
135 226 6575
135 229 8305
135 231 7304
136 144 8247
136 146 8140
136 148 3285
136 151 6537
136 153 7678
136 157 6983
136 158 4267
136 159 3533
136 160 9494
136 165 2023
136 166 8544
136 169 1515
136 170 7168
136 175 1495
136 176 954
136 185 3597
136 186 3985
136 189 7962
136 194 9294
136 197 8332
136 202 6154
136 204 8032
136 208 2264
136 219 4593
136 224 3044
136 228 6138
136 232 9663
137 140 5260
137 143 4178
137 149 6316
137 151 1788
137 153 1546
137 154 8873
137 157 2059
137 164 8137
137 167 7135
137 168 8476
137 174 646
137 175 7096
137 182 8439
137 185 5291
137 191 8727
137 204 9085
137 213 9607
137 214 9706
137 218 9829
137 219 9513
137 220 299
137 228 6150
137 229 5392
137 230 783
138 140 7948
138 143 1997
138 149 6818
138 150 6126
138 153 6710
138 156 1791
138 159 2279
138 161 9434
138 162 1618
138 168 191
138 169 362
138 180 4368
138 186 7619
138 192 8747
138 194 1193
138 197 8543
138 213 5647
138 215 1975
138 218 3016
138 220 640
138 221 8486
138 224 3772
138 225 5196
138 227 3757
138 228 9029
138 229 6282
138 230 6151
138 231 7821
138 233 5459
139 142 7313
139 144 4736
139 146 5808
139 147 2202
139 149 5642
139 151 456
139 152 4057
139 153 3582
139 154 6395
139 155 2369
139 162 1632
139 163 6928
139 164 2560
139 176 9865
139 182 757
139 190 4473
139 191 9425
139 193 3934
139 198 68
139 200 8742
139 201 1733
139 202 785
139 209 6986
139 214 3717
139 218 4957
139 221 20
139 230 3744
139 231 5651
140 141 1857
140 142 6554
140 146 9916
140 154 8608
140 157 2070
140 158 6485
140 161 1148
140 163 6927
140 164 3959
140 167 4135
140 168 3191
140 170 7840
140 178 5916
140 181 8813
140 185 993
140 187 1488
140 192 3505
140 195 3073
140 201 1843
140 202 5308
140 210 2862
140 214 3623
140 217 2123
140 222 3870
140 223 6453
140 225 1755
140 229 1303
140 232 3116
140 233 3984
141 154 5584
141 156 2302
141 160 6308
141 165 4148
141 174 5407
141 182 546
141 187 5631
141 190 3061
141 191 6583
141 195 6492
141 198 7001
141 205 1779
141 208 9314
141 214 6207
141 216 5873
142 161 3549
142 163 7725
142 173 4759
142 176 1576
142 179 564
142 186 1180
142 188 3221
142 189 6728
142 195 7232
142 197 5382
142 202 2722
142 204 1797
142 205 2354
142 209 3775
142 211 3770
142 216 7471
142 221 6327
142 222 1272
142 230 9941
143 149 1660
143 152 2136
143 156 6762
143 157 94
143 159 1045
143 162 9834
143 164 3884
143 166 8130
143 167 9481
143 169 7092
143 171 210
143 179 3678
143 184 2324
143 193 6285
143 195 5124
143 197 2085
143 203 3267
143 204 5920
143 206 6460
143 214 741
143 215 8529
143 216 3798
143 223 6840
143 225 780
143 228 2336
143 229 7595
143 233 6862
144 145 8085
144 148 9348
144 150 715
144 152 8312
144 153 7726
144 154 1776
144 160 771
144 167 5241
144 174 6181
144 175 1775
144 176 1999
144 188 2891
144 189 9752
144 206 9367
144 207 2503
144 208 9960
144 209 3922
144 214 4928
144 215 582
144 216 791
144 217 4922
144 219 2557
144 224 9644
144 225 1771
144 226 2603
145 152 1712
145 156 5096
145 157 5029
145 159 7198
145 161 7919
145 163 2036
145 164 7914
145 166 2689
145 168 8042
145 175 3138
145 183 4200
145 184 5847
145 185 7086
145 191 13
145 192 4194
145 197 4871
145 199 2781
145 206 652
145 207 4681
145 211 3439
145 216 965
145 221 1785
145 227 3939
145 229 9577
145 230 9285
145 233 8231
146 154 2264
146 164 9184
146 175 5916
146 177 2672
146 180 4920
146 184 3770
146 185 7621
146 187 34
146 189 2065
146 192 4668
146 194 1915
146 195 3671
146 197 4128
146 200 2200
146 202 2738
146 204 8167
146 207 285
146 226 6063
146 232 1595
147 152 1679
147 157 2083
147 158 9925
147 159 4759
147 164 6695
147 169 7598
147 185 1746
147 188 1934
147 190 9743
147 193 6207
147 194 6109
147 195 2928
147 197 7147
147 202 4677
147 207 2453
147 210 605
147 211 6626
147 215 4682
147 224 7252
147 225 6882
147 226 6727
147 229 213
148 149 2449
148 150 1197
148 152 953
148 153 8676
148 158 8351
148 159 1034
148 161 6082
148 166 9495
148 174 3224
148 175 5938
148 176 7878
148 177 4183
148 180 6744
148 181 3331
148 185 832
148 186 2314
148 192 4302
148 194 2323
148 196 4290
148 197 4711
148 199 8168
148 204 1650
148 215 4872
148 221 5703
148 229 4569
148 230 6670
149 150 5335
149 158 2964
149 159 8064
149 160 1118
149 162 7843
149 163 4062
149 171 440
149 172 7197
149 174 8510
149 177 8731
149 179 2272
149 183 5946
149 184 86
149 187 373
149 197 2707
149 199 8244
149 207 8958
149 210 5146
149 211 6831
149 212 5375
149 219 2785
149 220 6637
149 228 2347
150 161 5551
150 166 8547
150 176 1875
150 181 3200
150 183 3498
150 184 2648
150 186 1261
150 188 9249
150 202 4436
150 209 3820
150 211 2153
150 213 1889
150 221 6600
150 222 1729
150 232 5977
150 233 8834
151 152 743
151 153 1487
151 158 9860
151 159 2943
151 164 1348
151 165 5919
151 168 6699
151 169 290
151 186 307
151 189 4792
151 191 165
151 197 3979
151 202 6165
151 205 6188
151 206 2574
151 218 2177
151 219 4410
151 222 8086
151 223 8433
151 228 9984
151 229 9224
151 231 894
152 154 2470
152 156 334
152 158 625
152 161 640
152 162 1234
152 163 5960
152 171 9601
152 176 5390
152 177 5751
152 178 5645
152 180 8581
152 185 6051
152 186 494
152 190 3856
152 192 9261
152 193 9942
152 200 6293
152 203 8741
152 205 3270
152 207 5943
152 210 237
152 211 6168
153 163 6571
153 168 5337
153 169 9768
153 172 4478
153 175 9991
153 178 1951
153 179 2294
153 181 7745
153 184 5000
153 185 7704
153 191 7499
153 194 5064
153 197 820
153 205 8731
153 209 6602
153 213 6016
153 215 7734
153 220 9091
153 224 6686
154 157 1682
154 158 4896
154 160 9051
154 172 2876
154 183 6535
154 184 1720
154 186 7724
154 192 8638
154 196 4487
154 200 1978
154 201 1902
154 204 7811
154 208 9502
154 210 6024
154 211 5362
154 213 4879
154 215 8426
154 216 4292
154 218 2602
154 220 464
154 225 8437
154 229 5150
154 230 4121
155 161 5927
155 163 7393
155 170 1504
155 171 5829
155 176 5999
155 177 1044
155 181 8675
155 184 3329
155 186 7484
155 187 8821
155 196 9555
155 198 2993
155 202 6907
155 215 8990
155 217 1376
155 227 4598
155 228 8885
155 230 6673
155 231 7776
156 164 8218
156 173 1472
156 174 9036
156 175 3922
156 180 7198
156 182 8195
156 185 6714
156 192 6658
156 194 9023
156 197 2483
156 202 5317
156 207 1514
156 208 328
156 210 5107
156 224 8737
156 229 7455
157 164 8833
157 167 1069
157 174 5731
157 178 3226
157 179 3329
157 181 78
157 185 1585
157 187 6695
157 188 7305
157 193 4322
157 196 2388
157 197 2592
157 203 491
157 204 6995
157 210 3317
157 215 2148
157 220 6962
158 172 4871
158 173 3105
158 177 636
158 178 6635
158 182 9352
158 190 2030
158 191 1370
158 193 1438
158 195 8371
158 196 9183
158 197 4170
158 202 7211
158 205 5429
158 214 5416
158 215 3806
158 218 1943
158 219 3891
159 161 5859
159 162 5285
159 163 8814
159 170 1964
159 175 6752
159 177 9059
159 185 4662
159 205 4582
159 206 5828
159 218 2851
159 223 7651
159 224 9196
159 225 9552
159 228 9508
159 230 2398
159 233 3850
160 168 9127
160 169 7609
160 172 1240
160 174 5895
160 177 4412
160 181 1177
160 183 3662
160 190 2582
160 194 3500
160 196 8695
160 202 7384
160 209 897
160 210 3160
160 213 6971
160 215 4580
160 218 1656
160 222 6860
160 226 3598
160 229 7966
160 231 4413
161 163 1228
161 168 3484
161 170 6948
161 176 3543
161 184 7560
161 189 1527
161 194 6161
161 206 1597
161 228 6779
161 229 3303
161 230 6666
162 172 6112
162 174 3185
162 184 2561
162 189 4501
162 195 1100
162 198 2800
162 207 7895
162 211 3070
162 212 7621
162 216 843
162 218 5670
162 223 7815
162 225 8219
162 226 2825
162 229 3414
163 175 690
163 179 4722
163 180 6481
163 184 7951
163 186 7909
163 189 8384
163 193 9818
163 194 6119
163 195 5279
163 200 3418
163 202 3011
163 206 3233
163 215 569
163 227 3322
163 229 2587
163 231 6677
164 166 2058
164 174 2517
164 178 4004
164 183 8811
164 184 9758
164 186 7384
164 197 1400
164 200 5245
164 201 7201
164 202 7687
164 204 407
164 211 751
164 214 7661
164 217 6185
164 222 6288
164 226 5333
164 227 5249
164 230 6407
165 168 3302
165 176 6184
165 186 5004
165 191 140
165 192 8846
165 197 5142
165 206 4805
165 208 865
165 211 3496
165 216 2808
165 222 8342
165 223 7550
165 225 3206
165 228 2357
165 229 6314
165 231 1980
166 171 4202
166 175 8985
166 190 2892
166 193 7755
166 195 4373
166 199 3435
166 200 8763
166 208 6169
166 210 5988
166 211 6258
166 213 5555
166 215 3550
166 217 2485
166 221 6972
166 222 4176
166 223 5029
166 228 2407
166 230 4758
167 168 8993
167 169 641
167 172 8933
167 174 9943
167 185 9208
167 187 4999
167 197 6038
167 199 2255
167 209 4483
167 211 2186
167 215 2259
167 223 6530
167 225 4534
167 226 4515
167 229 7937
167 230 9080
168 171 2359
168 177 8983
168 178 8849
168 184 6504
168 186 6878
168 192 1440
168 198 1424
168 206 744
168 209 9587
168 210 3390
168 212 4769
168 213 3774
168 214 6633
168 216 8567
168 219 373
168 220 8325
168 222 3921
168 228 346
168 230 2207
169 171 4207
169 173 3024
169 175 5846
169 179 8973
169 184 3186
169 186 5249
169 189 9970
169 190 8739
169 198 7073
169 201 7387
169 202 5456
169 203 820
169 214 2587
169 216 4520
169 224 3700
169 229 9610
169 233 7436
170 171 5867
170 174 4886
170 176 8766
170 183 3334
170 184 2581
170 185 705
170 186 7995
170 191 1576
170 192 1830
170 202 2293
170 206 4929
170 207 6658
170 208 4432
170 210 5073
170 216 2872
170 222 1413
170 223 3888
170 224 1061
171 173 4417
171 177 7334
171 189 6565
171 194 9862
171 198 5030
171 203 1758
171 207 5227
171 209 2913
171 210 5783
171 214 3434
171 217 3803
171 219 1312
171 222 8345
171 224 7702
171 228 5970
171 229 1987
172 178 8458
172 180 6222
172 181 3541
172 190 52
172 192 3951
172 194 9414
172 195 7849
172 196 9089
172 200 9064
172 201 4773
172 202 483
172 203 1068
172 210 9766
172 211 563
172 213 5604
172 222 5388
172 223 8294
172 224 3712
172 225 4262
172 232 5860
172 233 8586
173 174 9193
173 178 884
173 183 8344
173 185 6223
173 189 8117
173 193 6586
173 195 7171
173 197 4759
173 205 6999
173 211 6456
173 212 5379
173 222 2346
173 224 8430
173 227 222
174 182 7309
174 184 6793
174 185 2439
174 190 8869
174 193 954
174 205 4623
174 208 2753
174 209 4972
174 211 3207
174 212 8360
174 213 3046
174 216 378
174 219 3805
174 226 3411
174 227 2237
174 232 4853
175 178 4360
175 183 5900
175 188 3088
175 192 5379
175 195 4545
175 197 8094
175 201 8212
175 202 3654
175 205 5592
175 209 4573
175 211 8109
175 214 106
175 221 5647
175 222 8523
175 225 9151
175 226 3261
175 233 8291
176 178 6854
176 180 6858
176 183 2491
176 184 4760
176 188 4885
176 190 8428
176 195 9228
176 199 3474
176 206 1205
176 208 9123
176 209 3121
176 212 1710
176 214 4316
176 215 4760
176 223 3082
176 227 7517
176 228 7166
176 229 6777
176 230 545
176 232 7761
177 183 3002
177 184 4270
177 185 8653
177 186 5722
177 187 3734
177 189 6252
177 194 3301
177 196 432
177 198 403
177 203 4448
177 212 8002
177 213 4426
177 214 6088
177 218 4150
177 222 1816
177 223 5041
177 227 4276
177 228 5563
177 230 956
177 231 9387
178 187 2029
178 200 5085
178 206 2660
178 215 9807
178 221 4781
178 223 6161
178 227 7816
178 229 981
179 180 8001
179 183 8125
179 184 4685
179 188 7212
179 189 9737
179 197 9133
179 213 6435
179 220 2884
179 224 7186
179 231 6073
179 233 6275
180 181 4424
180 183 2274
180 185 6218
180 189 81
180 192 4171
180 193 6524
180 195 4994
180 208 7883
180 211 7
180 215 7932
180 217 4166
180 226 839
180 227 6752
180 232 8892
181 182 3395
181 183 329
181 186 6253
181 190 5787
181 201 6385
181 210 1687
181 211 2600
181 220 8055
181 223 3403
181 224 746
181 225 9662
181 226 8400
181 230 8049
181 231 7218
182 188 856
182 193 6419
182 196 156
182 203 426
182 209 3820
182 212 2977
182 214 2203
182 217 7751
182 226 7248
182 229 3683
183 184 3913
183 185 170
183 188 2631
183 194 5476
183 195 6738
183 206 1500
183 212 3252
183 213 9871
183 222 128
183 224 5141
183 225 9575
183 231 8101
183 232 8854
184 185 2678
184 194 8139
184 195 5494
184 196 1522
184 202 1631
184 204 8603
184 206 9940
184 211 9803
184 212 7319
184 217 1984
184 222 956
184 228 1981
184 231 3316
185 191 2940
185 195 1527
185 199 3846
185 209 2350
185 215 7205
185 219 5203
185 223 4984
185 226 1008
185 231 7425
185 233 6946
186 191 3578
186 204 5719
186 205 584
186 207 4928
186 208 6734
186 212 7623
186 224 5670
186 226 7621
186 230 2542
186 232 5378
187 191 3609
187 200 3454
187 202 5665
187 203 7375
187 204 5106
187 207 9360
187 211 7085
187 216 954
187 222 1242
187 227 607
188 191 573
188 194 6628
188 208 8383
188 211 2859
188 219 7707
188 233 4878
189 194 8001
189 197 7787
189 199 6699
189 201 9904
189 203 9888
189 211 5838
189 216 7323
189 219 2608
189 223 8463
189 228 2205
190 194 6946
190 203 6434
190 205 5831
190 207 2015
190 208 9451
190 210 7732
190 216 7043
190 221 6867
190 222 7998
190 225 9456
190 229 7336
190 232 3566
190 233 2378
191 196 7447
191 198 6296
191 201 1913
191 206 5620
191 208 2899
191 215 289
191 223 1177
191 230 60
191 231 7914
191 232 9900
192 196 9137
192 200 6951
192 201 94
192 203 3737
192 205 641
192 206 9030
192 208 2414
192 210 4355
192 214 2285
192 215 2897
192 219 4763
192 222 6426
192 228 437
192 230 4778
192 231 6617
193 197 8833
193 202 413
193 204 2263
193 205 6933
193 215 863
193 225 7896
193 228 4378
193 230 4011
194 201 1651
194 211 9549
194 213 1724
194 221 2200
194 223 5766
194 225 386
194 226 2515
194 232 3754
194 233 4257
195 197 9278
195 199 9847
195 208 6642
195 220 2694
195 221 6423
195 222 6630
195 227 4605
195 230 5996
196 199 1557
196 206 95
196 208 9653
196 213 3195
196 219 9847
196 220 1812
196 221 6657
196 232 4652
196 233 3271
197 202 8515
197 203 5019
197 207 9445
197 209 4061
197 218 508
197 221 8381
197 223 5182
197 225 7710
198 199 8109
198 204 91
198 205 6446
198 210 8634
198 212 1053
198 221 5621
198 222 5152
198 224 7066
198 228 3331
198 232 4001
199 202 8683
199 204 1555
199 208 5740
199 213 8658
199 229 5587
199 230 8284
200 204 8084
200 206 4585
200 208 1284
200 209 8582
200 212 7430
200 213 4929
200 219 3114
200 220 8873
200 223 7128
201 204 1473
201 212 7231
201 214 942
201 218 1736
201 220 2069
201 221 4351
201 224 3772
201 226 4651
201 227 9231
201 229 6663
202 203 3490
202 207 3100
202 210 6605
202 211 4381
202 212 5988
202 223 6448
202 225 9811
202 227 3963
202 229 4606
202 232 2322
203 206 4952
203 208 4310
203 209 784
203 210 2660
203 216 4616
203 217 9582
203 229 6682
203 231 4702
203 232 2767
203 233 2071
204 208 2474
204 212 5614
204 213 2534
204 223 6472
204 227 5375
204 228 2645
204 231 1142
205 211 4951
205 212 4280
205 216 6447
205 224 2941
205 233 962
206 211 2093
206 214 8826
206 215 8294
206 216 4340
206 224 6124
206 226 8527
207 208 8288
207 211 4568
207 220 1062
207 225 7723
207 227 8804
207 228 9145
207 233 985
208 217 2088
208 224 2203
208 225 3701
208 230 3033
208 232 1879
208 233 7448
209 214 4407
209 218 2846
209 220 73
209 222 7025
209 223 1055
209 226 9497
209 227 1851
209 229 8399
210 219 888
210 220 1058
210 223 8843
210 227 283
210 229 6666
210 231 2688
210 233 1380
211 217 9580
211 219 2641
211 221 6193
211 223 7528
211 225 9267
211 230 3930
211 231 3012
211 232 1720
211 233 7017
212 214 9940
212 217 7041
212 218 9793
212 225 5620
212 228 7830
213 215 5117
213 216 7557
213 224 7786
213 227 1074
213 229 7537
213 233 731
214 216 9841
214 220 3113
214 226 9612
214 227 6457
214 228 5932
214 231 5555
214 232 6955
215 219 3154
215 223 4615
215 229 7651
215 230 2564
215 231 4692
215 232 7370
216 232 1155
216 233 455
217 222 6323
217 226 3060
217 230 846
218 220 7777
218 222 3140
218 228 9195
218 231 9198
219 221 8223
219 229 9585
220 222 6343
220 224 1196
220 226 700
220 228 824
220 232 5869
221 224 4872
221 230 3200
221 232 1724
222 226 8934
222 229 2992
223 230 7629
223 232 8476
226 229 3232
229 233 9129
