250 7747 137093 238
0 2 5652
0 3 9906
0 4 2078
0 7 2258
0 8 8017
0 11 7520
0 15 2474
0 23 8865
0 24 4020
0 27 4913
0 31 7844
0 39 6796
0 41 8752
0 43 1928
0 51 3348
0 52 6559
0 56 16
0 63 5775
0 78 5400
0 84 7143
0 86 1311
0 108 5271
0 110 4347
0 112 7323
0 114 6970
0 125 4864
0 128 1636
0 130 7475
0 131 4670
0 141 4635
0 142 365
0 144 7874
0 146 9976
0 150 7400
0 158 5222
0 159 9126
0 165 9325
0 175 5808
0 176 9246
0 177 6517
0 179 7454
0 189 7108
0 190 953
0 193 3691
0 196 9127
0 198 9060
0 201 7561
0 202 3787
0 211 7444
0 212 5630
0 214 5842
0 215 6418
0 221 4055
0 222 2896
0 225 3497
0 231 9217
0 236 550
0 243 506
0 244 9349
1 5 7851
1 8 3134
1 13 7959
1 16 8021
1 17 6653
1 19 7919
1 22 9402
1 25 5236
1 30 1091
1 37 7096
1 44 9331
1 54 1772
1 59 103
1 64 6075
1 65 6005
1 67 1351
1 77 9837
1 78 791
1 87 1642
1 110 8714
1 111 3005
1 115 3937
1 116 1729
1 118 4647
1 132 63
1 133 3119
1 139 9149
1 140 4074
1 142 1273
1 143 5936
1 144 6035
1 145 6743
1 148 628
1 156 33
1 158 9624
1 159 9954
1 164 6582
1 168 6100
1 171 5057
1 172 3053
1 173 3294
1 177 366
1 180 1541
1 188 1376
1 190 1199
1 191 9624
1 193 6772
1 200 3478
1 202 9836
1 206 5864
1 211 5727
1 213 3305
1 222 7305
1 223 1908
1 224 8952
1 228 5960
1 242 408
1 243 4539
1 247 4688
2 5 5685
2 6 9897
2 8 2790
2 13 9796
2 19 6238
2 27 2336
2 32 6403
2 38 7793
2 41 1959
2 43 8605
2 61 2808
2 64 4261
2 66 3834
2 68 6214
2 69 4874
2 70 879
2 80 3755
2 81 9808
2 93 6796
2 95 4385
2 102 1479
2 104 9026
2 106 7307
2 110 8819
2 111 1935
2 112 6594
2 116 3016
2 117 4858
2 118 7396
2 131 8184
2 134 7330
2 135 3686
2 140 1550
2 141 6084
2 142 6292
2 150 1639
2 156 6510
2 157 2468
2 158 8104
2 161 7294
2 163 4122
2 167 1549
2 173 3553
2 174 8316
2 175 5892
2 178 7492
2 181 3228
2 183 6509
2 184 16
2 185 2686
2 190 8025
2 193 8169
2 196 4587
2 199 9774
2 204 3552
2 207 6160
2 210 7402
2 215 9528
2 223 8264
2 229 8488
2 231 1354
2 232 2314
2 249 9579
3 8 584
3 9 5309
3 13 5377
3 23 3024
3 30 797
3 31 6511
3 35 9440
3 38 4282
3 40 2112
3 41 2079
3 43 3579
3 45 8404
3 49 4019
3 50 4373
3 51 738
3 56 6911
3 57 3262
3 58 1865
3 60 4454
3 67 904
3 72 710
3 73 9968
3 76 4089
3 82 2490
3 83 3343
3 89 9018
3 91 3741
3 97 3893
3 98 2547
3 99 9010
3 103 4893
3 107 6153
3 109 4440
3 111 1264
3 113 6350
3 119 5676
3 121 3038
3 129 4123
3 132 6413
3 136 6236
3 137 8246
3 139 82
3 140 4404
3 143 8776
3 144 9891
3 146 5656
3 153 3260
3 155 6931
3 156 1504
3 163 9926
3 170 6423
3 172 931
3 180 6948
3 182 2167
3 185 8579
3 186 8796
3 191 128
3 201 6098
3 203 5739
3 205 5353
3 211 8760
3 216 5994
3 220 7509
3 221 332
3 222 4362
3 230 699
3 234 9690
3 245 4171
4 5 2259
4 11 620
4 13 8588
4 15 9765
4 19 695
4 21 7041
4 26 6663
4 31 3621
4 45 2396
4 47 3399
4 51 6993
4 52 1167
4 58 368
4 61 2252
4 69 1249
4 74 3147
4 75 553
4 76 7845
4 79 6687
4 80 196
4 83 7652
4 84 519
4 85 8796
4 86 949
4 87 646
4 91 4327
4 92 3703
4 93 4079
4 97 1187
4 100 3793
4 101 4332
4 115 7761
4 121 3884
4 123 5675
4 124 1014
4 132 9907
4 135 7786
4 147 2894
4 151 7781
4 155 5574
4 158 2193
4 163 263
4 166 5191
4 168 2085
4 169 4430
4 171 7814
4 175 2354
4 178 3143
4 180 8241
4 181 6003
4 182 2263
4 187 7764
4 193 5130
4 194 5426
4 197 6773
4 199 3205
4 200 4936
4 204 4648
4 210 5909
4 213 6783
4 216 518
4 217 1299
4 224 8744
4 229 6901
4 230 7511
4 237 7831
4 238 128
4 240 6514
4 244 2753
4 245 1863
4 246 6982
4 248 7784
5 10 142
5 11 3442
5 13 4008
5 23 434
5 25 7377
5 51 8761
5 62 8472
5 63 4194
5 64 3790
5 67 5277
5 75 2935
5 76 9231
5 82 5109
5 83 3851
5 84 7942
5 96 9793
5 98 864
5 102 1361
5 108 7418
5 112 7263
5 122 7161
5 132 5692
5 134 3278
5 142 1140
5 143 1618
5 144 8227
5 145 7683
5 146 6434
5 151 7638
5 154 1680
5 155 2528
5 158 8970
5 162 3939
5 164 1725
5 165 6940
5 167 8286
5 171 5117
5 173 7565
5 177 9302
5 180 7440
5 186 3895
5 188 1860
5 190 7908
5 191 2622
5 194 1201
5 195 9356
5 200 3864
5 201 7952
5 202 2634
5 206 5335
5 211 5333
5 215 6888
5 218 6053
5 225 8450
5 226 5617
5 229 1116
5 238 4985
5 239 2225
5 241 4753
5 243 8097
5 246 4822
5 248 3251
6 9 2730
6 17 582
6 18 3745
6 19 9466
6 29 3420
6 44 4306
6 50 4755
6 60 3435
6 62 5732
6 69 2483
6 74 6700
6 78 2096
6 82 1407
6 101 1968
6 107 3481
6 111 5672
6 121 6567
6 122 3163
6 123 4251
6 124 9514
6 128 5440
6 131 5592
6 132 6509
6 141 8253
6 146 5890
6 147 5567
6 149 6641
6 153 8893
6 154 9622
6 164 7754
6 168 2237
6 170 1176
6 171 3007
6 172 8552
6 173 4604
6 177 1816
6 182 4690
6 186 6573
6 188 5652
6 204 8135
6 206 8324
6 207 3801
6 215 7194
6 219 9058
6 225 137
6 227 6389
6 235 2925
6 245 1115
6 246 6580
7 14 6529
7 22 6360
7 25 1260
7 26 406
7 30 7554
7 33 4792
7 35 2921
7 37 6682
7 39 6241
7 40 3160
7 42 7491
7 44 4210
7 46 2670
7 48 2912
7 51 7468
7 58 321
7 61 5299
7 63 5489
7 66 1807
7 70 936
7 73 4877
7 76 5633
7 83 6562
7 84 8581
7 90 2029
7 97 9356
7 99 2723
7 106 9681
7 107 9758
7 112 2542
7 114 4100
7 118 4394
7 133 1128
7 135 9071
7 137 9064
7 141 9072
7 142 9894
7 163 5227
7 173 5432
7 177 8144
7 178 9711
7 181 5384
7 190 38
7 192 3814
7 195 740
7 196 4207
7 200 3891
7 204 6351
7 209 2152
7 213 2575
7 223 7344
7 226 4676
7 231 9141
7 233 4258
7 239 9727
7 241 61
7 242 3208
7 244 1786
8 13 2119
8 16 2348
8 17 4986
8 18 2757
8 20 4473
8 23 2526
8 26 5622
8 29 9711
8 34 7817
8 49 675
8 51 2784
8 58 5515
8 60 7173
8 66 3049
8 67 6044
8 74 6354
8 83 6546
8 84 5342
8 85 9110
8 86 6066
8 90 2080
8 98 6997
8 100 505
8 102 9241
8 104 8816
8 105 3328
8 110 3391
8 111 3114
8 112 9143
8 115 1258
8 123 6367
8 125 8687
8 128 3763
8 130 4017
8 132 7304
8 133 9499
8 135 5536
8 137 8806
8 142 8613
8 143 4152
8 144 584
8 152 1826
8 160 9036
8 161 7412
8 173 2138
8 180 106
8 181 8249
8 183 2135
8 189 4470
8 192 1341
8 196 4510
8 205 6003
8 206 460
8 208 6436
8 209 988
8 214 2433
8 215 726
8 224 5334
8 230 3793
8 231 7926
8 239 2948
9 11 2090
9 12 675
9 17 3800
9 21 1989
9 28 8461
9 29 1868
9 43 9351
9 44 2278
9 49 2062
9 56 8380
9 59 7687
9 62 2356
9 66 357
9 67 5878
9 68 9395
9 69 3141
9 96 7323
9 99 4265
9 100 3487
9 112 900
9 116 4389
9 121 8410
9 124 7888
9 130 2600
9 134 2339
9 143 671
9 148 7362
9 157 6454
9 163 6120
9 164 9389
9 170 999
9 173 4537
9 180 3416
9 181 7988
9 182 5502
9 183 453
9 184 1157
9 195 4272
9 199 2283
9 203 2566
9 204 6002
9 219 6112
9 221 9782
9 222 8572
9 224 5888
9 225 9763
9 233 5320
10 13 135
10 20 2416
10 24 3724
10 27 4520
10 29 4842
10 39 6142
10 42 2947
10 48 9578
10 51 1940
10 52 9859
10 63 1194
10 66 2337
10 68 9427
10 73 3070
10 76 5278
10 78 9019
10 84 5724
10 86 57
10 87 959
10 89 3323
10 93 2190
10 96 5216
10 99 1445
10 102 3074
10 104 4590
10 108 8464
10 109 1203
10 111 9057
10 131 1332
10 139 1184
10 145 9398
10 150 8114
10 154 1724
10 157 5891
10 160 7127
10 162 5374
10 166 214
10 169 7076
10 171 6594
10 174 5244
10 182 2445
10 186 4922
10 188 4315
10 190 9671
10 196 6569
10 197 1811
10 198 3774
10 199 373
10 204 9550
10 206 2492
10 210 4904
10 215 7769
10 218 4224
10 220 3763
10 221 4107
10 223 7207
10 228 6792
10 232 3926
10 234 9381
10 238 1178
10 248 2547
10 249 9590
11 14 9031
11 33 2118
11 35 2691
11 42 8866
11 48 7580
11 49 4536
11 50 3244
11 53 4635
11 60 9552
11 63 1870
11 67 8104
11 68 7213
11 71 5268
11 74 9781
11 78 8352
11 79 1074
11 80 6934
11 84 6669
11 88 7608
11 93 7990
11 100 6548
11 101 7506
11 109 2927
11 116 8771
11 118 4180
11 120 9162
11 123 3315
11 124 6063
11 125 3019
11 129 5938
11 131 1218
11 132 857
11 135 5233
11 145 1876
11 148 3403
11 151 1786
11 155 6603
11 159 2198
11 160 3765
11 167 1948
11 168 7550
11 171 1101
11 172 8514
11 174 8661
11 175 9027
11 180 5997
11 182 9098
11 196 387
11 197 1882
11 199 6962
11 204 5045
11 206 3480
11 208 9987
11 211 9874
11 212 9494
11 217 317
11 222 5589
11 228 3517
12 18 3803
12 20 336
12 21 9200
12 22 6238
12 26 4135
12 29 2788
12 31 2824
12 35 9100
12 39 7846
12 41 5777
12 44 7111
12 45 7217
12 54 7487
12 65 5355
12 68 6036
12 69 9323
12 72 9120
12 73 5096
12 80 9423
12 81 1060
12 87 5412
12 89 9055
12 90 368
12 94 850
12 97 2429
12 103 4366
12 105 406
12 106 7788
12 108 6914
12 112 5846
12 118 2863
12 122 9990
12 127 3854
12 129 3594
12 131 7462
12 135 8294
12 137 8558
12 141 3329
12 147 4688
12 148 9926
12 153 8016
12 157 7310
12 161 597
12 163 5275
12 165 9395
12 179 8592
12 180 1255
12 185 4318
12 186 5253
12 204 7330
12 208 5184
12 210 4884
12 214 8873
12 218 538
12 221 7224
12 230 5445
12 238 4104
12 239 8931
12 244 8924
12 246 5312
13 18 2450
13 23 7840
13 29 9683
13 31 1040
13 33 4072
13 51 9755
13 53 1955
13 62 328
13 64 422
13 67 9299
13 69 2835
13 73 3676
13 74 9707
13 80 449
13 85 6008
13 93 3694
13 95 2473
13 97 4660
13 99 1584
13 103 3516
13 104 8868
13 106 3685
13 107 4567
13 109 4633
13 115 3517
13 116 1641
13 120 4609
13 125 5790
13 126 8776
13 130 3504
13 141 1815
13 154 124
13 161 9503
13 164 6047
13 167 5902
13 168 3878
13 170 5465
13 174 3425
13 176 2765
13 179 7853
13 184 1035
13 185 7999
13 188 2878
13 189 9664
13 190 6524
13 193 6678
13 195 7587
13 196 5617
13 197 9952
13 208 466
13 211 4124
13 213 58
13 214 4544
13 218 4194
13 221 3655
13 225 2182
13 228 1386
13 231 6214
13 235 9214
13 237 5816
14 17 1495
14 24 6256
14 30 3358
14 37 2242
14 42 1099
14 43 7925
14 45 1417
14 47 5988
14 50 5294
14 56 1599
14 61 6826
14 62 1441
14 67 5376
14 70 6254
14 84 1714
14 91 5450
14 93 2352
14 97 7521
14 98 9549
14 99 7620
14 101 7546
14 107 3106
14 109 5204
14 114 7458
14 117 9764
14 119 6782
14 121 191
14 130 9610
14 134 776
14 136 2718
14 138 8616
14 141 2805
14 142 7080
14 149 6913
14 153 5652
14 154 3580
14 155 9734
14 158 147
14 161 9364
14 163 1392
14 170 2363
14 171 1594
14 172 6540
14 173 5216
14 174 2133
14 179 7276
14 186 1229
14 195 9746
14 201 5265
14 203 2395
14 209 4188
14 213 9852
14 214 8000
14 216 9437
14 218 8782
14 220 1860
14 222 7511
14 223 6410
14 228 4284
14 236 934
14 240 7229
14 246 3011
15 16 2699
15 18 9050
15 19 5444
15 23 7230
15 25 7717
15 33 3283
15 36 6180
15 38 1886
15 43 7623
15 48 5709
15 61 1029
15 66 4471
15 68 7756
15 71 3288
15 72 2875
15 73 1684
15 86 3238
15 96 8083
15 99 9880
15 100 9719
15 101 447
15 105 7158
15 112 7700
15 114 1124
15 115 2242
15 116 1986
15 126 9759
15 127 6822
15 140 4701
15 142 404
15 155 5701
15 165 3065
15 171 335
15 176 6730
15 177 9381
15 181 9335
15 182 4905
15 184 1975
15 189 874
15 190 3314
15 194 3527
15 197 4928
15 198 1258
15 206 2989
15 208 797
15 212 1504
15 220 1401
15 221 1198
15 224 356
15 226 7432
15 227 8892
15 229 5173
15 236 5015
15 237 29
15 240 4762
15 242 6954
15 245 4992
16 17 6741
16 18 7848
16 21 4881
16 26 1481
16 32 6425
16 36 2223
16 37 1917
16 38 6867
16 43 5145
16 46 2413
16 47 3729
16 52 8630
16 56 9248
16 60 8839
16 62 897
16 64 5612
16 65 4726
16 66 8385
16 71 6025
16 76 3470
16 77 5014
16 81 8754
16 84 7592
16 85 9125
16 86 9109
16 88 3241
16 103 8704
16 113 8810
16 122 2242
16 124 1588
16 125 5189
16 127 8346
16 130 7674
16 131 4978
16 132 9977
16 133 2258
16 134 7641
16 148 4394
16 149 290
16 160 575
16 166 8273
16 168 3075
16 176 3546
16 178 8222
16 183 642
16 190 1657
16 197 2925
16 201 6660
16 203 953
16 205 6145
16 209 6231
16 211 9565
16 220 728
16 224 3035
16 235 4806
16 239 3179
16 240 1683
16 242 1047
16 243 2073
16 248 956
17 18 839
17 23 64
17 27 8203
17 34 7841
17 37 1779
17 45 7129
17 48 1158
17 49 8716
17 51 3941
17 52 9617
17 56 7146
17 61 5324
17 76 1931
17 79 4785
17 80 7193
17 86 7815
17 88 7043
17 89 7129
17 95 848
17 98 1449
17 106 6400
17 107 1741
17 110 1358
17 111 7054
17 115 9056
17 117 9764
17 130 6029
17 133 3957
17 135 6375
17 145 2479
17 147 5315
17 149 4983
17 151 5666
17 166 8706
17 169 281
17 180 9638
17 183 2462
17 184 4432
17 190 2224
17 191 7196
17 194 6510
17 198 1743
17 200 3065
17 224 6046
17 225 8942
17 228 4451
17 229 8826
17 233 4205
17 234 5205
17 236 2083
18 23 1322
18 24 2273
18 26 879
18 35 2056
18 40 1744
18 44 9771
18 45 6836
18 46 8197
18 48 6003
18 52 9015
18 54 1935
18 60 4122
18 65 2608
18 67 5437
18 68 8346
18 73 1506
18 77 8952
18 78 8041
18 85 7914
18 92 55
18 94 9760
18 96 4652
18 102 1924
18 104 590
18 105 5247
18 107 3161
18 110 1945
18 131 6342
18 145 8284
18 153 5019
18 156 37
18 162 6832
18 166 4561
18 169 4312
18 170 7798
18 171 2715
18 172 1024
18 178 7551
18 180 7342
18 184 1441
18 194 3667
18 195 4193
18 201 9706
18 204 8006
18 205 8446
18 213 520
18 214 4494
18 220 1051
18 234 4548
18 240 1028
18 241 608
18 245 2981
18 246 9737
18 248 6192
19 21 8074
19 25 4556
19 27 7523
19 40 6609
19 42 7198
19 45 4150
19 50 8399
19 63 2194
19 71 3079
19 80 5455
19 82 2821
19 84 387
19 87 6376
19 91 6220
19 92 9406
19 93 9777
19 94 8722
19 96 9182
19 97 1218
19 99 9400
19 101 8031
19 102 6062
19 113 2618
19 114 6517
19 121 2630
19 123 968
19 129 7936
19 134 7971
19 144 9466
19 147 83
19 148 2860
19 149 9430
19 150 3267
19 153 9451
19 154 1565
19 155 3490
19 156 2219
19 157 7263
19 159 9791
19 162 8801
19 168 254
19 170 5519
19 171 8583
19 172 4448
19 177 5638
19 182 8246
19 184 5368
19 195 7057
19 199 7135
19 206 8859
19 208 3343
19 213 4647
19 217 9210
19 218 2018
19 224 8900
19 225 7948
19 230 6050
19 234 8272
19 236 9585
19 238 8784
19 239 4082
19 242 2775
19 248 7763
20 24 827
20 27 9213
20 28 3626
20 29 5308
20 31 4913
20 44 3382
20 48 4737
20 51 4316
20 54 2194
20 55 6313
20 62 2827
20 63 418
20 66 5422
20 67 9481
20 73 2184
20 76 3933
20 84 7675
20 88 6816
20 92 5523
20 94 8115
20 103 6347
20 105 4088
20 106 3835
20 107 144
20 118 2774
20 122 2391
20 124 221
20 126 1892
20 132 923
20 135 1868
20 139 9540
20 140 1345
20 142 5034
20 153 849
20 159 9577
20 160 7949
20 161 1529
20 168 7364
20 169 3787
20 180 7174
20 200 2404
20 206 80
20 209 7142
20 212 829
20 214 7420
20 220 1771
20 227 769
20 230 7824
20 231 1965
20 239 1863
20 240 6985
20 242 9889
21 22 3626
21 24 1080
21 36 9527
21 42 2039
21 43 8635
21 45 4990
21 47 2951
21 49 6299
21 53 7991
21 54 1621
21 56 1510
21 58 656
21 76 1658
21 81 1513
21 83 7239
21 84 9293
21 98 721
21 102 7404
21 105 4495
21 109 8015
21 110 4811
21 113 4973
21 122 5688
21 124 4571
21 133 5225
21 138 9504
21 140 7855
21 141 677
21 147 1667
21 153 3444
21 155 9497
21 158 8099
21 175 3618
21 176 9711
21 180 9135
21 182 8504
21 183 5717
21 185 7093
21 186 6646
21 201 9696
21 205 6875
21 211 9789
21 213 1722
21 214 4066
21 217 2492
21 218 5463
21 221 1545
21 228 7697
21 232 2155
21 241 5043
21 242 1386
21 243 6178
21 244 6557
21 247 7652
21 248 14
21 249 3149
22 30 8475
22 32 5039
22 38 5691
22 42 1657
22 43 1325
22 51 4382
22 55 1874
22 57 4691
22 65 7302
22 71 4028
22 74 5720
22 76 9502
22 81 5416
22 84 7059
22 89 9190
22 91 4381
22 94 6101
22 99 1292
22 100 36
22 101 253
22 104 8699
22 110 9152
22 117 8538
22 119 3595
22 124 374
22 125 7297
22 128 330
22 129 6961
22 134 1894
22 137 9610
22 139 1646
22 144 3436
22 154 1443
22 158 1038
22 160 5797
22 162 900
22 163 9510
22 167 7231
22 168 3417
22 170 4784
22 177 9845
22 181 8437
22 182 3889
22 186 4022
22 188 5342
22 190 5741
22 191 6075
22 193 8333
22 194 9739
22 197 3953
22 205 602
22 211 9527
22 213 5827
22 223 9115
22 231 4571
22 233 7552
22 236 9734
22 239 6232
22 245 1951
22 248 3089
23 32 2722
23 39 9040
23 44 6830
23 46 857
23 49 1442
23 50 5898
23 61 4414
23 63 7635
23 64 3006
23 66 8434
23 70 5085
23 74 5070
23 78 2245
23 79 2410
23 82 6092
23 83 2457
23 88 178
23 91 3941
23 95 6963
23 102 487
23 105 5587
23 118 8404
23 119 1658
23 123 9807
23 124 6194
23 125 4727
23 129 3026
23 134 8418
23 137 3907
23 144 1267
23 152 5114
23 153 555
23 156 4651
23 159 4679
23 167 3833
23 177 8266
23 178 9721
23 181 9579
23 182 258
23 187 466
23 188 3986
23 191 9804
23 194 7290
23 196 6844
23 199 9205
23 202 7796
23 212 2682
23 215 3281
23 218 2898
23 224 835
23 229 8827
23 232 2265
23 235 5684
23 245 7920
23 246 5848
23 248 6393
23 249 4354
24 31 1454
24 40 6011
24 44 6005
24 45 9019
24 47 4830
24 55 5209
24 73 6494
24 76 8794
24 77 7012
24 78 1549
24 80 3664
24 88 1339
24 89 3393
24 94 6093
24 99 1841
24 101 4069
24 102 7293
24 104 7541
24 107 2160
24 108 4389
24 115 1564
24 120 521
24 121 9720
24 132 304
24 134 5707
24 135 1094
24 136 4582
24 139 9370
24 141 8018
24 143 1841
24 144 9563
24 146 4487
24 150 2277
24 152 1613
24 156 8986
24 163 4708
24 164 9370
24 175 6157
24 179 8380
24 181 4442
24 192 1210
24 202 736
24 206 359
24 208 7871
24 209 2273
24 210 23
24 211 3438
24 219 4035
24 220 1721
24 223 6273
24 231 2024
24 233 2055
24 235 9670
24 237 8479
24 238 4543
24 239 3189
24 246 4040
25 37 9794
25 41 5839
25 42 9042
25 45 8157
25 51 6076
25 52 6126
25 57 8494
25 58 6957
25 59 1926
25 61 6022
25 66 7432
25 69 5831
25 73 9210
25 74 4505
25 75 7488
25 79 431
25 94 5633
25 97 7088
25 101 9454
25 104 5304
25 107 4438
25 115 5128
25 124 4501
25 137 6298
25 138 4520
25 140 284
25 141 4959
25 146 3703
25 155 9824
25 156 9928
25 159 6631
25 161 3567
25 162 3565
25 170 9761
25 184 4483
25 185 6918
25 196 6374
25 197 7546
25 201 8082
25 202 1375
25 207 9792
25 211 9109
25 212 9
25 213 1586
25 223 2211
25 224 2620
25 227 227
25 239 9435
25 243 7029
25 244 5077
25 245 4391
26 31 6087
26 37 5420
26 40 9126
26 43 4253
26 50 5515
26 51 8058
26 53 3741
26 56 883
26 60 5565
26 64 2771
26 69 1594
26 71 1178
26 75 2173
26 78 5477
26 81 2431
26 84 6444
26 95 5401
26 98 1988
26 107 6608
26 111 3835
26 115 8971
26 117 1763
26 123 1893
26 125 7447
26 126 8201
26 138 3056
26 144 2651
26 145 5453
26 146 1804
26 150 7540
26 154 3331
26 157 8194
26 159 6628
26 160 2255
26 161 122
26 167 6972
26 168 5103
26 170 9753
26 175 8563
26 180 7873
26 183 7106
26 184 4630
26 186 4131
26 189 8936
26 194 8339
26 197 75
26 205 1653
26 206 3831
26 211 3161
26 213 7220
26 230 6304
26 234 4405
26 238 7951
26 242 6872
26 244 4959
26 246 3824
27 30 4118
27 36 5269
27 37 8097
27 41 4757
27 48 6119
27 49 1451
27 52 3042
27 54 9573
27 57 5703
27 59 5821
27 64 6613
27 67 7794
27 72 2331
27 75 4456
27 77 3260
27 78 4579
27 84 9601
27 107 799
27 110 2854
27 112 2516
27 118 1010
27 123 5991
27 130 3627
27 136 9319
27 144 4027
27 146 5240
27 147 3553
27 149 4965
27 151 8324
27 152 4459
27 157 6339
27 160 8106
27 162 9536
27 165 869
27 167 4068
27 171 5050
27 175 4531
27 177 7538
27 179 756
27 182 952
27 187 9241
27 189 9695
27 190 2538
27 195 2302
27 197 4794
27 201 7798
27 205 9182
27 210 813
27 211 7779
27 229 4618
27 232 4870
27 236 501
27 240 5263
27 241 7300
27 242 8040
27 245 482
27 248 3184
28 33 8147
28 35 425
28 39 8982
28 44 79
28 47 2636
28 50 9023
28 52 383
28 63 3234
28 64 6277
28 65 6968
28 68 831
28 72 3927
28 85 1549
28 88 6321
28 90 3904
28 94 9035
28 100 1591
28 101 5606
28 102 4901
28 103 1982
28 105 8662
28 112 1748
28 114 6245
28 115 9169
28 117 270
28 118 116
28 121 9986
28 122 9160
28 130 800
28 138 8317
28 143 993
28 146 1557
28 148 8052
28 156 8347
28 158 4260
28 162 8511
28 164 5238
28 165 5710
28 171 8536
28 172 94
28 173 9179
28 177 7097
28 181 8177
28 193 292
28 196 7070
28 211 95
28 214 3933
28 221 2013
28 233 7206
28 235 113
28 236 5051
28 246 2697
28 247 469
28 249 1963
29 30 9353
29 31 3589
29 32 3725
29 40 8266
29 43 1442
29 45 7327
29 47 7063
29 60 8336
29 63 3069
29 67 1703
29 76 6738
29 80 1313
29 82 8813
29 84 3826
29 90 1249
29 94 6006
29 101 6094
29 105 3027
29 107 2619
29 112 647
29 114 2859
29 119 1765
29 120 280
29 127 9757
29 132 8053
29 133 2386
29 140 1898
29 144 9455
29 145 2303
29 147 3918
29 149 5089
29 159 1101
29 164 1426
29 165 211
29 169 665
29 171 5564
29 174 3865
29 178 8589
29 181 3449
29 184 3256
29 189 1092
29 194 4939
29 195 7026
29 199 3896
29 207 2796
29 209 5395
29 214 684
29 220 8133
29 228 9741
29 230 3069
29 235 9250
29 236 4846
29 242 1693
30 53 5762
30 59 3870
30 64 8379
30 71 9816
30 74 8224
30 77 5722
30 94 2044
30 95 1813
30 99 8560
30 100 1560
30 105 24
30 107 1078
30 113 5032
30 114 2243
30 117 2328
30 119 6509
30 129 347
30 133 4549
30 138 6143
30 144 9147
30 146 1045
30 150 2778
30 151 3307
30 157 5113
30 167 3936
30 173 2442
30 175 7490
30 179 1917
30 184 6328
30 198 7296
30 199 5160
30 200 6855
30 204 8958
30 206 5068
30 211 2201
30 217 5504
30 222 8068
30 223 4255
30 231 7995
30 233 8650
30 235 1120
30 237 8978
30 241 3468
30 242 9518
30 243 3273
31 42 6723
31 50 8102
31 54 5096
31 59 7581
31 60 5066
31 73 8010
31 82 6848
31 87 7132
31 91 3226
31 93 7480
31 94 6701
31 96 6436
31 98 3559
31 103 6068
31 104 747
31 107 2300
31 111 9598
31 117 9829
31 124 1778
31 125 603
31 127 4582
31 129 2768
31 131 6820
31 132 1327
31 135 8961
31 137 9327
31 138 2707
31 141 1212
31 150 452
31 157 1087
31 158 2195
31 159 7264
31 160 7138
31 167 5691
31 171 8771
31 172 3096
31 173 7761
31 174 1856
31 176 9795
31 178 8797
31 186 4788
31 190 7740
31 194 8159
31 197 4411
31 199 2871
31 202 5142
31 205 9782
31 210 2880
31 217 3775
31 219 1523
31 224 3225
31 225 4489
31 228 7122
31 231 2906
31 234 9459
31 244 6681
31 246 5321
31 248 2158
32 38 2568
32 41 7948
32 43 111
32 48 5578
32 51 7997
32 59 661
32 65 4657
32 74 3416
32 75 6823
32 82 4036
32 83 7866
32 84 2810
32 91 6168
32 94 8689
32 103 9632
32 106 823
32 111 2782
32 114 725
32 115 3827
32 118 9792
32 122 3166
32 129 3652
32 131 5177
32 132 5811
32 134 5646
32 137 914
32 141 8907
32 146 4512
32 148 3290
32 151 6487
32 155 2579
32 156 8930
32 162 7081
32 164 2810
32 165 6975
32 167 8672
32 172 2963
32 174 4878
32 183 3892
32 189 4322
32 192 3399
32 198 2444
32 203 5880
32 207 3044
32 212 9719
32 223 3954
32 228 9682
32 231 4189
32 235 3962
32 238 3442
32 239 325
32 240 699
32 243 6700
33 37 5935
33 39 6098
33 44 5699
33 50 3924
33 56 1278
33 57 2657
33 58 5586
33 63 9044
33 78 1612
33 79 7289
33 80 3399
33 90 985
33 91 8793
33 93 4782
33 100 6279
33 101 7663
33 103 8805
33 110 6483
33 112 2379
33 121 9040
33 122 6646
33 132 6292
33 135 8117
33 137 4795
33 140 9430
33 143 7834
33 157 8969
33 163 8095
33 165 484
33 176 6751
33 178 672
33 179 4479
33 183 6753
33 191 7266
33 205 103
33 207 4039
33 208 143
33 213 6805
33 214 402
33 216 7060
33 217 9128
33 220 8215
33 221 3374
33 223 9344
33 224 8639
33 232 1059
33 237 7257
33 239 6465
33 244 9927
33 249 2482
34 38 4875
34 45 2452
34 50 6731
34 54 9977
34 58 8232
34 59 7772
34 66 4111
34 68 7237
34 69 1903
34 71 3655
34 72 3262
34 75 6648
34 79 611
34 82 4906
34 85 3773
34 92 9253
34 94 863
34 95 4840
34 96 4649
34 98 8512
34 123 5345
34 126 8929
34 133 9560
34 139 9885
34 151 4863
34 156 5891
34 160 5341
34 161 7533
34 164 9465
34 166 7831
34 172 5198
34 175 110
34 179 4822
34 181 4514
34 192 2960
34 196 6153
34 206 7230
34 208 6140
34 210 8991
34 211 6755
34 219 3319
34 220 5522
34 223 7052
34 227 1933
34 228 7070
34 230 1072
34 232 8080
34 239 5879
34 240 7541
34 243 6963
34 245 9979
35 37 5166
35 38 716
35 41 6922
35 48 1541
35 49 2188
35 53 3001
35 67 9940
35 73 416
35 80 2298
35 92 8596
35 94 8372
35 100 7371
35 105 2924
35 110 4837
35 114 7097
35 119 2831
35 129 7084
35 137 6626
35 138 218
35 144 6248
35 156 7121
35 164 6766
35 165 5210
35 168 4189
35 169 4665
35 171 2208
35 179 3928
35 185 2267
35 190 1187
35 191 6812
35 198 9541
35 200 7689
35 201 8091
35 204 8063
35 210 2597
35 213 903
35 218 9180
35 221 908
35 223 4436
35 225 5202
35 226 231
35 231 6656
35 236 8113
35 241 2110
35 246 2640
35 249 8433
36 37 8417
36 45 3101
36 52 9633
36 56 1381
36 58 889
36 60 8708
36 69 871
36 73 5348
36 74 3271
36 75 3779
36 77 2660
36 78 7889
36 87 6549
36 89 1593
36 111 2286
36 114 944
36 117 4954
36 118 2359
36 127 73
36 130 4198
36 131 8980
36 135 9001
36 141 3836
36 144 9553
36 145 2366
36 148 8598
36 150 8207
36 154 8641
36 157 4517
36 158 5421
36 159 1160
36 163 6372
36 168 6280
36 170 983
36 181 2175
36 185 1812
36 187 520
36 194 5291
36 197 5630
36 200 5993
36 202 8837
36 204 9280
36 207 4314
36 211 7054
36 212 7649
36 215 7642
36 225 4253
36 228 2304
36 231 8254
36 236 8880
36 238 5151
36 242 3
36 245 6155
37 40 2077
37 46 961
37 47 475
37 50 6310
37 51 1706
37 53 7255
37 58 7293
37 59 1891
37 63 1997
37 64 953
37 68 3862
37 69 5924
37 71 5438
37 72 4581
37 74 122
37 84 6234
37 86 5539
37 96 5254
37 97 1516
37 98 2095
37 99 5606
37 103 8647
37 104 9253
37 105 2786
37 107 5415
37 108 7232
37 111 5488
37 114 9386
37 118 9912
37 126 9132
37 128 3719
37 129 1695
37 131 9403
37 134 3988
37 136 3484
37 144 9705
37 149 9305
37 151 1491
37 177 7224
37 185 1632
37 186 9122
37 188 9661
37 192 2032
37 200 263
37 209 3904
37 210 5161
37 217 9542
37 218 1842
37 224 3402
37 230 3828
37 231 3666
37 234 6156
37 237 7457
38 49 5916
38 56 9600
38 57 7076
38 63 5172
38 68 300
38 72 7473
38 89 6335
38 93 1334
38 95 2735
38 96 9931
38 112 8364
38 113 2203
38 116 1453
38 121 8732
38 123 1660
38 126 9750
38 128 8880
38 135 3817
38 154 3222
38 155 4691
38 156 6362
38 158 8775
38 162 8565
38 163 6908
38 164 4168
38 165 5395
38 166 4926
38 169 8506
38 171 5233
38 173 9107
38 175 974
38 176 757
38 190 354
38 192 3814
38 193 6763
38 199 1613
38 211 8664
38 212 2845
38 213 3767
38 216 9116
38 220 9593
38 223 1910
38 232 4841
38 233 2308
38 236 5731
38 243 5327
39 41 450
39 46 1785
39 48 8498
39 50 2394
39 53 5793
39 56 467
39 62 8384
39 66 2292
39 68 9514
39 70 2317
39 79 4797
39 81 7837
39 82 5235
39 83 3221
39 85 3803
39 90 1602
39 91 2851
39 93 9533
39 95 7452
39 97 9850
39 101 549
39 102 4636
39 110 5745
39 114 1324
39 118 2928
39 122 6584
39 126 5786
39 130 1968
39 132 1728
39 140 3460
39 144 5467
39 154 9737
39 155 6960
39 158 9988
39 165 9844
39 170 3290
39 180 4673
39 182 3082
39 186 2911
39 188 7756
39 190 5445
39 195 8097
39 198 6567
39 200 3610
39 201 7508
39 208 3852
39 209 8011
39 215 9513
39 219 4738
39 221 5880
39 228 7619
39 230 5980
39 235 3763
39 237 6255
39 238 982
39 240 2897
39 243 2611
39 244 779
40 41 9527
40 46 1788
40 55 6570
40 57 3522
40 58 2843
40 71 6376
40 73 4490
40 74 5397
40 77 8278
40 89 2183
40 93 7173
40 109 5545
40 117 7120
40 122 1757
40 124 3306
40 126 5941
40 128 8171
40 138 5908
40 148 7620
40 149 1787
40 150 6885
40 151 2655
40 154 8090
40 158 4501
40 162 2701
40 165 896
40 167 5230
40 170 3370
40 175 4903
40 176 3349
40 177 519
40 178 3423
40 180 1655
40 183 810
40 185 5888
40 189 512
40 191 9423
40 197 2363
40 198 5835
40 202 8346
40 203 1632
40 208 6007
40 211 8051
40 219 9730
40 221 5485
40 222 1567
40 229 3005
40 233 3279
40 234 5657
40 241 1267
40 244 3021
40 246 9122
41 42 4751
41 48 8088
41 52 8423
41 57 8600
41 61 8308
41 62 3342
41 63 3248
41 67 9998
41 69 786
41 70 5342
41 71 3286
41 74 887
41 75 8427
41 77 5146
41 80 6278
41 83 4486
41 85 1725
41 90 4281
41 92 6890
41 95 1472
41 97 2031
41 104 7614
41 107 8282
41 110 3259
41 112 4535
41 113 7782
41 114 4394
41 115 7615
41 119 8550
41 127 9302
41 129 9215
41 131 205
41 137 9038
41 141 4525
41 157 3764
41 161 2903
41 162 4098
41 169 9751
41 171 4801
41 174 606
41 176 2365
41 177 1490
41 178 8063
41 181 1960
41 183 1334
41 189 3648
41 193 9009
41 199 1959
41 218 1445
41 219 8900
41 220 4056
41 223 3775
41 226 2674
41 229 4794
41 236 2969
41 240 2551
41 241 6448
41 249 1199
42 64 5131
42 78 761
42 82 2776
42 86 208
42 89 6126
42 90 9894
42 93 9739
42 98 8944
42 107 18
42 108 9624
42 114 6703
42 120 6449
42 122 1795
42 127 7662
42 133 4909
42 135 1952
42 141 3099
42 142 8560
42 144 3536
42 148 8043
42 155 6161
42 161 3075
42 164 3423
42 171 2670
42 175 2612
42 184 3440
42 187 4076
42 192 200
42 193 3942
42 194 3061
42 203 9215
42 204 5978
42 206 8704
42 211 3682
42 215 947
42 217 9992
42 218 7593
42 219 2713
42 220 2460
42 222 8494
42 224 1562
42 232 2772
42 239 7044
42 241 3580
43 44 3048
43 46 2141
43 47 4646
43 55 9793
43 58 4311
43 67 1625
43 72 3577
43 75 3721
43 78 6580
43 79 4573
43 87 1314
43 88 1873
43 91 9070
43 92 7940
43 93 4095
43 94 6626
43 96 6052
43 101 2495
43 105 6937
43 108 3155
43 113 5186
43 114 2916
43 119 2419
43 123 8906
43 129 3465
43 134 8878
43 140 3981
43 156 6380
43 162 3954
43 168 4899
43 170 7880
43 183 2541
43 184 8303
43 187 6024
43 191 7864
43 192 1265
43 197 6307
43 198 4905
43 201 1481
43 203 9139
43 204 6659
43 206 6079
43 208 1524
43 221 8362
43 223 2256
43 234 1610
43 243 4551
43 244 989
43 245 9756
44 45 5727
44 46 4819
44 57 3837
44 58 554
44 63 9002
44 68 2103
44 69 3980
44 72 809
44 74 2430
44 75 7026
44 80 6821
44 86 4978
44 90 8305
44 92 3195
44 97 8302
44 106 830
44 107 7016
44 108 7672
44 110 3635
44 121 7082
44 124 878
44 126 1087
44 130 1810
44 136 7411
44 138 6427
44 142 2216
44 143 3213
44 148 6982
44 158 3062
44 161 3039
44 163 4295
44 165 1487
44 166 9802
44 167 2233
44 171 4022
44 172 4496
44 173 1272
44 178 9120
44 179 7899
44 180 66
44 181 5913
44 182 7061
44 183 3415
44 184 100
44 185 7638
44 187 9705
44 190 5724
44 193 6426
44 199 7463
44 201 1603
44 214 9484
44 221 895
44 225 4136
44 228 4530
44 229 8884
44 231 5423
44 232 1716
44 236 2541
44 240 793
44 244 7885
44 245 9653
45 46 9104
45 48 7060
45 54 3580
45 57 3867
45 59 3987
45 60 5414
45 61 7949
45 64 2105
45 67 5364
45 70 5971
45 71 1653
45 73 5330
45 75 9601
45 86 1131
45 87 5277
45 90 3410
45 95 7964
45 97 84
45 98 628
45 101 3168
45 105 6330
45 111 3844
45 114 6061
45 115 2560
45 120 8842
45 122 6531
45 123 1055
45 125 8716
45 128 4894
45 131 4594
45 137 6363
45 140 2105
45 142 7376
45 144 4792
45 145 7768
45 146 3915
45 150 9671
45 153 2977
45 157 4341
45 159 5159
45 167 9193
45 174 2422
45 175 1517
45 177 8999
45 179 3176
45 181 7057
45 182 9063
45 205 5435
45 207 9416
45 208 1752
45 209 1885
45 210 4160
45 213 5730
45 215 3598
45 216 3302
45 218 433
45 220 3497
45 228 3271
45 229 9232
45 237 7740
45 240 414
45 242 8706
45 244 259
45 249 7281
46 48 4410
46 54 1053
46 65 8070
46 70 1262
46 75 864
46 77 3778
46 78 3772
46 84 2942
46 86 7831
46 87 2964
46 88 4684
46 98 8985
46 99 3604
46 103 5498
46 105 5298
46 108 4544
46 112 6986
46 113 4010
46 116 5305
46 126 8543
46 127 1654
46 128 1824
46 129 7557
46 132 2378
46 133 592
46 136 3563
46 143 4988
46 153 8892
46 154 2305
46 167 2801
46 172 8999
46 175 4130
46 177 6533
46 180 4178
46 186 6737
46 187 948
46 188 4941
46 201 7865
46 202 8177
46 205 7167
46 209 4338
46 216 7822
46 223 37
46 227 8678
46 228 9025
46 230 7948
46 234 6872
46 236 8335
46 245 5738
46 246 900
47 54 1949
47 60 468
47 73 860
47 77 9907
47 84 8982
47 85 869
47 90 1733
47 92 3026
47 100 1273
47 102 706
47 103 9882
47 105 3146
47 107 7887
47 112 7777
47 116 4929
47 119 9202
47 120 6393
47 121 5720
47 123 5365
47 127 7504
47 133 2295
47 135 8697
47 137 9734
47 144 3554
47 148 3116
47 149 301
47 152 8158
47 159 2129
47 160 3287
47 167 3178
47 172 1442
47 178 4987
47 181 6233
47 182 280
47 187 5178
47 189 1412
47 190 5453
47 191 7994
47 204 1016
47 224 8436
47 226 601
47 228 8518
47 234 1822
47 236 7365
47 237 5423
47 238 715
47 247 5844
48 63 2861
48 65 5474
48 68 5976
48 71 6399
48 72 6154
48 74 7567
48 87 3503
48 96 9737
48 97 2249
48 100 982
48 102 8995
48 103 919
48 105 743
48 106 1256
48 108 9012
48 110 5344
48 111 3474
48 112 1483
48 113 4162
48 115 8273
48 116 8431
48 119 1074
48 120 5443
48 124 8533
48 125 1408
48 130 8786
48 131 3529
48 140 4028
48 141 6208
48 143 5473
48 148 692
48 152 7441
48 155 1130
48 159 9207
48 161 5865
48 162 4798
48 164 5005
48 166 6598
48 173 7166
48 180 8115
48 183 3331
48 187 7210
48 199 9587
48 201 9228
48 205 242
48 209 8762
48 211 4478
48 212 5635
48 213 9289
48 214 40
48 220 6174
48 231 1998
48 232 4822
48 234 9643
48 237 6693
48 241 5922
48 242 1087
48 244 6134
48 249 4331
49 51 7094
49 52 2745
49 53 5781
49 59 2495
49 66 3607
49 67 6510
49 69 4687
49 71 5057
49 80 3523
49 81 6789
49 83 3820
49 84 3840
49 85 8477
49 87 4951
49 89 2401
49 90 3769
49 97 5697
49 101 6907
49 104 4333
49 107 2984
49 111 7073
49 114 8229
49 116 270
49 120 4703
49 122 2767
49 123 4939
49 129 3209
49 130 3399
49 136 5307
49 144 2379
49 145 2488
49 146 465
49 147 9494
49 148 8597
49 153 7282
49 155 8116
49 156 6518
49 174 1263
49 176 7186
49 177 1352
49 181 1766
49 182 2773
49 184 4375
49 190 3234
49 194 2965
49 198 1826
49 199 7157
49 200 4769
49 207 4961
49 209 6849
49 211 7348
49 235 6678
49 237 6101
49 247 6282
50 55 1628
50 56 3966
50 63 5894
50 72 3234
50 75 7461
50 79 6949
50 89 2343
50 90 2705
50 91 9685
50 96 3859
50 100 89
50 101 9901
50 103 3406
50 104 4006
50 110 7038
50 118 5926
50 124 9289
50 125 4289
50 129 6545
50 132 2323
50 133 6322
50 138 3707
50 140 3193
50 149 8573
50 151 3097
50 160 7068
50 164 9055
50 174 534
50 191 7749
50 195 1817
50 200 6657
50 205 3812
50 206 4923
50 207 3722
50 215 7400
50 217 2925
50 228 3198
50 230 2070
50 233 5127
50 235 7816
50 246 3184
51 56 9090
51 58 6191
51 63 2057
51 69 6461
51 75 1141
51 80 5399
51 82 483
51 93 3003
51 96 1984
51 97 7872
51 98 5394
51 104 7705
51 110 4849
51 117 1201
51 123 6785
51 125 3119
51 127 6707
51 131 5249
51 132 6795
51 134 1018
51 139 2834
51 141 3073
51 148 9352
51 152 4341
51 156 2463
51 163 9841
51 164 1152
51 171 4372
51 175 84
51 179 4403
51 181 70
51 185 3335
51 189 8032
51 196 3419
51 198 7930
51 199 5064
51 203 1060
51 205 5007
51 207 8469
51 209 7301
51 210 7766
51 216 1812
51 218 4950
51 221 2635
51 225 3392
51 228 9415
51 238 8751
51 241 6769
51 249 4127
52 55 242
52 58 1402
52 59 6119
52 60 2579
52 62 9647
52 64 5161
52 70 2303
52 75 419
52 76 9749
52 77 6081
52 80 6222
52 82 1957
52 87 3243
52 88 5793
52 93 8482
52 94 1284
52 96 3954
52 97 8537
52 100 4616
52 101 2222
52 102 3778
52 104 4652
52 108 9979
52 109 6487
52 110 9224
52 115 5760
52 118 5078
52 121 4645
52 123 5432
52 126 4245
52 134 207
52 138 6071
52 139 7954
52 140 3364
52 143 9926
52 144 4826
52 156 1123
52 157 447
52 160 5393
52 171 5081
52 178 113
52 184 5939
52 189 1260
52 192 9059
52 193 789
52 199 1491
52 201 8294
52 202 7005
52 204 5650
52 206 3418
52 207 9565
52 209 9556
52 210 8285
52 212 2119
52 217 4762
52 218 1013
52 219 6521
52 220 8148
52 222 9072
52 230 3319
52 233 565
52 235 2919
52 236 3364
52 240 9068
52 242 1217
52 243 2437
52 248 7664
53 63 5613
53 85 7092
53 86 5902
53 88 7982
53 90 1531
53 93 2094
53 98 5576
53 103 9243
53 105 1619
53 125 5172
53 130 2401
53 131 5407
53 134 6256
53 137 2592
53 140 2252
53 148 8968
53 151 5547
53 154 9569
53 156 9087
53 158 705
53 160 4803
53 162 2457
53 164 2027
53 169 2559
53 170 9588
53 172 3329
53 174 6557
53 176 9277
53 178 3984
53 183 4058
53 185 8438
53 186 8053
53 189 1958
53 192 3937
53 194 5323
53 198 4639
53 202 5369
53 205 5496
53 206 2649
53 208 9407
53 225 6917
53 230 818
53 234 4414
53 238 732
53 243 18
53 248 8375
54 60 5132
54 61 8925
54 63 3723
54 64 6116
54 71 6512
54 73 612
54 78 8933
54 80 2942
54 83 8419
54 84 7488
54 88 7241
54 89 1692
54 96 2877
54 97 2037
54 102 4912
54 106 4271
54 114 431
54 115 1170
54 122 1134
54 125 8793
54 129 8517
54 130 2928
54 132 3955
54 134 9261
54 145 2770
54 146 3555
54 163 4177
54 165 6009
54 174 839
54 183 845
54 185 8622
54 191 5921
54 194 2374
54 196 5198
54 197 7760
54 202 5903
54 205 7260
54 206 8287
54 207 6546
54 219 8956
54 221 7592
54 222 4001
54 223 8240
54 224 1827
54 230 7730
54 231 3115
54 235 9757
54 236 3197
54 242 9591
54 245 8680
54 249 3462
55 58 8526
55 66 8742
55 69 7499
55 76 8718
55 83 9749
55 84 4919
55 86 3864
55 93 1659
55 94 6088
55 95 9386
55 100 8107
55 107 6342
55 112 5963
55 117 8766
55 119 5176
55 120 5487
55 122 6980
55 123 4883
55 132 5927
55 135 7000
55 136 6553
55 138 5155
55 141 5796
55 142 8382
55 144 1090
55 155 4294
55 156 7822
55 158 5085
55 169 3033
55 171 5293
55 174 6305
55 176 6584
55 177 4100
55 178 999
55 187 9144
55 190 9408
55 193 1645
55 198 9739
55 208 2992
55 213 7301
55 218 77
55 219 5577
55 221 7237
55 228 4351
55 230 5319
55 242 9611
56 74 4628
56 76 8968
56 77 9260
56 84 5647
56 88 5169
56 91 2604
56 94 7336
56 96 300
56 97 9223
56 103 9390
56 107 1426
56 118 9349
56 119 5381
56 127 9141
56 129 1141
56 131 2510
56 134 9000
56 136 8032
56 137 7956
56 140 3732
56 141 9851
56 149 3266
56 155 5581
56 156 3182
56 160 8882
56 165 8522
56 167 8428
56 173 3319
56 174 3102
56 176 701
56 177 4588
56 180 1837
56 186 6959
56 188 9464
56 189 2866
56 190 2686
56 192 2846
56 193 93
56 201 4333
56 207 9813
56 210 9412
56 212 5148
56 217 8688
56 223 5921
56 225 9374
56 231 1184
56 237 6916
56 241 4736
56 242 5788
56 243 7433
56 245 2875
57 59 879
57 63 9538
57 68 7115
57 74 3098
57 76 2987
57 78 8228
57 79 4485
57 80 9082
57 86 7588
57 89 808
57 92 5707
57 103 2687
57 107 2592
57 110 4533
57 111 8860
57 114 7362
57 117 3960
57 122 5275
57 123 7218
57 124 8866
57 128 2768
57 129 9213
57 130 4933
57 134 792
57 161 7513
57 165 9615
57 167 452
57 168 557
57 174 6343
57 176 8627
57 177 8871
57 179 9770
57 183 8231
57 190 8913
57 193 3248
57 195 3304
57 196 5011
57 202 226
57 205 5854
57 210 1270
57 219 6120
57 220 8374
57 222 2628
57 226 156
57 228 927
57 232 1425
57 236 7167
57 239 5239
57 241 7688
57 242 5521
57 246 5357
57 248 6322
58 59 7230
58 68 828
58 70 8375
58 81 6159
58 85 7628
58 87 3274
58 88 8075
58 92 1977
58 103 9272
58 105 6336
58 114 7703
58 118 4605
58 130 977
58 131 7639
58 136 2967
58 141 6048
58 143 2484
58 144 215
58 146 7111
58 162 5735
58 163 8793
58 165 9623
58 167 4660
58 171 2896
58 172 5215
58 174 3606
58 176 9936
58 177 4579
58 182 3066
58 188 3407
58 189 9652
58 195 9450
58 204 8403
58 208 8112
58 211 6827
58 214 9949
58 227 3666
58 229 3032
58 244 2296
58 249 6833
59 74 648
59 76 9335
59 84 7594
59 85 5189
59 87 399
59 88 8421
59 89 6809
59 90 2418
59 97 5683
59 116 7945
59 129 1994
59 136 8164
59 144 7433
59 145 8842
59 157 6520
59 159 3488
59 160 4484
59 161 3262
59 163 9925
59 165 2612
59 167 1061
59 169 965
59 172 5518
59 174 9434
59 175 6986
59 178 9393
59 181 9907
59 186 6008
59 187 7939
59 190 2453
59 194 9579
59 202 7684
59 204 44
59 206 5354
59 213 6222
59 216 6067
59 224 612
59 232 8103
59 233 118
59 238 8000
59 244 5820
59 248 3576
59 249 6442
60 67 9431
60 78 5576
60 86 9965
60 87 8060
60 94 4679
60 107 6394
60 108 398
60 112 7650
60 114 6778
60 116 1388
60 120 5733
60 126 3387
60 127 6342
60 130 4673
60 131 2914
60 133 2495
60 134 4601
60 139 8707
60 144 8022
60 145 2747
60 146 5261
60 147 1779
60 148 6464
60 151 3123
60 152 521
60 159 9865
60 160 1889
60 169 3797
60 172 5671
60 176 7146
60 177 9963
60 178 9516
60 181 4370
60 187 1430
60 189 6307
60 192 6803
60 198 9297
60 200 4796
60 208 2970
60 217 7224
60 233 3242
60 235 8748
60 246 6615
60 247 8564
61 64 8407
61 69 7121
61 71 1349
61 81 4518
61 82 9176
61 90 7076
61 97 1913
61 100 5322
61 113 1728
61 122 5154
61 124 1565
61 130 9226
61 131 4164
61 135 1006
61 140 5699
61 153 6988
61 164 1084
61 165 3477
61 167 7869
61 171 3382
61 173 6730
61 178 1877
61 179 7977
61 186 9848
61 189 968
61 203 5640
61 208 3192
61 209 6970
61 228 4793
61 232 1870
61 234 5136
61 241 5507
61 245 8181
61 248 179
62 63 5068
62 65 8806
62 66 3679
62 68 555
62 76 4277
62 78 7435
62 79 6202
62 82 2387
62 89 4375
62 95 4686
62 97 2028
62 98 2615
62 104 3501
62 110 7541
62 111 1233
62 115 5599
62 124 2947
62 127 6279
62 128 6365
62 134 3751
62 136 221
62 138 1108
62 145 4128
62 149 1063
62 153 3040
62 155 4207
62 160 2689
62 161 877
62 162 2736
62 168 9439
62 172 9447
62 174 6961
62 178 7213
62 179 7748
62 180 6388
62 181 2529
62 184 6243
62 186 2868
62 187 9397
62 189 5319
62 194 4978
62 200 7975
62 203 3761
62 206 5390
62 214 2710
62 224 557
62 227 5592
62 229 4328
62 232 4958
62 234 6498
62 236 9387
62 242 3721
62 243 2618
62 246 2515
62 247 5216
62 248 9945
62 249 648
63 66 935
63 73 2917
63 82 2096
63 86 432
63 87 5635
63 90 3847
63 98 2295
63 106 4174
63 112 1132
63 113 7990
63 118 6903
63 121 2564
63 123 6400
63 124 2684
63 130 935
63 132 4912
63 139 9312
63 141 7457
63 142 3108
63 145 8855
63 146 2929
63 148 7729
63 149 7309
63 172 9827
63 174 5143
63 177 3754
63 179 7642
63 182 552
63 185 7471
63 186 8238
63 187 1239
63 191 3401
63 192 3340
63 193 1704
63 195 7166
63 201 4639
63 206 3374
63 210 9413
63 216 2298
63 218 8717
63 219 6470
63 222 1390
63 226 2899
63 227 6317
63 228 2611
63 231 280
63 240 4174
63 241 3962
63 247 490
63 249 7032
64 67 4381
64 73 7584
64 85 348
64 86 3283
64 87 524
64 88 8904
64 94 9737
64 95 4328
64 96 521
64 99 4531
64 101 8056
64 102 3131
64 105 2393
64 108 4735
64 112 5699
64 115 3177
64 127 7470
64 132 1985
64 135 3303
64 143 2417
64 147 5449
64 151 2175
64 153 3856
64 155 3754
64 162 5524
64 163 8903
64 165 3101
64 168 7495
64 172 234
64 179 1093
64 181 6336
64 182 1350
64 184 7624
64 185 5492
64 186 9842
64 190 4645
64 192 1250
64 195 5913
64 203 6271
64 208 3838
64 209 1184
64 218 9327
64 223 89
64 227 3888
64 232 4539
64 234 1722
64 235 4265
64 247 6206
64 249 2764
65 66 7801
65 68 6302
65 69 2955
65 75 3803
65 76 8114
65 88 283
65 89 5257
65 97 1395
65 98 8401
65 106 3638
65 108 5184
65 111 3444
65 117 5354
65 118 9886
65 119 3304
65 127 7088
65 130 3662
65 141 1691
65 144 268
65 148 3932
65 164 957
65 165 9718
65 175 432
65 176 7235
65 177 5610
65 178 2461
65 182 6526
65 184 1593
65 187 574
65 188 7807
65 201 5940
65 204 7929
65 206 6836
65 207 9282
65 209 4120
65 216 6820
65 217 3920
65 236 8656
65 244 9383
65 245 9975
65 246 2708
65 247 4897
65 248 3391
66 68 63
66 69 9380
66 74 5139
66 78 7685
66 81 159
66 82 7591
66 85 6655
66 87 835
66 88 283
66 89 3776
66 90 4464
66 94 8689
66 99 2008
66 101 4619
66 109 4131
66 113 1047
66 120 3348
66 126 4547
66 128 6910
66 130 7715
66 132 6579
66 133 5063
66 136 2456
66 156 658
66 157 6966
66 158 7046
66 160 2900
66 161 6053
66 164 1316
66 168 5938
66 171 3266
66 185 2847
66 188 5045
66 191 3199
66 198 6609
66 200 9609
66 201 4223
66 203 4815
66 208 7247
66 209 2790
66 214 4927
66 222 8983
66 226 3379
66 227 2239
66 232 9545
66 236 7928
66 237 1591
66 238 7043
66 239 2641
66 241 7192
66 245 6330
67 68 244
67 72 4845
67 74 4398
67 81 5104
67 82 8650
67 91 3550
67 95 3903
67 96 44
67 98 594
67 108 9011
67 111 7650
67 114 7305
67 115 76
67 116 3171
67 117 9075
67 122 5376
67 124 5986
67 127 7208
67 130 8630
67 132 5456
67 134 2039
67 146 969
67 150 8230
67 151 6792
67 154 8698
67 160 1992
67 162 3784
67 163 6998
67 172 3333
67 174 3655
67 176 4452
67 195 6193
67 200 6890
67 201 817
67 202 8051
67 205 8809
67 208 6647
67 211 8894
67 214 4032
67 221 1618
67 224 4828
67 231 6417
67 233 746
67 234 1443
67 241 4156
67 242 9806
68 82 2401
68 89 9375
68 96 4234
68 98 7096
68 99 4720
68 101 6453
68 104 1835
68 107 7015
68 110 9647
68 117 2333
68 121 3141
68 122 8729
68 124 6679
68 125 9457
68 129 7205
68 132 1281
68 133 7050
68 138 2330
68 145 9882
68 146 4470
68 155 9949
68 157 8196
68 167 8642
68 169 5673
68 172 3888
68 175 8658
68 181 7215
68 182 5168
68 194 3740
68 195 6455
68 197 1214
68 202 401
68 207 9363
68 210 8171
68 216 1791
68 219 8686
68 226 8051
68 228 1243
68 229 3793
68 232 2479
68 239 4898
68 245 4723
69 70 5250
69 73 2973
69 74 233
69 76 3095
69 77 2312
69 80 6937
69 86 2286
69 89 6991
69 90 4863
69 99 4957
69 104 1562
69 108 3114
69 112 1642
69 120 1004
69 125 3115
69 144 2952
69 145 1453
69 150 276
69 153 3089
69 155 9662
69 159 4298
69 167 9136
69 168 9783
69 174 3641
69 177 4490
69 181 7566
69 185 6122
69 186 7295
69 191 8995
69 198 9459
69 204 2672
69 206 5591
69 207 890
69 208 4039
69 210 1432
69 211 60
69 213 2978
69 215 5268
69 230 1471
69 237 3606
69 238 5256
69 242 3592
69 243 4256
69 247 8870
70 78 5770
70 80 8609
70 85 6472
70 87 5676
70 89 3138
70 95 6741
70 106 4260
70 108 7367
70 110 6505
70 115 4578
70 118 2431
70 123 8927
70 125 8732
70 128 3831
70 131 2053
70 133 9689
70 136 5610
70 142 500
70 146 5189
70 153 9968
70 155 3454
70 159 3182
70 164 277
70 166 894
70 172 2497
70 175 8270
70 180 2629
70 182 1453
70 194 7240
70 197 9629
70 202 5335
70 203 1733
70 208 360
70 209 3132
70 210 1314
70 215 516
70 223 1852
70 226 6136
70 230 3242
70 234 6115
70 235 4954
70 244 7027
70 246 1331
71 76 6253
71 79 9175
71 82 1171
71 84 8013
71 87 5625
71 91 6927
71 92 9745
71 97 9327
71 102 1524
71 105 6439
71 110 4275
71 121 392
71 125 3583
71 128 9051
71 129 4006
71 132 7708
71 134 5544
71 137 136
71 138 1996
71 151 4268
71 159 7547
71 162 6055
71 165 9550
71 167 5807
71 174 9676
71 178 407
71 180 7180
71 184 6324
71 186 9322
71 192 3366
71 195 8553
71 200 3881
71 207 8400
71 209 9257
71 212 6797
71 216 9398
71 220 2771
71 223 5555
71 224 5863
71 232 2149
71 234 9221
71 239 8495
71 241 8893
71 242 6126
71 245 4357
71 247 233
71 248 1436
72 74 2414
72 76 7683
72 78 2549
72 82 2038
72 83 5185
72 97 9360
72 101 8308
72 102 8144
72 103 8575
72 112 6602
72 121 9845
72 127 2760
72 135 4636
72 138 40
72 144 4202
72 145 8173
72 151 5995
72 152 698
72 153 8518
72 154 7679
72 156 2511
72 158 1555
72 164 1346
72 165 4282
72 167 9520
72 179 7094
72 186 3054
72 194 2163
72 198 9532
72 201 4231
72 203 9119
72 205 1152
72 207 1463
72 209 1361
72 219 7683
72 220 2903
72 225 6935
72 238 3658
72 241 4216
72 246 5293
72 247 9302
73 84 5098
73 86 8051
73 95 7440
73 97 8285
73 105 7153
73 108 4327
73 113 2158
73 119 4199
73 123 8121
73 135 8234
73 142 7927
73 147 2732
73 148 5539
73 149 7352
73 152 4868
73 160 621
73 164 9416
73 167 5826
73 171 1210
73 175 8282
73 178 3441
73 180 9120
73 181 9523
73 182 5230
73 186 9492
73 187 5832
73 190 7454
73 194 7423
73 196 3531
73 200 6219
73 203 549
73 205 1707
73 209 5563
73 210 8988
73 212 415
73 215 2788
73 217 4871
73 219 6623
73 224 718
73 231 284
73 233 6253
73 237 3873
73 243 2906
73 245 8314
74 76 5555
74 83 9440
74 86 1233
74 87 4751
74 92 955
74 95 4870
74 98 717
74 110 7433
74 117 9692
74 118 4194
74 122 8023
74 123 6521
74 124 7355
74 127 6578
74 128 6955
74 130 900
74 134 8764
74 136 7479
74 143 4847
74 145 6893
74 148 5017
74 153 3380
74 156 4747
74 161 4447
74 165 263
74 166 5688
74 169 152
74 172 3578
74 173 3817
74 184 3980
74 189 7812
74 190 4274
74 191 1230
74 192 2879
74 195 2812
74 204 4379
74 206 446
74 210 7755
74 214 752
74 221 9942
74 222 3295
74 223 5265
74 228 9679
74 229 5027
74 241 1478
74 243 4696
74 244 9753
74 247 5744
75 76 7905
75 78 8488
75 85 447
75 87 5944
75 92 7531
75 95 5902
75 96 4303
75 101 8744
75 109 3081
75 112 8231
75 118 6782
75 122 2182
75 125 4196
75 128 5948
75 129 8206
75 130 4590
75 131 1619
75 132 2043
75 140 4305
75 141 7384
75 143 5290
75 144 9661
75 146 3191
75 150 8045
75 151 686
75 157 757
75 162 3073
75 167 4561
75 169 5124
75 175 9166
75 178 3364
75 181 8643
75 184 9787
75 186 3346
75 188 6950
75 195 4487
75 196 8483
75 197 6470
75 201 7187
75 202 9439
75 204 6257
75 206 3278
75 211 4929
75 216 5319
75 220 7700
75 228 3314
75 229 4725
75 232 4793
75 234 9377
75 235 7613
75 241 550
75 245 2117
75 246 9052
75 247 6359
76 79 4174
76 85 9279
76 95 5916
76 96 6255
76 98 2887
76 100 7870
76 101 2909
76 104 1248
76 107 6364
76 121 729
76 124 4096
76 126 4406
76 130 1077
76 133 2683
76 135 7369
76 138 7427
76 142 278
76 148 342
76 153 9250
76 154 7342
76 162 4784
76 167 5326
76 172 3112
76 176 7940
76 186 7043
76 190 9906
76 192 7908
76 207 832
76 210 8372
76 211 7074
76 218 9777
76 219 1158
76 222 8567
76 225 5298
76 229 8161
76 231 7195
76 234 65
76 240 8381
76 245 8839
76 248 2146
76 249 8588
77 79 7473
77 80 8329
77 88 9774
77 90 151
77 93 3615
77 94 151
77 96 6564
77 97 5474
77 101 9705
77 106 4999
77 114 3592
77 117 9732
77 120 6608
77 125 9958
77 132 4485
77 133 7429
77 139 2280
77 142 5676
77 144 9021
77 153 3435
77 154 3889
77 157 9005
77 161 1503
77 163 796
77 164 2915
77 169 2801
77 172 7576
77 176 5079
77 179 7243
77 184 3315
77 186 4749
77 189 9695
77 191 3391
77 195 6476
77 196 1529
77 197 3180
77 201 8994
77 202 6395
77 208 4707
77 210 5149
77 214 9611
77 215 1733
77 217 796
77 227 1587
77 228 5477
77 229 7189
77 230 3550
77 233 2704
77 240 2035
77 246 8811
78 79 4666
78 80 9949
78 82 2992
78 84 2462
78 86 7913
78 87 5618
78 90 7058
78 103 2541
78 105 1556
78 107 8906
78 114 4559
78 124 3534
78 129 2540
78 130 8217
78 131 9996
78 139 3225
78 146 5451
78 150 5608
78 158 7198
78 159 6725
78 162 3974
78 163 5937
78 164 162
78 165 9743
78 168 5533
78 170 6228
78 171 4614
78 173 9136
78 174 3839
78 176 4689
78 182 6762
78 185 1831
78 199 66
78 200 286
78 201 8420
78 206 2492
78 208 954
78 212 1377
78 220 7225
78 222 7425
78 227 9156
78 229 6035
78 236 7088
78 238 5835
78 239 4964
79 82 8695
79 83 6611
79 88 4650
79 90 5489
79 91 6558
79 92 3261
79 96 5579
79 98 5224
79 101 6358
79 102 5941
79 103 2412
79 106 4545
79 107 3485
79 108 3786
79 109 7065
79 110 8397
79 117 8665
79 121 6024
79 123 9555
79 125 3307
79 127 8397
79 130 5086
79 135 4152
79 140 5592
79 141 9325
79 142 499
79 144 6057
79 148 8890
79 159 7460
79 161 4273
79 165 7825
79 176 6503
79 178 3702
79 179 9817
79 183 4973
79 184 3420
79 188 6568
79 189 9208
79 190 8712
79 196 7171
79 199 2834
79 232 7204
79 237 7277
79 245 9616
80 82 7392
80 86 6561
80 88 5692
80 100 3143
80 102 3248
80 104 9549
80 105 6063
80 111 4685
80 112 1713
80 113 9258
80 119 7077
80 121 2892
80 123 6625
80 132 1728
80 133 191
80 138 2808
80 141 8868
80 142 3048
80 147 2049
80 148 275
80 150 6358
80 152 8144
80 155 8230
80 158 318
80 159 2149
80 161 2230
80 163 3628
80 166 7639
80 173 5217
80 177 4600
80 179 7081
80 189 1882
80 190 2633
80 192 1340
80 197 1755
80 200 622
80 205 782
80 206 7186
80 207 526
80 216 1269
80 220 7694
80 226 3027
80 227 352
80 231 2716
80 239 9270
80 244 4480
80 247 3459
81 86 3819
81 93 3066
81 94 6518
81 99 4884
81 102 9843
81 109 7425
81 121 7969
81 122 6304
81 126 7446
81 127 7875
81 132 927
81 135 422
81 153 9467
81 161 6738
81 167 7441
81 170 9112
81 172 7214
81 176 9539
81 179 956
81 185 7480
81 186 3830
81 188 4289
81 192 8500
81 201 9061
81 204 1425
81 211 2896
81 215 4305
81 219 9966
81 222 5700
81 226 9478
81 228 7604
81 232 7557
81 236 5743
81 237 492
81 246 5972
82 87 7307
82 88 1707
82 93 7035
82 94 3457
82 97 8659
82 101 3358
82 111 5802
82 113 4460
82 121 6374
82 122 7947
82 125 3009
82 127 5076
82 130 3433
82 137 5283
82 144 2932
82 147 1233
82 148 4794
82 153 8280
82 155 3689
82 158 3972
82 177 5539
82 178 7268
82 179 4823
82 180 7208
82 181 6220
82 182 5076
82 187 7403
82 192 5885
82 200 1891
82 201 6161
82 211 9028
82 215 3558
82 216 3099
82 219 8302
82 224 4068
82 225 5358
82 228 722
82 229 4546
82 230 3620
82 233 6269
82 239 729
82 244 2575
83 92 2659
83 95 586
83 98 9291
83 99 6332
83 107 8557
83 109 5116
83 110 9928
83 112 5739
83 113 332
83 120 532
83 121 3779
83 125 6648
83 126 6086
83 128 2222
83 132 4236
83 148 1597
83 163 9476
83 164 9550
83 165 6088
83 168 7031
83 169 6353
83 170 3104
83 174 2715
83 175 8364
83 176 7003
83 179 5810
83 181 7585
83 182 1174
83 185 9922
83 188 3685
83 193 8789
83 196 3258
83 197 2834
83 198 4782
83 199 6178
83 200 7183
83 209 870
83 215 5758
83 217 4427
83 219 9318
83 221 9585
83 225 1953
83 230 3584
83 238 1344
83 241 374
83 245 6661
83 249 1797
84 93 4373
84 94 8883
84 95 2090
84 99 7822
84 102 8182
84 103 4585
84 104 9403
84 112 5695
84 119 2679
84 122 9747
84 127 8792
84 128 6482
84 133 6893
84 135 5232
84 137 4560
84 138 5854
84 147 1411
84 159 310
84 160 2415
84 174 9334
84 175 4590
84 176 4591
84 178 197
84 184 2368
84 185 6620
84 188 2415
84 191 1735
84 194 7064
84 196 5223
84 201 491
84 206 897
84 207 9654
84 214 6418
84 221 2904
84 222 7764
84 224 5668
84 227 2695
84 233 7100
84 242 1236
84 245 3963
85 89 9980
85 90 9747
85 91 6103
85 94 7624
85 97 6668
85 101 8927
85 113 6439
85 116 7205
85 122 5411
85 125 653
85 126 103
85 127 6050
85 128 6621
85 132 2209
85 134 141
85 137 4618
85 139 4134
85 141 10
85 158 6355
85 162 2229
85 165 1538
85 169 8849
85 174 8257
85 176 3543
85 177 1049
85 178 4445
85 184 4619
85 190 369
85 192 9729
85 194 842
85 196 5680
85 197 6771
85 199 6386
85 205 7564
85 207 9782
85 209 5227
85 229 4495
85 231 4124
85 238 2631
85 239 267
85 243 4220
86 87 4053
86 93 9167
86 101 6420
86 103 5421
86 104 4630
86 105 4758
86 113 5503
86 116 5177
86 121 6807
86 123 1362
86 126 6899
86 130 2241
86 136 8245
86 141 3314
86 142 8078
86 146 5830
86 147 6087
86 150 6946
86 156 2553
86 161 7253
86 165 9008
86 175 7944
86 176 6436
86 177 255
86 180 8703
86 181 5347
86 183 5371
86 185 8199
86 190 5670
86 192 3233
86 197 9137
86 198 2807
86 201 1283
86 204 3559
86 205 1609
86 210 9686
86 211 8589
86 221 8944
86 224 1025
86 235 6797
86 237 8202
86 240 3224
86 241 8374
86 245 3394
87 91 8453
87 92 3364
87 94 9727
87 96 4230
87 101 186
87 103 7761
87 105 8076
87 109 5734
87 119 7134
87 126 3595
87 129 7364
87 132 7614
87 135 7345
87 141 8514
87 146 9702
87 148 8538
87 151 5330
87 153 2560
87 177 424
87 183 9158
87 186 2364
87 187 8956
87 189 4825
87 201 1907
87 204 2799
87 207 81
87 209 7211
87 211 1131
87 215 3222
87 216 8039
87 218 7726
87 222 5197
87 224 8096
87 227 8379
87 232 6735
87 233 5244
87 235 5785
87 237 6642
87 246 7331
88 90 6317
88 92 2985
88 101 4694
88 109 9672
88 113 5415
88 114 3949
88 116 3299
88 118 7326
88 119 8886
88 120 8347
88 127 9592
88 129 6017
88 133 1101
88 135 6887
88 140 5955
88 150 9569
88 151 2602
88 152 544
88 158 3823
88 165 2009
88 179 3227
88 185 49
88 188 7926
88 189 3760
88 200 4394
88 202 9131
88 204 2588
88 206 9232
88 208 2606
88 209 1827
88 212 3118
88 217 1988
88 220 4907
88 222 4428
88 223 4948
88 224 2670
88 226 3529
88 230 4696
88 231 4744
88 234 8292
88 235 5415
88 239 4210
88 243 2892
88 247 2076
88 248 2498
89 92 6302
89 98 850
89 103 9290
89 105 1566
89 108 2002
89 110 991
89 112 4030
89 118 7900
89 119 1458
89 122 9095
89 123 2172
89 124 4774
89 130 5555
89 135 145
89 137 8831
89 138 8611
89 139 5536
89 141 2755
89 146 2646
89 148 834
89 152 2208
89 157 691
89 161 8364
89 171 5915
89 172 9097
89 173 3632
89 182 9478
89 190 9676
89 192 6200
89 195 6646
89 201 6974
89 203 927
89 204 289
89 207 6242
89 208 7305
89 209 8008
89 215 1117
89 217 5177
89 221 5004
89 224 1387
89 230 7001
89 231 4722
89 233 3208
89 241 1481
89 243 7086
89 244 1537
89 248 3597
90 92 275
90 99 9067
90 101 9562
90 104 9659
90 106 6334
90 114 5094
90 115 8262
90 118 8920
90 123 3969
90 125 1149
90 126 7312
90 127 9661
90 135 5189
90 136 6672
90 140 8231
90 142 6639
90 150 9623
90 160 5481
90 165 3313
90 166 4560
90 167 58
90 169 4199
90 170 6734
90 176 764
90 180 6824
90 184 3918
90 187 1270
90 188 7980
90 202 2395
90 203 6218
90 207 5997
90 210 6335
90 213 263
90 217 3847
90 226 8506
90 230 4362
90 238 5405
90 244 2143
91 93 5913
91 99 1972
91 103 7594
91 113 1610
91 117 5322
91 118 2059
91 119 3617
91 132 6347
91 133 676
91 134 8603
91 136 4322
91 138 4843
91 140 9804
91 142 3275
91 143 7168
91 147 8430
91 149 6052
91 155 9000
91 161 4794
91 170 759
91 171 4619
91 172 6764
91 173 5769
91 174 9637
91 175 9276
91 176 4579
91 189 8417
91 196 1770
91 198 8480
91 199 4828
91 204 5941
91 209 8908
91 212 8206
91 214 2997
91 220 2497
91 223 9912
91 232 7576
91 235 1699
91 237 9979
91 239 7056
91 241 7716
92 94 1130
92 98 3531
92 104 6839
92 106 7107
92 110 3820
92 111 922
92 113 2268
92 116 3465
92 119 2532
92 128 6614
92 135 9289
92 137 9592
92 145 9116
92 148 3202
92 153 9094
92 154 9571
92 160 3568
92 165 5634
92 167 9388
92 169 4665
92 173 2821
92 175 8826
92 184 7136
92 188 9568
92 191 4595
92 193 47
92 196 2529
92 198 3854
92 200 538
92 204 8463
92 206 9161
92 208 9555
92 215 4127
92 217 6301
92 225 6976
92 231 7899
92 236 1188
92 240 4718
92 241 3967
92 247 2769
93 100 6430
93 106 9076
93 109 6049
93 111 6384
93 115 2776
93 117 7632
93 119 7645
93 125 9416
93 128 390
93 132 6163
93 136 7287
93 137 8222
93 140 9116
93 147 1953
93 150 4397
93 153 9165
93 155 7672
93 156 1150
93 160 1942
93 163 8683
93 168 4832
93 169 9093
93 171 2224
93 173 3144
93 178 4562
93 183 2704
93 185 5556
93 189 9090
93 198 841
93 199 4303
93 202 3737
93 205 6093
93 206 182
93 208 2606
93 211 3622
93 213 9926
93 217 8653
93 221 6654
93 224 8891
93 230 7612
93 236 8050
93 238 5558
93 239 2540
93 241 7948
93 245 6616
93 247 7007
94 98 9265
94 112 5541
94 118 1370
94 119 3206
94 122 8329
94 126 3065
94 131 6754
94 138 3483
94 139 5539
94 142 5676
94 149 6152
94 151 8851
94 154 6337
94 158 9296
94 160 871
94 165 9001
94 169 8677
94 172 8774
94 177 86
94 179 6405
94 180 1434
94 181 8564
94 182 4203
94 185 373
94 186 1426
94 192 6350
94 194 1005
94 219 9676
94 224 3778
94 229 3485
94 230 8872
94 233 5167
94 235 6507
94 242 1659
94 244 8250
94 249 4528
95 100 1506
95 101 6018
95 104 1971
95 107 508
95 113 8695
95 119 7275
95 121 1701
95 125 2284
95 131 1719
95 137 5614
95 144 2243
95 149 6934
95 150 136
95 153 89
95 154 2766
95 157 4575
95 165 5673
95 166 7767
95 170 373
95 171 5932
95 177 6304
95 179 786
95 191 7550
95 194 7235
95 196 8759
95 197 2632
95 201 9545
95 204 9339
95 211 5434
95 212 2743
95 215 2898
95 220 5724
95 224 1824
95 225 2144
95 238 4890
95 242 1959
95 247 4993
95 249 4155
96 97 1464
96 103 9605
96 111 4125
96 112 5054
96 114 7193
96 115 5924
96 128 4100
96 133 1497
96 138 4884
96 155 3865
96 159 2907
96 164 6380
96 165 5012
96 166 7566
96 169 6010
96 175 3530
96 182 3167
96 185 1399
96 186 6866
96 192 4599
96 196 7032
96 197 1428
96 199 8948
96 202 5878
96 207 16
96 213 4867
96 214 5262
96 218 6406
96 220 8539
96 221 929
96 225 5368
96 232 6059
96 235 4230
96 237 9690
96 238 5218
96 243 2391
96 245 6307
97 100 1568
97 109 3768
97 114 6438
97 117 4967
97 131 8045
97 133 9028
97 135 8233
97 139 4880
97 141 9786
97 143 7006
97 161 7620
97 166 4927
97 168 599
97 170 3125
97 172 5336
97 174 3723
97 177 7285
97 182 6326
97 185 6164
97 188 334
97 191 3006
97 193 3525
97 195 9086
97 196 449
97 199 8150
97 205 5537
97 208 941
97 210 2637
97 223 1309
97 224 2582
97 225 7043
97 227 3357
97 228 374
97 229 1510
97 232 9248
97 238 6239
97 240 4716
97 241 7479
97 245 3626
97 246 4465
98 99 3925
98 102 456
98 103 7025
98 106 7409
98 111 1451
98 113 3331
98 116 6142
98 118 6570
98 119 3343
98 120 8450
98 122 1829
98 124 8375
98 136 7340
98 137 7101
98 140 1205
98 143 5653
98 144 3967
98 146 5631
98 147 4059
98 148 8046
98 152 344
98 153 1618
98 156 7940
98 165 9155
98 167 7997
98 176 3095
98 179 8283
98 182 5814
98 187 1201
98 207 5546
98 209 8882
98 210 2994
98 212 7050
98 215 6133
98 216 9050
98 217 1818
98 220 7361
98 221 5046
98 233 1261
98 235 433
98 236 8040
98 237 3295
98 241 5981
98 244 8488
98 246 7763
99 104 8171
99 105 6220
99 108 8338
99 110 1741
99 112 5830
99 120 5922
99 130 7826
99 132 5515
99 134 7514
99 141 84
99 143 5374
99 144 1752
99 146 7497
99 147 8162
99 153 9519
99 154 7524
99 163 4001
99 166 1848
99 171 9840
99 176 8282
99 177 6941
99 180 8732
99 183 8358
99 186 5199
99 187 9833
99 189 191
99 194 7991
99 196 5726
99 203 4825
99 204 6482
99 205 5947
99 206 722
99 215 6042
99 216 2619
99 223 3066
99 224 8148
99 227 2093
99 228 7380
99 232 9961
99 238 9351
99 239 1260
99 244 7641
99 248 2805
100 108 2979
100 109 699
100 111 9314
100 118 5897
100 124 8014
100 128 8381
100 133 5981
100 138 335
100 149 720
100 152 950
100 155 5151
100 157 6534
100 162 7100
100 163 1387
100 165 3577
100 166 9446
100 168 1906
100 169 3427
100 171 3556
100 181 3735
100 185 4649
100 194 7619
100 198 1897
100 201 9735
100 204 4305
100 205 8950
100 207 51
100 208 1637
100 211 1392
100 217 9891
100 220 7922
100 233 8200
100 235 5521
101 105 7212
101 108 9973
101 118 6136
101 127 6527
101 131 1796
101 141 31
101 150 4117
101 157 2816
101 162 2490
101 178 1850
101 179 8246
101 185 847
101 186 3361
101 190 8419
101 198 5860
101 210 866
101 211 3456
101 215 9741
101 217 2435
101 218 5791
101 221 4508
101 225 9073
101 233 888
102 104 3682
102 105 6429
102 115 6073
102 118 6372
102 123 267
102 134 8378
102 136 508
102 151 1679
102 154 9136
102 155 933
102 158 1862
102 163 4629
102 165 8222
102 166 643
102 168 5741
102 175 5157
102 176 1993
102 179 7666
102 182 3366
102 183 9848
102 186 6729
102 188 7295
102 192 8600
102 193 9232
102 194 5999
102 195 9114
102 197 7416
102 198 4841
102 200 2957
102 208 3599
102 212 300
102 213 7602
102 221 202
102 229 9943
102 234 961
102 236 3323
102 239 209
102 247 6581
102 248 9074
102 249 6675
103 104 5630
103 109 7606
103 110 6427
103 116 4487
103 121 1312
103 122 4654
103 125 9435
103 127 220
103 128 2182
103 130 6514
103 131 6752
103 138 6483
103 145 6607
103 149 7141
103 151 1929
103 162 788
103 163 9287
103 166 8572
103 179 1610
103 180 9236
103 182 1400
103 188 5404
103 189 5663
103 191 5222
103 192 1554
103 198 4009
103 200 6676
103 201 6693
103 202 9756
103 213 6245
103 215 5095
103 224 613
103 227 7007
103 230 7052
103 234 1477
103 238 1327
103 247 456
104 105 6155
104 107 3817
104 116 623
104 124 1478
104 127 3171
104 128 4646
104 131 2732
104 132 8169
104 134 3562
104 135 1721
104 136 9184
104 144 5364
104 145 287
104 146 5195
104 157 6283
104 159 6763
104 174 7619
104 176 8510
104 178 2340
104 183 9621
104 185 354
104 186 9448
104 188 4080
104 196 2790
104 200 9546
104 206 8820
104 207 1935
104 212 4312
104 215 1285
104 221 4069
104 223 7020
104 225 6885
104 227 1860
104 233 9888
104 235 8715
104 239 1293
104 243 6377
104 249 2306
105 106 9316
105 116 6150
105 119 6373
105 120 2674
105 124 2072
105 129 7366
105 133 9351
105 137 1374
105 139 8341
105 145 9868
105 150 8645
105 154 5844
105 157 351
105 158 812
105 163 9698
105 165 8039
105 166 8632
105 171 8330
105 177 3045
105 187 6938
105 191 9823
105 196 8014
105 198 5303
105 205 7555
105 208 314
105 213 8624
105 218 8978
105 220 6673
105 229 3472
105 230 6509
105 232 7999
105 233 5297
105 238 3927
105 245 5040
105 246 3491
106 109 7568
106 115 7944
106 117 3771
106 123 5106
106 127 6202
106 129 2449
106 132 1463
106 133 3116
106 135 5955
106 140 9010
106 142 4106
106 147 865
106 148 1129
106 153 7746
106 157 9947
106 160 2165
106 161 4475
106 164 7792
106 171 635
106 177 2142
106 180 3656
106 185 2331
106 190 1703
106 191 528
106 192 9201
106 202 6391
106 203 8139
106 213 166
106 219 480
106 230 1928
106 233 210
106 237 8103
106 238 4018
106 244 1523
106 245 9792
106 246 3853
107 111 4608
107 112 2642
107 114 8144
107 120 7771
107 127 8787
107 139 4386
107 147 1617
107 155 2920
107 164 5392
107 171 8190
107 174 2723
107 177 2250
107 182 3348
107 194 8733
107 196 9847
107 199 4669
107 203 3524
107 212 1647
107 218 2037
107 221 5251
107 224 7009
107 229 4199
107 230 3880
107 232 9298
107 235 3783
107 242 3069
107 243 8749
107 245 3046
107 249 8181
108 109 2750
108 112 7032
108 119 9478
108 120 6361
108 121 5320
108 124 6094
108 134 1333
108 137 2597
108 139 4262
108 140 4591
108 144 4326
108 147 8394
108 151 8604
108 152 966
108 153 9401
108 154 6175
108 158 7359
108 160 7740
108 161 4592
108 168 728
108 169 4247
108 172 8855
108 173 3367
108 174 436
108 175 1231
108 177 9185
108 179 8084
108 180 4981
108 182 9466
108 184 8246
108 186 5044
108 188 9232
108 189 5220
108 197 5835
108 200 7022
108 203 5289
108 205 8077
108 206 5176
108 208 5593
108 215 5692
108 217 7598
108 219 9725
108 221 9821
108 224 8409
108 226 9544
108 243 8341
108 247 8988
109 115 3367
109 117 5512
109 122 8278
109 125 4060
109 128 4464
109 131 7637
109 135 3431
109 137 4938
109 140 6292
109 146 8107
109 152 9318
109 160 3694
109 162 4646
109 169 9173
109 171 3196
109 172 528
109 176 4368
109 182 8319
109 184 9487
109 185 9714
109 187 9427
109 190 6512
109 192 2646
109 196 994
109 198 4195
109 212 4782
109 219 2182
109 222 4488
109 229 2486
109 233 3418
109 239 6860
109 244 3558
109 246 4138
109 248 7530
109 249 3132
110 113 2614
110 114 506
110 127 9628
110 129 5240
110 140 6606
110 149 7236
110 151 6820
110 155 2447
110 159 3501
110 161 3147
110 171 9055
110 172 1109
110 176 5574
110 179 6817
110 185 5618
110 193 5837
110 199 8625
110 209 3325
110 210 2108
110 215 3010
110 216 5950
110 222 9538
110 228 4820
110 232 2267
110 240 4657
110 242 9457
110 248 1872
111 115 9021
111 117 7891
111 121 4184
111 122 501
111 123 7762
111 124 4752
111 128 3444
111 131 2498
111 134 793
111 140 699
111 143 5182
111 144 7626
111 149 1537
111 155 9935
111 156 6185
111 157 6588
111 162 6658
111 167 837
111 173 5742
111 177 1805
111 181 6278
111 184 4569
111 189 8277
111 190 4188
111 194 7614
111 198 4352
111 199 3906
111 200 7729
111 207 2449
111 210 8493
111 211 7211
111 213 6469
111 220 7755
111 224 8963
111 226 8022
111 227 7277
111 237 1603
111 242 1462
111 243 8452
111 244 4668
112 114 9336
112 118 2634
112 120 8841
112 122 4723
112 136 7305
112 137 7203
112 140 1526
112 143 9088
112 151 3943
112 153 8005
112 154 6248
112 157 6108
112 158 7841
112 159 184
112 161 6479
112 162 3910
112 170 330
112 173 2535
112 203 2869
112 205 254
112 206 4038
112 212 6530
112 216 3484
112 223 4573
112 230 3263
112 235 2633
112 237 9685
112 242 8544
112 244 792
112 246 9951
112 248 1557
113 115 1421
113 117 8515
113 121 1784
113 130 6292
113 132 5462
113 140 444
113 148 9105
113 151 6012
113 162 3759
113 167 4494
113 171 5486
113 173 433
113 181 5485
113 182 8083
113 186 8804
113 190 1728
113 193 1979
113 194 4974
113 198 3702
113 201 4220
113 203 6896
113 209 9044
113 210 5558
113 215 2997
113 217 7237
113 222 9419
113 230 7814
113 242 4593
113 244 320
113 249 5441
114 115 1238
114 125 3592
114 134 7456
114 137 1438
114 138 5504
114 140 4840
114 142 4409
114 145 6237
114 158 1727
114 159 4012
114 168 7416
114 170 177
114 171 973
114 173 8107
114 177 2326
114 180 2478
114 181 5743
114 183 8900
114 189 6771
114 194 9092
114 200 3007
114 208 777
114 214 6862
114 215 3649
114 216 4766
114 218 1845
114 221 8527
114 222 5629
114 224 2580
114 226 270
114 227 7184
114 241 4041
114 245 3503
115 124 8973
115 125 7670
115 127 9289
115 128 8101
115 130 7244
115 132 6915
115 138 5271
115 143 8995
115 144 3726
115 149 2435
115 150 5951
115 151 8751
115 153 9461
115 159 9853
115 160 3795
115 162 6840
115 168 6821
115 169 4959
115 175 4486
115 176 6267
115 181 4462
115 184 8001
115 190 2357
115 193 396
115 195 5689
115 202 9219
115 203 6118
115 206 6956
115 208 9427
115 211 1711
115 212 6419
115 213 1480
115 215 8779
115 223 9254
115 226 3621
115 238 7255
115 240 3108
115 244 6900
115 249 4885
116 117 1661
116 122 5508
116 124 5195
116 125 7507
116 127 2568
116 130 2624
116 131 6035
116 133 8120
116 139 5301
116 140 1016
116 146 6209
116 148 4992
116 149 2967
116 150 8878
116 151 1269
116 153 6934
116 154 8640
116 158 5128
116 170 2885
116 172 3496
116 173 6802
116 176 9747
116 181 1849
116 188 8949
116 192 5147
116 197 9368
116 200 3233
116 207 8341
116 208 8815
116 213 6414
116 216 8317
116 217 2324
116 220 568
116 221 1550
116 222 6916
116 225 2769
116 229 5695
116 231 4646
116 234 9071
116 235 6910
116 236 5766
116 242 8405
117 120 5655
117 125 6339
117 138 4756
117 139 9981
117 142 5559
117 146 1123
117 150 5500
117 170 6612
117 172 2082
117 182 3397
117 188 7746
117 192 3661
117 199 5834
117 200 6334
117 205 3349
117 209 8066
117 210 3681
117 211 2758
117 226 5844
117 231 5580
117 234 8777
117 235 5455
117 236 7370
117 237 5901
117 239 3624
117 241 1269
117 243 8269
117 244 7644
117 249 9207
118 121 6734
118 131 1679
118 134 4156
118 137 9485
118 139 7649
118 147 9267
118 148 4782
118 160 4956
118 163 109
118 171 3164
118 175 1738
118 178 7835
118 185 385
118 188 3220
118 196 4033
118 197 8817
118 198 5608
118 199 1585
118 200 3649
118 203 1925
118 207 1882
118 209 9560
118 210 7309
118 218 1293
118 228 5100
118 232 4200
118 241 6987
118 244 5871
118 247 4872
118 248 2132
119 120 9565
119 122 4240
119 127 7526
119 130 5515
119 136 1669
119 143 7281
119 160 3326
119 161 6048
119 162 5273
119 163 5011
119 167 6836
119 176 6347
119 183 4998
119 187 9085
119 193 3804
119 195 2209
119 203 1263
119 208 3717
119 214 5817
119 218 725
119 231 3587
119 232 252
119 234 8876
119 241 4682
119 244 684
119 247 7415
120 123 5312
120 128 319
120 136 7110
120 138 9995
120 139 1974
120 142 9158
120 144 5145
120 145 8893
120 146 3172
120 154 3936
120 161 6440
120 171 9508
120 172 1849
120 185 7487
120 187 2589
120 192 6926
120 195 2739
120 196 4239
120 197 6701
120 202 4805
120 208 4970
120 215 2834
120 216 4813
120 222 9398
120 225 4403
120 233 4903
120 237 5128
120 244 1913
121 122 9520
121 124 703
121 126 772
121 128 2863
121 131 8542
121 132 8295
121 134 4517
121 136 6857
121 137 4541
121 138 8442
121 141 1995
121 155 2090
121 159 2738
121 160 6360
121 163 2830
121 168 2400
121 173 7554
121 179 1456
121 191 1948
121 193 5430
121 197 6788
121 201 227
121 206 1734
121 212 2440
121 213 2038
121 223 8386
121 224 4017
121 234 2720
121 235 356
121 238 4356
121 240 9585
121 241 522
121 243 2959
121 246 3179
122 123 5844
122 124 3254
122 128 5414
122 133 5673
122 137 4041
122 138 8785
122 141 7825
122 142 2782
122 148 8078
122 150 1541
122 153 6605
122 157 345
122 166 9431
122 168 934
122 170 2034
122 184 3910
122 188 2460
122 196 6568
122 197 2851
122 205 7545
122 206 6391
122 211 1082
122 212 6123
122 217 292
122 218 2467
122 221 3479
122 223 6199
122 230 3213
122 231 8900
122 233 7107
122 240 40
122 246 7778
123 125 5797
123 131 986
123 132 1169
123 135 3808
123 136 5723
123 146 3518
123 152 2095
123 153 1263
123 157 763
123 158 292
123 159 1390
123 160 5640
123 170 6102
123 171 9469
123 174 9648
123 176 156
123 178 7872
123 179 8690
123 181 7879
123 184 4980
123 187 1762
123 190 627
123 192 5287
123 193 9197
123 194 92
123 195 902
123 206 8127
123 209 1115
123 214 1580
123 217 7575
123 222 3490
123 235 3241
123 236 4731
123 238 3638
124 125 898
124 127 9549
124 130 991
124 135 8841
124 137 1859
124 140 6450
124 141 6046
124 143 8462
124 144 5763
124 150 9497
124 151 1156
124 153 2555
124 169 4294
124 177 2265
124 179 8692
124 185 4015
124 187 3977
124 188 8285
124 191 690
124 200 4492
124 202 6253
124 211 315
124 220 1534
124 227 5822
124 230 1916
124 233 1600
124 236 7166
124 240 9644
124 242 7971
124 246 5459
125 132 6852
125 134 7019
125 135 276
125 138 1198
125 140 5134
125 144 321
125 147 2788
125 156 4455
125 162 7788
125 175 8617
125 176 5152
125 180 5858
125 182 1266
125 190 9655
125 195 8536
125 205 5603
125 207 6418
125 208 6294
125 209 4619
125 210 8084
125 214 6899
125 216 2320
125 233 1364
125 234 3712
125 235 3748
125 237 3580
125 240 8776
125 242 4298
126 127 2322
126 130 5685
126 131 7087
126 132 8809
126 134 2363
126 135 9457
126 137 9974
126 138 2899
126 140 7529
126 141 3748
126 147 1369
126 163 7750
126 166 7222
126 168 2024
126 171 8884
126 172 2834
126 175 690
126 178 1422
126 181 8930
126 189 1892
126 190 6299
126 196 8602
126 200 2245
126 201 7309
126 202 398
126 203 5237
126 209 2408
126 212 5870
126 213 2439
126 221 2435
126 222 6336
126 224 9474
126 236 8499
126 242 5718
126 244 9429
127 129 3182
127 134 4779
127 137 9603
127 141 593
127 142 7894
127 147 7442
127 149 5729
127 152 7542
127 154 3975
127 155 1565
127 157 4094
127 172 7942
127 174 9853
127 175 4492
127 176 7982
127 177 4982
127 179 8763
127 181 7975
127 191 2945
127 193 2591
127 200 8472
127 204 2677
127 205 6212
127 213 5708
127 217 9702
127 221 1700
127 224 1454
127 232 2114
127 236 5613
128 130 8524
128 137 4016
128 145 8392
128 152 7354
128 154 3416
128 157 4920
128 167 561
128 170 1949
128 173 4073
128 175 3065
128 178 721
128 181 8622
128 194 8756
128 199 4313
128 203 8697
128 204 2932
128 207 876
128 208 1593
128 210 4385
128 213 4052
128 215 5741
128 219 1366
128 220 7155
128 221 5294
128 223 6850
128 224 3691
128 226 8786
128 236 6195
128 237 4776
128 241 8073
128 242 3646
129 130 2436
129 131 2920
129 133 4366
129 143 438
129 145 1135
129 146 6843
129 147 1673
129 165 5718
129 166 4062
129 177 6071
129 181 5367
129 185 5947
129 189 1623
129 191 8883
129 192 3375
129 194 6850
129 196 6646
129 198 5693
129 199 2386
129 201 8397
129 207 8009
129 209 6322
129 210 8812
129 212 3877
129 213 4004
129 215 4355
129 216 7944
129 220 7972
129 226 7789
129 230 7510
129 233 161
130 131 8037
130 135 3792
130 145 9452
130 146 4448
130 162 6923
130 163 5612
130 164 7412
130 169 1590
130 172 9689
130 174 2880
130 180 1452
130 190 1135
130 192 3190
130 193 8761
130 194 1489
130 197 3432
130 212 2288
130 217 1121
130 218 7720
130 219 38
130 222 6036
130 223 4675
130 224 3777
130 226 6441
130 227 8548
130 233 6091
130 242 7337
130 247 3366
131 132 3107
131 138 8851
131 139 2826
131 146 6261
131 152 7104
131 154 9831
131 158 4331
131 161 2098
131 170 3635
131 171 7422
131 173 5062
131 178 9434
131 186 3995
131 188 5127
131 195 6326
131 196 5113
131 201 4678
131 203 5492
131 206 8008
131 211 7858
131 212 7694
131 218 5770
131 220 5716
131 222 8664
131 229 2493
131 239 6021
131 241 5112
131 242 8468
131 243 4521
131 245 9891
131 246 6948
131 247 2582
131 249 7051
132 140 4235
132 144 3421
132 145 13
132 147 7331
132 150 4001
132 152 6934
132 158 6462
132 160 8091
132 162 5600
132 170 7735
132 184 1350
132 185 2751
132 196 9312
132 198 2737
132 199 2684
132 200 9386
132 201 2997
132 206 1844
132 207 9461
132 210 7911
132 212 6238
132 213 451
132 217 1113
132 225 8604
132 239 2752
132 240 2040
132 241 6552
132 242 4745
132 246 1258
132 247 5937
132 248 7635
133 143 8231
133 144 6305
133 148 9584
133 157 1841
133 158 1779
133 160 3072
133 171 5329
133 182 1537
133 190 8607
133 191 2927
133 192 5305
133 200 6402
133 201 7118
133 203 8312
133 206 4273
133 209 5398
133 210 4953
133 214 8221
133 217 2805
133 221 4277
133 222 8053
133 228 383
133 236 6024
133 242 6610
133 246 5369
133 249 30
134 135 355
134 139 8955
134 140 8576
134 141 3152
134 143 8457
134 144 8095
134 146 7224
134 160 5887
134 161 6511
134 164 6648
134 165 2813
134 166 9498
134 168 6269
134 169 1473
134 174 3349
134 180 3299
134 181 1747
134 185 8510
134 199 3776
134 200 5296
134 212 6295
134 213 3387
134 219 8435
134 222 783
134 226 6085
134 228 2134
134 230 1041
134 231 3685
134 237 1049
134 243 7177
134 248 8458
135 137 3606
135 140 2401
135 144 6243
135 146 8928
135 151 6849
135 153 4750
135 154 9637
135 170 411
135 172 2445
135 175 1353
135 176 4494
135 177 1303
135 178 2379
135 180 2663
135 193 3001
135 194 9555
135 203 6282
135 209 7560
135 214 2156
135 225 2526
135 239 6574
135 240 2810
135 245 9716
136 138 3062
136 149 1524
136 150 4135
136 153 9534
136 157 4548
136 158 2236
136 163 3183
136 165 774
136 172 6844
136 175 9086
136 176 6208
136 179 4940
136 184 1408
136 185 6095
136 186 1902
136 189 9600
136 193 7109
136 194 5035
136 206 5535
136 210 7026
136 211 9197
136 221 5005
136 222 4891
136 223 984
136 225 9358
136 230 1508
136 232 3351
136 238 2148
136 241 3016
136 242 9274
136 244 3478
137 142 20
137 146 2973
137 147 9336
137 158 2777
137 160 4173
137 163 7878
137 165 4285
137 169 9868
137 175 1720
137 176 2681
137 179 6672
137 193 9641
137 200 511
137 202 9661
137 203 173
137 206 4656
137 212 2959
137 214 9606
137 219 434
137 223 2970
137 233 6761
137 238 3739
137 240 426
137 245 5092
137 248 406
138 139 215
138 142 9452
138 146 3334
138 151 8976
138 154 3147
138 156 9967
138 162 200
138 169 7235
138 180 6526
138 181 1111
138 184 2720
138 186 9486
138 192 3650
138 195 9363
138 202 438
138 203 2792
138 217 1380
138 220 9461
138 227 155
138 228 8980
138 230 2918
138 231 5355
138 235 5415
138 239 2093
138 240 7218
139 141 4072
139 144 2844
139 149 1366
139 156 5205
139 167 9473
139 170 8612
139 183 6849
139 188 1319
139 189 8020
139 190 5977
139 192 8241
139 193 875
139 199 1560
139 208 1934
139 214 7371
139 226 9432
139 230 1581
139 246 5138
140 143 3866
140 162 771
140 169 2286
140 171 30
140 173 5030
140 175 2225
140 179 4013
140 191 7576
140 192 9260
140 200 6470
140 207 4034
140 211 6621
140 218 1432
140 223 5917
140 229 4425
140 233 2967
140 236 8550
140 238 8029
140 240 6841
140 245 9755
140 248 9547
141 150 6921
141 160 2302
141 163 3212
141 164 2410
141 165 1907
141 174 9284
141 183 9601
141 187 1389
141 198 9880
141 205 9585
141 209 8325
141 210 7888
141 223 5667
141 229 8725
141 240 5968
141 242 3604
141 247 4871
142 143 129
142 147 2502
142 150 355
142 151 8248
142 152 3393
142 161 3185
142 162 4122
142 165 9082
142 167 5046
142 184 495
142 194 1928
142 195 6888
142 196 4799
142 197 1284
142 199 2881
142 200 3211
142 201 5772
142 205 1261
142 207 1642
142 208 240
142 209 9299
142 212 2060
142 215 421
142 218 6853
142 225 3252
142 229 1751
142 230 9069
142 236 620
142 246 3259
143 144 448
143 147 5383
143 149 4721
143 151 431
143 156 6211
143 159 3831
143 161 8436
143 162 6932
143 164 9843
143 167 100
143 168 2439
143 172 7133
143 178 5750
143 179 495
143 181 2242
143 184 794
143 186 5898
143 194 2012
143 195 9403
143 196 6365
143 215 5198
143 216 5804
143 232 565
143 233 3093
143 238 4853
143 241 7041
143 244 2703
143 245 6584
144 145 6375
144 146 3527
144 149 4151
144 160 4095
144 162 1356
144 164 7161
144 168 6609
144 182 5308
144 188 2671
144 194 2423
144 198 9319
144 218 1882
144 224 6901
144 227 9511
144 231 4107
144 233 5108
144 234 1209
144 236 5433
144 238 6125
144 243 3492
144 249 5670
145 147 8168
145 148 7413
145 153 4826
145 155 8263
145 163 1926
145 166 4621
145 173 6028
145 190 5899
145 191 924
145 192 2712
145 193 242
145 196 2604
145 197 3349
145 198 3870
145 203 8431
145 206 8033
145 214 3752
145 224 6890
145 227 5529
145 228 3793
145 233 9689
145 235 2418
145 237 6774
145 240 1422
145 243 8550
145 246 8911
145 247 4203
146 152 4569
146 160 2106
146 163 5260
146 170 2206
146 171 4564
146 174 4093
146 178 5713
146 179 7232
146 180 6002
146 181 5590
146 184 8580
146 185 6008
146 186 7502
146 191 4831
146 194 5751
146 200 4730
146 205 811
146 215 6095
146 218 5294
146 227 3766
146 228 8320
146 229 288
146 231 5121
146 234 7793
146 239 1700
146 242 8470
146 245 9732
146 246 9037
146 249 7148
147 148 4808
147 160 376
147 163 7044
147 168 7838
147 171 3199
147 173 7477
147 180 4116
147 182 3986
147 186 2111
147 191 8999
147 197 6505
147 202 4576
147 203 5194
147 204 1760
147 207 3173
147 213 527
147 218 8776
147 221 6374
147 223 7196
147 224 6041
147 229 8542
147 231 3077
147 237 3182
147 239 6606
147 240 6777
147 242 4805
147 247 9167
148 155 2745
148 157 7396
148 159 1801
148 165 391
148 166 2571
148 176 7792
148 178 2041
148 179 9459
148 181 3691
148 182 3496
148 195 234
148 196 3948
148 200 7355
148 202 6294
148 204 4841
148 206 709
148 214 7493
148 216 9467
148 219 4365
148 223 3774
148 227 4700
148 230 1966
148 232 7328
148 233 4498
148 234 6736
148 246 3240
148 248 4896
149 152 6948
149 157 2329
149 159 5440
149 160 8143
149 161 6584
149 162 7926
149 164 7132
149 174 3351
149 190 3735
149 191 8233
149 192 3615
149 195 1358
149 196 7864
149 201 9456
149 213 5290
149 217 7201
149 219 9201
149 220 2967
149 222 2082
149 224 6128
149 229 1878
149 236 5542
149 241 4461
149 248 7522
150 152 9319
150 153 5781
150 154 2348
150 156 3187
150 163 6811
150 165 1449
150 166 403
150 169 4498
150 172 3083
150 176 6997
150 177 8288
150 197 9715
150 199 2835
150 203 8500
150 206 1796
150 210 3979
150 212 5273
150 214 3052
150 218 7391
150 229 3437
150 231 8821
150 233 9567
150 244 1823
150 248 7134
150 249 3617
151 162 381
151 168 1849
151 171 2141
151 172 7123
151 174 4808
151 175 479
151 186 4577
151 187 4572
151 200 8148
151 202 3473
151 208 4341
151 213 9400
151 214 9348
151 219 9358
151 220 8118
151 221 3051
151 222 4696
151 227 5976
151 236 5266
151 240 2178
151 244 145
151 245 1393
151 247 4252
152 156 7056
152 157 9310
152 163 5507
152 165 8451
152 168 992
152 178 260
152 179 1224
152 183 1476
152 184 3206
152 187 2026
152 191 9820
152 198 1068
152 208 8920
152 210 682
152 213 2296
152 222 4990
152 224 879
152 227 3350
152 232 5207
152 236 682
152 240 7158
152 243 8992
152 244 6644
152 245 5456
152 248 9418
153 163 8028
153 165 7336
153 168 5973
153 170 8527
153 173 7968
153 176 2288
153 179 3045
153 181 974
153 183 3052
153 190 7905
153 192 4194
153 197 846
153 202 2377
153 203 834
153 211 9677
153 214 6527
153 216 3298
153 218 5237
153 219 2168
153 225 7373
153 226 1788
153 229 9811
153 232 4129
153 233 6983
153 236 8420
153 242 9129
153 243 6516
153 246 6300
154 158 7690
154 159 8930
154 162 8646
154 165 7846
154 168 6688
154 173 2165
154 191 4275
154 195 7208
154 197 9603
154 200 1467
154 204 5693
154 214 8759
154 215 7166
154 217 2734
154 222 3115
154 224 5604
154 235 156
154 237 8783
154 239 3976
154 243 228
154 244 5873
154 245 1938
154 247 5320
155 159 2061
155 163 4086
155 164 8989
155 165 1503
155 166 1566
155 173 6804
155 184 7469
155 187 8319
155 188 1547
155 190 8162
155 195 6319
155 196 9217
155 200 6910
155 201 2476
155 202 9301
155 204 6408
155 205 1653
155 207 6536
155 216 5505
155 221 4981
155 224 569
155 225 5372
155 235 2305
155 239 5340
155 241 3426
155 243 933
155 249 7251
156 160 6361
156 163 2442
156 168 1026
156 171 8418
156 174 6061
156 197 1053
156 199 5937
156 207 5728
156 212 4010
156 216 6278
156 225 8584
156 228 8893
156 232 7428
156 235 7623
156 237 9463
156 243 3836
156 245 6526
156 247 4861
157 160 8850
157 162 7633
157 165 6509
157 167 5579
157 169 9643
157 170 974
157 173 2853
157 176 6695
157 177 6029
157 180 9598
157 189 7916
157 194 8059
157 196 7773
157 201 2663
157 203 9942
157 208 7144
157 209 5098
157 215 6163
157 217 3985
157 225 1994
157 226 4339
157 236 8568
157 238 7346
158 164 3272
158 165 9195
158 166 872
158 183 6135
158 184 5700
158 189 5043
158 190 5136
158 191 6611
158 195 9128
158 196 415
158 203 4928
158 204 2449
158 208 8291
158 215 3510
158 218 920
158 219 8769
158 234 9378
158 248 7090
159 163 6982
159 165 9199
159 172 5482
159 182 8683
159 185 5575
159 190 7216
159 196 9414
159 205 5189
159 219 9969
159 222 7412
159 225 6167
159 228 337
159 230 561
159 234 4428
159 243 569
159 248 5406
160 165 8454
160 168 6680
160 171 828
160 172 5794
160 174 8669
160 188 4168
160 192 5753
160 194 7633
160 195 293
160 198 911
160 202 919
160 205 1776
160 212 8775
160 221 9220
160 228 993
160 229 3504
160 240 4530
160 242 4843
160 244 2216
160 246 82
161 167 4358
161 168 650
161 170 7412
161 171 5283
161 174 7743
161 181 4714
161 184 9776
161 194 7969
161 195 3932
161 200 6525
161 205 6169
161 213 8105
161 216 461
161 217 7220
161 218 9993
161 222 4052
161 225 4917
161 226 2737
161 227 5959
161 229 7128
161 230 970
161 233 1445
161 237 5874
161 240 5694
161 243 7939
161 245 9710
161 248 2722
162 163 1239
162 168 848
162 180 7252
162 192 1114
162 194 7962
162 208 4202
162 216 180
162 219 4612
162 221 2564
162 224 388
162 230 2634
162 231 986
162 234 4857
162 241 4650
162 248 9165
163 164 5071
163 169 6507
163 172 5093
163 175 3091
163 177 6736
163 179 6100
163 182 1741
163 185 9773
163 190 902
163 191 7798
163 194 2673
163 196 8748
163 200 4601
163 206 5694
163 208 7151
163 211 6793
163 221 7005
163 229 6927
163 233 3298
163 234 8051
163 235 5558
163 237 1111
163 248 3701
163 249 9210
164 171 8118
164 173 8299
164 175 3591
164 182 7155
164 186 3882
164 189 9885
164 191 1403
164 195 2802
164 196 4572
164 199 7653
164 207 7456
164 211 8508
164 212 7
164 218 1442
164 220 7897
164 226 6562
164 229 9837
164 234 2069
164 235 4647
164 238 7440
165 169 5510
165 173 2485
165 174 8398
165 177 8680
165 181 512
165 182 5874
165 183 1724
165 185 3663
165 191 1796
165 194 7850
165 198 1176
165 201 163
165 205 997
165 211 8366
165 214 8690
165 215 6941
165 216 6854
165 217 2466
165 224 1240
165 227 7894
165 228 8717
165 234 7726
165 236 6205
165 237 1555
165 241 1664
165 242 4251
165 246 8084
165 248 9236
166 169 7817
166 173 282
166 182 7693
166 183 5568
166 188 235
166 190 5788
166 192 275
166 195 6599
166 199 9722
166 201 1649
166 209 2016
166 215 1719
166 220 2912
166 221 8774
166 232 5306
166 234 7823
166 236 4782
166 239 746
166 243 6919
166 244 676
166 246 628
167 168 6052
167 172 6866
167 173 7466
167 175 856
167 179 5434
167 186 4071
167 192 2307
167 193 9980
167 200 2681
167 213 7489
167 214 2490
167 215 6388
167 219 3834
167 223 5950
167 228 3812
167 229 9606
167 233 9129
167 239 4969
167 240 1041
168 172 7304
168 185 4206
168 192 3957
168 199 5409
168 200 660
168 202 7356
168 204 3887
168 207 115
168 209 9197
168 212 8029
168 215 1753
168 218 6071
168 219 2952
168 222 5763
168 231 4074
168 235 336
168 239 9989
168 243 9612
168 245 5470
168 248 8175
169 175 89
169 181 1545
169 182 7320
169 187 3051
169 193 595
169 195 7330
169 196 1680
169 197 3048
169 201 494
169 202 8299
169 208 6608
169 211 2069
169 216 4171
169 218 6033
169 223 2956
169 226 7541
169 234 797
169 236 3120
169 245 1781
170 172 1561
170 180 6095
170 181 3132
170 184 5649
170 187 6141
170 191 579
170 194 6005
170 200 7918
170 201 762
170 211 146
170 217 9143
170 226 7738
170 230 2824
170 235 5874
170 239 3435
170 244 8182
170 248 1539
171 173 9920
171 177 8946
171 179 1060
171 188 6914
171 189 6346
171 190 1871
171 193 8599
171 195 9635
171 202 3977
171 206 3773
171 214 8631
171 217 4195
171 219 6145
171 220 344
171 225 8050
171 227 1019
171 228 6365
171 229 7721
171 230 6413
171 233 4629
171 238 6017
171 240 715
171 244 4756
171 246 1163
171 247 222
171 249 9869
172 179 4015
172 195 7923
172 196 5465
172 200 7194
172 205 2416
172 211 7713
172 212 6649
172 214 4665
172 220 3444
172 222 6070
172 228 2749
172 229 521
172 230 3598
172 237 7880
172 239 4257
172 242 3491
173 185 3130
173 187 7700
173 188 7576
173 189 163
173 194 3880
173 195 1739
173 197 8110
173 205 4270
173 206 8422
173 207 1766
173 208 2946
173 209 9438
173 217 6332
173 226 7678
173 230 1256
173 231 8046
173 234 6263
173 236 8847
173 237 3763
173 242 4743
173 248 8784
174 176 7292
174 178 5116
174 179 3187
174 184 5569
174 194 5527
174 195 7100
174 202 2626
174 208 5679
174 212 9903
174 216 7670
174 222 898
174 235 293
174 240 5814
174 245 6257
174 246 7633
174 247 7632
174 249 3197
175 176 9374
175 177 7145
175 179 6052
175 182 3804
175 184 129
175 188 1087
175 189 1553
175 191 1604
175 193 2918
175 195 8197
175 200 4937
175 201 4453
175 210 4701
175 211 4759
175 218 7066
175 221 4988
175 222 6528
175 225 5258
175 227 9947
175 230 3671
175 232 958
175 233 7386
175 240 1659
176 181 9058
176 182 8948
176 184 6735
176 201 325
176 202 12
176 203 3372
176 205 555
176 208 2916
176 215 9670
176 217 5211
176 219 4049
176 222 7823
176 226 631
176 228 5515
176 229 6457
176 231 320
176 232 8457
176 238 105
176 242 7448
176 245 722
177 178 1421
177 179 8367
177 184 9928
177 189 2346
177 194 6629
177 196 2233
177 201 9601
177 205 1002
177 220 4916
177 233 154
177 238 240
177 239 7533
177 242 821
177 243 5416
177 248 4175
178 181 3012
178 185 7123
178 190 8210
178 194 9870
178 195 8878
178 199 8703
178 202 5371
178 205 1842
178 206 590
178 207 8662
178 211 6454
178 213 810
178 216 2657
178 217 3115
178 228 1221
178 230 680
178 231 9182
178 234 5785
178 235 3089
178 240 5291
178 241 2928
178 247 286
178 249 3708
179 180 2753
179 188 309
179 190 1514
179 193 9229
179 197 8411
179 198 6486
179 203 4260
179 205 6857
179 206 1145
179 209 3929
179 211 4500
179 225 4023
179 233 3616
179 237 3537
179 240 3968
179 244 9706
179 248 8597
179 249 3784
180 183 9043
180 187 3229
180 188 3017
180 191 1233
180 197 4357
180 200 8852
180 203 6450
180 206 7336
180 207 8303
180 210 5342
180 213 1848
180 216 109
180 218 4664
180 238 2058
180 239 7380
180 242 9363
180 246 2489
180 248 4682
181 183 4962
181 186 6680
181 187 4845
181 192 9826
181 197 8780
181 198 2403
181 206 5085
181 207 1839
181 211 2012
181 213 7551
181 214 4542
181 218 3867
181 223 2370
181 230 2024
181 232 2502
181 233 7660
181 235 8393
181 236 5302
181 240 3321
181 241 4794
181 247 1581
182 185 814
182 187 9532
182 201 471
182 203 6253
182 206 2421
182 213 9608
182 214 6934
182 216 5585
182 229 1299
182 232 4660
182 235 3094
182 241 9140
182 247 6648
182 248 5785
183 185 8494
183 187 7523
183 190 144
183 192 8342
183 194 1314
183 207 6278
183 209 7987
183 213 12
183 219 8074
183 222 5516
183 224 7783
183 232 8116
183 234 9734
183 243 4826
184 190 9763
184 193 3580
184 198 6594
184 203 3243
184 207 2127
184 209 1557
184 211 7141
184 215 3518
184 217 6073
184 222 5799
184 225 5187
184 229 7233
184 233 7577
184 241 5318
184 245 6647
184 248 9681
185 190 7148
185 194 784
185 201 2184
185 208 6069
185 221 9241
185 222 6561
185 231 3775
185 233 2614
185 234 1966
185 235 1989
185 241 3828
186 190 153
186 194 5455
186 195 7459
186 199 4307
186 200 509
186 210 797
186 215 5665
186 218 5738
186 231 8037
186 234 9853
186 235 3396
186 243 5665
187 194 8527
187 207 1407
187 212 3502
187 216 6639
187 224 8949
187 228 4304
187 229 4667
187 234 5021
187 244 1183
188 190 5894
188 192 3432
188 194 316
188 199 9047
188 203 1661
188 204 3908
188 207 3863
188 212 7494
188 215 8321
188 229 3783
188 230 1690
188 232 1779
188 233 2537
188 235 3300
188 237 9065
188 239 5697
188 243 3925
188 245 5530
188 248 462
189 194 6788
189 204 7915
189 205 8511
189 209 8025
189 211 8563
189 213 6159
189 219 9747
189 223 5452
189 234 7337
189 243 6573
189 246 6377
189 248 7449
190 194 8934
190 197 5027
190 199 361
190 203 6319
190 211 5332
190 220 9370
190 222 247
190 223 9451
190 226 5734
190 227 3790
190 236 2465
190 237 3483
190 238 6144
190 239 1507
190 241 2926
190 242 4705
190 245 5410
190 249 3708
191 193 5088
191 208 8056
191 210 1791
191 213 1593
191 217 9495
191 227 6057
191 236 8751
191 237 8899
191 241 7879
191 249 9308
192 195 9796
192 196 9276
192 197 1286
192 200 5345
192 202 5555
192 204 8339
192 207 3993
192 217 7322
192 227 1843
192 230 5425
192 237 225
192 238 3958
192 244 5979
192 249 1490
193 198 3826
193 199 7802
193 200 4643
193 208 2014
193 210 7867
193 215 24
193 220 547
193 227 7583
193 229 556
193 232 5192
193 233 5599
193 237 6546
193 239 3157
193 242 6913
193 248 8146
194 195 3094
194 199 6648
194 201 4982
194 203 5898
194 206 8082
194 207 3321
194 208 4632
194 211 555
194 212 1733
194 217 9217
194 235 6362
194 237 5463
194 238 4533
194 243 294
194 244 556
194 246 7581
194 248 5457
195 196 6607
195 204 7721
195 214 6171
195 215 9370
195 219 9131
195 223 6234
195 230 9895
195 237 8973
195 238 8109
195 247 661
195 249 508
196 197 3009
196 201 2587
196 203 3900
196 210 9797
196 215 6759
196 218 4447
196 226 1363
196 228 6748
196 238 190
196 240 5770
196 242 844
196 244 5437
196 249 3194
197 198 3232
197 200 7550
197 205 2659
197 206 8162
197 218 8972
197 226 1125
197 227 9164
197 230 840
197 231 3573
197 235 9068
197 237 2815
197 239 4327
197 240 2529
197 242 1487
197 244 9507
197 246 6805
197 247 7452
197 249 867
198 199 8889
198 202 9212
198 205 908
198 208 7732
198 213 1650
198 216 8118
198 219 109
198 226 2936
198 229 8384
198 235 2553
198 236 1177
198 241 2839
198 246 6052
199 203 9000
199 209 4338
199 212 1234
199 224 3943
199 226 2573
199 230 7090
199 236 9046
199 245 5111
200 204 5615
200 206 226
200 207 7423
200 208 4752
200 214 6713
200 220 4983
200 225 3329
200 227 7133
200 236 5737
200 241 5018
201 205 9301
201 206 837
201 208 9491
201 211 3745
201 213 9169
201 215 6749
201 219 4500
201 224 9868
201 225 4443
201 226 7646
201 227 3882
201 233 1737
201 234 4646
201 245 7386
201 248 9387
201 249 6555
202 207 495
202 208 7350
202 212 2306
202 216 5061
202 218 763
202 219 3568
202 224 2593
202 233 4520
202 239 9384
202 242 3461
202 249 4117
203 205 1207
203 206 6034
203 210 8133
203 212 1545
203 213 7478
203 221 5395
203 228 9464
203 236 3202
203 238 7990
203 241 8828
203 244 6385
203 247 9464
203 248 1564
203 249 5636
204 206 8084
204 208 7044
204 209 8673
204 213 6453
204 217 3736
204 218 1277
204 219 3289
204 222 408
204 224 3160
204 228 6796
204 235 7342
204 236 9848
204 238 248
204 243 9618
204 246 3293
205 209 2
205 210 5010
205 212 1726
205 218 3588
205 220 9157
205 221 9669
205 222 3364
205 226 8546
205 236 8632
205 238 4945
205 240 8870
205 243 8150
206 209 8250
206 213 6135
206 216 6417
206 217 5264
206 223 5602
206 226 9087
206 230 8192
206 235 7260
207 210 8977
207 217 5624
207 223 5493
207 226 347
207 231 536
207 236 7074
207 238 2846
207 243 6960
208 211 7128
208 212 8452
208 215 9186
208 216 8513
208 226 4444
208 227 6080
208 235 2509
208 236 2965
208 237 5466
208 242 923
208 243 560
208 247 8903
208 248 7152
209 212 5973
209 218 6871
209 220 7080
209 232 3062
209 233 167
209 243 204
209 247 4381
209 249 6544
210 214 8287
210 226 1479
210 230 1040
210 239 2481
211 220 5123
211 221 2379
211 223 9441
211 226 201
211 230 9776
211 238 1233
211 239 4300
211 248 3882
212 215 8066
212 219 7208
212 220 3487
212 233 4817
212 234 9437
212 237 9441
212 238 1621
212 243 6531
212 246 9623
213 214 2326
213 227 6868
213 229 1588
213 230 540
213 240 4798
213 243 194
213 246 966
214 220 5558
214 224 7292
214 227 1171
214 228 2576
214 232 8820
214 236 9079
214 238 599
214 242 5072
214 244 543
215 220 9351
215 223 4862
215 224 2309
215 225 461
215 228 8247
215 231 2070
215 239 3999
215 241 3499
215 244 2276
216 220 3392
216 222 8759
216 226 3486
216 228 3209
216 229 6408
216 231 5657
216 234 7631
217 223 40
217 228 5220
217 229 5075
217 234 9830
217 240 8902
217 243 1382
217 247 8707
217 248 1228
218 219 9765
218 225 1828
218 227 3165
218 229 5823
218 230 6250
218 238 7199
218 239 9489
218 243 1063
218 244 900
218 246 9630
219 220 3492
219 221 5529
219 222 8944
219 225 7166
219 229 8199
219 232 4786
219 234 872
219 236 9512
219 237 604
219 242 1823
219 249 8993
220 229 9045
220 236 1465
220 241 7120
220 249 7703
221 226 5231
221 228 3739
221 233 8429
222 230 94
222 234 4536
222 238 2311
222 239 2206
222 248 1046
223 230 5976
223 235 3006
223 237 4956
223 239 2534
223 240 7523
223 243 4614
223 248 5892
224 227 1757
224 231 7392
224 232 8671
224 233 8333
224 234 2381
224 237 6372
224 238 1602
224 243 1938
224 248 6447
225 228 9279
225 233 9146
225 236 7457
225 237 6697
225 242 7031
225 244 8883
226 229 5161
226 233 9475
226 234 5684
226 241 1462
226 242 9169
227 241 5268
227 242 7933
227 248 8744
228 232 131
228 233 466
228 242 9961
228 245 399
228 248 3716
229 235 7922
229 239 7721
229 245 9606
230 234 1391
230 239 705
230 243 8750
230 248 8599
231 234 6786
231 235 8511
231 238 4445
231 239 2431
232 245 4052
233 239 173
234 235 6338
234 237 9949
234 240 7340
234 242 8812
234 249 3022
235 239 1552
235 242 9328
235 243 3456
235 245 340
235 246 3724
236 237 2467
236 238 9833
236 240 4001
236 241 2205
236 245 2713
237 241 310
237 242 9816
238 239 5899
238 241 2615
238 242 2981
238 249 8931
239 242 9082
239 247 3395
240 242 4853
240 244 4614
240 245 6067
240 247 5573
241 242 9714
241 246 9221
242 244 4174
243 244 3933
243 248 9885
244 245 6005
244 246 2597
244 247 2732
245 246 5356
246 247 545
