47 4189270
770 209619
955 23054
20 215039
2042 299812
2399 403668
2899 7827
1989 150828
2986 9512
1296 303938
2446 150825
2831 205065
1727 410142
86 265918
814 46717
2176 376395
2377 380564
1975 326096
2463 38038
487 84311
1620 218851
3055 407596
1252 346122
817 230260
2125 16342
1475 101904
12 346386
508 296192
3330 405671
3173 181857
2958 274041
1616 19317
1275 271092
1183 146211
486 210395
1279 205205
1271 357660
29 25401
2785 102060
3427 278577
1279 36363
2802 120414
3182 61977
463 330118
1992 141572
1833 411018
1477 305836
487 22089
