46 2210619
383 114807
2388 96170
114 119190
1702 74427
39 32768
2322 25864
1849 201913
614 179376
1021 125837
249 114621
3073 96719
3039 128630
2340 180153
863 45978
3400 13242
398 169661
370 178653
795 150753
2462 133611
843 23669
3385 55062
3498 130215
681 72710
949 109063
1226 160231
1337 62582
2084 82270
3561 145620
3055 41130
1129 35828
1111 189819
1893 20810
1346 40912
1042 110532
1103 150590
2055 117898
2082 114951
508 161148
1384 50920
2282 129170
2711 39695
3275 83582
2432 130546
2859 75198
2009 162048
3426 27984
