33 126 26799 3
0 2 3898
0 4 5246
0 5 7409
0 8 66
0 11 4672
0 15 7757
0 21 3223
0 25 6004
0 28 772
0 29 630
0 30 755
0 32 2881
1 11 3598
1 12 7352
1 16 8932
1 22 7651
1 26 5251
1 32 9881
2 4 1820
2 6 9934
2 7 4528
2 9 3528
2 16 3395
2 20 2709
3 6 1839
3 17 9100
3 25 3993
3 28 3662
4 8 9967
4 13 6318
4 20 7369
4 23 6186
4 29 2261
5 12 4965
5 13 9299
5 14 7245
5 15 1788
5 17 1465
5 18 3605
5 22 5109
5 24 4070
6 17 2624
6 19 2576
6 22 3171
6 23 1201
6 30 317
7 8 2597
7 9 3521
7 10 5662
7 17 7801
7 24 3724
7 25 8699
7 27 6485
8 11 9303
8 14 1155
8 15 5241
8 16 2456
8 17 9613
8 22 4578
8 24 1577
8 26 4345
8 32 9273
9 17 522
9 23 1696
9 24 7446
9 28 7069
9 32 2145
10 15 3799
10 28 1767
10 29 913
10 30 1485
11 12 9037
11 15 4749
11 16 3311
11 19 6119
11 22 1618
11 23 2520
11 24 6172
11 27 6639
11 29 1155
12 25 374
12 31 49
13 15 4008
13 23 9782
13 28 8402
13 30 2680
14 16 9649
14 24 4003
15 16 2577
16 17 3508
16 18 8071
16 19 7153
16 22 2199
16 23 4694
16 29 2001
16 32 4655
17 20 8605
17 24 7863
17 27 1695
17 29 1460
19 21 2964
19 25 3213
19 27 7998
20 21 3864
20 26 164
20 28 2241
20 31 601
21 22 1274
21 30 7839
21 31 8427
22 23 2727
22 25 6592
22 26 1403
22 27 6838
23 25 1694
23 29 1185
24 26 1491
26 27 8370
26 28 4816
26 30 856
27 29 5928
27 30 3832
27 31 7877
27 32 4505
28 29 5740
30 31 2708
