45 3498137
2046 284991
597 331973
475 39109
1687 210248
2867 259213
3430 96626
2891 177783
2222 160394
1726 82657
2966 308833
216 159120
3072 52269
2067 77589
2382 39033
2265 30151
2029 105069
2076 42938
2052 7121
435 14605
1779 272999
3237 213668
2704 142281
3395 4165
3497 184412
802 105499
642 39299
2358 294505
1035 144333
252 149190
419 328631
2257 293440
3350 37014
281 261835
2827 266439
409 61678
2059 48886
2578 84498
2609 231181
408 189162
21 223469
1560 105929
2359 60287
2214 145016
1609 145010
1720 181062
