45 4850465
383 310516
3159 187273
3131 119463
2134 278686
1631 77532
1297 258573
986 268222
1598 443578
1826 36554
1797 406105
2716 118906
1793 400345
244 204999
1679 446381
2343 21365
1091 395755
175 148108
1010 162432
244 75365
2039 332382
3492 136959
910 347219
2561 368423
3338 398925
493 74406
2823 120531
222 92840
2280 131146
437 260704
3368 78193
454 401854
623 429884
1440 431062
1603 96671
897 464638
588 87642
998 409300
453 139292
2629 68388
161 323548
1591 22476
2913 405377
822 409917
1384 389878
2810 408044
