43 2388659
639 143220
1193 322315
2667 345910
1249 155284
2659 68339
2011 352567
1130 387547
1556 438588
3238 460545
3008 225981
1281 351619
1593 174206
3291 317937
3499 176560
104 87418
908 13998
1529 343924
2629 327339
3396 344054
1079 438758
996 424206
1042 164462
1131 221615
54 117821
2228 88784
2024 468643
1826 411239
1313 201715
1094 72347
2537 472720
2209 125904
1698 449221
3108 339397
1438 331786
3428 107527
1860 440270
2054 92296
2667 2552
2305 328764
1367 136294
1335 144788
2907 79964
2273 236648
