43 2373153
2987 293508
46 124393
1816 293156
1390 383968
2534 385175
386 353118
2546 347221
2069 166569
2158 309314
3012 449539
2340 37664
2747 53997
265 196541
2785 294972
3302 58296
991 181669
2475 402518
2015 312654
3160 398323
2235 23503
2574 463651
922 239867
1103 211685
3079 337046
3079 382971
1690 336400
2755 384615
482 274386
983 384287
3243 129152
2522 15179
2631 243455
1990 137612
758 353229
1659 444880
124 339296
1430 1448
1243 104227
2512 224679
1089 420914
551 301353
2583 320307
3062 113754
