207 5290 151084 125
0 3 8076
0 4 7251
0 5 4978
0 7 5307
0 9 7385
0 13 9207
0 15 810
0 17 1441
0 21 9266
0 24 8247
0 25 1578
0 26 7986
0 29 875
0 35 4569
0 41 9562
0 47 4133
0 49 8384
0 50 348
0 51 9954
0 60 3338
0 61 3164
0 68 3164
0 74 958
0 81 1345
0 86 228
0 94 212
0 97 7055
0 106 122
0 111 9681
0 115 4743
0 118 9157
0 126 6120
0 131 5155
0 133 6908
0 134 17
0 135 183
0 145 1823
0 151 6408
0 153 6366
0 155 1112
0 160 8528
0 176 520
0 177 7991
0 181 6489
0 187 7507
0 189 1729
0 190 3478
0 198 4951
0 204 5238
1 7 3095
1 9 5350
1 12 2195
1 22 2321
1 26 624
1 28 1326
1 29 1699
1 38 7487
1 40 4161
1 49 3771
1 51 5273
1 60 4513
1 63 4959
1 65 6345
1 75 8069
1 77 9779
1 79 5622
1 80 4138
1 81 7762
1 85 6657
1 87 5070
1 89 3273
1 90 5531
1 95 1736
1 96 6614
1 98 6190
1 99 3761
1 103 1276
1 106 8096
1 107 5855
1 115 4164
1 122 5540
1 128 9376
1 130 5604
1 131 4122
1 134 3388
1 138 6285
1 140 3964
1 141 2636
1 142 1383
1 144 148
1 145 132
1 150 9585
1 152 2783
1 153 7074
1 155 6691
1 158 1797
1 171 1534
1 178 2386
1 181 561
1 182 2803
1 186 6926
1 188 9317
1 191 6528
1 192 4138
1 195 184
1 200 172
1 202 8396
2 6 1228
2 8 5218
2 10 7341
2 11 6855
2 12 7748
2 16 3760
2 17 1633
2 18 6419
2 20 2991
2 24 8483
2 26 9030
2 29 4455
2 31 1455
2 40 3462
2 46 7427
2 51 8328
2 62 8822
2 63 1162
2 72 6644
2 74 9593
2 81 4685
2 83 4995
2 85 4962
2 91 8466
2 92 768
2 93 908
2 99 333
2 100 5056
2 102 3374
2 104 2807
2 105 5656
2 108 3466
2 114 4428
2 116 9835
2 118 2569
2 119 4138
2 123 6619
2 124 9308
2 128 8801
2 129 866
2 131 815
2 132 9327
2 140 7128
2 142 9347
2 143 9782
2 145 2775
2 150 5776
2 153 8932
2 155 3192
2 159 3752
2 162 3542
2 175 1045
2 178 3592
2 187 6019
2 188 219
2 195 498
2 196 1725
2 199 3624
2 200 1684
2 204 1794
2 206 4201
3 4 1358
3 7 8974
3 11 1165
3 16 6299
3 23 5347
3 25 5057
3 32 8531
3 41 1184
3 42 490
3 50 9433
3 52 9966
3 56 1034
3 60 8608
3 77 5010
3 79 5113
3 82 714
3 84 9332
3 91 9339
3 92 338
3 94 1826
3 102 8210
3 103 2079
3 107 2790
3 108 2603
3 110 9708
3 113 4164
3 119 2174
3 122 5719
3 126 2869
3 141 1187
3 146 6075
3 153 2629
3 155 7979
3 168 1710
3 169 9771
3 170 5195
3 173 4074
3 176 5377
3 189 7449
3 196 4141
3 201 7562
3 202 1770
3 205 1737
4 13 4119
4 23 8044
4 24 2284
4 25 2898
4 26 9945
4 32 1374
4 36 8584
4 45 2605
4 49 9903
4 57 7460
4 58 7229
4 72 5983
4 75 2286
4 77 7720
4 87 9815
4 89 2879
4 98 877
4 99 473
4 100 1689
4 103 8328
4 104 1340
4 106 5109
4 115 8625
4 123 8400
4 127 2456
4 138 1836
4 139 6580
4 141 4591
4 155 7125
4 158 5367
4 160 1389
4 162 4441
4 163 3658
4 164 1490
4 166 4821
4 168 7646
4 171 8688
4 195 1266
4 197 4903
4 204 4036
4 206 7556
5 13 7578
5 15 6568
5 32 9546
5 36 2978
5 37 3468
5 38 750
5 41 1440
5 45 6452
5 54 4902
5 55 3356
5 62 6721
5 63 85
5 67 1151
5 72 7457
5 76 7495
5 77 8022
5 79 263
5 88 716
5 95 5312
5 96 680
5 98 2701
5 99 9696
5 110 3173
5 113 7484
5 114 5675
5 115 8688
5 116 7144
5 119 7250
5 120 8231
5 122 5803
5 124 5279
5 132 2321
5 133 4599
5 135 2005
5 144 7529
5 150 6042
5 153 7826
5 157 5663
5 163 8534
5 164 6192
5 165 4302
5 179 3671
5 182 9220
5 183 5667
5 186 2784
5 191 8152
5 195 3482
5 200 9669
5 203 357
5 204 8678
6 10 6655
6 11 1709
6 13 6563
6 16 6302
6 17 3110
6 23 2848
6 25 230
6 39 4600
6 48 8345
6 50 2453
6 56 6259
6 65 4952
6 68 2893
6 72 7587
6 82 8924
6 90 3945
6 93 4439
6 97 2459
6 98 306
6 100 4538
6 102 2750
6 104 9317
6 117 3006
6 123 9944
6 127 7185
6 129 6437
6 133 2651
6 135 8341
6 146 1683
6 161 2190
6 163 8138
6 166 7090
6 169 9811
6 171 9029
6 173 1044
6 181 5872
6 183 2274
6 202 5954
6 205 2957
7 8 4963
7 9 4709
7 12 6737
7 18 4360
7 21 6192
7 23 6856
7 33 645
7 35 2931
7 38 4332
7 43 9687
7 45 3632
7 46 2294
7 48 6205
7 51 751
7 57 5680
7 61 7099
7 62 9862
7 65 4650
7 69 1125
7 70 5591
7 73 3494
7 76 1801
7 77 5356
7 82 3151
7 92 7520
7 101 918
7 105 44
7 115 8904
7 117 4478
7 118 1041
7 119 6454
7 124 2608
7 132 4981
7 134 518
7 143 9280
7 152 2891
7 153 3169
7 155 7690
7 157 1957
7 163 3042
7 166 1398
7 167 2921
7 168 6786
7 171 2307
7 172 9260
7 173 6275
7 181 9202
7 183 7057
7 184 8353
7 186 3426
7 198 2200
7 201 3520
7 205 653
7 206 9412
8 12 7771
8 15 6362
8 17 7764
8 19 1626
8 21 9468
8 25 1633
8 28 1668
8 34 8300
8 36 3715
8 37 6823
8 40 7740
8 42 7403
8 48 5813
8 52 4435
8 58 5931
8 64 4809
8 71 2133
8 74 7931
8 80 7462
8 84 5381
8 85 3520
8 87 865
8 94 2565
8 97 3578
8 98 2736
8 100 653
8 101 7178
8 105 8601
8 107 3736
8 118 2237
8 123 1811
8 127 1281
8 131 5818
8 133 600
8 134 2281
8 135 710
8 146 8899
8 150 4571
8 154 5367
8 155 9913
8 156 9810
8 162 2928
8 166 5985
8 174 73
8 175 5494
8 181 7201
8 188 4179
8 189 9753
8 194 451
8 198 4520
8 204 9491
9 16 3447
9 20 2864
9 23 760
9 24 1488
9 28 5672
9 32 466
9 35 9456
9 42 2315
9 43 8531
9 46 966
9 47 8908
9 52 4483
9 53 2220
9 58 2733
9 59 7686
9 62 1970
9 64 5628
9 65 927
9 66 5588
9 69 4499
9 70 2057
9 71 2901
9 78 5882
9 81 8220
9 90 8699
9 91 4705
9 92 4290
9 99 5078
9 102 9269
9 108 6909
9 113 1051
9 116 8979
9 118 8523
9 120 8664
9 123 9410
9 125 2280
9 126 8681
9 140 4098
9 141 1275
9 143 3314
9 150 9163
9 152 3968
9 155 3836
9 158 8146
9 163 7064
9 167 7620
9 182 4371
9 189 8901
9 190 1331
9 193 935
9 198 6165
9 204 8142
10 11 9879
10 13 5036
10 16 7142
10 25 7072
10 26 2463
10 37 9720
10 41 8938
10 47 599
10 49 648
10 53 5552
10 70 1361
10 87 8099
10 103 7097
10 111 3203
10 114 9231
10 115 6120
10 121 1092
10 123 3144
10 124 7169
10 125 2254
10 127 4290
10 128 614
10 132 610
10 133 9159
10 135 6431
10 139 8408
10 141 8186
10 142 8219
10 143 3599
10 148 8433
10 149 868
10 151 4844
10 161 2562
10 164 4399
10 169 8847
10 176 1361
10 182 5164
10 183 2536
10 185 9855
10 187 445
10 189 8872
10 193 5632
10 199 7153
10 200 8041
10 204 4991
11 13 1578
11 14 8040
11 15 4420
11 23 7074
11 29 3705
11 35 9447
11 43 1992
11 44 1297
11 50 5576
11 52 4094
11 55 7057
11 57 8670
11 69 7487
11 70 7627
11 72 3013
11 74 5488
11 80 200
11 81 1367
11 87 4601
11 90 2014
11 91 3798
11 103 1444
11 104 4727
11 105 9745
11 106 2647
11 109 2214
11 116 3375
11 118 5098
11 123 5724
11 124 8405
11 131 9745
11 133 5849
11 137 2175
11 138 9712
11 139 3693
11 140 3784
11 141 8710
11 142 1277
11 144 6521
11 154 3433
11 157 7174
11 165 5225
11 171 1979
11 173 5084
11 174 7843
11 175 8194
11 176 4669
11 178 555
11 181 5800
11 184 7700
11 187 4449
11 190 2267
11 194 2531
11 202 4410
12 13 4288
12 15 3922
12 20 5332
12 21 1734
12 23 4599
12 29 8912
12 32 2849
12 33 7184
12 38 8632
12 39 9132
12 51 3321
12 58 7454
12 63 9858
12 69 8473
12 70 9579
12 73 9045
12 76 6252
12 79 1526
12 81 3168
12 84 708
12 85 6841
12 87 6042
12 88 7356
12 94 5083
12 104 707
12 110 3023
12 116 4471
12 117 8077
12 119 2933
12 121 5325
12 123 772
12 124 5012
12 126 2437
12 127 2230
12 130 5122
12 135 16
12 136 7925
12 138 280
12 152 103
12 154 4391
12 157 5188
12 161 2712
12 164 5552
12 169 9989
12 175 4657
12 179 7753
12 183 4823
12 184 9
12 187 5695
12 189 264
12 195 5588
12 197 9920
12 198 1881
12 202 8984
13 15 3388
13 16 5660
13 18 6960
13 19 7777
13 22 4931
13 24 3719
13 30 2133
13 33 6761
13 37 5310
13 45 2245
13 48 6632
13 50 4073
13 51 3531
13 58 388
13 59 7502
13 69 4938
13 71 4845
13 75 9562
13 77 2441
13 79 5041
13 86 8960
13 88 5199
13 91 7578
13 95 2574
13 101 8503
13 106 2064
13 107 6012
13 109 2560
13 110 511
13 115 5654
13 116 2868
13 131 9724
13 133 8869
13 144 92
13 152 6494
13 155 3728
13 156 9064
13 159 8390
13 162 9387
13 171 834
13 172 3308
13 179 8672
13 183 9949
13 184 2930
13 186 106
13 192 3038
13 200 9563
13 203 6239
13 204 8565
14 15 1361
14 17 3212
14 18 3299
14 23 2723
14 27 7697
14 35 7595
14 43 3189
14 45 4087
14 46 1261
14 48 9198
14 49 5362
14 57 4369
14 58 7300
14 63 8478
14 70 4564
14 79 3694
14 88 2388
14 89 2543
14 95 145
14 96 7766
14 99 9109
14 102 3940
14 105 2137
14 111 204
14 113 7405
14 117 5209
14 121 6558
14 129 9413
14 132 3138
14 135 591
14 136 7814
14 142 9788
14 150 4676
14 156 4520
14 164 6987
14 167 9394
14 181 4974
14 182 1893
14 184 3205
14 185 6156
14 189 693
14 190 7989
14 191 5419
14 193 6118
14 196 4607
14 198 4372
14 200 2056
14 203 327
15 17 8982
15 27 3121
15 44 6465
15 48 120
15 49 1852
15 51 4072
15 56 9625
15 57 9606
15 62 9978
15 71 1178
15 74 5783
15 82 1466
15 86 6512
15 87 2229
15 93 6925
15 96 5885
15 98 417
15 101 1171
15 106 6937
15 116 4518
15 118 657
15 119 4602
15 125 8182
15 134 1247
15 139 2636
15 141 3378
15 144 2199
15 146 3336
15 157 738
15 159 3935
15 161 7309
15 162 8378
15 163 5886
15 167 3346
15 171 1038
15 172 40
15 176 2914
15 178 7876
15 180 1439
15 184 951
15 190 2624
15 191 1902
15 198 6886
15 203 2884
15 204 5839
15 206 2503
16 26 673
16 28 2257
16 38 6313
16 40 4686
16 46 6894
16 48 1448
16 49 2023
16 51 8225
16 53 5814
16 61 3411
16 64 2029
16 70 7325
16 72 5432
16 74 459
16 78 6093
16 79 9500
16 80 9191
16 82 1107
16 88 4504
16 98 3186
16 99 7832
16 110 7454
16 114 3918
16 120 9866
16 121 6027
16 131 1560
16 132 7869
16 140 4138
16 142 1030
16 143 6384
16 147 3265
16 154 313
16 160 9502
16 164 4870
16 170 866
16 173 8590
16 174 3085
16 177 4614
16 179 5712
16 182 7708
16 183 9907
16 185 3637
16 193 5962
16 197 9730
17 24 8730
17 25 7555
17 29 5133
17 31 9109
17 36 4761
17 37 6587
17 38 4729
17 40 7286
17 44 1536
17 48 9873
17 51 5577
17 53 2372
17 60 9737
17 61 8363
17 77 4964
17 84 6380
17 92 1437
17 94 1657
17 114 393
17 120 4783
17 121 2850
17 126 1011
17 128 3763
17 129 5429
17 130 6389
17 132 6439
17 136 6778
17 143 8954
17 147 2261
17 148 312
17 153 4086
17 157 3243
17 163 2977
17 166 3253
17 167 2989
17 168 5227
17 174 5480
17 175 2073
17 184 1643
17 185 617
17 186 1964
17 191 4286
17 192 7275
17 194 7482
17 200 3392
17 202 7628
18 24 6248
18 45 8240
18 47 2286
18 52 5236
18 64 3574
18 65 728
18 77 4092
18 80 5438
18 82 9111
18 88 8843
18 90 6979
18 97 3789
18 100 7909
18 105 2760
18 106 5155
18 109 1671
18 117 8689
18 119 7094
18 120 7890
18 127 1535
18 129 7325
18 140 7359
18 141 1076
18 159 7355
18 160 4377
18 164 2558
18 165 2355
18 169 9752
18 171 6089
18 172 8605
18 175 6383
18 177 4345
18 179 8321
18 182 8159
18 187 6626
18 191 2378
18 192 2622
18 193 3031
18 201 7540
19 23 2231
19 27 3707
19 29 8416
19 30 5624
19 31 8612
19 39 5729
19 41 3357
19 43 1007
19 51 9252
19 64 5171
19 65 3456
19 68 69
19 70 2463
19 75 4500
19 88 4801
19 93 7869
19 94 4256
19 95 7362
19 105 5024
19 108 2941
19 109 6241
19 116 8321
19 117 1745
19 119 4817
19 120 468
19 121 7966
19 122 5130
19 124 6053
19 128 1923
19 141 4975
19 144 4092
19 150 7144
19 154 6417
19 156 8427
19 168 3212
19 182 9992
19 184 7806
19 190 1743
19 192 4290
19 193 2374
19 200 2987
19 201 8793
19 203 2594
20 23 4123
20 28 3427
20 33 7171
20 36 5160
20 39 2699
20 40 6436
20 47 4371
20 53 7862
20 54 8589
20 56 5205
20 61 3382
20 68 1112
20 76 9151
20 81 7141
20 83 3647
20 86 8688
20 94 3454
20 112 1368
20 113 981
20 114 2831
20 115 7303
20 122 7913
20 126 673
20 127 4386
20 129 168
20 130 259
20 137 4883
20 139 7306
20 144 7438
20 147 8208
20 148 803
20 152 6105
20 155 1782
20 159 3538
20 160 6200
20 162 8480
20 166 8845
20 172 6079
20 173 6055
20 175 8882
20 176 3973
20 179 5102
20 181 3683
20 186 1640
20 188 6912
20 190 180
20 197 2561
20 200 965
20 202 2017
21 26 3097
21 30 4326
21 33 2288
21 34 4921
21 37 1020
21 41 171
21 49 3239
21 52 3466
21 63 8006
21 65 3011
21 66 335
21 75 1456
21 76 4247
21 77 4127
21 81 4104
21 84 4531
21 85 4258
21 87 4001
21 89 9526
21 91 2242
21 96 634
21 103 3023
21 114 964
21 115 8541
21 117 244
21 120 9880
21 124 4034
21 126 9617
21 127 5775
21 128 1615
21 132 5789
21 141 696
21 142 5883
21 146 1264
21 152 9227
21 158 8419
21 181 9491
21 184 4219
21 185 9206
21 188 3221
21 193 5145
21 194 638
21 195 9100
21 197 1851
21 206 4371
22 27 4266
22 29 8053
22 31 8334
22 40 6084
22 49 9432
22 50 9468
22 53 1547
22 58 8560
22 65 8794
22 67 5493
22 72 2162
22 75 5133
22 78 7492
22 79 5544
22 82 4014
22 83 4939
22 97 77
22 98 2121
22 104 2653
22 108 1815
22 113 2979
22 127 6699
22 129 5025
22 133 647
22 143 2820
22 147 3426
22 150 7313
22 155 8586
22 156 164
22 159 2431
22 162 8309
22 163 6838
22 164 8476
22 165 3665
22 177 4917
22 178 2125
22 179 7501
22 183 1132
22 185 1329
22 189 4146
22 191 2859
22 197 7899
22 198 9165
22 202 3957
23 24 1401
23 26 902
23 28 6637
23 30 8957
23 34 5874
23 36 7866
23 38 5718
23 39 9351
23 42 3420
23 48 5373
23 49 4213
23 51 9882
23 56 323
23 60 5860
23 63 7079
23 67 9049
23 70 713
23 76 3164
23 79 5286
23 82 4944
23 85 7261
23 90 4081
23 94 1221
23 95 5606
23 100 8229
23 101 1913
23 109 7746
23 110 9604
23 117 4913
23 125 6634
23 128 4291
23 131 2682
23 134 1591
23 136 2869
23 138 9138
23 144 6058
23 147 4815
23 150 6838
23 152 5854
23 153 7081
23 155 2967
23 164 4990
23 165 3240
23 168 5350
23 170 1848
23 172 5161
23 174 2638
23 178 7910
23 186 4914
23 188 5683
23 193 2243
23 195 4874
23 202 1890
24 25 1843
24 29 4388
24 35 2654
24 37 3549
24 40 4754
24 46 8368
24 53 427
24 55 1095
24 59 2545
24 61 7691
24 65 1239
24 67 9681
24 68 9447
24 69 7070
24 83 817
24 99 8460
24 111 7513
24 115 9424
24 116 5443
24 121 6772
24 122 9165
24 123 8010
24 125 6870
24 132 6595
24 140 8998
24 142 408
24 143 4207
24 147 4668
24 149 4282
24 157 9469
24 160 6447
24 162 3392
24 163 7490
24 165 5327
24 169 2271
24 173 4700
24 175 8008
24 180 48
24 187 3798
24 192 1195
24 193 8706
24 202 5326
25 28 3232
25 29 2889
25 34 6236
25 37 9008
25 40 3942
25 49 110
25 52 5484
25 53 369
25 57 1607
25 60 9819
25 64 5560
25 68 5675
25 72 5029
25 73 9351
25 74 5389
25 75 2674
25 83 6693
25 93 4808
25 94 9929
25 101 8731
25 105 7848
25 107 6162
25 112 9161
25 113 4845
25 121 4445
25 122 2267
25 126 1652
25 127 6595
25 133 2332
25 136 3014
25 139 4098
25 147 4643
25 151 3470
25 159 7267
25 161 4598
25 167 83
25 170 8113
25 172 7538
25 174 564
25 177 1073
25 184 5251
25 188 7416
25 196 3879
25 199 9895
25 200 6227
25 201 8847
26 29 7078
26 31 937
26 44 2431
26 47 403
26 51 5778
26 53 9805
26 69 7118
26 71 5553
26 73 5104
26 79 8558
26 82 8248
26 88 4512
26 90 1783
26 92 6035
26 95 1890
26 99 2397
26 100 9055
26 106 1121
26 109 748
26 118 4078
26 119 8297
26 131 3357
26 132 6565
26 134 7380
26 140 9425
26 144 8667
26 147 4761
26 153 6345
26 158 222
26 165 9428
26 169 8390
26 170 2618
26 174 2346
26 175 9359
26 180 3957
26 183 9109
26 184 2409
26 189 6556
26 195 882
26 197 4174
26 201 9903
26 202 765
27 29 770
27 33 1225
27 35 9357
27 41 3696
27 44 8268
27 45 8980
27 48 3610
27 53 2872
27 54 3901
27 55 8867
27 56 3020
27 69 5752
27 71 4392
27 73 1537
27 75 8738
27 77 8514
27 82 7776
27 88 9149
27 95 2142
27 98 6500
27 100 9188
27 101 7835
27 102 9039
27 104 9083
27 111 7463
27 114 3032
27 117 394
27 119 6827
27 125 1791
27 131 8775
27 132 5741
27 135 305
27 142 9840
27 149 7206
27 150 5443
27 161 6697
27 163 6718
27 164 8761
27 165 242
27 169 5106
27 177 4285
27 180 6308
27 181 6659
27 192 803
27 193 676
27 194 4267
27 197 7122
27 200 4350
27 201 8434
27 205 2564
28 32 6256
28 38 1679
28 46 8241
28 48 5054
28 50 4760
28 52 7234
28 56 1910
28 57 9671
28 59 7666
28 62 4362
28 63 2762
28 65 5412
28 71 8738
28 81 650
28 91 292
28 93 6065
28 105 456
28 109 77
28 116 658
28 118 1790
28 119 4469
28 121 5630
28 123 9607
28 141 1869
28 147 5456
28 151 4377
28 153 3937
28 154 5724
28 155 5527
28 156 7299
28 158 4550
28 161 2754
28 165 2305
28 174 6446
28 176 9087
28 180 4381
28 184 7867
28 185 1507
28 191 736
28 202 6330
29 31 2763
29 34 7568
29 36 125
29 41 6784
29 44 1386
29 50 8549
29 54 5087
29 58 2008
29 60 3429
29 63 7202
29 67 7574
29 71 7791
29 77 1294
29 78 5483
29 86 5277
29 91 7259
29 101 560
29 104 5379
29 105 5743
29 107 9661
29 117 1186
29 120 4479
29 130 4430
29 131 145
29 138 4270
29 140 831
29 148 3188
29 149 2505
29 150 1025
29 158 4513
29 159 6960
29 167 340
29 168 6387
29 174 5878
29 182 5905
29 184 1711
29 188 5547
29 189 2749
29 190 345
29 196 7366
29 201 4086
29 204 5435
29 206 567
30 31 8839
30 41 3811
30 43 2585
30 44 8556
30 45 4462
30 46 8443
30 51 8093
30 55 1042
30 56 3416
30 57 1279
30 59 9907
30 61 4606
30 63 7902
30 65 6057
30 77 7661
30 79 7816
30 90 9240
30 97 2147
30 101 8934
30 105 8122
30 106 6596
30 116 8862
30 121 9817
30 125 7282
30 126 3724
30 131 1325
30 132 8754
30 137 1882
30 141 8577
30 145 410
30 148 2883
30 149 9260
30 159 9181
30 163 3943
30 164 8725
30 175 5397
30 178 4974
30 186 2938
30 197 752
30 206 2981
31 41 9914
31 47 8786
31 48 9159
31 51 2237
31 53 212
31 54 2390
31 55 1236
31 59 8657
31 62 5923
31 65 6455
31 67 4672
31 68 8724
31 71 9363
31 73 1596
31 74 6853
31 75 1790
31 78 8802
31 80 7449
31 89 1066
31 97 4440
31 104 638
31 107 1163
31 114 5150
31 117 3491
31 119 4061
31 122 5201
31 125 9635
31 128 9381
31 129 7128
31 131 5437
31 134 6054
31 136 8555
31 139 4112
31 141 8873
31 143 1533
31 146 1407
31 149 4370
31 158 9415
31 160 2857
31 161 9
31 165 144
31 170 6334
31 176 74
31 179 6668
31 180 140
31 184 2894
31 189 7431
31 193 338
32 34 8092
32 36 9576
32 39 7485
32 45 9929
32 48 6193
32 52 630
32 53 1493
32 56 7693
32 58 9946
32 72 512
32 73 6810
32 76 9038
32 80 3483
32 87 3900
32 92 5144
32 95 3505
32 96 6787
32 99 1807
32 102 4291
32 103 2204
32 104 3382
32 105 6601
32 110 7871
32 117 7386
32 119 8625
32 123 6241
32 128 7022
32 131 9222
32 134 1719
32 138 8388
32 145 9151
32 153 3408
32 154 6110
32 155 7440
32 157 5732
32 159 7627
32 168 9956
32 170 5072
32 179 3588
32 185 6643
32 191 1459
32 193 1612
32 195 8220
32 196 3553
32 197 1159
32 201 8074
32 202 2375
33 34 9247
33 38 6902
33 43 6775
33 44 2428
33 45 2756
33 46 8389
33 47 4669
33 50 7291
33 52 6206
33 53 5988
33 59 9894
33 64 4994
33 82 4101
33 88 9526
33 97 3059
33 99 4180
33 104 9686
33 106 9108
33 112 9363
33 120 684
33 122 1236
33 127 1797
33 139 2449
33 149 5284
33 155 7751
33 160 1255
33 161 1645
33 169 6822
33 176 1516
33 184 319
33 185 8389
33 193 3225
33 198 4067
33 203 3081
34 38 5833
34 40 9182
34 53 8633
34 55 8460
34 57 9443
34 67 5203
34 68 9737
34 78 9403
34 86 72
34 94 9161
34 98 8412
34 103 5646
34 115 2513
34 116 6247
34 120 8564
34 121 8587
34 129 113
34 132 1325
34 134 4195
34 136 937
34 138 9652
34 139 5208
34 140 8950
34 143 1927
34 155 4215
34 160 5863
34 168 565
34 173 6344
34 181 3001
34 185 1057
34 192 3310
34 193 6572
34 196 1476
34 205 4452
35 38 3162
35 41 1910
35 44 8906
35 51 8242
35 54 3373
35 63 2301
35 67 3147
35 77 1211
35 79 3838
35 80 3975
35 86 5933
35 91 7284
35 92 5213
35 93 9825
35 98 6942
35 100 5714
35 110 6050
35 111 2596
35 117 4899
35 121 4052
35 126 7080
35 139 834
35 140 9498
35 144 2481
35 149 1331
35 151 4075
35 156 3269
35 160 5896
35 164 8793
35 168 9035
35 170 6917
35 171 4418
35 173 9008
35 185 7515
35 188 938
35 192 6802
35 193 3190
35 201 1297
35 203 9953
35 204 1486
36 37 8667
36 43 447
36 44 9779
36 49 43
36 50 4125
36 53 6086
36 54 9832
36 59 9189
36 61 6842
36 73 8376
36 74 3124
36 76 3149
36 84 6802
36 90 5852
36 91 483
36 92 995
36 93 6432
36 95 6084
36 98 8000
36 100 9623
36 101 9443
36 102 507
36 113 8851
36 114 8469
36 118 7246
36 120 4850
36 123 9574
36 124 2741
36 127 3631
36 128 9025
36 130 5022
36 136 2676
36 139 8337
36 146 3911
36 147 9979
36 152 2946
36 161 4488
36 165 8042
36 179 2038
36 189 7447
37 55 8293
37 60 7138
37 61 555
37 63 72
37 65 1230
37 66 1996
37 74 3321
37 75 2147
37 77 9507
37 90 2303
37 93 3631
37 100 1468
37 101 9269
37 107 4697
37 112 3380
37 117 9447
37 120 8235
37 121 4081
37 123 7639
37 133 6185
37 140 9274
37 141 3535
37 148 2460
37 149 2310
37 150 8205
37 152 9041
37 155 1915
37 160 1393
37 162 9817
37 169 1890
37 170 6987
37 172 9212
37 173 9365
37 177 3319
37 184 4526
37 187 2752
37 189 2854
37 197 5522
38 39 3111
38 43 6245
38 44 5731
38 45 7558
38 49 7306
38 52 3065
38 57 2327
38 60 1637
38 61 1657
38 77 2574
38 79 1585
38 107 5972
38 110 3310
38 112 3248
38 115 6967
38 127 3426
38 131 7698
38 133 5646
38 140 3418
38 141 1620
38 147 8525
38 148 3236
38 149 1544
38 152 5353
38 153 8073
38 155 7197
38 162 4891
38 171 4105
38 177 6518
38 183 6473
38 188 1898
38 202 9088
38 205 4572
39 41 8777
39 45 4962
39 52 7795
39 56 8787
39 57 3226
39 61 8349
39 63 1686
39 65 6161
39 67 2618
39 70 2576
39 71 9196
39 73 4517
39 74 8067
39 75 7906
39 76 684
39 77 3729
39 79 8481
39 87 4720
39 89 8313
39 93 4896
39 99 9657
39 100 5410
39 101 972
39 105 9351
39 108 5058
39 109 518
39 110 3026
39 111 1513
39 114 1988
39 118 7522
39 120 2812
39 121 8311
39 123 6356
39 124 9251
39 125 6391
39 128 9960
39 130 7954
39 138 2323
39 140 3936
39 143 7456
39 145 1703
39 158 7285
39 159 8723
39 163 5120
39 173 8047
39 197 5775
39 198 6726
40 44 867
40 46 5240
40 49 4130
40 56 1878
40 65 4613
40 68 7974
40 81 10000
40 82 8878
40 83 4481
40 85 8886
40 89 3921
40 99 3259
40 102 8996
40 105 2488
40 114 5348
40 115 6325
40 119 5970
40 123 3984
40 128 1275
40 136 9209
40 137 5658
40 138 3781
40 150 7837
40 152 8108
40 153 3273
40 174 9726
40 175 7630
40 176 2291
40 178 6357
40 183 5335
40 194 3930
40 195 2365
41 42 8764
41 43 6464
41 50 9622
41 53 7358
41 54 9305
41 55 2166
41 56 7875
41 59 8830
41 63 2319
41 65 6722
41 66 5623
41 71 2014
41 74 2184
41 84 700
41 88 5552
41 89 5689
41 92 7689
41 99 8917
41 103 9454
41 107 7496
41 108 3565
41 112 5201
41 113 7526
41 114 5122
41 116 1141
41 138 255
41 140 5976
41 149 9159
41 156 484
41 159 7554
41 163 8832
41 166 9015
41 170 1850
41 171 6983
41 172 4806
41 174 6058
41 179 6505
41 183 9737
41 186 5414
41 187 9209
41 198 7126
41 200 5602
41 201 3269
41 206 4395
42 43 104
42 44 4315
42 47 1688
42 51 9258
42 56 3710
42 58 4226
42 61 4316
42 64 7660
42 65 9179
42 82 704
42 84 3470
42 87 6531
42 98 6235
42 103 9232
42 106 7574
42 108 3261
42 109 7008
42 111 2489
42 119 3384
42 125 7969
42 128 2708
42 130 3729
42 131 3892
42 132 1885
42 133 71
42 136 4419
42 139 3854
42 142 9765
42 158 428
42 162 8066
42 166 1681
42 169 4540
42 173 8694
42 176 6506
42 191 2210
42 194 9954
42 195 3612
42 199 9655
42 201 9990
42 202 9368
42 205 6464
43 44 8534
43 50 2714
43 55 5184
43 57 6007
43 63 1042
43 65 3169
43 66 3327
43 73 9037
43 85 9418
43 87 7833
43 90 6408
43 96 4515
43 111 8166
43 112 2955
43 113 5338
43 115 9704
43 117 4449
43 119 5384
43 122 6102
43 127 2553
43 128 5754
43 129 9077
43 135 1689
43 138 8610
43 144 6975
43 145 8773
43 151 7335
43 156 2091
43 164 8880
43 166 5494
43 170 8902
43 183 3235
43 184 7837
43 186 9827
43 192 9804
43 193 2419
43 194 7780
43 195 484
43 203 7894
43 204 5694
43 205 552
43 206 7006
44 51 2857
44 52 9672
44 54 4803
44 63 1151
44 64 9697
44 66 3708
44 67 8734
44 73 4605
44 79 8623
44 83 3268
44 89 9655
44 102 9064
44 112 6196
44 113 9047
44 118 1513
44 119 1545
44 120 7767
44 125 3046
44 126 8535
44 127 6054
44 136 2958
44 137 1440
44 148 5892
44 150 2758
44 151 4205
44 154 7528
44 156 8146
44 157 665
44 172 1420
44 179 6574
44 183 8282
44 185 8878
44 186 8530
44 189 4593
44 192 357
44 194 8615
44 196 2828
44 197 6858
44 200 7193
44 204 2195
44 205 112
45 46 8171
45 47 9816
45 58 2954
45 63 7579
45 67 1199
45 71 8950
45 73 6798
45 74 5463
45 77 1761
45 78 5353
45 85 7634
45 97 9742
45 100 2483
45 102 4379
45 105 2278
45 120 166
45 124 7424
45 127 8590
45 130 7845
45 133 986
45 135 7512
45 140 743
45 143 1727
45 162 690
45 164 5516
45 167 3081
45 170 3962
45 174 869
45 176 8711
45 177 5200
45 178 1310
45 181 2615
45 182 9745
45 184 6174
45 185 2824
45 190 116
45 196 3722
45 202 9366
45 205 722
46 47 7869
46 55 1100
46 57 1768
46 59 9074
46 60 506
46 61 4453
46 63 7032
46 67 5381
46 68 3516
46 70 1070
46 76 2517
46 77 8841
46 85 8633
46 86 9854
46 98 7027
46 100 2899
46 109 4168
46 116 8336
46 119 2314
46 120 1008
46 124 7052
46 125 8010
46 127 8225
46 128 3979
46 131 7290
46 133 4984
46 135 6153
46 138 4007
46 139 9110
46 141 6326
46 142 6789
46 148 5881
46 151 9694
46 155 5385
46 159 2697
46 160 1239
46 163 1634
46 169 2209
46 172 3703
46 177 8635
46 190 4230
46 192 9378
46 195 8471
46 202 6581
47 50 7813
47 56 7353
47 58 5546
47 60 9453
47 62 3314
47 66 7772
47 69 2555
47 74 2051
47 75 4761
47 77 9690
47 89 4409
47 94 6401
47 97 8701
47 107 136
47 117 2134
47 119 3168
47 127 9948
47 130 4731
47 133 9106
47 138 540
47 140 6717
47 149 1748
47 158 4054
47 159 5245
47 172 4935
47 175 5577
47 177 9818
47 179 6654
47 180 3669
47 184 8865
47 185 9622
47 186 1792
47 188 6784
47 192 7166
47 193 6671
47 195 7802
47 205 946
48 52 1917
48 53 6986
48 59 9978
48 62 5063
48 63 552
48 66 9472
48 67 8614
48 71 8702
48 72 1640
48 73 5010
48 74 9869
48 82 6725
48 87 8140
48 91 2257
48 97 2402
48 102 5999
48 103 1413
48 108 6354
48 109 9919
48 112 756
48 113 8259
48 115 8357
48 118 2402
48 121 1573
48 122 1774
48 123 1135
48 134 945
48 135 7801
48 138 5006
48 140 4129
48 142 2936
48 150 5514
48 155 5819
48 157 1406
48 158 3276
48 165 767
48 180 381
48 183 4686
48 189 3708
48 193 1749
48 199 8100
48 200 992
48 206 7568
49 51 8926
49 63 141
49 66 6546
49 68 1131
49 71 7307
49 72 3983
49 73 9611
49 78 2179
49 81 6081
49 83 5457
49 84 1293
49 86 4849
49 87 8548
49 89 6971
49 90 6937
49 102 4340
49 112 6891
49 114 3372
49 118 5681
49 121 1072
49 131 3535
49 134 2089
49 137 7729
49 151 9310
49 162 3811
49 164 5399
49 168 6072
49 169 6642
49 179 9821
49 186 9191
49 191 7621
49 204 4220
50 53 4387
50 66 3177
50 71 4149
50 76 6536
50 77 3600
50 87 2435
50 93 9018
50 100 141
50 109 3212
50 111 2942
50 113 7866
50 114 5993
50 115 2728
50 122 3927
50 123 1925
50 126 4115
50 133 4563
50 134 8886
50 135 6070
50 138 5997
50 139 2786
50 164 3323
50 173 4212
50 175 240
50 178 7409
50 182 6820
50 191 7591
50 193 1648
50 194 3662
50 195 5144
51 55 4598
51 60 249
51 75 7134
51 81 5316
51 92 8392
51 93 8522
51 104 4879
51 105 5477
51 107 7958
51 108 6661
51 110 3763
51 112 8819
51 113 5400
51 117 165
51 122 4496
51 126 1711
51 129 2097
51 130 3947
51 131 3110
51 132 4497
51 133 1782
51 135 1101
51 137 4403
51 140 8507
51 141 9344
51 142 1413
51 143 3264
51 147 8461
51 154 8652
51 155 6654
51 161 5089
51 162 9692
51 166 5622
51 170 539
51 173 64
51 174 5987
51 179 2734
51 184 9636
51 190 5425
51 193 4949
51 197 184
51 201 5086
51 203 6352
51 204 2490
51 206 526
52 57 341
52 61 2393
52 63 104
52 64 3984
52 67 1586
52 69 5582
52 72 1868
52 75 6226
52 76 8563
52 78 7819
52 95 3829
52 99 961
52 101 6837
52 102 5066
52 104 1591
52 108 4886
52 109 6076
52 118 6592
52 120 1738
52 122 4375
52 128 9226
52 132 5478
52 133 4377
52 134 20
52 135 2234
52 138 6968
52 146 7844
52 158 4635
52 161 9794
52 168 356
52 169 931
52 171 229
52 173 1105
52 175 8643
52 178 3583
52 180 291
52 182 6604
52 186 4821
52 187 2495
52 190 5741
52 193 1536
52 194 2083
52 196 9567
52 202 4843
53 57 2915
53 58 9050
53 62 8781
53 63 88
53 64 7163
53 65 1013
53 70 298
53 76 4554
53 84 1600
53 95 4908
53 96 2317
53 98 3575
53 101 6626
53 103 2317
53 104 1580
53 110 5125
53 113 4028
53 121 4504
53 123 8955
53 124 3220
53 125 8253
53 128 795
53 133 5341
53 135 8116
53 143 7952
53 146 4075
53 147 8082
53 149 373
53 152 8739
53 153 4202
53 158 3943
53 159 9074
53 168 9565
53 172 2617
53 173 5371
53 174 1759
53 183 3253
53 189 5124
53 197 103
53 198 2243
53 205 7520
53 206 3783
54 58 7177
54 60 7064
54 68 5837
54 69 2944
54 71 7677
54 75 124
54 76 3036
54 85 2222
54 90 852
54 91 8579
54 92 7718
54 96 4308
54 99 9333
54 101 9609
54 102 7718
54 106 702
54 109 7838
54 111 3234
54 112 6554
54 115 8004
54 119 1799
54 126 6158
54 127 760
54 128 8626
54 129 6574
54 136 7384
54 140 5504
54 149 1973
54 164 6377
54 170 1657
54 171 7925
54 172 9999
54 174 5461
54 175 6318
54 182 5236
54 184 4077
54 185 6286
54 187 397
54 190 8202
54 192 8658
54 206 6779
55 56 1050
55 59 7433
55 61 794
55 63 7913
55 68 3483
55 70 3822
55 78 5467
55 81 6317
55 84 3361
55 88 9331
55 95 3538
55 96 7674
55 97 9507
55 98 4186
55 102 1077
55 103 4445
55 111 3408
55 112 1826
55 119 2362
55 121 4683
55 122 2233
55 123 165
55 125 9475
55 129 2030
55 130 2327
55 131 6364
55 132 7493
55 134 569
55 137 7291
55 141 5138
55 142 5977
55 144 6605
55 146 7322
55 148 3829
55 153 8413
55 154 3146
55 157 785
55 162 1143
55 175 6970
55 183 8457
55 186 2634
55 187 2562
55 193 29
55 194 5798
55 198 1084
55 201 5933
55 203 8601
56 57 2359
56 63 7469
56 64 6606
56 72 1933
56 73 315
56 82 7011
56 84 4697
56 90 2129
56 95 6494
56 101 9514
56 103 9912
56 105 5957
56 122 4590
56 124 6186
56 127 2230
56 128 8964
56 134 994
56 138 973
56 142 4578
56 143 3431
56 145 8820
56 150 1864
56 157 9203
56 158 9312
56 170 4698
56 175 8304
56 176 8314
56 179 7505
56 184 8451
56 189 9184
56 190 5175
56 191 4131
56 192 3159
56 194 4257
56 195 8600
56 199 8013
57 70 3145
57 74 2372
57 84 8761
57 85 8461
57 93 5075
57 101 9416
57 102 5474
57 108 8390
57 117 5049
57 120 3771
57 121 6819
57 123 6543
57 136 5353
57 138 5053
57 139 2073
57 141 29
57 157 2178
57 161 664
57 162 5026
57 164 6503
57 167 2905
57 170 784
57 171 712
57 172 9341
57 174 1246
57 181 2711
57 185 433
57 187 6297
57 188 8803
57 191 4853
57 193 8142
57 199 1937
57 201 8443
57 202 8730
57 203 4613
57 205 1055
58 61 5613
58 64 4483
58 70 5982
58 78 1713
58 83 4408
58 84 1916
58 85 5793
58 90 1966
58 96 3900
58 99 7087
58 103 7333
58 104 8415
58 105 4631
58 106 9174
58 107 6818
58 110 4565
58 113 1906
58 114 2990
58 116 6828
58 117 3041
58 118 6429
58 119 1690
58 132 5662
58 143 2768
58 149 1901
58 151 7073
58 152 2901
58 166 9764
58 168 8464
58 169 7573
58 172 2687
58 176 3442
58 178 4374
58 181 3428
58 182 5572
58 183 8078
58 187 4693
58 201 8242
58 202 6744
59 68 7742
59 70 712
59 71 9859
59 83 9205
59 89 7911
59 91 9096
59 92 61
59 95 8742
59 97 479
59 110 6555
59 113 2730
59 118 9866
59 122 9272
59 126 2427
59 128 5076
59 129 668
59 131 6283
59 133 6541
59 134 4111
59 135 4354
59 136 3115
59 137 7252
59 138 9624
59 139 2506
59 141 8423
59 148 8170
59 150 7076
59 154 5983
59 156 2187
59 161 1537
59 163 4295
59 165 3298
59 169 8292
59 170 9858
59 172 5238
59 174 1708
59 179 8082
59 184 4252
59 187 8276
59 200 2539
59 201 6154
59 202 529
59 203 6621
59 205 7396
59 206 9155
60 67 7719
60 69 1241
60 71 7777
60 73 9332
60 76 2803
60 79 911
60 83 3967
60 85 3485
60 87 8600
60 94 2116
60 98 8801
60 100 4248
60 101 2423
60 112 3947
60 114 7802
60 118 1966
60 124 1091
60 125 7367
60 127 4867
60 128 7464
60 130 7679
60 137 2233
60 145 9117
60 146 4838
60 153 9155
60 157 144
60 163 6246
60 170 8762
60 171 379
60 172 8377
60 183 462
60 184 7647
60 186 6891
60 189 2594
60 197 6677
60 200 9497
60 201 3418
61 63 8905
61 65 4780
61 67 7126
61 70 8787
61 73 7930
61 78 6803
61 80 5816
61 85 7437
61 86 7062
61 87 8635
61 91 2831
61 95 8441
61 103 7835
61 104 3516
61 113 2228
61 114 1680
61 115 8167
61 121 13
61 125 3635
61 135 9702
61 145 3247
61 146 4746
61 147 9455
61 155 5549
61 156 581
61 163 8692
61 165 2636
61 166 7771
61 168 4815
61 178 3101
61 179 7832
61 182 8498
61 185 6694
61 191 9565
61 195 4771
61 197 9042
61 199 9712
61 204 9364
61 205 5533
62 63 8722
62 70 5134
62 73 7735
62 79 8049
62 83 7602
62 87 7201
62 89 3926
62 99 3208
62 103 7152
62 105 7498
62 106 1015
62 115 2097
62 117 4280
62 122 5372
62 131 7345
62 133 721
62 139 2931
62 140 6742
62 142 8602
62 154 6367
62 155 1360
62 164 3792
62 165 2363
62 167 9285
62 172 2949
62 176 6653
62 178 3506
62 181 5059
62 194 6972
62 197 8278
62 199 5175
62 201 6024
63 65 4278
63 68 2634
63 71 5219
63 75 5843
63 80 8753
63 84 2568
63 87 9343
63 96 1043
63 99 2918
63 116 3935
63 118 4329
63 139 1683
63 145 7216
63 149 6762
63 150 7388
63 153 429
63 156 3777
63 160 5108
63 162 7477
63 163 3656
63 166 5132
63 167 7397
63 170 2442
63 175 7757
63 179 6204
63 185 1036
63 189 1258
63 190 2079
63 206 1163
64 68 9628
64 72 2297
64 74 194
64 75 9304
64 84 5066
64 86 1814
64 89 9034
64 91 8244
64 93 961
64 97 3926
64 100 1089
64 107 5920
64 114 3308
64 121 9949
64 123 1116
64 131 7682
64 132 3691
64 134 2619
64 135 604
64 148 6660
64 152 63
64 157 3845
64 160 496
64 161 9433
64 163 9156
64 172 4274
64 174 5345
64 175 3574
64 184 4725
64 190 7014
64 192 4854
64 196 7965
64 203 3189
65 75 5416
65 78 3385
65 81 2733
65 84 6963
65 91 7705
65 92 2527
65 93 8577
65 97 6947
65 100 8537
65 106 7421
65 110 6057
65 115 7920
65 119 7227
65 121 3169
65 125 5552
65 126 9235
65 127 39
65 128 3758
65 130 2640
65 134 9924
65 135 8278
65 136 8311
65 140 76
65 146 5103
65 156 9937
65 157 1123
65 167 8894
65 168 884
65 170 815
65 172 1662
65 181 8666
65 182 8827
65 184 1828
65 190 9821
65 191 1418
65 195 2832
65 197 8479
65 198 3703
65 202 4463
65 205 5624
65 206 4018
66 67 351
66 68 1167
66 72 2538
66 75 2345
66 76 8994
66 77 1050
66 81 7810
66 85 7423
66 92 6776
66 95 1749
66 101 7608
66 102 4923
66 104 2156
66 105 3810
66 115 5675
66 119 5131
66 121 2559
66 122 8530
66 126 191
66 128 5077
66 134 7247
66 137 2285
66 141 4116
66 145 1143
66 163 536
66 171 5927
66 174 7954
66 179 2615
66 181 4053
66 184 5356
66 186 2397
66 193 1718
66 198 1152
66 201 8721
66 202 8968
66 205 64
66 206 4798
67 72 8466
67 74 7893
67 75 9660
67 77 259
67 81 9301
67 87 973
67 89 1255
67 103 8115
67 106 1881
67 113 9583
67 114 9100
67 116 5465
67 119 5729
67 121 3418
67 125 9645
67 137 1624
67 143 1272
67 146 355
67 148 7201
67 151 6675
67 153 5287
67 158 1824
67 160 4443
67 171 35
67 178 3694
67 181 8866
67 183 9764
67 186 4721
67 191 1550
67 195 1068
67 198 3862
67 200 566
68 72 59
68 75 6758
68 76 9125
68 84 6096
68 86 4478
68 88 8486
68 89 7703
68 98 5706
68 101 2852
68 102 6701
68 103 9564
68 107 250
68 109 9033
68 112 2040
68 116 1301
68 122 7658
68 123 88
68 130 2361
68 131 3399
68 132 793
68 133 5057
68 139 3582
68 142 7441
68 145 9336
68 152 9804
68 153 8306
68 158 9443
68 167 429
68 168 7444
68 170 1978
68 175 5028
68 176 2223
68 179 1288
68 189 9033
68 191 5960
68 195 7
68 197 5655
68 200 5707
69 70 9351
69 71 6961
69 73 5053
69 74 6905
69 84 1093
69 85 1681
69 86 7184
69 90 3432
69 97 141
69 98 2400
69 100 5007
69 108 810
69 112 4564
69 114 5412
69 117 8876
69 127 3639
69 132 3323
69 144 5388
69 151 3888
69 155 4376
69 157 1386
69 159 3433
69 165 6220
69 170 454
69 172 7784
69 176 7087
69 178 6735
69 183 2951
69 186 3244
69 187 9219
69 190 8003
69 196 8447
70 73 1562
70 77 1287
70 86 8726
70 91 1604
70 92 2976
70 101 5643
70 102 6803
70 103 4431
70 105 2419
70 106 6140
70 111 7431
70 114 4047
70 116 2814
70 119 6503
70 121 5260
70 126 303
70 127 4364
70 129 3851
70 130 3467
70 133 1023
70 138 8171
70 140 642
70 142 4758
70 152 2312
70 153 3007
70 154 3900
70 155 9059
70 156 8740
70 158 4564
70 159 8276
70 161 7956
70 162 2433
70 166 258
70 171 8041
70 176 6269
70 178 3215
70 179 4466
70 192 2928
70 193 5740
70 194 9355
70 202 9789
71 72 3007
71 78 4497
71 79 2815
71 83 4704
71 94 8407
71 98 710
71 103 7421
71 105 5906
71 107 3756
71 111 6616
71 122 4916
71 128 1341
71 133 3883
71 137 9423
71 139 5612
71 142 6003
71 148 3853
71 152 5298
71 158 9778
71 162 3987
71 164 2973
71 168 7296
71 171 9139
71 182 5018
71 183 1931
71 184 4127
71 191 121
71 195 222
71 198 8867
71 199 697
71 200 86
72 74 1983
72 76 5970
72 83 4482
72 88 6966
72 92 1324
72 94 570
72 96 2464
72 102 2681
72 103 82
72 104 9851
72 105 613
72 110 9062
72 111 4761
72 114 8616
72 115 4464
72 118 6479
72 119 2352
72 130 3480
72 133 2667
72 136 8925
72 139 2315
72 141 5407
72 142 9670
72 146 4876
72 147 2277
72 148 3183
72 149 5774
72 155 4400
72 157 5631
72 160 234
72 163 481
72 165 6415
72 166 1327
72 169 5625
72 171 6397
72 173 5196
72 177 7831
72 180 9456
72 183 4685
72 186 544
72 188 296
72 189 3323
72 192 5996
72 193 4911
72 200 4591
73 75 3659
73 77 4185
73 82 4376
73 86 120
73 90 4312
73 96 1665
73 103 7208
73 104 3153
73 105 5604
73 106 3266
73 108 5149
73 117 7702
73 121 6563
73 125 5529
73 128 5376
73 129 7548
73 132 7559
73 133 7640
73 139 4314
73 140 6079
73 142 6767
73 143 8792
73 144 5967
73 145 8324
73 149 8712
73 152 9690
73 154 6856
73 169 7686
73 170 5512
73 175 4478
73 179 5731
73 180 7301
73 194 199
73 197 4516
73 199 643
73 201 3878
73 203 6919
74 78 8389
74 80 3768
74 84 6542
74 96 4013
74 97 8811
74 98 953
74 110 6224
74 117 7146
74 122 8217
74 131 1047
74 133 3761
74 140 369
74 150 8665
74 151 3179
74 152 3178
74 153 5726
74 157 7444
74 160 9750
74 163 8232
74 164 748
74 166 1213
74 169 6990
74 177 3034
74 179 9298
74 180 35
74 181 2033
74 184 922
74 202 5060
74 203 7315
74 204 9058
75 76 7719
75 78 66
75 83 5850
75 84 2331
75 85 9604
75 96 453
75 97 5915
75 105 9797
75 111 1685
75 116 9380
75 120 2218
75 121 323
75 123 8634
75 128 6346
75 130 4977
75 134 9807
75 139 893
75 140 1730
75 144 5641
75 145 9143
75 146 2353
75 154 4504
75 157 8
75 161 5324
75 167 2054
75 172 1
75 177 1749
75 184 6250
75 185 8068
75 186 5116
75 189 2517
75 195 5741
75 197 3202
75 199 9441
75 200 1258
75 204 4149
75 206 6643
76 80 8892
76 92 7034
76 95 9231
76 106 9914
76 112 2953
76 117 3601
76 139 3418
76 141 3473
76 142 9386
76 144 4928
76 145 8577
76 149 352
76 152 6841
76 174 8593
76 175 3232
76 177 8634
76 180 1195
76 184 6946
76 186 8023
76 188 8648
76 191 1509
76 193 2708
76 196 2904
76 199 4550
76 201 3332
76 203 9295
77 78 7271
77 86 5836
77 89 3921
77 91 3535
77 92 6947
77 96 9251
77 97 1795
77 104 5645
77 111 9906
77 113 8786
77 117 9501
77 118 2245
77 119 9296
77 122 4653
77 123 1467
77 129 5204
77 131 8001
77 140 9337
77 147 6108
77 161 7096
77 162 2940
77 163 1203
77 164 6989
77 166 931
77 175 8887
77 177 6007
77 184 150
77 189 6502
77 194 6637
77 196 3495
77 199 8725
77 200 3375
77 201 922
77 202 5043
78 80 6415
78 81 3382
78 90 6227
78 93 408
78 95 8475
78 96 932
78 99 872
78 103 3894
78 104 521
78 107 5011
78 109 4020
78 116 1273
78 117 7214
78 120 3218
78 124 2764
78 125 5265
78 126 9416
78 129 2171
78 130 8565
78 133 3648
78 136 169
78 142 5574
78 144 6963
78 146 8434
78 147 8442
78 152 463
78 156 7222
78 157 906
78 158 7517
78 160 1714
78 164 8530
78 168 9747
78 170 3946
78 173 3263
78 174 1646
78 175 4015
78 177 7148
78 178 4107
78 183 8778
78 189 5065
78 196 8709
78 197 7850
78 201 834
78 206 6621
79 85 6543
79 89 1161
79 90 4719
79 92 4317
79 93 8793
79 96 3912
79 103 8603
79 105 3586
79 107 3273
79 113 5630
79 123 7537
79 125 7045
79 127 3592
79 133 6522
79 140 3160
79 145 6886
79 146 9928
79 155 4860
79 161 8679
79 172 1278
79 174 3429
79 175 7787
79 176 2408
79 199 2500
79 203 6408
80 81 451
80 84 3488
80 92 9913
80 97 4909
80 98 9780
80 99 2905
80 101 9979
80 103 7650
80 108 6915
80 110 3152
80 114 4056
80 115 5240
80 125 1615
80 132 2517
80 135 4256
80 149 1922
80 153 5090
80 154 2282
80 155 7145
80 156 5941
80 157 5680
80 158 8128
80 159 3318
80 160 1490
80 168 3166
80 186 3629
80 196 997
80 197 124
80 198 9205
80 199 6747
80 201 213
80 202 8664
80 204 8935
80 205 4831
81 82 6382
81 83 8156
81 84 1935
81 87 1002
81 90 9393
81 91 5277
81 94 98
81 96 6931
81 100 7843
81 104 8456
81 110 6298
81 115 339
81 120 574
81 121 3541
81 124 7390
81 126 1724
81 129 4382
81 131 7377
81 135 4079
81 136 6905
81 141 9903
81 148 30
81 150 4034
81 153 8392
81 154 7959
81 156 8746
81 160 7423
81 161 3008
81 168 2632
81 169 524
81 170 3576
81 172 3811
81 181 9933
81 183 7087
81 189 1098
81 190 9007
81 193 8334
81 196 6802
81 198 7374
81 200 6955
82 95 2781
82 98 6774
82 101 6001
82 105 913
82 110 6714
82 116 7514
82 127 4308
82 136 5
82 149 5908
82 156 5725
82 158 7622
82 159 7233
82 162 860
82 163 1346
82 175 6101
82 177 5276
82 178 7500
82 179 4833
82 181 9870
82 183 8378
82 187 9507
82 190 1552
82 191 5492
82 195 8216
82 198 2542
82 199 8226
82 204 1719
83 84 7651
83 85 3077
83 86 1506
83 87 6603
83 89 3409
83 90 7567
83 92 7585
83 93 6432
83 96 9697
83 97 1318
83 105 5887
83 107 8896
83 113 1967
83 116 1819
83 117 9182
83 131 6829
83 132 5347
83 142 8516
83 147 9330
83 151 8348
83 157 3989
83 172 2803
83 175 7864
83 177 9414
83 178 5613
83 191 3058
83 192 5970
83 193 9450
83 198 4532
83 199 8200
83 202 1643
84 90 596
84 93 3036
84 105 707
84 109 9094
84 118 2344
84 120 1226
84 121 8830
84 122 7203
84 129 197
84 130 9174
84 131 9285
84 137 6743
84 142 3178
84 143 380
84 147 9158
84 151 2429
84 163 8433
84 164 9593
84 169 8570
84 170 8887
84 178 3769
84 183 5602
84 184 4881
84 186 8713
84 197 2218
84 199 3157
84 202 1010
84 205 4179
85 86 967
85 91 8571
85 93 6001
85 99 1279
85 101 514
85 103 251
85 110 7017
85 113 5669
85 117 397
85 120 9838
85 132 6077
85 143 5247
85 144 446
85 154 192
85 156 1514
85 163 1052
85 164 8712
85 166 1850
85 167 7938
85 169 5744
85 172 6011
85 175 8143
85 178 3195
85 187 9108
85 188 8519
85 190 9101
85 191 2402
85 194 3836
85 196 7605
85 200 3269
85 205 6469
86 89 8285
86 91 9607
86 94 965
86 99 9123
86 100 7772
86 101 1491
86 102 6846
86 103 4338
86 104 5664
86 112 7808
86 115 3155
86 127 3184
86 130 6468
86 133 8722
86 142 7865
86 143 5040
86 155 9142
86 157 3128
86 159 6873
86 162 2553
86 166 7074
86 171 8061
86 172 4298
86 176 3636
86 179 1043
86 185 3779
86 193 12
86 202 2429
86 205 8579
86 206 5876
87 92 3532
87 94 9898
87 95 5401
87 96 1213
87 98 9706
87 100 8492
87 101 647
87 103 7557
87 104 8631
87 109 6395
87 116 8556
87 118 9676
87 119 4826
87 120 5273
87 121 5060
87 123 6659
87 124 3089
87 127 5264
87 129 9475
87 130 691
87 134 6633
87 143 2190
87 146 3696
87 151 5225
87 152 7613
87 153 4696
87 156 9682
87 165 1262
87 168 8754
87 171 9105
87 179 4527
87 180 8599
87 181 8600
87 183 1306
87 189 9003
87 196 547
87 201 4463
87 203 8788
87 206 6884
88 90 739
88 93 6148
88 102 8186
88 103 7923
88 109 9444
88 110 5961
88 114 4750
88 121 4914
88 127 9827
88 128 8075
88 129 6160
88 140 4203
88 144 8190
88 154 8152
88 156 8282
88 157 6424
88 166 261
88 167 6600
88 176 6695
88 178 7163
88 186 4584
88 187 3993
88 191 7889
88 192 2503
88 193 2736
88 196 4842
88 198 339
88 200 8699
88 202 7318
88 203 4861
89 94 148
89 96 677
89 99 5251
89 103 4312
89 105 692
89 106 6303
89 107 5335
89 109 9642
89 113 190
89 114 7299
89 117 4693
89 118 6955
89 123 4022
89 124 6434
89 127 9798
89 128 1032
89 129 588
89 130 1635
89 134 3259
89 137 3644
89 140 4202
89 145 2203
89 147 7129
89 153 3604
89 156 1101
89 157 4974
89 162 5474
89 163 183
89 175 9375
89 177 4408
89 182 145
89 188 6499
89 189 1472
89 195 2212
89 204 4328
90 96 9867
90 99 9415
90 100 1355
90 103 7044
90 105 527
90 110 1773
90 118 9465
90 120 9375
90 122 5255
90 129 9946
90 130 6841
90 133 9262
90 134 8068
90 135 3600
90 140 1080
90 143 5665
90 150 9889
90 153 1690
90 157 5780
90 159 7042
90 163 6889
90 167 9051
90 169 2073
90 173 9558
90 175 6893
90 180 2232
90 181 9245
90 184 3736
90 185 9323
90 187 612
90 189 6712
90 190 2757
90 191 1476
90 194 5434
90 198 9085
90 203 2381
90 205 7118
90 206 7033
91 99 3159
91 102 7398
91 104 5590
91 106 1709
91 110 3506
91 116 6332
91 120 8534
91 121 1015
91 127 8170
91 138 4709
91 142 2232
91 146 5653
91 151 3068
91 158 867
91 159 3870
91 163 4521
91 166 8822
91 168 9539
91 171 3049
91 173 4217
91 178 8534
91 181 7068
91 192 7639
91 193 4934
91 194 4251
91 200 9893
92 101 7826
92 105 7362
92 106 8414
92 107 2012
92 108 6352
92 116 8073
92 126 7152
92 133 642
92 135 3725
92 136 8751
92 137 210
92 154 846
92 158 1574
92 160 8341
92 168 8330
92 169 2230
92 171 793
92 181 594
92 183 6347
92 186 7927
92 188 9036
92 189 749
92 192 6557
92 195 8716
92 203 5083
92 204 7993
93 98 6873
93 102 7515
93 103 2202
93 109 5762
93 120 3575
93 128 727
93 132 7424
93 140 735
93 148 1553
93 153 1332
93 161 3751
93 164 883
93 168 9357
93 169 4347
93 170 6645
93 172 7211
93 174 9023
93 180 9099
93 183 2145
93 187 6313
93 201 6737
94 99 1314
94 103 9986
94 109 696
94 118 1519
94 120 2866
94 128 7598
94 129 7631
94 131 8565
94 132 4283
94 133 6819
94 141 5860
94 145 2811
94 153 5999
94 156 6738
94 157 7889
94 159 1215
94 168 7060
94 172 9411
94 174 5459
94 190 5933
94 198 2307
94 205 5775
95 109 3194
95 110 6899
95 111 6050
95 117 5065
95 129 2413
95 130 9250
95 135 3343
95 136 3694
95 138 2617
95 140 9857
95 145 828
95 146 7526
95 148 9165
95 149 3505
95 152 5327
95 155 4037
95 164 6205
95 166 7097
95 167 2002
95 169 3512
95 173 4163
95 177 7166
95 192 4716
95 194 8980
95 197 3159
95 198 7867
95 199 6012
95 201 1056
95 203 7724
95 204 8489
96 97 6474
96 98 9885
96 102 4380
96 103 6266
96 105 692
96 113 6872
96 118 1896
96 122 3360
96 124 1172
96 130 4949
96 132 9792
96 137 7718
96 138 1788
96 141 8066
96 142 4695
96 156 9128
96 157 2872
96 158 9727
96 164 7661
96 169 2698
96 170 8235
96 174 8674
96 182 5447
96 186 3652
96 187 9270
96 188 3792
96 193 1308
96 196 6144
96 198 6038
96 202 2692
96 204 4580
97 100 3611
97 120 7649
97 129 4535
97 130 4907
97 134 2047
97 135 1952
97 140 4437
97 148 4575
97 150 1770
97 152 7805
97 156 2353
97 163 8805
97 167 5350
97 171 4319
97 173 7305
97 174 1509
97 177 5815
97 181 3715
97 183 622
97 186 3516
97 189 3934
97 193 3031
97 197 9715
97 199 3071
97 201 3492
98 99 9137
98 104 8552
98 106 7781
98 119 9724
98 120 1127
98 129 8827
98 139 5117
98 142 5158
98 147 4309
98 151 8887
98 157 3615
98 158 7162
98 160 7280
98 167 676
98 170 6630
98 171 6682
98 178 9453
98 192 7366
98 194 8090
98 200 1965
98 202 4104
98 205 2098
99 103 2971
99 106 7280
99 108 8193
99 119 4260
99 121 4688
99 122 1954
99 124 4413
99 126 7403
99 128 8090
99 138 4101
99 139 1645
99 141 4954
99 149 3795
99 150 4869
99 151 5232
99 157 4004
99 160 7451
99 167 3890
99 182 7725
99 190 6058
99 196 5374
99 201 1094
99 206 4759
100 107 8996
100 108 8780
100 110 2871
100 124 5986
100 130 2714
100 135 6024
100 137 4128
100 138 4781
100 151 1574
100 153 2316
100 155 7334
100 157 5438
100 170 3024
100 175 3644
100 179 9572
100 180 1443
100 186 4578
100 188 427
100 190 3975
100 192 9214
100 194 4631
100 198 5998
100 199 716
100 200 1575
101 104 2393
101 105 8686
101 107 3950
101 110 2448
101 118 734
101 134 2571
101 136 5413
101 139 709
101 142 5214
101 153 8069
101 155 4953
101 156 6570
101 158 2717
101 159 9524
101 163 378
101 166 5770
101 171 2711
101 172 9747
101 180 3766
101 182 6310
101 198 2913
101 201 1368
101 202 8553
101 205 8667
102 103 1281
102 104 5788
102 105 5808
102 107 3959
102 113 4783
102 116 7488
102 121 988
102 126 7143
102 131 1104
102 136 184
102 139 8211
102 144 1087
102 146 2387
102 148 7133
102 152 5188
102 153 5219
102 154 1428
102 159 6967
102 160 7399
102 162 6299
102 164 4787
102 167 2003
102 169 6322
102 171 1176
102 178 7670
102 186 4067
102 187 1639
102 188 5909
102 191 2994
102 201 5680
102 202 1786
103 106 3628
103 110 1753
103 121 7490
103 122 340
103 123 498
103 129 8346
103 131 1816
103 137 9460
103 138 3320
103 142 7126
103 153 6334
103 154 6138
103 158 5110
103 163 9344
103 166 7736
103 169 4297
103 174 4181
103 175 8967
103 180 2109
103 184 1558
103 186 9892
103 187 2781
103 189 995
103 190 6662
103 201 6788
103 203 8322
104 113 8112
104 115 7694
104 142 2026
104 156 6754
104 157 7877
104 158 8547
104 163 4315
104 164 8620
104 166 9637
104 173 6845
104 175 6662
104 178 3060
104 190 6853
104 195 7137
104 196 2577
104 197 6046
104 205 7362
105 108 5573
105 113 5400
105 115 2056
105 117 1904
105 119 4450
105 134 2650
105 135 8279
105 138 213
105 139 4929
105 141 5431
105 147 4170
105 148 3636
105 152 7997
105 154 9657
105 156 4747
105 158 4449
105 161 2502
105 170 6634
105 174 2966
105 177 8042
105 183 9568
105 189 7665
105 193 3207
105 194 396
105 196 4429
105 199 1758
105 200 132
105 205 1673
106 110 3880
106 111 7711
106 112 3206
106 113 4825
106 118 7506
106 119 8689
106 121 7922
106 122 4232
106 125 7904
106 126 3356
106 127 1955
106 129 7220
106 130 2531
106 134 3171
106 140 4028
106 143 9050
106 147 4851
106 148 585
106 150 6251
106 153 5535
106 154 4151
106 161 9631
106 162 6362
106 171 7676
106 174 1324
106 177 2630
106 179 9271
106 180 8687
106 181 2760
106 184 571
106 187 3484
106 188 5082
106 189 4996
106 195 5004
106 197 9360
106 206 613
107 108 7907
107 114 2207
107 116 1484
107 124 1201
107 125 8986
107 128 5433
107 129 8220
107 130 3140
107 138 1542
107 139 1914
107 154 4898
107 157 5898
107 167 2349
107 171 4301
107 175 6121
107 188 8528
107 195 2542
107 200 8169
107 203 3220
108 111 8861
108 119 5942
108 121 2263
108 122 8072
108 124 5137
108 127 4600
108 128 7519
108 130 3541
108 133 6246
108 134 9306
108 150 4718
108 151 5711
108 153 5059
108 156 3916
108 166 3697
108 167 1830
108 171 2187
108 172 5598
108 175 8663
108 178 3804
108 180 7939
108 183 6744
108 184 6117
108 190 972
108 192 1572
108 204 5466
109 110 7461
109 117 8234
109 121 185
109 127 9255
109 138 7025
109 139 1904
109 142 2411
109 144 189
109 145 9181
109 148 8387
109 153 2438
109 157 1951
109 158 1279
109 160 2976
109 162 9295
109 166 6303
109 167 1635
109 171 2393
109 174 6867
109 177 4798
109 179 603
109 181 4984
109 184 9922
109 185 4712
109 195 6364
110 116 720
110 119 344
110 120 3454
110 127 6659
110 129 8886
110 135 7038
110 138 3153
110 145 9009
110 154 3598
110 160 6122
110 164 3958
110 167 4262
110 169 241
110 171 6414
110 174 7858
110 182 234
110 183 2192
110 186 5774
110 187 7737
110 192 5588
110 199 3549
110 202 8183
111 115 7208
111 117 2384
111 118 1280
111 130 4598
111 134 5160
111 135 458
111 136 6792
111 139 285
111 150 9060
111 154 6036
111 158 2112
111 165 9210
111 167 3278
111 174 5888
111 176 4340
111 187 6620
111 195 8032
111 201 8517
111 203 8572
111 205 7836
112 113 4080
112 115 128
112 121 8225
112 124 3905
112 126 4573
112 130 4529
112 133 9388
112 139 7384
112 143 5986
112 154 8481
112 161 1377
112 163 6666
112 165 8395
112 168 6043
112 169 4051
112 172 8834
112 175 8445
112 176 6672
112 177 6104
112 178 4542
112 183 7601
112 184 835
112 187 6979
113 114 6150
113 118 3801
113 121 4845
113 127 8812
113 138 1754
113 141 7652
113 142 558
113 144 5773
113 145 1531
113 148 908
113 151 4367
113 153 1462
113 154 6941
113 156 4910
113 169 4791
113 173 2571
113 175 2444
113 176 8713
113 177 8533
113 190 2441
113 192 3804
113 194 8162
113 200 8160
113 204 1378
114 115 2275
114 119 859
114 121 9922
114 124 1335
114 126 439
114 130 8139
114 139 7742
114 142 3349
114 159 726
114 161 8056
114 173 2629
114 177 1449
114 180 3269
114 183 4824
114 184 8406
114 189 6683
114 191 2584
114 193 3990
114 194 3098
114 198 2686
114 201 2136
114 205 7475
114 206 8927
115 116 310
115 120 4187
115 124 6948
115 126 2805
115 127 5064
115 129 6367
115 132 9248
115 133 1589
115 136 8681
115 139 3165
115 141 9934
115 144 3465
115 146 3039
115 152 6200
115 156 3330
115 158 115
115 164 2412
115 171 2568
115 174 79
115 175 4448
115 180 4754
115 181 8252
115 182 6189
115 187 7220
115 189 7406
115 192 7088
115 194 7665
115 203 2560
116 117 1731
116 122 1815
116 123 8907
116 124 1652
116 127 2563
116 130 2315
116 133 5008
116 139 8602
116 145 5840
116 147 4127
116 152 8368
116 154 9400
116 156 448
116 162 2053
116 165 8268
116 170 6557
116 173 7410
116 176 6189
116 178 6165
116 182 1823
116 191 3507
116 195 276
116 201 6118
116 202 3440
117 124 1366
117 125 6664
117 127 5794
117 130 751
117 134 7384
117 137 642
117 139 2988
117 149 5158
117 152 6503
117 155 4760
117 157 394
117 164 2260
117 169 5429
117 182 7840
117 188 8452
117 192 9389
117 197 3239
117 200 2572
117 203 6493
117 205 6430
117 206 7033
118 129 6239
118 144 325
118 147 3223
118 149 9975
118 150 2771
118 151 9882
118 152 8381
118 153 6168
118 178 6695
118 182 4926
118 188 2057
118 189 4333
118 192 4935
118 195 2488
118 204 6985
118 205 3743
118 206 4843
119 127 3891
119 128 4830
119 138 5903
119 139 7247
119 142 3133
119 143 4708
119 151 4460
119 156 5657
119 157 1095
119 158 791
119 170 9642
119 180 7369
119 182 1122
119 185 4432
119 198 6060
119 201 9866
119 202 480
119 205 8774
120 128 2342
120 129 3222
120 136 6298
120 137 539
120 140 6069
120 143 9215
120 146 2731
120 148 6552
120 154 9032
120 166 1128
120 175 2263
120 183 2460
120 184 7295
120 185 4771
120 187 8145
120 196 3552
120 202 2352
121 124 1743
121 126 3654
121 127 6485
121 130 7010
121 131 8505
121 133 243
121 137 5067
121 138 2962
121 143 7123
121 157 9850
121 162 9074
121 165 2388
121 172 5781
121 175 3992
121 177 5798
121 179 33
121 189 1600
121 190 9738
121 191 6471
121 192 2596
121 199 2383
121 203 1579
121 205 9410
122 125 9299
122 137 5289
122 144 3787
122 147 5254
122 148 4744
122 150 3981
122 155 1404
122 174 8587
122 181 3034
122 183 2642
122 184 8432
122 185 4177
122 187 7396
122 202 3374
122 203 1885
122 204 7305
122 205 3702
122 206 4191
123 129 1291
123 130 1309
123 140 2817
123 144 5562
123 147 7033
123 152 7794
123 154 7677
123 156 8663
123 157 2611
123 161 9212
123 170 4072
123 171 64
123 174 877
123 176 1308
123 179 1878
123 181 1754
123 183 4520
123 189 3317
123 192 2691
123 194 6622
123 204 8099
124 140 9312
124 141 3639
124 146 2155
124 148 53
124 150 4037
124 155 7640
124 158 9655
124 159 8795
124 160 5808
124 165 7355
124 167 2990
124 171 721
124 190 1146
124 191 3922
124 197 7516
124 199 7213
124 202 7454
125 127 7421
125 128 9579
125 129 3731
125 130 6431
125 131 4199
125 139 6111
125 143 2471
125 145 618
125 149 1611
125 153 6522
125 154 5771
125 161 6796
125 163 6329
125 165 231
125 168 2884
125 170 585
125 171 9617
125 186 2217
125 187 543
125 191 3933
125 202 8672
125 206 240
126 144 3378
126 147 8664
126 153 9900
126 155 2054
126 168 3409
126 170 9616
126 177 772
126 178 9623
126 180 9884
126 185 4506
126 192 2340
126 199 6122
127 129 7439
127 139 1846
127 140 7315
127 143 7396
127 144 5996
127 151 3585
127 155 1855
127 172 2321
127 179 5341
127 185 1065
127 186 9817
127 187 16
127 188 3977
127 197 6843
127 198 6619
127 204 8430
127 205 3973
128 129 3256
128 131 6662
128 140 7088
128 146 1762
128 147 6054
128 149 6160
128 155 6884
128 157 2558
128 159 6311
128 160 330
128 163 4242
128 165 832
128 166 7427
128 174 470
128 186 1157
128 187 9049
128 194 2503
128 196 2379
128 203 8841
128 204 4816
128 205 4861
128 206 3428
129 134 7448
129 136 4660
129 137 9292
129 154 3336
129 156 311
129 157 2529
129 158 9773
129 161 9717
129 163 8612
129 168 9130
129 169 585
129 174 8398
129 187 3497
129 189 8478
129 197 3632
129 200 1054
130 132 1382
130 134 1445
130 139 4065
130 140 4184
130 144 8711
130 146 7668
130 149 3367
130 152 7777
130 159 3242
130 160 8642
130 162 479
130 163 6232
130 164 4102
130 166 8908
130 167 5237
130 169 9535
130 170 1607
130 176 1556
130 184 1793
130 186 7571
130 193 3209
130 194 8146
130 198 9071
130 199 7170
130 205 3081
131 132 2507
131 138 6946
131 139 346
131 141 8808
131 145 9848
131 147 9852
131 148 3283
131 151 5877
131 154 1688
131 156 7523
131 157 4528
131 161 1892
131 162 1183
131 164 669
131 171 9135
131 178 7998
131 184 1906
131 185 3349
131 193 7849
131 198 6240
132 133 5109
132 135 1930
132 136 7570
132 137 5666
132 140 1629
132 143 8819
132 145 7220
132 146 6200
132 147 1179
132 155 694
132 156 6037
132 165 8887
132 166 1859
132 167 38
132 168 7549
132 169 4687
132 171 3430
132 173 2957
132 176 6077
132 181 646
132 186 9519
132 189 9796
132 190 9117
132 191 619
132 192 7043
133 134 4267
133 136 1069
133 140 7651
133 143 9146
133 148 7063
133 155 116
133 160 2605
133 163 9447
133 166 2184
133 167 2804
133 168 1046
133 174 6918
133 175 2013
133 184 8715
133 186 3294
133 188 217
133 192 2718
133 194 1348
133 199 9131
133 203 2471
133 206 8352
134 136 9699
134 138 490
134 146 5608
134 154 9659
134 160 3885
134 163 2661
134 172 7128
134 173 1991
134 180 7577
134 188 3567
134 192 5182
134 193 8537
134 194 7384
134 195 3468
134 197 5724
134 202 9030
134 204 3180
134 205 3616
134 206 2332
135 138 7523
135 140 4734
135 148 679
135 149 1747
135 153 2418
135 155 5292
135 164 3044
135 165 2289
135 166 9420
135 167 4578
135 170 4285
135 173 9979
135 174 5887
135 176 2117
135 178 2554
135 179 9941
135 182 6645
135 186 1918
135 187 4236
135 190 3139
135 191 4363
135 195 7025
135 198 8437
135 205 400
136 137 3489
136 138 3756
136 144 9854
136 160 242
136 161 7378
136 164 3928
136 167 5117
136 171 4972
136 183 3472
136 184 9636
136 185 9803
136 187 7588
136 188 7091
136 200 3197
136 206 6676
137 142 5330
137 145 2586
137 147 3726
137 148 9363
137 149 6693
137 152 4015
137 163 1382
137 167 1849
137 168 146
137 173 5360
137 184 7570
137 185 7770
137 187 2811
137 189 9896
137 190 8875
137 193 8627
137 197 6168
137 201 8466
137 204 9626
137 206 5745
138 142 5833
138 143 6696
138 144 2301
138 157 9384
138 166 5245
138 171 8268
138 172 6898
138 174 1861
138 176 1502
138 182 6403
138 185 3479
138 187 670
138 190 2597
138 194 1947
138 199 1161
138 200 8857
138 203 7586
139 142 5425
139 143 5819
139 145 8877
139 147 5798
139 150 2571
139 153 3936
139 154 7981
139 159 3999
139 161 3359
139 162 3827
139 164 724
139 166 9492
139 170 3758
139 176 8741
139 179 7012
139 183 7563
139 194 2727
139 195 2650
139 198 4377
139 206 6103
140 141 3432
140 147 5327
140 158 2989
140 162 4810
140 167 764
140 169 8166
140 171 1910
140 173 7982
140 175 1502
140 180 3648
140 182 9038
140 186 3605
140 187 1628
140 189 1040
140 190 2095
140 191 8314
140 196 455
140 197 1943
140 204 2845
140 205 7103
140 206 8093
141 144 1466
141 155 3655
141 157 2255
141 158 8108
141 159 1320
141 160 7586
141 167 1130
141 170 9384
141 173 8696
141 175 3393
141 176 1166
141 178 531
141 180 2375
141 188 2591
141 189 2690
141 194 6549
141 201 9717
141 203 7504
141 205 6579
142 154 9738
142 161 7582
142 176 2872
142 183 6991
142 184 2467
142 186 3244
142 189 8624
142 190 6032
142 194 4719
142 195 2714
143 151 1339
143 156 5211
143 159 4467
143 162 3437
143 164 8688
143 166 8912
143 170 5898
143 171 5155
143 172 4053
143 182 8966
143 186 8719
143 188 9545
143 190 9375
143 194 9432
143 199 3624
144 148 893
144 155 8974
144 158 9412
144 161 8159
144 164 979
144 165 1618
144 173 1437
144 176 160
144 178 5896
144 186 58
144 195 3838
144 196 8063
144 200 1884
144 201 2088
144 203 5097
145 149 8967
145 153 1763
145 154 8094
145 156 606
145 157 7634
145 163 6033
145 166 9472
145 191 4416
145 193 2696
145 194 1356
145 196 1295
145 198 898
145 199 5478
145 205 6574
146 149 9886
146 153 7135
146 158 9521
146 159 9886
146 162 1226
146 164 9279
146 167 2480
146 168 7551
146 177 6457
146 180 4849
146 190 8139
146 192 433
146 195 1441
146 197 354
146 200 6779
147 148 8326
147 155 7091
147 165 1108
147 167 9383
147 170 1056
147 172 2768
147 187 622
147 189 9492
147 190 3029
148 153 2679
148 158 9778
148 165 4207
148 168 4535
148 169 4352
148 172 6707
148 178 7774
148 180 4054
148 183 2779
148 187 7309
148 188 969
148 192 6358
148 193 6340
148 197 1692
148 202 2048
148 206 7457
149 153 4994
149 166 7428
149 167 7800
149 172 1473
149 185 1014
149 191 9050
149 197 5477
149 198 7961
149 200 5227
150 151 818
150 152 3728
150 158 378
150 159 1942
150 163 2014
150 166 8324
150 169 7194
150 171 3804
150 172 6498
150 174 1022
150 178 2137
150 179 9123
150 180 6817
150 182 475
150 193 1386
150 199 8815
150 200 1848
150 205 9777
151 158 8594
151 162 3720
151 163 764
151 165 1752
151 169 4583
151 171 6821
151 175 9776
151 178 3199
151 183 5231
151 186 9325
151 188 8890
151 199 8529
152 154 606
152 162 5393
152 163 5804
152 178 9859
152 181 8584
152 190 3536
152 198 6388
152 200 8148
152 204 6513
152 206 4962
153 164 6424
153 166 9319
153 167 2861
153 168 2200
153 170 668
153 175 3208
153 185 2435
153 188 8905
153 191 5010
153 199 5388
153 202 6696
153 206 5792
154 157 9854
154 159 6045
154 163 8018
154 164 5555
154 165 2742
154 166 4002
154 167 1072
154 169 8363
154 178 8700
154 183 5926
154 184 1329
154 187 1606
154 189 1124
154 190 8854
154 191 9568
154 194 6212
154 196 7437
154 198 2615
154 199 6299
154 202 9403
155 157 9751
155 159 3418
155 164 2244
155 166 845
155 172 7377
155 175 2343
155 177 3835
155 180 3906
155 185 9426
155 188 8143
155 196 9912
155 199 8012
155 201 819
156 158 4077
156 159 6679
156 161 8176
156 164 5226
156 165 6504
156 174 8941
156 184 6329
156 185 1153
156 186 705
156 187 6124
156 189 3106
156 195 6218
156 199 4000
156 201 2965
156 202 3410
156 203 159
157 161 3648
157 162 2490
157 163 5077
157 166 3428
157 167 5284
157 171 2076
157 173 9905
157 182 5131
157 184 6945
157 187 5944
157 193 3295
157 198 4939
158 160 514
158 161 1418
158 162 2205
158 167 2863
158 175 7547
158 177 2937
158 178 6455
158 182 4947
158 183 1167
158 185 3471
158 186 6273
158 188 1722
158 201 6608
158 202 774
158 205 6772
159 161 7666
159 163 9859
159 165 2231
159 172 7156
159 173 3859
159 174 2670
159 190 5311
159 191 4572
159 193 1792
159 204 8162
159 205 9744
160 167 5069
160 168 1730
160 171 4836
160 174 1300
160 176 4011
160 181 3173
160 184 9960
160 185 725
160 198 5881
160 205 3395
161 165 8872
161 168 2121
161 171 1157
161 172 225
161 175 1077
161 182 7762
161 184 2682
161 185 2198
161 189 3287
161 191 4762
161 193 9063
161 195 7912
161 197 6
161 201 6368
161 203 4251
162 163 7516
162 166 8370
162 167 9248
162 168 4009
162 171 3197
162 176 211
162 181 8584
162 193 5370
162 195 3018
162 197 9370
162 201 3324
162 206 537
163 165 4963
163 167 9742
163 179 4036
163 186 7038
163 193 757
163 197 4340
163 199 6395
163 203 1877
164 167 754
164 169 6164
164 176 4437
164 179 6226
164 180 8593
164 181 5785
164 184 1835
164 185 789
164 186 7344
164 190 4999
164 191 4298
164 198 2108
164 200 1465
164 204 2719
165 171 8412
165 180 4362
165 181 9404
165 182 5973
165 186 3993
165 189 5525
165 190 2100
166 176 1108
166 177 6849
166 180 9686
166 181 6769
166 201 6273
166 203 4752
166 205 872
167 178 5699
167 180 2982
167 183 3160
167 189 639
167 192 9716
167 195 3655
168 169 7342
168 171 7658
168 173 5157
168 180 8346
168 182 8628
168 183 1557
168 189 7761
168 191 2404
169 171 3937
169 173 4425
169 175 1732
169 179 7719
169 181 1150
169 185 9986
169 201 5335
170 183 187
170 188 9828
170 192 8815
170 196 8542
171 176 1597
171 187 1312
171 191 69
171 194 3264
171 196 379
171 197 6164
171 199 3557
171 200 227
171 202 7821
171 206 5016
172 180 7468
172 188 7814
172 192 2616
172 194 5240
172 198 3105
172 201 3671
173 180 2653
173 185 961
173 189 3073
173 198 7526
173 199 4858
174 179 7806
174 189 3497
174 190 9615
174 194 2594
174 198 318
175 178 744
175 186 5016
175 189 4179
175 191 421
175 193 8423
175 197 6576
175 205 1230
176 177 1134
176 178 5189
176 180 443
176 193 8208
176 196 6895
176 204 7303
176 206 9973
177 183 9618
177 184 5339
177 189 5314
177 190 8029
177 193 3890
177 194 2358
177 206 5272
178 186 9056
179 180 3238
179 181 5028
179 188 1607
179 200 9379
179 201 8207
179 205 6517
180 183 10000
180 184 6995
180 186 7584
180 191 5470
180 193 543
180 195 6603
180 201 8378
180 205 4637
181 184 3458
181 185 6608
181 187 2451
181 188 6162
181 190 68
181 193 1292
181 194 6373
181 196 4740
181 200 3224
181 202 2640
181 203 8846
182 186 9050
182 193 6130
182 197 2482
182 202 2207
182 206 1032
183 190 7523
183 194 4274
183 197 5191
183 199 2819
184 191 9667
184 194 2966
184 199 8951
185 187 643
185 190 4054
185 195 820
185 199 1929
186 187 1168
186 191 3992
186 195 5633
186 196 100
186 200 4228
186 203 734
186 206 1206
187 198 3989
187 203 6353
188 203 1455
188 204 2523
189 194 7942
189 195 2659
189 199 6767
189 201 4913
189 202 3441
189 206 6147
190 194 5205
190 200 6949
190 201 749
190 206 7134
191 196 4476
191 199 9581
191 203 4317
191 204 5302
192 198 7627
192 202 3064
192 206 7504
193 199 8689
194 196 3580
194 199 2320
194 206 8850
195 198 6257
195 204 9846
196 198 1422
196 199 4298
196 202 6165
198 199 1803
198 200 6437
198 206 4554
199 200 6652
199 201 3723
200 203 7353
203 205 4088
