144 2536 67218 107
0 6 9094
0 7 210
0 9 2996
0 14 3932
0 17 9536
0 18 8796
0 26 8524
0 32 3453
0 47 1408
0 49 3160
0 55 8021
0 59 4579
0 69 9910
0 72 1596
0 74 4548
0 85 5910
0 93 4640
0 97 7929
0 101 2285
0 112 377
0 117 2631
0 119 974
0 122 5197
0 124 7534
0 130 7469
0 136 2332
0 138 6074
0 143 3342
1 3 6527
1 25 9855
1 30 4300
1 34 3737
1 35 3050
1 36 6879
1 39 9802
1 48 9142
1 53 5061
1 57 2245
1 58 7929
1 64 3915
1 67 3963
1 70 849
1 80 2578
1 84 3342
1 93 919
1 94 4987
1 97 503
1 103 3544
1 107 3199
1 112 4483
1 116 4798
1 119 5274
1 130 4893
1 137 9087
1 138 7658
1 143 1781
2 5 4656
2 6 1037
2 10 6007
2 16 4638
2 22 8645
2 24 7444
2 25 4818
2 28 3487
2 29 3698
2 31 3496
2 32 6658
2 36 4583
2 37 4829
2 38 2377
2 47 7803
2 50 8076
2 53 4650
2 54 7862
2 63 1852
2 64 5169
2 72 5280
2 73 4861
2 74 5974
2 80 8659
2 83 9724
2 99 6638
2 105 6958
2 108 2626
2 119 8794
2 123 7094
2 124 8162
2 126 9344
2 128 5576
2 137 3722
3 4 2615
3 9 1452
3 19 2832
3 20 9982
3 26 9250
3 29 5819
3 31 5959
3 33 1199
3 35 1523
3 44 508
3 54 133
3 55 8984
3 56 8359
3 62 4624
3 64 171
3 66 8730
3 68 5109
3 70 265
3 72 8509
3 87 1697
3 93 9223
3 97 6431
3 98 2523
3 102 3436
3 103 3214
3 105 4936
3 106 4945
3 111 5318
3 112 5136
3 113 5980
3 121 7482
3 128 46
3 132 6121
3 134 8816
3 139 2807
3 140 8620
3 143 3346
4 7 6099
4 13 5522
4 14 6491
4 15 5249
4 20 9639
4 24 3015
4 30 5767
4 36 4245
4 47 7634
4 48 9190
4 55 3229
4 56 6049
4 59 9993
4 67 3539
4 74 6305
4 92 1596
4 99 6551
4 110 7703
4 113 9116
4 120 3710
4 121 5277
4 127 8444
4 132 352
4 133 3322
4 134 1825
4 135 1356
4 141 8249
5 7 6832
5 9 4582
5 10 4855
5 18 318
5 31 5460
5 33 5676
5 37 2304
5 42 8937
5 46 4788
5 47 9530
5 51 2963
5 53 4817
5 56 7835
5 59 5963
5 66 7384
5 67 2807
5 69 4397
5 76 5938
5 79 2506
5 86 9774
5 87 9644
5 94 842
5 96 4010
5 98 5434
5 99 5896
5 110 9147
5 113 7076
5 115 7529
5 119 5594
5 124 8152
5 126 2652
5 129 4291
5 131 4480
5 137 4518
5 140 2373
5 141 2573
5 142 1902
6 14 6821
6 21 1006
6 24 6712
6 25 2523
6 35 1332
6 42 5005
6 46 8970
6 62 1569
6 71 4067
6 72 9482
6 74 5278
6 77 9985
6 82 7807
6 84 7683
6 90 8481
6 95 5544
6 98 4590
6 102 8940
6 112 1689
6 114 6603
6 115 3776
6 116 5390
6 117 1018
6 120 2487
6 123 7062
6 124 5609
6 129 7101
6 130 7888
6 132 277
6 134 4334
6 137 9795
6 138 3049
6 142 4059
7 8 7202
7 9 829
7 10 5543
7 22 9572
7 28 7800
7 31 1997
7 32 3311
7 38 5225
7 40 3060
7 44 6702
7 47 3345
7 50 8618
7 52 8129
7 59 4055
7 61 5149
7 65 1709
7 72 6140
7 78 6853
7 83 2012
7 86 3089
7 95 2400
7 101 7229
7 102 9014
7 109 8006
7 113 3579
7 119 7455
7 121 4522
7 122 5718
7 124 7780
7 125 4803
7 128 1572
7 129 4283
7 132 8453
7 140 1205
8 9 798
8 13 8338
8 15 463
8 26 1547
8 30 4463
8 33 2142
8 36 1053
8 40 7904
8 42 6355
8 44 5469
8 48 9628
8 49 1945
8 55 7603
8 57 4930
8 60 7410
8 66 7282
8 68 2889
8 70 4763
8 73 5575
8 78 7075
8 82 6473
8 85 3702
8 86 7208
8 96 3181
8 100 1936
8 104 3532
8 107 1360
8 110 7864
8 112 7785
8 118 7737
8 120 4284
8 123 7968
8 124 2035
8 131 6640
8 140 807
8 141 37
9 11 1145
9 14 9154
9 15 3768
9 19 6459
9 25 192
9 28 940
9 29 708
9 37 227
9 45 4504
9 50 2329
9 55 5969
9 65 6369
9 68 9934
9 73 959
9 81 6919
9 84 8726
9 93 976
9 94 18
9 98 8794
9 101 4317
9 107 6829
9 108 3013
9 110 6579
9 115 5773
9 120 5830
9 135 2038
9 140 8645
10 11 6779
10 15 2755
10 19 2649
10 24 2788
10 26 3650
10 28 6010
10 32 4417
10 35 670
10 41 7324
10 43 4001
10 45 2528
10 51 8758
10 57 7767
10 59 6072
10 63 9108
10 65 4555
10 68 8464
10 72 7914
10 76 4323
10 87 3776
10 91 4597
10 93 13
10 101 2521
10 106 9867
10 110 263
10 116 4524
10 117 8542
10 120 3477
10 121 265
10 130 2977
10 131 4396
10 133 2250
10 134 6528
10 136 1531
10 137 899
10 138 1364
10 140 8787
10 141 8656
10 142 3461
11 12 8921
11 13 3368
11 27 5295
11 30 1110
11 43 7921
11 44 6867
11 47 5499
11 49 5811
11 51 4945
11 52 5005
11 56 9181
11 60 2294
11 62 6589
11 67 42
11 88 3707
11 93 7160
11 95 7833
11 99 767
11 111 2038
11 112 2713
11 117 3291
11 120 8385
11 130 1991
11 132 4630
11 135 3500
12 13 9264
12 30 5057
12 42 656
12 48 9542
12 57 7966
12 61 691
12 63 3720
12 66 1090
12 68 3174
12 69 8377
12 72 4902
12 73 2691
12 84 3396
12 86 8285
12 90 2649
12 91 9203
12 92 7723
12 98 4214
12 101 2018
12 106 9332
12 113 810
12 114 5462
12 115 8341
12 119 8549
12 126 733
12 128 4083
12 136 9957
12 139 1682
13 18 5443
13 20 7596
13 34 3759
13 44 6912
13 53 8935
13 59 8092
13 61 5801
13 67 7059
13 73 8122
13 77 4648
13 78 4422
13 79 2570
13 80 8571
13 90 6242
13 92 6796
13 94 9815
13 96 9123
13 97 3566
13 99 9454
13 106 2701
13 108 1490
13 111 3794
13 113 6672
13 129 9921
13 132 9895
13 135 5091
13 141 8362
14 15 6424
14 16 3590
14 17 2283
14 20 9251
14 21 544
14 24 3200
14 31 8122
14 34 2675
14 38 2828
14 43 8469
14 46 6154
14 49 5242
14 57 3579
14 62 2612
14 68 3950
14 70 7590
14 88 3327
14 89 5478
14 93 4069
14 97 1894
14 99 8368
14 105 1224
14 109 2922
14 110 7297
14 113 2098
14 114 3942
14 115 759
14 121 8839
14 123 8446
14 126 4059
14 130 9618
14 132 4373
14 135 6499
14 136 7991
14 141 6542
15 19 4210
15 21 5178
15 23 9862
15 27 4696
15 34 6314
15 36 5220
15 38 7136
15 43 7680
15 44 1796
15 48 585
15 50 6126
15 58 6769
15 63 1255
15 68 8467
15 73 7451
15 74 1089
15 79 8429
15 81 7812
15 82 4707
15 86 4117
15 89 2235
15 91 5520
15 95 2986
15 96 637
15 98 6995
15 99 2239
15 100 3298
15 106 5997
15 112 2798
15 114 8370
15 117 8827
15 118 3131
15 120 3349
15 121 9863
15 126 7531
16 20 53
16 37 508
16 42 763
16 45 859
16 50 7141
16 52 6188
16 54 4684
16 62 7658
16 85 1216
16 90 3799
16 97 5060
16 98 9162
16 99 2518
16 101 9220
16 105 2925
16 106 9503
16 109 6895
16 112 8475
16 116 8307
16 119 696
16 131 5646
16 133 6319
16 137 7706
16 140 5052
17 24 6223
17 26 4267
17 30 9954
17 31 311
17 34 7710
17 36 7488
17 37 9448
17 38 8052
17 63 531
17 74 8999
17 76 2913
17 79 7519
17 82 4037
17 85 8244
17 86 3037
17 89 2453
17 90 4618
17 98 5081
17 102 7288
17 104 3110
17 105 84
17 112 6340
17 114 5654
17 115 9760
17 117 5218
17 119 2113
17 122 326
17 124 3382
17 127 9271
17 130 3986
17 139 8981
17 143 2997
18 34 7603
18 35 1554
18 36 9141
18 38 913
18 44 1866
18 52 1051
18 55 6018
18 58 8315
18 61 3194
18 64 6079
18 69 1084
18 72 4796
18 73 598
18 74 7911
18 75 766
18 81 511
18 86 8200
18 90 367
18 100 8948
18 102 1514
18 104 6060
18 114 3450
18 115 6400
18 118 6963
18 121 963
18 122 3841
18 123 8992
18 124 7716
18 130 7916
18 131 6565
18 132 3066
18 136 8053
18 138 6612
18 141 1444
19 22 6766
19 25 4660
19 26 1218
19 34 9556
19 35 5049
19 36 9690
19 37 264
19 39 4920
19 48 7941
19 50 1066
19 61 8104
19 62 539
19 63 2485
19 66 9090
19 74 3700
19 79 8564
19 81 293
19 83 1959
19 85 4553
19 96 6535
19 97 9018
19 99 9944
19 101 5543
19 103 6391
19 108 3536
19 109 4306
19 113 4066
19 115 8148
19 118 3160
19 124 6219
19 125 9544
19 126 1756
19 134 4407
19 135 2125
19 140 9987
20 24 7884
20 31 3266
20 32 5584
20 36 6383
20 42 6351
20 43 6256
20 57 2801
20 60 2377
20 62 202
20 68 4326
20 74 2309
20 79 5704
20 97 9298
20 107 4871
20 108 2663
20 118 9858
20 120 288
20 124 720
20 129 7577
20 134 9013
20 138 5232
20 140 7387
21 24 7630
21 27 1261
21 34 5338
21 35 2385
21 36 4193
21 42 8567
21 44 2975
21 46 2749
21 63 3061
21 69 2748
21 84 5852
21 85 7353
21 86 7692
21 87 8507
21 100 4563
21 105 6160
21 106 9624
21 107 9761
21 118 5319
21 119 7700
21 124 3476
21 130 842
21 131 3946
21 132 4540
21 134 8940
22 28 2390
22 39 6651
22 45 7193
22 51 6843
22 54 9462
22 56 1688
22 60 3225
22 61 7031
22 64 4217
22 67 8140
22 68 8531
22 86 902
22 91 8654
22 97 4160
22 107 6427
22 113 5421
22 116 433
22 120 6019
22 126 315
22 128 2828
22 137 253
22 140 9902
23 26 1525
23 28 8271
23 29 1879
23 36 9846
23 38 288
23 40 6789
23 41 3004
23 43 1710
23 44 3608
23 46 5723
23 47 6452
23 59 7551
23 62 2303
23 64 7579
23 70 6235
23 72 2031
23 73 434
23 79 305
23 81 5178
23 84 2499
23 87 667
23 88 1010
23 98 2222
23 100 339
23 106 3840
23 109 4255
23 112 7289
23 114 5132
23 117 5664
23 118 1681
23 119 3378
23 120 4993
23 123 4070
23 124 7096
23 131 1054
23 132 5415
23 133 8279
23 136 5377
23 137 7412
23 138 7986
23 139 4331
23 141 723
23 142 7463
23 143 2169
24 26 1639
24 31 8920
24 33 6843
24 36 1016
24 37 6960
24 39 2199
24 44 8173
24 47 5763
24 58 7373
24 60 7345
24 63 7475
24 66 6231
24 68 3081
24 75 5926
24 80 7256
24 82 820
24 83 4040
24 84 3071
24 90 4084
24 93 4209
24 94 3050
24 101 5856
24 102 8336
24 109 7545
24 116 9912
24 118 8318
24 120 9888
24 126 8067
24 127 5035
24 134 5370
25 28 3165
25 36 1832
25 37 1277
25 58 9460
25 60 4014
25 61 4249
25 62 1743
25 65 1306
25 72 9990
25 73 1913
25 77 1943
25 79 4262
25 80 4417
25 92 9750
25 98 829
25 100 3869
25 103 7912
25 104 9848
25 108 5290
25 112 5573
25 113 9160
25 117 6294
25 121 9416
25 126 2821
25 127 2755
25 131 6349
25 134 6790
25 136 3480
25 138 795
25 140 5275
26 30 4726
26 33 1754
26 35 6124
26 36 8627
26 46 2047
26 47 8138
26 59 2163
26 64 4837
26 66 3343
26 71 2295
26 73 1573
26 78 2984
26 85 3540
26 88 1789
26 109 2491
26 119 5292
26 127 84
26 128 8522
26 132 3357
26 133 9998
26 135 4546
26 136 9615
26 139 7048
26 140 491
27 35 9028
27 37 9823
27 38 1578
27 42 2463
27 43 2185
27 47 7630
27 50 1197
27 53 7300
27 57 3220
27 66 9028
27 71 9308
27 81 4152
27 84 3235
27 91 6431
27 95 8362
27 97 6657
27 98 8000
27 99 4145
27 103 655
27 106 6235
27 107 9290
27 109 9863
27 112 6683
27 114 6599
27 115 4985
27 117 3970
27 118 2242
27 129 1961
27 130 865
27 136 1966
27 141 5351
27 143 6022
28 33 9862
28 34 7341
28 35 6239
28 36 5737
28 45 7488
28 46 1384
28 47 6705
28 50 8601
28 51 4841
28 52 8992
28 55 5355
28 63 4977
28 66 768
28 72 2256
28 80 8013
28 95 6412
28 96 5006
28 97 7917
28 99 4670
28 101 6003
28 102 5179
28 107 632
28 114 655
28 115 6478
28 116 4791
28 117 1436
28 125 6393
28 128 4829
28 130 2440
28 133 7274
28 139 3529
28 141 7678
29 36 1214
29 51 5794
29 65 988
29 69 7316
29 71 8521
29 79 193
29 80 7470
29 83 3859
29 85 1442
29 89 1080
29 90 4340
29 93 4398
29 96 8528
29 99 1232
29 105 8545
29 107 6431
29 109 6120
29 112 2115
29 116 6076
29 118 6790
29 119 7524
29 121 7899
29 128 8615
29 130 7991
29 132 6040
29 133 552
29 140 7961
30 35 1682
30 36 6367
30 45 2515
30 46 6219
30 47 8104
30 56 4647
30 60 5130
30 64 4517
30 66 801
30 68 9454
30 69 4316
30 70 4753
30 78 9816
30 80 550
30 82 6665
30 86 5043
30 92 3861
30 93 684
30 97 3935
30 98 1789
30 103 199
30 104 3812
30 108 7476
30 115 7413
30 116 9680
30 118 484
30 121 212
30 128 9808
30 134 2043
30 135 4004
31 33 9287
31 35 4096
31 38 4209
31 40 430
31 42 2660
31 43 3038
31 44 5556
31 45 4276
31 53 8425
31 55 6771
31 56 2451
31 59 1460
31 67 500
31 68 9459
31 70 9735
31 74 1614
31 81 555
31 82 9470
31 90 2245
31 97 8724
31 100 7125
31 103 260
31 105 1246
31 108 9113
31 110 8683
31 112 766
31 113 2631
31 115 6357
31 124 7706
31 125 6294
31 126 9150
31 127 1986
31 131 6192
31 133 1144
32 33 8590
32 36 7160
32 38 4407
32 40 1111
32 46 8489
32 52 7615
32 57 4691
32 62 2338
32 65 8298
32 68 9872
32 71 5380
32 77 3985
32 79 5826
32 93 3398
32 95 436
32 96 2954
32 104 2118
32 106 6546
32 107 188
32 110 1538
32 111 9645
32 112 3496
32 113 3053
32 114 8424
32 118 1639
32 129 5472
32 130 9395
32 131 5976
32 132 4585
32 133 9709
32 136 6127
33 34 5681
33 36 2065
33 49 7021
33 51 9104
33 52 9653
33 53 8232
33 59 779
33 60 226
33 79 4644
33 82 670
33 83 7474
33 86 3626
33 91 7985
33 93 6002
33 97 834
33 98 9874
33 106 9627
33 107 2845
33 110 5415
33 111 588
33 117 4949
33 123 1375
33 128 9191
33 133 735
33 135 2073
33 142 4515
34 40 7128
34 41 6095
34 44 1612
34 57 6513
34 58 7613
34 59 6468
34 73 2862
34 79 4645
34 80 4180
34 83 4155
34 85 3340
34 87 2811
34 92 7531
34 95 1049
34 97 3936
34 104 2739
34 108 6371
34 113 6572
34 118 708
34 119 51
34 125 3720
34 133 9864
34 139 8066
34 140 7619
35 36 8760
35 40 3141
35 56 4163
35 62 2409
35 63 3998
35 65 7850
35 66 5410
35 72 6412
35 74 4854
35 75 2121
35 79 550
35 81 5534
35 84 3363
35 91 5575
35 92 75
35 93 256
35 97 4926
35 103 2734
35 120 7581
35 124 2524
35 130 7806
35 139 9959
35 140 4039
36 44 2555
36 51 850
36 53 122
36 68 7091
36 77 4556
36 81 5925
36 84 3649
36 85 9053
36 86 1084
36 89 4318
36 94 4040
36 102 1741
36 103 4522
36 104 2572
36 105 1821
36 110 8943
36 112 2527
36 117 6399
36 123 9740
36 124 8197
36 126 62
36 129 3282
36 130 897
36 133 4829
36 140 6940
36 142 168
37 38 7833
37 39 1726
37 47 1176
37 50 9759
37 60 6466
37 61 8908
37 64 2530
37 65 5291
37 66 6248
37 69 6820
37 71 1993
37 75 8234
37 77 619
37 81 1428
37 87 207
37 99 5979
37 100 1952
37 102 7137
37 109 544
37 111 6614
37 114 9762
37 127 1263
37 129 4105
37 142 5545
38 45 700
38 46 264
38 63 287
38 72 7420
38 78 263
38 79 6684
38 83 8137
38 86 8161
38 87 839
38 91 26
38 94 4877
38 97 2458
38 99 8039
38 110 8996
38 115 4836
38 122 2995
38 123 7525
38 124 8079
38 130 388
39 41 4332
39 43 2447
39 45 4547
39 57 4056
39 59 1520
39 61 2923
39 63 4982
39 68 3604
39 73 586
39 74 898
39 81 9147
39 84 9572
39 85 2894
39 92 9140
39 96 3064
39 97 8777
39 106 6626
39 109 9174
39 111 7898
39 113 8892
39 116 8278
39 119 9598
39 121 521
39 133 1264
39 143 7777
40 42 6030
40 46 6644
40 50 3525
40 51 9431
40 55 5596
40 60 6019
40 64 5931
40 68 1543
40 74 1573
40 81 6345
40 84 3000
40 88 7659
40 93 8488
40 96 1555
40 98 7837
40 99 9556
40 108 4951
40 139 9013
40 141 1125
40 142 1783
41 42 7694
41 52 3816
41 53 4390
41 54 1332
41 57 452
41 64 1139
41 68 6497
41 75 9741
41 80 6035
41 81 2190
41 83 1242
41 91 8237
41 94 9350
41 96 9365
41 97 467
41 100 96
41 103 1345
41 104 2671
41 110 7839
41 112 9633
41 114 6107
41 115 7594
41 122 4114
41 124 3834
41 129 3467
41 130 2449
41 131 6032
41 138 1107
41 142 8275
42 47 7673
42 48 5714
42 51 8841
42 55 4100
42 59 6995
42 62 5607
42 65 3189
42 68 2167
42 71 9098
42 72 2092
42 75 8918
42 76 4946
42 83 8491
42 88 2903
42 89 4720
42 91 6306
42 92 1453
42 95 753
42 98 7241
42 103 6365
42 113 7930
42 117 6338
42 122 9863
42 125 8731
42 131 3543
42 132 8795
42 143 3188
43 44 939
43 49 2227
43 55 241
43 56 118
43 58 4562
43 67 401
43 69 1969
43 70 4271
43 71 5563
43 76 333
43 90 7269
43 93 6378
43 95 2477
43 105 6525
43 106 5376
43 109 1285
43 111 5300
43 122 4440
43 124 7241
43 126 3491
43 132 2802
43 133 796
43 140 602
44 48 6373
44 50 3396
44 52 7580
44 56 2835
44 58 6044
44 60 4584
44 62 2180
44 65 5432
44 66 1247
44 74 3641
44 75 10
44 76 3114
44 95 702
44 113 6636
44 114 4227
44 115 9059
44 117 3437
44 118 8825
44 123 8731
44 128 3041
44 130 3586
44 132 3936
44 138 8064
44 141 2261
44 143 8095
45 46 4955
45 48 4876
45 50 166
45 51 9358
45 53 1371
45 57 5042
45 62 313
45 67 1296
45 68 9089
45 69 3276
45 70 8802
45 90 8687
45 103 6489
45 106 9481
45 108 7891
45 112 1858
45 113 1342
45 127 3166
45 136 5438
45 138 3463
45 141 4288
45 142 2586
45 143 2715
46 52 7724
46 53 4476
46 59 8291
46 61 3097
46 68 3822
46 72 8176
46 84 996
46 87 4794
46 89 8763
46 97 7834
46 100 5056
46 101 5152
46 118 5620
46 126 4406
46 127 616
46 133 8532
46 134 4572
46 137 186
46 139 7228
46 140 8702
46 141 9601
47 58 9084
47 63 284
47 78 1314
47 83 1181
47 85 6435
47 86 185
47 87 5299
47 89 8111
47 91 5130
47 94 9354
47 100 2704
47 104 5744
47 108 166
47 109 2882
47 110 3935
47 113 9812
47 114 5492
47 119 969
47 120 2389
47 125 1229
47 129 3707
47 131 928
47 137 5777
47 140 5851
48 49 3999
48 50 7873
48 64 732
48 67 4267
48 70 3358
48 79 2151
48 83 9520
48 92 6387
48 106 3111
48 107 5687
48 112 7170
48 120 7018
48 121 1394
48 126 969
48 129 9040
48 131 8076
48 132 4926
48 135 475
49 53 1643
49 59 8817
49 64 3906
49 69 5314
49 70 3846
49 84 8290
49 86 2402
49 92 7058
49 93 512
49 100 7625
49 114 7869
49 117 8125
49 122 5166
49 124 9869
49 125 651
49 128 4487
49 129 1281
49 137 1714
49 138 244
49 139 3519
49 141 5064
50 54 5319
50 56 7103
50 58 6314
50 63 3395
50 68 3862
50 71 5433
50 76 1399
50 77 7291
50 84 9191
50 85 6809
50 87 2082
50 90 4723
50 96 508
50 101 943
50 104 8595
50 105 533
50 119 8043
50 120 1926
50 125 4459
50 126 29
50 137 9245
50 142 4365
51 52 5319
51 63 5986
51 65 8463
51 66 6849
51 68 9873
51 69 4925
51 71 6689
51 75 2919
51 88 7679
51 93 8063
51 94 1969
51 95 7197
51 98 6484
51 106 5503
51 107 3108
51 109 4874
51 114 3091
51 120 826
51 121 2448
51 122 1306
51 123 4036
51 125 7778
51 126 1048
51 131 743
51 136 4267
51 137 7428
52 53 5313
52 55 860
52 67 7922
52 68 3387
52 71 177
52 80 8543
52 81 158
52 82 1929
52 89 179
52 96 7759
52 99 1466
52 100 1887
52 101 7113
52 104 8909
52 107 8406
52 109 8835
52 114 1918
52 116 7488
52 125 5647
52 133 5164
52 134 5864
52 138 553
53 57 9494
53 58 681
53 62 6720
53 64 9496
53 67 4284
53 68 9120
53 70 1694
53 77 7289
53 85 9795
53 91 7350
53 92 4047
53 95 8535
53 105 1936
53 106 5526
53 107 8388
53 124 8817
53 132 4239
53 140 7559
54 55 7904
54 63 1025
54 71 8741
54 74 3380
54 84 3724
54 87 6795
54 88 5044
54 99 2453
54 109 9443
54 112 9595
54 113 483
54 116 1164
54 117 2123
54 127 4247
54 128 6274
54 133 5142
54 134 7357
54 135 3065
54 139 8767
55 68 1374
55 70 4723
55 72 2223
55 74 7422
55 76 7422
55 79 4089
55 83 597
55 91 6372
55 93 5600
55 94 2421
55 104 6188
55 110 6544
55 115 8309
55 116 8830
55 126 7204
55 129 6112
55 133 8926
55 135 3479
55 136 8935
55 137 1828
56 59 3910
56 63 8446
56 64 8779
56 68 4446
56 69 5414
56 71 1819
56 74 8822
56 75 6609
56 76 2334
56 77 7859
56 79 4415
56 82 3112
56 84 7526
56 88 8260
56 89 7446
56 93 3480
56 94 6819
56 95 1207
56 96 9693
56 98 1243
56 101 1703
56 103 1864
56 104 1305
56 105 4951
56 112 9465
56 116 7639
56 117 5849
56 118 5466
56 122 9212
56 129 3526
56 131 5908
56 132 1984
56 134 7502
56 135 5659
56 137 7156
57 65 3405
57 75 2877
57 80 3720
57 97 6874
57 99 6257
57 101 6280
57 103 7240
57 107 5332
57 110 9578
57 112 9759
57 115 9921
57 119 717
57 123 711
57 125 6261
57 137 9710
57 139 676
57 140 5897
57 141 6435
57 142 2077
58 63 7287
58 65 6837
58 66 5898
58 69 7826
58 71 7846
58 79 8918
58 81 7403
58 84 172
58 98 6296
58 107 4090
58 110 5600
58 113 3230
58 114 9084
58 116 1021
58 118 2149
58 119 2899
58 120 872
58 126 9792
58 127 4899
58 137 708
58 140 2633
58 141 5245
59 63 6973
59 65 8509
59 74 8390
59 78 7763
59 81 5523
59 87 1050
59 90 3117
59 92 6087
59 94 8829
59 95 1211
59 96 1366
59 100 5903
59 103 7000
59 104 577
59 110 9860
59 111 6923
59 112 8502
59 113 6939
59 114 5163
59 117 9390
59 118 1147
59 119 5246
59 122 1554
59 126 2176
59 130 7728
59 131 1939
59 137 3028
60 61 2932
60 65 4506
60 67 7610
60 69 552
60 71 1911
60 72 4627
60 73 5430
60 74 1773
60 75 2277
60 77 4587
60 88 9341
60 91 6824
60 95 8063
60 97 7588
60 100 1232
60 102 6573
60 104 1857
60 107 4909
60 109 9904
60 113 9023
60 125 6874
60 126 5366
60 127 6346
60 128 8931
60 129 1264
60 135 6043
60 138 992
60 141 4883
61 63 851
61 64 799
61 66 1404
61 68 9636
61 72 5929
61 75 3585
61 80 9242
61 94 3494
61 95 3142
61 96 57
61 100 7072
61 104 3848
61 106 622
61 108 2421
61 114 6207
61 120 7801
61 121 2768
61 129 6782
61 132 4859
61 133 8215
61 135 7526
61 142 6673
62 63 1708
62 67 9047
62 69 8921
62 74 9456
62 79 3867
62 88 5448
62 98 2845
62 103 402
62 104 6641
62 105 9503
62 115 8463
62 118 1285
62 122 5865
62 125 31
62 136 2033
63 65 1750
63 66 3053
63 67 2261
63 70 2600
63 72 8938
63 76 5893
63 78 8381
63 83 4524
63 86 8662
63 87 8939
63 88 5672
63 90 5291
63 92 8159
63 94 7250
63 96 3255
63 99 198
63 103 7937
63 104 1037
63 111 6884
63 120 2524
63 133 7694
63 135 3238
63 140 5733
63 141 5704
64 66 3091
64 78 6118
64 80 1990
64 81 5095
64 82 5307
64 87 8057
64 90 9168
64 94 2345
64 95 9134
64 96 1423
64 97 1423
64 100 6289
64 101 2307
64 102 2890
64 104 6088
64 111 6263
64 115 7798
64 121 5204
64 128 4693
64 129 647
64 131 5728
64 133 3088
64 137 6340
64 139 7227
64 140 988
64 141 5724
65 68 1119
65 70 2146
65 73 8383
65 78 5325
65 80 5387
65 83 1437
65 88 4476
65 89 5556
65 91 137
65 97 7324
65 99 4397
65 100 9524
65 106 6983
65 109 2858
65 116 645
65 118 21
65 122 8409
65 123 9724
65 127 4701
65 129 3756
65 132 270
65 135 3996
65 137 6144
65 140 660
65 143 1550
66 73 6126
66 74 2169
66 75 1861
66 78 7613
66 80 7248
66 81 5434
66 91 3670
66 93 7251
66 95 3416
66 97 8460
66 103 1374
66 111 2471
66 118 689
66 128 3251
66 131 3164
66 136 4500
67 70 9275
67 72 8744
67 74 2823
67 76 9901
67 79 9719
67 80 852
67 81 3534
67 83 1342
67 86 330
67 96 9350
67 99 2526
67 101 8711
67 103 4303
67 112 5010
67 113 1276
67 114 9595
67 115 8773
67 120 5119
67 122 9520
67 124 3547
67 127 4101
67 130 6014
67 139 2084
68 71 6459
68 72 8341
68 74 1582
68 77 2785
68 80 9234
68 88 4939
68 91 9923
68 96 5021
68 101 7657
68 105 8670
68 107 7813
68 110 997
68 111 4067
68 113 7280
68 117 7147
68 118 6283
68 119 8642
68 125 1079
68 127 2229
68 135 6995
68 136 3532
68 139 2973
69 71 894
69 73 6343
69 76 3761
69 78 9446
69 82 3901
69 87 5450
69 89 168
69 94 5259
69 99 1650
69 100 9500
69 102 7557
69 108 1361
69 110 1883
69 115 2616
69 116 6904
69 119 229
69 121 752
69 126 1053
69 130 5831
69 138 9197
69 140 4863
70 74 391
70 75 5350
70 81 8005
70 87 803
70 89 4921
70 95 1468
70 99 4951
70 101 8456
70 103 5379
70 107 221
70 112 1766
70 117 8914
70 118 1874
70 123 1381
70 125 5046
70 126 3136
70 133 1849
70 134 4438
71 84 5283
71 85 3204
71 91 3233
71 92 8247
71 95 6170
71 96 2697
71 100 3551
71 104 9081
71 105 2892
71 107 8075
71 109 6854
71 113 4372
71 115 7756
71 117 4768
71 119 5200
71 126 9975
71 127 6088
71 133 4853
71 134 4649
71 140 322
72 73 3859
72 85 557
72 86 5498
72 89 5844
72 96 4601
72 99 2820
72 103 1973
72 109 2621
72 110 5315
72 113 9502
72 121 4333
72 126 3487
72 127 4905
72 128 8683
72 136 2842
72 137 3419
72 139 4237
73 75 8516
73 76 5659
73 80 7644
73 81 8505
73 82 5398
73 83 1420
73 85 2178
73 94 5330
73 95 2678
73 99 2142
73 101 4333
73 103 4590
73 107 534
73 109 9702
73 110 6944
73 116 61
73 117 58
73 125 34
73 134 9321
73 136 3640
73 138 4354
74 83 5847
74 85 8809
74 89 1775
74 97 3216
74 102 5256
74 110 9545
74 113 8926
74 117 1641
74 122 3144
74 123 5680
74 125 2987
74 126 9249
74 127 1369
74 129 808
74 132 7550
74 138 9782
74 143 7815
75 76 7506
75 80 707
75 82 11
75 84 5443
75 94 3022
75 96 6334
75 105 8033
75 107 2959
75 121 4656
75 122 765
75 123 1757
75 129 869
76 79 765
76 87 1839
76 92 858
76 108 6462
76 110 5021
76 112 3967
76 117 5974
76 123 7821
76 129 337
76 131 2177
76 133 5869
76 134 3373
76 135 2074
76 136 4226
76 137 6349
76 143 643
77 79 5995
77 89 1236
77 105 1514
77 111 1883
77 114 1730
77 122 7051
77 123 4457
77 125 5013
77 131 5235
77 135 8151
77 136 5762
77 137 6204
77 142 1403
77 143 9451
78 79 8143
78 81 7284
78 84 228
78 85 2860
78 89 3941
78 93 8393
78 97 1130
78 99 963
78 104 3045
78 105 142
78 106 4599
78 109 4936
78 110 5859
78 117 5998
78 120 9976
78 121 4184
78 124 1314
78 127 883
78 130 7995
78 133 8303
79 81 3799
79 95 2202
79 96 6788
79 98 7199
79 104 1971
79 106 128
79 107 147
79 108 1815
79 112 6469
79 114 1172
79 116 1777
79 117 2124
79 118 3778
79 120 8975
79 122 1673
79 130 5535
79 135 5948
79 136 6124
79 141 6725
79 143 2482
80 89 2366
80 90 4047
80 95 1448
80 96 4290
80 99 1131
80 101 5210
80 104 8676
80 107 4171
80 111 5382
80 113 161
80 121 5243
80 123 9851
80 133 2062
80 134 6594
80 141 207
81 83 1622
81 84 3939
81 89 9101
81 97 4917
81 99 1744
81 108 1319
81 117 9966
81 119 5240
81 128 9484
81 137 3096
81 143 2858
82 100 5600
82 105 746
82 110 9300
82 112 7555
82 119 617
82 122 6692
82 126 8237
82 127 5099
82 129 4898
82 131 1890
82 133 4995
82 135 5755
82 140 9470
82 142 5297
82 143 6595
83 102 1889
83 103 8097
83 104 9698
83 106 9054
83 107 1923
83 110 807
83 111 1148
83 112 7762
83 115 8115
83 121 367
83 122 1068
83 125 8203
83 126 9010
83 131 3411
83 133 1714
83 134 4727
83 142 1749
84 85 8307
84 88 4305
84 89 8618
84 97 5141
84 99 3395
84 100 719
84 102 1295
84 104 9615
84 107 7773
84 108 8239
84 111 3094
84 120 9972
84 121 2236
84 122 4996
84 125 8312
84 134 1041
85 86 3588
85 95 9824
85 104 627
85 111 3917
85 114 4214
85 121 3445
85 122 9154
85 127 3174
85 132 5857
85 133 9504
85 136 4085
85 137 2516
85 140 2271
85 141 6761
86 89 3105
86 95 5787
86 105 5536
86 107 5756
86 111 9664
86 119 5255
86 128 2174
86 129 5146
86 132 6416
86 134 8531
87 88 3815
87 89 5672
87 90 785
87 91 2912
87 95 936
87 100 7775
87 102 4129
87 104 3305
87 111 5481
87 117 5070
87 119 9936
87 126 2886
87 132 5832
87 136 5139
87 137 3443
87 140 5180
87 142 2006
87 143 1146
88 89 4747
88 91 9501
88 99 7184
88 103 4515
88 107 6117
88 108 8110
88 113 8368
88 121 3587
88 130 9900
88 137 7724
88 139 1361
88 140 8532
88 142 2065
89 90 8751
89 91 5155
89 96 2231
89 97 9400
89 105 379
89 109 9401
89 111 9510
89 114 3345
89 117 6592
89 118 6322
89 120 3365
89 121 7478
89 123 3245
89 126 4033
89 127 6859
89 130 356
89 132 7215
89 136 5557
89 137 1445
90 95 5366
90 97 7076
90 98 3544
90 105 3968
90 106 7054
90 108 826
90 112 7933
90 113 8960
90 117 3383
90 120 1938
90 121 3907
90 124 7878
90 125 9933
90 128 7443
90 131 7289
90 137 5444
90 139 8453
90 141 9903
90 142 7304
91 93 8965
91 94 2161
91 99 1878
91 100 6926
91 104 6880
91 106 1568
91 111 2656
91 116 9118
91 118 9073
91 121 9318
91 131 8113
91 135 2164
92 93 3648
92 94 7983
92 95 2991
92 98 7099
92 104 4937
92 111 1422
92 117 1
92 119 4019
92 126 5195
92 128 236
92 130 5784
92 133 7257
92 141 9785
93 95 4155
93 96 1427
93 104 5993
93 107 539
93 113 4172
93 114 2959
93 117 9167
93 121 2938
93 130 6159
93 136 5606
93 138 2056
93 142 9306
93 143 7050
94 100 9063
94 102 9003
94 103 191
94 105 949
94 108 8612
94 109 2891
94 119 1370
94 121 8699
94 124 4871
94 128 182
94 130 9144
94 134 4389
94 137 6463
94 141 8680
95 108 7845
95 118 2138
95 129 4136
95 132 263
95 141 6822
96 98 9852
96 101 2442
96 104 1325
96 115 4281
96 116 7271
96 117 263
96 118 4091
96 119 2619
96 138 2729
96 143 9932
97 100 3924
97 101 7703
97 102 2583
97 103 9008
97 108 67
97 110 9275
97 113 3936
97 116 4458
97 119 478
97 121 889
97 134 8802
97 136 9830
97 138 1116
97 141 8024
98 99 6029
98 102 5326
98 105 6567
98 106 4541
98 117 5671
98 122 134
98 123 5693
98 124 549
98 138 5840
98 140 1124
98 143 6371
99 100 716
99 105 4711
99 110 8241
99 119 7690
99 120 7536
99 131 6616
99 132 791
99 133 6544
99 143 4056
100 101 7439
100 103 6845
100 104 4967
100 106 7169
100 109 1730
100 114 5379
100 124 2483
100 126 540
100 135 2899
100 136 9896
100 137 915
100 138 7131
100 139 4463
101 104 7482
101 109 4098
101 116 4237
101 118 2822
101 119 8955
101 120 9435
101 124 2168
101 127 6068
101 129 1724
101 130 258
101 135 7165
101 138 3232
101 140 5336
102 105 750
102 112 5240
102 113 4678
102 115 8403
102 118 169
102 125 1962
102 127 2541
102 131 5370
102 134 6092
102 136 8230
103 104 5248
103 109 832
103 110 4450
103 112 4627
103 113 5706
103 114 6717
103 116 2024
103 121 2781
103 125 7633
103 127 3631
103 129 1939
103 137 9938
104 126 8117
104 129 1391
104 130 1361
104 136 5866
104 137 6975
104 139 6645
104 140 836
104 141 6620
104 143 5584
105 107 2145
105 110 3569
105 117 7445
105 119 8886
105 123 8405
105 125 984
105 133 5883
105 134 5327
105 135 6129
105 138 8872
105 139 4530
105 141 4743
105 143 3125
106 108 2419
106 109 1875
106 110 9557
106 111 4119
106 112 1148
106 113 531
106 114 5829
106 115 6584
106 128 2886
106 133 1833
106 136 8948
106 138 4752
106 140 9359
107 108 6631
107 109 9313
107 111 7385
107 113 129
107 122 2968
107 126 3370
107 127 1050
107 132 3614
107 136 8186
107 143 9777
108 122 7018
108 128 7157
108 133 2249
108 135 9526
108 136 6977
108 139 2906
108 140 2135
108 143 8408
109 110 2557
109 111 4233
109 115 2115
109 116 7936
109 120 5356
109 126 5379
109 129 3781
109 136 124
109 137 3205
110 115 5994
110 117 9561
110 122 2400
110 124 705
110 125 6061
110 128 7772
110 131 3372
110 138 5163
111 113 2993
111 120 9166
111 121 2448
111 127 8978
111 134 3818
111 138 3469
111 140 1635
111 142 9787
112 121 9935
112 122 7855
112 123 6253
112 125 3654
112 131 3517
112 133 662
113 115 892
113 120 3592
113 133 9224
113 135 1187
113 141 31
114 118 1532
114 122 1129
114 123 7520
114 129 7374
114 133 8647
115 116 9936
115 118 4445
115 121 5966
115 131 5936
115 143 6233
116 119 7742
116 120 1501
116 136 6822
116 141 1526
117 119 2275
117 120 4964
117 121 7666
117 122 147
117 123 99
117 134 1785
117 138 5178
118 124 3153
118 125 725
118 130 4267
118 136 3082
119 123 7581
119 128 398
119 130 923
119 135 1587
120 123 6406
120 126 7555
120 131 5567
120 143 2884
121 122 9333
121 128 8085
121 129 8978
121 132 2021
121 133 8709
121 135 8955
121 139 7453
121 143 9019
122 123 5480
122 125 6384
122 130 4096
123 127 4553
123 132 8307
123 135 4263
123 138 486
123 142 9047
124 131 9386
124 137 2448
124 139 6758
125 132 217
126 128 6882
126 129 2911
126 130 8775
126 135 252
126 137 6
126 138 8088
126 139 1934
127 131 3653
127 140 6822
127 143 5768
128 134 7646
128 137 5418
129 138 4050
129 139 8058
129 141 7746
129 143 7594
131 132 8095
132 133 3374
132 136 4079
132 142 4902
133 139 3781
133 141 2072
133 143 2872
134 142 3429
134 143 9231
135 137 7762
135 141 2114
136 139 9598
136 142 5192
137 139 2575
137 141 1769
138 140 5984
140 141 1301
141 142 5058
141 143 4700
