60 433 9249 5
0 8 7722
0 16 2841
0 27 6279
0 35 4216
0 43 3836
0 53 8793
0 57 847
0 58 1818
1 2 6020
1 10 8738
1 18 7401
1 19 7522
1 22 2124
1 30 5024
1 37 8907
1 40 5775
1 41 62
1 51 2471
1 52 4645
1 55 1967
2 3 1455
2 9 2456
2 10 881
2 12 723
2 15 40
2 20 3557
2 25 8665
2 34 3579
2 35 9973
2 40 3663
2 50 7952
2 53 292
2 59 9576
3 4 1242
3 6 3185
3 8 6843
3 10 5312
3 14 6935
3 16 8254
3 19 6183
3 20 3029
3 21 3432
3 24 1315
3 31 2406
3 35 3089
3 36 3089
3 40 4338
3 42 4361
3 45 7358
3 48 8205
3 50 4504
3 52 1280
3 53 2416
3 54 6937
3 58 403
4 5 6428
4 7 4946
4 15 6155
4 27 4481
4 35 2163
4 37 4944
4 41 508
4 46 6759
4 49 7073
4 50 3545
4 53 2397
4 54 6867
4 56 5568
4 57 3164
4 59 756
5 6 4959
5 12 8548
5 20 2930
5 21 5698
5 31 6094
5 36 72
5 37 1449
5 38 9529
5 39 1161
5 46 9264
6 13 1896
6 15 2741
6 16 5912
6 20 3608
6 33 3146
6 34 2961
6 41 3803
6 42 6824
6 43 9484
6 44 7230
6 46 3416
6 49 501
6 51 5121
6 53 3193
7 26 3587
7 29 5777
7 30 4317
7 31 7171
7 33 1709
7 42 9115
7 44 9139
7 54 8470
8 17 6971
8 21 6837
8 22 2313
8 23 5066
8 26 1219
8 27 4101
8 34 8063
8 37 7304
8 52 4244
8 54 7491
9 16 8766
9 20 4624
9 23 8522
9 25 3574
9 28 7942
9 36 706
9 37 1857
9 39 256
9 45 1768
9 50 3877
9 52 224
9 59 986
10 20 3071
10 24 5493
10 29 2077
10 32 6142
10 33 7634
10 37 7309
10 42 687
10 54 6911
10 58 7215
11 12 2904
11 13 3326
11 17 5282
11 18 9692
11 19 6550
11 22 472
11 26 3835
11 28 6859
11 34 6941
11 36 6592
11 38 2873
11 40 7146
11 44 3784
11 45 8966
11 49 6446
11 52 9184
11 53 3292
12 14 3095
12 15 5428
12 19 2924
12 21 7924
12 22 6113
12 24 7537
12 26 3481
12 37 3605
12 45 4857
12 52 7713
12 54 6466
13 24 3797
13 25 6086
13 29 7873
13 30 8429
13 36 2916
13 40 4719
13 44 2998
13 48 2951
13 54 885
13 57 2258
14 23 8911
14 44 7773
14 47 1499
14 53 2435
14 59 4482
15 17 79
15 18 2056
15 21 8157
15 23 7742
15 24 1108
15 25 5799
15 26 104
15 29 9049
15 36 1559
15 42 2288
15 44 1149
15 52 9504
15 53 1786
15 58 7700
15 59 9210
16 17 9145
16 30 2942
16 31 7808
16 36 1188
16 38 2179
16 40 5939
16 44 8214
16 53 4059
17 18 4820
17 21 6384
17 40 8757
17 42 414
17 43 5005
17 46 3972
17 52 5508
17 58 7225
18 22 2417
18 27 6186
18 28 8101
18 29 6086
18 31 8123
18 34 747
18 35 9260
18 39 4115
18 40 1985
18 41 80
18 42 236
18 44 6507
18 45 7967
18 50 9652
18 51 363
18 55 8674
18 56 2792
19 21 2418
19 30 7574
19 42 7554
19 44 4439
19 51 4879
19 52 2710
19 56 9059
20 21 6551
20 23 8728
20 25 8615
20 29 4870
20 41 3108
20 50 1021
20 51 5375
20 52 6434
20 56 5844
20 59 7701
21 22 7412
21 23 3532
21 24 1446
21 26 3572
21 32 8802
21 34 6788
21 38 158
21 40 7278
21 41 2937
21 48 124
21 56 4034
22 23 9948
22 27 9838
22 34 2045
22 35 3095
22 36 7289
22 40 5346
22 44 8127
22 45 4616
22 50 2265
22 51 4016
22 53 2142
23 24 888
23 25 6302
23 30 1832
23 38 4268
23 41 4504
23 43 1870
23 54 4592
23 55 7498
23 56 8679
23 57 8186
23 59 8040
24 27 1922
24 29 9448
24 31 8233
24 34 6615
24 40 9897
24 49 4175
24 56 129
24 57 5615
25 28 5917
25 29 4425
25 30 4979
25 33 3564
25 36 8510
25 39 4421
25 42 1579
25 55 2605
26 30 1607
26 36 45
26 37 1601
26 41 2171
26 55 1009
26 56 4840
26 57 7008
27 28 9875
27 30 656
27 34 564
27 40 6395
27 45 5604
27 46 3277
27 54 7568
27 55 4291
28 34 8462
28 36 7249
28 38 50
28 50 4566
29 30 2313
29 33 8410
29 35 944
29 37 4240
29 39 7099
29 40 4019
29 42 6922
29 46 6490
29 49 9069
29 50 6818
29 51 2771
29 52 9274
29 53 8558
29 56 6035
29 57 6266
30 31 9055
30 34 9689
30 39 2385
30 44 1033
30 47 9598
30 53 3759
30 58 6562
31 34 777
31 42 358
31 43 9035
31 50 8428
31 58 3054
32 35 1444
32 48 4347
32 49 2688
32 53 7814
32 54 4446
32 55 6639
32 58 2702
32 59 1239
33 36 7438
33 43 4879
33 56 8909
34 35 7017
34 37 8891
34 42 6145
34 44 6186
34 49 9202
34 52 3917
34 55 8375
34 57 2092
34 59 5935
35 44 2018
35 49 7438
35 54 1151
35 56 3374
36 49 2039
36 50 7275
36 52 8088
36 58 3800
37 38 2547
37 40 2354
37 41 966
37 45 8576
37 52 2194
37 57 2714
38 46 7623
38 51 3656
38 52 9332
38 56 2548
39 43 1880
39 45 4194
39 46 9054
39 51 3225
39 52 4127
39 54 9878
40 44 949
40 45 5148
40 49 8361
40 50 3793
40 52 7734
40 56 5786
40 57 9613
41 43 7646
41 48 9387
41 50 4562
41 52 6627
42 47 998
42 48 371
42 56 6041
42 57 48
42 59 1674
43 45 8546
43 47 5859
43 48 6854
43 49 4135
43 52 1949
43 53 5530
44 45 4152
44 52 8028
44 55 7115
44 56 9767
45 48 5174
45 49 6029
45 56 6039
45 57 4566
46 52 9157
46 54 5417
47 48 2238
47 52 643
48 58 3385
49 50 8976
49 53 3854
49 54 946
50 54 670
50 59 6305
51 57 7864
51 59 2296
52 54 6038
52 57 1222
53 54 1823
53 56 7371
54 55 9151
55 58 1848
55 59 2344
56 57 6402
56 58 5118
57 59 8803
58 59 5391
