205 5233 49343 11
0 3 2474
0 5 6472
0 7 2908
0 9 9665
0 11 2604
0 14 2734
0 25 4604
0 28 6796
0 29 6115
0 31 5726
0 34 4523
0 40 7864
0 49 4048
0 51 9181
0 52 1475
0 54 8004
0 56 7598
0 59 1943
0 60 7362
0 62 7908
0 65 5765
0 67 1601
0 72 8967
0 75 8094
0 77 4090
0 78 362
0 80 1752
0 83 897
0 86 8398
0 88 9917
0 91 6736
0 96 7103
0 100 8683
0 102 8420
0 107 503
0 115 1960
0 119 6866
0 127 8021
0 128 2341
0 137 2162
0 150 2575
0 162 1203
0 164 6499
0 166 5362
0 170 7904
0 174 2207
0 176 9921
0 180 7985
0 183 9591
0 185 8195
0 186 4762
0 188 2845
0 190 8814
0 195 2946
0 199 4269
0 202 8943
1 3 1425
1 11 3798
1 17 6893
1 18 3725
1 20 9688
1 25 2141
1 27 6707
1 29 8582
1 32 6950
1 38 735
1 40 8377
1 41 7878
1 43 4592
1 45 5869
1 53 7660
1 66 3097
1 70 5257
1 77 2294
1 79 5851
1 82 7011
1 109 9400
1 112 3020
1 115 4129
1 124 943
1 126 7567
1 130 7742
1 133 4563
1 142 3455
1 143 5490
1 144 2876
1 149 6241
1 155 3704
1 157 8832
1 161 8924
1 162 4899
1 169 1403
1 170 1697
1 176 4200
1 181 3288
1 182 5877
1 185 4989
1 189 9576
1 193 3810
1 195 2596
1 196 2972
1 199 256
1 200 7721
1 203 2855
2 16 9360
2 18 6612
2 24 3536
2 26 7781
2 29 1290
2 34 9714
2 35 6893
2 42 9141
2 44 2907
2 56 7389
2 63 4504
2 65 8122
2 71 715
2 73 3516
2 75 9724
2 79 8825
2 80 5109
2 84 6126
2 91 6779
2 92 2223
2 98 4248
2 105 4376
2 112 2439
2 113 7299
2 115 2645
2 116 3241
2 119 8388
2 125 3059
2 134 6718
2 140 4456
2 142 2887
2 145 7034
2 148 1424
2 150 1185
2 152 4228
2 154 1459
2 155 6657
2 156 128
2 158 9172
2 167 7283
2 172 9251
2 173 3865
2 188 8810
2 191 1150
2 193 4226
2 194 8386
3 6 7077
3 7 838
3 20 3922
3 22 2767
3 23 3776
3 30 217
3 31 1238
3 35 422
3 36 2059
3 38 7496
3 40 313
3 44 3546
3 46 1441
3 54 3377
3 55 6159
3 57 5534
3 59 9020
3 63 1888
3 66 190
3 72 8410
3 74 8785
3 76 948
3 77 1267
3 85 2488
3 95 8103
3 96 6316
3 100 8298
3 104 690
3 108 9345
3 109 8541
3 110 2804
3 112 6529
3 114 2807
3 116 2390
3 119 2187
3 120 6150
3 122 9677
3 123 7949
3 124 5585
3 127 7224
3 131 8199
3 132 8643
3 133 8615
3 136 8118
3 138 9201
3 139 48
3 146 2213
3 148 5880
3 149 7903
3 156 39
3 158 5927
3 159 2332
3 165 1972
3 168 643
3 169 9053
3 173 3503
3 174 2210
3 176 4401
3 177 5671
3 178 618
3 179 7338
3 187 2669
3 190 7444
3 192 5534
3 194 2316
4 9 525
4 13 1669
4 14 3163
4 15 2886
4 16 8179
4 22 7727
4 31 6563
4 33 312
4 36 1764
4 42 1047
4 47 953
4 56 2320
4 59 6464
4 66 3645
4 68 7470
4 69 4835
4 75 7814
4 80 836
4 83 9704
4 87 5587
4 97 4085
4 99 9018
4 101 4012
4 102 1504
4 106 7539
4 109 8742
4 115 5019
4 121 8723
4 124 4109
4 129 8991
4 133 3439
4 136 3727
4 137 3465
4 139 9802
4 145 2449
4 152 4875
4 153 8057
4 156 8606
4 166 3974
4 167 4809
4 168 8435
4 169 8945
4 171 131
4 175 9752
4 181 1609
4 185 9693
4 186 8057
4 187 2758
4 188 4719
4 197 3350
4 198 4838
4 204 2564
5 10 1410
5 13 6762
5 25 2018
5 30 9637
5 33 6762
5 34 1892
5 38 63
5 54 4825
5 57 3261
5 61 4536
5 63 4317
5 72 2176
5 73 7639
5 85 7353
5 86 5355
5 90 816
5 91 7795
5 96 8156
5 100 2715
5 103 6482
5 110 9729
5 121 6217
5 123 8525
5 125 9468
5 127 9908
5 129 3772
5 138 9035
5 140 6780
5 141 9298
5 155 9193
5 156 1041
5 163 2991
5 164 7970
5 165 7024
5 172 3775
5 174 5654
5 177 4156
5 190 1597
5 191 8330
5 193 2669
5 195 4818
5 201 9750
5 204 8982
6 11 9108
6 13 6
6 14 7929
6 18 110
6 20 7016
6 22 3096
6 24 5250
6 33 5
6 34 2682
6 39 2310
6 46 8985
6 50 4993
6 51 7467
6 53 6012
6 60 9501
6 62 4234
6 65 5135
6 70 8727
6 71 8885
6 74 6236
6 76 1675
6 77 8397
6 78 309
6 80 188
6 82 6629
6 88 7461
6 89 2310
6 93 4395
6 94 3964
6 98 8475
6 100 3551
6 113 6627
6 120 7642
6 126 5500
6 130 8090
6 137 9946
6 139 3883
6 145 41
6 146 7103
6 148 4092
6 151 9039
6 154 1477
6 155 3323
6 160 1013
6 167 8124
6 168 7134
6 172 3910
6 178 8351
6 179 8846
6 180 3881
6 184 6737
6 193 9755
6 200 5160
6 204 6117
7 11 9948
7 15 6662
7 16 402
7 21 5537
7 36 8293
7 41 1070
7 42 2562
7 50 9991
7 58 248
7 60 8552
7 63 3865
7 64 7466
7 65 7632
7 67 3835
7 68 3229
7 69 5095
7 70 2918
7 72 5372
7 78 210
7 82 3067
7 85 7956
7 88 7782
7 89 7895
7 91 7542
7 92 5938
7 98 8034
7 102 6449
7 105 7553
7 108 3487
7 116 5988
7 121 9104
7 123 7187
7 124 8974
7 128 2788
7 135 1086
7 136 4201
7 141 7712
7 151 9685
7 159 2776
7 162 5980
7 163 1245
7 166 3552
7 177 9088
7 180 5542
7 181 9840
7 184 6591
7 192 1481
7 197 5137
7 203 8276
8 9 4263
8 14 4693
8 16 3354
8 17 5620
8 18 8226
8 19 6533
8 20 231
8 21 7195
8 25 3054
8 26 9085
8 27 7963
8 30 3905
8 33 6808
8 36 100
8 43 2501
8 58 3793
8 60 8922
8 76 9971
8 77 9362
8 79 237
8 86 6937
8 87 7442
8 97 8404
8 103 9077
8 104 8586
8 107 468
8 111 2476
8 113 4405
8 120 823
8 124 2201
8 134 4847
8 139 8689
8 152 2074
8 157 7980
8 158 3607
8 159 6079
8 162 8128
8 167 5360
8 170 649
8 175 647
8 176 971
8 178 1334
8 182 5249
8 183 2187
8 188 843
8 189 5203
8 192 2755
8 199 4926
9 15 6197
9 19 7347
9 20 2674
9 23 6143
9 27 5700
9 30 563
9 35 2101
9 37 1629
9 44 3551
9 45 7533
9 46 262
9 48 4253
9 56 6349
9 59 6091
9 62 8514
9 66 5523
9 70 3228
9 71 9524
9 72 260
9 76 6684
9 77 5425
9 78 5277
9 81 367
9 86 4874
9 88 748
9 89 4946
9 90 6295
9 93 2799
9 100 8476
9 103 3382
9 114 7924
9 117 4800
9 119 9091
9 128 7767
9 130 6037
9 139 3643
9 140 6211
9 158 8052
9 160 8916
9 161 9302
9 162 9336
9 177 9930
9 178 6028
9 181 606
9 193 5303
9 195 7060
9 198 4217
9 201 746
9 202 3492
9 204 2091
10 15 4826
10 21 9580
10 22 3219
10 23 321
10 25 3561
10 26 8784
10 31 5469
10 35 6953
10 40 7709
10 44 8791
10 45 5691
10 46 1880
10 49 9384
10 50 4531
10 53 6939
10 63 6928
10 67 6349
10 68 3950
10 72 7675
10 76 7728
10 78 4822
10 84 3582
10 87 5643
10 92 7971
10 104 4306
10 107 9566
10 110 548
10 111 4263
10 119 9539
10 123 952
10 128 2306
10 144 5463
10 148 6289
10 149 6600
10 157 815
10 158 1652
10 163 1219
10 164 2651
10 165 7808
10 170 2517
10 171 168
10 174 850
10 179 4902
10 180 686
10 181 2185
10 182 5005
10 183 7153
10 188 6524
10 192 9792
10 193 5456
10 194 7709
10 196 5153
11 27 9283
11 30 5404
11 34 3625
11 40 8758
11 41 8976
11 42 4586
11 47 9501
11 49 5598
11 51 7596
11 52 9086
11 65 5956
11 66 370
11 76 9814
11 77 8850
11 79 3332
11 92 7493
11 95 9110
11 105 4165
11 106 7257
11 115 2900
11 135 1790
11 139 8640
11 140 4744
11 146 4817
11 147 1473
11 148 3603
11 150 3483
11 151 108
11 154 7335
11 160 1954
11 163 3289
11 165 9456
11 166 7463
11 167 1717
11 172 4814
11 174 6625
11 181 2293
11 186 2455
11 191 4020
11 192 4483
11 194 1878
11 197 4758
11 198 3127
11 200 654
12 17 8087
12 24 7932
12 26 892
12 28 9500
12 36 6529
12 39 3562
12 40 3887
12 46 4235
12 47 4525
12 50 2816
12 51 2701
12 55 9313
12 60 5706
12 63 1366
12 64 2493
12 66 8827
12 70 7327
12 72 351
12 73 7039
12 76 630
12 85 2029
12 86 7238
12 92 9279
12 97 9882
12 100 7912
12 105 6828
12 106 9633
12 107 3719
12 110 146
12 114 6109
12 118 8534
12 119 8156
12 120 3989
12 124 9299
12 130 7924
12 134 6261
12 137 5969
12 141 6364
12 142 2430
12 168 4188
12 173 2658
12 191 9554
12 198 8550
12 200 6015
13 14 6995
13 15 2721
13 20 4903
13 21 9439
13 22 5759
13 23 2948
13 26 9144
13 28 1661
13 29 1126
13 30 6294
13 32 6523
13 33 7609
13 42 1532
13 44 101
13 50 4396
13 54 4793
13 56 8380
13 57 9994
13 60 5594
13 67 6161
13 68 7804
13 75 3730
13 78 1353
13 79 4119
13 83 4880
13 84 8491
13 87 9041
13 103 831
13 107 3636
13 113 9224
13 115 543
13 120 4315
13 123 567
13 131 7978
13 136 9894
13 137 8278
13 140 4446
13 143 5013
13 144 4773
13 146 3108
13 147 159
13 151 2149
13 160 1711
13 163 2669
13 164 6591
13 166 7177
13 167 3239
13 170 5858
13 172 71
13 173 7824
13 174 6435
13 175 890
13 180 723
13 181 1313
13 182 5863
13 188 5046
13 189 3537
13 192 9956
13 194 6715
13 197 1140
13 199 2018
13 202 6304
13 204 7954
14 24 5226
14 26 8256
14 29 7051
14 30 7347
14 37 1808
14 41 9327
14 44 6680
14 46 3413
14 49 4265
14 54 8347
14 60 5662
14 62 4628
14 70 8762
14 72 7034
14 78 8331
14 82 6866
14 87 1373
14 101 770
14 102 470
14 116 4850
14 118 218
14 120 1911
14 126 8371
14 127 1414
14 133 8648
14 136 6792
14 139 429
14 141 2736
14 144 8452
14 146 1334
14 149 3827
14 150 4970
14 157 4112
14 161 9722
14 163 3129
14 166 6788
14 169 8510
14 171 8401
14 174 4155
14 178 6643
14 182 185
14 183 2027
14 185 3841
14 190 591
14 203 3656
15 16 7354
15 17 6553
15 24 8547
15 25 8106
15 26 6410
15 29 1259
15 40 921
15 42 1118
15 50 7849
15 62 5450
15 65 5863
15 68 7824
15 72 775
15 73 6644
15 83 3655
15 94 935
15 96 9489
15 99 7729
15 101 5155
15 105 15
15 106 1563
15 108 6386
15 109 4865
15 113 5063
15 126 1889
15 130 7041
15 132 4803
15 135 228
15 137 7381
15 143 7042
15 146 4404
15 147 5435
15 154 9312
15 159 6754
15 161 7577
15 166 8004
15 167 603
15 170 2241
15 175 504
15 176 5322
15 179 1860
15 182 6187
15 183 1284
15 184 1202
15 185 1973
15 187 8103
15 190 1660
15 199 866
15 202 5459
16 26 9681
16 28 3208
16 29 6633
16 30 4282
16 33 5569
16 37 9306
16 47 7334
16 49 9959
16 59 705
16 65 6763
16 66 6247
16 73 3275
16 75 9063
16 77 231
16 78 2424
16 79 2067
16 89 259
16 93 2807
16 95 8869
16 99 9381
16 101 9701
16 104 1928
16 107 5326
16 109 5579
16 116 6645
16 125 4254
16 126 1662
16 127 7348
16 131 5988
16 138 1836
16 139 4695
16 140 9331
16 155 7476
16 158 6453
16 160 4978
16 161 2411
16 163 4073
16 165 568
16 175 229
16 188 5134
16 190 3552
16 191 6843
16 192 1261
16 193 9522
16 194 7350
16 196 4868
16 198 1207
16 201 8417
16 204 8507
17 19 4058
17 20 1283
17 21 862
17 26 8319
17 35 291
17 43 6324
17 53 5349
17 55 1365
17 57 5084
17 59 8357
17 70 8582
17 74 9212
17 76 5467
17 80 479
17 86 5574
17 96 835
17 98 9436
17 103 1297
17 105 1853
17 109 5770
17 112 2124
17 114 1615
17 116 6415
17 117 7926
17 119 439
17 127 6580
17 131 5043
17 140 4895
17 152 2109
17 160 3697
17 164 9454
17 165 5783
17 174 3158
17 181 3172
17 182 3660
17 183 40
17 186 1414
17 187 4521
17 204 7049
18 22 5114
18 26 5364
18 28 8887
18 30 1195
18 32 5199
18 38 1821
18 39 9317
18 44 6773
18 59 4996
18 63 7458
18 69 4552
18 75 9364
18 76 4321
18 85 6057
18 91 1367
18 96 2930
18 98 9069
18 101 4382
18 102 5575
18 106 9477
18 114 3940
18 118 6032
18 120 6300
18 121 3876
18 126 7388
18 130 9064
18 142 8331
18 147 7018
18 148 6814
18 153 2596
18 155 5825
18 161 1186
18 172 2007
18 173 5881
18 174 7463
18 175 751
18 177 5540
18 183 725
18 184 2135
18 187 6255
18 198 4122
18 200 1064
18 204 4646
19 20 8892
19 21 1760
19 25 7942
19 27 6091
19 36 7384
19 37 9236
19 38 9137
19 40 3354
19 42 6066
19 43 7630
19 44 8759
19 46 2102
19 50 4941
19 51 6441
19 54 8189
19 60 2253
19 64 5934
19 68 204
19 72 712
19 73 8180
19 79 4553
19 85 2683
19 93 30
19 96 7864
19 97 2201
19 103 3075
19 114 4132
19 117 1444
19 120 6450
19 129 2641
19 130 4146
19 136 9839
19 137 779
19 138 1555
19 144 9415
19 146 3424
19 148 5019
19 164 7550
19 167 8603
19 172 7164
19 174 7468
19 175 8251
19 182 5740
19 185 3522
19 190 9936
19 192 3595
19 194 6715
19 199 2628
19 204 7573
20 21 5838
20 22 124
20 23 9857
20 29 6776
20 30 1924
20 39 903
20 48 5906
20 49 9369
20 52 8453
20 53 5399
20 54 8
20 56 836
20 61 4007
20 62 4770
20 67 8692
20 68 6483
20 77 7253
20 79 6253
20 80 3497
20 81 8542
20 83 9400
20 89 2776
20 91 2159
20 93 2525
20 98 1931
20 101 8834
20 102 2820
20 104 2733
20 113 4082
20 115 8639
20 119 9127
20 121 5059
20 124 9833
20 128 4071
20 130 1379
20 135 4768
20 136 9363
20 137 6088
20 139 5236
20 141 115
20 142 8788
20 143 6058
20 144 6888
20 146 4990
20 147 4490
20 155 8778
20 156 2337
20 157 8912
20 158 9996
20 165 4282
20 174 6643
20 178 9075
20 180 7706
20 183 9585
20 189 832
20 191 4780
20 200 1786
20 203 1848
21 28 6710
21 31 3343
21 32 6606
21 33 9435
21 36 748
21 38 6664
21 41 6845
21 43 6556
21 48 4617
21 49 8796
21 50 6535
21 55 307
21 58 4123
21 69 7078
21 72 7903
21 74 4716
21 75 2867
21 79 1862
21 85 3327
21 86 8599
21 91 1701
21 93 18
21 98 1335
21 102 3807
21 111 9697
21 112 9814
21 122 1169
21 127 9905
21 128 3366
21 130 6233
21 133 7554
21 135 9872
21 138 1052
21 150 3341
21 152 344
21 155 3424
21 159 2222
21 161 3562
21 162 7139
21 164 8107
21 168 7235
21 169 5108
21 172 674
21 173 6543
21 179 9334
21 181 9846
21 183 897
21 191 4515
21 194 7662
21 195 7805
21 196 4248
21 198 4463
21 202 9242
21 203 4256
21 204 2868
22 26 7516
22 29 9593
22 30 2287
22 32 9770
22 37 8125
22 51 7274
22 59 5057
22 61 1908
22 63 2539
22 64 7721
22 68 6854
22 74 7834
22 78 8550
22 79 9930
22 83 1310
22 86 9704
22 96 723
22 98 6679
22 99 2325
22 102 1565
22 112 1223
22 125 9777
22 138 496
22 142 5080
22 143 3293
22 145 1054
22 151 7382
22 152 5209
22 165 1881
22 167 41
22 170 9250
22 184 5952
22 185 3683
22 186 2468
22 195 3487
22 197 7904
23 26 9123
23 27 9320
23 29 5028
23 34 2792
23 37 3466
23 39 5085
23 46 2884
23 51 4075
23 54 9479
23 55 4366
23 63 166
23 66 1033
23 67 1173
23 75 6572
23 79 9644
23 92 9133
23 94 3937
23 98 2839
23 102 9605
23 122 5821
23 124 4189
23 126 7377
23 131 9283
23 135 7227
23 140 3061
23 143 5402
23 144 2442
23 148 2010
23 150 3996
23 160 2856
23 161 4113
23 163 4129
23 166 4142
23 169 1006
23 171 6887
23 173 2848
23 176 1887
23 178 8017
23 180 7300
23 188 8594
23 189 2056
23 199 6324
23 200 6650
23 203 2421
23 204 6803
24 25 3302
24 28 9351
24 30 7199
24 32 4816
24 34 1366
24 35 2386
24 39 3259
24 44 2897
24 48 572
24 49 2371
24 50 7085
24 58 4252
24 60 1513
24 71 6719
24 73 3162
24 75 8950
24 80 7352
24 81 8715
24 85 6448
24 87 6306
24 91 4742
24 92 9976
24 99 5573
24 100 8930
24 102 6438
24 106 5175
24 112 2146
24 114 8977
24 115 8617
24 116 6012
24 118 1117
24 123 3570
24 124 5859
24 127 2885
24 129 3953
24 133 9749
24 136 2643
24 146 7148
24 149 5797
24 150 6755
24 151 6385
24 160 8441
24 162 7208
24 165 5399
24 168 908
24 170 5030
24 171 3618
24 175 122
24 184 8097
24 187 5968
24 190 4139
24 196 578
24 201 6647
25 31 6003
25 40 1447
25 57 4165
25 59 7749
25 60 2795
25 69 5399
25 71 4140
25 78 797
25 91 8724
25 94 2750
25 96 9946
25 106 4697
25 110 201
25 119 5501
25 124 3888
25 128 8924
25 134 3046
25 137 6108
25 138 731
25 140 8376
25 143 7885
25 146 5216
25 148 4771
25 152 9417
25 153 8520
25 155 3227
25 159 1248
25 161 4272
25 164 2868
25 166 999
25 169 7557
25 170 5715
25 173 5361
25 174 7085
25 175 5016
25 182 5712
25 184 8911
25 186 4248
25 193 1778
25 194 974
25 195 8337
25 196 8590
26 34 354
26 36 5580
26 39 8256
26 44 8561
26 45 7554
26 47 7280
26 52 1484
26 54 1346
26 55 2891
26 56 1077
26 58 6044
26 65 920
26 68 9223
26 72 4160
26 81 1606
26 85 3104
26 90 8779
26 91 934
26 99 6531
26 110 5203
26 113 304
26 114 3648
26 116 2398
26 117 6369
26 120 9465
26 121 935
26 122 96
26 126 6601
26 127 231
26 132 1207
26 133 3212
26 134 8534
26 136 1925
26 137 5178
26 146 5433
26 152 6193
26 157 8196
26 164 3104
26 168 9199
26 170 7905
26 171 4543
26 180 5496
26 184 4316
26 186 4008
26 190 6759
26 191 4071
26 197 5009
26 201 5328
27 28 2090
27 29 7853
27 30 8706
27 42 1175
27 43 4968
27 46 1892
27 65 5612
27 66 5073
27 67 9341
27 77 4729
27 79 6161
27 82 1839
27 84 4713
27 89 6054
27 97 4243
27 100 9068
27 104 2738
27 107 7968
27 109 7230
27 110 1946
27 118 125
27 122 9688
27 123 4711
27 124 6345
27 126 449
27 134 112
27 145 4871
27 146 4544
27 151 7322
27 154 4950
27 162 9415
27 166 9899
27 171 3655
27 179 6761
27 181 7355
27 185 5569
27 190 7521
27 192 7477
27 197 3580
27 202 9966
27 203 2317
27 204 7144
28 32 8549
28 33 1757
28 40 5519
28 44 8892
28 46 7062
28 53 3589
28 63 7295
28 68 4948
28 72 6708
28 75 7777
28 76 2787
28 80 6944
28 81 9779
28 82 6661
28 84 554
28 85 6214
28 91 1062
28 99 7409
28 103 8104
28 109 1064
28 118 9733
28 122 9040
28 123 4082
28 128 4752
28 137 8956
28 144 8727
28 145 5592
28 148 2182
28 149 166
28 151 7273
28 153 1638
28 156 8528
28 165 5066
28 170 6351
28 173 7029
28 179 6470
28 180 6581
28 188 9310
28 193 6080
28 199 1815
28 200 1685
28 201 1980
28 202 4978
29 36 146
29 37 2251
29 43 5526
29 44 3279
29 45 428
29 51 6604
29 55 1569
29 56 494
29 62 1434
29 64 1492
29 65 3516
29 72 7653
29 76 5620
29 78 7786
29 86 1590
29 92 9306
29 95 974
29 96 4415
29 97 251
29 101 4345
29 102 6706
29 109 6947
29 112 5129
29 113 629
29 117 2551
29 118 5928
29 121 4815
29 124 7561
29 133 5416
29 136 773
29 140 2294
29 143 5694
29 151 8274
29 152 4782
29 159 3055
29 160 9052
29 162 9103
29 165 8399
29 170 8895
29 171 7400
29 172 5015
29 174 5986
29 176 3320
29 179 2553
29 181 416
29 188 2505
29 196 5800
30 40 9547
30 46 3867
30 54 2578
30 57 7084
30 60 594
30 73 6972
30 81 7069
30 82 5646
30 87 322
30 88 7472
30 90 7585
30 92 1677
30 99 7717
30 105 6566
30 107 2477
30 108 4802
30 111 9163
30 113 1709
30 122 9026
30 123 5129
30 124 3803
30 129 4780
30 131 2561
30 133 6255
30 134 3562
30 141 1538
30 143 4112
30 154 8700
30 160 5549
30 161 3567
30 162 130
30 164 3166
30 170 2110
30 182 7766
30 183 7813
30 186 7758
30 187 8487
30 189 464
30 190 2951
30 191 6897
30 192 8008
30 196 5465
30 200 7211
30 202 3216
30 204 5426
31 34 1948
31 38 9474
31 39 9184
31 41 8685
31 43 9481
31 44 9377
31 58 4718
31 59 8991
31 60 4694
31 64 9034
31 65 2981
31 68 9478
31 79 7910
31 84 7705
31 88 8657
31 91 5236
31 98 6237
31 100 1421
31 104 4958
31 105 6025
31 113 9785
31 116 1912
31 132 6531
31 133 4298
31 135 3831
31 138 9875
31 140 9481
31 149 6936
31 161 8865
31 169 1218
31 171 2460
31 174 4706
31 175 3142
31 178 489
31 185 7388
31 188 5495
31 191 6636
31 195 5307
32 33 3417
32 36 9810
32 39 3806
32 42 347
32 45 3604
32 46 6455
32 48 4972
32 51 4710
32 52 9855
32 53 3942
32 54 3659
32 57 4555
32 59 9070
32 61 2972
32 70 794
32 74 440
32 77 2174
32 79 8418
32 81 3146
32 83 6556
32 91 3954
32 98 1033
32 104 6937
32 105 3907
32 107 1972
32 108 7538
32 117 5503
32 119 3585
32 133 7734
32 134 3560
32 150 233
32 153 6569
32 157 7488
32 165 4738
32 166 9612
32 174 3556
32 180 6438
32 183 5343
32 185 3202
32 186 4870
32 188 7880
32 191 2530
32 192 6068
32 196 4803
32 201 2359
32 202 4907
33 35 3930
33 46 7240
33 49 448
33 50 6382
33 59 9500
33 65 3183
33 66 9449
33 69 9846
33 72 6452
33 74 1172
33 78 5655
33 85 7809
33 87 7809
33 97 8683
33 109 8725
33 113 7762
33 123 4697
33 141 970
33 143 8018
33 147 1552
33 148 744
33 149 9677
33 150 714
33 154 2694
33 157 3758
33 166 6699
33 167 7189
33 168 3043
33 170 1868
33 171 2688
33 181 9446
33 185 9834
33 186 7977
33 187 3518
33 190 9415
33 200 9291
33 201 3424
34 38 7150
34 41 9041
34 42 1435
34 45 7511
34 50 5099
34 52 3959
34 53 9834
34 55 1190
34 65 8349
34 70 7245
34 75 4312
34 81 6804
34 90 7667
34 91 4582
34 96 4949
34 98 2173
34 102 3405
34 106 2896
34 108 3421
34 111 9490
34 114 6909
34 117 1069
34 118 297
34 120 9428
34 122 6527
34 134 4009
34 137 2604
34 138 4695
34 140 2815
34 144 9353
34 151 4907
34 156 303
34 162 3851
34 168 2731
34 171 7467
34 177 8449
34 181 3247
34 182 8011
34 186 3049
34 187 9208
34 188 4827
34 189 3640
34 190 4217
34 195 8344
34 196 9526
34 197 5426
34 198 7742
34 199 4872
35 40 7555
35 41 6226
35 45 419
35 53 5674
35 54 4903
35 67 7055
35 70 6031
35 78 6974
35 83 6396
35 84 60
35 88 2571
35 96 359
35 98 6383
35 100 2215
35 105 4619
35 106 8939
35 122 9281
35 128 8087
35 142 6872
35 147 37
35 148 8643
35 149 887
35 151 6391
35 153 8197
35 156 439
35 157 8331
35 159 5688
35 163 9474
35 169 277
35 171 3030
35 173 6903
35 176 8704
35 177 4816
35 180 9060
35 194 2403
35 195 2341
35 197 5899
35 201 7726
35 203 9673
36 40 6543
36 41 3229
36 43 661
36 45 3870
36 46 4338
36 49 7735
36 50 4130
36 55 9232
36 60 1250
36 61 8844
36 66 279
36 67 834
36 73 8876
36 78 8080
36 81 5498
36 110 4102
36 113 8460
36 114 4897
36 116 6562
36 119 1791
36 122 8600
36 126 1453
36 132 9142
36 140 103
36 141 5646
36 143 5847
36 147 2789
36 148 2121
36 149 6864
36 156 8369
36 157 2861
36 159 7774
36 161 4560
36 162 9625
36 164 6020
36 166 4725
36 172 6976
36 180 3918
36 189 293
36 192 2558
36 194 2145
36 197 3619
36 198 7501
36 200 5794
36 201 7027
37 38 3225
37 43 4122
37 44 5216
37 46 6833
37 50 9010
37 53 5787
37 55 3338
37 56 6197
37 64 4538
37 68 5258
37 69 8848
37 75 9690
37 85 3406
37 88 5773
37 113 5891
37 116 6473
37 117 7301
37 126 3198
37 127 1121
37 135 5345
37 136 7916
37 140 3692
37 141 5734
37 145 8120
37 148 5443
37 158 3323
37 159 7500
37 163 5259
37 164 4097
37 167 9631
37 168 7960
37 175 7920
37 176 8602
37 180 9343
37 187 4718
37 189 8020
37 194 8349
37 201 292
37 203 5752
38 41 1349
38 42 8877
38 43 1279
38 46 1075
38 55 8803
38 60 7486
38 66 3392
38 68 2543
38 75 6344
38 81 7601
38 84 3876
38 103 5348
38 111 156
38 114 2540
38 119 7108
38 120 5317
38 127 8100
38 130 2276
38 136 8558
38 140 1678
38 143 574
38 148 2215
38 149 9288
38 153 6323
38 159 6400
38 162 3675
38 163 5857
38 166 7944
38 173 1115
38 184 8386
38 188 5073
38 189 5310
38 194 3389
39 40 4574
39 42 8561
39 43 5801
39 50 5651
39 51 1800
39 60 4772
39 63 1427
39 64 3865
39 66 2108
39 67 1019
39 76 9803
39 78 4766
39 81 5013
39 82 5224
39 83 9622
39 86 4542
39 87 3337
39 91 5054
39 92 6309
39 93 408
39 104 5788
39 106 1179
39 108 6291
39 112 1625
39 113 6869
39 116 6198
39 117 8681
39 122 2666
39 127 9289
39 132 4981
39 134 6236
39 140 7183
39 142 142
39 143 963
39 145 821
39 146 7537
39 148 4088
39 149 864
39 158 2522
39 159 6645
39 162 8711
39 163 9607
39 179 9865
39 183 4893
39 188 4578
39 191 3100
39 194 1951
39 198 5252
39 201 7825
40 41 4471
40 42 4514
40 48 9948
40 49 4830
40 51 2233
40 56 233
40 59 1799
40 63 6632
40 65 3131
40 68 8638
40 71 2528
40 74 2197
40 80 2373
40 83 4342
40 86 5559
40 93 8577
40 95 8965
40 99 8609
40 106 8176
40 116 6327
40 118 3458
40 120 5039
40 123 6222
40 125 2356
40 126 1933
40 128 197
40 132 1522
40 136 5520
40 140 8217
40 145 1990
40 148 9911
40 149 3178
40 152 3563
40 155 6667
40 156 6475
40 160 3528
40 161 8592
40 165 3664
40 168 2706
40 169 947
40 172 853
40 173 6930
40 174 911
40 175 3944
40 177 4737
40 178 5827
40 183 5147
40 184 6295
40 185 1455
40 186 9538
40 190 8647
40 198 6862
41 42 7943
41 45 8876
41 51 7144
41 62 1024
41 66 9182
41 68 6437
41 69 1024
41 70 5531
41 80 7455
41 103 4219
41 105 821
41 107 3585
41 114 2029
41 120 351
41 121 9096
41 134 3004
41 135 5848
41 136 7959
41 137 6767
41 140 8201
41 141 4115
41 144 949
41 147 4367
41 150 8945
41 159 1340
41 167 357
41 168 850
41 170 9665
41 171 963
41 173 8249
41 180 2596
41 183 4338
41 185 8914
41 187 9216
41 194 6978
41 197 8152
41 199 9761
42 44 9065
42 47 4719
42 51 567
42 52 228
42 55 2564
42 63 1728
42 64 8100
42 66 9563
42 72 3647
42 82 7117
42 89 6009
42 97 3135
42 107 8121
42 110 2753
42 111 5493
42 114 4995
42 115 6968
42 120 1222
42 128 8743
42 135 2418
42 137 736
42 138 2325
42 142 9333
42 144 9170
42 145 9805
42 147 5992
42 148 1476
42 155 6574
42 156 6414
42 157 1928
42 160 7082
42 166 5754
42 174 4085
42 177 1440
42 182 3951
42 183 9461
42 185 2703
42 186 7691
42 187 1191
42 189 4930
42 190 2851
42 195 5978
42 198 9824
42 199 3461
43 49 4693
43 59 1638
43 64 8603
43 74 9929
43 76 1117
43 79 6045
43 87 8791
43 93 401
43 101 2557
43 109 7682
43 114 1865
43 116 1852
43 141 5743
43 143 5897
43 147 4517
43 158 412
43 161 781
43 162 9617
43 166 5923
43 167 4418
43 168 6508
43 170 3386
43 173 8532
43 175 4431
43 179 3389
43 180 2578
43 182 7571
43 185 8960
43 194 7322
44 50 541
44 59 2522
44 65 377
44 72 9636
44 74 229
44 79 6797
44 99 7440
44 103 5504
44 109 923
44 113 4030
44 115 2960
44 116 1902
44 119 389
44 122 9278
44 125 4200
44 129 8699
44 137 5971
44 138 4259
44 142 8975
44 145 8851
44 148 875
44 149 3535
44 154 3941
44 156 8745
44 158 1805
44 159 9506
44 160 9578
44 161 1581
44 162 9745
44 163 7996
44 164 1209
44 176 2632
44 181 5176
44 184 9201
44 186 7576
44 188 4090
44 189 5558
44 192 268
44 203 2028
45 53 404
45 54 2408
45 55 4970
45 64 7029
45 69 6937
45 76 2882
45 87 1386
45 91 3333
45 96 7800
45 103 536
45 106 7514
45 108 3538
45 109 1263
45 110 9610
45 114 4759
45 115 3320
45 116 9746
45 119 5896
45 120 7272
45 127 8621
45 131 136
45 133 6064
45 135 3131
45 142 4445
45 143 4869
45 147 2877
45 149 3259
45 150 5596
45 153 3103
45 157 3778
45 158 3851
45 176 2275
45 178 4275
45 179 1183
45 181 1129
45 191 3841
45 192 3209
45 194 4099
45 195 6248
45 199 4922
45 204 2978
46 49 5767
46 51 305
46 55 4633
46 66 6894
46 70 6742
46 75 9486
46 78 2425
46 87 981
46 96 4713
46 103 968
46 108 3357
46 109 3307
46 115 6561
46 118 4418
46 121 4627
46 123 6813
46 135 6589
46 137 4968
46 138 8912
46 140 5219
46 152 8150
46 159 7461
46 163 792
46 167 3738
46 177 9090
46 180 8297
46 181 2419
46 184 1781
46 192 8318
46 198 8509
46 199 6782
46 203 9820
47 49 8243
47 62 5361
47 63 5404
47 67 3553
47 69 8443
47 70 7729
47 75 8776
47 77 3082
47 79 9958
47 80 262
47 81 2154
47 82 7694
47 90 9738
47 96 736
47 99 2565
47 102 8996
47 107 709
47 111 705
47 116 7224
47 121 5684
47 127 4717
47 132 5647
47 134 3349
47 137 8640
47 139 4060
47 140 3270
47 144 7757
47 147 9241
47 152 9318
47 158 4747
47 165 1085
47 172 6361
47 174 6203
47 183 1460
47 184 2633
47 190 7208
47 192 9299
47 195 1017
47 199 8321
48 53 7491
48 58 3004
48 59 2759
48 70 5085
48 72 6223
48 75 6072
48 76 5225
48 80 9004
48 82 7207
48 106 3090
48 107 8752
48 114 353
48 115 6124
48 121 982
48 123 6502
48 126 6816
48 128 6958
48 129 8387
48 132 5672
48 143 5326
48 144 1696
48 145 5797
48 147 1621
48 148 6771
48 152 139
48 154 1780
48 160 7031
48 164 3165
48 165 748
48 170 8077
48 173 5938
48 186 3485
48 188 2044
49 53 9678
49 54 3508
49 55 5077
49 60 7978
49 62 9838
49 68 8339
49 69 1891
49 71 4024
49 72 149
49 74 5943
49 78 3979
49 81 7709
49 96 1124
49 98 4731
49 99 1416
49 104 2750
49 107 6386
49 110 7856
49 113 956
49 115 9775
49 118 2460
49 120 6230
49 123 3327
49 129 1298
49 133 3980
49 146 9271
49 147 9107
49 161 1322
49 163 1959
49 172 9565
49 181 7131
49 183 5160
49 191 1780
49 192 553
50 54 2009
50 59 8540
50 65 8639
50 67 8854
50 73 644
50 79 3115
50 80 8920
50 83 4365
50 89 299
50 92 4150
50 96 8200
50 99 6991
50 102 4346
50 107 6157
50 110 9035
50 117 4411
50 130 6855
50 134 879
50 142 8363
50 148 3313
50 152 5076
50 161 2896
50 163 4711
50 167 3907
50 169 7643
50 174 8193
50 188 7911
50 194 7119
50 195 7994
50 200 1457
50 203 4973
50 204 1282
51 68 431
51 71 9267
51 73 822
51 75 916
51 76 9078
51 77 9618
51 78 881
51 81 9739
51 84 8191
51 86 3749
51 90 7761
51 94 6058
51 96 2474
51 99 2355
51 104 3431
51 106 12
51 107 2748
51 111 1734
51 116 927
51 118 8320
51 121 7681
51 128 1754
51 131 2725
51 133 6737
51 135 8359
51 145 2539
51 148 8143
51 149 8168
51 150 6911
51 161 9460
51 162 4797
51 164 9550
51 167 1811
51 172 9800
51 176 3667
51 178 4836
51 179 1627
51 181 534
51 182 7724
51 188 5004
51 189 6738
51 197 8856
52 57 1589
52 58 1467
52 62 7805
52 64 2998
52 70 5203
52 78 5039
52 79 458
52 83 4413
52 88 6023
52 95 582
52 99 2755
52 104 4181
52 105 1857
52 113 3084
52 120 471
52 125 280
52 128 9735
52 134 3763
52 135 7313
52 141 7344
52 144 2379
52 146 5376
52 147 6367
52 153 3328
52 156 7879
52 159 5808
52 168 9621
52 171 7401
52 173 8375
52 178 7835
52 187 3735
52 188 5447
52 189 327
52 190 3836
52 191 8505
52 192 9131
52 195 6263
52 200 8474
53 57 4796
53 58 3204
53 65 6179
53 66 6482
53 71 101
53 72 5977
53 74 9026
53 82 7118
53 88 4022
53 92 1931
53 93 6244
53 97 6072
53 99 9001
53 107 3471
53 108 9402
53 110 5107
53 116 7774
53 118 5028
53 119 4367
53 120 6600
53 126 4894
53 131 1538
53 134 7123
53 138 52
53 142 5908
53 143 3962
53 145 4202
53 149 8436
53 150 2885
53 151 6104
53 152 9872
53 160 9699
53 161 4939
53 171 9658
53 187 1440
53 188 281
53 191 8630
53 199 6036
53 200 4117
54 60 7551
54 62 9713
54 83 5122
54 87 2194
54 90 3266
54 96 2657
54 97 2885
54 102 9139
54 114 7729
54 117 4123
54 118 1913
54 121 7003
54 126 1395
54 127 6645
54 140 8573
54 145 273
54 158 2376
54 170 66
54 176 5357
54 183 1615
54 184 4478
54 188 7462
54 189 2908
54 198 443
55 57 7549
55 58 2515
55 60 8512
55 63 3451
55 66 2153
55 72 6474
55 75 5355
55 82 3058
55 85 2987
55 92 3777
55 93 8247
55 99 9643
55 105 986
55 108 4402
55 110 2634
55 111 3694
55 113 4494
55 114 3555
55 119 6171
55 124 1061
55 126 6216
55 140 9428
55 141 3454
55 142 8195
55 146 2558
55 148 8790
55 155 2711
55 156 1859
55 157 6177
55 158 3688
55 161 2710
55 168 6852
55 173 8886
55 175 2155
55 183 1670
55 185 9931
55 187 7253
55 189 5179
55 190 8920
55 193 9044
55 195 5800
55 201 8357
55 202 2671
55 204 367
56 60 8701
56 62 2578
56 63 3112
56 66 2124
56 70 4774
56 73 2339
56 75 2420
56 82 2127
56 83 3282
56 91 5286
56 92 640
56 93 6511
56 95 5209
56 102 7330
56 104 6498
56 105 8944
56 107 844
56 109 2735
56 112 5726
56 118 9331
56 119 2237
56 120 3517
56 121 7704
56 125 7221
56 126 5196
56 129 4671
56 130 1138
56 133 9652
56 143 7404
56 145 4380
56 149 2023
56 152 5866
56 154 6684
56 155 7619
56 156 6592
56 159 50
56 170 2559
56 173 1444
56 179 3990
56 181 6569
56 187 4970
56 194 2969
56 196 7976
56 201 8978
57 58 7056
57 59 8316
57 64 44
57 65 3997
57 92 5856
57 94 1194
57 96 946
57 100 1938
57 103 9983
57 104 2466
57 111 8740
57 112 4059
57 124 9437
57 126 4461
57 130 3233
57 131 2058
57 133 5234
57 137 8148
57 139 2802
57 141 6908
57 144 9092
57 152 453
57 155 6826
57 158 1483
57 164 8247
57 171 5125
57 174 1491
57 175 7471
57 177 9233
57 178 8262
57 180 1963
57 184 2171
57 186 8275
57 188 699
57 192 2626
57 198 2471
57 200 7876
57 202 8843
58 60 2168
58 62 2596
58 66 9635
58 71 5931
58 74 6714
58 83 1076
58 86 5920
58 87 4894
58 89 234
58 91 6729
58 92 2410
58 101 1195
58 103 8064
58 104 22
58 106 1518
58 108 5454
58 110 8767
58 111 4207
58 114 8063
58 130 8350
58 133 3847
58 134 2127
58 145 8134
58 146 8258
58 151 5209
58 157 5651
58 160 2670
58 162 4650
58 167 3249
58 174 6526
58 180 4687
58 188 4471
58 192 109
58 193 9719
58 195 4186
58 196 3292
59 60 2167
59 63 454
59 66 341
59 68 2804
59 71 9811
59 77 8547
59 78 1053
59 83 5456
59 88 4101
59 89 3180
59 93 4116
59 94 7193
59 98 6687
59 101 8512
59 103 9573
59 110 9298
59 112 9692
59 119 3829
59 120 2661
59 137 1542
59 140 3692
59 141 7537
59 142 2518
59 149 6831
59 151 7648
59 152 4268
59 154 7788
59 159 9016
59 160 9022
59 162 400
59 171 855
59 175 820
59 184 3954
59 185 3930
59 191 9755
59 198 8955
59 202 654
60 67 670
60 68 4638
60 69 3649
60 73 7652
60 74 7620
60 75 4636
60 86 4607
60 94 4774
60 95 9948
60 96 5108
60 98 4522
60 102 32
60 103 5525
60 106 3156
60 108 4110
60 111 7510
60 115 5799
60 116 7601
60 118 5564
60 120 8925
60 122 291
60 127 2001
60 128 3006
60 132 2998
60 136 4258
60 144 3794
60 156 6044
60 169 4947
60 172 673
60 178 4246
60 186 604
60 192 517
60 198 4283
60 200 6309
60 202 9343
60 203 2952
61 63 1473
61 69 398
61 70 1680
61 76 729
61 81 5740
61 85 7932
61 88 9372
61 95 3715
61 104 6538
61 105 8100
61 106 6590
61 108 3106
61 111 5562
61 112 6387
61 113 8622
61 117 9223
61 118 9374
61 119 2960
61 120 1598
61 123 2956
61 129 3248
61 130 9969
61 131 3962
61 132 9684
61 133 1828
61 136 3189
61 137 4251
61 138 1911
61 140 2614
61 148 5444
61 152 9120
61 153 6212
61 164 3774
61 184 1944
61 190 2942
61 191 9142
61 201 5379
62 67 2453
62 70 9094
62 75 6056
62 76 5431
62 77 651
62 82 4585
62 86 545
62 87 6303
62 90 1948
62 98 8797
62 100 5208
62 103 8885
62 104 5439
62 107 2768
62 108 185
62 109 1251
62 110 5034
62 111 1757
62 125 8666
62 135 6133
62 141 324
62 145 5663
62 146 7993
62 153 843
62 154 6363
62 155 2054
62 162 1544
62 168 4982
62 173 4832
62 177 9924
62 178 2606
62 181 5337
62 182 9701
62 185 2981
62 186 7404
62 191 7431
62 195 6460
62 197 1644
62 203 2204
63 67 2550
63 69 3379
63 78 457
63 86 8893
63 90 60
63 95 771
63 98 5837
63 100 7721
63 109 6799
63 123 3166
63 127 2339
63 128 3608
63 139 7172
63 140 1343
63 141 4855
63 144 8662
63 145 1926
63 155 8830
63 162 4676
63 163 6254
63 166 2752
63 168 7409
63 177 376
63 180 1166
63 184 4907
63 185 5904
63 187 807
63 190 5012
63 192 9350
63 193 3629
63 200 8260
64 69 1100
64 75 2113
64 77 1227
64 80 6893
64 81 421
64 83 8963
64 85 6401
64 87 9125
64 97 58
64 101 3624
64 103 4058
64 107 8125
64 116 7914
64 132 8899
64 137 7659
64 143 9246
64 148 3399
64 156 6191
64 160 1033
64 161 4178
64 165 9165
64 168 9027
64 170 8176
64 173 5765
64 179 2575
64 180 2003
64 181 524
64 183 5296
64 186 6287
64 187 8514
64 193 9465
64 195 4735
64 198 9083
64 203 2540
65 67 1703
65 85 5737
65 87 2427
65 88 5969
65 91 766
65 92 3330
65 93 1877
65 97 4805
65 100 1942
65 102 5581
65 105 1595
65 115 4027
65 129 8913
65 134 8720
65 135 4658
65 136 1210
65 149 8680
65 152 4251
65 164 5356
65 168 1011
65 181 4028
65 182 5263
65 191 7772
65 193 6876
66 67 1949
66 69 5279
66 70 1224
66 75 4088
66 81 9234
66 85 5497
66 88 9345
66 91 303
66 92 7006
66 100 4161
66 101 1202
66 102 1462
66 106 9151
66 111 2555
66 119 6779
66 121 96
66 125 5774
66 128 4618
66 129 7329
66 131 9451
66 133 9029
66 137 7086
66 141 2589
66 146 871
66 147 4284
66 149 1744
66 151 7293
66 156 7343
66 158 4370
66 159 7293
66 160 4843
66 164 7969
66 168 5596
66 169 2684
66 171 1845
66 175 2274
66 177 5383
66 179 2338
66 186 5624
66 199 1517
66 203 6414
67 69 15
67 75 5105
67 78 2051
67 79 2673
67 85 8577
67 92 1726
67 93 927
67 107 7985
67 110 1176
67 113 8709
67 121 2723
67 124 6917
67 130 7350
67 132 7087
67 133 300
67 138 1807
67 146 218
67 150 6699
67 153 3135
67 155 8080
67 167 9410
67 170 5664
67 172 5414
67 175 8170
67 176 5539
67 181 3261
67 183 6532
67 184 7235
67 186 4675
67 187 9749
68 74 8357
68 75 8544
68 76 124
68 79 9049
68 86 4446
68 89 1452
68 96 7366
68 98 1931
68 100 3828
68 101 1071
68 107 2535
68 110 6483
68 114 8443
68 116 4947
68 118 6077
68 119 3260
68 122 401
68 124 8541
68 126 5235
68 129 4883
68 140 3072
68 144 2153
68 150 3839
68 155 8579
68 156 8435
68 158 9703
68 175 8229
68 176 3564
68 184 1945
68 186 5447
68 200 2465
68 201 4115
68 203 2894
69 70 3188
69 74 4505
69 80 2140
69 81 7011
69 86 488
69 87 9281
69 89 4150
69 90 2704
69 91 1678
69 99 4944
69 100 4940
69 101 8796
69 103 3265
69 109 8399
69 110 6041
69 112 9524
69 116 7840
69 118 7313
69 131 3574
69 136 8589
69 142 3844
69 143 5402
69 145 9162
69 146 2561
69 149 9710
69 150 1288
69 153 2887
69 158 8768
69 159 8070
69 163 6932
69 167 70
69 170 4746
69 174 2776
69 176 331
69 177 3832
69 178 1401
69 183 1258
69 189 2488
69 195 7475
69 200 6955
69 203 8692
70 72 3108
70 78 416
70 89 2837
70 94 846
70 96 1839
70 99 5229
70 101 5917
70 104 5571
70 111 4829
70 118 5771
70 120 5018
70 128 1470
70 134 9783
70 149 9529
70 150 8410
70 151 2966
70 155 9942
70 157 5812
70 159 3574
70 162 5296
70 163 8397
70 167 7915
70 168 4582
70 177 797
70 185 8859
70 187 4965
70 190 3991
70 195 4306
71 72 6290
71 75 7404
71 80 4518
71 87 2875
71 90 7751
71 96 2628
71 104 7676
71 109 6177
71 110 6118
71 116 6090
71 118 5151
71 120 141
71 123 3276
71 124 1904
71 125 558
71 126 5829
71 127 7113
71 132 9683
71 134 9485
71 138 1746
71 140 3503
71 142 7175
71 148 1876
71 151 4423
71 154 181
71 157 883
71 161 5808
71 163 1396
71 166 134
71 173 6890
71 181 7281
71 185 7645
71 189 8167
71 196 3583
71 197 5350
71 199 6876
71 203 8995
72 77 9593
72 79 3200
72 85 8730
72 86 2613
72 92 786
72 94 1066
72 99 1389
72 102 2769
72 103 771
72 112 5738
72 119 7493
72 121 4580
72 122 8887
72 125 2161
72 129 9821
72 131 5732
72 143 9938
72 151 1715
72 161 3433
72 165 1840
72 170 3281
72 179 2182
72 181 2893
72 189 5417
72 201 3615
73 77 3994
73 81 6265
73 84 4968
73 89 701
73 95 8114
73 105 342
73 106 3425
73 108 1103
73 110 5837
73 122 8027
73 123 4523
73 126 99
73 127 911
73 128 3644
73 136 2263
73 137 4739
73 141 3458
73 148 7450
73 157 8955
73 158 7128
73 161 3092
73 169 8895
73 176 42
73 178 1500
73 180 445
73 189 805
73 192 6129
73 195 490
73 197 9214
73 202 4971
74 77 3795
74 78 286
74 82 9300
74 90 6012
74 95 779
74 96 4501
74 107 3858
74 111 7139
74 112 3548
74 114 8339
74 117 9196
74 118 3112
74 119 3109
74 125 5377
74 138 3900
74 139 4720
74 140 6708
74 145 8714
74 146 987
74 147 2398
74 149 8067
74 150 950
74 156 1840
74 157 6464
74 165 5631
74 166 6158
74 170 8381
74 171 1547
74 172 6161
74 175 8289
74 183 7589
74 184 1197
74 193 4895
74 195 5157
74 202 343
74 204 5971
75 79 6892
75 80 4279
75 81 6217
75 86 3584
75 88 9511
75 89 92
75 97 5353
75 100 3478
75 106 2857
75 107 9114
75 110 7767
75 130 3549
75 133 4422
75 135 3735
75 137 3098
75 141 3924
75 142 5834
75 149 3144
75 157 325
75 159 9873
75 164 6024
75 168 7090
75 169 7246
75 171 2341
75 173 7018
75 174 7384
75 178 8717
75 181 5266
75 183 8089
75 191 439
75 196 9264
76 80 9488
76 81 1569
76 83 2418
76 89 7915
76 90 7778
76 103 2813
76 108 2203
76 109 4269
76 117 4118
76 120 7608
76 121 2922
76 124 4454
76 129 344
76 131 3399
76 133 4987
76 134 1511
76 135 3493
76 137 6985
76 139 1246
76 142 2174
76 143 8278
76 144 3145
76 146 2200
76 149 5405
76 153 7847
76 154 1536
76 155 2443
76 156 1303
76 161 6239
76 162 1457
76 163 8990
76 171 9923
76 175 9505
76 177 2392
76 178 6343
76 179 3796
76 180 2449
76 181 4480
76 186 7060
76 195 647
76 204 1063
77 79 8244
77 83 9065
77 98 3652
77 112 2052
77 114 2895
77 129 8088
77 130 6168
77 138 3979
77 140 5542
77 142 9309
77 149 5058
77 155 9652
77 169 9199
77 178 7718
77 179 594
77 180 4248
77 186 217
77 192 8938
77 198 4337
77 199 5669
77 200 5039
77 201 6898
78 84 7819
78 86 5522
78 89 8296
78 90 4975
78 91 6719
78 96 9711
78 101 8434
78 105 5195
78 115 5777
78 119 440
78 131 9601
78 134 5479
78 136 1223
78 142 6763
78 145 4047
78 147 2069
78 150 8937
78 151 1422
78 153 2296
78 157 1413
78 165 4382
78 166 8692
78 168 1572
78 169 8529
78 170 9440
78 172 1867
78 173 3902
78 179 7845
78 190 1517
78 191 3803
78 199 3852
78 202 5494
78 203 123
79 89 4094
79 95 1307
79 104 7333
79 106 9947
79 110 5781
79 112 6385
79 117 3286
79 121 2939
79 123 1585
79 124 6451
79 132 5228
79 138 4258
79 140 1706
79 145 1112
79 150 4304
79 153 9950
79 158 6799
79 161 4094
79 168 8567
79 169 6165
79 176 8097
79 179 7656
79 181 4162
79 182 1911
79 185 6927
79 186 5337
79 189 4685
80 82 9248
80 95 1768
80 100 5370
80 102 7895
80 103 7337
80 112 5178
80 116 5070
80 118 7345
80 123 1432
80 125 1642
80 127 5603
80 138 9626
80 150 49
80 152 7094
80 155 39
80 156 8538
80 157 6146
80 159 1402
80 160 262
80 174 9241
80 177 3256
80 179 3074
80 193 8177
80 198 2736
80 200 9422
80 201 3665
81 82 1652
81 85 9278
81 90 8354
81 91 3761
81 92 7938
81 95 1046
81 99 8248
81 100 6695
81 114 9605
81 117 2655
81 123 3276
81 124 2751
81 127 8099
81 136 8446
81 141 5247
81 153 5488
81 154 5325
81 158 7876
81 159 898
81 160 858
81 165 7640
81 167 7460
81 170 4778
81 171 6130
81 182 2382
81 183 6052
81 184 9536
81 188 3569
81 191 4846
81 196 1890
81 197 6707
81 198 6255
81 200 2549
81 201 3071
81 203 7675
82 94 5207
82 96 9428
82 97 5994
82 98 8316
82 99 3559
82 101 2002
82 104 4808
82 110 3628
82 112 4720
82 113 4535
82 115 7630
82 117 5156
82 123 8139
82 125 6561
82 131 6851
82 133 9363
82 136 2007
82 142 1052
82 147 8741
82 149 8874
82 153 3783
82 156 2893
82 158 2756
82 159 6775
82 160 7082
82 162 1274
82 165 442
82 168 9717
82 170 3636
82 177 8196
82 181 7471
82 182 3947
82 185 4714
82 189 9646
83 85 2315
83 91 3458
83 94 1888
83 96 8698
83 98 803
83 99 3521
83 100 706
83 107 829
83 114 3654
83 115 997
83 126 65
83 129 5995
83 130 5298
83 134 1907
83 144 6773
83 145 737
83 146 592
83 147 6436
83 151 5703
83 156 1544
83 160 910
83 162 9876
83 167 8340
83 169 5047
83 170 810
83 173 4495
83 174 9666
83 179 7271
83 182 9565
83 188 7569
83 193 5651
83 194 1522
83 198 8827
83 204 1712
84 88 341
84 99 2503
84 112 1505
84 114 8209
84 115 4856
84 116 9002
84 119 2163
84 132 1579
84 133 4377
84 137 1577
84 139 3444
84 140 964
84 144 9675
84 146 3201
84 148 4454
84 157 4621
84 162 8797
84 169 2624
84 171 3857
84 175 2961
84 178 4328
84 182 329
84 185 8462
84 191 9328
84 193 2825
84 202 5094
85 86 5797
85 87 6338
85 90 1596
85 91 5915
85 94 9867
85 95 9537
85 101 8938
85 109 9003
85 118 2444
85 120 197
85 130 4825
85 131 8791
85 138 7622
85 139 9620
85 144 4315
85 157 9667
85 158 1344
85 159 995
85 160 6969
85 166 7448
85 168 8240
85 172 679
85 174 6980
85 176 9011
85 179 4988
85 182 1169
85 185 5635
85 186 4606
85 187 2030
85 190 8576
85 191 3056
85 193 6064
85 194 167
85 196 769
85 200 3424
85 203 8931
85 204 6202
86 93 8393
86 96 2029
86 97 393
86 98 5825
86 102 5619
86 104 9582
86 108 7386
86 116 4701
86 117 2393
86 118 9082
86 120 5008
86 123 690
86 134 1808
86 139 3474
86 142 8625
86 143 6151
86 146 3162
86 152 9300
86 153 4523
86 166 8422
86 167 3898
86 169 5298
86 174 8149
86 175 2816
86 176 2706
86 181 7527
86 183 8549
86 200 4063
87 90 464
87 91 951
87 92 3536
87 93 5690
87 95 3479
87 99 1366
87 102 8964
87 103 7335
87 112 2889
87 117 8186
87 120 6812
87 121 8358
87 124 5542
87 129 8810
87 132 2363
87 134 9117
87 135 7364
87 139 6830
87 140 1040
87 143 1782
87 144 1088
87 148 1537
87 156 5225
87 158 59
87 163 4520
87 164 5658
87 167 5811
87 169 7041
87 170 8584
87 172 6592
87 176 21
87 179 1947
87 183 9298
87 184 6294
87 190 4406
87 197 6070
87 198 7176
87 202 3681
88 91 958
88 95 4458
88 98 1089
88 100 8492
88 101 70
88 105 8807
88 106 5724
88 111 9833
88 119 3566
88 126 7953
88 130 5881
88 133 6484
88 134 8128
88 137 7387
88 139 690
88 141 2671
88 143 4943
88 146 2096
88 155 864
88 157 8366
88 166 4083
88 177 5245
88 179 3985
88 184 9694
88 186 1189
88 192 8743
88 193 8025
88 197 3759
89 99 4189
89 102 5422
89 107 1459
89 109 3351
89 110 3350
89 115 4465
89 120 4294
89 129 8827
89 132 1504
89 136 674
89 141 3633
89 146 9775
89 148 2047
89 151 2108
89 152 3158
89 155 2191
89 158 5387
89 161 234
89 166 7904
89 167 6436
89 171 9274
89 175 6295
89 177 250
89 186 8507
89 189 8818
89 190 6636
89 194 7265
89 196 6769
89 201 5496
90 96 5723
90 97 9903
90 99 6700
90 100 339
90 107 2470
90 110 4607
90 111 2971
90 112 5780
90 114 5961
90 117 2291
90 119 5
90 124 9054
90 129 9626
90 135 6202
90 138 9767
90 143 2046
90 146 2162
90 155 5496
90 162 7694
90 164 2440
90 169 5648
90 173 6121
90 175 7954
90 179 8248
90 182 1021
90 184 800
90 188 511
90 189 5901
90 192 9881
90 197 2980
90 198 2427
90 204 3527
91 92 647
91 93 5086
91 104 6463
91 107 9371
91 109 797
91 110 3825
91 111 8366
91 116 7304
91 119 1284
91 125 8583
91 128 1809
91 129 7483
91 130 5453
91 133 7418
91 136 478
91 139 9160
91 146 1025
91 147 6057
91 149 3140
91 150 1405
91 151 7200
91 152 4448
91 156 5887
91 159 7412
91 167 9474
91 174 2203
91 178 1581
91 180 7022
91 182 6706
91 187 5050
91 190 9238
91 193 6783
91 196 4583
91 198 7058
91 200 7340
91 201 7051
91 203 2147
92 97 890
92 109 1100
92 110 7902
92 112 4368
92 113 575
92 118 2962
92 121 9938
92 126 806
92 130 1848
92 136 2569
92 140 7542
92 145 4513
92 148 6299
92 149 3200
92 153 8043
92 160 7429
92 163 7467
92 166 9060
92 169 8476
92 173 7851
92 175 7136
92 177 8455
92 181 3194
92 187 8782
92 190 355
92 193 4383
92 196 4477
92 197 2640
92 200 9049
92 202 7602
93 98 1902
93 100 5194
93 106 8468
93 110 2509
93 111 3312
93 113 7213
93 119 8535
93 120 6079
93 124 7714
93 129 6037
93 130 8767
93 140 9375
93 141 4373
93 143 1591
93 149 8749
93 150 1212
93 155 2588
93 158 9419
93 165 7612
93 168 7094
93 171 65
93 175 4607
93 176 6557
93 181 6166
93 184 5144
93 187 4613
93 192 2321
93 194 7472
93 197 532
93 199 1267
93 201 2970
93 204 9968
94 96 8456
94 100 4835
94 105 7890
94 108 2721
94 119 4053
94 125 5709
94 129 6794
94 131 6649
94 142 8724
94 143 2297
94 144 5913
94 147 8620
94 148 4234
94 154 9239
94 155 6045
94 158 4879
94 160 2204
94 177 2454
94 178 4926
94 182 8037
94 183 323
94 185 8808
94 199 2173
94 200 2073
94 201 6304
95 98 9654
95 106 6639
95 110 6801
95 113 2995
95 118 4802
95 124 7801
95 130 5451
95 142 1792
95 144 154
95 146 5945
95 148 6321
95 154 5342
95 160 1647
95 163 6359
95 171 3155
95 175 4891
95 189 8476
95 193 6209
95 195 139
95 201 8727
95 202 3329
96 97 6579
96 101 7473
96 105 770
96 118 5625
96 122 3892
96 123 4871
96 125 9450
96 126 2477
96 131 8558
96 132 7027
96 138 7064
96 151 378
96 153 4789
96 154 7585
96 160 8737
96 163 6218
96 171 3546
96 172 1289
96 173 1344
96 179 6016
96 190 5559
96 194 8849
97 99 2826
97 100 7529
97 101 5879
97 103 3077
97 104 3357
97 109 5547
97 111 8225
97 113 3903
97 115 8445
97 116 8967
97 119 9019
97 120 3019
97 122 2374
97 128 9330
97 129 5500
97 131 9958
97 132 8627
97 133 5987
97 139 9449
97 146 1452
97 150 5196
97 157 8785
97 158 2584
97 163 8616
97 172 1687
97 175 7066
97 181 224
97 184 1279
97 185 2336
97 186 9821
97 194 457
97 196 5989
97 199 4097
97 203 3009
98 99 1019
98 102 3552
98 105 8387
98 108 8660
98 109 5354
98 110 3573
98 113 840
98 114 8897
98 115 4965
98 120 4385
98 121 5767
98 123 823
98 145 2489
98 146 2603
98 147 7178
98 151 5909
98 153 5976
98 164 320
98 166 987
98 171 9535
98 178 595
98 181 4970
98 184 2492
98 186 8156
98 189 2699
98 191 1226
98 195 6828
98 201 4081
98 202 4847
99 103 4289
99 106 1095
99 108 1476
99 116 9173
99 118 1555
99 121 1611
99 124 5215
99 125 3412
99 127 4501
99 135 1549
99 136 9074
99 139 8605
99 142 1593
99 143 832
99 144 9243
99 147 8285
99 158 8376
99 165 5431
99 168 2864
99 169 6425
99 171 9533
99 177 5956
99 184 5267
99 186 3946
99 188 2671
99 191 6545
99 192 157
99 197 1339
99 201 8038
100 102 2059
100 104 3370
100 105 269
100 106 2272
100 113 8026
100 114 8160
100 119 683
100 126 8290
100 131 7694
100 135 8327
100 137 8831
100 139 4322
100 148 3529
100 158 6630
100 160 3971
100 166 5935
100 167 7068
100 177 2421
100 178 3636
100 183 3283
100 188 2742
100 190 6211
100 192 752
100 196 8347
100 197 8836
101 106 1632
101 108 3415
101 109 2577
101 111 8641
101 121 2463
101 126 4146
101 129 5820
101 133 4058
101 135 7849
101 137 3859
101 140 5944
101 141 2451
101 144 6188
101 146 2317
101 148 1945
101 151 5799
101 161 2061
101 167 7
101 171 166
101 173 1231
101 177 5303
101 180 7395
101 184 914
101 203 838
102 106 3937
102 109 5660
102 116 608
102 118 904
102 125 6866
102 127 9446
102 131 2407
102 135 2756
102 137 9079
102 142 5935
102 148 7389
102 154 5372
102 159 4743
102 163 4389
102 164 4382
102 165 2095
102 169 2252
102 176 6829
102 187 6030
102 192 1893
102 196 1672
102 197 4616
102 202 5831
103 104 9504
103 110 4468
103 111 2229
103 113 812
103 114 5626
103 115 2381
103 117 6868
103 126 7258
103 127 1942
103 130 8755
103 131 7903
103 132 2483
103 135 1919
103 136 638
103 138 3307
103 157 8776
103 160 7172
103 165 7767
103 167 5506
103 169 6565
103 171 2453
103 176 5468
103 177 8799
103 181 829
103 182 9641
103 183 1117
103 188 6994
103 194 6939
103 195 4337
103 199 7982
103 200 3599
103 202 5244
104 109 1860
104 123 4311
104 132 7127
104 136 4632
104 139 9312
104 140 375
104 143 8948
104 144 590
104 145 7026
104 153 1549
104 154 2214
104 156 8107
104 157 2333
104 158 3885
104 160 2915
104 166 6327
104 173 5146
104 178 4497
104 187 7913
104 188 1637
104 193 4380
104 194 9030
104 195 4424
104 200 371
104 203 6520
105 107 412
105 108 9883
105 110 1366
105 114 1589
105 117 1992
105 118 4242
105 120 3145
105 124 8008
105 125 6418
105 127 1010
105 132 3126
105 142 9943
105 145 5366
105 156 2930
105 161 1446
105 165 6603
105 171 889
105 179 665
105 186 3104
105 191 917
105 198 3621
106 110 7409
106 112 2520
106 117 1081
106 128 3803
106 130 6620
106 134 6650
106 136 7153
106 139 8
106 144 6954
106 148 1803
106 149 9717
106 150 5208
106 153 9244
106 159 6323
106 162 9758
106 170 6506
106 175 6536
106 177 9379
106 178 3880
106 181 6037
106 188 8901
106 189 3554
106 191 3183
106 195 9750
106 198 8242
106 204 4966
107 111 7601
107 117 849
107 118 3618
107 121 6968
107 122 3293
107 123 2355
107 125 3781
107 129 5239
107 135 3408
107 139 1093
107 143 8473
107 146 3825
107 147 1365
107 149 5198
107 150 7975
107 153 8454
107 161 4222
107 162 663
107 166 4008
107 168 2275
107 170 843
107 171 6903
107 172 6347
107 186 6331
107 193 4183
107 196 1120
107 199 7405
107 203 9739
108 111 10
108 113 9592
108 124 7288
108 127 1720
108 129 6803
108 130 9404
108 133 9
108 134 9472
108 136 1066
108 138 8855
108 139 1280
108 141 8810
108 154 3555
108 157 5427
108 169 5507
108 172 7580
108 177 5736
108 181 8556
108 186 9322
108 197 1435
109 110 1474
109 112 8203
109 114 2221
109 127 9074
109 132 2951
109 136 7944
109 141 6056
109 146 6567
109 147 4922
109 150 3527
109 152 987
109 171 5700
109 179 9960
109 190 5306
109 192 1654
109 194 7080
110 115 3788
110 123 4463
110 128 7466
110 131 7324
110 135 8516
110 137 75
110 138 798
110 141 1581
110 148 8637
110 166 631
110 167 9464
110 173 228
110 177 9925
110 199 6177
110 200 3646
110 204 1916
111 113 1734
111 116 9140
111 123 7986
111 134 9078
111 141 1820
111 145 6750
111 146 2559
111 153 1597
111 154 3778
111 161 8413
111 163 9767
111 165 5659
111 172 2689
111 176 2176
111 178 4922
111 180 4153
111 184 4322
111 186 6468
111 192 8371
111 199 1258
111 200 3074
111 202 9866
111 204 4854
112 113 7539
112 120 7109
112 123 5481
112 126 1962
112 127 4788
112 137 6658
112 138 1134
112 139 488
112 141 2700
112 142 8937
112 143 516
112 147 5776
112 160 7246
112 161 6026
112 162 5571
112 163 6911
112 165 974
112 166 5289
112 180 1563
112 181 3212
112 183 6254
112 185 8952
112 197 8142
112 203 4837
113 114 1351
113 117 6274
113 119 1256
113 123 5860
113 126 4527
113 133 7079
113 135 5872
113 136 4206
113 137 2249
113 139 1550
113 143 2108
113 144 6660
113 145 6205
113 151 5523
113 152 3062
113 154 6980
113 170 7055
113 171 1267
113 175 4637
113 181 2554
113 184 883
113 190 847
113 197 1793
113 198 2104
114 115 5829
114 122 8474
114 127 7879
114 129 4868
114 130 374
114 131 6670
114 136 6380
114 140 5952
114 144 8714
114 145 9006
114 146 6416
114 152 3868
114 158 3683
114 165 6243
114 166 6902
114 167 2618
114 175 7521
114 182 6218
114 189 8744
114 190 3233
114 196 7505
114 199 8892
114 200 9371
114 202 6095
115 123 7581
115 125 8841
115 127 6483
115 132 4999
115 137 4693
115 140 3558
115 149 2501
115 151 266
115 152 6408
115 162 4494
115 163 4724
115 168 5692
115 171 2497
115 181 1571
115 186 7799
115 191 970
115 192 4640
115 196 7907
115 197 8892
115 199 1781
115 202 9810
116 123 6982
116 126 1438
116 127 7751
116 128 4417
116 132 2457
116 134 858
116 146 5958
116 151 859
116 154 5104
116 157 9405
116 159 6750
116 161 4035
116 167 675
116 168 8697
116 169 3956
116 176 5155
116 180 6310
116 183 5600
116 191 1267
116 192 2238
116 195 6216
116 198 9986
116 201 5706
117 126 2460
117 128 7705
117 130 6251
117 131 8974
117 136 4585
117 138 5294
117 139 7013
117 141 6312
117 143 4575
117 149 9281
117 153 2293
117 159 2707
117 164 4735
117 170 9316
117 174 9606
117 177 4680
117 184 3867
117 201 3538
118 126 7740
118 127 6049
118 128 4066
118 137 2132
118 147 9838
118 154 6375
118 161 3771
118 164 1954
118 167 3549
118 168 1138
118 169 3636
118 173 5392
118 175 4390
118 186 6161
118 189 77
118 191 712
118 194 8015
118 197 75
118 202 3817
119 120 3319
119 123 1921
119 127 7498
119 128 2562
119 131 8455
119 136 5561
119 137 3506
119 150 7419
119 156 225
119 158 3069
119 160 995
119 161 193
119 168 2881
119 183 2977
119 189 6906
119 191 1609
119 196 8905
119 198 4637
120 121 4433
120 123 662
120 136 6238
120 139 8381
120 141 3203
120 143 7237
120 144 5532
120 155 3882
120 157 229
120 161 8916
120 162 7953
120 164 18
120 166 6377
120 171 1978
120 173 6683
120 175 8031
120 182 6817
120 184 1815
120 186 1636
121 140 2504
121 143 4527
121 153 4124
121 162 3780
121 163 4442
121 165 1559
121 175 8721
121 176 3874
121 178 9561
121 179 737
121 188 7061
121 189 3486
121 190 3801
121 191 3694
121 193 3970
121 196 8215
121 197 6250
121 201 4282
121 203 1862
121 204 4175
122 128 610
122 129 7852
122 131 3232
122 138 8503
122 143 3166
122 145 1578
122 148 753
122 149 605
122 151 2030
122 152 6733
122 154 9754
122 158 768
122 162 1800
122 164 2206
122 170 9609
122 176 9940
122 177 970
122 180 4236
122 183 2629
122 190 3333
122 192 8987
122 201 9032
122 203 9375
123 125 5536
123 126 5793
123 131 5825
123 132 4867
123 134 8390
123 140 7155
123 143 8277
123 148 8494
123 153 4421
123 154 2519
123 160 9998
123 162 5183
123 165 7141
123 170 6536
123 173 9903
123 177 486
123 178 6133
123 186 3754
123 188 8113
123 195 6114
123 197 820
123 201 4704
124 125 268
124 127 5954
124 129 3561
124 131 3437
124 133 6413
124 134 3183
124 140 6618
124 143 3519
124 148 7067
124 150 4331
124 153 8959
124 157 4418
124 158 3206
124 159 1993
124 162 645
124 163 8406
124 167 6180
124 172 3179
124 173 2751
124 176 7197
124 180 8552
124 186 9216
124 187 640
124 193 2095
124 197 585
124 198 1604
124 199 2169
125 129 4110
125 131 7667
125 144 2941
125 145 6112
125 146 116
125 152 993
125 165 4893
125 167 6956
125 177 4268
125 179 1814
125 180 152
125 181 9633
125 183 6145
125 188 5335
125 191 173
125 192 6281
125 194 6757
125 195 2651
125 197 699
125 200 7748
126 127 140
126 128 3109
126 134 7384
126 135 9545
126 137 3149
126 143 1013
126 147 7503
126 148 7398
126 153 4293
126 164 8542
126 169 1828
126 172 6194
126 175 6700
126 177 9771
126 179 6676
126 182 2637
126 186 6545
126 189 9665
126 193 5760
126 198 6340
126 204 5544
127 133 6041
127 134 1164
127 138 2431
127 141 8375
127 142 5852
127 143 5904
127 145 1335
127 147 2456
127 149 816
127 151 1893
127 152 3164
127 154 2337
127 160 8924
127 174 2935
127 184 8712
127 186 7828
127 187 8804
127 188 651
127 192 576
127 204 4116
128 135 872
128 136 195
128 137 9201
128 141 1074
128 148 5750
128 151 8883
128 155 4614
128 165 3218
128 168 2082
128 169 6988
128 171 9412
128 186 5715
128 188 9954
128 190 4519
128 191 7604
128 193 6682
129 132 1593
129 135 2614
129 137 3636
129 138 561
129 140 7826
129 145 7931
129 147 3075
129 149 5794
129 151 7368
129 154 7483
129 155 4264
129 156 5869
129 160 5631
129 162 4954
129 168 2204
129 171 9346
129 173 8100
129 174 9431
129 176 146
129 178 8235
129 181 9436
129 193 9664
129 194 3766
129 196 5438
129 201 9862
130 134 9334
130 135 1609
130 136 7475
130 140 2963
130 148 1550
130 156 8818
130 163 1772
130 166 468
130 167 9733
130 174 572
130 180 4408
130 181 2220
130 187 723
130 196 5240
130 198 5304
130 202 4539
130 204 5666
131 134 7541
131 144 4800
131 147 9293
131 150 5910
131 153 8931
131 160 3537
131 165 4997
131 166 7382
131 174 1089
131 177 5085
131 178 989
131 179 7470
131 181 7486
131 186 9521
131 192 3687
131 193 5236
131 194 5814
131 196 6802
131 198 1677
131 199 9087
132 133 8290
132 134 3942
132 137 6959
132 139 9693
132 145 70
132 149 4600
132 152 3397
132 161 2406
132 167 4591
132 168 9435
132 169 9452
132 171 4145
132 174 8318
132 175 643
132 177 3068
132 181 8394
132 182 5380
132 184 1110
132 185 8527
132 186 5707
132 190 3294
132 196 8459
132 198 4610
132 204 7703
133 134 4701
133 135 3971
133 137 5480
133 140 648
133 143 2923
133 146 1381
133 154 5553
133 155 6262
133 156 4748
133 157 791
133 160 9893
133 162 7447
133 163 6771
133 168 8815
133 172 4696
133 175 2963
133 177 2653
133 178 3094
133 180 4382
133 185 6640
133 191 4473
133 192 4942
133 194 4992
134 136 186
134 137 2636
134 139 1689
134 142 6430
134 145 2198
134 159 2722
134 172 3051
134 175 3019
134 185 7340
134 186 508
134 187 6597
134 188 4912
134 194 1178
134 195 8366
134 204 1661
135 138 1218
135 140 6647
135 141 2291
135 143 6218
135 147 694
135 150 8848
135 155 3758
135 162 1818
135 165 9199
135 168 7701
135 169 7444
135 172 4664
135 175 127
135 176 9821
135 179 7290
135 181 2655
135 182 3396
135 184 5938
135 186 6229
135 187 5892
135 188 2241
135 189 9128
135 190 39
135 200 9484
135 202 9799
135 203 9158
136 143 5329
136 146 1948
136 152 3204
136 158 757
136 161 8582
136 164 6023
136 165 789
136 167 5982
136 168 9869
136 174 2194
136 183 7107
136 192 3519
136 193 9544
136 196 5100
136 199 4945
136 203 5831
136 204 3780
137 140 8324
137 141 7600
137 145 984
137 150 8122
137 153 4132
137 163 7462
137 166 1160
137 167 4712
137 170 1617
137 180 2539
137 181 7214
137 183 465
137 187 4691
137 193 3873
137 195 4314
138 146 3523
138 147 2405
138 148 1662
138 149 5388
138 151 1439
138 153 1402
138 161 6254
138 167 4991
138 172 8634
138 174 4168
138 176 2519
138 177 5178
138 181 1344
138 195 7290
138 202 8082
138 203 8846
138 204 8200
139 140 557
139 156 3569
139 157 3084
139 163 244
139 165 9364
139 170 9148
139 184 1404
139 185 9144
139 187 9524
139 188 8042
139 200 436
139 202 8692
140 142 7835
140 145 5065
140 151 165
140 152 2885
140 156 4007
140 161 7909
140 162 2063
140 174 7799
140 176 1418
140 191 3009
140 201 6771
141 151 6727
141 154 6882
141 157 1174
141 161 3998
141 163 181
141 171 7224
141 177 670
141 178 748
141 179 5573
141 182 8902
141 185 7408
141 186 2979
141 188 672
141 196 8292
141 198 9928
141 203 1648
142 144 9414
142 152 9479
142 157 9814
142 158 1547
142 167 7766
142 172 1471
142 176 5995
142 181 6752
142 182 3066
142 192 3332
142 193 20
142 197 89
142 203 1214
143 147 3100
143 151 2234
143 153 3521
143 156 5632
143 159 2668
143 160 2664
143 163 7714
143 165 673
143 169 2067
143 171 9967
143 173 3869
143 180 9442
143 186 8234
143 194 2075
143 195 8923
143 197 1147
143 201 8539
143 202 8613
143 203 5134
144 148 7294
144 151 1691
144 157 3855
144 160 8701
144 165 51
144 177 1561
144 179 1292
144 181 1461
144 187 2225
144 189 5276
144 190 1709
144 197 5566
144 200 5001
144 202 2814
144 204 7681
145 153 201
145 158 8892
145 161 3214
145 163 1291
145 167 7680
145 175 5053
145 178 6173
145 181 4795
145 183 8040
145 185 1023
145 192 8253
145 194 5542
145 198 6665
145 199 505
145 203 1140
145 204 4948
146 150 5795
146 153 7123
146 155 6312
146 156 8796
146 157 6249
146 158 4510
146 165 4667
146 168 272
146 170 1968
146 179 8242
146 181 6443
146 186 7244
146 187 6982
146 193 5225
146 195 7260
146 199 4763
146 200 7749
146 203 1235
147 148 9406
147 152 6616
147 154 2167
147 157 2913
147 166 8226
147 178 3273
147 184 333
147 198 4336
147 199 3290
147 200 5848
148 149 3694
148 151 3641
148 164 2894
148 166 1171
148 167 7916
148 169 8084
148 174 7781
148 176 3883
148 181 9505
148 182 9167
148 183 7519
148 185 834
148 187 3577
148 195 5517
148 196 1872
148 197 4376
148 198 2732
149 152 1945
149 156 2413
149 157 2718
149 160 4905
149 168 7645
149 174 8248
149 177 7357
149 183 740
149 184 5517
149 193 2514
149 197 4132
149 204 3655
150 155 7732
150 157 1353
150 163 6410
150 164 2227
150 166 5901
150 171 6288
150 174 5865
150 177 6125
150 178 5350
150 184 1139
150 186 8509
150 190 2180
150 191 3120
150 195 4425
150 201 6897
150 203 7446
151 154 1185
151 156 8790
151 161 3053
151 162 2879
151 167 5238
151 172 9445
151 178 3194
151 180 4050
151 188 87
151 190 7860
151 191 3094
151 196 1676
151 200 2311
151 204 7458
152 161 3080
152 165 6689
152 174 1335
152 175 7760
152 177 644
152 184 255
152 200 8611
152 201 1521
153 155 4605
153 157 9495
153 158 8557
153 160 1506
153 165 870
153 166 6136
153 168 1529
153 175 4374
153 187 1935
153 189 2418
153 193 8056
153 200 5122
153 201 1142
153 202 560
153 203 5830
154 157 4143
154 159 5313
154 165 9176
154 167 5317
154 168 8227
154 169 2447
154 170 4834
154 175 654
154 181 3297
154 182 7692
154 184 2117
154 185 7283
154 186 5422
154 189 7472
154 199 5991
154 202 3468
155 157 9725
155 158 1064
155 164 9307
155 176 4681
155 177 4855
155 182 2229
155 189 2041
155 190 6743
155 193 957
155 194 9982
155 197 9630
155 199 1077
155 200 7964
156 159 6344
156 162 7923
156 164 765
156 168 351
156 174 4279
156 182 4104
156 188 5406
156 192 4925
156 203 5883
156 204 8360
157 169 9632
157 171 5716
157 173 8162
157 175 9250
157 177 3936
157 178 7286
157 180 1402
157 181 6203
157 183 3346
157 187 8707
157 190 8184
157 197 8983
158 161 7340
158 162 5063
158 164 8358
158 165 8629
158 167 5954
158 168 4408
158 175 3222
158 177 6362
158 181 6266
158 184 6681
158 186 674
158 189 1858
158 197 5794
158 200 646
158 201 295
158 204 5468
159 162 7037
159 166 8539
159 172 7016
159 190 6671
159 194 2563
159 195 819
159 198 6059
159 202 176
160 162 3390
160 163 4862
160 164 3777
160 165 3012
160 166 8292
160 172 8238
160 174 4713
160 178 7611
160 179 8952
160 181 3422
160 186 5585
160 189 4945
160 190 8372
160 197 8143
160 198 1753
160 202 7724
160 203 1706
160 204 2396
161 163 3005
161 169 8248
161 173 6478
161 175 3199
161 176 36
161 177 3960
161 189 7731
161 192 5997
161 195 6368
161 199 5574
161 200 2536
161 202 3631
162 169 1752
162 172 1651
162 173 8476
162 174 5023
162 178 977
162 185 1237
162 187 9934
162 192 518
162 198 7035
163 165 2762
163 167 2299
163 175 6843
163 176 1893
163 179 6497
163 183 7093
163 184 1150
163 186 2735
164 178 3392
164 180 1169
164 193 6161
164 195 386
164 198 954
164 200 9563
164 204 3382
165 171 7031
165 173 6804
165 179 7354
165 184 2571
165 189 2491
165 191 3437
165 193 7494
165 194 6548
165 196 3766
165 197 1030
165 199 3489
165 202 8349
166 168 1493
166 170 7813
166 171 2714
166 177 2574
166 178 5457
166 184 8213
166 204 2455
167 170 9066
167 172 4141
167 180 9530
167 183 6916
167 193 2503
167 195 5217
167 198 4855
167 202 4920
167 203 7829
168 170 2269
168 185 8907
168 193 6022
168 200 9060
169 170 1977
169 186 7776
169 190 9084
169 191 1455
169 200 9591
170 176 7566
170 180 2873
170 187 4980
170 192 2250
170 193 7834
170 194 4065
170 195 908
170 197 8995
170 202 5912
170 203 5427
171 172 6223
171 175 2695
171 187 674
171 195 3679
171 196 1447
171 199 6546
171 202 2370
171 203 5106
172 173 6118
172 174 4621
172 176 1
172 186 2155
172 192 7060
172 194 8856
172 197 1735
173 186 4064
173 192 6725
173 193 8994
173 195 7394
173 196 1610
173 199 945
174 178 766
174 183 1723
174 194 4267
174 196 7147
174 202 3432
175 181 4301
175 192 1708
176 183 2664
176 192 4909
176 198 773
176 199 1519
176 204 9291
177 180 1694
177 181 7196
177 184 1161
177 185 2069
177 189 2780
177 199 4592
177 201 2470
178 180 574
178 195 1136
178 197 3311
178 201 7873
179 183 5111
179 185 707
179 188 2773
179 189 4744
179 193 8818
179 204 745
180 190 2192
180 191 8072
180 192 84
180 193 2885
180 195 8607
180 196 3589
180 199 6045
181 185 9298
181 186 4864
181 188 5413
181 191 4470
181 196 5210
181 201 9581
181 202 5517
182 184 3857
182 194 6690
182 195 9420
182 197 1927
182 202 7097
182 203 7129
182 204 6225
183 184 8167
183 186 1631
183 189 21
183 197 6628
183 202 1642
183 203 4652
183 204 2599
184 185 9199
184 192 4192
184 196 3793
184 200 8589
184 201 3059
184 202 5529
185 197 8537
185 199 2966
186 196 1913
186 199 5121
187 188 8448
187 190 4702
187 198 8015
187 200 9322
188 204 7245
189 203 168
190 195 362
190 200 718
190 202 7898
191 198 2063
191 199 9070
192 199 2372
192 203 628
193 195 9813
193 198 8749
193 200 5721
193 201 3781
194 195 2347
194 200 4267
194 203 1068
195 197 7534
195 198 7871
195 200 758
196 199 406
196 203 3424
197 198 6844
200 201 2351
203 204 7683
