71 650 30375 52
0 2 4929
0 6 5930
0 7 3783
0 17 6464
0 21 688
0 22 5137
0 25 7062
0 27 4681
0 34 1471
0 39 4534
0 42 6423
0 43 2406
0 49 1668
0 50 2280
0 51 5014
0 53 2580
0 57 4185
0 60 4089
0 61 1563
0 70 1333
1 3 9442
1 6 3167
1 9 8995
1 15 395
1 19 5235
1 23 9502
1 27 5843
1 32 7964
1 33 8498
1 34 6847
1 35 4030
1 38 8202
1 42 2217
1 51 1223
1 52 6904
1 56 4416
1 59 389
1 61 1804
1 63 4902
2 4 9814
2 8 9200
2 9 7415
2 13 6897
2 14 8141
2 15 1088
2 18 5155
2 25 2807
2 28 7347
2 29 7995
2 36 3987
2 37 1139
2 40 3191
2 41 7154
2 43 6678
2 47 9555
2 53 1326
2 57 6331
2 59 8411
2 64 9976
2 67 7707
3 5 1984
3 11 3711
3 14 2231
3 15 9795
3 19 2078
3 20 6848
3 27 2407
3 35 2997
3 41 8533
3 47 8375
3 52 2435
3 67 9625
3 69 2480
4 7 6738
4 15 6599
4 18 8243
4 28 6695
4 31 9591
4 32 164
4 36 3414
4 39 6804
4 43 3936
4 56 1787
4 63 4870
4 70 5584
5 6 476
5 20 5993
5 27 5148
5 28 3713
5 30 1991
5 32 5004
5 33 6622
5 38 5314
5 43 4310
5 45 1227
5 52 1072
5 55 6860
5 59 902
5 63 6383
5 64 3771
6 10 9585
6 20 7207
6 22 2628
6 25 2035
6 26 2589
6 28 6344
6 30 5293
6 44 8545
6 45 1
6 48 9376
6 53 2745
6 59 3912
6 65 1341
6 66 7580
6 68 362
7 8 9944
7 9 3035
7 10 5088
7 12 6784
7 13 1268
7 26 5088
7 30 5609
7 33 7823
7 34 5751
7 39 9918
7 41 1644
7 42 1000
7 44 1728
7 46 5229
7 47 7490
7 52 4110
7 59 6788
7 61 9780
7 62 2520
7 64 7198
7 66 7735
7 68 5399
7 70 5283
8 13 8531
8 17 9554
8 24 286
8 28 2706
8 31 5885
8 38 6200
8 42 5744
8 51 1968
8 57 5434
8 63 2136
8 67 2830
9 13 9580
9 14 6342
9 18 4657
9 23 2355
9 26 5099
9 48 8635
9 51 245
9 53 9337
9 54 311
9 55 3157
9 58 6625
9 59 8255
9 62 4982
9 65 2447
9 66 6132
9 67 42
9 68 2393
10 11 5240
10 12 8326
10 17 9200
10 19 88
10 23 4215
10 26 3503
10 30 4472
10 35 5433
10 36 5014
10 39 9090
10 44 3885
10 46 7957
10 47 9732
10 63 9673
10 66 9275
10 68 7260
10 70 3688
11 13 633
11 18 8608
11 25 6353
11 28 50
11 34 2362
11 36 9824
11 43 8611
11 50 5839
11 53 8707
11 55 2333
11 59 2091
11 66 9100
12 17 486
12 18 2301
12 24 8966
12 26 6006
12 30 2210
12 31 1839
12 34 6455
12 37 6177
12 38 325
12 48 2010
12 49 8897
12 52 7640
12 53 7712
12 60 5641
12 66 7916
12 67 3585
12 69 7658
13 14 4484
13 21 8484
13 28 4145
13 34 6660
13 36 2003
13 37 3508
13 41 4865
13 49 440
13 52 239
13 58 7263
13 61 5786
13 64 1270
14 15 1936
14 17 9467
14 25 4158
14 30 1519
14 33 909
14 35 9197
14 38 1056
14 39 6376
14 41 3286
14 42 322
14 51 348
14 52 5468
14 65 1138
15 17 8317
15 18 9722
15 24 1165
15 29 6714
15 31 2646
15 36 309
15 40 1833
15 41 3716
15 43 6447
15 49 7731
15 50 6298
15 52 7715
15 53 9631
15 54 9464
15 61 8328
15 70 7692
16 24 7113
16 26 3810
16 33 8206
16 51 1704
16 56 4252
16 60 7521
16 62 7442
16 65 1007
16 69 4689
17 20 2179
17 21 7603
17 23 1423
17 28 4051
17 29 1165
17 30 8476
17 31 5624
17 32 8085
17 34 4861
17 41 3335
17 42 4301
17 46 5994
17 47 5835
17 49 4134
17 52 9812
17 58 2007
17 62 7369
17 64 1784
17 69 336
18 21 5062
18 23 1534
18 26 8542
18 30 9432
18 37 11
18 40 8994
18 41 3506
18 43 9545
18 44 8949
18 45 8000
18 46 4996
18 53 8761
18 54 1554
18 58 4461
18 59 8224
18 61 1689
18 62 1521
18 63 7837
18 67 7388
19 26 5449
19 27 7500
19 29 7249
19 33 7487
19 36 6884
19 38 5101
19 40 7972
19 41 9268
19 43 7717
19 55 9672
19 56 4706
19 63 8290
19 64 4170
19 65 3431
19 66 9
20 23 4916
20 29 2113
20 36 710
20 38 3317
20 44 7130
20 53 6056
20 58 5087
20 59 5852
20 68 629
20 70 3949
21 22 840
21 24 8704
21 25 9695
21 29 9255
21 36 215
21 37 8355
21 39 8088
21 41 7838
21 48 2348
21 55 4478
21 56 8499
21 58 2617
21 67 7978
21 69 2180
21 70 4595
22 28 637
22 29 4348
22 33 419
22 39 7977
22 45 3299
22 48 7167
22 50 1298
22 51 7652
22 58 7945
22 60 4438
22 64 4575
22 67 2106
22 68 7662
23 26 2778
23 45 4733
23 49 8149
23 50 9588
23 53 8216
23 55 3077
23 60 5443
23 61 5404
23 62 1562
23 67 4154
24 25 9356
24 31 6800
24 32 2464
24 36 7150
24 48 9224
24 51 9356
24 54 1498
24 57 5656
24 58 5594
24 59 2211
24 60 6499
24 61 6811
24 66 8123
25 27 6138
25 31 4626
25 36 3149
25 37 8722
25 39 9113
25 46 6233
25 50 6040
25 55 3473
25 63 4257
25 65 2381
25 67 6723
26 30 9657
26 31 6476
26 40 6289
26 43 5116
26 45 8104
26 55 8857
26 58 1397
26 61 8743
26 65 9779
26 66 1148
27 29 916
27 33 9204
27 41 3783
27 42 111
27 44 1418
27 47 1453
27 53 1045
27 63 6806
27 66 4856
27 68 7771
27 69 3932
28 29 92
28 31 3998
28 32 3075
28 35 1157
28 36 1773
28 38 1252
28 41 7444
28 48 1326
28 49 3218
28 52 3567
28 53 5476
28 65 5658
28 67 5457
29 32 6724
29 33 2755
29 37 1789
29 45 1584
29 46 3811
29 51 8440
29 52 6219
29 53 2877
29 55 737
29 60 3633
29 61 961
29 64 2436
29 65 5121
29 66 5733
29 69 1678
30 33 3924
30 34 3539
30 37 9525
30 42 1488
30 45 750
30 51 4961
30 58 7907
30 61 5616
30 64 3192
30 67 6708
31 33 2872
31 35 147
31 48 1019
31 49 6367
31 52 1380
31 53 6839
31 54 846
31 56 2760
31 59 1433
31 60 2117
31 61 1769
31 66 6106
32 39 8970
32 51 4377
32 52 4761
32 54 146
32 59 8241
32 60 7041
32 61 528
32 63 3990
32 66 610
32 67 6865
32 69 8176
32 70 1484
33 38 5418
33 40 376
33 43 6712
33 49 6745
33 51 2405
33 52 7581
33 59 9414
33 61 9
34 38 4368
34 41 1118
34 49 5874
34 54 4966
34 56 6104
34 59 3460
34 62 6056
34 65 4483
34 66 1326
34 69 1556
35 38 8279
35 42 4133
35 47 3156
35 50 4607
35 54 6694
35 55 3535
35 56 5541
35 61 7831
35 68 7729
35 70 9129
36 44 3513
36 45 4319
36 47 7023
36 51 225
36 60 456
36 61 7394
36 64 5040
36 69 9089
37 38 7546
37 43 4723
37 45 7221
37 46 8454
37 48 2093
37 50 8869
37 55 9284
37 57 2662
37 58 7008
37 59 5723
37 62 2904
37 64 1203
37 68 8148
38 42 6898
38 45 3094
38 46 1453
38 50 3962
38 52 8318
38 54 1374
38 61 1370
38 66 6959
38 67 1890
38 68 8290
38 69 4287
38 70 2026
39 41 9139
39 46 1001
39 50 7589
39 54 6805
39 55 7513
39 56 4571
39 61 2260
39 64 9665
39 65 3346
40 45 6175
40 51 5660
40 59 4074
40 61 9068
40 68 4885
41 42 8548
41 47 1588
41 54 3423
41 64 55
41 68 2145
41 69 6315
42 43 510
42 48 6530
42 52 1318
42 59 6171
42 63 3060
42 64 8451
42 66 9717
42 68 4897
43 50 2109
43 51 7989
43 53 2662
43 58 9389
43 59 9991
43 62 9183
43 63 7400
43 65 242
43 67 8466
43 69 2837
43 70 1984
44 50 2267
44 51 2618
44 55 9670
44 68 1086
44 70 9414
45 49 4601
45 50 3845
45 57 4039
45 58 8196
45 64 7339
45 65 7748
46 49 1211
46 50 4090
46 57 5950
46 58 9400
46 63 1546
46 69 1849
46 70 3508
47 56 2428
47 59 89
47 68 6896
47 70 3830
48 51 4438
48 60 6007
48 69 3528
48 70 7505
49 53 5034
49 58 191
49 63 4261
50 51 5709
50 52 7031
50 60 7864
50 62 4913
50 63 9674
50 65 3978
50 68 9402
51 56 2992
51 57 6486
51 58 356
51 59 4608
51 68 5140
52 63 1769
52 68 5515
53 59 6588
53 67 4172
54 59 3721
54 63 412
54 65 6750
54 66 3947
55 59 8708
55 61 733
55 62 6410
55 66 7027
55 67 4307
55 69 9003
56 60 4342
56 62 9099
56 64 6924
57 62 962
57 68 6234
57 69 4964
58 62 6210
58 65 6981
58 67 8582
58 69 1891
59 65 914
59 68 231
59 69 8883
60 64 5485
60 65 9946
61 62 9926
61 69 6960
63 64 1984
64 66 7697
64 68 7009
64 70 5421
65 67 7720
65 69 290
65 70 2453
67 68 1054
