155 2960 74700 95
0 3 6715
0 4 6109
0 14 1093
0 16 9812
0 26 6926
0 33 8243
0 37 6503
0 42 1885
0 46 4290
0 51 8465
0 52 1541
0 53 1936
0 60 4870
0 66 5837
0 67 1864
0 68 5921
0 70 7639
0 71 3538
0 79 6721
0 80 2601
0 81 6292
0 88 553
0 90 9803
0 91 8768
0 98 8004
0 102 7624
0 107 8319
0 108 4577
0 113 6843
0 118 2147
0 121 7508
0 125 5929
0 128 1107
0 129 4659
0 133 373
0 136 4255
0 139 5533
0 140 2800
0 141 9448
0 151 4397
0 154 3557
1 8 1121
1 13 6306
1 17 7076
1 22 4762
1 25 4615
1 33 9617
1 36 5361
1 37 243
1 43 543
1 44 2593
1 46 5487
1 50 664
1 52 5536
1 53 5775
1 63 7645
1 66 5316
1 76 7650
1 78 547
1 80 8608
1 84 3177
1 87 6907
1 88 3252
1 90 3645
1 96 1111
1 99 7976
1 102 1982
1 105 2143
1 106 4025
1 108 8810
1 110 4600
1 115 1568
1 116 8570
1 119 2126
1 120 823
1 123 7762
1 126 6973
1 128 817
1 142 7111
1 143 8477
1 144 8063
1 146 5576
1 148 6206
1 149 9593
1 150 7583
1 151 5797
1 153 9190
2 3 7838
2 6 3127
2 7 7428
2 10 8045
2 11 7211
2 19 7187
2 21 7282
2 22 4605
2 26 7831
2 29 5947
2 30 1237
2 37 5094
2 39 8394
2 43 7842
2 46 1655
2 50 3937
2 51 1792
2 54 1722
2 55 8957
2 57 527
2 61 1790
2 62 2964
2 71 1530
2 80 634
2 86 9626
2 95 1892
2 96 7039
2 115 2148
2 122 2789
2 123 943
2 125 5944
2 126 1411
2 136 4396
2 139 4820
2 143 1456
2 145 8261
3 4 7693
3 11 904
3 12 7718
3 15 2124
3 16 6997
3 31 7325
3 32 9062
3 36 1409
3 37 9059
3 42 2837
3 46 1298
3 52 2051
3 56 8918
3 58 6479
3 62 8716
3 74 3016
3 88 8035
3 97 6335
3 111 8260
3 114 1591
3 118 6349
3 124 3283
3 125 4895
3 130 5375
3 132 8220
3 133 1449
3 143 5594
3 144 2040
3 152 2417
3 154 6726
4 9 4253
4 26 1729
4 27 2033
4 33 9398
4 37 3048
4 45 7603
4 46 2079
4 48 2839
4 49 1941
4 61 1005
4 72 3922
4 74 4320
4 75 2036
4 82 5550
4 86 3492
4 89 8767
4 105 6160
4 107 6502
4 110 6858
4 116 2233
4 123 1450
4 128 1357
4 129 8804
4 132 22
4 136 6981
4 142 7259
4 151 2876
5 24 9242
5 28 4097
5 35 1845
5 40 3345
5 42 2184
5 45 7283
5 46 2679
5 48 8088
5 68 3250
5 69 3785
5 72 684
5 75 2634
5 78 555
5 79 4984
5 80 9669
5 83 5660
5 84 9686
5 88 8128
5 91 5104
5 94 7526
5 98 3140
5 105 7926
5 107 7521
5 108 9140
5 118 2623
5 138 9513
5 139 6487
5 140 1944
5 141 4546
5 142 5942
5 143 9997
5 148 3205
5 149 6164
6 8 8457
6 9 2271
6 11 1800
6 14 8372
6 15 4835
6 18 3422
6 23 7088
6 24 4361
6 26 3963
6 29 6710
6 33 3084
6 34 4234
6 37 7899
6 43 6456
6 44 3361
6 46 2245
6 52 2280
6 54 6380
6 62 6793
6 64 590
6 65 4535
6 67 8692
6 73 7179
6 76 7457
6 78 7877
6 86 2027
6 88 5857
6 93 6708
6 95 7782
6 96 4619
6 99 4021
6 100 9799
6 101 4256
6 104 5802
6 114 5952
6 117 3758
6 119 2974
6 128 1238
6 129 5098
6 131 5260
6 135 7789
6 138 9176
6 139 5815
6 140 6540
6 143 5235
6 144 4714
6 146 2864
6 147 110
6 148 1779
7 10 2748
7 15 2341
7 18 1418
7 21 7208
7 27 9415
7 28 2398
7 32 6414
7 33 9248
7 37 3950
7 41 113
7 43 8501
7 52 5456
7 61 3556
7 67 4378
7 75 2533
7 83 9481
7 88 5828
7 90 9018
7 91 6710
7 92 4644
7 104 3886
7 114 1237
7 116 8253
7 117 4758
7 118 6908
7 121 2108
7 125 7060
7 136 117
7 137 5423
7 143 3737
7 147 2802
7 148 9642
7 149 7219
7 153 6703
8 15 4323
8 18 8538
8 21 9110
8 27 2572
8 28 8291
8 42 1407
8 49 4670
8 50 1836
8 52 9159
8 56 6269
8 58 2511
8 67 9982
8 72 2400
8 75 596
8 80 9294
8 91 2538
8 100 1217
8 103 4657
8 107 4317
8 110 5603
8 117 1613
8 123 8635
8 128 5712
8 137 3103
8 148 731
8 153 1172
9 10 712
9 12 2588
9 13 5730
9 14 1614
9 17 6185
9 19 4238
9 20 4847
9 48 6860
9 51 427
9 53 1955
9 55 3442
9 56 259
9 64 1708
9 66 2590
9 71 2555
9 75 3926
9 76 9981
9 82 7487
9 85 2579
9 90 7123
9 91 2403
9 92 9269
9 93 8400
9 94 4797
9 103 5587
9 113 8160
9 125 7902
9 126 668
9 137 8875
9 138 829
9 141 2225
9 147 8766
9 150 903
10 15 9498
10 29 1716
10 30 6413
10 31 8061
10 32 4951
10 33 7609
10 40 7384
10 45 4279
10 47 7309
10 52 9652
10 53 142
10 55 3900
10 56 2366
10 57 6397
10 61 5775
10 65 8338
10 70 3581
10 75 7196
10 77 7518
10 82 7648
10 86 3277
10 87 6902
10 89 9756
10 90 9857
10 92 9663
10 93 8947
10 94 2486
10 96 7959
10 99 7390
10 104 3729
10 108 3691
10 111 7732
10 118 2787
10 125 1158
10 126 7961
10 131 8636
10 133 4602
10 138 1226
10 139 9667
10 143 9324
10 145 6362
10 151 5235
10 153 7021
11 17 7226
11 19 1028
11 21 7797
11 23 3188
11 24 1300
11 25 7445
11 26 5202
11 29 6409
11 30 5003
11 31 3324
11 34 3542
11 35 3344
11 37 1966
11 40 9387
11 41 4003
11 43 6178
11 51 5198
11 55 504
11 63 5557
11 64 7122
11 70 84
11 77 4438
11 79 602
11 82 1385
11 84 5000
11 90 2656
11 94 1904
11 98 11
11 102 6288
11 105 3869
11 106 1274
11 109 8150
11 127 8409
11 132 6200
11 134 6618
11 135 1240
11 137 7396
11 138 8411
11 143 4920
11 151 9867
11 154 5982
12 18 5494
12 23 9516
12 28 1919
12 35 1090
12 36 8865
12 41 1815
12 51 9041
12 52 5021
12 58 8435
12 61 1439
12 63 7411
12 64 2426
12 65 6134
12 70 4397
12 74 6708
12 75 1744
12 79 9247
12 80 9729
12 83 587
12 87 6058
12 100 1670
12 103 4948
12 111 1538
12 118 5565
12 120 6627
12 121 207
12 123 1211
12 126 9837
12 129 156
12 137 5439
12 138 7943
12 145 7354
12 147 5600
12 150 5367
12 151 9416
12 154 1565
13 16 1525
13 21 6506
13 24 1043
13 27 2179
13 28 2804
13 29 7335
13 30 486
13 33 2595
13 39 4949
13 44 5341
13 45 5452
13 48 6463
13 49 1911
13 50 7088
13 52 4364
13 58 6955
13 64 8755
13 67 9508
13 74 8550
13 76 1022
13 79 7745
13 80 252
13 87 3221
13 89 1440
13 104 1608
13 106 7759
13 107 7862
13 109 5988
13 110 147
13 111 2750
13 117 4672
13 118 6798
13 119 3782
13 125 1335
13 130 1454
13 132 7136
13 138 1437
13 139 7773
13 143 1306
13 147 8661
13 150 9768
13 151 6474
13 152 2473
13 154 4927
14 20 2721
14 25 3596
14 28 2986
14 42 9659
14 44 1562
14 46 1548
14 53 4125
14 54 2486
14 57 1078
14 59 4888
14 60 7128
14 61 3826
14 65 6523
14 66 135
14 67 325
14 79 6858
14 80 6092
14 82 7863
14 88 6263
14 96 5447
14 97 9993
14 104 1250
14 106 3547
14 109 5708
14 121 5457
14 137 1925
14 138 4798
14 146 2182
14 150 4089
15 24 996
15 34 1193
15 46 7035
15 47 4171
15 66 5912
15 67 5095
15 77 5279
15 84 5347
15 85 2021
15 87 2186
15 88 5142
15 90 8501
15 92 5182
15 93 9768
15 97 3377
15 102 2692
15 109 6977
15 114 8959
15 115 1856
15 117 2832
15 120 8654
15 126 6110
15 132 3034
15 134 5566
15 137 5705
15 142 1280
15 144 1037
15 146 8417
15 148 1425
16 19 7655
16 22 2947
16 28 1120
16 32 7524
16 37 7791
16 44 691
16 47 321
16 50 5459
16 52 6718
16 63 1594
16 69 2240
16 74 9633
16 78 1136
16 79 5154
16 91 9848
16 95 2818
16 96 7036
16 98 300
16 106 9699
16 107 1277
16 111 799
16 118 6861
16 124 8940
16 129 2407
16 133 7504
16 140 3034
16 141 514
16 146 1783
16 147 6834
16 151 6996
16 154 8451
17 25 9073
17 26 6051
17 29 1134
17 30 1393
17 32 2630
17 33 7020
17 59 2029
17 62 5720
17 66 5455
17 67 3455
17 71 8253
17 77 8569
17 78 8226
17 82 1417
17 85 8801
17 89 8614
17 91 6781
17 93 5254
17 96 3782
17 98 1662
17 103 3217
17 105 6302
17 108 4191
17 109 201
17 113 9945
17 118 8967
17 119 4752
17 121 3896
17 131 3282
17 133 5812
17 135 8477
17 142 9652
17 146 5588
17 149 457
17 151 386
17 154 2121
18 19 7220
18 21 6657
18 32 8908
18 38 3830
18 42 8055
18 46 5653
18 48 4954
18 52 6004
18 56 8246
18 76 8338
18 77 5076
18 89 873
18 90 7845
18 96 8631
18 98 7598
18 103 3455
18 104 1884
18 106 4308
18 111 4450
18 113 7574
18 117 5943
18 118 7093
18 120 6909
18 122 3902
18 126 9823
18 128 6897
18 132 5252
18 135 346
18 143 794
18 145 1376
18 146 1171
18 149 6911
18 150 2098
19 26 8299
19 27 412
19 28 2994
19 29 4345
19 33 7203
19 34 3075
19 41 6804
19 44 7648
19 45 8930
19 50 2651
19 55 9494
19 58 2669
19 63 8574
19 66 1567
19 67 5917
19 76 4219
19 77 5742
19 80 2748
19 83 8514
19 84 8805
19 99 4283
19 106 6614
19 108 286
19 119 5965
19 125 5585
19 126 1749
19 129 9969
19 130 7046
19 131 1950
19 135 4815
19 137 8929
19 146 8726
19 150 6668
20 23 9336
20 40 583
20 44 9377
20 46 9698
20 52 8649
20 53 1180
20 56 2595
20 59 3887
20 61 6719
20 71 2074
20 74 2956
20 77 3446
20 81 1718
20 90 2911
20 94 758
20 98 4371
20 100 1573
20 101 6145
20 102 3229
20 104 597
20 105 2216
20 106 2841
20 114 687
20 115 1942
20 116 3985
20 117 57
20 118 3773
20 126 4434
20 127 2895
20 128 5504
20 129 7096
20 133 2071
20 141 2719
20 145 7676
20 146 5174
21 25 4994
21 34 4993
21 38 9181
21 40 2503
21 44 2426
21 48 5253
21 51 8264
21 58 1992
21 66 8541
21 84 1392
21 85 184
21 86 1906
21 88 5821
21 91 6974
21 97 2283
21 98 1777
21 106 2448
21 111 8356
21 112 6799
21 117 2026
21 136 5756
21 141 2180
21 144 7690
21 148 5008
21 154 9974
22 23 8000
22 26 7581
22 30 5651
22 33 9640
22 35 7984
22 36 729
22 40 3895
22 45 2498
22 52 3537
22 55 3742
22 57 8257
22 61 4664
22 62 6378
22 63 150
22 66 3164
22 69 8187
22 74 1741
22 75 2206
22 77 5578
22 81 9697
22 84 9183
22 85 9226
22 87 2726
22 88 3621
22 92 4271
22 94 3415
22 103 4738
22 105 5641
22 113 8703
22 121 769
22 125 9898
22 127 9441
22 136 8166
22 139 1056
22 146 1131
23 25 7131
23 26 973
23 28 9443
23 33 8948
23 34 2606
23 35 5417
23 36 9449
23 40 3458
23 44 3182
23 45 534
23 50 6120
23 52 3702
23 54 8548
23 58 1568
23 64 4753
23 67 7150
23 75 9322
23 85 6695
23 88 6599
23 89 388
23 101 4187
23 107 5999
23 121 5619
23 124 9810
23 127 7522
23 135 4874
23 137 5786
23 140 5137
23 142 5013
23 144 2616
24 26 6634
24 34 3707
24 35 5577
24 37 2834
24 46 8912
24 49 4847
24 63 8601
24 74 7841
24 75 7784
24 76 6716
24 83 9058
24 87 5616
24 105 3770
24 107 891
24 108 8404
24 117 3946
24 122 3824
24 127 3211
24 129 1369
24 130 8185
24 133 7846
24 138 2788
24 141 3459
24 142 1732
25 26 4377
25 40 8450
25 49 8988
25 50 465
25 51 3706
25 58 7106
25 60 4139
25 61 2663
25 62 3707
25 67 3448
25 71 9513
25 72 6011
25 73 5954
25 75 6859
25 78 2405
25 81 5126
25 82 9665
25 83 2845
25 88 7980
25 93 1494
25 96 8648
25 97 8764
25 103 6093
25 104 2440
25 105 8870
25 109 9970
25 112 3024
25 117 2432
25 118 236
25 121 5325
25 122 5749
25 134 2862
25 139 1288
25 142 2842
25 144 5905
25 146 8708
25 149 2044
25 153 4705
26 31 1729
26 34 3196
26 43 1747
26 46 3576
26 47 1319
26 51 4626
26 54 7917
26 55 9943
26 56 8900
26 57 5432
26 59 2020
26 63 7390
26 66 1772
26 67 7323
26 78 7409
26 81 5542
26 82 8710
26 84 8661
26 87 4671
26 90 6459
26 107 5592
26 110 8102
26 112 6928
26 113 4193
26 125 8417
26 126 9945
26 129 1242
26 130 2296
26 131 7817
26 138 8516
26 142 2007
26 145 3196
26 147 4650
26 148 3375
27 28 34
27 34 3578
27 35 565
27 36 2381
27 37 168
27 42 2678
27 43 4056
27 47 4374
27 50 2575
27 55 5150
27 62 4819
27 63 9039
27 64 1838
27 67 2155
27 69 6875
27 71 4997
27 74 2824
27 75 7526
27 84 1694
27 85 4409
27 90 7454
27 93 2553
27 95 5327
27 104 1002
27 107 7744
27 114 2780
27 115 6234
27 118 962
27 126 3969
27 130 6980
27 131 6258
27 133 2169
27 135 7234
27 136 633
27 142 8724
27 144 4036
27 150 4651
27 154 1326
28 29 348
28 32 8625
28 33 8132
28 34 4448
28 35 8567
28 47 7653
28 51 4859
28 53 7325
28 63 4863
28 67 5874
28 70 4162
28 73 3951
28 84 6706
28 93 7661
28 94 5044
28 96 3832
28 97 374
28 102 7407
28 105 2820
28 107 2961
28 108 4383
28 116 4126
28 119 6142
28 124 8449
28 125 1867
28 130 4753
28 131 8475
28 133 9421
28 138 6478
28 139 1104
28 143 8206
29 30 1822
29 39 9264
29 40 1031
29 44 2671
29 55 9497
29 59 3324
29 60 4003
29 71 333
29 74 7160
29 75 3331
29 95 3089
29 96 7052
29 97 251
29 98 7572
29 100 5183
29 101 5560
29 105 5377
29 107 6662
29 112 9648
29 113 1105
29 117 2839
29 125 6096
29 135 1536
29 141 7755
29 142 3755
29 146 8359
29 149 9711
29 150 9765
29 151 7289
29 153 7444
30 31 2004
30 33 4067
30 37 2133
30 39 3958
30 44 5067
30 46 2049
30 48 6794
30 50 1048
30 53 7040
30 55 6842
30 59 6514
30 60 7083
30 66 2437
30 70 7416
30 73 5563
30 75 9336
30 79 6390
30 81 1960
30 83 3802
30 84 7791
30 85 4400
30 87 755
30 88 5347
30 96 6264
30 99 8848
30 110 9058
30 113 9635
30 114 325
30 115 5026
30 117 4862
30 118 1867
30 119 4270
30 120 8553
30 122 9945
30 140 5334
31 32 4016
31 33 4415
31 36 3493
31 40 2559
31 44 5980
31 47 3812
31 48 9386
31 49 6882
31 57 4162
31 62 2583
31 63 7889
31 66 9487
31 73 438
31 81 5660
31 82 1094
31 88 3223
31 93 5519
31 94 4273
31 95 7606
31 101 2050
31 102 8855
31 106 3400
31 111 6556
31 114 2114
31 116 8427
31 118 4079
31 126 1593
31 139 149
31 141 4155
31 144 8222
31 148 7415
32 33 9570
32 39 2292
32 42 3237
32 49 4525
32 53 3509
32 59 5702
32 66 3346
32 67 7014
32 68 3538
32 71 3236
32 76 166
32 82 7940
32 90 1108
32 94 7729
32 103 98
32 108 7980
32 114 9209
32 121 9801
32 123 3631
32 124 133
32 126 6843
32 134 1731
32 135 7365
32 138 1203
32 140 4342
32 141 7584
32 147 6911
32 149 3729
32 153 5762
33 34 2046
33 38 9249
33 39 9509
33 44 1450
33 52 7548
33 53 1417
33 58 475
33 59 5427
33 72 58
33 73 9245
33 79 2498
33 85 5416
33 86 2135
33 91 605
33 94 3726
33 96 8110
33 98 979
33 100 2136
33 103 9572
33 109 5693
33 111 230
33 119 2963
33 123 9164
33 134 1663
33 140 1589
33 144 4302
33 149 4488
33 153 9496
34 39 5014
34 47 1309
34 48 9022
34 49 3568
34 50 2506
34 52 8712
34 56 8711
34 60 2629
34 64 6608
34 66 1245
34 67 9675
34 72 8621
34 73 4268
34 74 5073
34 77 1402
34 84 2664
34 86 5284
34 93 2009
34 94 1617
34 95 4048
34 105 5713
34 107 8309
34 114 9701
34 115 3396
34 119 1089
34 124 5390
34 132 3455
34 143 8102
34 146 7480
34 147 4569
34 150 5750
34 154 8371
35 39 5454
35 46 4321
35 47 5362
35 48 4826
35 49 1121
35 51 9582
35 57 4800
35 61 6700
35 81 3932
35 83 2427
35 91 164
35 97 988
35 99 5087
35 103 6130
35 109 5786
35 112 4475
35 114 9602
35 117 8467
35 118 7713
35 121 1807
35 122 3346
35 127 669
35 131 6520
35 132 9995
35 133 829
35 139 292
35 141 9839
35 145 6882
35 146 9113
35 149 2647
36 39 5511
36 45 6157
36 48 3257
36 51 3059
36 56 6357
36 58 2034
36 61 3371
36 68 108
36 71 1744
36 72 6625
36 75 9711
36 77 481
36 80 9334
36 83 5320
36 84 7008
36 85 1378
36 87 8571
36 98 1551
36 99 4346
36 119 9529
36 120 8519
36 125 3386
36 131 4421
36 133 834
36 139 8182
36 150 6219
36 151 5559
36 152 8325
37 38 4961
37 39 7864
37 44 2171
37 46 4823
37 47 9730
37 48 3670
37 49 6461
37 50 1353
37 54 4157
37 56 5146
37 59 796
37 62 5111
37 63 8076
37 66 9990
37 67 6839
37 70 8393
37 86 4499
37 87 801
37 89 8612
37 90 2163
37 93 1422
37 94 6865
37 103 6060
37 111 2621
37 116 4775
37 119 271
37 126 3455
37 131 836
37 132 45
37 138 2053
37 139 4832
37 142 9310
37 147 3600
37 150 4956
37 153 4421
37 154 8038
38 42 7677
38 47 9614
38 54 7485
38 55 3030
38 58 9480
38 59 1907
38 61 1995
38 63 3190
38 66 6640
38 67 8375
38 72 163
38 73 8248
38 75 5753
38 81 5424
38 82 5714
38 85 2970
38 88 1106
38 91 6944
38 98 8559
38 100 6902
38 105 8515
38 110 9573
38 123 9767
38 129 7910
38 134 2630
38 136 1060
38 138 1018
38 142 6690
38 143 8200
38 144 3917
38 150 4588
39 43 7047
39 46 7225
39 48 7597
39 54 7891
39 56 66
39 58 1079
39 68 3511
39 72 5189
39 73 2830
39 76 675
39 77 513
39 78 499
39 81 7160
39 89 5029
39 90 1832
39 96 3183
39 97 5193
39 102 7963
39 107 572
39 111 4472
39 114 3686
39 116 1023
39 118 8869
39 121 4739
39 126 422
39 131 6943
39 133 9261
39 134 1132
39 136 92
39 138 93
39 140 6426
39 141 3134
39 143 5518
39 144 3161
39 146 1253
39 148 4653
40 42 3564
40 51 2602
40 59 6610
40 61 8184
40 63 2737
40 69 1791
40 74 3831
40 77 2573
40 79 204
40 85 4
40 96 7265
40 98 8807
40 100 476
40 101 284
40 106 1035
40 107 4352
40 108 5188
40 109 982
40 116 5903
40 117 2385
40 125 2282
40 126 9656
40 128 6553
40 129 8097
40 130 7423
40 131 8323
40 133 3569
40 138 3941
40 140 6271
40 145 5195
40 146 8023
40 152 6376
41 43 5062
41 46 8863
41 53 7858
41 55 1604
41 70 1470
41 74 9574
41 83 1122
41 85 5254
41 86 937
41 94 2152
41 97 787
41 99 7769
41 102 1507
41 109 9954
41 111 3127
41 112 6050
41 113 8789
41 114 4771
41 117 8614
41 124 6958
41 128 7679
41 131 3646
41 136 7462
41 139 6579
41 143 2823
41 146 8011
41 148 495
42 43 5584
42 47 2116
42 50 5779
42 53 2032
42 56 4280
42 57 5254
42 59 4610
42 64 6987
42 65 4631
42 67 4758
42 68 487
42 74 1049
42 82 1969
42 87 2632
42 95 310
42 107 221
42 110 3000
42 115 7101
42 118 1326
42 129 7255
42 131 1200
42 136 7648
42 143 2026
42 145 5521
42 146 6318
42 147 5249
42 149 7951
42 150 1295
42 152 3098
43 45 6049
43 47 4375
43 52 9442
43 54 7205
43 56 548
43 57 8219
43 58 2548
43 59 2630
43 66 5798
43 73 2757
43 76 6446
43 81 8077
43 84 7930
43 87 3164
43 93 2871
43 95 9140
43 103 5939
43 104 6022
43 110 8242
43 113 2263
43 115 8653
43 116 6928
43 118 2175
43 119 1547
43 120 7880
43 125 1968
43 132 6059
43 134 4451
43 140 3620
43 141 388
43 145 621
43 146 9783
43 150 9765
44 47 2927
44 52 6798
44 55 3950
44 56 2701
44 59 3350
44 62 7487
44 65 4987
44 67 284
44 71 5277
44 72 904
44 75 7494
44 77 2580
44 84 3840
44 87 3447
44 94 1639
44 96 8269
44 98 4465
44 99 6877
44 101 3763
44 105 1000
44 107 5859
44 113 9129
44 116 3013
44 121 1614
44 125 3555
44 131 6077
44 141 7791
44 142 4468
44 148 5003
45 52 1492
45 54 9207
45 57 8853
45 67 9880
45 74 4972
45 78 4739
45 82 3557
45 102 972
45 103 7114
45 107 8364
45 109 2668
45 118 7559
45 121 3667
45 123 7990
45 130 1760
45 140 9444
45 142 3107
45 143 5389
45 144 2349
45 146 7594
45 148 1592
45 149 4584
45 153 9419
45 154 3018
46 50 2339
46 52 8366
46 67 5121
46 69 9301
46 73 8442
46 80 5880
46 81 1649
46 85 2800
46 95 6213
46 96 8061
46 100 9785
46 106 4097
46 111 6670
46 112 1868
46 126 2616
46 135 1275
46 138 5331
46 140 3399
46 141 8675
46 142 3611
46 144 8357
46 145 6412
46 154 4943
47 48 8220
47 55 6759
47 56 5492
47 57 2517
47 61 9300
47 63 534
47 70 2479
47 75 2402
47 77 325
47 78 3483
47 101 1836
47 105 1979
47 108 5888
47 112 6711
47 113 898
47 118 6583
47 119 8115
47 124 6189
47 125 50
47 128 6662
47 131 3328
47 132 4338
47 136 661
48 55 2054
48 61 4275
48 66 6919
48 73 8478
48 80 2977
48 81 1495
48 89 1556
48 91 5779
48 92 3414
48 96 4298
48 97 1824
48 100 8449
48 103 6021
48 104 721
48 105 7673
48 110 4994
48 116 3242
48 118 1276
48 126 263
48 142 9970
48 148 5946
49 54 1297
49 64 9057
49 66 2478
49 71 1276
49 75 5687
49 77 4565
49 86 9346
49 87 2312
49 90 6685
49 98 3525
49 111 3602
49 129 2287
49 131 6990
49 132 3622
49 138 6711
49 146 1146
50 51 379
50 56 7027
50 64 967
50 65 4605
50 69 5087
50 71 4359
50 74 6820
50 77 3583
50 88 3917
50 101 6726
50 104 3731
50 110 4951
50 113 6632
50 119 5634
50 121 873
50 126 5858
50 130 1598
50 139 2593
50 141 6860
50 142 7314
50 144 7013
50 147 3969
50 149 2228
50 153 4709
51 57 1743
51 75 3270
51 80 5406
51 81 4358
51 82 4256
51 84 3457
51 86 5523
51 91 5692
51 92 3335
51 96 6205
51 103 9243
51 104 1298
51 108 9432
51 118 9428
51 130 1832
51 131 1689
51 135 8309
51 136 8142
51 138 8411
51 148 712
51 149 3782
51 152 5738
52 53 783
52 55 7932
52 57 3362
52 58 4854
52 59 9085
52 60 662
52 61 7111
52 62 8671
52 67 4801
52 76 5315
52 78 170
52 83 7568
52 85 5777
52 90 424
52 92 8358
52 94 1283
52 95 9531
52 102 2626
52 104 9751
52 112 6406
52 114 727
52 116 9411
52 119 7478
52 120 3222
52 130 2733
52 140 1156
52 141 4484
52 142 8045
52 147 3718
52 150 3575
52 154 8744
53 55 1959
53 64 7314
53 67 9213
53 74 157
53 75 5155
53 82 1255
53 84 247
53 88 6091
53 89 4355
53 99 9420
53 102 4685
53 108 520
53 110 3202
53 114 9418
53 117 8806
53 118 1626
53 119 1141
53 120 7270
53 129 2491
53 130 3344
53 131 6955
53 136 3944
53 141 4725
53 142 5310
53 147 3102
53 149 729
53 153 4151
54 59 6431
54 60 9961
54 64 1241
54 65 1014
54 71 7899
54 74 2508
54 81 1309
54 92 1880
54 93 7081
54 95 1045
54 96 5793
54 98 5689
54 101 4890
54 106 3022
54 111 2006
54 115 2688
54 117 3724
54 120 7492
54 123 8001
54 133 9325
54 134 6600
54 136 3391
54 141 1582
54 142 3983
54 148 9091
54 149 8504
54 150 9621
55 58 1676
55 60 7222
55 61 967
55 66 6870
55 67 3767
55 71 9126
55 77 6145
55 83 8870
55 86 2453
55 93 9051
55 98 4313
55 101 1644
55 102 4619
55 104 9765
55 105 7562
55 109 3580
55 112 925
55 114 5991
55 117 1070
55 122 3338
55 126 2582
55 128 163
55 131 1315
55 135 6007
55 141 7803
55 144 2372
55 148 376
55 149 7330
55 154 22
56 58 9049
56 59 3246
56 67 1427
56 72 962
56 80 2439
56 81 2341
56 83 9306
56 89 1717
56 90 5757
56 94 3091
56 96 9834
56 98 3763
56 102 3112
56 114 3077
56 115 5286
56 117 3746
56 128 2203
56 134 4626
56 139 3073
56 146 9617
56 147 2128
56 148 3530
56 150 8680
56 152 4357
56 154 6821
57 59 5359
57 60 6377
57 73 4412
57 77 5841
57 78 3722
57 82 8830
57 83 5265
57 84 5522
57 86 1978
57 88 731
57 92 8017
57 99 6282
57 100 842
57 105 2829
57 107 4033
57 111 1828
57 115 2093
57 127 289
57 128 8497
57 134 4308
57 139 8650
57 140 6701
57 142 2381
57 148 5350
57 150 3223
58 60 728
58 63 9518
58 65 3103
58 67 3677
58 74 7704
58 77 8985
58 79 2465
58 83 2912
58 84 6902
58 90 9527
58 92 414
58 97 7248
58 99 8765
58 102 5271
58 104 2975
58 107 6104
58 108 6714
58 109 7955
58 112 2078
58 117 7784
58 120 4484
58 123 891
58 126 3252
58 127 2122
58 131 3833
58 133 5042
58 137 8510
58 141 660
58 149 266
58 152 2535
58 154 1957
59 61 1644
59 63 6249
59 65 804
59 67 6672
59 69 5804
59 75 208
59 81 4304
59 86 6440
59 90 2528
59 95 8986
59 97 4833
59 100 678
59 103 61
59 107 7171
59 108 8
59 118 5031
59 122 2075
59 125 7996
59 126 3578
59 129 3733
59 142 7535
59 150 5927
59 153 5413
60 67 8530
60 72 1456
60 74 8141
60 84 5329
60 88 6235
60 93 8762
60 95 8579
60 100 6373
60 103 3219
60 104 9468
60 111 3011
60 112 5975
60 126 5414
60 127 3283
60 131 1621
60 132 9855
60 133 7452
60 139 7648
60 148 5225
61 66 4856
61 73 99
61 76 6197
61 77 6385
61 80 2565
61 81 7264
61 91 1408
61 98 3844
61 100 7593
61 105 8754
61 108 8065
61 109 3778
61 113 7829
61 114 7971
61 117 8314
61 125 8477
61 127 7669
61 130 8675
61 133 2797
61 134 3694
61 138 4027
61 146 8340
61 151 7407
62 67 2490
62 70 8914
62 75 3499
62 76 9941
62 77 8087
62 82 8624
62 83 1777
62 87 3639
62 89 428
62 90 6529
62 92 939
62 93 9620
62 96 154
62 102 2486
62 105 7055
62 106 740
62 108 9333
62 110 3279
62 112 6191
62 116 8123
62 119 7379
62 120 9209
62 121 299
62 135 3077
62 136 7832
62 138 5550
62 151 5343
62 154 3183
63 66 1649
63 70 1171
63 72 6453
63 74 427
63 88 2836
63 89 1238
63 91 2532
63 97 325
63 99 8029
63 108 556
63 112 8505
63 115 2906
63 127 8221
63 133 7391
63 134 7090
63 139 625
63 140 9647
63 147 3763
63 153 142
64 65 5056
64 69 2595
64 77 7812
64 78 1320
64 80 3768
64 81 805
64 86 2492
64 88 3219
64 96 8132
64 98 2483
64 101 3618
64 105 4751
64 109 4572
64 113 9013
64 120 7228
64 124 2427
64 128 3370
64 141 1705
64 149 6769
64 152 9657
64 153 3070
64 154 129
65 68 2861
65 69 2323
65 71 6255
65 73 3399
65 74 6121
65 75 1200
65 87 5358
65 92 3917
65 94 3308
65 107 3461
65 109 2978
65 110 3273
65 112 7690
65 126 713
65 128 6544
65 141 8088
65 149 830
65 154 2347
66 75 6902
66 77 5257
66 80 3445
66 89 1710
66 91 6521
66 95 7789
66 96 2460
66 102 9243
66 111 9123
66 124 8654
66 127 7299
66 133 9683
66 136 552
66 144 764
66 147 1059
66 148 2555
66 152 4312
66 153 2898
67 72 5539
67 87 458
67 88 1773
67 89 1410
67 95 932
67 112 7016
67 117 8769
67 134 6221
67 138 8326
67 139 2097
67 143 8654
67 152 7044
67 153 8184
68 70 9608
68 78 2034
68 80 3088
68 92 276
68 94 5812
68 98 3913
68 102 3149
68 110 3385
68 111 2332
68 114 7389
68 119 3555
68 120 6074
68 121 3236
68 124 7741
68 125 554
68 131 858
68 132 391
68 134 9723
68 137 698
68 140 8743
68 141 5044
68 149 8450
68 154 9637
69 70 5115
69 72 5426
69 74 1610
69 86 8136
69 87 4700
69 93 3938
69 96 7958
69 106 1707
69 107 3239
69 108 9998
69 114 6867
69 119 7552
69 120 5243
69 121 2488
69 126 7643
69 128 5899
69 138 3954
69 139 5458
69 140 530
69 141 4069
69 145 7519
69 152 6803
69 154 1854
70 76 6005
70 80 215
70 84 7613
70 89 617
70 92 8094
70 100 4291
70 102 8316
70 104 490
70 105 714
70 110 9599
70 113 3927
70 114 9976
70 116 9372
70 123 8570
70 124 213
70 134 3911
70 135 8496
70 141 2950
70 145 7321
70 146 6806
70 147 558
70 149 3930
70 150 9838
70 151 2264
70 152 2486
70 153 4048
70 154 9449
71 72 2533
71 74 1467
71 81 463
71 84 1320
71 85 3278
71 95 3308
71 96 4534
71 98 2044
71 99 9359
71 103 9227
71 105 548
71 108 1893
71 111 7720
71 113 3870
71 123 808
71 128 1990
71 131 1204
71 132 2346
71 137 3723
71 142 9669
71 146 5810
71 152 8075
71 154 1882
72 77 3911
72 79 310
72 81 9435
72 82 1587
72 85 7371
72 88 523
72 97 7895
72 102 9596
72 105 3597
72 107 7903
72 110 8138
72 112 8236
72 114 5163
72 116 5657
72 134 8134
72 136 7644
72 137 2451
72 151 3809
72 152 5974
73 78 7648
73 91 9840
73 100 4669
73 101 4935
73 107 8759
73 108 4588
73 109 5349
73 113 2241
73 116 5200
73 117 3861
73 120 3565
73 125 74
73 128 9215
73 134 1137
73 141 8197
73 142 7470
73 146 9188
73 153 9657
74 81 6171
74 82 7759
74 83 6923
74 90 3774
74 93 686
74 95 1982
74 107 3154
74 112 2185
74 114 5164
74 117 480
74 118 1595
74 119 7788
74 122 4294
74 123 8173
74 126 252
74 129 4598
74 138 970
74 144 1285
74 146 5873
75 76 8088
75 86 4355
75 96 2182
75 97 5977
75 105 6628
75 119 2300
75 120 4333
75 123 1659
75 130 4669
75 133 7540
75 136 5568
75 137 6220
75 142 1159
75 144 3281
75 147 5143
75 149 5076
75 150 459
75 151 9449
75 152 1916
76 84 1243
76 86 1329
76 95 8897
76 96 4850
76 106 4287
76 109 8534
76 110 6773
76 111 9643
76 114 6228
76 119 3275
76 123 1305
76 124 9709
76 126 288
76 127 7362
76 133 698
76 138 2531
77 78 9782
77 85 4230
77 89 460
77 90 6734
77 98 4720
77 100 2320
77 102 5918
77 103 997
77 104 4492
77 106 4998
77 111 8202
77 114 506
77 120 6319
77 128 4828
77 130 7869
77 131 8428
77 136 3838
77 139 3398
77 140 1616
77 143 1552
77 151 6525
78 80 575
78 84 3008
78 87 9895
78 90 9108
78 95 1745
78 96 1190
78 98 1633
78 99 6260
78 113 3666
78 118 4594
78 125 7415
78 127 5575
78 135 6534
78 138 4551
78 143 3962
78 154 6888
79 83 3894
79 87 1356
79 88 729
79 93 9457
79 94 8130
79 96 7076
79 98 2189
79 104 5504
79 109 8232
79 110 9214
79 115 3929
79 120 9515
79 122 2087
79 125 7756
79 127 9714
79 129 3419
79 130 9204
79 133 2994
79 138 3238
79 143 246
79 146 980
79 147 3692
80 88 4456
80 90 154
80 98 7428
80 104 141
80 108 9832
80 115 9705
80 116 2648
80 117 3490
80 120 5578
80 124 5998
80 127 6864
80 130 4676
80 136 9638
80 140 8213
80 143 1351
81 87 7952
81 88 7967
81 94 2945
81 97 8041
81 114 1717
81 115 3719
81 117 3751
81 133 6275
81 139 5340
81 143 2191
81 146 62
81 153 7415
81 154 38
82 89 2266
82 96 318
82 105 1645
82 108 8833
82 110 268
82 125 586
82 130 951
82 133 1426
82 136 1820
82 140 7421
82 143 4787
82 144 3607
82 145 389
82 149 4577
83 85 1259
83 91 5930
83 94 1765
83 103 2801
83 114 9896
83 118 3946
83 119 1119
83 133 3832
83 142 8342
83 144 7826
83 148 6152
83 152 976
84 92 2153
84 120 8357
84 121 2256
84 128 6147
84 130 8738
84 134 9363
84 154 2558
85 89 5454
85 92 1196
85 101 5045
85 118 5076
85 121 2873
85 123 7684
85 124 4502
85 127 1311
85 129 1186
85 132 5008
85 134 4508
85 137 5586
85 139 2874
85 140 4425
85 147 5617
85 154 2341
86 88 5004
86 89 1262
86 90 6420
86 92 1392
86 102 7938
86 104 5987
86 106 4834
86 110 5551
86 112 5946
86 114 6110
86 122 7382
86 125 4172
86 127 8472
86 129 2970
86 130 5614
86 133 490
86 141 4627
86 153 5736
87 91 6989
87 94 8495
87 101 7367
87 105 8957
87 106 3058
87 112 9542
87 116 197
87 122 5865
87 125 8372
87 126 4763
87 127 1953
87 138 5261
87 140 1640
87 149 9088
87 152 4569
87 154 1549
88 89 9275
88 94 632
88 97 8335
88 102 7688
88 105 5999
88 108 2105
88 113 9230
88 114 4031
88 117 5692
88 119 8836
88 125 2290
88 126 4483
88 131 6401
88 135 9872
88 136 898
88 137 6096
88 145 2650
88 149 1983
88 151 2886
88 153 4412
89 94 6274
89 95 1183
89 99 6057
89 102 9349
89 132 2596
89 136 8065
89 137 6009
89 142 5258
89 145 5044
89 146 3964
90 94 5860
90 96 4170
90 102 4302
90 104 2696
90 107 2122
90 111 8094
90 116 1076
90 117 1207
90 123 7275
90 125 5261
90 127 1789
90 133 2416
90 145 2871
90 146 6921
90 151 4326
90 152 1887
90 154 2687
91 92 6910
91 93 9598
91 99 7267
91 107 8955
91 109 786
91 116 2220
91 118 98
91 119 6800
91 122 8472
91 125 8229
91 127 9042
91 128 589
91 129 1931
91 131 2946
91 132 995
91 138 8333
91 143 9407
91 146 4562
91 151 164
91 153 2668
91 154 1565
92 97 9772
92 103 7662
92 104 6425
92 108 1605
92 112 7803
92 125 7674
92 128 8765
92 129 1347
92 138 9074
92 139 4798
92 148 9680
92 150 1119
92 154 5038
93 97 2573
93 98 9296
93 102 2451
93 103 1489
93 110 8298
93 111 2052
93 112 7411
93 125 9165
93 129 4159
93 141 7959
93 145 4001
93 151 2494
94 98 8576
94 104 2614
94 109 8819
94 112 3634
94 125 9537
94 128 8231
94 131 4283
94 133 3960
94 134 7307
94 135 4352
94 140 60
94 142 406
94 148 4079
94 149 3630
94 150 4800
94 152 5937
94 153 4948
94 154 9311
95 106 179
95 109 2407
95 110 472
95 111 6565
95 116 4434
95 117 4204
95 119 6604
95 120 2074
95 123 3353
95 127 5902
95 137 7923
95 139 2947
95 140 5824
95 147 6544
95 153 599
96 97 1061
96 98 7923
96 99 6319
96 101 8054
96 102 9045
96 103 1255
96 104 6376
96 109 6368
96 116 3342
96 119 8664
96 120 2522
96 123 8434
96 131 2410
96 132 825
96 136 6848
96 140 4512
96 141 5013
96 153 2166
97 98 3312
97 100 3913
97 101 7663
97 104 6654
97 106 7346
97 117 1520
97 118 9361
97 121 2450
97 122 1769
97 124 2549
97 134 3554
97 139 4855
97 141 9350
97 143 3407
97 145 1975
97 147 4283
97 151 6500
97 154 4446
98 103 2692
98 106 1926
98 113 3010
98 115 8108
98 121 8712
98 122 9386
98 127 9893
98 129 6851
98 133 1087
98 135 2410
98 138 3360
98 140 8885
98 141 9006
98 142 7026
98 144 9461
98 148 8102
98 149 7348
98 152 4607
99 102 5827
99 106 822
99 110 2042
99 123 5925
99 124 425
99 125 22
99 127 9156
99 135 5989
99 142 7927
99 150 2604
99 153 3252
100 109 2650
100 115 8668
100 123 9773
100 124 162
100 125 4975
100 126 2629
100 127 8863
100 129 6588
100 133 7017
100 141 1396
100 153 1359
101 104 1131
101 109 6241
101 110 3605
101 117 3598
101 118 9908
101 121 4089
101 128 4464
101 129 2102
101 133 3804
101 140 9598
101 145 990
102 103 8264
102 104 5671
102 109 6797
102 112 7031
102 113 7272
102 114 8949
102 121 3767
102 127 5660
102 128 2960
102 130 4608
102 131 5260
102 132 9530
102 136 938
102 138 171
102 141 1083
102 154 7888
103 107 6851
103 108 5952
103 112 2684
103 113 9005
103 114 9269
103 118 3936
103 122 3889
103 124 8943
103 129 5747
103 133 9003
103 139 9388
103 140 9208
103 145 2220
103 146 7663
103 149 8044
103 154 7881
104 105 7746
104 120 1249
104 125 1181
104 133 2029
104 141 15
104 144 5244
104 151 7020
104 152 7845
105 112 1764
105 123 120
105 125 8340
105 138 3166
105 147 6409
105 152 4527
106 107 7232
106 110 8798
106 116 1497
106 117 2545
106 119 2598
106 120 9991
106 122 6335
106 124 2215
106 134 8259
106 138 7919
106 150 3452
107 108 4548
107 109 7522
107 120 1009
107 122 9609
107 124 4129
107 139 1709
107 141 7821
107 143 1068
107 144 3946
107 146 4572
107 149 463
107 153 6794
107 154 9749
108 110 5229
108 112 9534
108 117 8245
108 122 8812
108 124 349
108 125 932
108 129 9124
108 130 1042
108 131 7451
108 133 2331
108 134 1372
108 136 288
108 138 8785
108 142 5219
108 149 1806
108 150 7538
108 151 941
108 152 2959
109 111 5225
109 123 6030
109 133 1222
109 138 2238
109 145 8063
109 146 4016
109 152 2173
109 154 4802
110 111 4271
110 113 5644
110 114 2743
110 116 8964
110 118 4388
110 119 8026
110 120 998
110 123 2544
110 125 9928
110 127 7482
110 128 2525
110 129 5072
110 132 5825
110 134 8089
110 145 6871
110 148 781
111 114 6370
111 117 4761
111 118 7514
111 119 3563
111 120 1857
111 121 6574
111 123 9565
111 124 6192
111 125 3888
111 128 3833
111 139 3822
111 140 8268
111 143 33
111 146 6743
111 154 5034
112 118 3527
112 124 1108
112 125 7314
112 129 8898
112 134 8506
112 137 6271
112 138 6583
112 140 3017
112 141 6244
112 142 6142
113 114 9463
113 115 5033
113 117 5809
113 119 6680
113 120 4072
113 122 3853
113 131 5676
113 138 887
113 140 8681
113 145 5442
113 154 9861
114 116 7187
114 121 2320
114 127 2109
114 135 3362
114 136 4278
114 138 3738
114 139 8965
114 141 7877
114 149 921
115 121 6157
115 127 9708
115 135 6557
115 149 5773
115 154 6473
116 123 2318
116 126 1349
116 128 1142
116 130 4376
116 141 3844
116 142 6167
116 145 5973
116 147 461
116 149 9607
117 118 7870
117 123 2145
117 131 9069
117 133 257
117 136 1
117 143 809
117 145 4962
117 150 3196
118 122 7263
118 124 3865
118 125 9312
118 130 9870
118 132 648
118 134 1387
118 140 2029
118 147 5045
118 148 5048
119 120 6136
119 121 3281
119 122 4590
119 124 3749
119 129 5574
119 132 4380
119 139 7449
119 142 8481
119 154 1107
120 125 229
120 129 9378
120 130 6129
120 138 5731
120 140 835
120 141 1923
120 153 2078
121 128 5443
121 129 311
121 131 7886
121 132 6851
121 133 2737
121 134 4048
121 135 8255
121 137 1420
121 140 1809
121 142 199
121 143 1980
121 146 825
121 148 4592
121 154 6242
122 125 3262
122 126 9534
122 128 2144
122 129 136
122 139 5514
122 143 7224
122 146 6902
123 125 8486
123 126 5579
123 128 17
123 133 7678
123 139 9258
123 142 2375
123 144 283
123 154 5009
124 125 6456
124 126 5663
124 129 2283
124 143 3599
124 153 887
125 126 9598
125 127 1528
125 128 1177
125 139 9172
125 141 7824
125 150 643
125 151 1267
126 127 435
126 132 5251
126 133 7531
126 135 4965
126 136 6105
126 137 8057
126 139 6488
126 142 251
126 145 2171
126 150 684
126 154 4859
127 130 6195
127 139 6695
127 140 9847
127 148 6839
127 150 7844
127 152 521
128 132 3342
128 135 6848
128 136 8208
128 141 6175
128 146 2232
128 149 5035
128 151 1194
128 152 1042
128 153 7977
128 154 3389
129 135 197
129 138 2167
129 143 7957
129 146 2825
129 148 9434
129 150 7961
129 152 3319
130 131 2081
130 133 7044
130 134 9635
130 135 1180
130 138 4214
130 139 3880
130 144 8540
130 148 7096
130 153 7216
131 132 8346
131 134 4052
131 137 229
131 142 7425
131 145 6593
131 147 557
131 148 5027
131 149 2358
131 151 4156
132 133 4694
132 151 1897
132 153 1197
133 137 1347
133 139 5990
133 140 8197
133 143 8093
134 135 5109
134 137 5922
134 138 7751
134 139 8680
134 142 4720
134 146 9952
134 147 6437
134 148 1980
134 154 3014
135 136 4316
135 137 7270
135 140 7134
135 141 702
135 144 2923
135 146 6296
135 149 5192
136 138 2441
136 146 7654
136 148 9761
136 152 8712
137 138 6539
137 144 1658
137 148 8729
137 149 430
137 153 1655
138 141 3064
138 145 5174
138 146 8201
138 147 8877
138 152 8725
139 147 2815
139 148 7774
139 151 5982
139 154 4486
140 143 4277
140 146 8555
140 147 5796
140 153 5303
141 143 6557
141 144 6535
141 145 9959
141 153 1582
142 144 4436
142 146 7220
142 152 3184
143 145 7146
143 148 1178
143 152 5092
144 149 7037
145 146 1598
145 149 3799
145 152 4718
145 154 4104
147 149 1838
147 153 5795
147 154 7505
148 153 2166
151 152 4381
152 154 3315
