135 2274 58775 26
0 1 6817
0 4 1042
0 10 3813
0 12 9641
0 15 6033
0 18 891
0 19 2812
0 23 7247
0 25 8115
0 27 9159
0 30 2860
0 37 1190
0 44 4254
0 45 6726
0 52 8825
0 57 3123
0 58 9813
0 59 661
0 62 240
0 64 1902
0 69 5078
0 74 9478
0 75 5195
0 80 9672
0 85 9425
0 92 9389
0 95 680
0 97 7766
0 99 9328
0 102 4926
0 108 4956
0 112 5950
0 113 8640
0 114 6012
0 118 5521
0 119 4592
0 120 2347
0 127 1196
0 128 113
0 131 4590
0 134 705
1 5 4317
1 9 3321
1 12 7390
1 15 5237
1 16 2240
1 25 4834
1 32 188
1 33 2817
1 35 8192
1 47 3375
1 50 6833
1 52 6174
1 54 2525
1 63 4570
1 64 860
1 69 9896
1 73 5631
1 79 186
1 82 4214
1 84 5183
1 85 9993
1 86 2116
1 87 4586
1 88 4936
1 96 5219
1 107 585
1 114 6730
1 115 34
1 119 7768
1 121 4271
1 122 1552
1 123 9316
1 126 5365
1 127 6804
2 5 4949
2 6 3319
2 10 9685
2 12 7217
2 13 5429
2 16 2370
2 17 4451
2 20 4013
2 24 7597
2 25 5472
2 35 8902
2 46 932
2 51 8916
2 52 7602
2 57 7517
2 58 5813
2 60 2102
2 61 2868
2 65 9197
2 66 6300
2 68 1298
2 69 9193
2 72 1028
2 73 7301
2 79 9596
2 84 4006
2 98 6066
2 100 7594
2 101 1806
2 106 9456
2 109 2459
2 111 5390
2 118 6610
2 125 9871
2 129 7551
2 131 7699
2 134 6668
3 6 2148
3 8 8916
3 12 9674
3 14 8196
3 18 4858
3 22 9702
3 25 7964
3 28 8344
3 32 9295
3 39 2028
3 46 3274
3 49 9941
3 50 3470
3 51 5244
3 56 6209
3 59 6979
3 60 1865
3 68 5801
3 69 5299
3 82 9872
3 86 4721
3 88 7665
3 90 2900
3 92 2314
3 96 4356
3 100 2743
3 103 9256
3 113 6883
3 116 2547
3 118 829
3 119 6196
3 129 6693
3 131 6672
3 132 7060
4 5 3537
4 6 1817
4 8 2430
4 9 4852
4 12 3393
4 16 4112
4 17 7590
4 20 597
4 21 2961
4 22 3046
4 26 3337
4 27 7741
4 38 9736
4 43 2568
4 45 4724
4 49 5865
4 51 6004
4 55 7517
4 57 923
4 65 5808
4 67 9041
4 73 1931
4 75 5468
4 76 3013
4 80 2472
4 81 9725
4 82 5048
4 85 8685
4 89 44
4 90 9476
4 92 7419
4 93 5795
4 95 4226
4 96 7556
4 103 434
4 107 9360
4 108 551
4 115 6398
4 121 2273
4 123 6149
4 125 7096
4 128 9742
4 130 609
4 131 8525
4 132 8097
5 6 1419
5 7 7615
5 8 1865
5 17 9189
5 22 3739
5 24 4392
5 34 6905
5 41 2662
5 45 7434
5 47 826
5 48 7004
5 53 1172
5 54 828
5 56 9129
5 65 6761
5 70 7742
5 74 9446
5 78 1532
5 82 5255
5 87 8495
5 88 4933
5 89 8050
5 92 4551
5 110 8621
5 111 9961
5 119 9879
5 120 7532
5 121 6078
5 122 6006
5 123 7697
5 130 3702
5 131 5000
5 133 9774
6 7 7625
6 8 9820
6 10 945
6 11 8550
6 15 5367
6 21 7780
6 22 1500
6 27 1295
6 32 9778
6 35 7441
6 36 6455
6 50 8826
6 58 5875
6 62 3954
6 64 9283
6 71 4402
6 73 9399
6 74 973
6 80 600
6 82 3804
6 84 8187
6 87 9776
6 91 959
6 95 2166
6 100 6683
6 103 8461
6 105 4102
6 109 3818
6 112 900
6 118 9544
6 121 4832
6 122 2728
6 130 7130
7 10 745
7 12 8206
7 24 3419
7 28 1621
7 32 4705
7 35 4271
7 40 9686
7 48 7423
7 54 6298
7 57 6198
7 66 1434
7 67 8950
7 71 1184
7 78 7652
7 80 5266
7 83 6624
7 85 2992
7 86 4006
7 90 3992
7 95 4601
7 101 6730
7 103 2048
7 104 2929
7 106 3990
7 112 1587
7 113 2648
7 115 3555
7 116 7781
7 117 8401
7 118 1381
7 119 3436
7 120 1617
7 132 3781
8 15 7962
8 18 7641
8 19 9988
8 23 8
8 26 6869
8 28 2814
8 32 2387
8 34 648
8 40 8879
8 41 344
8 43 8841
8 44 8010
8 45 6907
8 61 4376
8 68 1687
8 74 4883
8 75 8767
8 78 4724
8 85 2836
8 88 1865
8 89 3576
8 90 6878
8 92 4303
8 110 4805
8 122 8337
8 123 9893
8 131 6059
8 133 4879
8 134 1556
9 13 5862
9 15 3568
9 20 6252
9 25 3679
9 32 9942
9 33 7362
9 41 2513
9 46 8501
9 47 3365
9 54 5868
9 56 7798
9 58 6701
9 67 7888
9 76 9547
9 81 8385
9 82 8806
9 85 6095
9 89 8696
9 91 9426
9 92 2847
9 93 403
9 95 908
9 99 8941
9 101 3255
9 112 5657
9 113 7393
9 117 7507
9 125 5357
10 15 6201
10 21 2408
10 22 618
10 27 7056
10 32 5757
10 33 1090
10 34 1268
10 35 3908
10 38 7489
10 45 4969
10 48 1054
10 50 3035
10 53 3260
10 55 498
10 60 1788
10 61 2128
10 63 3004
10 66 5373
10 72 6890
10 75 6502
10 81 9240
10 83 9726
10 85 6602
10 88 3730
10 93 22
10 97 9187
10 98 4823
10 99 3175
10 101 1490
10 102 2695
10 106 3888
10 109 769
10 112 5150
10 116 7031
10 117 6902
10 127 7162
10 130 2291
10 132 2339
10 133 5718
11 12 3559
11 15 2912
11 19 247
11 24 6492
11 26 6395
11 28 5761
11 31 9355
11 32 6577
11 33 9736
11 35 8375
11 37 738
11 39 713
11 42 1210
11 45 7489
11 46 7658
11 57 4920
11 62 6989
11 63 7718
11 69 9218
11 78 3565
11 79 1477
11 83 7560
11 93 2431
11 95 4385
11 98 5017
11 103 769
11 105 3227
11 106 2632
11 110 5669
11 114 9396
11 123 7953
11 128 6894
11 133 9477
12 14 4896
12 19 482
12 22 3059
12 25 563
12 26 3055
12 28 202
12 29 2189
12 30 151
12 33 2269
12 37 458
12 39 3321
12 41 2432
12 44 3844
12 47 6434
12 50 877
12 52 1507
12 64 4643
12 65 1169
12 67 3253
12 70 4769
12 71 2418
12 72 9139
12 77 6453
12 80 1755
12 85 2877
12 88 464
12 91 1118
12 93 9286
12 95 7407
12 109 5394
12 111 6121
12 118 4892
12 120 3862
12 125 7087
12 131 4110
12 133 9613
13 21 8390
13 30 5626
13 33 2579
13 38 6119
13 41 9974
13 49 8167
13 50 3109
13 55 3325
13 58 788
13 59 5011
13 66 1785
13 68 3968
13 69 1190
13 77 923
13 83 857
13 87 3819
13 92 3186
13 96 48
13 99 1496
13 108 4358
13 111 2612
13 112 6282
13 118 5053
14 20 2369
14 21 7396
14 22 648
14 23 5415
14 26 8558
14 34 5413
14 35 1133
14 36 7906
14 38 8665
14 39 7102
14 41 1864
14 45 3294
14 48 8343
14 50 1814
14 63 5894
14 74 4421
14 75 7229
14 76 2130
14 77 7233
14 85 941
14 87 3121
14 95 9677
14 101 3801
14 105 2366
14 112 6280
14 116 5258
14 118 9099
14 123 1417
14 124 5642
14 127 3088
14 130 6736
14 131 933
15 18 4449
15 20 1702
15 37 7974
15 39 8126
15 40 6963
15 45 8109
15 48 2181
15 58 4709
15 68 2072
15 71 2051
15 74 7789
15 79 9837
15 83 9539
15 94 5101
15 100 4208
15 113 289
15 123 787
15 125 6759
15 130 9375
16 23 3435
16 26 1804
16 27 8582
16 28 1597
16 32 7853
16 34 1919
16 37 1496
16 39 7757
16 46 4733
16 50 3929
16 57 69
16 62 3525
16 67 2493
16 72 36
16 80 1304
16 82 5055
16 93 6075
16 95 2968
16 100 3913
16 104 5599
16 108 6213
16 121 9390
16 128 5286
16 131 9531
17 19 6334
17 23 9857
17 29 9855
17 36 1341
17 38 542
17 39 3817
17 47 2775
17 51 1683
17 61 3195
17 72 3496
17 75 1738
17 81 9632
17 84 9051
17 86 6586
17 92 6453
17 95 664
17 97 9261
17 100 3016
17 105 9758
17 107 6877
17 112 6441
17 130 6559
17 133 9222
18 19 8226
18 20 8373
18 24 7208
18 29 5477
18 30 6028
18 32 1628
18 33 6430
18 41 9040
18 42 2570
18 44 2127
18 45 3478
18 48 9923
18 49 8968
18 57 386
18 61 2443
18 63 5470
18 68 6351
18 79 8200
18 84 3399
18 89 6945
18 90 2492
18 95 6937
18 96 1380
18 97 4860
18 98 6006
18 105 8106
18 109 422
18 118 8239
18 121 4794
18 125 177
19 21 6867
19 25 1991
19 27 3878
19 29 624
19 35 3409
19 42 1850
19 43 3458
19 48 9924
19 58 6016
19 60 815
19 62 9022
19 66 7697
19 67 5227
19 69 6925
19 70 6031
19 72 2875
19 77 5395
19 79 2970
19 81 3338
19 87 2051
19 92 4418
19 94 6180
19 95 207
19 103 4098
19 110 1163
19 114 3620
19 117 1292
19 122 7260
19 123 2768
19 126 5493
19 128 3264
19 131 5194
19 134 8074
20 21 4455
20 22 4231
20 29 2776
20 35 4489
20 38 8345
20 45 1331
20 47 3673
20 50 7777
20 55 792
20 56 8489
20 63 9552
20 65 1667
20 70 5382
20 71 5297
20 75 190
20 89 3795
20 101 9496
20 103 2549
20 104 8631
20 105 2568
20 107 52
20 112 7777
20 117 5564
20 123 2491
20 124 9994
20 128 9836
20 130 7275
20 132 8869
21 25 4422
21 26 2288
21 27 4537
21 29 7755
21 39 1364
21 43 4939
21 45 1722
21 47 6935
21 53 7112
21 55 6727
21 59 8132
21 61 6806
21 67 5573
21 73 5772
21 83 1157
21 87 4723
21 88 7876
21 89 4075
21 91 2742
21 92 1364
21 101 4938
21 107 2778
21 114 1108
21 115 4005
21 119 722
21 125 8232
21 126 749
21 132 1799
22 28 7600
22 29 2945
22 45 7700
22 59 4996
22 67 1377
22 68 7911
22 70 779
22 73 8478
22 80 9537
22 83 1067
22 88 2659
22 92 649
22 94 1209
22 98 2111
22 101 3921
22 108 5227
22 128 3029
23 24 8102
23 27 6731
23 29 6255
23 32 4407
23 40 7958
23 44 6787
23 46 3548
23 48 674
23 62 3868
23 70 254
23 71 6350
23 74 9314
23 75 4626
23 82 8313
23 83 6516
23 89 2396
23 97 7031
23 98 4104
23 107 1690
23 108 5563
23 109 6347
23 111 8158
23 119 2797
23 120 4893
23 121 4412
23 128 1258
23 130 3714
23 133 2004
24 25 8046
24 26 6930
24 27 8761
24 29 3003
24 31 6422
24 33 3277
24 35 5381
24 36 4385
24 40 1042
24 45 5734
24 50 9441
24 55 180
24 56 9827
24 58 3633
24 61 2812
24 63 4822
24 71 8055
24 73 7021
24 80 329
24 83 7204
24 90 1816
24 95 8130
24 97 3580
24 100 9330
24 105 1069
24 120 5077
24 121 1921
24 131 9648
24 134 7040
25 28 5231
25 32 5660
25 37 2617
25 38 1028
25 51 5323
25 58 9059
25 59 5947
25 63 24
25 64 9014
25 66 3081
25 70 9302
25 72 6110
25 73 6015
25 80 6092
25 81 9564
25 86 3559
25 88 3041
25 98 8538
25 106 7189
25 107 5302
25 108 4044
25 112 1661
25 116 1766
25 120 5896
25 124 8262
25 125 9786
25 132 3037
26 30 8679
26 32 1884
26 33 8732
26 35 4677
26 42 835
26 43 400
26 46 3952
26 52 4035
26 55 7158
26 57 8724
26 59 2539
26 60 5880
26 61 1976
26 65 2767
26 69 4228
26 82 5854
26 84 7628
26 86 4999
26 89 7224
26 91 7392
26 97 5552
26 100 4351
26 103 292
26 106 4475
26 107 820
26 112 7260
26 119 533
26 120 6416
26 123 7225
26 128 545
26 129 9796
26 131 8322
26 133 3110
27 30 2185
27 31 3630
27 32 3199
27 35 3463
27 36 9651
27 41 6738
27 42 8139
27 56 1716
27 65 9883
27 66 4502
27 74 3266
27 81 7503
27 82 3434
27 85 6617
27 89 196
27 92 8915
27 96 2594
27 106 2340
27 116 3947
27 126 3932
27 129 6521
27 130 5018
28 34 8245
28 46 624
28 49 5013
28 51 8961
28 52 8787
28 54 4611
28 62 8781
28 69 6385
28 85 7882
28 87 1191
28 88 4167
28 92 8899
28 93 9769
28 94 4771
28 100 7525
28 105 5537
28 106 821
28 112 7521
28 113 7603
28 115 3274
28 128 8338
28 129 8890
28 130 6915
28 132 9289
28 134 7849
29 30 6659
29 34 1089
29 35 5026
29 43 4910
29 60 1622
29 68 9271
29 74 4572
29 76 2493
29 81 3092
29 90 1729
29 91 4484
29 92 1794
29 93 3949
29 95 4085
29 97 2063
29 101 7933
29 105 9911
29 113 2469
29 122 2992
29 132 8208
30 34 3923
30 35 5816
30 38 2854
30 42 7573
30 46 3222
30 50 754
30 51 7173
30 57 9344
30 61 2249
30 62 6960
30 66 8781
30 78 3942
30 80 4375
30 81 1947
30 87 9298
30 90 442
30 94 3880
30 98 9323
30 103 7947
30 104 7622
30 105 4751
30 109 9217
30 116 2294
30 119 447
30 120 3917
30 126 6433
31 35 4093
31 36 5407
31 39 5568
31 45 3246
31 46 7156
31 48 1404
31 49 9169
31 52 9263
31 54 5422
31 57 1400
31 58 7816
31 59 6967
31 64 2984
31 65 6666
31 66 1118
31 72 4997
31 73 5620
31 74 6633
31 83 2570
31 85 7747
31 89 5541
31 96 9909
31 99 222
31 100 2022
31 105 6665
31 109 2833
31 110 4929
31 112 1258
31 121 3320
31 125 3388
32 33 6447
32 39 8951
32 43 4516
32 48 4678
32 51 882
32 53 5453
32 60 3732
32 61 1952
32 65 3571
32 66 3852
32 70 739
32 80 3536
32 81 1741
32 82 9980
32 88 3412
32 89 5734
32 98 1127
32 101 124
32 107 4098
32 116 1410
32 122 2065
32 133 7928
33 43 4165
33 44 414
33 45 272
33 55 4403
33 56 4481
33 60 7143
33 61 8760
33 63 1467
33 64 2603
33 67 8770
33 68 1771
33 69 9048
33 72 2423
33 74 2341
33 87 4762
33 89 888
33 90 5418
33 94 508
33 95 6824
33 100 8071
33 119 2166
33 120 3325
33 122 1357
33 124 5470
33 129 5503
33 131 8562
34 35 1273
34 39 1028
34 40 1542
34 42 7857
34 43 1451
34 51 6414
34 52 4681
34 57 740
34 75 9335
34 76 5119
34 78 8512
34 79 9085
34 85 1301
34 88 7830
34 89 1030
34 91 6470
34 92 7019
34 93 2005
34 96 6696
34 103 4403
34 107 4345
34 109 3074
34 111 1389
34 115 373
34 116 5939
34 117 7518
34 121 4877
34 123 8493
34 124 9731
35 38 1235
35 47 1109
35 48 4266
35 49 7064
35 52 4567
35 65 7298
35 66 8915
35 67 9649
35 71 8312
35 73 8140
35 76 5978
35 79 4396
35 83 563
35 85 953
35 86 5922
35 88 2146
35 93 2185
35 96 2021
35 101 7881
35 112 9218
35 115 6228
35 120 9522
35 122 4562
35 124 9500
35 125 7330
35 129 3304
35 130 3239
36 58 4990
36 59 1777
36 60 8032
36 62 7470
36 67 320
36 68 8346
36 83 2467
36 87 9950
36 88 757
36 91 9194
36 94 4781
36 100 7158
36 101 1370
36 109 6419
36 118 5490
37 40 3390
37 46 3624
37 51 6
37 54 5428
37 60 2625
37 69 9713
37 70 6656
37 71 4881
37 73 1155
37 78 7159
37 79 8716
37 83 2042
37 88 651
37 92 5721
37 100 3522
37 104 2531
37 110 5129
37 123 7123
37 125 3873
37 127 1834
37 128 8594
37 134 9061
38 42 6016
38 43 183
38 47 4893
38 50 3727
38 57 9379
38 58 9782
38 60 6766
38 61 2666
38 67 5640
38 73 9007
38 80 906
38 88 1767
38 94 6662
38 99 9832
38 101 2427
38 102 440
38 105 4570
38 109 4370
38 111 3390
38 115 9962
38 118 4428
38 120 2215
38 125 9158
38 127 783
38 131 5933
39 59 1133
39 64 3545
39 69 9113
39 70 4473
39 77 3381
39 79 4642
39 82 7024
39 87 1160
39 89 4600
39 91 4941
39 96 1913
39 98 6479
39 101 9773
39 107 9169
39 113 8184
39 114 4695
39 117 4156
39 123 5257
39 125 5545
39 126 431
39 127 5640
39 129 625
39 134 2734
40 45 3280
40 47 3065
40 48 300
40 51 7913
40 52 6655
40 53 8399
40 54 2375
40 63 3304
40 72 6668
40 81 4315
40 84 9302
40 97 2128
40 99 9380
40 101 3985
40 102 1873
40 103 7434
40 113 3253
40 114 8589
40 117 8205
40 120 1071
40 121 2793
40 123 9736
40 124 2554
40 126 6680
40 129 897
40 130 1985
40 131 9365
41 49 3581
41 61 4447
41 67 5984
41 78 7882
41 84 7457
41 85 2054
41 91 9396
41 96 6496
41 99 8317
41 100 5951
41 101 5942
41 104 1968
41 105 2681
41 108 4461
41 111 866
41 112 6999
41 113 4974
41 116 3234
41 121 3810
41 122 8007
41 124 7063
41 128 5129
42 46 6885
42 53 2296
42 57 3804
42 62 1272
42 66 3304
42 67 9841
42 71 9035
42 75 8395
42 76 4858
42 78 2697
42 90 6641
42 91 4024
42 93 943
42 95 1058
42 97 9073
42 98 1060
42 99 4784
42 100 6213
42 101 764
42 112 4173
42 115 4988
42 117 6000
42 118 8037
42 123 5317
42 128 4755
42 130 5353
42 131 8671
42 134 7371
43 61 4457
43 62 166
43 63 7620
43 64 4172
43 65 6578
43 74 8441
43 75 4596
43 79 9173
43 80 6214
43 87 8836
43 101 8120
43 104 6117
43 110 5417
43 113 8370
43 116 4572
43 117 3937
43 125 7477
43 130 5211
43 131 8720
43 132 600
43 134 8563
44 49 2829
44 50 507
44 56 239
44 59 5908
44 60 2466
44 61 2212
44 65 7231
44 66 5546
44 75 9777
44 76 608
44 78 1313
44 83 7609
44 93 2015
44 96 9491
44 100 3379
44 101 4348
44 109 7559
44 122 6039
44 124 4685
45 48 4619
45 53 312
45 54 9426
45 56 5991
45 59 2202
45 64 6753
45 66 320
45 68 6145
45 77 1133
45 79 6233
45 80 8532
45 88 6804
45 90 7409
45 96 3462
45 97 9438
45 98 7238
45 100 8035
45 106 8400
45 108 7490
45 113 5453
45 117 4366
45 119 9273
45 122 4135
45 124 6220
45 126 6596
45 130 2296
45 134 3978
46 59 9335
46 64 5038
46 67 263
46 69 8390
46 73 2431
46 75 5761
46 89 5942
46 92 674
46 95 5124
46 106 7081
46 109 1720
46 110 2373
46 111 2766
46 115 6144
46 121 732
46 125 7028
46 126 65
46 128 4120
46 129 2127
46 130 1951
47 56 4494
47 58 5808
47 59 809
47 64 6076
47 67 641
47 70 4700
47 77 1500
47 79 7312
47 85 8336
47 86 2052
47 89 731
47 91 3524
47 96 462
47 100 5421
47 101 3230
47 106 9593
47 108 4775
47 115 8053
47 117 1494
47 126 9709
47 132 1222
47 133 7406
48 49 1466
48 50 7672
48 58 8087
48 59 6052
48 62 7317
48 64 5746
48 67 5807
48 72 1608
48 73 2526
48 74 3826
48 83 3123
48 87 5199
48 92 8506
48 94 2324
48 95 521
48 98 3970
48 100 6515
48 104 9114
48 113 3311
48 119 6004
48 125 3663
49 50 4142
49 53 694
49 57 3790
49 58 7691
49 61 1071
49 62 6604
49 65 8711
49 69 6033
49 70 9108
49 75 1695
49 76 8356
49 81 1630
49 86 2491
49 88 5739
49 92 7583
49 95 3640
49 102 2046
49 110 5796
49 111 7609
49 116 1777
49 118 6391
49 121 2549
49 122 5578
49 127 2987
49 130 4033
50 51 1883
50 52 7060
50 56 7997
50 59 4715
50 60 2494
50 70 543
50 72 4997
50 74 8549
50 77 6125
50 83 289
50 88 8126
50 92 2252
50 99 5896
50 105 9252
50 106 8004
50 110 7824
50 111 3849
50 117 3826
50 122 2986
50 123 5417
50 129 9941
51 52 996
51 57 9762
51 65 9295
51 69 6021
51 70 5155
51 72 5022
51 73 5335
51 77 6163
51 78 1298
51 82 8083
51 83 8514
51 84 2551
51 91 8245
51 93 1328
51 99 649
51 101 842
51 103 3466
51 104 4869
51 105 7339
51 108 5246
51 109 8401
51 111 8868
51 114 3315
51 121 933
51 123 9879
51 125 9301
51 128 1411
51 130 4469
51 133 9749
52 59 6323
52 61 564
52 66 6443
52 79 7882
52 82 4391
52 92 6361
52 96 4628
52 99 4321
52 102 2655
52 110 4122
52 116 7617
52 119 381
52 120 2095
52 124 1917
52 126 5812
52 128 3315
52 129 8817
52 134 7872
53 55 3893
53 58 8814
53 61 5027
53 65 4392
53 68 5292
53 70 2496
53 76 2880
53 79 209
53 80 8948
53 82 3169
53 84 1996
53 96 447
53 97 3656
53 104 4118
53 105 6806
53 110 6823
53 113 4175
53 124 7486
53 127 9229
53 130 536
54 57 1768
54 58 486
54 76 1144
54 77 731
54 89 9832
54 92 2703
54 93 51
54 94 8688
54 97 3903
54 103 9867
54 111 7229
54 119 1963
54 121 9457
54 122 7042
54 134 1357
55 57 3314
55 61 8639
55 64 7851
55 65 4410
55 66 4191
55 69 5444
55 70 8471
55 73 4516
55 74 6018
55 77 7437
55 78 8537
55 82 8866
55 84 9481
55 88 1973
55 92 276
55 98 5710
55 100 5682
55 105 9414
55 106 3137
55 123 8928
55 124 5818
55 125 2549
55 131 4596
55 134 3440
56 57 4171
56 76 5161
56 78 9280
56 80 7173
56 83 7359
56 86 6627
56 89 3651
56 91 3986
56 94 9289
56 95 4881
56 97 5564
56 98 2628
56 103 8189
56 114 7359
56 119 8952
56 122 3161
56 124 7020
56 130 333
56 132 3910
57 58 5633
57 65 4004
57 72 4121
57 79 3199
57 82 7106
57 83 2017
57 87 7489
57 89 384
57 97 267
57 98 4967
57 99 6406
57 100 7706
57 108 3257
57 115 483
57 116 2723
57 118 8396
57 120 9962
57 123 166
58 59 6660
58 61 1013
58 62 8724
58 79 8427
58 80 6642
58 82 4882
58 84 7000
58 86 496
58 89 1861
58 90 9522
58 91 5611
58 93 5577
58 103 3881
58 106 5077
58 108 5234
58 114 1552
58 124 241
58 128 429
58 133 9626
59 60 4244
59 65 6806
59 71 2509
59 72 9653
59 82 5541
59 85 3814
59 86 4514
59 87 1929
59 89 8677
59 93 3579
59 105 977
59 106 7909
59 110 1699
59 112 5583
59 113 7905
59 114 4778
59 116 713
59 117 1813
59 118 2341
59 121 4302
59 126 9697
59 130 2545
59 133 576
60 62 8180
60 63 428
60 64 5227
60 65 8515
60 66 3866
60 70 3587
60 72 4601
60 75 9309
60 77 4850
60 78 3974
60 83 8367
60 92 4629
60 106 50
60 119 2834
60 122 9677
60 127 9692
60 131 6575
61 63 5234
61 64 1732
61 66 1379
61 72 9764
61 73 5967
61 79 8077
61 83 4211
61 88 8117
61 93 8434
61 99 1622
61 103 6898
61 104 2400
61 109 2429
61 111 3774
61 112 26
61 113 1158
61 114 7065
61 116 2198
61 118 9759
61 120 5373
61 123 2723
61 125 7608
61 127 5632
61 133 3211
61 134 1346
62 67 9504
62 69 4948
62 70 4018
62 71 2481
62 72 8311
62 73 8267
62 75 4990
62 76 521
62 81 1271
62 84 809
62 87 3275
62 90 1538
62 97 9268
62 98 901
62 101 7748
62 103 8109
62 116 4431
62 133 504
63 65 1510
63 67 6882
63 70 2272
63 72 289
63 75 7514
63 83 2424
63 86 1476
63 94 3007
63 95 4486
63 97 9466
63 100 9215
63 101 9596
63 104 2555
63 111 9022
63 113 4722
63 121 2096
63 127 1191
63 130 6905
64 68 316
64 73 6405
64 74 2504
64 75 9726
64 81 5325
64 100 4549
64 101 8736
64 103 2505
64 118 7081
64 119 8732
64 123 8624
64 124 4368
64 126 4443
64 127 6607
64 129 7024
64 134 1032
65 68 6704
65 69 4724
65 72 2076
65 74 3486
65 78 3844
65 80 1574
65 81 4230
65 91 1864
65 95 8093
65 106 9159
65 107 7811
65 108 8335
65 110 1993
65 111 1666
65 112 1468
65 115 2403
65 118 8329
65 123 5037
65 128 3510
65 129 5853
65 130 8311
65 131 4912
65 134 5457
66 71 775
66 80 7235
66 95 3773
66 97 6832
66 107 5722
66 109 2653
66 112 1202
66 124 1525
66 125 9411
66 126 9633
66 127 1170
67 75 8436
67 77 2323
67 79 3666
67 87 5939
67 92 8172
67 93 9704
67 94 4777
67 95 2315
67 96 4964
67 99 5921
67 112 6528
67 117 4321
67 121 5496
67 122 3297
68 75 6007
68 76 6514
68 79 6824
68 84 7124
68 85 8152
68 88 7887
68 90 8505
68 101 2998
68 106 1002
68 107 2090
68 111 6405
68 112 5110
68 113 7076
68 114 1536
68 120 837
68 124 7081
68 125 9096
69 70 3009
69 75 5379
69 76 5801
69 79 7635
69 84 3576
69 87 6960
69 92 409
69 105 330
69 109 3513
69 112 5910
69 113 8165
69 116 5973
69 119 941
69 121 230
69 128 1423
69 132 520
69 133 3378
70 71 5742
70 72 2309
70 77 6080
70 78 8323
70 83 734
70 84 6270
70 85 7454
70 88 6407
70 89 5116
70 90 391
70 96 4471
70 98 2558
70 100 9775
70 103 7529
70 106 2993
70 109 1372
70 110 4017
70 124 1924
70 128 5715
71 73 9218
71 74 8758
71 80 7559
71 81 375
71 83 8368
71 84 8079
71 85 475
71 87 7790
71 90 7722
71 91 9530
71 96 6628
71 98 9447
71 100 4211
71 101 4724
71 102 6789
71 114 6770
71 119 2720
71 120 813
71 121 6883
71 124 4705
71 128 3540
71 131 2223
71 134 8164
72 75 4487
72 84 8536
72 85 8273
72 88 9563
72 92 3930
72 93 1552
72 97 2903
72 98 61
72 106 611
72 110 9501
72 112 2463
72 118 8972
72 120 4305
72 124 3080
72 131 7955
72 133 5623
73 75 4450
73 77 6168
73 86 1207
73 90 7675
73 94 7685
73 98 9922
73 100 7421
73 101 2537
73 102 8168
73 110 8616
73 115 9650
73 119 9243
73 121 5743
73 124 8068
73 125 323
74 78 4181
74 84 7916
74 88 4439
74 94 9298
74 98 2782
74 99 4556
74 103 4670
74 107 6382
74 112 8643
74 122 4148
74 127 9241
74 129 4319
74 130 4341
74 133 7193
75 84 4455
75 88 2003
75 91 9294
75 97 3999
75 98 2500
75 100 6863
75 101 5740
75 102 7372
75 103 4614
75 113 7592
75 121 4266
75 127 127
75 131 7149
76 80 4414
76 87 7593
76 93 5503
76 95 2252
76 96 8152
76 99 4316
76 103 1019
76 106 329
76 107 128
76 110 6348
76 111 2315
76 114 2571
76 115 3012
76 120 970
76 123 5419
76 126 3888
76 127 8340
76 129 4615
76 133 6517
77 78 4381
77 83 8794
77 91 7042
77 92 1502
77 101 9389
77 113 1313
77 119 2272
77 125 4082
78 82 779
78 86 1286
78 94 802
78 98 3614
78 100 4611
78 104 5826
78 105 7819
78 107 7869
78 114 4626
78 117 3414
78 119 3181
78 121 3265
78 123 161
78 129 6065
79 86 4431
79 92 4668
79 99 6258
79 100 318
79 105 1213
79 109 4813
79 111 3622
79 112 8831
79 116 7341
79 119 1887
79 121 2041
79 130 8272
79 131 4655
80 84 3776
80 86 7467
80 90 5797
80 92 4590
80 98 491
80 107 4831
80 114 4237
80 118 4915
80 119 2542
80 121 2231
80 122 1608
80 123 4386
80 124 8508
80 125 3937
80 131 7575
80 132 7932
80 133 6302
80 134 9507
81 82 6689
81 93 2272
81 98 3304
81 100 6201
81 102 3620
81 105 2826
81 117 5228
81 125 1295
81 129 3357
81 131 5958
82 85 8706
82 89 7852
82 94 7517
82 104 4243
82 114 4575
82 117 7071
82 118 1763
82 126 241
82 128 8364
82 130 8871
83 95 9310
83 102 5480
83 108 5846
83 111 6825
83 112 2167
83 114 9956
83 115 2595
83 126 2055
83 127 1557
84 85 2845
84 87 8767
84 90 721
84 95 4594
84 105 4544
84 106 6792
84 111 9318
84 112 1254
84 132 4478
84 133 151
85 88 5201
85 92 5867
85 93 5676
85 102 8247
85 105 2579
85 106 269
85 108 7483
85 110 559
85 120 1040
85 125 8318
85 129 2153
85 134 880
86 88 464
86 89 6781
86 93 2286
86 97 6395
86 100 7129
86 101 9229
86 106 8267
86 119 1493
86 123 7878
86 124 8781
86 125 1064
86 127 6482
86 133 1994
87 89 9262
87 98 9075
87 103 3852
87 105 2204
87 108 5015
87 109 4474
87 116 2491
87 119 9296
87 121 8006
87 128 3655
88 99 6355
88 104 4834
88 105 4692
88 115 6230
88 117 8244
88 118 1022
88 119 4419
88 121 7374
88 122 6364
88 123 6835
88 124 3578
88 126 5216
88 128 5658
88 132 3455
89 90 2951
89 100 6606
89 103 4552
89 106 4854
89 110 6369
89 112 9985
89 113 7876
89 116 3552
89 125 6536
89 126 3945
89 129 1490
90 91 8099
90 97 9888
90 99 7952
90 101 3766
90 105 8123
90 107 452
90 113 8036
90 114 7317
90 123 5154
90 124 6400
90 127 6159
90 131 9413
90 134 9445
91 92 4394
91 94 3930
91 97 8596
91 105 2568
91 110 6057
91 120 4752
91 121 3762
91 122 9513
91 125 1998
91 128 9889
91 130 4715
92 98 6554
92 101 9757
92 102 9019
92 111 4959
92 113 1994
92 118 3865
92 122 6919
92 127 2933
92 132 3571
93 94 4851
93 101 763
93 103 3641
93 111 5010
93 115 765
93 119 5344
93 128 1046
93 131 7936
93 133 8451
94 104 6985
94 106 6047
94 118 889
95 102 7678
95 103 8898
95 104 3918
95 108 4819
95 115 2512
95 122 8673
95 124 9679
95 128 3225
95 130 5205
96 100 6586
96 105 3013
96 106 9547
96 110 890
96 119 3653
96 122 2731
96 124 1452
96 127 2438
96 128 152
96 129 8407
96 134 1265
97 103 7295
97 108 2889
97 121 6270
97 128 3996
98 100 267
98 103 9271
98 108 8777
98 109 2642
98 110 2450
98 113 505
98 117 1879
98 123 8236
98 134 9708
99 100 2151
99 110 805
99 113 9694
99 126 9872
99 127 4498
99 128 7460
100 102 3603
100 118 4795
100 126 9470
100 128 8054
100 130 3886
100 134 7263
101 106 745
101 112 3405
101 119 6973
101 120 6418
101 121 1194
101 128 5036
101 132 9980
102 103 3914
102 106 5047
102 107 7811
102 109 7508
102 110 4494
102 116 8784
102 120 910
102 123 8510
102 127 5242
102 128 1604
102 129 161
102 130 8135
102 132 2459
102 133 599
103 109 7986
103 110 6777
103 116 9571
103 126 9061
103 127 2760
103 129 2799
103 133 1478
103 134 2223
104 105 6750
104 106 5686
104 111 449
104 119 7657
104 123 9929
104 127 671
104 129 8113
104 130 5074
104 131 4750
104 133 3760
105 111 2850
105 112 600
105 114 4057
105 117 4953
105 118 2706
105 126 5035
105 129 2943
105 132 4345
105 133 2021
106 111 8624
106 115 264
106 125 1087
106 128 6554
106 133 5250
107 110 1051
107 111 1851
107 115 6330
107 116 79
107 118 4434
107 120 962
107 122 2332
107 124 1794
107 125 9877
107 130 1933
107 132 3119
107 134 5322
108 109 3442
108 118 5334
108 126 8236
108 130 1758
108 132 2125
109 117 7786
109 118 8837
109 119 7066
109 120 5209
109 123 8172
109 124 9191
109 132 7195
110 112 9007
110 113 2153
110 121 5109
110 129 1642
111 119 1459
111 121 6058
111 122 4113
111 126 8945
111 128 3642
111 133 7992
111 134 23
112 113 6192
112 116 7442
112 120 6051
112 121 732
112 122 7418
112 127 4723
113 118 7257
113 126 6424
113 128 8704
113 130 2562
114 116 9486
114 117 9837
114 120 1971
114 126 1524
114 129 2613
115 116 8045
115 123 7513
115 130 3396
116 119 9213
116 123 7110
116 124 508
116 126 6202
116 128 4260
116 129 9376
116 131 7670
116 133 3543
117 122 3087
117 124 4180
117 126 6650
117 131 4726
117 133 6139
117 134 7514
118 121 6905
118 125 8088
118 127 7257
118 129 212
118 133 2185
119 124 4816
119 130 8263
119 131 2084
119 132 2671
120 125 729
120 131 9463
121 128 5856
121 129 5204
121 134 1263
122 124 8522
122 127 5315
122 128 8057
122 129 7129
122 130 528
122 134 8070
123 128 7470
123 129 3746
123 132 6216
123 134 7365
124 129 3277
124 131 3246
124 133 721
125 128 3614
125 129 6498
125 131 4636
126 128 3375
128 129 2462
128 131 6708
128 134 2061
129 132 2747
129 134 3421
130 134 4459
132 133 5718
