128 2073 34312 97
0 3 2114
0 8 6213
0 12 3675
0 15 326
0 16 3854
0 17 983
0 20 9970
0 25 3715
0 26 1098
0 28 6180
0 33 2289
0 38 9470
0 41 7649
0 44 8296
0 46 2329
0 52 7537
0 54 8088
0 55 7630
0 60 4961
0 66 5449
0 85 9442
0 90 3855
0 96 9043
0 105 514
0 108 5340
0 110 5321
0 114 3961
0 115 3433
0 118 8233
0 121 1503
0 122 6679
0 126 4545
1 8 2013
1 9 8196
1 17 1283
1 20 5264
1 25 4009
1 27 1102
1 36 1838
1 41 1054
1 42 9950
1 46 3750
1 47 7177
1 50 7769
1 55 1108
1 57 8866
1 72 1226
1 105 8202
1 107 7257
1 108 2189
1 109 7425
1 113 6813
1 119 4010
1 120 8165
1 121 5577
1 125 3293
2 6 8733
2 8 5462
2 10 4497
2 12 3095
2 13 8306
2 14 410
2 17 9272
2 20 7196
2 29 9263
2 31 5359
2 39 3256
2 41 4283
2 45 3787
2 46 5321
2 54 9509
2 58 3550
2 63 9390
2 64 2403
2 65 8117
2 66 8087
2 67 4074
2 68 4365
2 76 4528
2 77 7844
2 78 1190
2 82 1467
2 91 3920
2 92 9039
2 95 7677
2 99 2426
2 102 5117
2 103 7378
2 107 1529
2 111 9968
2 114 7351
2 115 673
2 116 2615
2 117 66
2 118 7948
2 119 5574
2 120 675
3 20 802
3 26 1249
3 31 8599
3 38 9058
3 39 5761
3 46 7545
3 47 1360
3 48 9831
3 49 2174
3 56 6755
3 61 2812
3 62 8938
3 63 760
3 65 8927
3 68 9681
3 71 6981
3 73 3601
3 78 1084
3 79 4974
3 81 8323
3 82 2715
3 83 3762
3 87 8154
3 88 5268
3 95 8331
3 97 1518
3 102 5662
3 104 8823
3 108 9506
3 112 4258
3 113 5257
3 123 481
3 126 2318
4 5 6467
4 7 1263
4 9 1207
4 11 9072
4 14 3490
4 16 6192
4 23 9550
4 29 8943
4 32 3444
4 36 2282
4 37 9853
4 39 5312
4 43 7202
4 57 7179
4 59 1146
4 66 2223
4 67 1438
4 68 1654
4 78 6430
4 84 4582
4 86 269
4 101 120
4 114 2541
5 6 8355
5 16 7491
5 20 7429
5 23 6587
5 30 7186
5 34 4954
5 37 7
5 38 3525
5 49 8243
5 50 7243
5 53 5945
5 57 2025
5 66 9581
5 69 5792
5 75 3879
5 81 5429
5 82 776
5 88 6477
5 91 92
5 96 1315
5 99 9450
5 102 522
5 105 2936
5 109 4764
5 112 8209
5 116 272
5 122 3922
5 125 1827
5 126 3299
6 7 3369
6 11 7928
6 14 6859
6 21 8977
6 22 1425
6 23 1839
6 24 6264
6 25 6520
6 34 3374
6 38 684
6 46 5466
6 48 9069
6 52 9649
6 57 6579
6 58 5141
6 64 8371
6 66 8049
6 71 6156
6 72 116
6 81 6305
6 82 2386
6 83 9965
6 86 9059
6 90 2640
6 98 3559
6 103 1590
6 109 3265
6 115 7321
6 117 8815
6 118 5788
6 120 1466
6 124 728
6 126 679
7 8 4742
7 18 3367
7 19 9989
7 44 6116
7 48 3637
7 53 7763
7 56 7978
7 57 1589
7 58 7678
7 63 7575
7 72 1357
7 75 6278
7 77 7635
7 85 6923
7 90 1292
7 94 6901
7 100 8458
7 102 3829
7 103 4367
7 111 6413
7 112 2012
7 119 6537
7 120 261
7 122 2561
7 123 1318
7 125 6618
8 12 4994
8 21 596
8 25 6005
8 26 792
8 27 1378
8 35 7634
8 38 4166
8 43 3572
8 45 2308
8 46 5160
8 48 9696
8 50 4619
8 53 8055
8 56 646
8 58 9739
8 66 4652
8 67 9773
8 71 4456
8 76 9961
8 77 8121
8 80 9532
8 81 4782
8 94 6556
8 98 811
8 100 8396
8 102 7534
8 104 9513
8 105 7815
8 114 1594
8 119 9077
8 124 43
8 127 4488
9 14 1399
9 17 8645
9 22 6252
9 31 6880
9 34 5715
9 35 5384
9 48 2339
9 51 2347
9 53 4942
9 64 7162
9 65 6497
9 71 7842
9 76 7959
9 77 6519
9 78 6166
9 81 6253
9 84 7979
9 90 9389
9 91 668
9 94 6061
9 113 5228
9 121 2633
9 125 3878
10 13 2893
10 23 5774
10 29 2948
10 31 2815
10 36 5793
10 38 5582
10 39 5337
10 40 4907
10 44 8410
10 48 5390
10 49 5346
10 51 4169
10 58 8429
10 61 2018
10 66 5467
10 67 6618
10 76 2673
10 82 6888
10 84 8845
10 85 7320
10 86 4159
10 89 4398
10 90 1198
10 92 8493
10 96 2863
10 98 4901
10 99 3771
10 101 1678
10 102 712
10 105 9841
10 117 7912
10 122 66
10 124 2214
10 127 3664
11 15 6707
11 17 9152
11 19 2909
11 22 8762
11 23 6282
11 31 4933
11 40 7779
11 41 7644
11 44 5531
11 45 261
11 46 7737
11 47 5070
11 48 5897
11 50 3390
11 55 453
11 59 1141
11 61 9973
11 69 8209
11 71 4650
11 78 9511
11 81 1672
11 86 5852
11 89 5596
11 95 7306
11 98 6844
11 104 6711
11 110 8769
11 113 7726
11 119 7775
11 120 875
12 13 1220
12 17 8661
12 22 5073
12 23 9636
12 24 7277
12 28 5669
12 32 960
12 33 2608
12 34 6979
12 38 7216
12 39 8161
12 40 2124
12 44 8364
12 45 9507
12 46 7171
12 48 1470
12 53 3728
12 54 5864
12 58 2917
12 59 3606
12 64 4752
12 66 6147
12 69 7475
12 70 6545
12 71 5108
12 78 2327
12 80 8901
12 82 6855
12 86 7972
12 87 7717
12 88 8141
12 89 192
12 92 9181
12 93 7807
12 98 3120
12 101 6030
12 104 593
12 108 1347
12 109 2345
12 110 2184
12 115 6492
12 118 2318
12 122 9869
12 125 8664
13 14 7251
13 18 6838
13 22 3509
13 23 1517
13 25 1298
13 37 6138
13 39 6008
13 42 1214
13 48 1213
13 57 3126
13 64 6950
13 69 7486
13 77 8853
13 79 5068
13 85 8970
13 88 4145
13 90 8551
13 94 6539
13 103 262
13 110 5907
13 112 6312
13 114 5830
13 116 8699
13 118 7264
13 121 8466
14 17 6595
14 19 883
14 27 1580
14 35 893
14 42 4232
14 46 988
14 58 3973
14 65 1669
14 68 1141
14 70 8690
14 74 7014
14 79 3394
14 89 7298
14 92 720
14 96 5196
14 99 6934
14 105 5836
14 110 9417
14 112 9581
14 114 2459
14 121 9294
14 122 721
14 125 7436
15 17 2205
15 18 3532
15 19 7288
15 21 5458
15 22 7317
15 23 6894
15 30 5369
15 43 6263
15 45 3545
15 52 9112
15 56 217
15 60 1310
15 64 9306
15 67 2494
15 68 5817
15 71 8048
15 79 7647
15 80 4007
15 95 1322
15 102 8752
15 104 2909
15 105 1661
15 114 1130
15 120 9260
15 126 6442
15 127 2184
16 18 1340
16 28 5502
16 30 784
16 31 7564
16 35 3581
16 39 9859
16 45 4848
16 48 2530
16 61 5452
16 63 7801
16 70 9986
16 72 7047
16 74 9029
16 79 3496
16 82 1927
16 84 4621
16 95 4835
16 102 270
16 108 4981
16 113 2093
16 116 1608
16 118 189
16 121 8160
17 19 5016
17 24 1210
17 31 9183
17 35 9712
17 41 6630
17 42 6851
17 50 8142
17 51 8154
17 52 9256
17 56 7006
17 61 4856
17 63 5410
17 64 1111
17 66 2533
17 68 4927
17 71 3117
17 73 6307
17 75 2822
17 76 7899
17 79 7700
17 80 436
17 81 8181
17 84 2034
17 85 8416
17 92 5061
17 96 2586
17 97 8055
17 99 3705
17 108 6224
17 109 1198
17 110 8688
17 117 1253
17 118 8530
17 119 8754
17 122 4791
17 125 7905
17 126 3085
18 19 6149
18 28 6573
18 31 7996
18 32 7830
18 33 833
18 34 4100
18 35 1784
18 39 4175
18 41 3899
18 44 6256
18 51 4735
18 55 7819
18 58 4577
18 59 4145
18 61 1051
18 62 1095
18 67 9712
18 75 5995
18 85 4868
18 91 7133
18 93 2995
18 94 3605
18 101 4269
18 104 1378
18 106 3695
18 107 2421
18 123 5297
18 126 531
19 23 9205
19 28 5338
19 32 298
19 34 4450
19 38 9426
19 39 1677
19 42 2504
19 47 9492
19 48 4643
19 51 4094
19 55 3957
19 58 7307
19 65 8156
19 67 3038
19 76 5044
19 84 2675
19 88 5212
19 95 4014
19 100 9235
19 102 232
19 103 5174
19 104 6825
19 105 7239
19 106 5338
19 108 2503
19 109 4822
19 115 6551
20 28 6930
20 30 7920
20 32 374
20 38 6193
20 40 7099
20 42 6878
20 49 1755
20 60 227
20 61 50
20 63 4944
20 69 7602
20 76 3129
20 78 7550
20 81 2819
20 84 8768
20 85 2982
20 90 6000
20 96 3014
20 99 2710
20 103 2844
20 110 264
20 112 3040
20 113 1897
20 115 5190
20 116 3105
20 118 3851
20 121 2655
21 24 7246
21 30 1456
21 37 3227
21 42 2442
21 46 6491
21 49 5654
21 52 9540
21 53 4067
21 55 9669
21 56 8603
21 61 2096
21 66 3063
21 71 6541
21 72 4683
21 75 6317
21 79 34
21 81 6755
21 82 1097
21 84 9724
21 86 700
21 90 4463
21 96 4482
21 100 7777
21 105 8689
21 109 1156
21 114 6690
21 115 4098
21 119 2515
21 122 2460
21 125 4152
22 27 4255
22 28 3122
22 31 6575
22 32 7537
22 33 7942
22 40 7318
22 46 5185
22 48 6269
22 50 1572
22 51 2876
22 52 6603
22 58 2835
22 59 4531
22 60 1259
22 61 6855
22 72 5229
22 87 4214
22 88 668
22 90 1610
22 91 7929
22 93 292
22 97 1660
22 107 2779
22 108 906
22 109 3815
22 110 9171
22 113 6756
22 121 3269
22 126 4191
22 127 7636
23 24 9904
23 26 6826
23 28 6561
23 29 8223
23 32 3914
23 33 4446
23 35 2735
23 41 3311
23 44 815
23 51 6012
23 60 2305
23 70 309
23 73 5097
23 77 2919
23 90 9564
23 93 2341
23 94 1568
23 95 6637
23 97 8290
23 107 5442
23 110 1404
23 117 3385
23 126 625
24 25 6251
24 30 811
24 34 7101
24 36 2003
24 42 9872
24 46 446
24 54 9543
24 56 4792
24 61 5627
24 64 9150
24 70 8993
24 71 1439
24 76 7655
24 78 8457
24 85 3337
24 86 939
24 90 787
24 97 3773
24 101 1009
24 108 3748
24 110 6025
24 113 4959
24 115 8411
24 116 7175
24 117 7427
24 120 8486
24 125 9274
24 126 4667
24 127 9590
25 29 5231
25 30 2067
25 35 5828
25 37 5338
25 42 7756
25 46 4788
25 49 153
25 62 565
25 67 8177
25 70 2521
25 76 8300
25 81 1230
25 92 3478
25 93 689
25 103 2389
25 107 3216
25 108 7607
25 114 7681
25 117 3996
25 118 6274
25 124 2613
25 126 2686
26 29 4739
26 32 1070
26 38 2601
26 40 7667
26 41 8304
26 43 5936
26 44 416
26 45 3172
26 46 9146
26 56 4041
26 58 3188
26 60 6277
26 61 5404
26 65 3896
26 67 7996
26 68 7560
26 72 126
26 76 194
26 79 4271
26 84 2400
26 86 3171
26 87 3700
26 89 8638
26 96 6621
26 99 1763
26 102 435
26 103 2072
26 109 2536
27 32 5502
27 35 3602
27 38 5937
27 39 909
27 44 1607
27 48 3447
27 51 7001
27 53 9229
27 60 8306
27 61 2569
27 70 4346
27 76 7
27 86 6294
27 89 3762
27 90 8150
27 91 7665
27 94 2610
27 98 126
27 106 6112
27 107 7786
27 111 33
27 115 6015
27 124 9410
28 29 9657
28 30 2861
28 32 5756
28 38 9126
28 43 8997
28 49 5829
28 53 3108
28 54 284
28 58 9165
28 60 8149
28 65 4530
28 67 7271
28 71 6472
28 75 9670
28 82 8171
28 84 2794
28 87 9520
28 92 6707
28 93 8298
28 94 5594
28 98 6008
28 100 9384
28 102 4594
28 104 5786
28 112 3402
28 114 1459
28 116 7440
28 127 8605
29 31 7183
29 36 3374
29 40 7734
29 41 6895
29 42 6055
29 43 6871
29 48 8588
29 50 4750
29 51 1449
29 52 1463
29 58 334
29 60 1696
29 65 394
29 70 4004
29 72 8795
29 76 7982
29 78 8573
29 81 9795
29 83 9992
29 90 28
29 94 8891
29 98 226
29 108 4883
29 109 7568
29 114 1058
29 118 7782
29 122 9768
29 127 1879
30 43 8868
30 47 9138
30 58 7151
30 63 9283
30 65 9925
30 67 892
30 76 8232
30 78 6687
30 79 898
30 89 3305
30 91 2379
30 92 4807
30 95 6615
30 96 503
30 97 2894
30 98 7516
30 99 7686
30 101 2625
30 102 6592
30 106 2083
30 107 4011
30 108 5601
30 117 5471
31 32 2969
31 36 1826
31 48 1470
31 56 8057
31 59 7893
31 63 5959
31 68 783
31 69 7456
31 71 1078
31 73 54
31 75 1798
31 77 8960
31 78 8858
31 86 6685
31 87 1174
31 89 4693
31 90 6181
31 91 2051
31 93 9053
31 107 22
31 111 384
31 114 8496
31 121 2780
32 34 319
32 42 4872
32 43 4832
32 44 2563
32 51 8867
32 55 6773
32 57 8029
32 58 4125
32 66 9936
32 83 2339
32 89 1576
32 91 9801
32 93 9335
32 96 865
32 99 2142
32 106 2769
32 114 787
32 119 7535
32 120 956
32 127 3721
33 39 5482
33 42 4556
33 46 3730
33 50 5815
33 51 8274
33 62 8946
33 67 5533
33 68 9153
33 69 5685
33 78 8162
33 80 3516
33 83 1932
33 96 9091
33 97 1378
33 101 273
33 102 5741
33 110 5504
33 119 4458
33 120 4699
33 123 6998
33 124 7619
34 36 2053
34 38 9385
34 43 2652
34 52 2605
34 53 7677
34 54 469
34 59 9098
34 61 9411
34 62 9308
34 65 6901
34 71 222
34 72 2622
34 76 8728
34 79 4216
34 82 3833
34 91 205
34 104 8965
34 105 9222
34 113 3188
34 117 9793
34 118 6420
34 121 4966
34 123 355
34 125 1353
34 127 4972
35 40 5344
35 41 4738
35 46 5721
35 47 9592
35 48 2865
35 52 7021
35 58 5955
35 59 8606
35 63 3927
35 64 2898
35 65 5006
35 69 5863
35 77 7436
35 81 1026
35 85 3272
35 88 1382
35 92 2090
35 93 7600
35 98 7466
35 100 4960
35 103 9657
35 108 8015
35 109 5078
35 116 5377
35 123 384
36 48 4804
36 52 8178
36 56 5918
36 60 2432
36 68 5971
36 70 7155
36 74 4765
36 87 5420
36 89 1117
36 93 9277
36 94 725
36 101 3204
36 102 5954
36 104 6047
36 112 1116
36 116 6474
36 120 7490
36 122 4714
36 127 3478
37 38 8574
37 42 1309
37 45 7138
37 50 4355
37 52 3855
37 58 2080
37 70 2909
37 73 5312
37 74 6502
37 78 4958
37 82 3570
37 87 2098
37 88 5116
37 92 9935
37 96 9208
37 98 2247
37 109 6724
37 113 6953
37 114 2525
37 120 7332
37 123 8720
37 124 4820
38 43 9074
38 49 3464
38 60 5023
38 70 3521
38 73 2905
38 74 1493
38 81 4893
38 83 3516
38 84 216
38 103 377
38 104 952
38 105 2729
38 108 9104
38 111 9839
38 113 8663
38 114 6374
38 117 2254
38 119 9182
38 120 2658
38 121 6677
38 122 3043
38 123 5411
38 124 9193
38 126 3203
39 42 2292
39 45 1411
39 46 4433
39 49 8523
39 54 4966
39 56 4084
39 60 6175
39 61 4940
39 72 1682
39 74 803
39 80 1483
39 90 4170
39 93 3007
39 98 1193
39 99 4844
39 106 7695
39 107 5628
39 110 6143
39 111 7078
39 112 1759
39 113 6918
39 120 830
39 124 1087
39 125 9677
39 127 931
40 44 9957
40 48 2380
40 53 1551
40 59 7570
40 61 641
40 62 7456
40 63 9737
40 65 8002
40 78 3262
40 79 9740
40 86 5257
40 92 4803
40 96 9172
40 99 128
40 103 5
40 104 797
40 106 8162
40 109 4106
40 115 767
40 118 7343
40 119 6640
40 122 6825
40 124 2419
41 45 8395
41 48 9996
41 52 4799
41 53 2477
41 56 316
41 61 5676
41 69 2339
41 74 4841
41 77 1990
41 79 1792
41 80 9446
41 83 5919
41 84 8671
41 92 3868
41 94 3879
41 105 8201
41 107 1161
41 118 5976
41 127 5928
42 45 9194
42 46 5353
42 48 8536
42 56 6449
42 58 3707
42 62 7482
42 63 148
42 66 4171
42 69 7642
42 75 6081
42 77 3910
42 81 5865
42 82 7460
42 87 3731
42 100 7187
42 110 7953
42 114 2300
42 124 2289
43 55 860
43 72 3136
43 73 757
43 84 949
43 87 9750
43 88 1164
43 89 5781
43 91 3729
43 94 8177
43 95 2958
43 97 4310
43 107 4024
43 108 6635
43 111 831
43 112 249
43 113 4365
43 123 1828
44 50 6701
44 52 7526
44 54 7084
44 55 6501
44 57 4658
44 58 1452
44 61 9248
44 63 867
44 64 5919
44 69 5085
44 76 4246
44 77 6892
44 82 7217
44 90 6385
44 91 8022
44 92 7063
44 95 39
44 96 6955
44 98 8972
44 104 6207
44 112 5266
44 115 9742
44 116 5135
45 49 5751
45 50 8650
45 56 4928
45 60 1535
45 61 9213
45 68 7654
45 69 5798
45 75 4685
45 78 5515
45 83 6887
45 85 3653
45 86 7556
45 91 5293
45 94 2090
45 97 2076
45 100 4366
45 101 2644
45 102 8466
45 107 2543
45 109 8245
45 112 2496
45 114 8329
45 116 3934
45 119 1117
45 123 4830
45 127 1796
46 52 446
46 55 7189
46 57 3758
46 60 6363
46 65 9072
46 68 5915
46 75 8495
46 78 2737
46 81 6574
46 85 2478
46 86 3537
46 88 7462
46 90 9804
46 91 9545
46 98 1678
46 109 2036
46 111 4052
46 114 464
46 115 2453
46 116 5290
46 117 1121
46 121 3311
47 59 41
47 63 3431
47 64 9349
47 65 5967
47 67 5454
47 76 1280
47 77 2254
47 80 755
47 81 6197
47 82 5965
47 85 1970
47 90 6719
47 92 1157
47 96 2407
47 105 2289
47 107 9307
47 110 7572
47 116 6921
47 117 7540
47 126 279
48 49 78
48 50 4038
48 54 6051
48 58 1567
48 69 7867
48 75 1032
48 76 9368
48 79 889
48 80 2685
48 81 8877
48 82 8833
48 87 74
48 91 6876
48 92 2081
48 102 5569
48 111 1133
48 113 9997
48 114 7234
48 115 5130
48 123 4004
48 125 880
49 52 8468
49 55 4393
49 58 4258
49 59 4262
49 60 756
49 66 1387
49 75 8559
49 83 3244
49 84 5839
49 88 3604
49 91 2137
49 94 9072
49 99 6651
49 100 7878
49 106 3017
49 115 2935
49 122 5534
50 52 815
50 60 1546
50 63 4366
50 70 8991
50 72 2959
50 73 5509
50 74 3477
50 80 4391
50 85 5871
50 87 9305
50 89 3914
50 92 9609
50 94 147
50 107 8399
50 111 4352
50 116 2287
50 117 9512
50 120 1279
51 53 9192
51 56 9415
51 61 9997
51 71 4969
51 72 4309
51 80 7928
51 84 3975
51 85 6223
51 89 4995
51 92 6169
51 94 1237
51 95 4621
51 98 4455
51 99 9152
51 102 5821
51 103 1912
51 107 9562
51 108 6948
51 113 980
51 116 30
51 117 6448
51 121 448
51 123 5037
51 127 6497
52 58 8688
52 62 6207
52 64 4577
52 77 3475
52 80 2994
52 81 3463
52 94 6510
52 95 9316
52 98 2732
52 100 7377
52 103 4507
52 104 9814
52 109 4203
52 111 1183
52 113 7850
52 120 5097
53 55 7843
53 57 8736
53 58 9706
53 61 8748
53 63 4483
53 65 8918
53 72 3800
53 74 5931
53 80 5040
53 83 2455
53 84 9194
53 85 7635
53 95 411
53 98 8932
53 100 8800
53 103 7020
53 104 2317
53 105 8914
53 106 6378
53 108 8831
53 121 8320
54 68 2311
54 71 3978
54 75 2817
54 76 9349
54 78 6327
54 80 532
54 82 7734
54 90 4434
54 94 3438
54 97 7596
54 98 478
54 99 8759
54 101 5283
54 102 5277
54 108 597
54 112 9689
54 115 2153
54 116 733
54 117 3649
54 118 3971
54 121 5753
54 126 8292
55 59 4943
55 64 9405
55 65 6972
55 70 9568
55 76 8129
55 84 595
55 85 6730
55 88 1963
55 95 2361
55 100 5782
55 107 8683
55 111 9744
55 112 1221
55 118 7128
55 121 6166
55 124 5201
55 126 9629
56 57 3627
56 58 4185
56 59 1702
56 60 711
56 64 7204
56 66 585
56 70 4895
56 74 7363
56 78 7486
56 83 1385
56 85 9998
56 87 2017
56 89 8328
56 93 6514
56 95 4593
56 96 8321
56 99 9508
56 103 9145
56 104 4591
56 105 9640
56 109 3674
56 110 2288
56 114 7569
56 116 778
56 119 2365
56 127 1058
57 60 1420
57 62 8998
57 64 8317
57 72 4586
57 75 7058
57 76 8115
57 77 5938
57 79 6011
57 85 5494
57 91 2192
57 104 1212
57 105 1345
57 106 4697
57 110 8988
57 118 7015
57 123 7086
57 124 5569
57 126 9428
57 127 6174
58 66 4463
58 70 1994
58 71 3437
58 76 8853
58 81 4426
58 83 3900
58 85 2954
58 89 9392
58 91 5412
58 102 290
58 107 952
58 112 8379
58 113 7442
58 116 1052
58 118 6471
58 121 5674
58 123 2807
59 60 4532
59 66 704
59 70 4593
59 75 7939
59 80 2893
59 81 4809
59 85 2814
59 86 2654
59 87 45
59 100 8983
59 107 9250
59 111 2453
59 112 2293
59 114 4043
59 116 2982
59 123 9950
60 62 8580
60 63 5058
60 65 3069
60 68 2400
60 69 7135
60 71 9037
60 72 3792
60 73 4829
60 80 6267
60 85 5232
60 86 8335
60 88 5374
60 89 1296
60 94 3542
60 96 278
60 98 7253
60 100 6818
60 103 4333
60 106 4586
60 115 9920
60 120 6294
60 124 9751
60 125 7881
60 126 5622
61 62 3729
61 63 5912
61 72 1631
61 82 6470
61 91 7483
61 97 1486
61 100 5225
61 102 9352
61 104 1959
61 112 1177
61 116 7565
61 121 9963
61 123 1025
61 124 6033
62 67 7568
62 70 2990
62 72 5463
62 76 6963
62 81 8412
62 83 3266
62 109 9540
62 117 8944
62 125 3228
63 66 3024
63 70 1251
63 73 2066
63 76 3315
63 78 5608
63 79 9505
63 82 3912
63 84 5834
63 89 4699
63 96 9875
63 100 4127
63 103 6515
63 104 9666
63 105 645
63 110 7922
63 113 9394
63 114 9870
63 116 9001
63 119 3435
63 125 1
64 66 1744
64 68 6708
64 73 6079
64 82 1104
64 86 7279
64 87 8437
64 88 5826
64 89 2213
64 105 8761
64 108 4556
64 110 2279
64 117 8426
64 120 6695
64 122 8459
65 68 855
65 70 1472
65 71 186
65 77 8893
65 83 8359
65 89 9054
65 90 3608
65 91 2977
65 92 6753
65 100 2544
65 105 5877
65 108 1702
65 109 2512
65 113 4899
65 116 4710
65 122 104
65 124 7800
66 67 6072
66 69 2962
66 80 9040
66 82 439
66 85 5287
66 86 4363
66 92 8363
66 97 5427
66 106 6023
66 107 3156
66 108 4518
66 116 3176
66 119 8475
66 120 2650
66 126 8784
67 68 465
67 72 7408
67 73 7685
67 74 7217
67 75 8815
67 79 4259
67 85 8876
67 89 8635
67 92 3120
67 94 4895
67 96 7731
67 100 1582
67 102 3014
67 105 8841
67 107 192
67 123 5024
68 70 2976
68 74 3183
68 75 7507
68 82 4106
68 89 6605
68 90 9681
68 92 6942
68 95 8432
68 97 5331
68 101 446
68 102 5148
68 109 1022
68 111 5619
68 112 1451
68 119 4051
68 125 4798
69 72 4491
69 76 9571
69 77 9599
69 79 4912
69 81 8812
69 93 7727
69 95 2623
69 107 828
69 108 3057
69 111 5247
69 112 1078
69 117 5917
69 118 7555
69 121 1102
69 125 2214
69 127 8763
70 77 2608
70 78 3725
70 81 4772
70 82 8589
70 83 6863
70 88 5010
70 90 7596
70 94 3204
70 96 3055
70 102 9841
70 109 6881
70 111 544
70 113 4761
70 124 2342
71 73 8971
71 75 7297
71 84 390
71 85 5303
71 86 2543
71 87 8878
71 92 4693
71 93 5700
71 94 878
71 96 5279
71 97 5068
71 100 2728
71 104 5447
71 113 2669
71 114 4055
71 118 3292
71 120 7192
71 125 7404
71 127 8924
72 75 9437
72 78 3422
72 90 658
72 96 4688
72 98 7207
72 101 8873
72 105 7823
72 110 1266
72 121 9354
72 122 9779
72 127 5583
73 77 9788
73 78 5417
73 82 3791
73 86 6793
73 88 9984
73 89 5364
73 91 5433
73 92 6611
73 99 5275
73 101 7036
73 110 7123
73 111 878
73 114 255
73 120 8935
74 77 8314
74 83 1264
74 86 570
74 89 5206
74 93 8559
74 101 5620
74 106 4570
74 111 6207
74 114 303
74 115 4636
74 125 2265
74 126 5326
74 127 8468
75 76 9924
75 78 6765
75 84 1117
75 86 2146
75 93 6724
75 94 8022
75 96 7674
75 103 1473
75 107 7704
75 108 1067
75 113 1978
75 121 6068
75 123 147
75 125 7415
76 78 2772
76 82 2940
76 85 4904
76 87 1753
76 88 247
76 89 7487
76 90 7374
76 91 9710
76 94 6479
76 104 190
76 114 4421
76 115 3864
76 123 3463
76 125 9543
77 78 4134
77 83 4346
77 86 9332
77 92 5813
77 93 7121
77 94 5705
77 95 4375
77 96 7644
77 99 7276
77 104 8880
77 107 8898
77 109 1055
77 113 475
77 115 7194
77 118 1844
77 122 5767
77 123 5368
77 124 527
78 79 8859
78 81 6056
78 82 3517
78 84 8679
78 91 9448
78 95 712
78 97 5730
78 99 7365
78 104 352
78 106 6371
78 112 6783
78 121 9804
78 122 8008
78 124 656
79 80 6434
79 81 4529
79 83 493
79 86 1587
79 93 7621
79 95 8791
79 100 3349
79 122 4284
79 126 5268
80 84 8071
80 89 2881
80 93 4688
80 100 8703
80 106 1297
80 111 606
80 117 1099
80 127 6203
81 82 6077
81 87 2266
81 95 9753
81 96 8195
81 103 7209
81 104 9958
81 105 7970
81 108 6143
81 112 5671
81 124 542
81 126 4116
82 83 8939
82 86 3661
82 89 945
82 93 6958
82 95 3197
82 96 1836
82 108 9512
82 110 1750
82 111 9715
82 114 7904
82 115 435
82 124 7720
83 84 7817
83 87 7948
83 88 5157
83 89 773
83 90 4719
83 91 1284
83 92 144
83 94 3557
83 102 2737
83 103 9104
83 104 3878
83 106 8281
83 108 609
83 113 9138
83 114 8855
83 116 5584
83 117 4910
83 120 6904
83 126 353
84 86 6305
84 91 2242
84 93 4987
84 101 6983
84 105 4481
84 107 4200
84 113 5159
84 116 4045
84 118 3768
84 127 6478
85 98 36
85 101 6214
85 107 632
85 114 7720
85 118 2301
85 119 4007
85 121 5382
86 89 2654
86 97 1031
86 103 6322
86 111 1138
86 112 3429
86 116 5378
86 119 2513
86 125 9084
87 91 402
87 92 5526
87 93 1617
87 97 2645
87 114 345
87 119 2793
87 120 4064
87 121 6406
87 125 6994
88 99 1015
88 100 2190
88 101 2621
88 104 8433
88 107 3544
88 114 9631
89 91 3106
89 98 6687
89 100 9704
89 101 8648
89 113 9348
89 118 5297
89 124 8696
90 93 1428
90 97 9688
90 101 3743
90 104 3080
90 108 6316
90 111 5944
90 115 218
90 119 1185
90 120 1627
90 122 2988
90 126 4801
90 127 9099
91 97 7369
91 102 8467
91 105 7677
91 109 8447
91 111 5921
91 112 9972
91 115 1239
92 93 1918
92 94 8626
92 108 932
92 118 9937
92 121 1021
92 122 18
92 123 6965
92 124 8417
92 125 6868
92 126 5779
93 116 6982
93 119 7286
93 120 4307
93 124 4935
93 125 775
93 127 8037
94 95 9065
94 99 5475
94 102 7756
94 111 4700
94 112 4773
94 114 8054
94 116 9137
94 124 4793
94 126 5688
95 100 8612
95 117 7987
95 118 9449
95 120 7393
95 123 4837
95 125 29
96 100 177
96 107 4681
96 108 2624
96 111 9214
96 114 6966
96 117 8550
96 122 8871
97 98 5851
97 100 561
97 101 3449
97 102 1369
97 109 3263
97 110 6542
97 115 2076
97 116 596
97 123 5379
97 126 7690
98 100 5447
98 102 535
98 104 4540
98 106 9985
98 107 9219
98 110 7762
98 121 2135
98 123 6927
98 126 5119
99 102 5723
99 106 5444
99 110 2988
99 116 819
99 125 3077
100 102 95
100 106 881
100 111 144
100 114 1454
100 120 6192
100 121 8756
100 122 2081
101 102 9859
101 103 6673
101 106 4232
101 113 603
101 119 66
101 120 5384
101 123 2551
102 104 7807
102 111 6106
102 118 7677
102 125 4237
102 127 431
103 107 9863
103 110 8381
103 113 7120
103 116 6628
103 117 5765
103 118 4249
104 106 1362
104 109 7319
104 110 2298
104 116 8868
104 126 429
105 114 3320
105 118 1854
105 121 3961
105 124 8252
106 108 5797
106 109 6277
106 115 8354
106 116 6908
106 119 7337
106 122 4644
107 110 6447
107 113 3969
107 117 4783
107 120 7192
107 122 5866
108 114 2198
108 118 1652
108 122 2395
108 126 3695
109 112 5320
109 113 2747
109 114 1411
109 118 2038
109 119 6805
109 121 3375
109 124 2008
109 125 3081
110 114 920
110 116 8763
110 120 7542
110 121 8281
110 123 3824
111 112 6061
111 116 400
111 117 7436
111 120 1669
111 124 7035
111 126 8492
112 113 2817
112 117 1142
112 124 1063
112 125 2871
112 127 1236
113 117 2840
113 118 173
113 122 843
113 124 9267
114 115 1050
114 116 3707
114 120 2863
114 121 1560
114 124 7727
114 125 6021
114 126 6827
114 127 799
115 117 173
115 119 1221
115 123 7821
115 126 6643
115 127 6255
117 118 6575
117 119 1761
117 124 4508
118 124 2969
118 126 4250
119 121 6602
119 122 696
119 127 484
120 121 1943
121 127 9108
122 123 9664
122 126 5694
122 127 3107
124 126 2921
