220 6049 79558 73
0 3 8488
0 8 2025
0 11 888
0 15 4318
0 19 4153
0 20 3194
0 22 8215
0 26 5251
0 27 4899
0 32 6652
0 33 8247
0 34 5770
0 35 3693
0 36 8154
0 37 6451
0 40 343
0 55 398
0 61 7614
0 63 4941
0 65 1545
0 67 2633
0 74 7000
0 77 7948
0 80 1954
0 82 6556
0 83 9722
0 86 4814
0 89 5488
0 92 3672
0 97 1644
0 101 4297
0 102 5346
0 106 7706
0 107 7512
0 108 5265
0 109 8214
0 115 3447
0 118 1799
0 122 7432
0 124 5317
0 126 7779
0 133 8018
0 140 5944
0 141 7094
0 142 5778
0 144 3100
0 147 1563
0 148 3678
0 156 7522
0 165 8550
0 169 6614
0 172 4356
0 175 2037
0 177 2766
0 184 8883
0 189 5814
0 196 7090
0 197 9415
0 199 6978
0 211 2617
0 215 8205
0 218 4135
0 219 8286
1 2 9182
1 5 9150
1 7 3726
1 9 7901
1 11 4005
1 14 5091
1 18 716
1 19 9038
1 21 7151
1 26 5897
1 29 3034
1 32 4700
1 41 4691
1 47 7996
1 52 4310
1 54 8923
1 57 2268
1 61 1082
1 65 9319
1 69 1617
1 70 1215
1 72 1477
1 74 9070
1 75 6964
1 81 225
1 87 6715
1 89 52
1 91 845
1 95 3686
1 97 4528
1 104 92
1 109 4489
1 110 927
1 111 4860
1 115 3525
1 117 9999
1 124 3516
1 125 4312
1 127 4343
1 128 4240
1 135 3070
1 140 3864
1 142 9273
1 148 1798
1 149 1343
1 152 2407
1 154 8208
1 160 471
1 162 2945
1 172 5634
1 176 4820
1 183 1672
1 190 9679
1 191 6029
1 198 3292
1 202 3315
1 204 5037
1 205 1007
1 210 2507
1 212 9466
2 5 684
2 7 8164
2 20 3959
2 21 6953
2 28 695
2 31 205
2 37 264
2 47 2856
2 50 3301
2 55 4361
2 63 8820
2 67 3360
2 69 5789
2 71 8541
2 73 2519
2 77 452
2 83 3332
2 85 9470
2 91 4120
2 98 8076
2 99 4553
2 124 2081
2 134 4837
2 136 9414
2 137 7815
2 138 44
2 141 8527
2 144 4347
2 146 558
2 150 9902
2 154 36
2 158 3497
2 172 3856
2 174 9029
2 184 7782
2 188 4687
2 194 6644
2 196 144
2 198 3387
2 199 9013
2 201 7178
2 202 9847
2 205 8498
2 207 384
2 208 3925
2 212 7612
2 219 6240
3 6 7684
3 7 4748
3 17 3394
3 18 3279
3 19 3425
3 25 8612
3 33 3191
3 34 4991
3 35 4503
3 37 3650
3 38 5048
3 41 753
3 57 4343
3 59 4467
3 67 9620
3 76 4456
3 78 2827
3 86 6815
3 87 5205
3 101 9651
3 103 139
3 107 4962
3 113 2656
3 118 7425
3 119 2086
3 122 687
3 124 7629
3 134 3207
3 138 2950
3 149 2631
3 150 7523
3 153 3904
3 167 5941
3 169 8686
3 173 8868
3 175 9086
3 176 4131
3 179 2763
3 180 8798
3 182 8102
3 183 6682
3 184 2928
3 188 9880
3 190 8121
3 192 8340
3 200 5224
3 203 3467
3 204 3972
3 206 6870
3 209 4531
4 8 6091
4 14 1978
4 22 9847
4 26 1167
4 27 3645
4 29 4793
4 32 3989
4 37 2501
4 40 357
4 42 4107
4 45 1103
4 50 1087
4 51 319
4 53 6181
4 56 4224
4 59 2628
4 60 9647
4 65 4752
4 67 7026
4 71 4510
4 73 9403
4 79 9498
4 80 2948
4 82 2616
4 83 4255
4 85 6603
4 102 9157
4 104 4499
4 114 7824
4 115 5147
4 121 8811
4 126 1387
4 130 5983
4 134 9065
4 139 4595
4 140 9824
4 142 2648
4 144 7332
4 147 580
4 154 8448
4 156 7035
4 157 3541
4 161 7718
4 172 7851
4 177 8863
4 180 846
4 181 6796
4 185 7110
4 187 3306
4 191 9667
4 200 2341
4 202 6421
4 210 8028
4 212 408
4 218 799
5 9 6209
5 13 8744
5 19 2034
5 20 9606
5 30 2791
5 31 9504
5 34 3957
5 40 2123
5 42 7368
5 59 4220
5 60 9033
5 63 5152
5 70 3270
5 71 110
5 72 3458
5 75 5251
5 84 6046
5 86 9233
5 89 8349
5 91 9626
5 96 3726
5 100 8029
5 107 3821
5 110 9329
5 113 8425
5 114 6885
5 122 9470
5 130 6204
5 132 5373
5 137 5709
5 144 5010
5 145 7449
5 153 6863
5 156 9417
5 164 1786
5 169 1213
5 170 8106
5 174 5417
5 178 3915
5 179 2145
5 183 3424
5 187 43
5 189 2281
5 196 2492
5 200 4724
5 201 7806
5 202 5187
5 203 3383
5 205 5554
5 210 3545
5 212 5926
5 219 7102
6 13 787
6 14 4077
6 19 7844
6 23 8617
6 26 3859
6 34 1163
6 37 6477
6 39 3035
6 46 6906
6 49 7705
6 51 68
6 52 4142
6 53 2434
6 60 8226
6 63 1779
6 65 7548
6 66 8069
6 70 1621
6 73 7414
6 74 1354
6 79 538
6 80 9637
6 92 6802
6 93 8023
6 96 3317
6 104 5503
6 106 9889
6 110 8068
6 111 9934
6 115 8988
6 117 720
6 119 6435
6 125 5599
6 134 2560
6 142 6650
6 145 2979
6 146 9631
6 148 4283
6 154 4051
6 164 7534
6 172 2579
6 173 6343
6 174 534
6 179 5755
6 188 7224
6 191 8466
6 201 1303
6 206 6257
6 207 1393
6 211 9348
7 9 201
7 15 9243
7 16 6234
7 36 7110
7 37 5205
7 38 5294
7 41 7937
7 46 4226
7 53 3983
7 56 6621
7 57 9175
7 62 4654
7 63 3446
7 67 8865
7 70 2858
7 74 6903
7 76 9701
7 87 2964
7 91 3430
7 93 8962
7 97 8169
7 99 9470
7 100 4073
7 112 6262
7 124 5812
7 128 7472
7 131 620
7 132 4396
7 153 5757
7 163 4764
7 168 3413
7 169 2962
7 178 6761
7 181 3341
7 185 8413
7 193 7345
7 198 8347
7 199 9809
7 200 1919
7 202 1810
7 209 3828
7 210 6728
7 212 4270
7 213 4028
7 215 1631
7 217 6043
7 219 5926
8 11 8298
8 15 3140
8 16 5455
8 20 9732
8 22 3531
8 23 9101
8 25 6898
8 32 2527
8 36 3770
8 37 8451
8 38 3227
8 45 4356
8 51 9674
8 52 9778
8 53 8763
8 55 2155
8 63 3695
8 67 3050
8 68 5209
8 70 8626
8 72 3961
8 74 1831
8 77 5260
8 78 3454
8 87 3652
8 91 4733
8 93 3419
8 94 5134
8 96 5883
8 99 3646
8 100 5478
8 106 1901
8 111 6471
8 115 2718
8 118 1983
8 119 329
8 121 8795
8 123 1824
8 126 6529
8 127 7286
8 128 2906
8 132 6452
8 133 9040
8 134 807
8 139 2193
8 141 8480
8 144 2141
8 146 3682
8 147 5343
8 160 7279
8 167 8546
8 168 6314
8 175 4081
8 177 2108
8 179 261
8 182 9080
8 192 2545
8 195 3666
8 196 7875
8 197 2176
8 207 2630
8 208 134
8 215 5125
8 216 668
8 218 5721
8 219 2483
9 16 7195
9 17 8550
9 21 2262
9 24 6758
9 26 1923
9 27 1095
9 28 6671
9 32 5550
9 35 323
9 41 4582
9 43 7646
9 45 7084
9 56 6406
9 60 2708
9 64 1073
9 69 8205
9 71 5500
9 74 1159
9 78 9100
9 79 9924
9 80 6661
9 87 1195
9 90 4059
9 97 4255
9 99 2368
9 100 8968
9 101 144
9 102 3046
9 103 2365
9 106 2146
9 116 6774
9 122 4681
9 124 9776
9 125 9697
9 138 1370
9 148 6553
9 159 9954
9 163 1787
9 164 8420
9 166 7256
9 169 6129
9 185 6574
9 187 1678
9 190 6259
9 193 7838
9 200 9789
9 211 457
9 215 2460
9 216 2972
9 218 9740
9 219 147
10 11 968
10 18 9240
10 20 3716
10 21 9974
10 27 4891
10 32 9829
10 35 6737
10 47 3635
10 50 5409
10 60 8534
10 62 8168
10 63 628
10 65 8325
10 67 815
10 68 7020
10 73 9303
10 75 7647
10 86 4840
10 91 123
10 92 8876
10 93 3647
10 95 3857
10 100 9514
10 104 6723
10 109 9597
10 110 8833
10 114 5555
10 116 2174
10 120 2737
10 121 6374
10 122 658
10 124 874
10 130 4831
10 134 2651
10 140 1552
10 141 968
10 142 7062
10 144 8195
10 145 3869
10 150 2352
10 161 3300
10 162 8825
10 176 1110
10 177 9973
10 178 3652
10 187 3020
10 189 6508
10 200 1640
10 205 8033
10 206 7896
10 209 5296
10 211 5780
11 23 1375
11 25 4533
11 37 4004
11 42 2284
11 48 5516
11 58 7710
11 80 9209
11 90 6660
11 106 2163
11 112 1763
11 114 8821
11 115 9481
11 117 9000
11 121 6222
11 123 5780
11 124 5605
11 126 1749
11 127 3908
11 128 9679
11 135 4004
11 138 6304
11 139 1311
11 143 3357
11 148 508
11 153 8333
11 158 5447
11 159 8162
11 162 5954
11 166 4680
11 169 7474
11 171 2385
11 173 6090
11 175 7313
11 178 1691
11 179 7325
11 181 7649
11 182 8551
11 188 1730
11 192 3435
11 199 7654
11 217 9439
12 14 4223
12 15 81
12 18 5995
12 19 9736
12 26 7169
12 30 4150
12 32 1256
12 35 4194
12 36 3027
12 38 9500
12 44 8090
12 50 3239
12 52 6314
12 57 361
12 60 4852
12 67 3122
12 71 4267
12 73 4645
12 82 9043
12 85 6485
12 88 2706
12 90 9383
12 91 1769
12 92 9983
12 93 8827
12 98 3031
12 100 6324
12 101 8465
12 113 7278
12 126 5209
12 127 7083
12 134 7845
12 135 1452
12 136 8177
12 137 8086
12 138 4516
12 151 5827
12 154 1939
12 155 890
12 162 9356
12 165 6770
12 169 3489
12 173 5559
12 178 8145
12 180 6332
12 183 86
12 186 3417
12 187 3689
12 195 2711
12 196 2788
12 200 2006
12 209 4855
12 213 8982
13 16 2465
13 28 4265
13 29 7169
13 30 3972
13 33 4151
13 35 2038
13 36 398
13 39 118
13 43 1985
13 44 5644
13 48 1639
13 56 3685
13 57 1572
13 58 8648
13 60 6894
13 61 5030
13 70 3691
13 79 5972
13 96 1605
13 100 323
13 104 8407
13 109 4735
13 110 3468
13 111 1690
13 113 4235
13 114 3243
13 118 3372
13 122 2096
13 126 7261
13 131 7501
13 132 6091
13 139 5443
13 142 3232
13 143 9932
13 145 3867
13 149 777
13 157 8148
13 158 1446
13 167 1143
13 177 8609
13 187 7621
13 190 5317
13 191 4580
13 195 8334
13 196 7361
13 197 1978
13 210 2288
13 216 6137
13 218 8737
14 15 1755
14 20 5665
14 22 9198
14 32 2154
14 35 1392
14 45 5153
14 49 555
14 50 2368
14 54 4335
14 57 2061
14 62 3847
14 63 1796
14 70 6921
14 72 1179
14 73 5442
14 76 271
14 85 3681
14 86 4096
14 92 5488
14 102 9000
14 111 3640
14 115 8005
14 116 1062
14 126 2533
14 129 8094
14 138 7549
14 141 7007
14 142 3274
14 143 6385
14 145 4412
14 146 6323
14 148 5099
14 149 514
14 150 3440
14 151 3022
14 153 9393
14 160 2103
14 162 9396
14 163 4718
14 166 2910
14 170 4330
14 173 8832
14 189 3201
14 193 8614
14 196 1915
14 200 9272
14 204 9433
14 205 1227
14 215 2623
14 217 7344
15 25 305
15 30 6067
15 36 226
15 39 5090
15 42 4843
15 44 5181
15 45 923
15 50 5425
15 54 579
15 58 7583
15 60 8167
15 61 473
15 62 4071
15 68 2229
15 70 7962
15 73 8806
15 75 1220
15 78 6139
15 79 6286
15 89 5809
15 92 8862
15 93 4191
15 95 9520
15 100 2834
15 107 3400
15 108 4330
15 109 5446
15 110 720
15 114 5721
15 116 3129
15 120 3529
15 122 507
15 123 5920
15 128 6012
15 143 3949
15 144 868
15 146 8867
15 153 9768
15 155 8827
15 158 5361
15 159 1827
15 180 5283
15 191 7652
15 192 7557
15 194 2681
15 201 7617
15 215 5331
15 217 7536
16 17 3109
16 18 507
16 25 2883
16 28 8707
16 30 5110
16 33 8835
16 34 4388
16 36 4635
16 38 4803
16 40 6092
16 44 1483
16 47 8991
16 52 7638
16 61 3307
16 69 383
16 70 8855
16 79 5539
16 80 8236
16 82 9977
16 85 7573
16 88 5565
16 89 5530
16 92 9459
16 94 6892
16 98 699
16 99 678
16 102 903
16 104 2665
16 108 5395
16 117 6081
16 119 322
16 121 276
16 123 3204
16 124 4272
16 125 3873
16 135 5022
16 141 4897
16 149 7946
16 154 2880
16 160 7480
16 166 5427
16 174 6919
16 177 1171
16 178 8608
16 182 2507
16 183 9514
16 188 8903
16 193 7961
16 197 9297
16 205 9547
16 206 1355
16 209 6969
16 216 5420
16 217 9645
16 219 9345
17 19 4179
17 20 9580
17 23 3032
17 26 1618
17 29 5920
17 31 4376
17 34 8695
17 36 435
17 46 1744
17 48 453
17 49 8203
17 53 4489
17 57 5187
17 59 876
17 61 2432
17 67 6262
17 70 1722
17 71 6597
17 85 7012
17 87 8990
17 88 9154
17 95 3114
17 102 6822
17 103 2094
17 104 6591
17 110 2552
17 115 2314
17 121 656
17 125 3982
17 126 6583
17 129 9348
17 131 6125
17 134 8473
17 135 2360
17 137 5852
17 140 6073
17 145 7297
17 146 3456
17 156 7020
17 161 8604
17 162 9016
17 165 9053
17 166 9127
17 179 6566
17 180 3217
17 182 199
17 185 1617
17 190 2013
17 192 852
17 209 7170
17 210 6182
17 218 2781
18 22 5553
18 25 5288
18 27 4019
18 29 8363
18 32 3742
18 38 8647
18 43 4266
18 44 718
18 46 4856
18 53 9080
18 55 1856
18 57 9753
18 72 133
18 73 5569
18 74 4663
18 77 1018
18 84 9877
18 87 8024
18 89 7551
18 97 8150
18 99 2380
18 102 4114
18 103 7078
18 106 5797
18 109 2935
18 110 2527
18 112 2081
18 113 6754
18 115 2703
18 125 4472
18 130 2996
18 134 9155
18 141 2663
18 142 8401
18 143 5441
18 145 8873
18 148 7711
18 157 3650
18 162 965
18 163 4449
18 169 6380
18 171 7323
18 177 9352
18 179 7877
18 184 6403
18 188 4426
18 189 7345
18 194 2372
18 205 606
18 206 4175
18 213 1317
18 216 9523
18 218 9336
19 20 2906
19 23 6713
19 42 7810
19 45 5430
19 46 9302
19 51 6378
19 60 4616
19 66 631
19 69 9064
19 75 5112
19 82 4697
19 88 8160
19 90 7261
19 96 2155
19 100 4600
19 102 8424
19 105 4257
19 112 6980
19 113 7676
19 116 3703
19 119 4336
19 120 659
19 125 6231
19 127 54
19 134 5116
19 139 2237
19 142 9393
19 145 9663
19 146 6239
19 149 9597
19 150 960
19 152 2785
19 158 9546
19 164 9787
19 165 9828
19 170 633
19 176 2989
19 183 7979
19 196 7893
19 198 9035
19 201 4488
19 206 6111
19 207 1381
19 211 4866
20 23 5031
20 30 6942
20 34 9924
20 35 9962
20 36 524
20 44 3354
20 48 291
20 50 261
20 52 3402
20 53 1346
20 54 2974
20 59 9221
20 60 4516
20 63 6603
20 65 844
20 68 8783
20 70 8415
20 71 4365
20 72 2347
20 74 9793
20 75 1372
20 76 1646
20 79 5292
20 80 63
20 81 1995
20 90 5902
20 91 5965
20 92 8502
20 99 1571
20 100 5541
20 105 6628
20 110 5663
20 112 272
20 114 9037
20 118 1320
20 121 6252
20 122 5313
20 130 2641
20 137 25
20 142 9448
20 143 5544
20 145 9515
20 146 8018
20 150 3231
20 157 1963
20 160 4526
20 161 4876
20 166 8947
20 167 6870
20 169 2601
20 175 8547
20 179 4495
20 187 3439
20 188 1813
20 191 6016
20 192 3800
20 193 1083
20 198 1684
20 199 6038
20 200 380
20 216 5618
20 218 7147
21 22 6111
21 23 6219
21 28 6211
21 32 1209
21 36 7851
21 39 5509
21 46 6278
21 50 5717
21 59 6981
21 63 5696
21 66 6718
21 67 2683
21 69 7803
21 71 6956
21 73 4204
21 74 6510
21 81 5028
21 84 1704
21 85 1893
21 88 3049
21 91 9791
21 98 5081
21 104 1194
21 109 5092
21 112 6236
21 113 275
21 114 7260
21 118 2030
21 123 2347
21 130 9264
21 132 8713
21 133 2228
21 135 248
21 145 2131
21 151 5452
21 153 3288
21 155 8202
21 158 2742
21 161 9649
21 167 4940
21 170 4813
21 171 8629
21 172 8776
21 173 5712
21 177 9377
21 178 311
21 183 1591
21 189 4402
21 195 7822
21 200 5250
21 201 6388
21 202 2077
21 205 3394
21 217 7403
22 24 2610
22 31 2928
22 33 8602
22 38 7256
22 40 8133
22 44 4100
22 51 661
22 53 2981
22 56 7051
22 57 857
22 60 99
22 64 193
22 66 7919
22 74 2342
22 78 8473
22 85 8138
22 95 5096
22 99 9346
22 100 4386
22 103 5929
22 109 1321
22 110 6722
22 113 1655
22 114 3954
22 121 3968
22 123 7848
22 124 6527
22 139 8295
22 144 8228
22 150 678
22 162 2093
22 165 5745
22 169 524
22 178 5088
22 185 2902
22 189 4921
22 194 216
22 197 8841
22 208 7518
22 209 7800
22 213 3482
22 215 7008
23 24 9595
23 26 6304
23 28 3786
23 30 1377
23 39 6696
23 42 6043
23 56 6270
23 62 4252
23 63 5323
23 67 3209
23 69 1890
23 72 885
23 79 9911
23 84 5290
23 85 3178
23 89 1720
23 90 1456
23 91 8853
23 99 8322
23 106 1501
23 109 6070
23 111 1831
23 114 6686
23 117 5603
23 127 8851
23 128 5476
23 131 1222
23 143 608
23 146 1496
23 150 3300
23 156 4743
23 161 5286
23 166 7480
23 175 2029
23 179 1403
23 180 5186
23 184 6757
23 187 5286
23 191 7746
23 194 1961
23 195 8735
23 196 6225
23 198 7279
23 200 7159
23 201 8601
23 202 5413
23 204 3244
23 205 3753
23 206 4247
23 210 2903
23 214 9336
23 218 4833
24 32 8231
24 33 8907
24 37 483
24 39 1570
24 42 4034
24 49 6001
24 50 2531
24 58 4140
24 66 7141
24 68 5498
24 71 47
24 74 7174
24 77 6550
24 82 1751
24 85 5539
24 86 9082
24 87 1350
24 92 5225
24 94 6009
24 96 5132
24 97 1413
24 104 9388
24 108 8278
24 110 1749
24 113 5030
24 118 4974
24 122 1364
24 126 8584
24 127 8400
24 129 9194
24 132 7893
24 139 877
24 152 7968
24 156 5117
24 158 9034
24 160 4982
24 166 3009
24 168 3363
24 169 4416
24 173 3739
24 177 291
24 181 2947
24 182 8026
24 185 3505
24 190 8789
24 192 7062
24 197 8284
24 211 3124
24 216 5487
25 30 343
25 31 2586
25 36 7960
25 38 5604
25 41 5618
25 42 8159
25 43 6179
25 44 514
25 52 7957
25 60 6112
25 64 5246
25 66 4643
25 69 3745
25 71 4107
25 76 522
25 78 7736
25 79 9349
25 80 2003
25 84 1945
25 87 4929
25 92 9457
25 97 1215
25 100 5612
25 104 723
25 106 139
25 111 7832
25 115 6553
25 127 9917
25 129 4976
25 131 9322
25 135 586
25 140 1843
25 141 1636
25 142 9990
25 144 2566
25 149 8676
25 152 3103
25 155 9518
25 156 4510
25 162 5594
25 166 3483
25 168 7407
25 175 2180
25 176 9747
25 180 3981
25 184 7389
25 186 2400
25 187 370
25 188 4113
25 190 5480
25 192 2864
25 193 8258
25 194 8139
25 198 1946
25 199 5531
25 200 4371
25 209 8068
25 210 8348
25 211 861
25 213 1083
25 214 7399
25 215 9555
25 216 1046
26 32 6113
26 49 9731
26 52 4038
26 66 145
26 68 9638
26 71 2100
26 75 223
26 81 1861
26 82 2845
26 85 5510
26 94 9160
26 95 993
26 96 8384
26 97 7538
26 110 6851
26 111 5921
26 115 600
26 125 6951
26 127 6709
26 134 5904
26 136 8154
26 137 6453
26 140 4237
26 145 2905
26 150 1968
26 153 3947
26 155 5831
26 158 8698
26 166 9921
26 182 1340
26 185 5874
26 186 5325
26 188 6198
26 192 2530
26 196 9786
26 199 8713
26 200 4678
26 211 8934
26 219 9566
27 29 3977
27 30 8806
27 31 865
27 33 449
27 35 7155
27 41 5576
27 44 3540
27 47 6225
27 56 9703
27 59 7239
27 62 9623
27 67 650
27 69 6213
27 75 4819
27 77 6008
27 78 4665
27 85 5669
27 86 8554
27 89 4563
27 95 2767
27 110 8048
27 114 1179
27 118 1709
27 120 6424
27 121 7678
27 123 4285
27 124 3613
27 127 495
27 134 7020
27 136 6327
27 137 4616
27 148 7213
27 150 1187
27 153 5899
27 161 3944
27 167 6357
27 168 6925
27 181 4215
27 182 3767
27 184 9342
27 191 9142
27 196 8164
27 198 6664
27 204 4885
27 209 5109
27 212 1723
27 218 5750
28 29 762
28 30 4752
28 36 1274
28 43 4812
28 44 9052
28 45 1733
28 50 8884
28 52 3773
28 55 9279
28 61 3745
28 66 54
28 67 8810
28 68 3998
28 69 8851
28 74 5855
28 79 3266
28 83 7048
28 85 5488
28 96 7218
28 97 8753
28 104 9203
28 106 3816
28 109 3813
28 111 815
28 115 3766
28 120 7148
28 123 4199
28 125 4616
28 137 2610
28 140 2597
28 141 5915
28 143 451
28 145 8653
28 148 8041
28 150 5529
28 156 1642
28 157 3933
28 159 1225
28 162 3976
28 164 7124
28 175 9163
28 183 796
28 188 6553
28 190 6980
28 191 8809
28 195 992
28 196 3674
28 198 4704
28 199 9526
28 201 7211
28 203 1426
28 208 5235
28 209 4180
28 216 4659
28 217 3060
29 30 4228
29 37 8282
29 39 6174
29 45 303
29 48 9932
29 49 668
29 51 4146
29 62 9870
29 67 7779
29 68 9517
29 71 8772
29 73 9370
29 74 2073
29 78 7563
29 85 6175
29 91 4659
29 93 3892
29 94 7995
29 95 3835
29 114 2686
29 119 6153
29 120 6377
29 138 3529
29 139 8558
29 142 129
29 143 6121
29 146 6544
29 148 3579
29 152 2844
29 154 7319
29 155 8009
29 156 8551
29 160 1289
29 163 4406
29 169 2345
29 171 5377
29 176 9180
29 177 9639
29 181 5060
29 183 4517
29 184 166
29 186 6573
29 187 1624
29 188 6912
29 196 101
29 200 5496
29 203 9662
29 205 460
29 206 9124
29 211 1677
29 212 9150
30 32 5736
30 40 5730
30 43 5583
30 45 4085
30 52 3418
30 53 6215
30 60 131
30 63 9494
30 71 9040
30 80 5258
30 87 8487
30 90 2524
30 92 1222
30 97 9400
30 99 7118
30 100 4955
30 112 4684
30 115 508
30 129 5754
30 130 7177
30 131 6976
30 132 2746
30 139 5702
30 140 8501
30 146 9842
30 148 3324
30 149 6407
30 152 4420
30 153 8420
30 159 9858
30 169 8535
30 172 6231
30 174 967
30 175 5834
30 177 9365
30 179 29
30 180 5461
30 181 6859
30 182 5763
30 184 1568
30 185 671
30 186 1520
30 189 5461
30 196 5320
30 197 2943
30 204 6726
30 211 2052
30 217 2440
31 37 6859
31 56 9085
31 60 7609
31 71 9870
31 74 7025
31 84 3965
31 90 1231
31 91 7659
31 97 6805
31 105 6226
31 108 9342
31 117 1114
31 121 7144
31 123 747
31 129 5558
31 135 8982
31 137 8417
31 144 7663
31 146 694
31 160 4577
31 172 8539
31 174 8668
31 176 9747
31 180 2020
31 182 1665
31 183 8414
31 185 1058
31 188 4560
31 189 2125
31 194 7730
31 198 7257
31 199 1598
31 205 375
31 206 2114
31 212 7641
31 213 13
32 38 2381
32 42 984
32 49 8758
32 52 7771
32 57 2148
32 60 1723
32 65 1341
32 67 7628
32 68 5488
32 73 8879
32 82 1707
32 84 3425
32 88 5219
32 91 8186
32 96 4808
32 97 5590
32 99 5127
32 100 5594
32 101 9899
32 102 9706
32 104 1530
32 106 1188
32 108 1189
32 114 2046
32 115 1578
32 119 8094
32 121 9689
32 133 4860
32 136 4907
32 138 9932
32 144 7787
32 145 7464
32 148 3437
32 150 7981
32 155 8007
32 161 3395
32 175 9242
32 176 8605
32 181 2418
32 185 1057
32 187 8938
32 190 6568
32 195 5254
32 205 9169
32 206 4953
32 211 1265
32 216 7340
32 217 9357
32 218 4185
33 37 7467
33 39 8961
33 41 7312
33 54 2473
33 55 491
33 56 4847
33 57 1338
33 60 754
33 63 8422
33 65 2182
33 67 2771
33 70 4350
33 74 1889
33 77 9167
33 80 4779
33 82 4612
33 95 9549
33 97 7047
33 99 3747
33 106 2988
33 109 8220
33 112 2414
33 118 5736
33 126 7216
33 127 74
33 133 6520
33 138 5116
33 139 2282
33 140 9876
33 143 8383
33 157 7803
33 158 7290
33 165 969
33 179 4615
33 182 6678
33 186 838
33 188 7697
33 189 7811
33 192 3497
33 196 1425
33 199 870
33 201 1699
33 205 2823
34 41 1144
34 45 3083
34 49 2659
34 50 8954
34 60 750
34 67 4325
34 69 116
34 70 4292
34 81 6581
34 83 2356
34 87 978
34 92 588
34 93 6716
34 94 1052
34 98 3039
34 100 9131
34 104 5051
34 107 6363
34 117 3687
34 119 7559
34 121 8011
34 123 5130
34 124 6712
34 134 7747
34 137 2362
34 144 6579
34 146 5448
34 147 6917
34 160 8660
34 161 2840
34 165 6592
34 169 8165
34 170 2328
34 175 1886
34 176 5897
34 178 3594
34 182 3469
34 185 9625
34 191 4895
34 194 7419
34 199 8979
34 207 7612
34 214 2586
34 216 9236
34 219 2297
35 36 7868
35 43 7545
35 45 7527
35 46 3830
35 56 2124
35 60 5250
35 63 7182
35 64 4548
35 68 2171
35 69 8575
35 74 2119
35 76 3998
35 80 6387
35 86 8945
35 87 9839
35 92 7514
35 93 6191
35 103 4748
35 104 3939
35 107 2230
35 117 8433
35 121 8987
35 128 7459
35 129 8052
35 130 605
35 132 3967
35 133 5595
35 136 6040
35 139 600
35 140 8862
35 141 5033
35 150 4108
35 153 4452
35 155 6595
35 156 9486
35 159 5806
35 162 8119
35 167 5480
35 169 4295
35 173 8315
35 178 8214
35 189 6785
35 193 2505
35 194 721
35 198 5285
35 207 9365
35 212 8128
35 219 8215
36 38 1582
36 39 2008
36 50 4890
36 51 2677
36 55 3198
36 64 1824
36 72 1787
36 74 5068
36 76 4222
36 83 7923
36 100 5877
36 101 8011
36 104 623
36 108 8403
36 110 6973
36 112 4084
36 113 7530
36 114 5737
36 119 4271
36 120 3019
36 135 3318
36 138 4282
36 145 8053
36 148 2099
36 160 5919
36 161 195
36 162 5007
36 172 1049
36 175 2230
36 178 9496
36 181 7080
36 186 7237
36 193 4815
36 204 1323
36 212 8516
36 213 4119
36 217 7359
37 41 3673
37 42 5393
37 47 5514
37 54 8951
37 61 160
37 62 602
37 63 761
37 64 2029
37 69 1719
37 71 8483
37 79 7811
37 81 2395
37 82 2783
37 84 8479
37 87 5590
37 88 3525
37 89 3957
37 90 6688
37 95 1222
37 98 5608
37 106 2346
37 108 3228
37 117 2511
37 122 6922
37 123 8730
37 127 3300
37 129 3083
37 130 7214
37 136 3759
37 138 6979
37 142 4095
37 152 3409
37 156 2882
37 157 5162
37 162 8478
37 165 6939
37 167 293
37 168 7491
37 169 1019
37 178 6367
37 184 4825
37 185 5228
37 187 5692
37 189 7739
37 192 2800
37 195 2388
37 201 2532
37 202 4212
37 212 6375
38 41 9766
38 46 1092
38 47 5152
38 49 1146
38 55 502
38 58 562
38 61 8638
38 64 6812
38 68 3635
38 75 703
38 78 1363
38 80 1849
38 97 9407
38 103 3296
38 106 9652
38 111 7825
38 112 3250
38 116 190
38 117 9395
38 122 4839
38 128 9136
38 131 7949
38 135 4734
38 138 8661
38 146 6954
38 148 2229
38 151 9199
38 164 8521
38 167 5272
38 171 5884
38 174 9390
38 176 7927
38 181 3246
38 190 8804
38 191 48
38 213 7180
38 218 6424
39 40 5701
39 41 8134
39 45 1445
39 46 3420
39 48 8520
39 55 6126
39 56 8299
39 58 2328
39 64 7898
39 68 4028
39 70 4377
39 78 1793
39 79 1117
39 80 4628
39 86 1456
39 87 1294
39 89 688
39 91 3755
39 95 1068
39 97 4480
39 98 6017
39 107 7709
39 109 1909
39 113 4531
39 118 3498
39 127 4700
39 137 7772
39 139 2831
39 150 8974
39 159 1450
39 160 8132
39 163 349
39 164 3369
39 172 3918
39 173 6548
39 179 6149
39 181 2343
39 182 3476
39 186 5087
39 190 60
39 191 9571
39 207 6804
39 211 1239
39 213 7995
39 214 831
39 217 2699
40 41 5481
40 44 6751
40 60 7744
40 62 2622
40 74 2263
40 79 8277
40 82 5342
40 83 3545
40 84 1019
40 86 2420
40 88 2714
40 89 529
40 90 9203
40 93 1862
40 96 5848
40 99 9834
40 100 5711
40 104 2286
40 106 8603
40 116 9306
40 117 1761
40 118 6281
40 126 2106
40 131 6940
40 133 4458
40 138 4850
40 139 2242
40 146 7042
40 149 593
40 155 4616
40 158 4709
40 161 11
40 166 3933
40 167 9411
40 177 5402
40 181 239
40 184 5060
40 185 9007
40 188 4439
40 190 4545
40 194 2374
40 195 9425
40 199 390
40 202 1205
40 203 489
40 205 2078
40 209 6661
40 210 8863
40 211 8864
40 212 6582
40 215 3989
41 44 6594
41 45 1923
41 47 4211
41 49 1148
41 50 5052
41 53 4075
41 58 782
41 62 5949
41 65 3747
41 80 7466
41 82 4273
41 85 8124
41 89 8461
41 90 9005
41 91 4
41 96 7888
41 97 9601
41 104 9527
41 114 5984
41 119 4746
41 123 5392
41 124 8108
41 130 6300
41 131 276
41 140 8519
41 150 1563
41 153 4178
41 157 9307
41 166 2870
41 168 3773
41 169 4353
41 173 9006
41 179 4849
41 184 2721
41 188 5463
41 191 1455
41 196 7724
41 198 1295
41 199 1905
41 211 4884
41 215 4582
41 217 166
42 46 8581
42 58 8883
42 59 4862
42 62 4160
42 63 6884
42 68 2035
42 71 1564
42 82 5719
42 87 4825
42 91 2319
42 92 6180
42 94 899
42 95 7083
42 106 4972
42 110 9602
42 120 1767
42 121 1353
42 127 7084
42 137 2461
42 148 7190
42 149 7813
42 153 5189
42 154 6301
42 164 1781
42 169 3467
42 171 5664
42 176 209
42 177 7026
42 178 5105
42 185 6418
42 186 6921
42 191 2750
42 202 6438
42 205 3245
42 208 4060
42 211 504
42 213 8633
42 216 8174
42 217 7755
42 219 1025
43 52 6488
43 53 7199
43 54 1732
43 55 8933
43 57 2333
43 58 4270
43 61 3250
43 63 8532
43 66 7411
43 76 9135
43 84 4408
43 85 8072
43 88 6366
43 89 8248
43 91 914
43 93 1723
43 103 2698
43 104 3192
43 111 617
43 116 3296
43 128 6656
43 130 5632
43 134 1834
43 135 6052
43 138 6836
43 143 6317
43 146 5977
43 150 8326
43 158 7250
43 159 2720
43 165 9939
43 173 8252
43 178 590
43 180 3413
43 184 2094
43 185 2874
43 198 6077
43 204 3815
43 205 6792
43 206 2079
43 207 2373
43 209 3364
43 210 9523
43 211 8624
43 212 3434
43 214 5308
44 47 7408
44 49 1767
44 55 1448
44 56 8288
44 57 2455
44 61 3879
44 63 2721
44 69 8375
44 71 3576
44 72 3648
44 80 8198
44 81 5839
44 82 1713
44 93 6790
44 95 9563
44 99 6647
44 109 4787
44 110 5298
44 114 1107
44 119 2886
44 125 6078
44 126 4586
44 127 6412
44 130 5882
44 134 6022
44 135 4207
44 150 2521
44 151 9755
44 157 5651
44 159 7426
44 161 9465
44 162 9456
44 164 7279
44 167 8515
44 169 2045
44 171 2700
44 172 9545
44 179 3866
44 180 6230
44 190 1027
44 191 7021
44 206 9813
44 212 1397
44 214 5236
44 218 9305
45 46 7082
45 51 6345
45 55 8506
45 69 5697
45 70 1856
45 73 6078
45 74 2167
45 86 428
45 89 8321
45 93 4314
45 106 5047
45 110 9567
45 112 5687
45 113 4567
45 116 5953
45 123 5989
45 127 1487
45 130 2560
45 133 6190
45 139 3842
45 140 1414
45 141 2167
45 143 1182
45 149 3776
45 150 4998
45 151 4068
45 163 983
45 165 3566
45 168 8081
45 169 345
45 172 3692
45 188 6845
45 191 9062
45 192 7113
45 193 3751
45 199 6028
45 200 1481
45 201 4310
45 202 9329
45 208 6475
45 209 612
45 211 9726
45 212 5143
46 47 8003
46 49 8117
46 51 1608
46 55 6001
46 58 5593
46 59 1849
46 63 3340
46 64 9265
46 66 615
46 75 1641
46 77 1394
46 78 8148
46 82 8380
46 87 9123
46 88 6517
46 89 3651
46 91 6060
46 93 3665
46 96 7749
46 104 7099
46 107 3958
46 109 7840
46 111 1257
46 112 654
46 113 1151
46 120 9437
46 122 7979
46 123 505
46 125 4050
46 128 3906
46 133 7442
46 135 4796
46 137 7891
46 138 4791
46 142 3458
46 145 6776
46 152 3107
46 156 999
46 161 8430
46 162 5082
46 164 976
46 168 7980
46 171 7504
46 173 2787
46 174 1848
46 175 3351
46 180 8845
46 185 8369
46 188 6556
46 189 183
46 191 2133
46 197 4690
46 200 2325
46 206 8001
46 212 1107
46 215 1596
46 216 390
47 55 4152
47 56 846
47 73 8145
47 74 6004
47 88 4489
47 95 8967
47 100 161
47 101 6063
47 111 2437
47 113 420
47 116 5662
47 123 1127
47 124 1527
47 127 1309
47 139 9697
47 140 3164
47 144 1671
47 155 3023
47 156 8169
47 164 8236
47 165 739
47 166 7937
47 174 2648
47 177 9239
47 179 3435
47 181 8234
47 188 2775
47 192 8229
47 196 7383
47 197 3316
47 198 8617
47 204 6572
47 210 3081
47 218 5012
47 219 2342
48 50 9478
48 60 5561
48 62 4022
48 65 5142
48 66 6095
48 73 81
48 79 9442
48 86 3817
48 87 831
48 93 7299
48 97 6100
48 101 9619
48 102 5194
48 108 3763
48 122 5163
48 134 9690
48 136 7133
48 138 5742
48 141 4982
48 142 1883
48 149 9210
48 156 5782
48 157 2988
48 165 514
48 166 5829
48 168 7985
48 169 438
48 172 4519
48 178 1395
48 179 6523
48 190 5189
48 192 294
48 193 2520
48 194 5613
48 201 5942
48 202 1353
48 204 1291
48 211 2930
48 212 3155
48 214 5786
49 56 869
49 58 6571
49 59 3378
49 60 3890
49 61 9877
49 68 5012
49 72 3961
49 77 3667
49 78 6865
49 88 477
49 89 3862
49 94 2685
49 100 6395
49 104 7521
49 105 7643
49 106 6596
49 112 4310
49 115 9132
49 118 1988
49 124 500
49 126 284
49 134 2655
49 135 5740
49 138 1208
49 139 8579
49 143 725
49 145 2778
49 147 6874
49 148 9428
49 151 9269
49 153 3209
49 164 488
49 165 9863
49 167 3554
49 170 5654
49 171 6457
49 174 6486
49 175 622
49 178 4579
49 180 1380
49 188 500
49 199 9325
49 209 2604
49 214 9951
49 216 933
49 219 6409
50 51 9323
50 52 6104
50 57 6142
50 61 713
50 64 5384
50 65 7401
50 67 615
50 68 6784
50 74 1694
50 76 3429
50 84 6817
50 85 5910
50 86 8829
50 87 8117
50 89 3837
50 92 7344
50 100 9883
50 102 3655
50 103 3315
50 106 799
50 107 1068
50 117 1721
50 120 1061
50 124 6043
50 126 8044
50 130 2854
50 143 9795
50 146 8716
50 147 1945
50 149 5020
50 150 4962
50 151 9299
50 155 9492
50 156 7157
50 157 8252
50 160 9974
50 165 1973
50 166 3676
50 169 453
50 175 7238
50 178 531
50 179 7482
50 181 9956
50 186 5241
50 187 8105
50 189 3350
50 191 730
50 195 6602
50 201 6371
50 206 8656
50 207 4353
50 208 3212
50 215 5979
50 217 6112
50 219 834
51 52 2954
51 55 6689
51 59 7930
51 63 1284
51 65 6928
51 66 9361
51 67 2384
51 68 7956
51 83 4661
51 84 395
51 87 5005
51 88 3260
51 89 4570
51 96 2410
51 99 5788
51 100 5245
51 104 5498
51 105 6228
51 107 2364
51 113 6762
51 114 6557
51 115 5323
51 116 2078
51 130 3353
51 131 4829
51 138 5853
51 141 7219
51 143 9099
51 148 5357
51 151 9993
51 163 863
51 164 3949
51 165 2524
51 166 3124
51 171 7040
51 175 9803
51 180 6306
51 181 8277
51 189 8839
51 200 19
51 208 7271
51 210 9957
51 211 7814
51 217 7558
52 62 6183
52 64 9486
52 72 2628
52 87 3726
52 88 8762
52 89 9594
52 98 5625
52 100 9008
52 101 1885
52 102 5521
52 110 7576
52 114 374
52 115 852
52 120 7957
52 121 3442
52 122 2826
52 123 7354
52 124 1890
52 128 136
52 129 1862
52 138 5935
52 140 8486
52 141 1424
52 144 3564
52 150 678
52 153 7642
52 158 9875
52 159 1243
52 160 6698
52 161 7365
52 162 6212
52 163 1843
52 165 8715
52 166 9937
52 171 2337
52 172 4280
52 173 8765
52 174 9163
52 185 355
52 189 1699
52 190 5292
52 193 8778
52 194 8032
52 195 501
52 197 1126
52 205 6339
52 214 4866
53 61 1786
53 63 70
53 64 800
53 74 7225
53 77 1479
53 79 8340
53 81 1747
53 84 9635
53 85 992
53 89 9300
53 91 3450
53 94 9081
53 97 3116
53 104 5392
53 105 8216
53 108 1777
53 114 2739
53 130 7754
53 133 7224
53 138 7222
53 152 9680
53 154 8128
53 155 6316
53 157 9775
53 159 2071
53 163 9791
53 176 8078
53 180 6876
53 187 1700
53 191 8218
53 194 7383
53 195 830
53 196 5795
53 199 3676
53 202 7932
53 203 6966
53 207 2181
53 213 2889
54 55 3896
54 62 729
54 63 5129
54 66 964
54 67 8866
54 69 8761
54 74 4746
54 76 3869
54 77 1558
54 85 9200
54 87 4037
54 88 5148
54 94 4569
54 98 3672
54 101 5589
54 108 1364
54 112 8124
54 120 4829
54 124 9944
54 125 1976
54 126 1003
54 127 2288
54 129 1527
54 130 7811
54 137 2407
54 139 5402
54 150 2593
54 151 2315
54 154 174
54 160 551
54 161 6435
54 163 3219
54 164 5592
54 167 6296
54 169 3261
54 174 595
54 175 6228
54 180 3518
54 184 1467
54 185 3200
54 186 3985
54 197 7036
54 199 3766
54 205 5905
54 208 2534
54 209 5100
54 213 3477
54 215 6006
55 61 7967
55 71 260
55 81 8436
55 83 8887
55 85 5873
55 90 9629
55 94 2817
55 99 4481
55 106 3549
55 110 2766
55 112 7293
55 114 6653
55 129 6863
55 140 2597
55 143 2380
55 155 9414
55 159 6774
55 162 7048
55 163 6987
55 164 240
55 181 3723
55 183 1985
55 186 5853
55 190 2563
55 200 2216
55 201 2378
55 204 8192
55 208 8901
55 217 8764
55 218 1798
56 63 3418
56 65 9498
56 68 7822
56 71 2487
56 79 8730
56 80 3068
56 82 2790
56 85 5721
56 87 8776
56 90 3843
56 95 2735
56 99 7427
56 102 9431
56 104 9693
56 108 1455
56 110 7572
56 112 5423
56 116 8920
56 119 2922
56 121 5502
56 127 1468
56 129 9085
56 136 4974
56 139 9176
56 140 1937
56 143 4093
56 145 8501
56 151 2305
56 155 7698
56 160 7850
56 165 7818
56 166 5756
56 169 6762
56 177 6370
56 183 8201
56 187 6790
56 188 2767
56 193 1837
56 194 4813
56 200 5995
56 201 1622
56 203 7800
56 204 2365
56 206 5773
56 208 2285
56 209 5193
56 212 2177
57 59 527
57 65 2114
57 73 4102
57 74 9170
57 76 3212
57 77 7212
57 81 7237
57 86 2263
57 88 408
57 91 6175
57 94 183
57 95 6907
57 97 1893
57 100 1167
57 105 5229
57 106 1400
57 112 7366
57 120 265
57 128 258
57 129 5896
57 133 9823
57 142 5335
57 144 7059
57 145 5371
57 146 5900
57 147 9050
57 153 5058
57 154 39
57 155 3741
57 162 4901
57 166 7550
57 170 8796
57 171 2284
57 174 6519
57 178 25
57 179 5894
57 181 9754
57 183 1823
57 184 1292
57 185 4391
57 186 4481
57 192 9980
57 197 6474
57 199 4514
57 205 6749
57 208 528
58 60 6473
58 72 5417
58 82 918
58 87 5300
58 102 6318
58 111 7705
58 116 5869
58 124 7663
58 129 8945
58 134 595
58 137 9259
58 151 8661
58 153 2613
58 154 1887
58 158 190
58 159 8493
58 163 1049
58 166 3056
58 172 9275
58 175 3887
58 177 6418
58 180 4354
58 182 4511
58 183 9297
58 189 6321
58 190 2523
58 191 750
58 197 9368
58 199 2846
58 206 7260
58 210 8435
58 211 8908
58 213 1134
58 215 9236
59 60 3522
59 65 8495
59 68 3855
59 72 1151
59 74 1847
59 75 6749
59 83 2717
59 86 8628
59 91 9497
59 95 7907
59 96 7800
59 99 4744
59 101 8378
59 106 6523
59 107 3795
59 112 3778
59 114 1915
59 115 2345
59 121 8595
59 122 5044
59 125 5820
59 127 4054
59 130 6432
59 131 6659
59 137 6982
59 145 5682
59 147 4765
59 151 2595
59 155 3382
59 159 6641
59 163 1787
59 166 9725
59 168 6214
59 181 7945
59 187 7458
59 189 435
59 190 8774
59 194 3160
59 204 4493
59 209 6719
59 217 8501
60 65 5320
60 67 6422
60 70 2236
60 76 9519
60 80 9304
60 88 1419
60 90 3068
60 92 3496
60 100 4260
60 102 8744
60 104 7522
60 106 992
60 108 2892
60 110 7589
60 111 891
60 117 1883
60 120 2104
60 127 6907
60 130 2230
60 139 4919
60 141 5094
60 147 8239
60 148 9733
60 154 9088
60 164 2290
60 166 2650
60 171 6555
60 173 1078
60 174 3161
60 175 9931
60 178 4676
60 185 9601
60 186 1063
60 187 8560
60 192 5571
60 200 9374
60 203 8495
60 204 1420
60 210 2484
60 212 2903
60 218 5228
60 219 8346
61 65 9537
61 77 7534
61 78 9520
61 84 6830
61 86 9842
61 87 9469
61 94 7760
61 96 2249
61 99 3736
61 102 4292
61 113 7895
61 116 56
61 128 2782
61 134 9417
61 137 3476
61 143 5186
61 145 7069
61 146 1667
61 150 857
61 157 7067
61 158 7567
61 160 7153
61 161 7540
61 163 1272
61 166 4819
61 170 1723
61 171 7111
61 180 8976
61 190 2800
61 192 854
61 193 8049
61 200 8163
61 202 9383
61 206 2718
61 208 2860
61 211 65
61 213 5306
61 218 8627
61 219 1273
62 63 3784
62 66 477
62 68 3473
62 72 2890
62 75 7242
62 81 1310
62 82 5940
62 86 8266
62 88 1986
62 94 7266
62 96 6874
62 99 5865
62 106 7314
62 108 8124
62 110 3684
62 116 7066
62 123 6550
62 139 9669
62 141 2872
62 142 615
62 144 6372
62 145 8401
62 148 6634
62 153 4868
62 154 8332
62 168 3203
62 171 2692
62 173 5756
62 188 3242
62 195 788
62 203 5682
62 207 5754
62 215 6441
62 217 9952
62 219 9910
63 64 6925
63 69 7198
63 72 8527
63 76 9970
63 77 5021
63 78 2261
63 88 3956
63 89 3616
63 95 606
63 97 3144
63 98 3227
63 100 5115
63 101 8722
63 106 3476
63 110 6030
63 111 76
63 118 2731
63 121 2723
63 124 2067
63 126 1237
63 129 3240
63 140 2679
63 144 7382
63 147 8783
63 149 7472
63 154 63
63 155 3363
63 160 4736
63 162 7194
63 164 2323
63 168 6178
63 174 8105
63 181 4615
63 184 1088
63 199 1323
63 201 3368
63 205 5703
63 210 206
63 213 6793
63 218 323
64 66 4543
64 69 8844
64 71 1673
64 73 3087
64 78 7935
64 80 1760
64 86 7628
64 88 8291
64 89 7319
64 92 3985
64 95 1770
64 98 7971
64 106 6825
64 107 4425
64 110 2532
64 117 4518
64 123 5354
64 126 6924
64 127 3722
64 130 5673
64 132 1146
64 135 1476
64 136 8234
64 142 7468
64 146 7195
64 147 9715
64 149 4226
64 151 7791
64 155 4795
64 159 4874
64 164 9793
64 168 8599
64 170 7288
64 176 9669
64 185 7178
64 191 6110
64 194 9886
64 196 4466
64 202 7549
64 214 5316
64 218 4877
65 73 5481
65 76 2116
65 82 3329
65 90 9635
65 93 67
65 94 8473
65 98 2986
65 99 7419
65 100 4603
65 102 5370
65 104 5586
65 105 4971
65 110 5136
65 115 7783
65 121 6642
65 122 8972
65 124 4075
65 128 2762
65 135 9771
65 144 8867
65 149 5574
65 153 6837
65 156 8116
65 160 4094
65 162 6256
65 166 5813
65 167 6010
65 168 7315
65 174 8991
65 177 6113
65 186 6147
65 218 4960
66 67 1505
66 70 8489
66 73 5027
66 75 6407
66 86 5476
66 88 63
66 92 1629
66 93 7087
66 96 5016
66 106 401
66 108 9378
66 111 7092
66 112 9796
66 113 38
66 118 3576
66 123 195
66 128 459
66 130 7773
66 135 2455
66 137 823
66 143 3326
66 146 2456
66 153 7236
66 155 4610
66 157 3701
66 161 4789
66 166 2454
66 167 6019
66 177 3505
66 179 4541
66 181 7379
66 183 3813
66 184 944
66 185 5696
66 186 7083
66 192 3200
66 194 1880
66 210 9928
66 216 9609
66 218 7126
67 71 8460
67 75 1577
67 77 4434
67 80 5137
67 83 9494
67 89 848
67 94 7150
67 95 3603
67 98 4259
67 99 2825
67 105 8056
67 107 9680
67 111 8898
67 112 726
67 116 2482
67 118 435
67 123 3376
67 125 6219
67 126 2418
67 129 603
67 130 4342
67 132 9086
67 140 7900
67 155 7990
67 179 4849
67 180 8269
67 183 4790
67 184 5519
67 187 2167
67 188 6901
67 205 372
67 207 5171
67 208 2110
67 209 7991
67 211 2523
67 213 589
67 216 4759
68 71 5230
68 72 938
68 77 6230
68 79 5743
68 81 6640
68 86 3803
68 91 7773
68 95 8927
68 96 9419
68 101 2139
68 112 6881
68 114 3154
68 119 1019
68 125 8309
68 127 9182
68 132 3035
68 148 5851
68 149 1201
68 161 5400
68 166 3773
68 176 8377
68 179 4008
68 183 3622
68 185 5716
68 193 5284
68 200 7682
68 212 1567
68 213 1835
68 214 9441
68 215 817
68 218 1196
69 70 6982
69 74 9572
69 75 1628
69 80 5701
69 82 2819
69 83 6903
69 91 9868
69 92 1888
69 95 4650
69 96 7830
69 97 7643
69 99 2731
69 104 3819
69 107 2121
69 110 7628
69 112 7844
69 113 4301
69 140 4252
69 142 4946
69 145 5183
69 155 6092
69 161 9660
69 165 4468
69 168 5061
69 171 5289
69 175 1952
69 178 5666
69 183 3589
69 188 1660
69 190 9129
69 196 6627
69 201 8209
69 203 2489
69 204 1504
69 206 1456
69 207 4013
69 208 2474
69 209 4693
69 211 7063
69 213 8570
69 214 6318
69 216 2236
70 74 393
70 75 3309
70 76 198
70 80 6938
70 87 5420
70 89 7631
70 94 5200
70 96 3388
70 100 9882
70 106 4628
70 110 8046
70 114 8393
70 119 6988
70 129 7721
70 131 1062
70 146 9628
70 160 8758
70 161 5676
70 163 7286
70 164 9008
70 165 8020
70 166 2233
70 175 3896
70 180 4497
70 183 7509
70 185 1998
70 186 1138
70 195 7473
70 198 9936
70 206 1056
70 209 4462
70 214 7617
70 217 9004
70 219 5980
71 86 2496
71 95 737
71 96 493
71 99 9072
71 100 2090
71 102 9720
71 118 3496
71 119 3977
71 122 870
71 125 1203
71 132 8980
71 138 71
71 147 8444
71 149 2056
71 150 9355
71 159 9346
71 173 240
71 174 4813
71 178 518
71 185 6067
71 186 8552
71 190 7755
71 193 982
71 194 3979
71 199 1071
71 204 3273
71 208 2175
71 209 1990
71 211 9437
71 213 2625
71 214 4319
71 215 1262
72 74 1928
72 77 5198
72 78 1144
72 80 5077
72 83 9777
72 90 9288
72 94 1481
72 96 4562
72 108 9460
72 111 8565
72 119 7810
72 120 6472
72 122 4231
72 123 8071
72 128 4772
72 129 5889
72 133 7843
72 136 3082
72 141 7967
72 143 807
72 144 4937
72 146 451
72 169 5019
72 172 1429
72 174 9560
72 177 8962
72 188 2889
72 190 360
72 191 3905
72 196 2499
72 209 1696
72 210 9234
72 213 2260
72 215 5359
72 218 7201
73 81 1703
73 89 2382
73 92 9148
73 107 3487
73 111 6661
73 112 2014
73 122 1555
73 123 2874
73 127 6815
73 129 2755
73 140 1
73 144 4701
73 150 4587
73 152 8717
73 157 8681
73 160 2906
73 163 9375
73 166 6615
73 170 662
73 176 2570
73 188 3064
73 189 9126
73 190 909
73 198 4381
73 200 1803
73 201 9637
73 203 2945
73 214 1911
74 77 3005
74 81 6231
74 87 8814
74 92 9049
74 104 9660
74 107 1811
74 111 7675
74 116 4654
74 117 1794
74 132 1621
74 134 9014
74 136 2910
74 137 1453
74 139 5728
74 140 8391
74 142 7445
74 143 935
74 150 8333
74 152 6255
74 154 6171
74 157 3231
74 160 4643
74 164 927
74 169 7388
74 173 5309
74 175 1549
74 179 6430
74 181 9378
74 190 4328
74 192 9890
74 193 7547
74 194 6638
74 200 3446
74 202 3764
74 204 9286
74 205 5376
74 208 9180
74 209 4113
74 213 672
74 217 8476
74 218 2818
75 82 6661
75 85 6648
75 94 8690
75 96 7943
75 97 3312
75 99 663
75 101 9827
75 103 3380
75 105 7069
75 106 2826
75 107 8558
75 116 346
75 119 1005
75 124 9454
75 130 9718
75 131 9525
75 145 3171
75 148 9960
75 151 7254
75 152 9827
75 154 6065
75 157 4700
75 161 8212
75 167 3790
75 169 1928
75 176 1771
75 180 8905
75 186 9215
75 188 6141
75 193 4418
75 194 5928
75 195 5283
75 196 7784
75 200 8367
75 205 8777
75 207 5614
75 212 3828
75 216 9282
75 218 8240
76 77 7262
76 78 9514
76 94 8125
76 98 2513
76 104 2243
76 105 6795
76 114 1534
76 121 4566
76 137 2381
76 149 6340
76 151 4162
76 152 2941
76 153 5929
76 157 1068
76 159 9431
76 161 311
76 169 2975
76 174 6477
76 177 6821
76 183 4120
76 184 7631
76 185 269
76 186 5283
76 191 5853
76 192 73
76 194 3262
76 197 1028
76 198 1075
76 209 2159
76 211 4956
76 215 1178
77 85 4497
77 86 2925
77 87 3228
77 111 3577
77 113 6375
77 115 5960
77 116 5075
77 117 9162
77 122 5294
77 124 1215
77 125 3413
77 130 3462
77 132 2135
77 134 7093
77 145 705
77 151 7444
77 153 9226
77 161 2325
77 162 2743
77 165 8505
77 168 7515
77 173 8074
77 187 5279
77 190 9459
77 191 191
77 192 4665
77 193 5417
77 197 3779
77 198 7750
77 201 5194
77 203 2515
77 204 4314
77 206 7148
77 207 9415
77 209 5809
77 217 4889
78 80 5539
78 82 7589
78 85 4699
78 86 2237
78 98 6543
78 103 1156
78 117 697
78 125 5284
78 128 339
78 136 1058
78 143 3643
78 145 9522
78 148 9097
78 151 1485
78 153 9066
78 154 1725
78 163 5297
78 168 1671
78 176 9314
78 180 5125
78 181 5535
78 182 4990
78 190 9311
78 195 6998
78 201 3864
78 205 3620
78 208 9569
78 212 528
78 215 3553
78 219 631
79 80 4607
79 82 8099
79 85 6676
79 89 6749
79 96 8534
79 98 8385
79 106 3804
79 109 654
79 111 6044
79 114 5224
79 117 3881
79 121 1880
79 129 2143
79 140 8284
79 144 8451
79 147 1961
79 157 6408
79 160 110
79 169 7550
79 173 1170
79 175 3175
79 180 7825
79 190 8097
79 197 4169
79 199 3340
79 203 3125
79 210 6540
79 212 5745
79 216 6862
80 81 4559
80 87 4503
80 88 7153
80 98 7372
80 101 8585
80 109 4840
80 118 4416
80 124 5757
80 125 9215
80 127 484
80 128 5336
80 133 7896
80 134 8341
80 136 7949
80 139 2430
80 140 8424
80 141 9493
80 142 4258
80 146 7090
80 150 8417
80 152 7281
80 154 8740
80 156 3122
80 157 9453
80 158 6495
80 164 2852
80 165 6094
80 167 8439
80 169 760
80 170 7162
80 174 9007
80 183 4543
80 186 5301
80 205 9539
80 207 7442
80 209 9398
80 213 1727
80 217 8654
80 219 1795
81 83 5421
81 84 9339
81 92 9218
81 94 5962
81 98 6579
81 99 9054
81 100 490
81 102 2960
81 104 5805
81 106 2146
81 109 1250
81 110 9342
81 113 5891
81 118 191
81 120 2211
81 123 3078
81 124 404
81 125 9446
81 129 8892
81 130 9450
81 143 4818
81 145 8840
81 146 3586
81 150 9327
81 155 8376
81 158 5298
81 159 9818
81 160 2780
81 161 3193
81 166 9709
81 167 9933
81 168 3680
81 170 2940
81 179 5937
81 180 5236
81 190 499
81 196 1001
81 215 4597
81 218 1305
82 86 5882
82 91 8406
82 93 3711
82 99 7909
82 104 3370
82 106 7907
82 108 1627
82 110 9217
82 114 1446
82 119 9521
82 121 2142
82 126 216
82 130 7859
82 139 9058
82 142 7642
82 145 4703
82 147 1012
82 150 3762
82 151 4828
82 157 8539
82 159 9144
82 160 7226
82 162 5075
82 170 4592
82 175 3549
82 178 7301
82 183 1248
82 186 208
82 191 4649
82 206 8432
82 210 1696
82 219 6291
83 84 4797
83 87 6863
83 89 4329
83 94 901
83 101 969
83 102 8418
83 106 3331
83 109 8382
83 112 475
83 119 7047
83 121 1422
83 127 6230
83 138 7697
83 151 6226
83 163 5283
83 171 453
83 179 1957
83 181 2204
83 182 694
83 188 2931
83 191 6275
83 193 3257
83 200 572
83 204 6920
83 209 710
83 212 8367
83 213 5043
83 217 6749
83 218 2446
83 219 6742
84 85 6220
84 86 9647
84 88 5380
84 92 5623
84 99 5697
84 100 3106
84 102 1447
84 108 9613
84 122 3617
84 127 5571
84 130 2944
84 132 2632
84 136 1708
84 137 4472
84 139 1095
84 143 9535
84 146 6414
84 151 2088
84 153 9210
84 154 9418
84 160 6762
84 162 5590
84 165 2032
84 173 6758
84 174 907
84 183 8225
84 184 3266
84 200 6031
84 206 2838
84 209 5549
84 215 8824
84 216 7913
85 93 2296
85 96 700
85 97 9660
85 100 7467
85 101 7007
85 104 2024
85 107 8957
85 109 719
85 113 5204
85 117 7926
85 119 5327
85 123 9120
85 124 6097
85 132 7027
85 133 5719
85 138 4358
85 140 1189
85 143 6159
85 150 709
85 154 882
85 164 8248
85 167 4013
85 177 3921
85 178 3308
85 184 5752
85 186 9720
85 189 7440
85 190 6698
85 198 1349
85 200 4158
85 204 9642
85 205 8677
85 207 6049
85 211 3944
85 218 7984
86 87 8891
86 92 2421
86 93 6321
86 95 2651
86 98 3846
86 103 925
86 105 939
86 110 6213
86 126 6354
86 127 7956
86 129 889
86 132 9496
86 133 1171
86 135 8591
86 136 9960
86 139 8371
86 148 2568
86 150 6790
86 152 5495
86 162 5179
86 166 7993
86 171 8403
86 174 1692
86 177 3573
86 178 2614
86 191 1449
86 192 5060
86 194 7255
86 195 8996
86 198 8217
86 200 8539
86 203 3800
86 205 4680
86 209 953
86 218 4377
87 93 9503
87 99 3803
87 100 4851
87 101 327
87 104 8823
87 105 436
87 114 7069
87 118 6009
87 120 7813
87 121 4983
87 122 6643
87 132 1180
87 137 8535
87 138 9230
87 141 6300
87 147 4736
87 151 5871
87 152 7901
87 154 6333
87 161 4159
87 167 114
87 172 6067
87 176 3015
87 179 2911
87 182 1613
87 187 3793
87 194 768
87 195 7884
87 197 9415
87 200 3004
87 208 5731
87 209 756
87 212 7886
87 216 8974
87 219 4280
88 92 1391
88 93 7908
88 95 6482
88 99 1167
88 101 4387
88 108 3341
88 113 2009
88 116 9717
88 118 4060
88 119 5166
88 120 3198
88 121 7270
88 125 6074
88 127 9930
88 136 8500
88 140 2150
88 145 8336
88 146 8008
88 149 628
88 150 1366
88 154 5842
88 155 1178
88 157 5626
88 159 8500
88 161 9668
88 170 8474
88 173 7547
88 174 6631
88 191 4704
88 194 5078
88 199 8788
88 202 7627
88 206 6803
88 207 7605
89 94 5902
89 95 537
89 99 9718
89 101 2557
89 102 2755
89 103 3344
89 105 9705
89 108 6427
89 110 5280
89 114 5505
89 115 717
89 117 9021
89 129 7941
89 137 5161
89 142 4139
89 153 805
89 154 9293
89 158 9394
89 160 9789
89 165 6077
89 170 3430
89 175 7096
89 177 3163
89 179 465
89 187 3084
89 188 3572
89 199 1853
89 202 247
89 203 9043
89 206 3166
89 213 9723
90 94 9071
90 95 9409
90 96 5019
90 108 4210
90 120 59
90 127 9023
90 128 5365
90 130 9532
90 131 7845
90 139 1153
90 152 8692
90 154 1826
90 159 2847
90 161 7208
90 162 4526
90 171 8111
90 173 2934
90 177 6162
90 179 865
90 182 5907
90 188 6693
90 197 1557
90 199 2786
90 217 9388
90 218 3994
91 93 4543
91 95 9774
91 97 191
91 101 7407
91 102 2007
91 108 9383
91 112 350
91 130 3358
91 141 4878
91 143 9300
91 144 5063
91 157 2622
91 167 1827
91 173 5542
91 183 7928
91 185 8479
91 189 9019
91 190 3000
91 194 660
91 199 6414
91 201 885
91 208 4879
91 211 1349
91 213 3282
91 214 4151
91 215 1102
91 216 137
92 94 3111
92 96 1874
92 103 4947
92 109 843
92 116 5496
92 117 1701
92 118 7083
92 125 2141
92 127 2044
92 129 8241
92 132 6806
92 137 9083
92 139 122
92 141 6444
92 142 7305
92 145 9877
92 147 3404
92 148 2904
92 149 8151
92 153 716
92 159 4079
92 160 623
92 163 8192
92 164 7495
92 165 7118
92 169 3754
92 170 9807
92 179 9422
92 181 2310
92 182 9032
92 185 8255
92 187 14
92 188 9707
92 192 5858
92 194 4168
92 195 1552
92 200 7914
92 208 6308
92 209 4196
92 210 5839
92 212 2994
92 213 9836
92 218 3480
93 98 307
93 102 9768
93 103 9442
93 105 2604
93 106 8807
93 109 8688
93 110 9879
93 116 4754
93 120 6874
93 124 3491
93 128 1524
93 129 273
93 132 5804
93 136 6041
93 144 8887
93 147 2129
93 149 1083
93 152 8829
93 154 2325
93 165 6764
93 166 6907
93 170 4366
93 171 6922
93 189 3284
93 192 1623
93 195 1259
93 196 3527
93 198 6313
93 199 9097
93 201 5895
93 207 1483
93 211 3281
93 212 8087
93 218 5680
93 219 10
94 95 1206
94 99 3656
94 103 4109
94 105 2517
94 115 3072
94 116 2845
94 131 6635
94 132 9754
94 134 5733
94 135 4835
94 136 7807
94 137 6528
94 138 326
94 144 5071
94 146 5064
94 148 9636
94 155 8894
94 158 1456
94 165 679
94 166 5297
94 167 5353
94 169 6884
94 170 2188
94 171 1232
94 172 800
94 173 1081
94 174 963
94 175 6443
94 179 2986
94 182 8813
94 183 3450
94 184 5630
94 187 4562
94 188 6161
94 190 7412
94 191 1697
94 194 5519
94 202 1984
94 204 7334
94 217 4554
95 100 164
95 106 6693
95 111 7813
95 116 1321
95 118 8367
95 120 645
95 121 5294
95 123 3716
95 137 3024
95 149 2169
95 154 4589
95 161 3332
95 163 5199
95 164 521
95 167 9964
95 170 7186
95 176 9407
95 179 7969
95 180 693
95 181 4362
95 182 3251
95 186 6433
95 187 2156
95 188 9851
95 193 908
95 194 6923
95 197 238
95 208 3141
95 215 9651
95 217 5001
95 218 8120
96 100 5914
96 105 9204
96 106 416
96 107 1484
96 109 9985
96 116 1209
96 118 5976
96 120 4607
96 122 6673
96 125 258
96 126 9289
96 130 3584
96 134 9583
96 138 984
96 143 4844
96 156 3589
96 161 8678
96 168 414
96 172 847
96 173 1448
96 174 8732
96 177 7139
96 181 264
96 183 4177
96 192 7169
96 202 4891
96 208 5017
96 209 451
96 211 674
96 214 5422
97 104 8468
97 106 4652
97 111 5301
97 112 1856
97 118 6153
97 129 8953
97 132 9031
97 136 9872
97 152 3343
97 155 3297
97 158 1278
97 164 4383
97 171 7205
97 180 1459
97 183 157
97 184 2230
97 192 2006
97 193 9958
97 201 6365
97 207 9300
97 217 3805
98 99 8559
98 100 2591
98 110 4744
98 117 3500
98 126 6966
98 129 2462
98 130 9957
98 133 3803
98 136 7310
98 137 2580
98 139 8590
98 141 6321
98 142 9142
98 144 4425
98 148 4428
98 155 9319
98 156 9911
98 157 2215
98 158 9412
98 165 4724
98 166 4188
98 172 9403
98 175 2115
98 178 7054
98 179 7089
98 185 3147
98 186 7976
98 187 6474
98 190 1535
98 194 7261
98 198 4344
98 199 7588
98 201 9777
98 204 6593
98 205 9488
98 211 6109
98 213 6422
98 218 4549
99 100 4040
99 102 827
99 107 6073
99 108 3471
99 110 3147
99 111 4685
99 113 6284
99 115 9061
99 118 4789
99 126 860
99 139 184
99 148 9032
99 151 9876
99 153 9705
99 176 4650
99 177 6296
99 179 68
99 183 9515
99 184 5739
99 185 2487
99 193 1201
99 195 9839
99 201 4810
99 204 5884
99 207 7150
99 208 4094
99 210 6175
99 216 9604
99 217 3917
100 105 6322
100 106 1
100 108 150
100 111 995
100 112 4305
100 114 9862
100 117 565
100 118 5274
100 119 5772
100 121 9127
100 125 872
100 126 1351
100 130 7161
100 138 3863
100 139 238
100 140 3045
100 145 9414
100 147 9754
100 153 4971
100 156 7935
100 175 8319
100 182 5596
100 193 7752
100 204 6493
100 211 1626
101 103 5341
101 108 3670
101 109 3689
101 121 2822
101 123 4383
101 124 8604
101 128 9252
101 134 980
101 137 5707
101 144 1354
101 149 2252
101 154 1827
101 155 6974
101 158 5622
101 165 1318
101 176 440
101 179 2990
101 185 1434
101 186 342
101 188 1046
101 193 3644
101 195 6912
101 201 1859
101 202 7731
101 213 338
101 217 3645
101 218 3953
101 219 7261
102 107 6949
102 119 1862
102 129 1089
102 134 873
102 137 5276
102 141 5798
102 149 5449
102 151 4360
102 155 5485
102 157 7026
102 159 564
102 167 473
102 169 6773
102 174 1050
102 178 3625
102 179 6441
102 183 3915
102 184 5059
102 192 8673
102 194 2094
102 197 1803
102 202 3349
102 209 346
102 210 3395
102 215 5062
102 216 9855
103 108 3982
103 119 1138
103 120 2598
103 127 5539
103 131 3010
103 137 6516
103 140 5296
103 143 2838
103 145 9502
103 153 7624
103 155 2803
103 157 7814
103 159 2565
103 160 2770
103 163 3714
103 164 8891
103 169 538
103 170 4113
103 174 1218
103 177 9401
103 179 8863
103 184 5635
103 185 6367
103 189 4912
103 190 9103
103 191 7235
103 195 2747
103 201 8129
103 205 234
103 215 2346
103 216 6968
103 219 7249
104 111 7144
104 128 2381
104 129 47
104 131 1336
104 136 400
104 139 4487
104 141 8031
104 153 237
104 155 6875
104 161 5667
104 167 522
104 170 4180
104 181 844
104 182 3110
104 188 6466
104 189 2225
104 190 9289
104 193 860
104 196 4417
104 199 9046
104 205 2815
104 208 5998
104 214 6519
105 107 1888
105 109 8521
105 111 7795
105 112 5939
105 114 1347
105 115 6356
105 123 3582
105 129 5402
105 138 3790
105 147 2282
105 152 5273
105 154 928
105 168 9622
105 174 9595
105 181 7626
105 183 2584
105 185 5800
105 187 9597
105 188 5719
105 191 3022
105 192 9593
105 194 5914
105 213 3579
105 216 5570
106 113 9846
106 115 1197
106 116 5473
106 123 421
106 126 8232
106 133 6767
106 141 2013
106 144 8966
106 146 3744
106 151 8639
106 152 9441
106 154 4685
106 155 6747
106 156 596
106 167 3639
106 169 3860
106 172 9102
106 175 7556
106 177 6788
106 179 1683
106 181 8323
106 187 7722
106 192 8673
106 195 9343
106 196 4730
106 208 3049
106 209 3410
106 211 7391
106 212 548
107 114 8875
107 117 5652
107 119 8233
107 122 620
107 123 5600
107 129 2549
107 132 5007
107 133 1562
107 142 5972
107 148 9452
107 151 9039
107 153 5010
107 157 1020
107 159 6452
107 166 1059
107 169 4883
107 171 4696
107 172 8744
107 174 4793
107 176 1733
107 181 7262
107 183 8433
107 189 4822
107 193 6907
107 194 657
107 195 2663
107 197 6127
107 199 6946
107 201 8442
107 204 9977
107 210 207
107 211 791
108 113 8693
108 116 5389
108 117 5409
108 119 9890
108 120 250
108 125 4628
108 129 9389
108 132 8000
108 137 978
108 145 4726
108 147 70
108 148 3083
108 153 4775
108 159 8362
108 161 1312
108 163 9831
108 169 4028
108 171 1323
108 178 4977
108 179 8282
108 184 5919
108 188 6373
108 189 8723
108 191 953
108 192 7934
108 194 5799
108 196 1016
108 201 7213
108 203 8175
108 210 4664
108 213 3795
108 217 2383
108 219 3688
109 111 2255
109 117 2006
109 122 561
109 127 1147
109 143 6623
109 148 8826
109 158 8836
109 165 2154
109 172 2295
109 173 4790
109 180 1341
109 183 1764
109 185 4547
109 186 4980
109 187 7229
109 189 359
109 193 9609
109 194 6956
109 208 2073
109 218 1036
110 114 2491
110 115 9258
110 121 7931
110 124 9650
110 126 4221
110 131 2153
110 136 2215
110 144 8750
110 146 6790
110 162 6435
110 164 9254
110 165 9439
110 168 411
110 169 1858
110 170 9663
110 175 2197
110 176 6014
110 182 2375
110 188 856
110 195 2366
110 201 6257
110 204 4888
110 205 4978
110 210 7833
110 212 8901
111 116 5328
111 118 2473
111 119 7250
111 126 2353
111 139 7621
111 140 8530
111 150 9105
111 155 4272
111 157 6660
111 159 4440
111 161 5934
111 162 8414
111 165 777
111 168 1770
111 170 5428
111 179 2158
111 181 8575
111 190 3136
111 191 4743
111 192 6673
111 193 3509
111 198 5350
111 214 6851
111 218 8002
112 117 5
112 119 8741
112 125 3052
112 137 3429
112 138 7968
112 144 5035
112 145 7622
112 149 6629
112 150 8421
112 151 2937
112 153 7296
112 158 8974
112 159 8106
112 163 3332
112 165 6184
112 166 7352
112 172 5339
112 173 5616
112 174 231
112 190 2863
112 198 1922
112 200 8030
112 202 1054
112 203 5341
112 206 5693
112 214 9011
113 114 8414
113 116 2061
113 118 4248
113 119 6346
113 123 5616
113 125 4218
113 130 7702
113 131 1503
113 132 8654
113 134 1337
113 135 5993
113 142 7072
113 144 3055
113 145 1221
113 146 6592
113 148 6280
113 159 5393
113 161 8582
113 163 6665
113 174 7577
113 179 8016
113 183 1531
113 189 9532
113 190 5623
113 192 1753
113 200 3560
113 207 9652
113 213 2132
113 214 3039
113 219 3784
114 117 5740
114 119 4519
114 121 9014
114 122 6174
114 133 7651
114 134 3606
114 135 9797
114 136 6922
114 140 29
114 156 6323
114 157 7713
114 163 8371
114 164 4955
114 166 8251
114 172 9466
114 175 3019
114 176 9394
114 181 8401
114 188 4346
114 193 1050
114 194 6954
114 196 8254
114 197 825
114 206 5770
114 210 6019
114 212 9105
114 218 4159
115 120 9719
115 121 576
115 122 4255
115 125 1842
115 126 5042
115 131 8751
115 133 4347
115 136 9610
115 139 1470
115 156 716
115 159 8620
115 160 5821
115 162 3845
115 166 6428
115 167 9690
115 168 2883
115 172 3937
115 173 5497
115 175 1623
115 181 4897
115 184 9895
115 185 6923
115 190 5139
115 198 2903
115 200 4675
115 202 6684
115 210 3136
115 214 9614
115 215 8120
116 117 9678
116 121 867
116 127 4441
116 129 1926
116 133 2067
116 134 7459
116 138 6734
116 141 9404
116 143 6642
116 146 5503
116 148 6496
116 159 6701
116 160 4167
116 167 6493
116 170 2377
116 174 2191
116 176 8095
116 178 7790
116 185 7424
116 188 4801
116 191 3727
116 204 1047
116 207 8846
117 129 1151
117 134 19
117 139 2331
117 149 8666
117 151 6968
117 161 4230
117 167 5770
117 168 4109
117 179 7564
117 181 6633
117 187 7234
117 190 9256
117 191 7479
117 192 9582
117 203 5156
117 215 3633
117 216 5400
118 120 2948
118 125 5115
118 128 8115
118 133 9072
118 140 1782
118 143 5988
118 158 426
118 159 2621
118 164 1432
118 169 4929
118 171 4660
118 175 8095
118 182 5967
118 191 9099
118 193 7985
118 204 9958
118 210 338
118 214 6662
118 215 2841
119 128 8055
119 130 9903
119 131 6552
119 135 1822
119 137 3127
119 142 1878
119 143 8830
119 151 701
119 158 5871
119 166 3904
119 167 3951
119 170 5938
119 181 7024
119 185 1192
119 190 4099
119 192 8407
119 197 2366
119 200 9866
119 207 4973
119 219 3189
120 127 6019
120 136 5789
120 142 7978
120 150 2849
120 151 9957
120 154 8714
120 156 9387
120 160 6325
120 164 5594
120 166 9626
120 170 6351
120 172 7385
120 175 123
120 190 7927
120 192 5963
120 196 3923
120 198 2072
120 203 6925
120 213 7013
120 215 6891
121 130 7032
121 132 704
121 133 3165
121 134 9675
121 136 352
121 140 9934
121 142 7013
121 144 9152
121 147 1054
121 155 8392
121 156 1659
121 158 2557
121 159 3614
121 162 5551
121 164 9787
121 165 2956
121 169 6022
121 172 2487
121 176 7
121 181 3656
121 184 7959
121 185 5712
121 187 383
121 188 9978
121 195 199
121 197 4896
121 205 7405
121 207 4912
122 133 270
122 135 4734
122 138 9841
122 139 402
122 142 8889
122 162 5777
122 164 113
122 167 7370
122 168 2487
122 173 6117
122 181 2619
122 195 528
122 200 4331
122 201 6578
122 203 8137
122 205 8360
122 207 9750
122 212 410
122 219 6072
123 125 6804
123 126 827
123 127 5392
123 132 7354
123 137 426
123 150 4306
123 156 4549
123 161 7533
123 171 2936
123 174 7356
123 179 3720
123 188 8515
123 197 4607
123 201 8466
123 203 7500
123 204 1648
123 205 6911
123 213 9726
123 214 9484
123 215 7103
123 219 6873
124 135 8262
124 136 9321
124 139 3810
124 142 1061
124 150 7653
124 155 3930
124 157 1919
124 162 3338
124 165 5330
124 166 8974
124 170 9749
124 182 6615
124 184 7824
124 187 556
124 189 955
124 190 2069
124 191 1845
124 192 444
124 193 4986
124 195 5136
124 201 3770
124 202 3058
124 205 4298
124 206 4785
124 209 3398
124 211 2927
124 212 9147
124 215 2288
124 217 57
124 218 5475
125 136 2851
125 137 4428
125 138 3006
125 141 5668
125 146 6461
125 147 767
125 152 824
125 153 8042
125 154 5214
125 158 4123
125 161 6101
125 168 9935
125 174 1042
125 181 9268
125 184 9476
125 192 6451
125 202 760
125 206 8367
125 208 5559
125 210 6251
125 212 397
125 216 1810
125 217 7989
125 219 1531
126 131 1782
126 133 104
126 135 8503
126 138 4473
126 140 7847
126 142 862
126 150 7594
126 151 8897
126 154 7771
126 157 6874
126 158 9068
126 166 5580
126 171 4631
126 172 4911
126 173 4186
126 178 1432
126 183 8627
126 186 8715
126 187 6332
126 190 8140
126 194 5677
126 203 4552
126 206 7896
126 207 902
126 208 1394
126 209 3148
126 213 9033
126 215 5747
126 216 3830
127 134 6549
127 142 6734
127 145 1426
127 146 1184
127 148 7380
127 151 1450
127 156 6175
127 161 678
127 162 9270
127 177 976
127 178 4903
127 179 3690
127 187 3936
127 188 9087
127 190 7207
127 192 1134
127 196 5625
127 198 4545
127 201 9753
127 208 9946
127 210 7839
127 217 899
128 137 2711
128 143 9271
128 151 1446
128 152 2703
128 153 3568
128 155 9284
128 160 9308
128 166 5537
128 167 9357
128 170 5062
128 173 8985
128 176 5700
128 177 9908
128 185 5610
128 188 6637
128 191 2755
128 198 9519
128 200 8379
128 207 6427
128 210 509
128 211 5092
128 214 8641
129 131 108
129 142 9588
129 146 8294
129 152 1478
129 153 3083
129 154 8764
129 155 3292
129 156 9591
129 163 3741
129 164 3222
129 171 6821
129 173 492
129 175 2666
129 176 8153
129 179 8999
129 190 933
129 196 6943
129 198 1057
129 201 6328
129 205 6499
129 209 1463
129 212 4007
129 214 3033
129 215 4293
129 216 3577
129 219 1668
130 131 3784
130 136 3024
130 137 9714
130 138 7860
130 143 6909
130 145 6362
130 147 8316
130 148 6079
130 152 774
130 153 5712
130 159 6338
130 160 9036
130 164 5234
130 167 605
130 169 1244
130 170 2647
130 171 218
130 172 9083
130 178 8883
130 179 2011
130 194 3357
130 195 9558
130 197 9954
130 200 6404
130 203 1916
130 214 7728
131 134 3298
131 139 1926
131 140 6014
131 160 8212
131 165 3295
131 167 589
131 177 4158
131 183 1570
131 184 6518
131 185 1617
131 188 5960
131 198 599
131 199 7373
131 201 9191
131 205 6405
131 209 4428
131 214 821
131 215 6373
132 136 1800
132 143 170
132 144 40
132 146 8490
132 148 2337
132 154 2977
132 155 4800
132 158 6859
132 159 2102
132 163 6126
132 165 2258
132 167 6823
132 170 9566
132 171 7886
132 175 5373
132 177 2085
132 179 6869
132 183 5328
132 184 1010
132 187 756
132 188 4799
132 189 4227
132 190 3583
132 191 1926
132 192 5822
132 195 1209
132 196 1936
132 199 6152
132 200 5070
132 203 3534
132 205 1339
133 138 6224
133 141 3964
133 149 2029
133 150 3317
133 153 7297
133 159 6634
133 161 5451
133 163 1678
133 164 3145
133 166 5147
133 167 2930
133 170 6932
133 179 1436
133 180 4878
133 187 3956
133 189 3719
133 191 982
133 193 7009
133 194 3022
133 195 4177
133 198 8531
133 204 6450
133 212 2450
133 217 6012
134 138 6587
134 142 2764
134 148 6415
134 159 581
134 173 731
134 176 2637
134 178 704
134 180 9071
134 184 398
134 187 7365
134 190 7021
134 201 1464
134 207 312
134 208 1044
134 213 6524
134 215 3909
134 216 8893
135 136 4082
135 137 207
135 140 6399
135 148 4021
135 158 7074
135 167 7293
135 170 5688
135 171 508
135 172 2306
135 174 4469
135 177 4534
135 182 490
135 185 8109
135 186 9005
135 187 7350
135 193 8677
135 195 160
135 197 9735
135 199 6486
135 204 1780
135 205 6730
135 211 705
135 212 3239
135 214 7421
135 215 1756
135 216 4908
136 142 2414
136 147 8354
136 149 5023
136 153 2273
136 157 5283
136 162 6560
136 163 141
136 168 6382
136 175 9838
136 181 2722
136 186 5274
136 194 4418
136 196 1289
136 197 6996
136 198 8103
136 200 3698
136 203 8983
136 207 3084
136 210 414
136 216 7350
136 219 8724
137 138 8162
137 139 4371
137 140 3863
137 143 2686
137 148 4237
137 149 6710
137 154 3355
137 157 4247
137 161 7351
137 168 9510
137 175 9655
137 177 4879
137 178 7871
137 183 2320
137 185 7728
137 189 1602
137 200 3542
137 202 5678
137 203 2647
137 204 2367
137 213 3200
137 216 2882
137 217 7291
138 141 8532
138 146 7963
138 150 2597
138 154 8690
138 157 6638
138 158 5686
138 159 56
138 162 6582
138 164 9320
138 167 7962
138 168 4012
138 169 3023
138 173 2183
138 174 8804
138 175 1125
138 179 3584
138 180 5360
138 187 900
138 188 547
138 191 7624
138 197 8453
138 198 5218
138 210 4024
138 212 417
139 140 1017
139 147 2309
139 148 8718
139 152 1977
139 153 3923
139 166 9980
139 170 3432
139 175 9622
139 182 9687
139 184 7123
139 187 4355
139 191 3986
139 200 3464
139 201 7903
139 202 4733
139 205 21
139 207 984
139 216 4120
140 141 7593
140 144 1440
140 149 9580
140 150 5580
140 153 2402
140 156 9339
140 166 3247
140 180 9631
140 183 5455
140 185 4136
140 191 7265
140 192 5657
140 194 3463
140 196 6999
140 199 604
140 205 5187
140 206 6578
140 208 8830
140 217 9466
141 151 5604
141 152 5373
141 155 3728
141 163 2558
141 170 2464
141 186 2496
141 200 724
141 202 3443
141 215 8764
141 216 7256
141 217 7079
141 219 638
142 146 5068
142 151 4060
142 153 7009
142 154 5989
142 160 2584
142 163 3800
142 165 3671
142 168 8852
142 169 2009
142 170 5978
142 172 402
142 173 5656
142 174 1509
142 175 3191
142 186 5447
142 187 9258
142 195 5540
142 202 4993
142 203 3856
142 206 7696
142 207 9921
142 212 2471
142 213 3501
142 214 4384
142 216 6959
143 144 8710
143 145 9005
143 150 7705
143 151 2155
143 160 3855
143 166 3844
143 168 3089
143 173 5125
143 174 3552
143 177 3410
143 179 220
143 180 988
143 185 2702
143 191 1459
143 192 4786
143 195 9330
143 197 8919
143 215 198
143 219 4219
144 145 3854
144 147 9066
144 156 1380
144 158 1304
144 160 776
144 163 3585
144 167 502
144 172 285
144 174 1998
144 178 6028
144 183 4435
144 189 5935
144 196 1463
144 198 7967
144 201 1203
144 203 4500
144 205 8410
144 209 7238
144 210 2260
144 212 7062
145 147 2076
145 150 7661
145 155 4487
145 158 2592
145 161 6351
145 162 3892
145 169 7179
145 174 3903
145 183 3654
145 186 4091
145 188 3084
145 191 8358
145 198 1689
145 199 7385
145 202 4809
145 203 3846
145 205 2118
145 208 4216
145 210 3047
145 217 1181
146 147 3932
146 148 4579
146 154 2685
146 169 6598
146 171 1300
146 174 5257
146 182 9392
146 187 3082
146 189 4514
146 190 6900
146 191 5440
146 198 3653
146 202 5713
146 204 6084
146 205 1901
146 209 8150
146 211 7553
146 214 1241
146 215 3917
146 219 4743
147 149 5366
147 151 187
147 152 8391
147 156 2729
147 163 8706
147 166 385
147 167 832
147 169 895
147 171 3245
147 175 2138
147 181 2947
147 183 286
147 188 2742
147 189 9053
147 191 2408
147 195 8626
147 201 1873
147 206 981
148 149 8749
148 158 9763
148 165 9608
148 171 2185
148 173 3200
148 175 2643
148 179 7502
148 186 6335
148 188 6197
148 190 8185
148 191 1575
148 193 4210
148 199 8846
148 201 4844
148 202 5952
148 208 9275
148 216 692
148 217 9863
148 218 3552
149 153 441
149 156 8256
149 166 4959
149 170 9873
149 174 6904
149 187 4425
149 188 5368
149 197 2981
149 200 5124
149 207 3341
149 214 2458
150 151 3690
150 157 6711
150 163 6873
150 166 500
150 173 4756
150 176 2443
150 185 2659
150 189 5412
150 192 1763
150 195 8035
150 202 4573
150 205 4761
150 212 9584
151 156 7882
151 160 2692
151 161 80
151 165 233
151 167 7597
151 168 2977
151 169 4733
151 170 441
151 178 2752
151 183 2466
151 185 5583
151 187 8571
151 190 1482
151 193 1482
151 196 2637
151 197 5840
151 203 9116
151 207 3019
151 210 8381
151 213 853
151 217 3592
152 157 8729
152 158 7850
152 159 1400
152 174 1474
152 181 9208
152 188 8200
152 200 5424
152 201 250
152 204 1630
152 205 7593
152 208 4596
152 209 6954
152 212 9824
152 213 2868
152 215 6481
152 217 31
152 219 4924
153 155 1354
153 159 5590
153 161 2480
153 164 5098
153 165 3676
153 167 288
153 168 3282
153 184 1964
153 186 9667
153 187 1927
153 193 6947
153 194 5969
153 196 8028
153 198 4548
153 201 4720
153 206 3465
153 210 3314
154 161 2334
154 170 7696
154 172 9020
154 174 6377
154 180 184
154 183 2184
154 191 5904
154 192 5979
154 200 5102
154 206 7510
154 207 5821
154 208 4813
154 212 9178
154 219 6852
155 159 1387
155 161 399
155 165 2061
155 170 4570
155 176 1553
155 177 3957
155 183 3691
155 185 6555
155 190 6594
155 193 426
155 202 7513
155 205 2559
155 207 3496
155 209 3246
155 210 571
155 211 4194
155 212 5758
155 214 3506
155 218 7531
156 158 9383
156 160 4452
156 162 1219
156 168 8264
156 171 5550
156 172 2874
156 176 2015
156 177 3375
156 186 8880
156 188 3532
156 198 1643
156 199 8598
156 200 8303
156 205 9787
156 206 452
156 216 5664
157 158 5339
157 159 5951
157 164 9905
157 169 691
157 172 8841
157 178 9422
157 185 8568
157 187 7378
157 188 1502
157 194 8006
157 195 3236
157 206 3795
157 211 1286
157 215 1057
157 217 9350
158 164 2456
158 166 5866
158 173 2004
158 174 7392
158 177 2979
158 182 243
158 185 5678
158 186 3734
158 188 5091
158 192 2720
158 196 320
158 197 4821
158 203 927
158 205 8767
158 208 8241
158 210 2280
158 213 5999
158 215 803
158 216 6449
159 161 7369
159 170 1705
159 171 85
159 173 3278
159 174 2425
159 178 6689
159 181 1171
159 186 4376
159 192 1227
159 193 3573
159 195 9229
159 201 8584
159 202 9621
159 204 8939
159 209 7870
159 210 31
159 212 8344
159 217 3808
159 218 5958
160 167 1371
160 168 4970
160 175 9723
160 176 3204
160 182 1860
160 188 972
160 196 4834
160 204 1597
160 211 9203
160 212 138
160 217 911
161 164 5943
161 165 3887
161 175 3063
161 176 6247
161 182 3079
161 183 8788
161 186 8261
161 187 3931
161 189 1341
161 192 5505
161 195 9
161 196 6155
161 197 4446
161 207 870
161 209 4359
161 211 7555
161 212 9775
161 219 9131
162 173 2944
162 175 9651
162 177 6227
162 181 1192
162 182 378
162 185 9732
162 187 8222
162 195 4786
162 199 7316
162 209 736
162 212 2493
162 213 2131
162 218 5076
163 170 3664
163 173 3952
163 177 9098
163 178 288
163 182 4339
163 184 7059
163 186 7172
163 187 8387
163 189 960
163 190 5618
163 191 906
163 198 7035
163 199 2279
163 200 2189
163 201 4734
163 204 392
163 206 9844
163 207 4257
163 213 5486
164 165 3640
164 167 9878
164 175 8122
164 184 1960
164 186 6300
164 190 5745
164 193 2669
164 199 388
164 206 898
164 207 2349
164 208 6291
164 214 3921
164 215 2197
164 216 7618
165 167 2319
165 169 2812
165 175 2758
165 182 82
165 184 1206
165 185 3509
165 191 9990
165 194 8863
165 197 6247
165 198 2289
165 207 3985
165 210 2716
165 211 969
165 212 9230
165 213 194
166 167 6434
166 168 2959
166 175 5135
166 184 4018
166 188 7285
166 190 9452
166 191 833
166 202 4250
166 205 8196
166 207 1445
166 210 6454
166 212 1695
166 213 3559
166 219 2020
167 168 6507
167 170 9528
167 183 5517
167 185 2408
167 186 2477
167 187 846
167 189 977
167 194 7110
167 202 8533
167 217 5258
167 219 2894
168 169 342
168 174 7742
168 175 1715
168 178 6217
168 184 4952
168 187 6350
168 189 1526
168 203 7791
168 204 1959
168 205 2349
168 206 4765
168 208 9507
168 211 8903
168 213 2889
168 214 3787
168 215 4372
169 171 4993
169 176 3535
169 180 1138
169 182 1343
169 184 7713
169 187 9587
169 188 210
169 195 8137
169 199 4757
169 200 8911
169 209 33
169 214 116
169 216 3677
169 218 6884
169 219 6958
170 174 6864
170 177 7182
170 178 1691
170 180 6218
170 181 603
170 183 3642
170 184 6868
170 185 6654
170 190 1374
170 202 7118
170 204 7176
170 208 3475
170 211 1322
170 219 8001
171 174 4657
171 183 4731
171 185 2249
171 188 9189
171 190 1877
171 192 1417
171 194 1650
171 197 1781
171 198 3194
171 206 7641
171 208 51
171 212 8566
171 213 8031
171 214 6451
172 173 2106
172 174 2655
172 184 2480
172 187 3189
172 190 704
172 195 3878
172 199 2467
172 204 3097
172 213 940
173 175 9856
173 182 1823
173 185 8753
173 186 2620
173 190 8460
173 193 2695
173 196 2261
173 200 6531
173 203 5379
173 207 6364
173 211 2258
173 215 3583
173 217 6631
173 218 4056
174 179 8169
174 180 9099
174 183 5766
174 185 5741
174 192 5384
174 193 6871
174 194 8245
174 198 5811
174 199 2546
174 200 3381
174 204 9735
174 208 701
174 209 2781
174 210 1522
174 211 9822
174 213 1723
174 214 7374
174 217 403
174 218 6174
175 183 1062
175 190 2649
175 197 237
175 198 9169
175 201 3475
175 207 7988
175 208 9083
175 209 6164
175 215 2675
175 218 1111
176 181 5747
176 182 500
176 183 7290
176 188 2348
176 189 624
176 194 4590
176 197 1171
176 211 9284
176 212 3476
176 214 6367
176 215 2063
176 219 4799
177 178 6533
177 179 798
177 187 7199
177 189 5389
177 192 7563
177 197 9552
177 199 8503
177 202 3501
177 206 570
177 213 6652
178 181 8582
178 182 1025
178 183 5746
178 184 492
178 190 8329
178 191 2547
178 192 5571
178 199 7709
178 205 9524
178 207 7427
178 210 9596
179 185 2350
179 186 7502
179 196 5116
179 197 21
179 203 5209
179 204 3785
179 210 2543
179 214 6754
180 181 1517
180 186 6761
180 193 9249
180 194 3404
180 196 8836
180 197 5371
180 198 2578
180 204 1816
180 205 1666
180 207 6935
180 215 7636
180 217 4282
181 186 486
181 187 2111
181 191 7845
181 196 9525
181 199 2012
181 202 9617
181 211 5115
181 213 6318
181 219 7348
182 186 3472
182 189 4320
182 190 9303
182 195 2345
182 196 4081
182 200 3196
182 204 4937
182 211 391
182 212 5228
182 216 5035
182 218 3457
183 185 2349
183 195 479
183 200 3328
183 202 9596
183 203 7707
183 206 3858
183 214 4466
183 217 9295
183 219 6317
184 186 4824
184 197 8541
184 199 2048
184 201 6935
184 202 3920
184 204 8367
184 205 7578
184 212 552
184 214 5310
184 215 2818
185 186 4802
185 193 5785
185 195 7407
185 199 889
185 200 5396
185 206 1928
185 210 2824
185 214 1116
185 215 3871
185 216 6355
185 218 2402
185 219 3304
186 191 9703
186 192 1148
186 193 2342
186 198 339
186 208 9207
186 212 4513
186 215 4124
187 205 3966
187 206 4254
187 207 4407
188 192 8737
188 199 2734
188 200 2547
188 202 1725
188 203 3438
188 205 4298
188 206 1042
188 213 3715
188 214 4847
188 217 4320
188 219 5293
189 196 685
189 197 9671
189 204 4632
189 209 3501
190 195 4899
190 196 5220
190 198 4858
190 200 517
190 206 2466
190 218 4515
191 195 5025
191 196 2966
191 197 8158
191 206 8988
191 207 329
191 211 7397
191 217 3425
192 193 6376
192 198 170
192 200 5608
192 203 5535
192 212 7918
192 213 7121
192 214 3127
193 198 6594
193 202 1735
193 212 2191
193 218 5113
194 195 7012
194 196 3746
194 198 653
194 201 5878
194 202 7967
194 204 8053
194 210 6815
194 216 1059
194 218 5311
195 197 1061
195 202 816
195 204 4569
195 206 933
195 213 2316
195 214 5979
195 215 992
195 216 2451
195 217 7278
196 198 6591
196 199 6735
196 203 8662
196 212 3901
196 214 122
196 216 2953
196 217 5313
197 206 4239
197 215 8913
198 202 6180
198 204 4657
198 205 4745
198 208 3215
198 213 1800
198 215 2141
198 216 8397
198 219 4841
199 200 2566
199 201 544
199 205 367
199 213 4230
199 217 6964
199 218 6475
200 201 5259
200 210 9902
200 214 4863
200 218 7511
201 207 3246
201 211 570
201 212 9406
201 215 7224
201 219 2279
202 205 1665
202 208 1884
202 209 667
202 211 5886
202 212 6099
202 213 3433
202 214 5638
202 218 664
203 205 4907
203 206 9559
203 207 4282
203 210 4410
203 213 9596
204 209 2463
204 210 3833
204 214 538
204 215 163
204 216 5122
204 217 5875
205 212 4499
205 215 9398
205 216 1656
206 210 7583
206 215 2483
206 217 8881
206 219 4922
207 212 7268
207 213 8588
207 219 7135
208 209 517
208 210 7865
208 216 6106
209 217 8211
209 219 5259
210 213 2800
210 215 5302
210 216 9123
210 218 363
211 213 3870
211 219 9446
213 215 5635
213 216 8621
214 216 7544
214 219 3812
215 219 8517
217 218 1268
