40 190 20079 28
0 5 4168
0 7 2705
0 9 8510
0 13 4453
0 18 3499
0 26 7943
0 28 4069
0 31 3679
1 2 6005
1 8 4230
1 13 3269
1 15 6756
1 26 6383
1 29 3981
1 30 6298
1 32 5567
1 37 3011
1 38 3778
2 4 8765
2 6 121
2 7 2864
2 11 6279
2 14 5804
2 22 7593
2 27 9113
2 28 5036
2 30 4023
2 32 5508
2 33 1612
2 35 7417
3 9 4528
3 10 3135
3 11 2546
3 13 8982
3 18 7211
3 19 6204
3 20 5923
3 24 9748
3 27 1904
3 31 6830
4 7 2791
4 9 6494
4 13 1096
4 14 4966
4 16 8713
4 19 7527
4 24 716
4 32 5128
4 37 5481
4 39 8926
5 14 1190
5 25 2465
5 30 7572
5 36 2152
5 38 795
6 12 7316
6 21 5276
6 26 7194
6 32 8614
6 34 1559
6 37 443
6 39 481
7 14 9355
7 29 6320
7 32 5119
7 33 7178
7 38 6575
7 39 5975
8 9 7168
8 11 9951
8 14 279
8 15 9784
8 23 9247
8 25 3284
8 26 4044
8 32 3530
8 33 1092
9 23 5938
9 24 7626
9 26 5623
9 31 6959
9 37 3503
10 14 1164
10 16 3841
10 17 441
10 23 1913
10 34 1155
10 36 9848
10 39 951
11 23 3048
11 26 4775
11 28 7893
11 31 8311
11 34 4072
11 35 1376
12 15 5255
12 17 9194
12 19 3711
12 20 6802
12 21 2857
12 23 6135
12 24 6276
12 33 6365
12 35 1008
12 36 275
12 38 1481
13 19 538
13 25 8922
13 29 4460
13 31 8298
14 19 2137
14 20 1285
15 19 1618
15 23 2127
15 24 8472
15 25 7674
16 20 7246
16 22 1133
16 23 2530
16 29 9985
17 22 5682
17 25 4885
17 27 4582
17 30 9757
17 31 4067
17 33 7954
17 35 1263
17 36 7463
17 37 6905
17 39 736
18 19 492
18 23 416
19 23 2976
19 25 8617
19 27 1880
19 28 7725
19 37 4537
19 38 6570
20 27 1083
20 29 6552
20 32 261
20 38 8393
21 22 9772
21 30 7375
21 35 4778
21 39 3606
22 31 1584
22 34 6139
23 29 8420
23 30 6447
23 31 1940
23 35 6988
23 39 8312
24 30 8556
24 32 9912
24 33 4175
25 30 3311
26 35 8465
26 37 9501
27 29 724
27 30 2911
27 34 5564
27 37 7665
28 29 1011
28 30 7620
28 32 6924
28 33 6384
28 35 5472
28 36 1558
28 39 6941
29 31 5377
29 32 8446
29 34 8879
29 38 4008
30 31 5065
30 33 5605
30 34 4553
30 37 3411
30 38 6117
30 39 3966
31 37 4227
32 36 4491
33 34 2201
33 35 7134
33 36 7620
33 39 985
35 36 982
36 37 7924
36 38 1566
36 39 6891
