159 3141 73934 121
0 2 5382
0 6 8183
0 9 6153
0 12 6409
0 13 6172
0 26 2211
0 28 4184
0 31 2403
0 37 3695
0 44 4518
0 62 4682
0 66 2143
0 71 8021
0 72 2908
0 73 2356
0 75 4841
0 76 4049
0 79 3637
0 83 7167
0 84 4356
0 87 3257
0 89 2078
0 91 2003
0 93 4296
0 99 7205
0 101 3223
0 104 1771
0 108 9637
0 113 4395
0 114 8993
0 120 8020
0 121 1306
0 131 2718
0 134 2767
0 140 3774
0 142 4167
0 146 5992
0 152 6828
0 158 983
1 7 219
1 10 4016
1 21 3085
1 25 7691
1 27 7502
1 32 5123
1 35 6607
1 37 8970
1 39 4175
1 45 7075
1 53 5580
1 54 3140
1 56 8450
1 62 5174
1 67 7373
1 69 2759
1 70 4088
1 73 9599
1 77 3128
1 80 6106
1 81 1249
1 84 2251
1 90 9872
1 96 356
1 102 8709
1 109 6243
1 111 8446
1 116 4977
1 120 4736
1 126 2397
1 132 713
1 142 2910
1 146 4537
1 149 5351
1 155 6771
1 158 1753
2 4 792
2 8 2531
2 9 8735
2 13 2661
2 15 9143
2 21 4093
2 25 567
2 27 1549
2 28 9495
2 30 7626
2 35 3515
2 36 5553
2 42 2092
2 45 3037
2 47 4550
2 52 219
2 56 3206
2 59 8666
2 63 7055
2 72 3966
2 73 128
2 83 2809
2 87 9102
2 89 9964
2 101 200
2 102 5054
2 107 6011
2 108 4543
2 110 2888
2 111 6657
2 113 2339
2 117 6851
2 120 9243
2 125 4087
2 126 6099
2 129 6594
2 132 5036
2 135 2714
2 142 7418
2 143 424
2 147 9248
2 152 371
2 155 2927
2 156 5777
3 7 8583
3 11 6679
3 14 8298
3 17 1387
3 19 2327
3 26 4897
3 30 3356
3 34 6840
3 35 9196
3 36 4584
3 44 9402
3 46 4641
3 47 5095
3 49 9716
3 57 1876
3 58 5164
3 63 6969
3 67 6476
3 73 1298
3 76 5789
3 81 9176
3 85 4990
3 91 7436
3 92 5924
3 96 6810
3 97 6871
3 98 1365
3 103 5776
3 110 1659
3 112 2566
3 114 8286
3 115 417
3 118 1244
3 120 6597
3 121 3705
3 123 8216
3 124 1142
3 129 5413
3 137 9691
3 140 6651
3 144 4549
3 148 501
3 151 6681
3 152 8294
3 153 9633
3 157 8107
4 12 1445
4 33 7456
4 42 2155
4 43 2834
4 48 6410
4 54 6947
4 56 5203
4 62 807
4 63 2429
4 65 5024
4 78 1126
4 81 7406
4 83 3657
4 86 9821
4 92 4283
4 101 1096
4 107 2483
4 108 105
4 110 7462
4 119 7281
4 124 5259
4 126 5365
4 130 5838
4 142 3480
4 146 3982
4 149 4784
5 6 3408
5 7 6176
5 8 5490
5 9 4223
5 10 4233
5 12 4209
5 13 5544
5 18 1884
5 27 6746
5 29 3458
5 32 6736
5 34 6568
5 37 3440
5 40 5151
5 42 1898
5 43 6181
5 45 2927
5 49 5243
5 58 3842
5 62 1514
5 63 8311
5 65 865
5 69 5327
5 77 7157
5 79 9453
5 82 562
5 86 7926
5 88 7961
5 90 5741
5 94 1486
5 95 4915
5 104 1947
5 106 5796
5 107 4759
5 112 5878
5 114 1492
5 116 8609
5 128 1596
5 130 3966
5 131 1881
5 141 5353
5 144 3277
5 146 1153
5 147 5257
5 148 3843
5 152 3060
5 156 8004
6 8 3493
6 9 4878
6 12 622
6 15 2462
6 18 6352
6 22 4261
6 29 5279
6 32 1306
6 35 8189
6 39 8419
6 43 8260
6 44 2118
6 46 747
6 49 3012
6 50 4582
6 53 380
6 65 4839
6 66 6396
6 69 8666
6 71 6033
6 81 6718
6 91 334
6 99 148
6 102 3261
6 104 6542
6 110 6286
6 116 4272
6 123 8118
6 130 5600
6 139 9019
6 141 6884
6 143 8905
6 153 913
7 15 9554
7 36 5591
7 46 6248
7 51 93
7 54 2539
7 56 4778
7 58 5878
7 61 3607
7 67 786
7 69 3787
7 77 4499
7 80 2916
7 83 1132
7 84 7028
7 85 8120
7 86 2347
7 88 813
7 92 3028
7 94 6231
7 111 1037
7 114 1394
7 118 5900
7 119 1605
7 125 8411
7 128 631
7 129 5335
7 131 3788
7 139 3557
7 140 2262
7 142 3903
7 146 3635
7 148 532
7 152 9990
7 153 5443
8 9 8598
8 18 6662
8 27 3758
8 28 5921
8 38 3038
8 39 9801
8 45 429
8 48 8555
8 51 387
8 53 563
8 57 606
8 59 9038
8 69 7324
8 71 6650
8 73 1119
8 74 8813
8 76 5657
8 81 8940
8 82 7595
8 83 7347
8 86 5446
8 91 4460
8 92 3421
8 93 6389
8 96 9418
8 98 6788
8 110 7140
8 114 3374
8 115 775
8 116 693
8 120 4805
8 121 9233
8 125 6010
8 129 344
8 131 5400
8 132 6764
8 133 6283
8 136 587
8 139 2089
8 140 9986
8 146 4459
9 11 9091
9 17 8041
9 18 7066
9 20 8673
9 23 643
9 35 5049
9 45 7757
9 50 484
9 53 8164
9 54 6194
9 57 5824
9 59 9796
9 60 4715
9 61 9766
9 62 9770
9 63 6306
9 66 9099
9 68 784
9 70 8066
9 72 7304
9 73 3621
9 74 9786
9 82 6435
9 85 9559
9 86 6707
9 87 8065
9 100 2955
9 102 2381
9 105 6510
9 108 2602
9 115 3549
9 123 1372
9 128 1037
9 129 5188
9 135 2143
9 137 4429
9 140 9907
9 142 5034
9 144 50
9 156 7522
10 12 2215
10 13 6131
10 19 1893
10 21 4291
10 26 3612
10 27 8452
10 30 7708
10 32 6893
10 33 9462
10 35 186
10 40 7183
10 56 606
10 58 2201
10 63 5086
10 64 1264
10 66 566
10 74 6885
10 84 1443
10 86 9930
10 88 7907
10 92 3653
10 97 9788
10 101 6342
10 102 4640
10 104 2029
10 105 2509
10 109 3018
10 110 826
10 112 8487
10 113 6716
10 114 3195
10 120 2222
10 133 7300
10 142 7151
10 143 1615
10 152 7604
10 155 6013
11 13 3500
11 19 5710
11 20 5830
11 27 2826
11 28 880
11 32 9616
11 37 5374
11 38 6228
11 46 6288
11 53 8025
11 66 4230
11 72 2346
11 73 997
11 74 1867
11 75 2386
11 76 8310
11 79 5301
11 87 3550
11 89 1997
11 98 3730
11 100 6250
11 102 2022
11 105 8955
11 106 298
11 109 6127
11 112 3346
11 117 4846
11 130 8398
11 133 1547
11 135 8756
11 136 3804
11 138 9065
11 151 166
11 154 2239
12 13 8770
12 14 3972
12 16 315
12 17 3136
12 20 188
12 23 1837
12 24 8328
12 27 5858
12 44 8642
12 49 3361
12 56 9991
12 62 4385
12 65 3265
12 68 7702
12 79 9896
12 83 7681
12 87 9090
12 89 5458
12 91 623
12 97 1218
12 102 2024
12 106 5893
12 112 2841
12 115 9047
12 116 7135
12 118 2084
12 119 5513
12 125 9511
12 127 8388
12 137 3883
12 138 6660
12 140 4876
12 143 5509
12 146 6278
12 148 777
12 150 8342
13 16 8659
13 27 6634
13 32 3795
13 35 1097
13 40 3253
13 49 6856
13 54 7101
13 55 4177
13 59 526
13 61 3799
13 63 8159
13 74 5311
13 76 5487
13 77 7565
13 79 3878
13 87 2153
13 89 5876
13 96 9963
13 100 5608
13 106 8314
13 109 7173
13 113 4695
13 115 4844
13 119 5220
13 129 3731
13 132 853
13 134 1225
13 136 437
13 138 642
13 141 2681
13 147 4546
13 150 7579
13 153 6180
13 154 2055
13 156 3223
14 19 9602
14 23 9272
14 31 5749
14 34 6294
14 36 9152
14 42 291
14 50 7628
14 52 5410
14 53 8071
14 55 3263
14 56 5223
14 57 9822
14 58 5487
14 66 3464
14 70 9584
14 72 1840
14 79 2046
14 84 4401
14 85 3692
14 89 9394
14 93 4140
14 95 1396
14 98 3834
14 102 5012
14 103 8959
14 104 5286
14 106 6782
14 108 4347
14 109 7491
14 110 7276
14 113 5947
14 114 6154
14 115 9415
14 119 2634
14 120 3073
14 121 228
14 126 5617
14 132 5886
14 140 1464
14 144 5454
14 145 2843
14 150 2533
14 154 4846
15 16 6001
15 18 1143
15 24 5630
15 26 9360
15 28 9520
15 30 469
15 32 1977
15 37 3625
15 39 5149
15 40 8383
15 49 388
15 59 6336
15 61 2933
15 62 9864
15 70 8711
15 72 4923
15 73 7004
15 76 1520
15 77 4349
15 78 5741
15 86 945
15 92 8511
15 94 5860
15 95 7564
15 108 9943
15 113 4689
15 122 7615
15 125 688
15 130 2021
15 133 1485
15 140 956
15 141 3132
15 143 7262
15 148 9939
15 149 6336
15 152 2142
16 19 287
16 30 5125
16 36 6223
16 38 3866
16 39 326
16 40 9755
16 41 7882
16 42 8279
16 47 1795
16 49 9613
16 56 1333
16 58 9999
16 62 6301
16 64 1022
16 66 1032
16 72 724
16 80 3441
16 85 4585
16 88 9467
16 91 6850
16 92 4216
16 94 1648
16 95 4454
16 98 2722
16 100 5942
16 104 9310
16 109 47
16 115 6071
16 118 1382
16 122 8625
16 125 3766
16 127 2866
16 130 6131
16 133 3162
16 134 425
16 137 6515
16 138 4945
16 139 2311
16 141 8052
16 146 1123
16 148 1057
16 151 6239
16 153 3421
16 154 2105
16 158 4842
17 24 5869
17 29 3631
17 42 927
17 43 4333
17 45 9389
17 50 8352
17 53 4957
17 63 7554
17 69 7455
17 71 7903
17 72 9815
17 73 469
17 81 2375
17 93 9027
17 96 9358
17 97 1604
17 102 8494
17 107 3747
17 108 3703
17 119 227
17 122 3524
17 125 4761
17 127 5569
17 131 5249
17 132 6982
17 133 5896
17 135 8716
17 138 2372
17 143 6959
17 145 6756
17 147 752
17 153 8122
17 157 9082
18 26 6238
18 28 8780
18 39 7960
18 40 3127
18 46 1569
18 54 4289
18 61 6502
18 62 5659
18 64 4572
18 69 5162
18 76 9509
18 78 8160
18 79 6387
18 82 7499
18 84 6103
18 86 1253
18 92 3189
18 101 5371
18 107 7548
18 111 3865
18 115 489
18 118 6852
18 120 3424
18 124 2863
18 127 5857
18 132 7985
18 133 9825
18 137 5957
18 139 6553
18 142 1128
19 22 9456
19 24 9987
19 25 7990
19 31 8123
19 38 6257
19 41 60
19 47 1515
19 64 948
19 67 908
19 69 280
19 76 4542
19 79 5600
19 84 6467
19 86 8845
19 90 1154
19 91 1592
19 92 8871
19 94 6523
19 103 4294
19 107 44
19 116 362
19 118 4460
19 121 3771
19 128 7051
19 133 9671
19 138 2996
19 139 2687
19 143 819
19 147 6235
19 148 1901
19 150 5887
19 156 1855
20 22 7264
20 23 5071
20 25 4119
20 36 6394
20 51 1322
20 55 649
20 80 907
20 84 2573
20 85 305
20 86 720
20 91 1286
20 93 7044
20 101 4312
20 102 7763
20 112 5912
20 116 6643
20 117 3672
20 120 5582
20 121 3220
20 127 7986
20 133 2173
20 138 6798
20 140 7910
20 151 5368
20 153 2289
20 154 2709
21 26 8275
21 28 1322
21 29 3100
21 32 7834
21 36 7326
21 42 3886
21 43 5183
21 48 8631
21 49 3103
21 51 1168
21 52 6362
21 56 7690
21 60 1234
21 64 510
21 83 1012
21 88 1573
21 93 334
21 95 4143
21 99 6018
21 107 3918
21 109 3049
21 118 9068
21 121 3167
21 122 7425
21 125 3200
21 126 9743
21 132 1286
21 136 4850
21 138 4743
21 142 7470
21 145 5336
21 147 188
21 148 6241
21 150 2759
21 153 2149
21 156 1406
21 158 2786
22 24 5291
22 29 4066
22 30 1274
22 35 4715
22 43 1050
22 47 1916
22 48 8437
22 55 6371
22 56 4112
22 57 8858
22 58 8144
22 60 5701
22 63 4429
22 65 3032
22 70 7556
22 71 1337
22 72 4362
22 81 6397
22 83 7940
22 84 4585
22 86 2931
22 96 9865
22 98 6978
22 103 7191
22 106 7015
22 111 1927
22 113 5842
22 118 9976
22 122 2920
22 130 5645
22 132 4762
22 141 5595
22 145 8919
22 148 418
22 152 6568
22 156 2223
23 31 9497
23 40 8891
23 42 5492
23 46 5359
23 51 5414
23 55 1796
23 59 8815
23 60 6220
23 63 3856
23 73 388
23 75 3444
23 82 6843
23 87 6994
23 89 8804
23 93 1315
23 94 5862
23 96 9599
23 98 7553
23 104 1116
23 106 5489
23 113 5889
23 115 5843
23 119 2978
23 120 2108
23 122 2849
23 123 1219
23 125 1695
23 133 8973
23 135 2456
23 140 7881
23 146 9908
23 148 2951
23 151 7599
23 152 9207
23 158 1451
24 28 523
24 33 1341
24 36 1310
24 41 7412
24 44 1997
24 48 2254
24 52 8927
24 55 1661
24 57 7598
24 61 5806
24 62 6931
24 63 1497
24 65 6398
24 68 3192
24 70 7257
24 72 5232
24 76 8451
24 81 5900
24 91 1045
24 92 4278
24 100 7971
24 108 1916
24 110 1962
24 115 4404
24 120 8729
24 123 3455
24 127 4008
24 128 1376
24 132 7682
24 135 6623
24 137 4851
24 138 8125
24 139 8051
24 142 196
24 144 1543
24 150 7585
24 152 2245
24 155 658
24 156 9263
24 157 3920
25 27 3771
25 31 7589
25 33 3943
25 36 1454
25 42 4058
25 47 9017
25 49 594
25 50 2998
25 53 6271
25 55 1932
25 56 1639
25 57 6074
25 63 5850
25 66 963
25 69 5502
25 81 4846
25 83 3943
25 84 4853
25 85 4474
25 88 3115
25 96 7530
25 97 6457
25 98 6154
25 100 4277
25 103 2664
25 105 2482
25 106 4360
25 109 6499
25 110 5259
25 113 8405
25 114 1575
25 119 7671
25 121 9945
25 123 2839
25 135 9039
25 136 4081
25 137 5176
25 138 4063
25 143 5078
25 146 8153
25 158 1802
26 28 979
26 31 3827
26 32 6287
26 42 1130
26 44 7221
26 45 8832
26 48 2847
26 49 3944
26 53 555
26 55 1261
26 57 1004
26 60 5005
26 67 8025
26 77 2914
26 78 845
26 80 2673
26 83 3005
26 86 835
26 87 4336
26 89 9752
26 93 2248
26 101 1155
26 103 6392
26 107 5209
26 109 2306
26 115 435
26 118 6118
26 121 9877
26 128 5944
26 133 8559
26 136 4
26 145 9626
26 150 9664
26 153 6749
26 154 4789
26 156 3423
27 34 6716
27 39 1249
27 51 5184
27 53 8829
27 54 3170
27 55 3234
27 56 2621
27 62 5884
27 70 4892
27 74 1510
27 84 4338
27 86 9355
27 89 6717
27 93 298
27 95 8162
27 97 8265
27 100 2473
27 101 1654
27 107 5573
27 114 3784
27 117 8798
27 128 7293
27 129 4929
27 134 5873
27 135 8893
27 149 339
27 150 4230
27 151 7174
27 153 3048
27 156 4249
27 157 3346
28 29 3631
28 33 8265
28 43 5696
28 49 1673
28 58 3572
28 60 470
28 61 3021
28 62 1945
28 69 4817
28 72 9637
28 76 8607
28 81 5316
28 83 7179
28 94 5336
28 98 7174
28 100 8602
28 110 5843
28 122 311
28 127 4997
28 131 7078
28 133 6763
28 134 4893
28 139 8293
28 140 3826
28 141 9773
28 144 6074
29 31 7340
29 37 2098
29 40 1582
29 42 3412
29 45 7165
29 48 9011
29 52 7652
29 53 6889
29 55 2320
29 58 6917
29 62 7397
29 65 2387
29 69 3545
29 71 7407
29 72 5984
29 75 1953
29 76 2355
29 78 3873
29 84 5972
29 86 6771
29 95 2412
29 99 8768
29 100 4371
29 103 3975
29 107 3446
29 108 8317
29 111 2207
29 115 2914
29 117 7480
29 118 9995
29 122 5834
29 126 381
29 131 6566
29 135 9277
29 142 9560
29 149 3071
29 153 8784
29 155 9406
30 33 3101
30 41 5508
30 44 8212
30 47 6793
30 49 7052
30 53 3994
30 57 905
30 58 239
30 62 3086
30 63 4918
30 66 4598
30 70 7241
30 74 8153
30 78 53
30 85 2156
30 87 4790
30 89 3265
30 94 7578
30 97 6692
30 100 7831
30 102 1963
30 103 7596
30 106 5964
30 109 1240
30 124 8907
30 125 5592
30 127 5329
30 130 3437
30 132 4335
30 134 3939
30 139 3946
30 143 1733
31 33 880
31 35 1713
31 36 5602
31 38 3138
31 40 1883
31 43 7374
31 44 6270
31 49 3256
31 62 7307
31 64 5231
31 69 6410
31 70 5355
31 71 2504
31 78 5842
31 79 1130
31 80 917
31 90 1230
31 92 2422
31 96 9186
31 100 119
31 101 6825
31 103 7952
31 104 3858
31 105 2540
31 106 6161
31 118 2951
31 121 1885
31 130 5232
31 131 4670
31 137 1450
31 141 7967
31 143 9193
31 145 3063
31 147 8316
31 149 6551
31 150 8942
31 154 6328
31 155 5506
31 158 2597
32 38 5214
32 39 6535
32 52 5967
32 56 6271
32 59 6295
32 60 7252
32 69 4165
32 71 3970
32 78 932
32 79 4179
32 98 9525
32 100 4966
32 101 1519
32 106 5482
32 110 6931
32 111 7311
32 114 2196
32 115 7848
32 116 7873
32 129 3
32 130 6726
32 133 9416
32 135 731
32 140 5617
32 146 7810
32 156 1546
32 157 5707
32 158 6748
33 34 9631
33 38 8208
33 39 6532
33 54 6460
33 69 1154
33 70 1948
33 71 8980
33 73 1903
33 81 14
33 82 107
33 84 670
33 86 1692
33 87 4210
33 106 7622
33 115 2909
33 118 5760
33 119 310
33 121 5326
33 124 3059
33 129 8638
33 134 2447
33 136 4418
33 142 1038
33 150 389
34 39 2469
34 41 9824
34 42 1359
34 43 4326
34 45 6916
34 50 6257
34 53 1470
34 55 8554
34 58 3724
34 60 5419
34 62 4214
34 72 9503
34 82 9988
34 84 6019
34 86 7912
34 87 755
34 91 6677
34 96 3778
34 105 2471
34 106 6156
34 117 9335
34 119 5313
34 120 3126
34 126 3683
34 129 542
34 135 5215
34 142 1477
34 144 9347
34 146 9684
34 152 2255
34 154 6486
34 155 6253
34 157 8778
34 158 2266
35 42 8052
35 46 359
35 47 5651
35 48 5179
35 50 5012
35 53 5690
35 55 9200
35 56 1025
35 64 3787
35 68 3990
35 74 2119
35 84 9735
35 103 9537
35 106 9127
35 107 1635
35 111 8285
35 118 2064
35 127 2714
35 130 672
35 133 6595
35 141 6018
35 142 7120
35 149 5752
35 154 3912
35 155 4831
35 157 7735
36 41 4398
36 46 6538
36 58 8368
36 59 5271
36 61 1211
36 64 2679
36 70 8619
36 76 4577
36 86 8088
36 89 6425
36 98 6595
36 102 147
36 106 4577
36 107 1431
36 112 763
36 113 7322
36 115 135
36 119 170
36 130 8152
36 132 8427
36 146 2442
36 152 6746
36 155 4698
37 38 2613
37 40 7149
37 42 1689
37 44 2529
37 45 6310
37 47 9193
37 51 2555
37 54 6845
37 55 2807
37 59 3197
37 63 1424
37 80 6836
37 92 1545
37 94 4369
37 98 6776
37 110 8248
37 111 8959
37 116 2386
37 118 6453
37 126 9955
37 127 8110
37 129 7670
37 136 4643
37 139 3835
37 141 7504
37 143 4676
37 149 3158
37 151 4409
37 152 317
37 157 2864
37 158 9512
38 45 802
38 55 6750
38 56 6943
38 59 644
38 64 2734
38 67 8682
38 73 822
38 74 3646
38 77 9729
38 78 5583
38 79 2568
38 81 6188
38 82 6677
38 83 3254
38 85 983
38 104 213
38 110 8500
38 111 8913
38 115 4367
38 116 1619
38 117 7136
38 118 2755
38 120 8674
38 123 4105
38 128 8788
38 129 5891
38 130 3343
38 131 4386
38 136 7484
38 138 8405
38 143 7436
38 144 4107
38 152 1158
38 153 963
38 157 3646
39 44 5582
39 49 1702
39 50 7766
39 52 1837
39 64 5833
39 71 429
39 73 4680
39 77 1187
39 81 3443
39 85 3103
39 87 6535
39 93 647
39 94 1024
39 101 2869
39 124 342
39 129 1400
39 130 9331
39 131 6772
39 138 2620
39 142 242
39 145 5273
39 150 322
39 151 8574
39 152 7638
39 158 2016
40 47 3167
40 51 2945
40 58 7959
40 60 156
40 67 969
40 73 8538
40 78 2485
40 80 6425
40 82 1219
40 84 1768
40 90 5190
40 97 9775
40 101 1074
40 102 3806
40 106 1386
40 112 3616
40 117 3351
40 120 5387
40 127 3831
40 130 5213
40 135 5
40 138 7311
40 139 1242
40 140 8618
40 148 1107
41 47 9480
41 48 4562
41 49 387
41 54 4859
41 60 7075
41 62 8509
41 69 7109
41 71 5228
41 74 7131
41 75 8506
41 82 7034
41 83 1470
41 84 2785
41 89 1139
41 97 5894
41 98 8285
41 112 5730
41 113 1165
41 115 2292
41 120 208
41 123 8210
41 129 7160
41 138 7080
41 140 9697
41 144 9089
41 145 6303
41 146 7705
41 150 4
41 153 2269
41 157 9061
42 46 4753
42 47 4170
42 60 4975
42 61 5030
42 64 6358
42 67 1849
42 68 4408
42 69 584
42 71 6895
42 79 4949
42 92 9152
42 93 8646
42 101 4171
42 107 9733
42 111 2134
42 112 2466
42 113 7682
42 116 9451
42 117 7055
42 121 9341
42 124 3139
42 125 8749
42 137 2546
42 138 2511
42 146 5877
42 147 9921
42 149 4906
42 152 977
42 153 6726
42 154 5946
42 156 9375
43 44 2192
43 45 5496
43 47 3665
43 49 1166
43 51 6655
43 55 5924
43 56 8289
43 57 2884
43 59 822
43 63 7159
43 65 146
43 68 538
43 74 7870
43 75 5085
43 77 868
43 84 8389
43 85 303
43 88 4628
43 94 2058
43 96 2827
43 98 5492
43 102 9766
43 108 3119
43 111 3368
43 121 9811
43 122 4260
43 126 4452
43 130 4172
43 135 4233
43 136 3552
43 139 4484
43 153 3391
43 154 5376
43 155 5299
44 46 4126
44 49 5569
44 54 282
44 59 642
44 76 4692
44 77 6409
44 78 5203
44 81 2526
44 82 5998
44 89 1275
44 91 9142
44 92 8147
44 93 2806
44 100 9364
44 101 8902
44 103 5954
44 104 3822
44 112 7888
44 116 7082
44 126 4431
44 128 6615
44 132 2158
44 135 5040
44 144 7856
44 145 7418
44 147 3417
44 150 8135
44 154 9098
44 157 3221
45 51 8985
45 54 8688
45 58 5301
45 63 8533
45 70 3822
45 71 2211
45 72 2698
45 79 8081
45 82 9155
45 86 7361
45 94 1997
45 95 5760
45 96 3299
45 98 9392
45 101 1036
45 104 911
45 105 6689
45 114 5628
45 116 6855
45 118 8325
45 119 7367
45 121 7068
45 123 1721
45 132 4148
45 136 4495
45 138 2399
45 143 6078
45 146 2689
45 149 6046
45 153 9841
45 154 7703
45 157 636
46 49 6761
46 57 4869
46 59 879
46 64 704
46 69 4183
46 70 3580
46 78 4004
46 82 870
46 86 568
46 87 1775
46 92 1594
46 97 8956
46 106 8590
46 107 7923
46 110 9303
46 111 531
46 112 3316
46 121 2787
46 126 5165
46 127 8700
46 129 3663
46 131 6870
46 136 5792
46 137 4210
46 141 7579
46 147 61
46 148 6677
46 150 5219
47 49 1194
47 53 8342
47 58 3487
47 59 4603
47 69 6601
47 72 8970
47 76 1354
47 78 4186
47 88 889
47 89 405
47 94 92
47 98 4245
47 99 8723
47 102 7929
47 109 3518
47 110 972
47 113 8111
47 115 4549
47 124 3155
47 126 1762
47 130 563
47 133 7506
47 134 9189
47 136 4872
47 137 7174
47 141 4815
47 143 5785
47 145 2951
47 148 9689
47 151 7364
47 154 3206
47 156 7003
47 158 6578
48 51 706
48 61 2137
48 63 7981
48 67 6471
48 71 4139
48 76 6406
48 82 3825
48 85 9567
48 86 8961
48 88 6104
48 89 9762
48 90 1269
48 92 7987
48 96 2866
48 97 6379
48 104 9192
48 109 4911
48 116 917
48 121 4387
48 123 7885
48 124 8137
48 134 1256
48 137 4926
48 138 5506
48 142 7786
48 143 1798
48 151 3322
48 154 67
49 53 7514
49 57 5945
49 58 9507
49 63 3679
49 70 5906
49 76 4668
49 77 5100
49 83 916
49 95 9482
49 101 9667
49 106 2843
49 111 8026
49 117 7015
49 123 6446
49 127 7163
49 131 6761
49 134 2216
49 135 4774
49 140 7968
49 141 5057
49 142 864
49 143 5211
49 152 5213
49 153 2716
49 155 4547
50 51 6491
50 56 4884
50 60 6185
50 62 5523
50 64 2400
50 66 1575
50 76 6959
50 88 5214
50 89 7486
50 91 6973
50 94 9075
50 99 3185
50 102 2207
50 110 4109
50 111 1069
50 113 6864
50 115 1351
50 121 5672
50 131 9212
50 132 7819
50 133 3698
50 135 1222
50 137 3467
50 140 2799
50 146 7372
50 152 5284
50 155 2266
51 54 6142
51 64 7896
51 68 4458
51 69 1003
51 76 8048
51 85 6846
51 89 5746
51 93 4254
51 95 4900
51 108 1423
51 109 1736
51 110 7117
51 115 171
51 119 2282
51 123 9952
51 127 2440
51 130 1618
51 133 3241
51 143 6475
51 149 5003
51 150 8460
51 155 1781
51 156 9251
52 59 9416
52 64 6220
52 70 5021
52 75 7844
52 86 165
52 88 6997
52 89 7510
52 92 9357
52 100 4936
52 104 6945
52 110 1377
52 115 9836
52 121 6977
52 130 2210
52 134 6615
52 138 7016
52 141 7311
52 142 8437
52 143 2185
52 145 1314
52 146 4990
52 148 7220
52 152 2449
52 153 6894
52 154 8932
52 155 4138
52 157 3648
53 58 4316
53 63 9370
53 68 3038
53 69 9608
53 70 3733
53 71 5758
53 78 1778
53 79 3508
53 80 7947
53 85 6318
53 87 3520
53 89 5716
53 94 1649
53 113 9786
53 118 4704
53 120 1493
53 122 5432
53 124 2176
53 132 8142
53 133 2440
53 134 3313
53 138 3201
53 144 4040
53 147 4916
53 150 2193
53 153 4307
53 155 1754
54 61 2010
54 63 8192
54 64 3920
54 69 3979
54 72 1323
54 81 5629
54 83 704
54 85 7626
54 89 1913
54 90 3131
54 93 7462
54 99 3118
54 100 3953
54 104 1084
54 105 8969
54 108 4210
54 109 2285
54 116 5406
54 118 4228
54 122 6681
54 124 8025
54 130 3192
54 131 6630
54 135 8119
54 136 4733
54 138 7171
54 142 5231
54 145 4100
54 146 2198
54 148 9983
54 152 9860
54 156 7087
54 157 6669
55 60 6641
55 67 6911
55 69 1964
55 70 4057
55 87 1501
55 89 9395
55 95 56
55 109 4711
55 111 4267
55 117 7399
55 118 2620
55 121 5402
55 129 8272
55 132 3562
55 135 6626
55 136 5840
55 137 8677
55 139 8240
55 150 877
55 153 1332
55 155 4568
55 158 98
56 58 7850
56 63 2911
56 64 7645
56 67 8778
56 68 4590
56 71 4176
56 78 6175
56 81 3576
56 88 6518
56 95 2045
56 101 1185
56 102 6938
56 109 8721
56 113 7974
56 115 7140
56 118 6034
56 119 8249
56 121 1354
56 138 7419
56 139 8647
56 147 6113
56 150 8213
56 152 7362
56 153 9788
56 155 7428
57 59 3842
57 62 3571
57 68 7985
57 69 8372
57 72 7131
57 75 809
57 76 2529
57 77 6188
57 78 3145
57 87 1244
57 89 2793
57 91 6980
57 92 1654
57 94 9685
57 95 1227
57 99 7086
57 107 8962
57 109 8984
57 110 5541
57 111 3899
57 112 8759
57 113 5719
57 114 180
57 115 2420
57 116 664
57 120 4944
57 122 3971
57 123 3376
57 129 6867
57 130 1808
57 133 5832
57 136 8461
57 137 1929
57 138 3384
57 144 2538
57 145 1690
57 149 9758
57 150 623
57 152 6278
57 156 9708
57 158 7778
58 60 515
58 64 3468
58 68 4634
58 79 2096
58 98 742
58 100 2833
58 103 7408
58 110 5278
58 111 5872
58 112 7184
58 115 4906
58 129 5332
58 131 4563
58 133 9550
58 136 1119
58 146 1498
58 148 4793
58 151 2490
58 154 8443
59 64 1577
59 69 4967
59 72 5695
59 73 6835
59 75 1838
59 79 5120
59 80 540
59 84 3615
59 85 3258
59 87 1424
59 88 5776
59 90 5199
59 94 9644
59 95 8228
59 98 7745
59 99 4651
59 103 2675
59 108 9825
59 119 5533
59 123 5778
59 124 2160
59 128 3632
59 134 1416
59 139 6925
59 140 3672
59 141 2933
59 142 9068
59 144 3348
59 151 9085
59 152 3903
59 155 7907
59 156 2331
59 157 6553
60 63 6645
60 70 3531
60 72 8423
60 74 1043
60 76 9140
60 81 2423
60 82 7135
60 83 5222
60 90 9213
60 104 6523
60 105 9303
60 107 6909
60 112 198
60 113 8112
60 114 1629
60 115 8353
60 117 460
60 120 2811
60 121 6725
60 125 1371
60 127 9981
60 128 6684
60 130 5824
60 136 7788
60 137 6742
60 140 9646
60 143 2564
60 148 1539
60 154 4509
60 156 6457
61 65 4354
61 66 5700
61 67 1531
61 69 5854
61 75 3395
61 85 1134
61 86 1994
61 88 3985
61 99 3787
61 113 4116
61 123 6806
61 124 3259
61 127 3123
61 129 7120
61 133 3981
61 135 7330
61 139 8310
61 144 5045
61 145 2657
61 148 9662
61 158 9696
62 67 6451
62 78 9063
62 80 55
62 89 7936
62 94 3345
62 95 8931
62 98 9788
62 100 582
62 115 4702
62 119 7566
62 121 1615
62 128 8199
62 129 7391
62 133 6769
62 136 4305
62 137 2904
62 139 527
62 140 6726
62 145 8842
62 146 6235
62 153 5125
62 155 1374
62 158 2326
63 65 6018
63 66 1348
63 67 5454
63 71 1462
63 82 5227
63 83 2857
63 90 8185
63 94 4006
63 99 6030
63 104 537
63 107 3507
63 109 302
63 115 804
63 117 3909
63 119 6486
63 123 9597
63 124 9938
63 131 4830
63 133 5865
63 137 7206
63 138 3341
63 144 3893
63 148 1087
63 150 5901
63 152 739
64 67 9316
64 69 5168
64 73 9115
64 97 3026
64 103 7189
64 104 3254
64 106 2507
64 111 4690
64 120 1875
64 122 3171
64 125 4734
64 126 8067
64 130 1523
64 136 8640
64 140 5579
64 141 8893
64 142 1364
64 144 643
64 145 1798
64 146 5332
64 149 2405
65 66 8979
65 72 5507
65 75 1562
65 81 2050
65 91 2988
65 92 3465
65 93 6393
65 96 7377
65 99 2701
65 101 224
65 104 656
65 113 5063
65 116 8311
65 121 9546
65 123 3744
65 129 215
65 131 2545
65 135 7127
65 140 1346
65 143 1600
65 144 8221
65 145 5389
65 148 8437
65 150 9774
65 151 3241
65 158 5730
66 69 8022
66 72 3987
66 73 6228
66 75 6267
66 78 3518
66 79 6244
66 84 1843
66 87 4597
66 90 7076
66 95 2584
66 96 9012
66 98 2241
66 99 3582
66 109 6555
66 112 8402
66 123 4268
66 128 4238
66 130 952
66 131 1264
66 132 588
66 135 4455
66 139 519
66 142 2037
66 144 4712
66 150 1494
66 156 7685
66 158 2723
67 70 9573
67 71 2411
67 76 8468
67 79 7644
67 83 9514
67 87 2235
67 90 9802
67 94 5685
67 98 9644
67 99 6610
67 103 3338
67 108 4007
67 109 5181
67 117 780
67 122 7267
67 124 2181
67 127 5170
67 128 2920
67 132 2240
67 134 6282
67 148 4082
67 158 7703
68 71 701
68 72 349
68 73 1224
68 74 6694
68 83 5404
68 85 2955
68 87 7653
68 94 8047
68 95 1697
68 97 7925
68 99 5043
68 101 7541
68 108 5879
68 109 3864
68 110 5636
68 123 1292
68 137 7963
68 138 1506
68 139 6491
68 141 1087
68 148 7082
68 155 6840
68 158 6604
69 71 2748
69 73 3718
69 80 9002
69 92 7211
69 93 4092
69 98 2602
69 119 8514
69 120 2232
69 122 3520
69 131 4598
69 133 5427
69 137 3345
69 140 1241
69 143 3078
69 146 6577
69 149 4167
69 152 416
69 154 3581
69 158 7447
70 77 402
70 78 9464
70 81 4619
70 82 8043
70 87 5086
70 90 1234
70 91 8972
70 95 3424
70 97 1190
70 100 9812
70 105 4097
70 107 6570
70 116 4251
70 121 7311
70 124 4721
70 129 4623
70 130 5605
70 139 4825
70 140 5074
70 143 4801
70 155 913
71 72 3156
71 73 6303
71 74 5432
71 75 9025
71 77 1506
71 79 4291
71 80 3854
71 85 3356
71 92 6802
71 93 456
71 94 4485
71 107 648
71 111 3072
71 112 4559
71 113 1784
71 114 3617
71 116 6643
71 119 5501
71 120 7305
71 121 6727
71 126 5734
71 130 6013
71 132 5934
71 134 7180
71 140 8637
71 144 4094
71 153 8859
72 75 5550
72 84 3270
72 85 7653
72 87 6118
72 94 3426
72 96 9091
72 100 4781
72 101 5083
72 104 9423
72 114 900
72 116 1007
72 117 9365
72 119 9829
72 124 3129
72 130 2411
72 136 2519
72 137 3834
72 142 5619
72 143 5403
73 87 1828
73 91 5217
73 95 4828
73 97 3869
73 101 5933
73 112 8288
73 116 8812
73 120 1560
73 125 9039
73 126 65
73 127 1620
73 151 4710
73 154 7309
73 155 9333
73 156 3821
73 158 4357
74 77 1102
74 80 4179
74 84 9561
74 86 9423
74 90 9652
74 97 2302
74 99 8317
74 100 4222
74 102 4288
74 103 133
74 105 6282
74 113 1607
74 119 4761
74 120 2386
74 123 7522
74 130 3103
74 131 5044
74 133 7227
74 135 1583
74 139 9018
74 140 7617
74 141 856
74 142 4618
74 146 7491
74 147 7295
74 153 6487
75 83 6665
75 88 1994
75 91 4732
75 100 669
75 114 2573
75 117 7100
75 122 4953
75 127 6676
75 129 4742
75 130 2511
75 133 6923
75 138 4053
75 143 8801
75 145 1692
75 150 747
75 152 4289
75 155 4450
76 86 7176
76 87 8612
76 92 8604
76 95 947
76 96 3298
76 99 38
76 103 6672
76 106 1062
76 108 8212
76 112 1013
76 115 3815
76 116 4612
76 117 7225
76 121 4674
76 122 4182
76 126 4589
76 128 5184
76 130 3963
76 131 8565
76 133 4367
76 134 6352
76 142 5276
76 151 236
76 154 343
76 157 7453
77 81 3883
77 82 712
77 84 4069
77 85 3057
77 87 4110
77 90 8821
77 93 4490
77 94 9123
77 101 4242
77 110 357
77 111 8953
77 114 4558
77 116 8857
77 123 1398
77 125 4487
77 131 41
77 133 8980
77 152 2558
77 153 3601
78 84 5581
78 85 7933
78 87 4001
78 93 7020
78 94 1197
78 99 5820
78 101 3033
78 102 627
78 104 5156
78 112 9293
78 122 7485
78 125 896
78 126 6953
78 127 3522
78 128 6673
78 130 1351
78 134 9234
78 135 2506
78 137 771
78 138 3953
78 139 7893
78 140 8174
78 142 4572
78 145 116
78 148 1673
78 154 8060
78 156 4614
79 80 9997
79 82 8717
79 83 2163
79 87 5225
79 89 9765
79 96 8986
79 101 555
79 103 461
79 108 7356
79 117 9138
79 118 2445
79 121 4263
79 124 9854
79 127 2243
79 130 6150
79 139 2391
79 143 4254
79 153 6568
79 157 3913
80 81 2120
80 83 2517
80 87 4289
80 96 3968
80 97 4861
80 102 3773
80 112 8511
80 113 4507
80 115 2374
80 117 7736
80 119 1100
80 120 2995
80 121 9689
80 128 6888
80 131 2534
80 132 3639
80 149 6544
80 154 8372
81 82 4825
81 83 4659
81 90 5551
81 104 7470
81 107 6945
81 108 5996
81 117 725
81 118 6409
81 121 1582
81 123 5718
81 131 4983
81 132 2538
81 133 754
81 139 1998
81 140 3185
81 148 3011
81 149 9608
81 151 4301
81 152 7138
81 157 8519
81 158 8257
82 83 4220
82 90 6174
82 92 8172
82 93 6861
82 100 2614
82 105 9524
82 106 9293
82 113 2862
82 116 5161
82 117 5126
82 118 1266
82 121 1669
82 130 4289
82 137 7848
82 145 4906
82 148 181
83 86 1496
83 89 6863
83 95 8122
83 98 1437
83 99 8487
83 105 6122
83 106 6743
83 113 7103
83 114 406
83 123 9998
83 124 2272
83 126 9748
83 127 842
83 128 7825
83 129 2307
83 131 3054
83 134 5190
83 138 6435
83 141 5357
83 145 4086
83 150 6665
83 153 2555
83 154 9182
84 87 3712
84 88 453
84 98 8864
84 101 8092
84 102 449
84 110 2046
84 112 7830
84 113 281
84 116 5840
84 117 2624
84 120 9658
84 121 8253
84 124 8620
84 126 1673
84 132 3062
84 140 6936
84 147 5623
84 149 2126
84 155 8669
85 87 3030
85 89 3046
85 92 4713
85 98 5947
85 103 5987
85 118 2857
85 123 3683
85 124 6480
85 146 7087
85 158 968
86 89 6834
86 92 3789
86 105 2705
86 108 5144
86 109 6497
86 116 8674
86 122 4092
86 126 8955
86 127 8078
86 136 8018
86 139 3639
86 140 3463
86 150 1695
86 151 8080
86 152 3107
86 157 3511
87 92 3462
87 96 9186
87 100 779
87 101 7923
87 102 1227
87 105 3530
87 111 2313
87 116 1564
87 124 7871
87 129 5051
87 130 6297
87 131 4668
87 134 7263
87 136 5052
87 149 1445
87 150 7450
87 156 8451
88 96 1095
88 97 5301
88 98 8396
88 100 5645
88 106 6173
88 113 2633
88 119 2222
88 120 9012
88 128 2835
88 129 4364
88 135 9144
88 138 3982
88 142 9620
88 145 2590
88 146 2967
88 152 8500
88 156 6417
89 96 9425
89 98 6617
89 110 3695
89 118 8936
89 120 7607
89 121 6585
89 137 9853
89 140 9356
89 141 5214
89 152 6736
89 153 7218
89 155 9925
89 157 3108
90 95 2088
90 99 7080
90 101 1517
90 113 6884
90 116 7517
90 125 7736
90 131 1428
90 132 1077
90 135 628
90 146 1687
90 148 8626
90 152 8053
91 93 9780
91 103 2135
91 107 537
91 110 7808
91 113 4851
91 119 5885
91 120 263
91 122 3111
91 129 2223
91 131 3698
91 135 3622
91 136 2399
91 144 8134
91 153 6998
91 158 6798
92 95 2800
92 98 2893
92 107 7232
92 111 3048
92 116 9364
92 122 7663
92 124 2227
92 125 8
92 128 4145
92 129 1298
92 133 7755
92 135 4934
92 139 1211
92 142 7330
92 146 4259
92 152 1401
92 156 4221
93 94 1630
93 97 560
93 104 824
93 109 5666
93 111 9644
93 112 3258
93 114 8805
93 116 9310
93 126 8543
93 141 3890
93 143 1048
93 144 5113
93 147 9677
93 150 9179
93 155 705
94 96 1101
94 98 3207
94 108 461
94 115 6281
94 128 7570
94 130 1210
94 137 7045
94 148 1563
94 153 6977
94 155 1403
95 99 1203
95 106 5877
95 111 1728
95 112 4410
95 113 7270
95 118 5103
95 129 7944
95 137 6600
95 146 5182
95 147 8350
95 152 7847
95 154 5091
95 157 6136
96 97 2591
96 102 4266
96 109 6184
96 116 788
96 119 7834
96 127 8302
96 128 5421
96 129 931
96 130 6547
96 131 6715
96 143 6736
96 145 6308
96 149 8502
97 100 9906
97 105 8653
97 108 4423
97 110 75
97 111 1595
97 112 2308
97 114 7097
97 115 5977
97 117 3026
97 127 5460
97 128 6871
97 129 2922
97 130 5819
97 145 8404
97 146 6161
97 148 6494
97 152 7910
97 155 3625
98 104 1129
98 110 9258
98 115 7089
98 132 9663
98 138 3629
98 152 2817
99 105 7295
99 106 5258
99 116 4950
99 118 5326
99 122 8081
99 123 5884
99 124 740
99 125 2921
99 134 6426
99 136 7318
99 142 6623
99 146 4427
99 149 2361
99 152 6119
99 154 1340
99 157 2234
100 101 537
100 102 5534
100 104 6459
100 105 6168
100 112 2335
100 115 999
100 118 328
100 121 9140
100 122 2669
100 129 7042
100 130 2250
100 134 9131
100 140 5776
100 145 973
100 146 7395
101 102 562
101 112 3693
101 113 4231
101 118 6335
101 128 7906
101 130 2356
101 133 3544
101 144 8940
101 146 1044
101 147 5342
102 106 9414
102 109 7900
102 111 9298
102 116 4908
102 118 4680
102 119 5076
102 120 9614
102 122 6514
102 125 3782
102 129 2992
102 133 7458
102 136 1490
102 138 4336
102 144 7311
102 147 1695
102 153 1928
102 155 997
103 109 3510
103 115 94
103 116 9505
103 124 8173
103 125 4866
103 134 3123
103 135 3674
103 138 5403
103 145 5060
103 150 2210
103 152 8749
103 156 9654
104 107 3382
104 118 539
104 126 3129
104 131 8083
104 133 2236
104 135 4473
104 138 5293
104 140 6129
104 148 7207
104 151 6762
104 155 6268
104 156 9159
105 109 3915
105 111 6108
105 121 7103
105 122 238
105 123 1597
105 125 6114
105 128 6163
105 133 9656
105 136 5714
105 137 7318
105 143 8681
105 150 98
105 151 5006
105 155 4199
105 157 7630
106 108 8491
106 114 4776
106 116 9769
106 122 4895
106 123 5567
106 125 2953
106 128 4994
106 133 1435
106 137 8832
106 143 6332
106 144 498
106 153 7961
106 157 5625
107 110 8252
107 115 8379
107 121 7293
107 128 655
107 135 7380
107 141 27
107 145 9163
107 154 5351
108 129 1067
108 134 3469
108 136 4825
108 144 2294
108 150 3641
108 152 239
108 154 2089
108 158 1433
109 110 7243
109 114 7781
109 119 4024
109 127 5713
109 128 752
109 129 6918
109 130 1922
109 132 9064
109 142 2530
109 143 2594
109 146 9197
109 148 3176
109 150 3767
109 151 4950
109 153 3406
109 154 762
109 157 1566
109 158 1497
110 111 5632
110 116 9618
110 119 9344
110 120 4865
110 121 3597
110 122 5836
110 123 586
110 129 6964
110 132 8424
110 134 366
110 135 6337
110 141 1433
110 144 7921
110 145 137
110 148 5299
110 154 5083
110 158 3322
111 112 8469
111 114 4540
111 115 5592
111 128 1891
111 130 7874
111 136 7785
111 141 861
111 148 6728
111 149 5823
112 119 2792
112 129 2558
112 134 6747
112 135 5120
112 143 4124
112 147 4000
112 152 2005
112 153 6372
112 155 6227
112 157 5787
113 116 7649
113 119 1628
113 125 3096
113 131 6203
113 133 5083
113 135 1729
113 138 2509
113 141 4388
113 150 9919
113 155 1627
113 156 9298
113 157 9160
114 116 1781
114 125 3962
114 129 3632
114 148 3904
114 149 1222
114 152 7465
114 157 7724
114 158 8705
115 121 8739
115 122 9840
115 125 1598
115 131 6705
115 137 7631
115 148 5225
115 152 6654
115 155 2080
116 117 4558
116 120 3135
116 124 4363
116 128 9360
116 132 9354
116 137 6331
116 138 5913
116 141 6031
116 143 9913
116 147 606
116 148 6879
116 153 3558
116 154 1354
116 155 4187
117 118 9820
117 121 7977
117 127 7020
117 129 533
117 130 6213
117 133 5456
117 135 2392
117 139 1431
117 152 12
117 153 946
117 154 6075
118 119 6068
118 127 3543
118 128 9755
118 131 5609
118 134 2726
118 136 7409
118 138 4519
118 141 283
118 142 7986
118 143 6341
118 146 8120
118 147 3141
118 150 9479
118 154 8620
118 156 8740
119 130 5675
119 131 3738
119 133 2511
119 135 3707
119 139 9753
119 143 5945
119 144 1557
119 145 6542
119 149 7867
119 152 8466
119 154 4814
120 122 6192
120 123 5348
120 124 3379
120 128 2466
120 132 2834
120 136 7775
120 140 3266
120 141 4007
120 149 2769
121 127 4854
121 132 2959
121 133 6980
121 135 7206
121 137 6293
121 139 9321
121 141 4183
121 143 3557
121 145 2401
121 152 5189
122 125 5788
122 128 2613
122 134 5721
122 135 7906
122 145 5014
122 146 5312
122 156 6994
122 158 6121
123 130 5820
123 131 372
123 133 8497
123 135 9990
123 137 1586
123 147 1906
123 155 3594
124 126 7729
124 129 4336
124 131 4684
124 138 8228
124 145 5434
124 152 178
125 128 2430
125 133 2263
125 137 2824
125 147 27
125 149 2691
125 153 3373
126 128 3538
126 129 9022
126 133 7895
126 134 490
126 135 1756
126 141 6910
126 144 3877
126 146 8353
126 148 8348
126 149 372
126 152 6006
126 155 7648
126 156 1935
127 136 8570
127 137 9745
127 138 2140
127 146 8941
127 147 5872
127 153 2078
128 129 3327
128 132 7064
128 137 6588
128 139 5699
128 140 5533
128 142 9752
128 150 3777
128 156 7285
129 137 8277
129 140 5110
129 147 1547
129 149 765
129 155 504
129 158 2603
130 141 8320
130 143 45
130 147 3151
130 149 4127
130 151 3814
130 156 62
131 135 2572
131 140 1752
131 154 342
131 158 4807
132 135 6670
132 139 5696
132 148 4197
132 151 9013
132 154 2760
132 156 6381
132 157 6739
133 143 6595
133 145 3218
133 148 6535
133 149 7814
133 153 8980
133 157 5929
134 141 2650
134 142 429
134 143 645
134 147 3863
134 156 3229
134 158 8919
135 136 4735
135 139 9699
135 141 9863
135 144 7564
135 149 8505
135 151 1008
135 152 5449
135 156 7452
136 138 4799
136 145 6672
136 148 5181
136 150 5043
136 156 394
137 139 7365
137 146 2867
137 155 8122
137 156 884
138 139 8011
138 140 3196
138 151 7150
138 152 2
138 153 5255
138 154 573
138 155 1339
138 157 1434
138 158 4482
139 140 2123
139 147 963
139 148 1346
139 151 1731
139 155 7318
139 158 7673
140 143 7263
140 151 4809
140 157 1285
141 148 5269
141 154 8016
141 157 8667
141 158 2388
142 149 8595
142 150 7651
142 152 1236
142 153 6326
143 145 5552
143 147 4379
144 145 3112
144 151 2589
144 154 9191
145 146 3314
145 158 8738
146 150 6546
146 155 5642
146 157 1905
147 153 6772
147 156 4800
148 149 4288
148 153 503
148 155 1832
149 158 2974
150 151 817
150 155 3427
150 156 7128
150 158 4083
151 152 4434
151 154 8480
151 157 7660
152 154 4065
153 157 7129
154 156 1110
156 158 546
