237 6997 90578 104
0 3 5503
0 4 5421
0 5 8018
0 6 2811
0 8 1848
0 9 1210
0 10 9328
0 15 3221
0 20 7705
0 32 1494
0 42 2754
0 43 178
0 45 6064
0 47 4003
0 49 946
0 50 8190
0 54 7219
0 55 6634
0 57 8077
0 58 5048
0 61 471
0 71 6645
0 76 9048
0 78 1699
0 84 3110
0 85 2896
0 87 407
0 103 1741
0 114 5527
0 115 6677
0 117 9170
0 118 2240
0 121 734
0 126 8609
0 127 9127
0 128 5126
0 132 793
0 136 4215
0 141 5342
0 144 2129
0 154 1062
0 160 1026
0 163 3305
0 171 9857
0 178 2844
0 179 5491
0 180 9458
0 186 3953
0 190 5765
0 193 7869
0 198 8887
0 204 8914
0 209 9346
0 210 9658
0 211 4901
0 215 8856
0 219 4756
0 222 5589
0 223 9871
0 225 158
0 227 837
0 231 2119
1 4 3985
1 5 1990
1 7 2822
1 10 1550
1 12 8162
1 14 1784
1 29 1223
1 34 5163
1 35 5676
1 40 8505
1 42 9996
1 50 5474
1 59 3894
1 65 6652
1 66 7003
1 67 8426
1 68 3238
1 69 8173
1 71 8957
1 72 3330
1 80 5966
1 82 3933
1 85 525
1 87 2262
1 92 3674
1 102 5334
1 104 18
1 105 6071
1 106 3063
1 107 4992
1 108 9720
1 113 9732
1 122 6460
1 123 6928
1 125 5718
1 131 3849
1 134 7741
1 135 6569
1 138 3480
1 144 8012
1 153 1028
1 157 6242
1 165 9632
1 177 281
1 179 1952
1 181 3364
1 182 3060
1 183 2152
1 187 8175
1 191 9399
1 193 11
1 195 7393
1 198 4158
1 210 7727
1 213 5834
1 214 8944
1 216 5917
1 222 2729
1 223 9567
1 230 3175
1 232 8892
1 233 5089
1 236 941
2 7 5925
2 8 6100
2 9 1201
2 13 9299
2 19 271
2 21 8337
2 30 7365
2 50 4498
2 54 7726
2 55 1794
2 56 1869
2 64 3532
2 68 746
2 70 3832
2 80 2897
2 81 3268
2 82 411
2 85 3794
2 91 8537
2 94 955
2 96 7461
2 101 2287
2 102 797
2 104 6210
2 109 2098
2 113 4714
2 115 8858
2 116 7785
2 117 4539
2 118 3904
2 119 8666
2 120 2218
2 123 9764
2 126 3188
2 133 9079
2 136 4630
2 143 813
2 146 4989
2 153 2203
2 155 6729
2 159 9731
2 165 6633
2 166 707
2 167 4623
2 170 5462
2 172 4999
2 176 8109
2 182 1087
2 191 6221
2 192 6907
2 193 8241
2 205 9982
2 206 6327
2 209 2417
2 217 2970
2 218 4957
2 220 6089
2 222 9256
2 230 318
2 231 6320
2 235 3220
3 9 7709
3 12 6447
3 16 573
3 20 3356
3 23 7491
3 26 3418
3 28 877
3 29 7951
3 33 4059
3 41 6737
3 47 3115
3 55 7975
3 56 8631
3 59 8004
3 60 7659
3 62 6900
3 63 1707
3 64 2462
3 67 7196
3 69 8333
3 79 1290
3 81 4388
3 85 6364
3 93 8867
3 96 341
3 97 30
3 106 648
3 113 5066
3 116 4636
3 120 5760
3 123 9214
3 126 8365
3 128 7372
3 130 748
3 131 5108
3 136 3153
3 137 8248
3 142 5526
3 144 7793
3 146 7683
3 155 490
3 160 3388
3 162 59
3 163 9969
3 169 5126
3 170 4915
3 172 405
3 177 3480
3 190 3674
3 193 7238
3 194 7594
3 196 8293
3 197 9940
3 201 874
3 208 4269
3 209 9705
3 213 9210
3 216 1356
3 223 8108
3 225 4718
3 226 8505
3 230 7312
3 233 5697
3 236 5816
4 11 3697
4 13 5639
4 16 5110
4 26 5334
4 30 3595
4 39 2159
4 40 3636
4 43 6999
4 44 3196
4 52 7274
4 55 9613
4 61 5868
4 62 8871
4 64 4129
4 70 2608
4 72 5538
4 78 5679
4 87 2110
4 88 3371
4 89 1580
4 90 5522
4 94 7340
4 95 5903
4 96 9459
4 106 9742
4 107 1699
4 117 723
4 125 7640
4 129 951
4 134 4734
4 145 3810
4 149 9114
4 150 9059
4 153 28
4 157 5561
4 158 5218
4 160 3829
4 167 1420
4 169 1025
4 171 7439
4 173 2152
4 181 4887
4 182 210
4 183 1139
4 185 4102
4 187 8363
4 188 9399
4 192 6571
4 194 493
4 212 6402
4 218 1249
4 220 2500
4 222 465
4 223 5741
4 229 6951
4 230 1004
4 234 8284
5 6 4465
5 9 8801
5 13 5437
5 14 8218
5 30 7229
5 35 4923
5 42 8799
5 45 9857
5 46 7346
5 51 1751
5 52 7847
5 56 628
5 58 3849
5 59 6528
5 62 1154
5 64 7577
5 66 6689
5 67 6914
5 70 7586
5 75 7800
5 83 4547
5 84 2413
5 87 1326
5 95 8999
5 100 434
5 105 3635
5 107 4712
5 112 8853
5 113 4413
5 122 1764
5 123 6135
5 126 4021
5 129 1120
5 134 3681
5 136 7530
5 140 1833
5 141 2276
5 145 9454
5 147 4729
5 148 515
5 149 6040
5 155 746
5 161 3230
5 165 5266
5 166 7280
5 172 8835
5 177 7002
5 181 6112
5 182 6432
5 184 2029
5 186 7026
5 187 8085
5 194 157
5 196 1753
5 200 7487
5 204 3134
5 206 5117
5 207 284
5 209 4089
5 210 2189
5 211 5267
5 214 2265
5 217 1900
5 230 1250
5 235 8601
6 10 394
6 12 2397
6 16 558
6 18 7664
6 19 4563
6 24 2113
6 28 1073
6 33 8344
6 36 6122
6 37 9734
6 41 4762
6 46 4255
6 54 3383
6 65 9233
6 74 2877
6 78 9310
6 83 7467
6 87 6986
6 89 2443
6 92 2980
6 94 4263
6 106 6429
6 108 9319
6 111 158
6 114 385
6 115 896
6 118 1304
6 120 7246
6 124 4260
6 128 9982
6 137 9613
6 140 4180
6 141 3866
6 152 4088
6 156 5547
6 159 9338
6 160 7024
6 163 295
6 172 3377
6 179 66
6 183 8595
6 184 9777
6 191 8818
6 192 2690
6 193 5199
6 201 6265
6 205 8660
6 206 1901
6 208 5371
6 215 7055
6 216 7650
6 223 7105
6 226 37
6 231 6056
6 232 1948
6 234 6809
7 8 2759
7 9 2451
7 12 6914
7 19 9106
7 20 5835
7 32 5732
7 33 1196
7 36 7718
7 39 408
7 42 4163
7 43 6081
7 44 1269
7 47 8589
7 55 4601
7 58 9159
7 61 4102
7 62 73
7 64 9362
7 66 990
7 67 5986
7 68 8311
7 69 2568
7 71 8291
7 73 2663
7 75 9784
7 86 7678
7 88 1914
7 89 603
7 92 8682
7 93 7110
7 94 2816
7 97 1995
7 98 3068
7 101 4568
7 104 2275
7 108 4741
7 121 8886
7 125 3957
7 126 2409
7 129 9497
7 132 8456
7 134 9011
7 143 1769
7 146 1837
7 147 4203
7 151 1081
7 158 4749
7 159 2209
7 163 167
7 164 740
7 165 7577
7 170 480
7 177 2735
7 179 253
7 181 6598
7 185 2717
7 191 6031
7 192 8071
7 196 9921
7 197 7415
7 199 4197
7 209 4835
7 215 4745
7 220 9946
7 226 9298
7 227 3360
7 231 7363
7 236 8104
8 11 2068
8 12 8642
8 13 1476
8 14 6962
8 16 6159
8 25 8187
8 37 9925
8 39 4959
8 41 4606
8 45 8999
8 47 2170
8 48 932
8 49 4319
8 51 7934
8 52 5771
8 56 7782
8 61 9577
8 64 5096
8 78 9404
8 86 5199
8 89 7995
8 93 3833
8 94 438
8 104 2496
8 108 2401
8 116 9502
8 117 8211
8 118 78
8 119 167
8 120 8480
8 123 2259
8 126 3289
8 127 1833
8 134 2437
8 143 8502
8 148 9177
8 150 8120
8 158 8275
8 161 8070
8 163 1522
8 170 1740
8 178 3031
8 179 8862
8 181 4150
8 182 339
8 187 2409
8 192 7420
8 194 7547
8 198 7168
8 206 8588
8 209 7780
8 210 704
8 213 2589
8 214 5615
8 215 9882
8 217 6632
8 218 7436
8 223 7465
8 232 3587
8 235 3618
9 15 6579
9 18 8911
9 20 9324
9 24 4754
9 27 932
9 43 737
9 47 2661
9 56 849
9 69 335
9 70 9530
9 71 8761
9 85 2172
9 90 3341
9 104 7950
9 106 6210
9 109 5184
9 112 2741
9 113 8185
9 114 9563
9 121 325
9 126 3019
9 127 7915
9 132 6213
9 140 1385
9 142 413
9 146 6866
9 147 6260
9 157 4090
9 165 2553
9 168 3821
9 171 219
9 176 9246
9 177 9728
9 185 6027
9 190 3757
9 191 8755
9 192 8992
9 204 2384
9 215 3083
9 217 1057
9 226 7618
9 228 1515
9 229 6596
9 235 9877
9 236 5214
10 14 7356
10 22 2269
10 23 8357
10 27 6859
10 34 6952
10 36 8681
10 42 3858
10 46 5074
10 47 9133
10 52 8748
10 58 8650
10 59 2183
10 65 1280
10 66 8472
10 68 1633
10 74 9317
10 82 1126
10 83 3883
10 85 1484
10 87 8786
10 94 6413
10 98 9935
10 104 2315
10 106 8432
10 112 454
10 117 2791
10 119 8162
10 123 290
10 125 5640
10 126 5390
10 129 7137
10 131 2878
10 137 8451
10 140 9324
10 144 9483
10 145 599
10 149 6332
10 154 8430
10 155 1355
10 159 9915
10 165 4989
10 167 1394
10 169 9499
10 174 1729
10 175 6979
10 177 6678
10 178 7232
10 179 296
10 187 4286
10 190 483
10 193 1671
10 194 8560
10 195 2546
10 197 3673
10 203 4983
10 206 8230
10 211 9464
10 215 3516
10 217 6923
10 219 1364
10 221 613
10 223 3433
10 227 1488
10 232 2054
10 235 9121
11 13 5120
11 14 3433
11 15 5288
11 19 5386
11 29 8618
11 31 9092
11 32 8154
11 37 1056
11 40 7570
11 41 8090
11 43 1215
11 51 1992
11 55 1265
11 57 3479
11 59 4357
11 61 619
11 71 8726
11 73 9175
11 75 9148
11 81 5857
11 82 5854
11 83 4321
11 84 898
11 86 1409
11 87 4019
11 89 4839
11 90 4241
11 98 6297
11 100 37
11 104 3052
11 107 7135
11 112 401
11 121 4897
11 124 528
11 128 48
11 136 8724
11 142 4539
11 146 9184
11 164 4496
11 167 7406
11 177 3834
11 178 655
11 183 226
11 185 368
11 192 9386
11 201 3955
11 202 216
11 207 7256
11 208 584
11 209 7091
11 222 7610
11 223 2608
11 227 3718
11 231 2933
11 232 266
12 13 2884
12 18 7128
12 20 5054
12 23 7829
12 27 7578
12 28 317
12 29 512
12 32 8526
12 40 9348
12 42 8833
12 45 3381
12 47 1423
12 51 8856
12 53 3272
12 57 9577
12 58 5652
12 63 6187
12 64 6078
12 65 8697
12 66 2263
12 67 9820
12 70 902
12 71 1472
12 75 7549
12 77 8176
12 80 6028
12 83 6289
12 85 6613
12 88 4913
12 91 8390
12 92 6495
12 96 4915
12 98 2752
12 101 927
12 104 9932
12 108 1574
12 116 3146
12 125 8704
12 134 5462
12 137 792
12 141 2094
12 143 3705
12 146 3161
12 149 7727
12 150 7177
12 154 5875
12 166 1887
12 172 753
12 185 37
12 187 842
12 188 4209
12 190 1028
12 195 2818
12 196 1876
12 203 3742
12 208 1393
12 209 9266
12 211 7088
12 212 9973
12 219 9905
12 225 1663
12 228 7807
12 230 1684
12 231 1239
12 236 9399
13 16 7794
13 18 97
13 23 3153
13 29 4605
13 36 6038
13 38 49
13 40 230
13 44 1539
13 50 3301
13 55 2524
13 57 6684
13 58 4355
13 61 4784
13 69 858
13 71 9317
13 85 3803
13 87 3555
13 90 4506
13 92 5813
13 108 6383
13 109 127
13 111 5448
13 126 3143
13 130 9579
13 132 4101
13 148 313
13 159 6734
13 163 2276
13 166 8763
13 169 2489
13 174 2520
13 181 8652
13 190 9390
13 199 126
13 206 6879
13 217 5889
13 233 5565
13 234 5585
14 16 700
14 19 5612
14 28 9947
14 31 9852
14 32 7020
14 47 9950
14 50 8465
14 55 5093
14 59 194
14 63 9171
14 72 573
14 74 2886
14 76 2482
14 84 1313
14 100 3778
14 102 997
14 103 397
14 107 6604
14 109 8508
14 111 1409
14 115 3760
14 122 9942
14 130 3493
14 131 9748
14 135 282
14 138 3446
14 139 5290
14 142 9148
14 146 706
14 147 790
14 151 5877
14 153 6621
14 156 4165
14 161 9449
14 164 4873
14 167 9019
14 170 2185
14 172 4436
14 178 4327
14 180 8836
14 184 7592
14 189 9985
14 198 9110
14 203 13
14 205 5277
14 211 7201
14 222 9295
14 223 9023
14 231 2522
14 232 6974
14 236 8553
15 32 6364
15 36 7020
15 45 5368
15 46 6318
15 49 3917
15 50 4530
15 52 4579
15 55 7849
15 56 9213
15 59 5749
15 61 4881
15 62 6882
15 72 2816
15 79 8883
15 80 2901
15 89 8221
15 92 2264
15 96 3949
15 100 9087
15 117 1365
15 118 1413
15 120 8580
15 122 3329
15 123 8598
15 126 6666
15 127 3463
15 129 4652
15 130 2023
15 133 3696
15 140 9112
15 143 3492
15 144 181
15 150 4045
15 154 1291
15 155 4796
15 157 1835
15 160 783
15 169 2114
15 176 7343
15 177 9682
15 178 8722
15 185 7963
15 187 4285
15 188 9208
15 190 8865
15 191 6842
15 205 9475
15 208 2527
15 210 8495
15 211 545
15 212 2325
15 215 7090
15 219 1924
15 220 1483
15 232 1792
15 234 8409
16 17 5532
16 19 4705
16 22 3650
16 29 1715
16 41 5127
16 42 476
16 43 6941
16 44 92
16 45 7731
16 50 8326
16 55 3939
16 56 3388
16 57 6634
16 58 5191
16 60 7061
16 62 7967
16 66 347
16 75 97
16 81 5679
16 83 4963
16 86 771
16 92 2814
16 93 5085
16 95 8861
16 96 7728
16 97 2267
16 98 2612
16 100 9827
16 103 6160
16 104 1725
16 109 8141
16 110 3270
16 113 2437
16 121 2594
16 122 2006
16 126 5862
16 127 7491
16 131 383
16 132 7625
16 144 5055
16 146 3468
16 151 6894
16 165 1697
16 166 897
16 171 2585
16 179 1001
16 182 4123
16 185 7817
16 190 792
16 192 712
16 194 8121
16 195 5647
16 197 4711
16 202 8159
16 203 2397
16 204 5335
16 217 7842
16 220 5326
16 226 59
16 228 7948
16 231 5540
16 232 9380
16 235 3711
16 236 2829
17 25 4414
17 32 9718
17 34 204
17 37 7334
17 39 5461
17 41 4699
17 55 9842
17 62 7618
17 64 779
17 68 2304
17 75 3648
17 78 307
17 80 6586
17 85 9144
17 86 7772
17 87 9360
17 91 5026
17 96 8
17 98 6150
17 103 2526
17 104 292
17 112 3310
17 114 7100
17 115 4163
17 120 8080
17 126 2798
17 129 1665
17 132 662
17 140 6231
17 141 5975
17 144 6931
17 149 1311
17 150 690
17 151 2949
17 152 5770
17 164 307
17 166 1161
17 177 5593
17 179 6452
17 180 4086
17 181 3637
17 182 7044
17 195 4350
17 196 6272
17 198 303
17 210 7904
17 212 57
17 213 3222
17 216 2331
17 218 3088
17 222 5090
17 224 34
17 230 7607
17 233 3317
17 234 3500
18 19 4585
18 20 1643
18 27 206
18 35 4279
18 36 9943
18 38 1989
18 45 4810
18 49 5147
18 51 7274
18 54 3819
18 59 5741
18 64 2726
18 68 1184
18 73 6923
18 74 1941
18 85 6206
18 91 7939
18 93 4305
18 97 4147
18 106 205
18 122 7095
18 124 5530
18 128 5066
18 132 2636
18 138 7860
18 139 8220
18 142 7019
18 144 5024
18 149 9589
18 157 1709
18 159 6028
18 161 7553
18 162 4287
18 168 6652
18 170 2588
18 178 8345
18 180 3885
18 182 225
18 188 8170
18 195 5017
18 202 6183
18 206 1863
18 207 2778
18 223 813
18 229 3815
18 230 1166
18 233 7800
18 235 6792
19 23 5240
19 29 1538
19 33 7250
19 34 1618
19 36 6910
19 39 6208
19 40 9983
19 43 6910
19 44 5189
19 47 6740
19 49 9834
19 59 3547
19 62 5441
19 63 8051
19 85 8150
19 86 7169
19 88 3430
19 89 4684
19 94 7375
19 95 6650
19 98 2812
19 107 9443
19 109 6526
19 113 8330
19 117 1693
19 120 2825
19 124 1466
19 126 1548
19 132 7806
19 136 2438
19 137 1468
19 143 2923
19 145 8209
19 149 2570
19 150 9793
19 161 5144
19 164 5817
19 172 6989
19 173 8663
19 176 7860
19 178 9369
19 180 8607
19 184 6676
19 185 4438
19 188 3551
19 189 778
19 192 7211
19 198 6042
19 199 1648
19 202 5400
19 204 2810
19 207 3060
19 209 7880
19 213 2063
19 215 980
19 218 3378
19 223 9834
19 227 9225
19 228 309
19 231 6881
19 232 7440
19 233 5442
20 32 3169
20 35 8759
20 40 9465
20 49 5138
20 52 5786
20 62 5092
20 65 3218
20 67 1828
20 78 7349
20 79 9067
20 82 8304
20 83 6198
20 87 1272
20 88 7933
20 94 163
20 98 7611
20 99 4214
20 100 3722
20 101 8294
20 102 8276
20 106 3588
20 114 4460
20 120 6954
20 124 8999
20 125 2778
20 135 8410
20 140 6736
20 143 2645
20 145 60
20 147 1022
20 148 9142
20 150 4719
20 154 297
20 159 1532
20 160 7410
20 162 7
20 165 6011
20 166 4912
20 167 7399
20 177 477
20 178 7496
20 181 8370
20 188 8365
20 190 1929
20 191 613
20 202 7067
20 205 8234
20 207 4801
20 210 6718
20 211 1955
20 214 6161
20 217 1625
20 222 4809
20 228 7775
20 233 3010
21 22 3670
21 26 2854
21 31 479
21 33 1668
21 38 8942
21 39 3293
21 42 5164
21 44 3060
21 47 124
21 51 273
21 52 5340
21 54 8653
21 55 5973
21 64 8646
21 70 1169
21 78 4371
21 81 7188
21 83 317
21 89 443
21 90 947
21 94 2978
21 99 8424
21 103 7998
21 104 5601
21 106 1750
21 116 2734
21 119 9736
21 122 7623
21 123 4367
21 130 3091
21 131 9717
21 135 4027
21 138 1331
21 145 7439
21 148 473
21 157 2318
21 159 1861
21 162 456
21 164 7953
21 165 5609
21 167 5761
21 168 2695
21 172 9771
21 178 4615
21 180 1406
21 182 2462
21 193 4065
21 194 3166
21 195 635
21 196 7977
21 198 4866
21 208 8667
21 209 6969
21 210 7020
21 212 9857
21 214 9104
21 216 3089
21 217 9897
21 229 1974
21 230 3241
21 235 523
22 26 1775
22 28 2133
22 30 6168
22 33 951
22 35 4622
22 44 1239
22 45 29
22 47 8934
22 53 5881
22 55 5067
22 57 2606
22 58 2921
22 60 9045
22 69 4680
22 70 737
22 74 8632
22 82 4264
22 84 2103
22 85 369
22 87 885
22 93 1747
22 95 4917
22 97 6080
22 100 9502
22 104 7164
22 105 1086
22 106 4233
22 112 8953
22 119 7848
22 123 2846
22 125 7916
22 126 1695
22 136 2150
22 151 3404
22 152 1690
22 153 958
22 160 8950
22 161 2883
22 162 3296
22 176 2460
22 177 8621
22 178 9476
22 182 7720
22 184 1175
22 185 8870
22 192 9810
22 204 2353
22 206 3082
22 208 5689
22 212 5916
22 217 3592
22 221 5407
22 222 3969
22 223 941
22 229 6302
22 232 710
23 25 7861
23 27 8694
23 35 3619
23 40 1167
23 42 1963
23 43 9536
23 52 6719
23 54 5805
23 62 3983
23 81 6688
23 82 8294
23 87 3208
23 93 1314
23 94 1774
23 95 892
23 100 4761
23 102 3001
23 104 5388
23 109 338
23 112 71
23 115 6028
23 116 9604
23 117 9724
23 119 5949
23 122 2423
23 124 5766
23 126 9204
23 137 3839
23 144 9172
23 149 2526
23 152 6200
23 154 5063
23 163 9944
23 165 7759
23 176 623
23 177 9780
23 178 830
23 181 3263
23 187 3740
23 191 926
23 194 6413
23 196 1932
23 199 253
23 200 8223
23 208 928
23 220 2383
23 226 2807
23 227 8069
23 229 6965
23 230 6021
23 231 7185
24 32 5343
24 36 180
24 40 9190
24 45 7994
24 51 7418
24 63 8603
24 65 9581
24 66 5722
24 67 8670
24 73 2029
24 74 2566
24 79 186
24 80 4097
24 81 8533
24 93 3627
24 104 1011
24 109 8563
24 113 5377
24 122 1160
24 123 9711
24 125 7795
24 127 8982
24 128 7219
24 129 3262
24 135 9547
24 148 4660
24 149 8624
24 150 1184
24 151 6385
24 155 7277
24 156 9648
24 158 4899
24 159 2655
24 163 9926
24 164 4656
24 165 3761
24 170 9112
24 173 8853
24 180 1253
24 183 499
24 186 6676
24 193 9572
24 195 5035
24 196 8348
24 197 2805
24 205 2963
24 220 6230
24 222 8566
24 225 1372
24 228 5442
24 229 9484
24 232 6149
24 235 3106
25 29 2654
25 31 6256
25 34 8202
25 35 3061
25 38 5156
25 45 6813
25 48 9576
25 51 1543
25 53 1333
25 55 6628
25 56 728
25 57 5564
25 58 2982
25 71 4733
25 74 995
25 78 987
25 82 138
25 86 5808
25 93 8477
25 94 545
25 95 1922
25 103 8569
25 107 6310
25 110 9571
25 112 434
25 123 644
25 124 993
25 129 6028
25 130 6784
25 131 8366
25 133 7101
25 137 4850
25 144 4418
25 150 8842
25 168 1975
25 180 3733
25 184 3835
25 195 1264
25 197 4917
25 202 6456
25 206 8546
25 207 8265
25 210 1865
25 212 8768
25 219 6824
25 222 8694
25 223 3830
25 226 9541
25 228 5082
25 232 6206
25 234 6530
25 235 9803
26 29 3036
26 36 1178
26 42 4499
26 46 2414
26 49 624
26 51 5871
26 61 6440
26 68 7195
26 70 7095
26 78 8013
26 80 4509
26 81 2551
26 85 3438
26 86 4038
26 100 3867
26 105 4688
26 107 4117
26 110 5686
26 112 5787
26 114 9509
26 115 4847
26 119 8302
26 120 9877
26 121 3482
26 124 8744
26 127 1390
26 128 5306
26 132 2399
26 135 2444
26 141 2501
26 144 5911
26 147 8509
26 148 1464
26 151 8746
26 161 8231
26 168 8126
26 169 1605
26 171 8853
26 172 7315
26 174 4882
26 175 9762
26 176 4587
26 178 7436
26 181 7200
26 182 5844
26 187 8648
26 191 4114
26 196 3296
26 199 3974
26 201 5058
26 202 4005
26 203 7513
26 211 6829
26 213 973
26 214 3777
26 219 8934
26 222 2598
26 228 1993
26 232 1718
26 236 9848
27 29 5274
27 30 519
27 35 15
27 43 7301
27 46 2250
27 50 5678
27 53 4102
27 58 1496
27 62 8216
27 68 7287
27 72 8019
27 76 5705
27 79 6442
27 84 5347
27 87 6252
27 88 7863
27 92 5859
27 95 6465
27 100 3242
27 107 9537
27 118 9555
27 120 2624
27 123 4130
27 126 1569
27 129 4931
27 132 1432
27 136 3346
27 137 749
27 146 707
27 149 7434
27 150 4627
27 151 1837
27 155 1638
27 156 2708
27 165 1104
27 168 3375
27 170 4072
27 181 8852
27 183 4019
27 192 8562
27 195 8532
27 196 7001
27 199 3620
27 204 7949
27 205 461
27 208 5468
27 210 6366
27 212 9552
27 214 5108
27 216 8169
27 217 1084
27 224 1904
27 225 7159
27 231 6251
27 232 425
28 31 3800
28 38 2166
28 40 7901
28 43 3629
28 47 2830
28 52 6142
28 55 5340
28 56 9675
28 58 917
28 60 7927
28 61 4956
28 64 2305
28 69 6612
28 76 2119
28 79 3403
28 97 7154
28 105 2867
28 113 5811
28 121 5250
28 123 1215
28 134 6327
28 140 4455
28 141 665
28 158 3423
28 167 4766
28 172 8461
28 175 4475
28 178 4065
28 179 7265
28 184 5854
28 191 4925
28 199 9906
28 201 5086
28 202 3314
28 203 5376
28 204 3756
28 205 3585
28 210 832
28 211 3318
28 221 8633
28 227 9586
28 228 3228
29 32 8289
29 34 3266
29 37 156
29 39 3951
29 42 8767
29 50 2449
29 53 8058
29 54 8943
29 58 517
29 59 8563
29 63 9063
29 78 6406
29 86 3836
29 96 4783
29 97 4523
29 102 3070
29 106 8517
29 107 5623
29 112 2429
29 113 7811
29 116 3127
29 118 8273
29 119 5035
29 125 5409
29 127 8034
29 133 9039
29 140 2730
29 149 2709
29 156 5989
29 157 8409
29 160 800
29 163 5915
29 177 695
29 180 3168
29 186 9132
29 189 6352
29 190 4543
29 195 6099
29 201 1488
29 202 4096
29 203 5680
29 208 9065
29 210 3413
29 214 4991
29 216 8574
29 221 7570
29 223 8110
29 224 9214
29 228 4555
29 231 6897
29 232 554
30 36 891
30 39 8197
30 42 8838
30 43 768
30 44 7881
30 51 8772
30 61 2182
30 64 4985
30 67 735
30 68 7054
30 70 18
30 79 7001
30 87 389
30 91 2991
30 96 8268
30 110 4472
30 113 6416
30 119 6597
30 121 1988
30 123 4962
30 125 8525
30 126 8052
30 134 1255
30 150 7240
30 151 1901
30 154 9137
30 157 8449
30 158 2474
30 167 6581
30 171 1958
30 176 1461
30 182 6234
30 186 256
30 189 7588
30 195 199
30 196 3367
30 200 674
30 201 2068
30 202 2129
30 212 266
30 216 4
30 222 9887
30 225 490
30 226 6167
30 235 1442
31 33 9866
31 40 4474
31 42 2335
31 43 842
31 48 343
31 50 2882
31 52 1952
31 57 9202
31 67 9054
31 79 4631
31 82 9499
31 94 2177
31 96 9148
31 97 1521
31 99 6349
31 102 6030
31 106 1877
31 127 9291
31 131 763
31 132 3286
31 137 6854
31 138 6073
31 143 6943
31 147 8384
31 149 8234
31 164 7953
31 165 5033
31 171 4426
31 182 615
31 186 9840
31 200 8603
31 201 8031
31 204 8083
31 210 1878
31 212 4785
31 215 1839
31 219 3608
31 224 2616
31 225 929
31 231 9888
31 234 9230
31 235 6162
31 236 7457
32 33 3493
32 34 9595
32 36 9110
32 45 7562
32 47 2551
32 48 656
32 51 8446
32 55 4673
32 62 5050
32 64 378
32 71 9745
32 75 8054
32 76 394
32 79 2290
32 82 6133
32 84 8976
32 90 4132
32 96 2074
32 114 4391
32 116 6911
32 125 5668
32 128 1989
32 134 104
32 146 3552
32 149 1464
32 158 1308
32 168 7340
32 173 4914
32 178 6296
32 186 6395
32 196 5239
32 198 169
32 199 4702
32 200 8410
32 202 4204
32 204 6717
32 207 665
32 208 6823
32 210 4084
32 213 3037
32 215 9138
32 217 5863
32 222 7016
33 39 2741
33 44 8491
33 47 8116
33 48 6786
33 49 4004
33 52 1122
33 54 9467
33 57 7405
33 65 2411
33 72 5041
33 75 67
33 81 7089
33 85 4905
33 87 7857
33 89 9379
33 94 2498
33 98 6610
33 101 8018
33 102 2094
33 105 2375
33 106 5306
33 113 5381
33 114 5403
33 117 5503
33 122 8598
33 123 2406
33 144 4897
33 156 1888
33 157 4444
33 163 7033
33 168 2922
33 169 7650
33 174 6716
33 180 2826
33 185 7956
33 193 1078
33 196 768
33 201 6764
33 204 3252
33 209 329
33 215 9209
33 216 9398
33 219 6520
33 228 903
33 229 395
33 233 7487
34 48 4459
34 54 4825
34 58 2519
34 68 4713
34 73 4103
34 75 911
34 88 2526
34 90 6108
34 91 4366
34 94 2572
34 95 7267
34 97 7904
34 98 4128
34 107 8461
34 112 458
34 115 9698
34 116 1422
34 123 9469
34 124 8012
34 130 7843
34 132 4354
34 133 1188
34 136 8932
34 137 7944
34 142 4461
34 144 9331
34 148 5414
34 153 6284
34 155 2456
34 156 9463
34 158 9588
34 159 3080
34 166 9094
34 167 4810
34 172 8311
34 173 58
34 176 4818
34 185 7819
34 187 2769
34 188 5352
34 196 3460
34 202 2673
34 205 5226
34 207 3082
34 210 1027
34 211 4938
34 221 9214
34 226 9212
34 227 9010
34 228 3088
34 230 6145
34 232 3386
35 36 4051
35 48 9342
35 50 8837
35 52 4380
35 58 1859
35 59 664
35 62 1402
35 63 1552
35 66 5314
35 78 1605
35 79 2473
35 83 6926
35 84 6793
35 89 364
35 91 1837
35 94 303
35 97 7285
35 98 765
35 101 4060
35 111 4962
35 115 1170
35 117 4545
35 118 3963
35 127 9581
35 136 5777
35 138 7360
35 139 7188
35 143 7999
35 146 5964
35 150 8618
35 152 3381
35 154 2787
35 155 2439
35 158 8261
35 162 838
35 163 1503
35 170 1498
35 171 8419
35 172 3103
35 173 67
35 175 5907
35 176 3621
35 178 1459
35 190 1552
35 192 1846
35 195 9755
35 202 4261
35 209 4763
35 217 1790
35 219 8860
35 221 2747
35 224 5346
35 228 3007
35 233 1469
35 234 6373
36 39 4099
36 48 6872
36 51 2338
36 52 6671
36 54 1024
36 58 2560
36 63 6166
36 70 5282
36 78 8963
36 85 7870
36 95 5274
36 99 109
36 101 3846
36 106 5955
36 107 5336
36 108 4152
36 114 3384
36 115 4611
36 117 93
36 123 4744
36 125 812
36 129 3711
36 131 9967
36 138 7764
36 139 4401
36 140 2830
36 144 4013
36 151 8366
36 156 9698
36 160 8152
36 163 4843
36 179 9084
36 181 109
36 183 2853
36 189 8309
36 193 8913
36 194 29
36 200 7400
36 206 8036
36 209 3687
36 210 8474
36 215 640
36 217 6139
36 221 1527
36 222 2275
36 223 5847
36 226 9059
36 236 97
37 38 6030
37 43 6432
37 47 2168
37 50 6894
37 53 8107
37 59 1421
37 64 3299
37 72 9901
37 74 8561
37 76 4365
37 84 5393
37 91 2424
37 92 5845
37 94 3288
37 95 107
37 99 8904
37 102 9933
37 103 67
37 105 2059
37 108 3732
37 109 7520
37 116 6916
37 119 3040
37 123 3964
37 124 7167
37 126 3560
37 131 5496
37 134 2057
37 137 6982
37 140 6062
37 141 5521
37 149 1121
37 150 3644
37 153 6101
37 156 9020
37 161 6154
37 162 1647
37 169 2477
37 171 3685
37 174 5713
37 181 8266
37 191 8365
37 196 3806
37 199 1219
37 201 4225
37 204 8269
37 205 1525
37 208 2086
37 212 2799
37 226 7282
37 236 7323
38 43 5338
38 45 312
38 50 9432
38 56 1140
38 57 3341
38 60 1127
38 63 5054
38 64 8510
38 66 3935
38 67 8507
38 74 1871
38 76 6330
38 79 8892
38 85 1232
38 86 3735
38 90 4521
38 96 2879
38 100 2662
38 105 8428
38 112 8383
38 114 9941
38 117 418
38 123 8474
38 127 19
38 128 1907
38 130 8156
38 137 1379
38 138 8447
38 139 7264
38 143 4284
38 144 897
38 150 6291
38 151 4249
38 152 1376
38 154 4471
38 155 2241
38 156 7166
38 159 6385
38 161 1059
38 165 4866
38 167 4438
38 175 5404
38 178 4256
38 180 8763
38 186 3397
38 191 5332
38 194 6464
38 196 5694
38 200 1600
38 201 6556
38 203 2626
38 205 9424
38 206 8188
38 224 8436
38 229 9283
38 232 9565
38 235 1488
38 236 7825
39 43 1513
39 44 5110
39 45 1610
39 51 2747
39 53 7420
39 55 4311
39 58 9648
39 62 3080
39 65 4302
39 72 2792
39 73 9296
39 79 4327
39 83 1563
39 85 5935
39 88 2377
39 90 2922
39 91 2005
39 92 9812
39 94 4193
39 95 6079
39 100 6383
39 103 8574
39 111 8302
39 119 4913
39 127 81
39 132 4519
39 141 7058
39 143 875
39 144 4224
39 149 5870
39 152 9367
39 154 2568
39 156 2440
39 161 6257
39 166 8919
39 180 9224
39 183 9709
39 187 94
39 189 3286
39 203 9410
39 207 2844
39 212 6100
39 216 6902
39 220 2908
39 224 8242
39 230 6834
39 231 214
39 236 5023
40 43 7488
40 45 6500
40 46 1315
40 47 8683
40 55 8965
40 56 4751
40 57 4342
40 62 4076
40 64 8957
40 71 4089
40 72 4267
40 75 9081
40 77 3247
40 83 7142
40 90 4694
40 91 6650
40 92 6546
40 95 2145
40 98 1891
40 103 5440
40 104 2555
40 105 2094
40 108 3165
40 113 390
40 114 7281
40 118 6865
40 124 6491
40 125 3751
40 131 2820
40 135 4775
40 140 302
40 149 4263
40 150 8446
40 152 6129
40 153 8868
40 158 1572
40 159 6916
40 160 7875
40 162 4602
40 164 1669
40 171 2656
40 173 121
40 174 9077
40 178 8187
40 179 9888
40 183 4670
40 193 6528
40 194 737
40 200 9254
40 205 5769
40 210 312
40 211 7461
40 215 8162
40 219 1031
40 222 8974
40 223 9995
40 226 7567
40 227 874
40 230 692
40 232 2304
41 42 5904
41 43 271
41 46 7913
41 51 876
41 52 9892
41 54 3270
41 55 9107
41 61 5305
41 65 6768
41 69 766
41 70 9049
41 77 2580
41 79 5929
41 80 5549
41 84 1833
41 86 8583
41 89 5489
41 93 4471
41 94 1639
41 98 5179
41 102 4948
41 103 359
41 105 371
41 115 6280
41 118 397
41 119 4993
41 120 4974
41 123 3725
41 127 3706
41 130 6011
41 132 6926
41 133 5909
41 140 4282
41 153 4035
41 164 6453
41 170 1733
41 171 1565
41 172 2357
41 180 8984
41 181 6088
41 190 5074
41 191 5000
41 194 7666
41 195 2528
41 197 3568
41 203 489
41 208 2688
41 211 4957
41 215 3722
41 224 5745
41 227 434
41 232 874
41 236 205
42 46 6052
42 51 6667
42 52 2758
42 54 1029
42 61 8496
42 63 822
42 65 8279
42 66 6263
42 80 7285
42 82 3551
42 84 4762
42 85 4391
42 88 4983
42 94 7843
42 95 1119
42 107 7476
42 109 3274
42 114 3371
42 121 3251
42 123 4343
42 128 6435
42 130 7226
42 135 8908
42 138 9535
42 143 7092
42 145 123
42 147 4411
42 149 7073
42 153 2401
42 155 7969
42 158 3469
42 160 1241
42 161 1057
42 163 2550
42 175 9900
42 176 478
42 178 2796
42 182 3366
42 196 7789
42 202 1575
42 204 419
42 205 6184
42 211 3207
42 222 2699
42 225 5372
42 227 6679
42 235 4038
43 44 3207
43 45 3476
43 50 1045
43 52 8836
43 53 1909
43 54 8682
43 58 1411
43 66 8336
43 68 6704
43 74 6212
43 81 2669
43 82 9421
43 83 8089
43 89 4169
43 94 8573
43 96 2402
43 97 2552
43 100 9851
43 105 7513
43 106 6418
43 107 4646
43 110 4528
43 112 3051
43 115 3729
43 122 1859
43 126 2306
43 130 9286
43 133 7751
43 136 7031
43 142 932
43 143 5481
43 147 9515
43 149 7791
43 150 9450
43 151 4353
43 156 5498
43 165 1378
43 166 9900
43 174 3626
43 181 4968
43 195 5763
43 197 6174
43 199 4678
43 200 6360
43 201 6834
43 206 271
43 215 507
43 220 2748
43 224 7279
43 230 2947
43 236 3177
44 47 8713
44 53 1309
44 54 6965
44 56 9536
44 74 3228
44 76 6260
44 77 7194
44 79 9504
44 82 3690
44 84 5132
44 85 5201
44 88 23
44 89 6584
44 92 813
44 96 756
44 103 8649
44 106 7765
44 108 9681
44 112 8498
44 116 9459
44 125 7460
44 128 5446
44 131 275
44 133 4670
44 141 3834
44 145 881
44 149 7663
44 150 2138
44 152 8494
44 153 3366
44 156 6923
44 167 6039
44 176 6484
44 184 4412
44 187 1417
44 191 663
44 196 3875
44 199 9708
44 204 9647
44 209 79
44 211 4112
44 215 7121
44 219 5
44 220 9616
44 223 3920
44 224 2580
44 227 2098
44 229 1820
44 235 4671
45 48 5470
45 51 5738
45 59 9703
45 61 1583
45 64 3555
45 67 8048
45 70 8972
45 76 9405
45 77 1313
45 80 1317
45 81 2077
45 83 9483
45 85 4782
45 86 851
45 87 1759
45 90 76
45 91 8010
45 97 3425
45 99 2492
45 104 4701
45 110 9912
45 119 6537
45 131 4421
45 133 2932
45 138 9535
45 140 1782
45 147 3697
45 157 3579
45 165 9103
45 166 3223
45 180 4807
45 188 6604
45 195 4342
45 199 3639
45 200 4853
45 204 1588
45 210 8711
45 213 3579
45 225 4913
45 236 2749
46 48 8381
46 51 405
46 54 6359
46 60 6767
46 61 7525
46 64 8109
46 65 773
46 67 3284
46 71 6405
46 75 2443
46 76 9962
46 78 5436
46 84 3217
46 86 7331
46 88 2897
46 89 1228
46 91 3349
46 93 8672
46 94 1136
46 99 5035
46 101 6308
46 102 3772
46 103 4476
46 106 5271
46 107 6891
46 108 904
46 112 3305
46 113 6040
46 115 7719
46 117 5864
46 127 1520
46 128 94
46 133 2506
46 137 126
46 140 7389
46 142 3170
46 143 4349
46 152 6384
46 153 4656
46 154 9317
46 161 7211
46 165 1596
46 168 77
46 175 7783
46 177 6981
46 187 2713
46 192 627
46 206 2498
46 209 833
46 211 2162
46 216 7529
46 217 302
46 218 3429
46 222 2327
46 225 2030
47 51 8437
47 52 5915
47 53 8335
47 60 7288
47 61 949
47 65 1414
47 67 6741
47 68 9118
47 71 4037
47 79 5946
47 88 3563
47 89 1866
47 90 5230
47 91 32
47 95 5948
47 97 3434
47 98 7538
47 103 2391
47 104 6330
47 113 2186
47 115 9441
47 120 5521
47 122 1506
47 131 2697
47 140 6269
47 143 9604
47 150 5969
47 154 4992
47 156 456
47 157 9222
47 161 6944
47 169 5204
47 173 5646
47 174 3843
47 183 4839
47 185 6165
47 188 1566
47 190 866
47 192 9978
47 194 594
47 197 1070
47 201 6946
47 206 8938
47 207 3215
47 208 1795
47 210 7040
47 212 7386
47 216 6919
47 228 1032
47 229 4172
47 230 411
47 234 6233
48 57 3059
48 59 9172
48 61 2955
48 63 5827
48 64 394
48 71 3278
48 72 6780
48 74 2166
48 76 9349
48 79 4526
48 97 974
48 109 994
48 111 8849
48 117 5407
48 120 8029
48 121 8748
48 123 3555
48 125 6262
48 133 9464
48 137 7028
48 143 3108
48 146 2764
48 151 8616
48 152 1726
48 153 5932
48 157 8611
48 159 6028
48 165 8482
48 166 5582
48 181 5987
48 192 1014
48 195 8070
48 200 5338
48 203 3967
48 205 9050
48 207 8434
48 208 999
48 215 5997
48 217 4233
48 227 727
48 229 6095
48 233 3081
49 60 2948
49 66 2494
49 70 7202
49 73 2545
49 76 2059
49 79 9811
49 87 9022
49 91 81
49 96 9277
49 97 9740
49 108 671
49 122 3115
49 123 9481
49 127 8167
49 129 1829
49 130 7904
49 131 3505
49 134 4661
49 136 6258
49 138 430
49 141 5255
49 147 3950
49 148 2780
49 152 8520
49 153 2436
49 156 7711
49 163 4379
49 166 2178
49 168 6026
49 171 9178
49 175 5019
49 181 2106
49 182 625
49 191 7771
49 196 4157
49 201 1865
49 212 2844
49 213 3751
49 216 6985
49 218 2892
49 219 5408
49 227 1292
49 231 1170
49 232 9675
49 233 3372
50 51 110
50 52 4662
50 53 6183
50 59 8106
50 63 2036
50 65 3663
50 66 5333
50 67 92
50 73 2942
50 74 2128
50 75 1038
50 77 8063
50 85 4279
50 90 1123
50 91 7758
50 92 4508
50 93 9596
50 95 9670
50 111 8151
50 113 1116
50 117 8042
50 118 6788
50 120 8615
50 123 6730
50 125 1951
50 130 4029
50 134 9020
50 136 4764
50 137 6095
50 140 8783
50 146 5191
50 156 765
50 159 5335
50 171 3299
50 173 7875
50 182 241
50 186 3113
50 189 5545
50 190 8739
50 196 2981
50 198 6226
50 206 2379
50 207 4705
50 209 334
50 210 2190
50 212 3706
50 217 4146
50 222 1354
50 225 6939
50 231 9653
50 233 6316
51 53 5996
51 54 8479
51 56 615
51 61 3173
51 62 3958
51 64 8949
51 65 7929
51 69 1316
51 76 2622
51 79 9661
51 84 1045
51 88 2463
51 93 4858
51 96 4975
51 97 2468
51 101 2988
51 106 2878
51 112 2230
51 113 2702
51 117 6464
51 120 3434
51 122 1119
51 124 8210
51 125 9603
51 126 8181
51 132 8880
51 136 4331
51 137 324
51 145 2035
51 151 5822
51 153 4287
51 161 526
51 162 5823
51 163 450
51 167 1260
51 172 3600
51 173 2936
51 176 9448
51 181 9545
51 184 8695
51 195 3914
51 196 9018
51 198 6715
51 203 2220
51 204 6190
51 207 2169
51 208 4092
51 213 2541
51 218 9964
51 222 8302
51 223 419
51 229 6200
51 230 8310
51 234 2085
51 236 9099
52 54 8252
52 60 2958
52 65 2
52 66 9844
52 70 4254
52 74 9431
52 75 5008
52 78 7101
52 80 5051
52 82 1433
52 88 5304
52 90 6526
52 94 7826
52 96 6661
52 101 9477
52 104 7735
52 105 3651
52 107 8208
52 112 3542
52 115 7791
52 120 6310
52 122 4088
52 124 2594
52 147 1960
52 149 8
52 151 33
52 156 5178
52 157 7403
52 173 7895
52 176 8452
52 178 612
52 181 1122
52 193 1977
52 197 8552
52 198 3360
52 201 6889
52 204 3786
52 205 2482
52 207 8889
52 214 7121
52 220 1521
52 223 8846
52 233 196
52 235 9799
53 58 2113
53 66 7489
53 72 4930
53 74 981
53 75 2299
53 85 2595
53 92 8109
53 100 2256
53 102 1961
53 106 2335
53 107 1772
53 111 1724
53 113 2039
53 114 5423
53 115 7769
53 119 1980
53 120 75
53 127 1257
53 130 9827
53 131 3955
53 135 4108
53 141 8372
53 142 6439
53 147 5763
53 161 7464
53 165 1266
53 171 1376
53 173 2566
53 178 3108
53 181 5589
53 189 2151
53 190 2474
53 198 7098
53 204 8578
53 210 4123
53 211 6727
53 216 8673
53 219 5331
53 222 2365
53 228 6812
53 230 4219
53 233 9297
54 55 584
54 63 6023
54 65 6075
54 75 1647
54 78 3669
54 80 4051
54 83 4117
54 87 987
54 88 4096
54 95 3678
54 99 3268
54 103 2270
54 105 6596
54 116 9278
54 118 7804
54 120 976
54 128 3893
54 129 1831
54 130 4051
54 139 1535
54 142 9361
54 150 322
54 152 1973
54 153 9874
54 154 2582
54 163 3324
54 166 4359
54 167 5442
54 173 4285
54 175 6365
54 178 5291
54 200 1695
54 215 1148
54 217 7825
54 219 6086
54 221 112
54 223 7303
54 231 2502
54 233 5249
54 235 6180
55 63 2793
55 65 1394
55 70 2609
55 71 4830
55 75 6756
55 76 7118
55 80 6059
55 85 8026
55 108 5517
55 112 4600
55 113 7935
55 118 4356
55 122 8400
55 124 9148
55 125 207
55 128 9690
55 131 1587
55 132 2240
55 135 5256
55 141 8615
55 143 9398
55 148 5026
55 150 6666
55 153 1165
55 158 3481
55 162 3841
55 163 5592
55 176 2820
55 178 4116
55 182 1122
55 183 4406
55 188 6187
55 191 8338
55 193 825
55 194 4024
55 196 5170
55 197 1943
55 203 1353
55 204 6613
55 207 6376
55 211 8155
55 217 2413
55 231 2702
55 234 2641
55 235 7736
56 58 430
56 59 6058
56 62 7725
56 65 4414
56 70 4274
56 73 1761
56 77 970
56 79 9917
56 80 8000
56 81 2543
56 86 8159
56 105 8665
56 111 332
56 115 8655
56 122 2978
56 123 1833
56 124 7082
56 139 9886
56 153 1129
56 161 3799
56 169 7431
56 182 7401
56 187 40
56 190 5912
56 191 1270
56 198 127
56 200 7596
56 202 9606
56 205 5209
56 206 9796
56 207 4779
56 208 7883
56 214 7282
56 216 6162
56 223 5066
56 236 7000
57 63 1990
57 64 7408
57 67 7192
57 72 1248
57 78 1565
57 82 7618
57 84 817
57 90 7581
57 94 9767
57 95 2947
57 97 2338
57 105 2589
57 111 1103
57 113 44
57 115 3418
57 116 9257
57 120 7867
57 122 7530
57 124 578
57 129 6706
57 132 6748
57 135 1589
57 136 3203
57 144 3884
57 150 9834
57 152 1442
57 156 6199
57 160 9030
57 161 5329
57 173 7171
57 174 744
57 175 8477
57 176 6205
57 179 8138
57 189 1868
57 197 3616
57 202 2568
57 207 8985
57 213 84
57 223 8961
57 227 1562
57 228 1444
58 64 6278
58 76 7175
58 77 9139
58 80 5556
58 87 9518
58 92 1746
58 93 1616
58 94 5363
58 96 9664
58 102 4881
58 110 1068
58 112 5130
58 113 3659
58 115 4972
58 123 2658
58 128 9642
58 129 9109
58 131 1292
58 134 8184
58 138 3695
58 142 9684
58 147 9565
58 151 5790
58 152 2995
58 158 3166
58 159 2631
58 162 1591
58 164 6311
58 169 1420
58 172 9593
58 190 2015
58 193 6607
58 196 8859
58 199 3740
58 210 4218
58 211 2733
58 213 7259
58 215 8866
58 217 1419
58 221 2988
58 230 8284
58 232 5005
58 233 6121
59 62 5552
59 65 9292
59 70 5388
59 71 7601
59 74 7363
59 91 6077
59 94 1486
59 97 2216
59 103 27
59 121 7046
59 126 9110
59 130 3830
59 139 507
59 140 7497
59 146 1618
59 147 8258
59 150 6092
59 151 5799
59 152 4627
59 154 3655
59 155 1401
59 156 6879
59 159 7866
59 171 8010
59 174 6217
59 176 404
59 178 247
59 180 5936
59 182 8552
59 190 824
59 195 8048
59 199 1785
59 208 5661
59 214 2328
59 217 5859
59 218 6858
59 222 1536
59 229 2426
59 233 4249
59 236 366
60 64 2881
60 78 4866
60 80 6336
60 85 2823
60 90 5851
60 95 2787
60 100 6654
60 104 437
60 117 5877
60 119 4023
60 124 162
60 125 3637
60 135 8207
60 143 1689
60 145 1124
60 147 1072
60 149 4451
60 150 7173
60 154 8452
60 157 9634
60 163 572
60 164 8975
60 168 1405
60 173 8940
60 178 8526
60 190 8633
60 199 2145
60 200 9275
60 201 9636
60 205 968
60 211 3638
60 213 4657
60 218 4796
60 231 8701
60 233 2987
60 235 3434
61 62 7895
61 63 3947
61 66 7495
61 72 9171
61 76 5121
61 77 1831
61 79 1186
61 81 6898
61 102 3678
61 108 2074
61 111 1768
61 112 7691
61 116 981
61 118 3692
61 119 6504
61 121 5661
61 128 1316
61 130 960
61 131 9583
61 136 4448
61 138 2914
61 142 6546
61 143 8968
61 152 8010
61 155 9482
61 160 3586
61 161 6430
61 167 4622
61 172 91
61 176 3227
61 178 8736
61 182 666
61 185 8291
61 186 5425
61 192 6561
61 194 1474
61 195 957
61 196 9904
61 198 7516
61 201 5354
61 205 9988
61 215 7090
61 219 6865
61 222 9228
61 223 6144
61 230 7264
61 231 8367
62 63 6151
62 64 305
62 69 1363
62 70 927
62 72 3710
62 74 7958
62 75 3665
62 81 1150
62 82 7601
62 84 9206
62 85 8611
62 91 6477
62 93 4772
62 95 6089
62 100 6652
62 102 5897
62 105 8416
62 112 871
62 116 5979
62 124 7772
62 129 4516
62 132 5137
62 135 8886
62 141 9375
62 145 5877
62 152 9396
62 158 8222
62 161 6843
62 165 4568
62 171 5625
62 184 2678
62 188 7785
62 192 5795
62 193 541
62 199 2929
62 202 7296
62 203 7195
62 204 1811
62 206 4837
62 207 1348
62 208 8022
62 210 5901
62 212 9599
62 220 7783
62 222 4057
62 224 4322
62 235 1057
63 65 9591
63 66 7591
63 69 8732
63 72 1583
63 78 5895
63 79 6943
63 81 307
63 91 5256
63 92 2881
63 99 2736
63 102 7550
63 104 4668
63 109 2789
63 113 1325
63 115 5935
63 116 2027
63 117 1503
63 119 137
63 121 4869
63 128 6986
63 130 4899
63 131 2661
63 133 6080
63 134 4811
63 137 944
63 139 7912
63 143 3001
63 145 4592
63 152 381
63 154 7396
63 155 4718
63 156 9751
63 162 8337
63 163 6067
63 174 7920
63 175 2609
63 181 7899
63 186 8559
63 187 4545
63 190 9221
63 201 7101
63 204 6315
63 206 2462
63 217 2323
63 221 2116
63 224 4687
63 236 9711
64 70 4822
64 73 4086
64 74 9402
64 75 1359
64 76 3886
64 78 1975
64 79 987
64 80 2197
64 81 158
64 83 1910
64 86 9236
64 88 8571
64 94 3100
64 100 6076
64 102 4668
64 103 5966
64 104 3966
64 105 3683
64 106 7486
64 113 3161
64 114 7323
64 116 7927
64 124 2325
64 127 5345
64 128 3601
64 130 8127
64 135 5436
64 137 1740
64 144 4470
64 147 2634
64 149 8524
64 152 8611
64 156 6922
64 158 8629
64 162 6758
64 165 2735
64 166 4509
64 173 6866
64 182 4267
64 183 9787
64 185 2916
64 187 4577
64 189 8945
64 195 5950
64 196 6814
64 201 7484
64 206 365
64 223 9589
64 227 4304
64 230 7968
64 231 7761
65 68 8036
65 71 2638
65 72 1402
65 77 2116
65 84 7569
65 91 370
65 93 1683
65 97 5729
65 106 7411
65 109 4615
65 115 932
65 117 8249
65 118 5744
65 119 8162
65 125 3318
65 126 825
65 128 1233
65 132 419
65 141 1709
65 144 6287
65 148 7207
65 152 176
65 155 7006
65 160 8278
65 167 3580
65 169 6900
65 172 4059
65 187 3494
65 192 6023
65 194 8974
65 199 646
65 203 5274
65 209 3248
65 213 2848
65 216 1027
65 217 3569
65 218 7347
65 221 1260
65 226 6173
65 227 6802
65 229 3560
65 230 9225
65 233 2133
65 236 8462
66 67 8528
66 71 3582
66 73 8534
66 85 2887
66 88 8764
66 92 8720
66 96 4937
66 97 3935
66 101 1914
66 102 4804
66 107 7822
66 108 3306
66 111 6721
66 112 3554
66 124 9176
66 128 5609
66 129 7076
66 133 4305
66 136 3087
66 142 2111
66 155 2110
66 156 7055
66 167 5447
66 168 7543
66 174 6543
66 179 4029
66 201 8847
66 205 4342
66 211 1238
66 219 9111
66 222 8331
66 225 6415
66 226 1471
66 227 5997
66 233 3957
67 69 147
67 70 4405
67 75 885
67 82 1124
67 83 221
67 87 5385
67 91 2149
67 93 4185
67 99 496
67 100 3431
67 104 5982
67 111 5695
67 123 7946
67 124 7642
67 125 8253
67 126 9673
67 128 8886
67 129 7545
67 135 2560
67 136 2582
67 143 8037
67 144 390
67 154 4940
67 160 2297
67 162 5658
67 164 7166
67 166 7177
67 167 8635
67 170 7949
67 172 5911
67 182 3288
67 188 7070
67 192 5216
67 193 7873
67 195 5454
67 196 2000
67 199 3722
67 201 3883
67 202 5957
67 203 9748
67 205 5266
67 206 4331
67 207 1262
67 208 5738
67 209 4282
67 217 3862
67 227 1345
67 229 6611
67 230 4259
67 232 633
67 236 9071
68 76 5967
68 79 9625
68 82 520
68 83 3635
68 84 2994
68 95 7896
68 98 4258
68 106 967
68 108 3924
68 109 6955
68 119 5988
68 121 2889
68 126 8606
68 136 4785
68 138 3088
68 144 3182
68 149 2083
68 156 9885
68 159 6712
68 165 9479
68 173 1014
68 175 5735
68 176 5657
68 179 3617
68 190 5707
68 195 7608
68 201 6871
68 211 284
68 216 9148
68 220 344
68 222 5957
68 229 8622
68 232 7587
68 234 441
68 236 4126
69 71 8574
69 72 4770
69 74 1619
69 76 2253
69 78 6097
69 91 8869
69 92 4452
69 94 9957
69 95 2113
69 97 6609
69 102 6478
69 108 995
69 110 492
69 119 5
69 121 4639
69 126 7280
69 129 7021
69 132 1985
69 134 8188
69 140 7686
69 145 4184
69 157 1364
69 158 82
69 161 5581
69 162 3654
69 175 3076
69 182 4677
69 183 6866
69 193 6549
69 197 2918
69 199 9030
69 206 5548
69 207 7240
69 208 2369
69 209 3962
69 213 3506
69 217 7040
69 218 316
69 221 2958
69 224 4203
69 227 5099
69 228 2434
69 229 9094
69 232 1660
69 236 2960
70 71 6322
70 74 8497
70 76 9055
70 77 6938
70 79 4268
70 83 7939
70 92 169
70 94 6008
70 101 394
70 106 2641
70 109 4789
70 110 7401
70 111 3754
70 112 913
70 121 3119
70 122 2775
70 126 7022
70 127 576
70 140 3084
70 141 8653
70 159 7741
70 160 9942
70 165 3816
70 168 7991
70 173 3706
70 176 1197
70 179 3615
70 183 7644
70 193 4805
70 194 3808
70 195 28
70 200 3089
70 201 2019
70 206 4290
70 207 438
70 211 4751
70 212 7648
70 214 6735
71 72 4676
71 73 9647
71 75 8305
71 77 1172
71 79 8976
71 81 8150
71 84 8128
71 88 3740
71 100 8940
71 104 2896
71 106 3185
71 107 7617
71 109 9401
71 110 5105
71 116 8014
71 117 9913
71 119 5758
71 124 4023
71 125 5887
71 127 9342
71 129 4909
71 131 2471
71 134 5434
71 137 8938
71 140 7909
71 150 679
71 154 7136
71 161 8557
71 167 4442
71 174 9448
71 181 8464
71 183 2385
71 185 6370
71 189 4384
71 203 1817
71 207 7612
71 208 2289
71 209 8261
71 218 2549
71 221 8449
71 224 3339
71 225 5121
71 228 7644
71 229 7758
71 230 4802
71 234 6645
72 74 2475
72 76 6712
72 88 70
72 89 352
72 90 8228
72 99 1919
72 101 5161
72 108 9689
72 111 2345
72 118 9731
72 120 3534
72 126 7062
72 131 2836
72 132 3628
72 136 8142
72 138 6054
72 139 833
72 143 2339
72 147 2556
72 148 6251
72 149 5297
72 150 9174
72 155 6886
72 158 747
72 159 383
72 168 7124
72 170 6230
72 174 5620
72 178 2678
72 188 1686
72 191 3863
72 198 6220
72 200 6357
72 207 4489
72 222 6193
72 228 6749
72 231 8766
73 76 9421
73 78 5970
73 79 5037
73 80 917
73 84 2595
73 88 8539
73 89 9391
73 91 191
73 103 5066
73 113 2405
73 114 5681
73 115 5597
73 119 344
73 129 5044
73 136 2345
73 137 6331
73 139 2287
73 142 4110
73 143 942
73 145 1327
73 151 1892
73 152 7747
73 159 7124
73 168 9639
73 169 5676
73 173 3796
73 177 4451
73 180 8450
73 182 9212
73 186 6557
73 188 9658
73 195 3343
73 199 2120
73 207 6130
73 211 6435
73 212 2424
73 213 7811
73 216 8739
73 222 8366
73 223 4242
73 234 1976
73 236 3847
74 75 6851
74 78 2488
74 80 3327
74 81 1587
74 84 7852
74 86 5872
74 87 9509
74 90 101
74 94 1803
74 103 1901
74 106 7139
74 114 675
74 119 3603
74 121 1559
74 123 3463
74 129 6387
74 131 3913
74 133 8073
74 134 7770
74 135 6712
74 138 5380
74 141 9356
74 142 5813
74 146 8079
74 148 6518
74 150 975
74 154 3817
74 156 4173
74 158 9044
74 162 5730
74 163 2463
74 169 6797
74 171 6482
74 175 610
74 184 1889
74 186 5549
74 194 8738
74 201 1959
74 210 2108
74 212 6854
74 213 9858
74 218 2502
74 228 7629
74 230 958
74 235 1298
75 77 8839
75 80 7719
75 81 7216
75 82 8376
75 84 85
75 92 2948
75 96 5575
75 104 1575
75 106 2811
75 110 5889
75 114 9259
75 115 4826
75 118 9073
75 119 8663
75 121 6150
75 123 6048
75 127 8502
75 128 609
75 130 1969
75 145 4305
75 146 131
75 149 9845
75 150 3125
75 152 5166
75 156 7562
75 157 5488
75 161 1875
75 164 1451
75 165 1304
75 167 8919
75 168 6019
75 177 1730
75 182 1455
75 192 8019
75 195 6074
75 196 9032
75 197 321
75 203 4206
75 207 2270
75 208 9590
75 213 1881
75 215 6937
75 216 4139
75 221 4851
75 222 5349
75 223 8134
75 224 9442
75 226 6831
75 227 6577
75 228 1095
75 233 8119
75 235 1321
76 77 2750
76 80 9126
76 83 6920
76 93 9682
76 96 2820
76 103 4324
76 113 5084
76 118 2758
76 125 4036
76 126 4975
76 130 6584
76 136 7895
76 144 6638
76 145 687
76 151 7184
76 155 5270
76 156 6297
76 157 3188
76 158 5649
76 160 708
76 161 4798
76 163 1716
76 167 7906
76 172 1366
76 175 9070
76 176 6029
76 178 972
76 186 6809
76 192 5898
76 194 8338
76 195 8790
76 197 1781
76 202 462
76 204 5134
76 205 761
76 217 2185
76 224 1077
76 227 1155
76 231 7072
76 234 7856
77 79 7461
77 89 7656
77 91 950
77 92 5511
77 99 1830
77 101 9841
77 108 4644
77 116 4638
77 122 2797
77 124 484
77 125 3645
77 126 5935
77 127 9685
77 131 3810
77 137 7968
77 140 393
77 150 2989
77 152 3564
77 155 7839
77 156 2786
77 165 6394
77 169 3235
77 170 8022
77 176 559
77 180 1600
77 185 4528
77 188 4401
77 190 7267
77 191 2676
77 192 8589
77 193 874
77 195 2276
77 197 4524
77 214 6757
77 216 7544
77 220 1062
77 224 1065
77 226 2465
77 227 3006
77 233 5974
78 90 9280
78 94 6507
78 97 3713
78 98 1850
78 99 7139
78 100 4334
78 101 3508
78 105 2581
78 110 3384
78 115 3829
78 119 4518
78 129 7849
78 130 8444
78 131 2572
78 134 1866
78 142 4908
78 143 4499
78 144 1153
78 145 8318
78 147 4797
78 149 572
78 156 6831
78 157 9926
78 158 6894
78 161 7675
78 163 292
78 164 3818
78 167 7529
78 171 9167
78 174 8273
78 176 6854
78 181 1724
78 186 1858
78 190 3161
78 193 5313
78 197 5542
78 198 9643
78 202 4202
78 205 4120
78 206 3303
78 210 7671
78 211 8017
78 212 5669
78 214 1845
78 216 388
78 218 7686
78 219 4193
78 220 481
78 221 8750
78 228 6049
78 230 6294
79 83 2064
79 84 7551
79 91 7395
79 95 3999
79 96 6524
79 97 9388
79 98 7835
79 99 5342
79 104 3372
79 106 2970
79 108 6207
79 109 2124
79 111 5764
79 112 9719
79 117 8076
79 120 8686
79 121 3093
79 125 7188
79 126 8434
79 127 9478
79 133 8248
79 140 1321
79 142 7430
79 157 6066
79 160 7489
79 161 6244
79 169 9189
79 171 4553
79 172 8736
79 173 8603
79 175 1895
79 180 3870
79 181 1125
79 186 8400
79 189 6374
79 190 5233
79 192 4560
79 193 1733
79 194 2507
79 196 2208
79 197 5653
79 204 5774
79 206 1363
79 215 9833
79 216 770
79 217 5067
79 218 9357
79 223 9672
79 225 7984
79 233 1875
79 234 1947
79 235 747
80 81 461
80 83 1937
80 85 3156
80 103 3871
80 104 1276
80 105 4834
80 106 6245
80 107 7993
80 111 6559
80 112 144
80 116 623
80 123 5896
80 127 4501
80 128 9056
80 131 978
80 132 3834
80 133 4843
80 137 1981
80 138 4438
80 155 7225
80 159 3031
80 161 8740
80 164 5806
80 166 5831
80 181 8383
80 183 7068
80 190 9880
80 195 3070
80 201 6771
80 204 1949
80 208 5301
80 210 770
80 214 2190
80 216 459
80 223 5274
80 224 8890
80 229 2856
80 230 3486
80 236 602
81 82 9026
81 84 1563
81 85 4786
81 93 9660
81 94 2354
81 98 3395
81 100 7823
81 101 3349
81 107 7981
81 115 9206
81 117 5460
81 118 5465
81 121 3056
81 127 6102
81 130 623
81 131 3088
81 133 3352
81 135 6531
81 137 9559
81 141 3264
81 145 9828
81 147 8855
81 155 2746
81 161 2015
81 162 4257
81 169 459
81 172 9291
81 173 5059
81 174 2930
81 175 9517
81 180 5903
81 181 570
81 182 6482
81 188 3753
81 191 5448
81 193 8784
81 194 4730
81 196 2029
81 198 4672
81 200 2249
81 214 6473
81 215 4624
81 233 9872
82 83 2885
82 84 4526
82 90 9229
82 91 1763
82 97 623
82 100 689
82 102 4613
82 108 5485
82 111 2054
82 114 5496
82 115 3534
82 116 3351
82 118 7428
82 124 9789
82 125 9544
82 129 4857
82 131 9265
82 139 757
82 140 6572
82 143 7060
82 145 4014
82 148 5130
82 150 3877
82 157 4617
82 167 6422
82 178 3444
82 179 5943
82 184 6803
82 187 1530
82 190 3114
82 192 3289
82 194 1330
82 196 4257
82 210 404
82 214 8554
82 221 6702
82 223 8516
82 227 4706
82 233 115
83 98 7395
83 100 7865
83 102 2996
83 104 9927
83 107 921
83 108 2087
83 110 4505
83 117 4037
83 122 5626
83 124 2410
83 132 8101
83 136 7481
83 138 5550
83 139 622
83 141 2100
83 143 3029
83 146 6325
83 159 9767
83 160 6963
83 162 6725
83 165 3595
83 168 8984
83 169 6874
83 173 7824
83 174 6951
83 175 2364
83 178 9675
83 181 7005
83 185 2333
83 187 3465
83 188 4268
83 190 7185
83 194 116
83 196 5630
83 197 1823
83 200 2399
83 203 8433
83 205 4485
83 218 7500
83 224 5967
83 232 4250
83 235 6327
84 85 5294
84 89 4528
84 103 1919
84 116 6111
84 118 7326
84 122 2306
84 128 8664
84 131 5185
84 132 4254
84 149 5419
84 152 9937
84 158 1156
84 160 2857
84 163 8631
84 168 8061
84 174 4458
84 175 7834
84 182 4484
84 187 1673
84 188 1155
84 190 914
84 193 3390
84 194 8863
84 201 2551
84 206 9258
84 208 8301
84 214 731
84 216 6454
84 219 6582
84 220 4277
84 234 7944
85 101 6862
85 102 9096
85 107 3022
85 108 5367
85 109 8110
85 110 4292
85 111 193
85 112 2575
85 117 9918
85 142 692
85 146 1786
85 147 510
85 149 136
85 156 7982
85 160 7647
85 164 4361
85 167 4193
85 169 9566
85 174 2247
85 181 5918
85 183 8904
85 185 1645
85 191 4611
85 193 5390
85 196 4207
85 199 946
85 201 5015
85 204 8013
85 205 5770
85 222 2066
85 224 3937
85 228 1552
85 234 351
86 95 2686
86 109 5827
86 111 6981
86 113 3593
86 116 6756
86 139 8664
86 142 1897
86 144 4766
86 162 7053
86 163 4166
86 165 7585
86 166 2604
86 169 3540
86 178 6844
86 181 1518
86 183 2061
86 197 8010
86 200 525
86 204 6217
86 206 4221
86 209 9026
86 211 4165
86 216 548
86 219 2549
86 220 2086
86 221 6120
86 223 6714
86 227 1986
86 230 8634
86 231 190
86 232 8752
87 92 2066
87 101 3487
87 102 9729
87 103 7213
87 108 5304
87 109 111
87 114 9806
87 121 3039
87 123 6986
87 126 7235
87 141 3755
87 144 8559
87 151 5800
87 157 9307
87 158 2980
87 159 1588
87 160 70
87 165 3155
87 173 247
87 176 1254
87 183 5133
87 190 9089
87 198 5757
87 207 1712
87 216 7861
87 218 6470
87 224 3143
87 227 2841
87 228 6960
87 230 8147
87 231 3033
87 232 9420
87 235 8317
88 89 2651
88 90 7255
88 91 4148
88 94 2523
88 100 8097
88 105 1990
88 110 9950
88 112 5414
88 120 2356
88 123 1808
88 124 4499
88 133 3340
88 136 9292
88 139 417
88 152 8727
88 153 273
88 160 185
88 161 350
88 162 9123
88 164 2637
88 166 2011
88 172 9710
88 179 6524
88 182 855
88 196 443
88 202 7620
88 208 2868
88 210 5618
88 219 1914
88 220 687
88 223 4043
88 225 7282
88 227 8892
88 229 7105
88 236 2593
89 95 8924
89 100 6772
89 105 5475
89 106 7611
89 107 4732
89 111 8271
89 113 8914
89 116 9937
89 134 3906
89 135 5097
89 140 6123
89 142 7790
89 143 6347
89 144 8074
89 151 1582
89 155 1589
89 158 956
89 170 6155
89 174 1649
89 175 8952
89 176 9226
89 179 2061
89 180 9202
89 184 8020
89 187 7990
89 194 2171
89 199 5129
89 200 8781
89 201 3669
89 202 6654
89 206 239
89 220 9905
89 225 1431
89 227 6436
89 230 1097
89 231 2736
89 235 2475
90 92 9088
90 93 442
90 94 6323
90 99 3624
90 100 3959
90 109 4303
90 112 496
90 115 7431
90 117 33
90 121 3059
90 124 8211
90 130 122
90 133 7917
90 139 3751
90 140 9171
90 142 5284
90 147 7200
90 148 6034
90 155 7335
90 164 7423
90 175 6521
90 177 5294
90 178 7818
90 186 4699
90 197 1317
90 199 1405
90 205 5095
90 206 505
90 215 3515
90 217 8345
90 219 5096
90 222 6210
90 225 1141
90 226 8486
91 103 8907
91 113 3203
91 114 7498
91 118 1923
91 124 1123
91 126 4778
91 129 3339
91 133 5529
91 135 1436
91 136 6911
91 138 4468
91 140 657
91 142 1753
91 151 310
91 157 2206
91 160 4031
91 165 7484
91 166 5309
91 174 9279
91 186 9525
91 189 8846
91 190 1318
91 195 8813
91 196 3005
91 204 9063
91 212 6122
91 213 9282
91 218 6116
91 219 692
91 221 8338
91 228 426
91 231 6988
91 234 7905
92 95 374
92 96 4658
92 97 3758
92 100 8129
92 105 5767
92 110 4175
92 124 2951
92 125 9896
92 126 777
92 128 4531
92 131 2804
92 134 3870
92 140 2173
92 141 4699
92 148 2937
92 152 3302
92 158 3772
92 164 5906
92 167 4304
92 173 4418
92 175 7525
92 186 3096
92 188 3440
92 189 701
92 198 3898
92 207 6615
92 209 9091
92 221 7165
92 222 100
92 224 6370
92 229 3916
92 231 7920
92 233 5353
92 236 9890
93 100 9571
93 104 7174
93 114 7827
93 115 1982
93 116 2183
93 118 1693
93 122 6760
93 140 4745
93 141 3212
93 143 9691
93 149 4328
93 150 3071
93 156 9200
93 158 6320
93 165 620
93 167 8406
93 173 8489
93 174 2559
93 176 9506
93 182 3542
93 187 9197
93 194 9359
93 195 8454
93 198 9238
93 205 5906
93 211 7517
93 212 2110
93 216 3717
93 218 6580
93 223 1122
93 229 5839
93 234 234
94 103 9116
94 108 322
94 117 5930
94 123 5045
94 131 4017
94 132 3507
94 140 3675
94 143 5287
94 144 6875
94 149 9890
94 151 3637
94 152 8230
94 156 6466
94 157 722
94 161 2320
94 162 9563
94 168 3730
94 169 627
94 180 8087
94 185 3480
94 187 9711
94 194 682
94 199 4634
94 206 3238
94 207 3812
94 209 4443
94 210 3066
94 211 3191
94 215 6241
94 220 5505
94 224 4326
94 227 6026
94 228 9706
94 229 3452
94 231 9024
94 233 1502
95 102 345
95 108 4436
95 112 9411
95 115 8519
95 119 5019
95 120 9345
95 125 3641
95 129 3653
95 132 8903
95 134 931
95 135 2611
95 142 994
95 145 6417
95 149 31
95 157 864
95 164 6671
95 167 8929
95 172 3494
95 181 9134
95 186 9522
95 187 8897
95 192 3093
95 193 1097
95 196 6377
95 197 8235
95 198 7802
95 205 7975
95 214 553
95 219 9644
95 220 8596
95 221 411
95 224 156
95 227 8131
95 233 2147
95 234 8672
96 106 4025
96 116 690
96 119 3758
96 125 6319
96 127 3670
96 128 1289
96 144 6497
96 145 8691
96 149 1964
96 152 8995
96 164 66
96 166 3153
96 168 9098
96 172 5940
96 183 6427
96 184 3340
96 192 2236
96 200 9542
96 202 8794
96 210 6484
96 212 826
96 220 2898
96 221 1030
96 231 3255
96 232 4611
96 233 3161
96 236 9456
97 103 5850
97 104 4541
97 108 5394
97 116 2177
97 119 1729
97 123 2711
97 131 1441
97 133 1796
97 136 3359
97 141 531
97 142 924
97 146 4227
97 153 3080
97 154 641
97 156 2646
97 157 361
97 172 57
97 174 307
97 185 5581
97 188 4091
97 193 8401
97 200 2090
97 206 5486
97 207 334
97 209 7219
97 215 2675
97 216 2979
97 217 9454
97 218 4656
97 223 4650
97 228 8829
98 102 9630
98 109 4969
98 116 8370
98 117 2679
98 118 6714
98 119 9771
98 121 7139
98 127 8795
98 130 9782
98 134 7118
98 137 2800
98 141 271
98 144 478
98 147 9613
98 148 3345
98 152 4754
98 153 6778
98 157 3712
98 158 7430
98 162 4542
98 167 7751
98 170 2105
98 172 4150
98 179 5272
98 183 9232
98 186 1254
98 187 3928
98 198 6957
98 203 5564
98 215 4269
98 216 7516
98 217 3843
98 221 3851
98 224 432
98 226 8205
98 230 3196
98 235 6299
99 102 4962
99 105 298
99 113 9678
99 115 6830
99 116 3846
99 118 8979
99 120 9909
99 126 5616
99 133 7638
99 136 6284
99 137 1021
99 143 6210
99 146 3045
99 147 3749
99 150 1324
99 151 2588
99 152 9748
99 157 5464
99 158 4842
99 159 5269
99 165 6232
99 169 481
99 170 9533
99 175 3701
99 178 4341
99 180 5582
99 183 7892
99 185 6219
99 189 407
99 195 4241
99 197 7433
99 198 770
99 201 8066
99 203 570
99 214 586
99 216 4087
99 219 4811
99 227 4468
99 228 9890
99 230 6899
99 231 6106
100 101 1562
100 109 3431
100 112 2529
100 116 7438
100 120 2608
100 126 9068
100 127 2902
100 128 5984
100 129 7199
100 133 4058
100 139 9981
100 142 6632
100 144 1903
100 145 3226
100 147 5225
100 149 7593
100 158 4924
100 177 810
100 178 800
100 183 1722
100 187 4774
100 188 4901
100 189 35
100 194 2911
100 196 1261
100 198 4489
100 200 7886
100 202 1379
100 204 4303
100 207 9573
100 210 8311
100 214 7972
100 215 4264
100 218 9789
100 224 1902
100 225 9552
100 228 2498
100 229 8734
100 230 8450
100 234 3732
101 102 659
101 103 2117
101 107 2415
101 111 8375
101 112 874
101 113 1434
101 114 5190
101 117 1755
101 125 7291
101 134 9103
101 145 9012
101 146 8208
101 148 2497
101 159 3180
101 166 2511
101 170 7550
101 171 9513
101 172 2663
101 180 3881
101 181 5414
101 182 9550
101 184 7472
101 195 3101
101 198 8253
101 203 4491
101 204 6461
101 208 690
101 216 9187
101 220 7108
101 222 7962
101 223 3234
101 225 5235
101 226 2422
101 227 7673
101 235 4575
102 108 4094
102 109 7357
102 111 1922
102 112 7862
102 117 4387
102 120 7495
102 123 758
102 125 5770
102 126 2574
102 130 7020
102 134 2838
102 138 616
102 140 8268
102 141 8943
102 146 2559
102 156 4489
102 157 9787
102 163 8044
102 172 2172
102 177 4740
102 180 1156
102 189 6969
102 190 4067
102 192 9788
102 193 5210
102 194 6398
102 196 7434
102 197 5313
102 198 3400
102 202 8242
102 206 301
102 207 5273
102 210 8181
102 225 9087
102 230 807
102 232 1697
102 235 5522
103 108 5255
103 115 2019
103 116 9001
103 120 9213
103 139 1646
103 143 7593
103 146 4057
103 151 1219
103 157 1208
103 160 2048
103 176 80
103 179 7428
103 181 6790
103 188 1602
103 190 2066
103 203 7704
103 209 1645
103 214 1583
103 219 9669
103 222 8303
103 224 6201
103 232 5944
103 235 9217
104 110 3940
104 118 3525
104 122 4774
104 130 5356
104 132 5001
104 136 969
104 138 6725
104 139 9320
104 143 2140
104 146 88
104 151 5363
104 155 4008
104 158 984
104 169 4704
104 176 3745
104 182 9140
104 183 1149
104 189 2075
104 193 1594
104 194 6244
104 195 4219
104 196 1428
104 200 1616
104 202 3217
104 204 7930
104 207 6846
104 210 2741
104 211 1386
104 216 1416
104 217 9490
104 218 9412
104 219 3702
104 224 9126
104 226 1768
104 228 8215
104 236 1741
105 108 4308
105 115 9068
105 119 9090
105 121 3850
105 126 5888
105 130 9174
105 133 366
105 137 3690
105 139 699
105 143 7340
105 146 9611
105 147 5872
105 149 3476
105 151 8322
105 156 4635
105 157 9046
105 162 1489
105 164 736
105 182 6345
105 184 6878
105 187 2816
105 191 3527
105 193 7960
105 226 19
105 227 5042
105 229 3478
105 232 545
106 109 5389
106 113 542
106 116 2575
106 117 5686
106 122 2696
106 128 3293
106 130 222
106 132 3060
106 135 3216
106 139 2978
106 140 5053
106 141 1676
106 145 9490
106 154 1972
106 156 8900
106 170 5480
106 174 5511
106 186 1893
106 188 3276
106 194 3149
106 197 300
106 198 5048
106 202 886
106 206 1548
106 222 1988
106 234 3333
107 110 1430
107 111 7512
107 117 5454
107 118 7990
107 123 389
107 128 5788
107 129 76
107 131 2186
107 135 7801
107 141 1942
107 145 476
107 153 3602
107 155 3729
107 156 4302
107 159 5486
107 162 3153
107 165 2674
107 180 1135
107 181 8644
107 183 3384
107 187 2569
107 192 7924
107 194 4513
107 195 1534
107 197 8813
107 214 7170
107 216 5385
107 219 76
107 220 5745
107 223 9013
107 229 7814
108 114 6313
108 119 1083
108 121 2026
108 122 2786
108 123 8282
108 135 7629
108 136 4163
108 139 3091
108 141 8899
108 145 7657
108 146 448
108 148 9038
108 153 9565
108 155 3999
108 157 7344
108 160 3326
108 163 2992
108 166 8044
108 170 2255
108 185 4236
108 188 919
108 190 4136
108 193 8665
108 194 2425
108 198 9577
108 200 9458
108 201 4342
108 203 3408
108 207 2121
108 208 682
108 219 105
108 223 2921
108 235 7228
109 112 5371
109 114 6721
109 122 8126
109 123 4989
109 128 9306
109 131 9550
109 132 4935
109 134 2181
109 135 3970
109 148 3439
109 149 3826
109 150 2325
109 157 8341
109 158 4087
109 163 8628
109 164 7755
109 166 419
109 173 4156
109 174 9781
109 187 5618
109 192 1340
109 193 8927
109 199 1034
109 207 5905
109 208 2026
109 216 9090
109 218 5884
109 224 1698
109 227 3266
109 228 5087
109 231 704
109 232 1687
109 235 9927
110 111 1348
110 112 2853
110 116 6596
110 118 9055
110 120 2279
110 121 1974
110 122 3708
110 123 7844
110 126 6350
110 130 722
110 143 369
110 145 2103
110 148 3011
110 152 7507
110 158 5220
110 159 5428
110 167 9618
110 168 1398
110 170 5692
110 171 5131
110 174 6235
110 178 4480
110 184 8842
110 189 3573
110 192 5445
110 194 5587
110 199 5068
110 200 3968
110 207 3257
110 209 5384
110 210 9982
110 212 6433
110 214 2729
110 217 6734
110 226 8670
110 230 6579
110 233 7317
110 234 1544
111 114 6328
111 117 7042
111 119 9192
111 120 3814
111 124 973
111 125 7262
111 128 9012
111 129 4750
111 133 1594
111 138 3896
111 145 411
111 152 2098
111 155 8754
111 159 4597
111 167 2568
111 173 9524
111 179 7900
111 181 5442
111 182 1056
111 185 2504
111 188 7211
111 189 2794
111 191 7380
111 199 3529
111 202 3003
111 206 3913
111 209 2364
111 211 3389
111 217 3078
111 221 8226
111 222 8605
111 225 8429
111 232 5735
112 113 6402
112 117 1392
112 119 3557
112 122 350
112 127 7861
112 135 7269
112 136 1227
112 146 5172
112 149 3908
112 150 2538
112 153 9748
112 171 1010
112 172 9023
112 173 8535
112 188 1364
112 190 9685
112 191 6788
112 192 6190
112 193 8432
112 196 6327
112 198 1961
112 200 2340
112 205 7604
112 206 7460
112 213 5697
112 217 1200
112 224 8805
112 225 165
112 227 5211
112 229 6896
112 236 5093
113 114 1727
113 117 5068
113 121 4627
113 122 4878
113 123 1744
113 124 8596
113 126 2499
113 129 9656
113 131 9025
113 132 6893
113 140 1928
113 141 864
113 148 2265
113 152 9178
113 157 2627
113 158 1123
113 159 6138
113 166 4353
113 168 6168
113 171 1866
113 172 7035
113 175 2710
113 177 8152
113 178 8131
113 196 2494
113 200 5577
113 201 9935
113 207 3892
113 210 6763
113 221 1414
113 223 541
113 228 2904
113 230 1251
113 233 8096
114 115 8541
114 129 4826
114 136 3705
114 137 9264
114 138 7420
114 140 7712
114 145 3365
114 146 7096
114 149 5476
114 150 607
114 159 9129
114 164 4459
114 167 1750
114 170 6329
114 173 4778
114 174 4307
114 175 7998
114 176 4971
114 177 9844
114 180 7387
114 185 8963
114 188 5112
114 189 7429
114 190 1960
114 193 2766
114 196 6538
114 197 9585
114 200 3637
114 206 773
114 209 4416
114 214 383
114 219 5885
114 221 1922
114 228 5273
114 231 2061
114 232 1304
114 233 7928
114 234 8540
114 236 1549
115 125 9045
115 128 7145
115 133 1967
115 135 7608
115 139 8233
115 140 5694
115 142 2752
115 143 5940
115 145 4117
115 152 2819
115 156 6505
115 159 7357
115 165 1952
115 166 3245
115 170 6569
115 178 9900
115 189 7645
115 190 8857
115 191 4709
115 192 2791
115 193 287
115 195 1103
115 196 7535
115 199 9523
115 201 1008
115 211 4291
115 216 8094
115 221 2390
115 223 8092
115 225 4256
115 227 930
115 228 4565
116 117 6989
116 124 4602
116 125 6246
116 126 2118
116 131 7011
116 132 3768
116 135 9097
116 140 159
116 141 3609
116 142 1375
116 146 3012
116 147 3418
116 150 5570
116 165 5290
116 168 671
116 170 2831
116 174 3235
116 177 4607
116 179 6750
116 182 142
116 187 3312
116 188 9095
116 190 9055
116 195 5325
116 197 6094
116 210 6155
116 221 9711
116 223 7246
116 227 4062
116 228 3303
116 232 686
116 236 7342
117 119 5104
117 120 275
117 121 5928
117 124 5525
117 130 1541
117 131 2499
117 132 1914
117 136 8412
117 138 5357
117 140 7157
117 148 4938
117 151 2410
117 156 8845
117 162 4810
117 170 9079
117 171 2075
117 186 1250
117 188 5517
117 197 547
117 203 7166
117 210 8296
117 215 8806
117 220 1604
117 223 3395
117 229 6576
117 230 6539
117 234 2134
117 235 5270
118 119 3811
118 126 4239
118 128 4647
118 131 9613
118 134 1863
118 139 5321
118 141 6966
118 152 3166
118 153 1572
118 157 9221
118 158 2893
118 159 3254
118 164 4873
118 170 6073
118 171 8498
118 176 1811
118 178 7336
118 179 6573
118 180 1069
118 182 3855
118 184 1187
118 195 1823
118 198 8939
118 201 3651
118 202 3541
118 203 1867
118 214 3246
118 215 3648
118 216 9391
118 219 8872
118 220 5067
118 224 5465
118 226 7254
118 234 8910
119 126 9861
119 128 7886
119 129 2276
119 130 523
119 131 5809
119 134 2039
119 152 6772
119 153 9157
119 159 8605
119 161 7820
119 162 4692
119 164 258
119 165 4554
119 167 99
119 169 4357
119 180 9966
119 186 3191
119 191 6585
119 197 7548
119 206 4997
119 207 6733
119 214 2540
119 220 7520
119 223 1294
119 225 7930
119 228 9261
119 230 3725
119 234 8682
120 127 4204
120 128 7772
120 130 5501
120 137 7321
120 143 1040
120 145 694
120 158 549
120 160 7387
120 163 7992
120 165 9637
120 166 1475
120 171 8757
120 172 579
120 178 9276
120 184 7144
120 186 2615
120 188 8220
120 190 7850
120 198 435
120 201 2879
120 204 7350
120 207 9455
120 209 3381
120 211 1307
120 216 3154
120 219 4153
120 225 4768
120 228 4846
121 122 681
121 126 9123
121 130 2730
121 133 6871
121 136 1380
121 140 6117
121 143 2200
121 145 5244
121 150 7934
121 152 5879
121 155 3934
121 156 626
121 158 97
121 160 6717
121 163 5674
121 169 3886
121 175 638
121 176 7081
121 179 1064
121 182 4960
121 184 1856
121 188 4714
121 194 9848
121 196 8520
121 198 6902
121 201 6283
121 205 6035
121 212 1610
121 214 5216
121 215 606
121 217 6071
121 218 3796
121 225 6624
121 229 5659
121 234 6097
121 236 790
122 124 5376
122 125 9380
122 128 466
122 134 2786
122 135 1043
122 136 7778
122 138 7787
122 140 620
122 144 5703
122 145 1403
122 156 8736
122 157 9220
122 162 5086
122 165 7777
122 168 3856
122 169 6464
122 174 3134
122 176 6887
122 181 7468
122 184 9134
122 197 9521
122 201 4802
122 203 1478
122 205 7538
122 210 1070
122 211 2416
122 212 4996
122 215 8891
122 217 2683
122 220 5879
122 221 7744
122 230 1586
122 231 147
122 233 6227
122 236 4141
123 124 3486
123 126 7851
123 127 6061
123 131 9580
123 132 8137
123 136 3464
123 146 1587
123 153 318
123 154 1640
123 157 6461
123 161 1051
123 163 6209
123 167 168
123 168 6716
123 169 3171
123 172 2190
123 173 5656
123 177 8806
123 189 529
123 192 8211
123 194 7430
123 198 9898
123 201 8947
123 202 5691
123 207 3651
123 215 5071
123 216 2426
123 218 8255
123 220 7258
123 221 5888
123 222 2865
123 229 1131
123 233 5655
123 236 8291
124 129 1007
124 132 3862
124 138 1460
124 139 2226
124 142 3411
124 150 6091
124 157 4342
124 158 4212
124 162 1150
124 168 6998
124 172 7423
124 174 8803
124 176 5610
124 177 5199
124 178 6316
124 194 61
124 207 7347
124 208 9100
124 210 8063
124 211 9622
124 214 878
124 215 6956
124 216 178
124 224 2521
124 226 9274
124 228 3804
124 231 6669
125 126 791
125 136 6308
125 142 4582
125 144 3472
125 147 7195
125 149 2968
125 159 5941
125 162 8665
125 171 7808
125 173 4079
125 174 7757
125 175 4813
125 178 6093
125 180 2368
125 185 3389
125 190 2652
125 194 1077
125 195 1886
125 198 5704
125 202 9642
125 203 1430
125 204 160
125 205 6966
125 219 1591
125 227 6489
125 229 2121
126 127 219
126 142 4670
126 144 4529
126 147 5196
126 148 3317
126 157 8271
126 159 6653
126 161 3269
126 171 8106
126 175 2023
126 178 1328
126 179 5633
126 181 8677
126 195 8269
126 204 609
126 206 860
126 207 5166
126 211 1141
126 212 3739
126 216 9593
126 220 2691
126 221 730
126 223 7556
126 235 8185
127 130 5969
127 132 1127
127 135 1978
127 137 5691
127 141 6960
127 142 5903
127 155 7535
127 156 4154
127 158 1367
127 159 5868
127 161 4006
127 162 3939
127 163 1027
127 164 692
127 173 8563
127 175 6104
127 182 736
127 188 266
127 192 1276
127 195 6152
127 199 6837
127 201 5148
127 211 5376
127 214 9574
127 222 9297
127 223 2318
127 225 7879
127 227 8539
127 232 3208
127 233 4772
128 130 1444
128 133 2432
128 138 7680
128 143 5994
128 148 8243
128 158 1181
128 160 4059
128 161 2487
128 164 9345
128 165 5226
128 170 5883
128 174 5236
128 180 1942
128 185 9302
128 189 6180
128 196 1125
128 201 3531
128 214 1440
128 219 2581
128 221 3316
128 222 2449
128 230 990
128 233 878
129 136 6275
129 146 6072
129 150 5106
129 151 5624
129 156 5182
129 172 9931
129 173 1595
129 176 3545
129 180 2394
129 183 2816
129 184 8402
129 201 3531
129 202 8562
129 203 8745
129 206 3169
129 219 5116
129 226 7265
129 230 5992
129 232 4910
129 234 2448
129 236 5176
130 136 9107
130 140 7270
130 144 1919
130 151 6007
130 155 146
130 158 1523
130 168 8744
130 169 5190
130 171 6139
130 174 9805
130 178 6836
130 187 747
130 192 7543
130 208 1153
130 214 1330
130 218 2239
130 221 5845
130 230 5694
130 235 2901
130 236 3793
131 137 9452
131 139 1011
131 141 7592
131 142 7613
131 144 2398
131 149 5069
131 152 5022
131 158 8302
131 161 7637
131 164 2468
131 166 8461
131 168 6547
131 169 8751
131 174 5273
131 178 5149
131 183 6651
131 184 1417
131 201 8250
131 202 9496
131 204 6244
131 213 5674
131 215 8659
131 220 6785
131 226 1447
131 234 7861
131 236 4877
132 134 9654
132 152 6649
132 155 1596
132 157 1302
132 161 6943
132 164 3342
132 165 8460
132 168 4522
132 169 9661
132 171 2303
132 173 7868
132 175 1768
132 176 5537
132 177 9361
132 179 3266
132 182 7636
132 186 2437
132 190 305
132 199 2204
132 200 4604
132 208 1383
132 211 3032
132 214 3618
132 220 2640
132 224 5093
132 225 5942
132 226 1391
132 229 4191
132 234 3159
133 134 4708
133 135 6114
133 139 8179
133 141 5477
133 147 4952
133 150 8694
133 153 7444
133 154 8328
133 159 3820
133 165 5217
133 167 2242
133 171 2418
133 176 6841
133 187 6064
133 197 6851
133 203 7947
133 207 6669
133 208 7506
133 210 8710
133 215 4214
133 216 9866
133 217 2793
133 225 812
133 226 6964
133 227 1266
133 230 2917
133 231 3218
133 233 5628
133 234 3111
133 235 8091
134 135 1817
134 143 7165
134 152 3180
134 159 2917
134 162 5063
134 167 8763
134 169 6929
134 170 789
134 175 2540
134 180 3983
134 181 4234
134 183 6610
134 188 9735
134 192 4271
134 196 5472
134 202 9924
134 207 4823
134 211 9788
134 216 5104
134 217 9594
134 219 2112
134 222 8324
134 235 4830
134 236 6551
135 138 6283
135 139 3731
135 140 5504
135 142 222
135 144 4965
135 145 7980
135 149 3316
135 161 420
135 162 8220
135 163 9200
135 166 751
135 167 2180
135 169 2568
135 175 5417
135 176 3736
135 177 5388
135 179 522
135 182 7813
135 184 4036
135 185 7745
135 187 7123
135 188 2334
135 193 8071
135 197 9468
135 203 6805
135 204 7057
135 209 5543
135 210 2625
135 215 4913
135 220 5584
135 221 9182
135 222 5587
135 223 4352
135 225 7859
135 226 8454
135 228 2294
136 140 7795
136 142 4947
136 153 5611
136 155 1701
136 157 1035
136 165 6011
136 169 1634
136 178 8103
136 180 4582
136 185 1337
136 192 9373
136 193 9036
136 198 3994
136 205 3589
136 207 6804
136 208 5485
136 212 1400
136 213 4457
136 214 6284
136 218 919
136 219 9401
136 227 6173
137 138 5999
137 142 6338
137 144 2510
137 148 2186
137 149 3884
137 153 630
137 160 7589
137 165 9723
137 166 2039
137 168 9461
137 170 1425
137 172 340
137 173 7530
137 175 577
137 180 1490
137 181 5148
137 193 1430
137 196 4955
137 197 9175
137 198 4834
137 205 8892
137 206 160
137 210 9024
137 215 4300
137 218 851
137 221 7582
137 232 4925
137 234 9720
138 142 452
138 152 4369
138 153 5384
138 156 2787
138 162 5557
138 163 3475
138 166 6323
138 171 2341
138 174 4062
138 176 7697
138 177 2375
138 178 1825
138 179 1086
138 182 4105
138 183 8425
138 187 4777
138 195 4614
138 200 3588
138 205 2175
138 207 5389
138 214 153
138 216 3332
138 218 4037
138 220 168
138 222 8954
138 232 238
139 141 6487
139 142 1205
139 143 4015
139 144 4009
139 145 6194
139 155 5240
139 158 7190
139 159 1136
139 160 8081
139 161 2680
139 166 4774
139 173 157
139 176 7109
139 178 8535
139 179 7580
139 183 3881
139 184 1657
139 195 7687
139 196 9054
139 197 3237
139 201 9263
139 213 7833
139 219 5052
139 224 2162
139 230 559
139 231 7332
140 142 9629
140 143 5282
140 148 2365
140 153 2863
140 154 7476
140 157 7945
140 158 1418
140 159 6696
140 172 704
140 184 6156
140 186 8078
140 187 9183
140 189 7621
140 190 5163
140 197 5671
140 200 7311
140 205 3878
140 212 3894
140 216 3662
140 228 1530
140 229 414
140 230 1489
140 233 7139
140 235 4806
141 146 5524
141 156 9152
141 168 4047
141 171 1598
141 175 8479
141 176 9721
141 180 8645
141 184 2278
141 188 4368
141 193 4880
141 195 4104
141 196 5033
141 197 8837
141 206 3041
141 210 9808
141 221 8940
141 224 1739
141 229 9322
141 230 4410
141 235 9488
142 145 5836
142 158 1570
142 160 6555
142 165 8196
142 168 8932
142 171 7923
142 176 9210
142 177 3610
142 178 7189
142 180 9733
142 183 1019
142 188 8090
142 190 543
142 192 873
142 193 3227
142 204 815
142 207 6388
142 209 8196
142 219 3042
142 220 4225
142 223 9997
142 227 4824
143 149 4819
143 152 2892
143 156 2480
143 158 9674
143 160 77
143 165 3123
143 176 1030
143 179 1844
143 180 589
143 183 2567
143 192 3755
143 193 6084
143 200 3451
143 202 9416
143 205 3
143 206 9977
143 209 7203
143 210 6138
143 215 739
143 219 7549
143 222 4565
143 235 15
144 145 2153
144 146 1605
144 152 4109
144 153 3942
144 156 7485
144 162 972
144 163 4779
144 169 2952
144 174 9898
144 177 1204
144 187 4156
144 192 552
144 217 4798
144 218 1580
144 223 5325
144 227 6858
144 229 6772
144 233 2228
144 236 4355
145 147 2641
145 163 9493
145 165 6797
145 169 1955
145 173 8682
145 175 9988
145 177 1113
145 178 4251
145 179 7647
145 180 77
145 182 242
145 183 1497
145 184 7480
145 185 1065
145 186 8939
145 187 673
145 189 1739
145 195 6994
145 198 6646
145 205 7929
145 206 345
145 207 8514
145 219 1466
145 221 7225
145 229 9504
145 233 3162
146 147 4156
146 153 6618
146 159 1124
146 160 9993
146 161 1069
146 163 590
146 165 7186
146 168 3230
146 169 6686
146 174 6566
146 182 5297
146 183 7485
146 191 6423
146 192 6393
146 196 9509
146 197 2270
146 202 4836
146 206 3909
146 210 7668
146 213 837
146 215 2702
146 222 6315
146 230 9093
146 231 3373
146 233 465
146 235 2912
146 236 3868
147 152 1885
147 153 8112
147 167 618
147 170 4401
147 174 8272
147 176 6371
147 177 9573
147 180 2024
147 181 8920
147 184 9368
147 193 8666
147 197 3380
147 206 4428
147 207 5617
147 209 9509
147 215 8698
147 216 6964
147 217 9487
147 227 3560
147 234 7599
147 235 3834
148 151 7769
148 160 810
148 161 4473
148 165 8911
148 167 5972
148 174 2957
148 178 4421
148 179 2231
148 185 1562
148 190 8938
148 191 2467
148 192 2234
148 197 3029
148 198 7567
148 204 2923
148 214 9949
148 217 5110
148 221 662
148 227 3234
148 234 1731
149 150 4893
149 152 2678
149 159 7322
149 160 4662
149 166 7024
149 175 9809
149 177 7425
149 181 6337
149 185 3054
149 186 718
149 193 9867
149 195 4771
149 197 9573
149 200 5990
149 210 890
149 216 9262
149 223 3192
149 225 9937
149 233 3434
149 235 1574
150 155 570
150 173 4878
150 174 6362
150 179 1081
150 182 2415
150 186 9319
150 194 9012
150 199 7704
150 200 4377
150 202 6251
150 204 5151
150 211 4081
150 214 9712
150 215 5278
150 216 326
150 217 9583
150 218 2934
150 230 6189
150 234 5555
151 158 228
151 161 8547
151 166 8149
151 172 3578
151 174 6427
151 179 765
151 183 420
151 192 2099
151 195 3612
151 199 3235
151 202 1351
151 215 100
151 216 6851
151 218 9921
151 226 1214
151 228 1543
151 229 5047
151 234 1560
151 235 3724
152 164 6757
152 170 7474
152 172 6757
152 173 3500
152 174 7976
152 189 6626
152 192 4761
152 195 5241
152 201 8463
152 206 9067
152 209 2723
152 212 8483
152 214 5928
152 215 4634
152 219 1483
152 221 4316
152 226 7453
152 227 5959
152 233 5614
152 235 1498
152 236 6585
153 155 1209
153 156 5378
153 165 7616
153 166 6599
153 168 2015
153 170 6238
153 172 6211
153 173 1008
153 176 5021
153 177 1666
153 182 6075
153 185 9852
153 188 7248
153 190 5495
153 192 3057
153 193 5775
153 197 6340
153 199 3847
153 200 2606
153 202 6757
153 203 2439
153 208 4884
153 210 563
153 214 5979
153 217 6433
153 221 9584
153 225 2959
153 226 2787
153 230 9840
153 231 4934
153 236 1758
154 155 3962
154 156 8743
154 159 3481
154 160 2118
154 165 5256
154 166 9718
154 173 9102
154 174 3015
154 176 8892
154 177 6337
154 178 1467
154 185 9050
154 186 3814
154 188 1205
154 190 5490
154 191 6919
154 192 268
154 195 8376
154 198 8920
154 200 5471
154 203 8442
154 207 7554
154 219 4024
154 220 2023
154 227 9998
154 229 4094
154 235 3534
155 161 4107
155 164 9311
155 165 1666
155 170 4783
155 174 9295
155 175 4357
155 179 1107
155 184 6784
155 188 3088
155 189 7769
155 190 7610
155 195 6191
155 196 7327
155 198 3765
155 201 6539
155 203 711
155 220 9958
155 222 9647
155 227 3052
155 230 211
155 236 4417
156 162 5240
156 165 365
156 166 3420
156 167 7972
156 171 9915
156 172 1988
156 174 9080
156 178 7890
156 184 4519
156 197 5191
156 204 8566
156 208 8146
156 209 3
156 226 5642
156 230 5121
156 231 885
156 234 368
156 235 368
156 236 6903
157 166 3234
157 170 8545
157 171 9469
157 172 5411
157 176 9048
157 177 4693
157 179 8367
157 182 122
157 193 3758
157 194 7606
157 195 4076
157 196 6362
157 201 7235
157 203 3656
157 208 8244
157 209 9091
157 211 3486
157 213 9105
157 215 1344
157 216 265
157 229 5096
157 232 1550
157 233 2721
158 160 4963
158 161 6382
158 165 2783
158 167 7645
158 170 9531
158 171 2185
158 174 4189
158 179 8518
158 184 6955
158 188 4407
158 189 2890
158 198 1904
158 199 6368
158 216 1188
158 218 2611
158 226 9693
158 229 7904
158 231 1192
158 232 8511
158 236 6072
159 178 7808
159 180 2912
159 183 9280
159 191 7421
159 194 4881
159 196 8716
159 198 6936
159 199 7109
159 206 8588
159 208 294
159 211 3062
159 213 6859
159 216 2192
159 221 4710
159 223 3153
159 226 2163
159 233 4883
160 168 7554
160 172 9271
160 173 1965
160 178 6906
160 180 4747
160 186 8821
160 190 8856
160 192 7965
160 195 1617
160 197 5960
160 207 9929
160 210 7526
160 219 4870
160 229 952
160 233 4705
161 170 636
161 171 5106
161 173 1299
161 196 5686
161 199 4097
161 204 139
161 211 7968
161 214 5642
161 225 2565
161 226 6870
161 229 5979
161 231 8264
161 235 14
161 236 7599
162 164 3640
162 166 4637
162 167 4394
162 169 9593
162 171 4018
162 177 6525
162 178 396
162 179 4336
162 182 6075
162 183 6342
162 184 6575
162 185 9011
162 186 122
162 192 4531
162 200 300
162 206 9388
162 209 1476
162 210 3528
162 214 8295
162 215 2952
162 222 1688
162 225 6528
162 228 2550
162 234 256
163 165 655
163 166 9419
163 175 6645
163 182 6128
163 187 5527
163 188 6152
163 190 3612
163 195 3089
163 198 2715
163 205 505
163 209 9349
163 211 9167
163 215 8515
163 217 1389
163 218 5157
163 222 2355
163 227 6409
163 234 6572
164 167 1320
164 171 4005
164 174 3567
164 175 5353
164 177 3629
164 179 5177
164 183 1694
164 198 1691
164 207 5678
164 210 119
164 211 7394
164 214 9575
164 215 71
164 217 1947
164 222 3509
164 231 2885
164 234 1961
165 167 4600
165 173 3987
165 174 6916
165 182 272
165 192 8308
165 199 5744
165 201 357
165 206 4323
165 212 3492
165 217 1116
165 219 1480
165 225 2792
165 229 4710
165 235 8518
165 236 270
166 171 7882
166 174 9612
166 175 1513
166 176 9710
166 185 5143
166 193 9570
166 199 5706
166 205 9916
166 206 1726
166 207 6192
166 208 878
166 216 5361
166 227 5878
166 228 3860
166 232 4363
167 171 8661
167 184 692
167 186 4684
167 190 8825
167 191 4592
167 193 2892
167 199 6749
167 205 1674
167 213 9203
167 215 9347
167 217 9715
167 221 9027
167 223 1084
167 231 8689
167 235 909
168 171 2705
168 174 8105
168 177 2225
168 178 101
168 182 1869
168 189 4874
168 191 9747
168 197 6039
168 211 4021
168 214 6397
168 221 6490
168 224 3650
168 225 6365
168 228 4029
168 230 3494
169 179 9185
169 180 2985
169 191 9304
169 198 5194
169 205 1679
169 218 9114
169 231 2756
169 233 1311
170 171 9152
170 176 9556
170 180 8075
170 193 2856
170 198 205
170 199 2888
170 202 6527
170 212 1339
170 214 1189
170 222 1009
170 227 8081
170 230 7707
171 176 1866
171 181 1100
171 182 4562
171 198 9846
171 202 3263
171 209 3695
171 213 1629
171 218 3435
171 227 3581
171 232 7834
172 175 8057
172 176 1988
172 180 6873
172 184 3729
172 185 9540
172 186 594
172 190 6896
172 191 2554
172 195 906
172 198 3963
172 200 8005
172 201 4070
172 206 1424
172 209 36
172 217 3807
172 219 5172
172 224 6640
172 225 6368
172 226 2301
172 230 3542
172 232 9276
172 236 680
173 180 9172
173 185 3178
173 193 7417
173 201 248
173 211 6086
173 214 5311
173 215 9589
173 229 7676
173 234 4015
174 175 5907
174 177 8195
174 178 9504
174 185 5203
174 187 5862
174 189 7463
174 192 1150
174 193 5274
174 195 4395
174 206 7614
174 212 3075
174 217 1426
174 222 866
174 236 1981
175 178 4761
175 184 6270
175 189 9552
175 191 3737
175 194 8702
175 199 2135
175 204 4340
175 215 2989
175 216 2352
175 222 3998
176 180 4024
176 183 1139
176 197 5045
176 199 9411
176 204 6618
176 215 5660
176 216 2092
176 219 3941
176 224 7076
176 229 8429
176 232 9716
176 235 7975
177 185 7895
177 187 7238
177 188 3750
177 193 2158
177 201 2980
177 210 6992
177 212 6055
177 215 4084
177 219 6187
177 221 5849
177 227 703
177 235 7048
178 180 9211
178 185 6817
178 192 9025
178 193 321
178 194 8100
178 213 3848
178 214 631
178 218 6838
178 220 613
178 222 657
178 228 6049
178 236 777
179 183 3997
179 188 1626
179 198 1764
179 199 1417
179 201 3648
179 207 3572
179 208 2393
179 220 9382
179 221 4200
179 222 5372
179 225 1396
179 226 9034
179 229 7898
179 236 2434
180 181 8096
180 183 9807
180 187 3995
180 212 311
180 216 8943
180 221 5454
180 225 1395
180 233 398
180 235 1320
180 236 9924
181 182 7939
181 183 4648
181 186 8982
181 188 9950
181 191 245
181 192 3417
181 195 3060
181 206 7264
181 212 6533
181 213 5967
181 216 8892
181 222 1066
181 223 1874
181 231 2500
182 183 5804
182 184 2474
182 185 9797
182 190 9214
182 192 7632
182 197 4824
182 200 7963
182 205 8970
182 211 7990
182 212 1676
182 213 7804
182 224 5130
182 225 4754
182 229 1228
182 232 7009
183 186 7689
183 190 9044
183 191 1285
183 194 3875
183 200 9750
183 201 2804
183 207 8299
183 211 6069
183 212 8264
183 221 8054
183 225 5173
183 236 9972
184 189 9502
184 195 7313
184 197 4988
184 199 8664
184 202 279
184 205 6986
184 208 3007
184 209 2992
184 213 5065
184 214 6670
184 221 8190
184 225 910
184 235 807
185 188 8463
185 190 1828
185 194 8749
185 197 1493
185 198 2235
185 205 4373
185 214 4241
185 215 4079
185 230 5401
185 232 3564
185 234 6314
186 191 2752
186 192 1490
186 196 2696
186 198 120
186 206 7889
186 212 813
186 213 5016
186 214 2476
186 217 2508
186 218 9130
186 222 6140
186 225 6170
186 226 1882
186 227 6946
186 232 2687
187 196 7341
187 197 7259
187 202 971
187 203 4066
187 204 9334
187 207 6370
187 211 1643
187 219 5120
187 221 92
187 223 8073
187 230 2586
187 234 3618
187 235 3815
188 189 1909
188 195 8348
188 198 7796
188 199 2279
188 200 8219
188 211 5335
188 215 2515
188 217 4947
188 223 821
188 227 588
188 233 5066
188 236 9113
189 190 2357
189 191 4322
189 194 3294
189 197 7846
189 205 1014
189 212 3083
189 214 7509
189 215 5606
189 217 3175
189 223 6165
189 225 5072
189 230 6257
190 200 6272
190 202 2493
190 203 3241
190 204 2154
190 206 5254
190 211 6431
190 214 9912
190 227 3930
190 228 2535
190 231 1122
191 195 3066
191 199 4563
191 202 6685
191 208 8606
191 214 3849
191 218 4698
191 219 1382
191 220 4995
191 226 4399
191 228 9505
191 230 4260
192 193 9075
192 196 6988
192 198 564
192 199 8575
192 208 7824
192 210 9070
192 218 3290
192 223 662
192 224 4768
192 225 9969
192 231 4332
193 194 8272
193 195 3197
193 196 1853
193 197 6274
193 201 2592
193 202 6198
193 203 5185
193 208 7953
193 211 8715
193 226 5570
193 232 615
193 233 4135
193 234 9224
194 195 4043
194 197 7921
194 198 9296
194 201 6305
194 202 9024
194 203 1323
194 205 804
194 206 494
194 208 8571
194 209 6931
194 211 1662
194 215 1719
194 217 1423
194 224 7448
194 227 2414
194 228 2976
194 230 4105
194 231 3380
195 202 9495
195 217 1457
195 227 1907
195 230 6610
195 236 5032
196 198 4811
196 200 4283
196 206 933
196 207 2571
196 208 983
196 212 9716
196 214 9149
196 216 8901
196 222 8687
196 225 4939
197 208 4608
197 216 7125
197 220 2606
197 221 5270
197 225 1942
197 229 6433
197 233 9203
198 202 8894
198 203 7734
198 206 5217
198 209 1050
198 220 9644
198 227 4858
198 229 9267
198 232 8175
198 233 4109
198 234 348
199 202 4541
199 204 3503
199 205 6951
199 208 592
199 212 8030
199 213 6226
199 214 9230
199 220 9916
199 222 2856
199 228 1947
199 229 7035
199 230 831
199 234 8947
200 204 248
200 205 4078
200 209 7079
200 211 5868
200 221 513
200 225 2566
200 228 5724
201 207 9410
201 213 5645
201 216 8774
201 226 3752
201 228 9676
201 229 8430
201 231 3915
202 206 3479
202 208 5524
202 214 5463
202 217 7280
202 222 3105
202 223 9568
202 230 6620
202 232 1491
203 206 1736
203 212 7694
203 220 6873
203 231 7391
204 205 5391
204 217 4734
204 223 7934
204 226 3098
204 227 3945
204 235 7741
205 207 7627
205 210 4476
205 216 6143
205 219 6087
206 207 1393
206 213 8766
206 215 4002
206 217 1305
206 222 4631
206 223 8419
206 224 8261
206 233 6597
207 210 9357
207 211 3307
207 215 1871
207 216 3380
207 223 9463
207 224 2371
207 227 7439
208 209 9506
208 217 8262
208 219 368
208 221 4965
208 225 5478
208 229 8547
208 234 2775
209 211 8527
209 212 4398
209 214 1659
209 215 2498
209 219 296
209 221 8666
209 224 5196
209 229 9708
209 233 2322
209 236 3637
210 215 9273
210 221 155
210 226 6100
210 229 8342
210 234 5993
211 215 1670
211 228 6645
211 230 9632
212 215 6865
212 221 1094
212 229 6171
212 233 3498
212 235 6145
213 222 5295
213 228 9159
213 231 82
213 233 6917
213 235 8695
214 215 3350
214 216 9614
214 226 3020
214 228 7867
214 235 7242
215 219 3496
215 227 1646
215 230 6649
215 234 1154
215 235 4688
216 223 1777
216 225 6552
216 233 3559
216 235 5250
217 218 6388
217 227 6365
217 230 5329
219 220 6984
219 227 3075
220 225 4427
220 233 9368
220 236 2580
221 229 2654
221 230 4364
221 231 3019
221 235 8758
222 223 8629
222 224 4257
222 225 1771
222 236 5548
223 224 3471
223 226 9522
223 231 6123
223 234 688
223 236 3183
224 229 1180
224 231 20
224 236 9932
225 230 6689
225 231 8893
226 231 844
226 235 531
228 232 2603
229 231 1792
229 232 4053
229 233 1579
230 234 1395
230 236 3192
231 232 3703
231 235 4022
231 236 4879
233 234 4774
235 236 8178
