152 2843 55698 69
0 6 6894
0 8 1499
0 13 567
0 14 7811
0 17 3869
0 24 106
0 41 3848
0 46 1963
0 51 5028
0 58 2920
0 59 5891
0 63 8965
0 65 8179
0 69 1444
0 71 1954
0 77 8337
0 79 1003
0 83 24
0 84 7428
0 86 6823
0 90 9367
0 91 7892
0 95 6065
0 100 8255
0 105 1273
0 116 7821
0 122 7097
0 124 2464
0 126 7323
0 130 5679
0 131 5809
0 144 1367
0 150 4072
1 2 2091
1 18 2698
1 21 7021
1 24 1715
1 27 1637
1 31 167
1 44 6142
1 45 3360
1 51 4481
1 55 4027
1 61 1924
1 65 509
1 70 3648
1 76 8418
1 77 116
1 80 2072
1 81 9157
1 82 7406
1 84 5180
1 85 8055
1 86 1636
1 87 560
1 91 5027
1 92 6769
1 97 5108
1 98 2236
1 101 1382
1 102 5521
1 107 2492
1 113 7677
1 118 1270
1 121 9914
1 123 4199
1 127 8275
1 142 6845
1 146 968
1 148 7301
2 3 9787
2 7 961
2 12 7132
2 16 5384
2 18 714
2 37 647
2 38 1493
2 41 692
2 43 2158
2 44 1442
2 47 691
2 48 9026
2 53 7526
2 55 7289
2 61 5839
2 62 3565
2 65 7472
2 68 2356
2 69 4156
2 71 624
2 72 6661
2 80 6659
2 85 8616
2 90 2177
2 91 8578
2 92 8915
2 96 774
2 100 7840
2 102 6955
2 103 9069
2 105 4342
2 112 6739
2 118 71
2 121 9273
2 129 5437
2 131 4325
2 132 6852
2 135 7332
2 136 5767
2 142 8566
2 150 9389
3 9 7467
3 12 9166
3 16 3714
3 18 1806
3 25 1597
3 27 811
3 31 3453
3 36 7688
3 40 93
3 47 8526
3 50 8238
3 51 4216
3 56 7721
3 57 2157
3 62 5666
3 63 2762
3 64 724
3 66 5999
3 67 868
3 73 2542
3 74 2900
3 87 4866
3 91 2320
3 93 1647
3 95 4073
3 101 9027
3 102 8436
3 106 3424
3 119 5709
3 120 1211
3 122 1792
3 126 8615
3 131 2853
3 136 4383
3 140 2497
3 144 1027
3 147 3891
3 149 1996
4 6 6260
4 7 4795
4 13 5862
4 16 9576
4 18 9367
4 27 1167
4 30 5057
4 33 6791
4 38 5442
4 48 9045
4 56 6843
4 57 8250
4 62 2127
4 67 2731
4 69 8519
4 73 2660
4 75 2717
4 79 2018
4 83 7750
4 86 6018
4 87 2918
4 90 2990
4 97 4835
4 101 4870
4 103 7104
4 108 3604
4 113 7754
4 115 2286
4 119 3147
4 120 5793
4 131 5449
4 138 8910
4 139 3637
4 141 2934
4 142 3062
4 143 6642
4 144 3674
4 146 675
4 147 2433
4 151 7820
5 11 7275
5 18 1829
5 20 9407
5 24 728
5 26 192
5 27 8295
5 28 7975
5 32 4931
5 36 8261
5 40 9162
5 42 4162
5 46 8446
5 51 1398
5 58 6694
5 60 8911
5 64 8716
5 65 3821
5 68 362
5 74 7226
5 78 6970
5 79 5146
5 95 6953
5 96 239
5 97 1214
5 100 6293
5 102 7888
5 105 2427
5 112 7847
5 117 9170
5 121 7400
5 123 6530
5 125 3762
5 135 3363
5 138 833
5 141 6846
6 13 9510
6 19 1251
6 22 8445
6 25 3887
6 42 5179
6 43 7947
6 49 3730
6 51 4832
6 53 2853
6 54 687
6 59 981
6 62 211
6 65 1357
6 68 2312
6 70 5321
6 77 5676
6 79 47
6 85 7948
6 86 6164
6 87 4928
6 88 7248
6 97 4482
6 99 7208
6 102 5197
6 103 6023
6 111 5032
6 116 963
6 121 5495
6 123 1173
6 125 4845
6 130 3275
6 131 3973
6 132 5987
6 134 7890
6 135 3216
6 136 8532
6 143 9788
6 145 826
6 151 5628
7 9 4856
7 11 4265
7 30 7486
7 33 3851
7 34 3924
7 35 8772
7 36 8185
7 37 2862
7 40 2992
7 45 8429
7 47 4838
7 49 9006
7 54 2540
7 58 5832
7 62 2007
7 64 3686
7 68 7838
7 70 5581
7 80 5244
7 82 3809
7 83 7275
7 84 3248
7 95 6933
7 96 9547
7 99 1992
7 100 8170
7 102 33
7 103 7748
7 109 4307
7 113 4418
7 116 1502
7 121 325
7 125 8656
7 128 6059
7 129 3275
7 131 3013
7 134 2841
7 138 2635
7 147 4929
7 148 2306
7 149 4841
7 150 3344
7 151 6365
8 10 6978
8 11 6158
8 15 212
8 18 6112
8 24 6845
8 28 3967
8 31 7853
8 35 6427
8 36 6336
8 42 5006
8 44 9974
8 51 5525
8 53 4724
8 59 7547
8 61 1238
8 62 601
8 66 7994
8 67 6997
8 72 9345
8 78 2419
8 79 6087
8 82 615
8 84 5312
8 86 3009
8 88 6129
8 94 1357
8 96 5682
8 100 3606
8 110 5572
8 117 127
8 128 7919
8 130 1643
8 145 6056
8 147 6298
8 149 7671
8 151 3083
9 11 25
9 13 5859
9 17 6679
9 19 6329
9 21 1415
9 22 9664
9 28 8942
9 29 27
9 30 8457
9 31 8820
9 32 9069
9 36 2557
9 44 7060
9 48 5448
9 49 5233
9 51 719
9 53 2622
9 62 7231
9 63 8372
9 65 5159
9 83 6232
9 91 6625
9 96 4422
9 102 8051
9 107 5138
9 110 2536
9 113 3742
9 114 9894
9 115 2782
9 116 5108
9 120 9881
9 121 3619
9 122 9271
9 123 3675
9 124 8743
9 129 3332
9 132 8462
9 133 7666
9 137 2617
9 138 7545
9 140 5674
10 15 2065
10 18 9121
10 23 628
10 26 2082
10 34 1236
10 35 5893
10 36 7754
10 38 6814
10 40 4982
10 43 3701
10 46 8579
10 47 7735
10 51 5153
10 53 4910
10 54 9079
10 55 2477
10 56 2400
10 60 5048
10 67 7639
10 83 1009
10 89 487
10 93 871
10 95 9326
10 96 736
10 98 4171
10 104 6952
10 105 2735
10 109 776
10 113 4175
10 118 1632
10 121 1525
10 126 2775
10 127 1113
10 143 3499
10 147 1671
10 148 8775
10 150 9399
10 151 7796
11 18 3917
11 20 1645
11 24 9374
11 29 6924
11 33 4252
11 47 427
11 49 1654
11 51 5424
11 57 6448
11 58 5479
11 62 6324
11 67 2090
11 69 6311
11 71 2526
11 72 4837
11 79 6071
11 81 6587
11 88 889
11 89 288
11 93 463
11 96 9884
11 98 7326
11 99 342
11 100 2699
11 109 1249
11 112 1406
11 113 1360
11 115 7623
11 119 5473
11 127 926
11 131 2054
11 135 7338
11 137 7870
11 139 2751
11 143 9634
11 146 8437
12 14 3593
12 16 722
12 19 285
12 24 489
12 31 4504
12 33 2032
12 36 7902
12 44 4764
12 49 7753
12 50 8087
12 53 9095
12 56 997
12 57 5127
12 58 8427
12 59 7945
12 63 3996
12 66 9153
12 68 7817
12 72 1621
12 74 9530
12 75 3247
12 81 1156
12 84 4617
12 87 4109
12 102 7036
12 109 4926
12 112 123
12 115 4119
12 118 7869
12 129 548
12 130 2003
12 131 3244
12 137 7998
12 151 8491
13 19 5675
13 20 8357
13 25 7501
13 32 5441
13 34 6584
13 38 8009
13 39 460
13 44 4059
13 45 8927
13 47 2720
13 49 9872
13 50 8226
13 51 2749
13 58 9393
13 60 2368
13 61 6957
13 62 8512
13 64 9474
13 69 6486
13 75 7114
13 81 8428
13 83 4683
13 84 6142
13 85 427
13 95 9201
13 97 7802
13 100 8922
13 105 9418
13 108 7584
13 109 6917
13 116 1657
13 118 3192
13 126 1746
13 129 7149
13 132 4494
13 134 2154
13 137 7378
13 141 1789
13 142 7042
13 144 7005
13 147 2466
13 148 5683
13 150 9687
14 15 1672
14 16 4719
14 17 8192
14 18 3599
14 23 4941
14 32 1532
14 33 8770
14 43 1768
14 44 974
14 45 6931
14 52 3843
14 54 2183
14 56 2649
14 57 8744
14 59 5029
14 61 5800
14 64 9728
14 67 5396
14 70 6838
14 72 5241
14 74 5014
14 75 4741
14 80 3830
14 82 8050
14 84 7336
14 86 7554
14 89 8266
14 91 6794
14 93 8573
14 96 8719
14 99 5599
14 108 6008
14 109 1268
14 112 7805
14 118 75
14 129 2780
14 135 338
14 136 2499
14 141 4668
14 147 2077
14 150 3901
14 151 5332
15 18 5000
15 23 4638
15 24 2572
15 27 1751
15 31 2274
15 34 9894
15 36 4133
15 42 6551
15 46 7950
15 77 9814
15 83 3872
15 86 8939
15 87 889
15 92 438
15 94 4706
15 102 2465
15 104 5859
15 113 4226
15 121 2950
15 124 4310
15 127 5474
15 128 6359
15 134 1376
15 138 9556
15 142 1463
15 145 513
15 147 5470
16 17 3952
16 19 6571
16 29 9849
16 35 8300
16 39 8130
16 40 3400
16 42 5658
16 45 2083
16 49 9088
16 50 4019
16 52 9249
16 58 4747
16 59 616
16 60 3681
16 63 3131
16 66 4831
16 67 362
16 70 3222
16 73 3228
16 75 8047
16 80 4735
16 85 2797
16 92 2075
16 98 8843
16 101 216
16 103 8639
16 104 6896
16 105 5646
16 106 5946
16 109 9849
16 110 7686
16 112 2296
16 114 5650
16 126 8763
16 130 4317
16 135 5612
16 136 7710
16 139 9252
16 140 5649
16 146 2565
17 22 4873
17 32 2272
17 38 9662
17 40 2904
17 48 9845
17 54 6974
17 55 8732
17 57 9438
17 58 7329
17 66 528
17 67 6997
17 81 2807
17 82 2128
17 86 7620
17 90 9087
17 94 3481
17 102 3172
17 115 1827
17 122 2132
17 124 1924
17 125 7792
17 128 1925
17 132 9960
17 135 9009
17 136 3208
17 140 4493
18 31 2904
18 37 337
18 42 7246
18 48 3879
18 50 906
18 52 935
18 61 7272
18 62 7777
18 65 1541
18 66 4341
18 73 6699
18 74 7245
18 80 9881
18 82 6046
18 87 1073
18 88 8916
18 89 8066
18 97 9694
18 105 4513
18 109 9349
18 113 110
18 119 8187
18 124 5537
18 130 426
18 132 5887
18 134 5378
18 138 8020
18 145 9556
18 148 4480
19 22 6696
19 25 3475
19 26 1783
19 28 3398
19 29 151
19 32 8663
19 38 8473
19 42 5093
19 48 1160
19 50 2154
19 51 2715
19 53 2238
19 56 364
19 57 7695
19 60 6917
19 63 527
19 65 7069
19 67 9092
19 72 2217
19 74 6259
19 76 7541
19 80 2380
19 82 5581
19 85 9669
19 87 6042
19 88 7502
19 90 6563
19 91 2215
19 92 3403
19 93 1834
19 109 60
19 112 6107
19 125 6723
19 126 9630
19 127 1500
19 129 7139
19 134 4234
19 140 2396
19 142 2286
19 149 2823
20 23 8587
20 33 9324
20 41 6226
20 42 4541
20 55 7742
20 57 2814
20 63 2794
20 66 6116
20 69 5007
20 72 9129
20 74 9222
20 77 233
20 80 6662
20 82 2643
20 89 8751
20 92 2261
20 93 936
20 94 6390
20 99 1822
20 104 9720
20 109 6051
20 110 5316
20 111 5961
20 112 3996
20 113 2259
20 121 1711
20 124 7930
20 126 7058
20 131 57
20 135 2551
20 147 3675
20 149 1583
20 150 8235
20 151 1925
21 22 189
21 27 167
21 29 8695
21 38 5301
21 39 8296
21 49 9685
21 50 6641
21 54 7045
21 56 8313
21 58 6045
21 65 8300
21 67 5142
21 76 9142
21 80 5805
21 88 1756
21 94 9770
21 98 462
21 109 5706
21 114 3001
21 118 2935
21 120 8890
21 124 6164
21 141 2169
21 145 9032
21 146 7891
21 148 1906
21 150 3014
22 25 1833
22 40 8249
22 51 5345
22 53 544
22 54 269
22 57 8590
22 58 598
22 60 5459
22 63 6626
22 68 3499
22 74 5573
22 75 730
22 77 7042
22 85 4915
22 87 739
22 91 1227
22 92 4100
22 97 9423
22 98 2593
22 102 2760
22 109 7340
22 113 6980
22 117 8565
22 130 5763
22 133 7206
22 145 5772
22 147 3051
23 27 801
23 38 4380
23 41 4553
23 50 3127
23 53 2958
23 54 2722
23 55 7697
23 59 3724
23 61 4075
23 64 6629
23 65 8536
23 66 5612
23 69 7686
23 72 1723
23 73 6068
23 75 9560
23 76 4867
23 80 6650
23 82 2621
23 86 5327
23 90 2386
23 92 5484
23 93 528
23 98 1716
23 99 9602
23 102 5011
23 108 5868
23 118 5149
23 119 2953
23 132 2088
23 139 1945
23 141 9889
24 26 9913
24 30 6419
24 31 7178
24 33 6822
24 38 3732
24 41 2158
24 43 5725
24 46 322
24 52 5431
24 54 4717
24 56 2582
24 69 8144
24 71 4163
24 73 7347
24 77 2324
24 83 2806
24 90 7067
24 91 3653
24 92 6909
24 97 9305
24 100 6647
24 110 1990
24 121 1255
24 125 5758
24 127 9033
24 136 5895
24 138 433
24 148 6729
24 149 6133
25 27 8231
25 30 3278
25 33 3009
25 36 8088
25 38 2653
25 45 4280
25 47 8061
25 51 6320
25 52 6878
25 54 2593
25 63 2462
25 74 9222
25 77 2045
25 80 101
25 85 2649
25 87 9868
25 88 1548
25 93 6632
25 94 1842
25 99 3415
25 100 9679
25 108 1515
25 127 3279
25 129 4518
25 131 6505
25 132 6386
25 133 9806
25 139 6804
25 141 6653
25 146 2606
25 151 5016
26 30 2704
26 37 8965
26 40 4135
26 45 473
26 46 3810
26 49 9106
26 52 3725
26 61 618
26 64 4641
26 66 1288
26 69 5351
26 73 6883
26 80 4138
26 81 1592
26 85 134
26 89 3666
26 97 9142
26 98 3360
26 100 3301
26 104 783
26 105 7771
26 116 9054
26 117 5038
26 122 5554
26 126 4698
26 127 5343
26 129 1010
26 135 7322
26 137 4695
26 138 1757
26 143 8849
26 147 5857
26 149 6758
27 36 7846
27 37 2906
27 41 7075
27 45 670
27 46 3174
27 47 7791
27 50 3391
27 59 4109
27 62 1806
27 65 5297
27 69 5178
27 81 4477
27 89 3992
27 98 1614
27 100 9643
27 102 4681
27 103 4221
27 107 8766
27 117 4696
27 118 8875
27 120 2012
27 121 795
27 124 6811
27 129 8341
27 130 2275
27 142 9754
28 29 5638
28 30 8258
28 33 987
28 37 1777
28 38 5135
28 39 9548
28 40 4561
28 43 7413
28 44 1200
28 48 1645
28 51 3370
28 56 506
28 59 9648
28 63 2402
28 67 196
28 74 4849
28 75 9270
28 78 8896
28 81 5806
28 84 4539
28 89 5518
28 90 3768
28 96 8828
28 105 477
28 106 8537
28 109 6470
28 111 774
28 127 3159
28 128 9392
28 138 7747
28 143 1368
28 145 5387
28 149 8349
29 30 872
29 34 4037
29 35 7752
29 38 1618
29 40 1384
29 43 5583
29 50 8511
29 60 6378
29 62 4381
29 73 8963
29 74 9653
29 82 7291
29 91 7605
29 96 6848
29 100 8974
29 115 5254
29 122 7628
29 147 3859
30 33 1428
30 39 6621
30 42 8018
30 45 4218
30 57 4782
30 58 3345
30 64 7035
30 72 8648
30 75 8014
30 78 9728
30 79 583
30 81 6462
30 83 3498
30 85 4784
30 95 9882
30 100 9730
30 107 7102
30 113 9465
30 115 4332
30 120 4498
30 122 6249
30 125 4649
30 126 4212
30 127 5428
30 132 5248
30 135 9760
30 145 1126
30 147 7458
30 149 8897
30 151 6794
31 35 9382
31 36 92
31 39 5994
31 42 7401
31 43 5286
31 50 2299
31 56 5139
31 61 2509
31 63 9738
31 71 1320
31 75 6259
31 77 9362
31 78 2107
31 82 5084
31 83 6598
31 87 4423
31 89 5283
31 90 2951
31 96 6382
31 102 4609
31 105 8917
31 115 6858
31 116 8669
31 117 6900
31 121 7943
31 123 7143
31 126 2260
31 127 1938
31 131 5324
31 132 2401
31 134 3675
31 135 801
31 138 6479
32 33 2087
32 35 397
32 36 5689
32 39 8281
32 43 6210
32 46 1011
32 47 3111
32 48 5432
32 54 8288
32 61 2296
32 64 6675
32 69 6164
32 72 7682
32 80 7926
32 81 470
32 85 9944
32 88 2177
32 89 8198
32 90 6579
32 95 2432
32 98 3160
32 100 8490
32 101 5985
32 104 1168
32 111 7742
32 114 711
32 117 3566
32 123 2531
32 124 2610
32 133 7455
32 139 9161
32 144 7516
33 36 9111
33 43 4948
33 48 5163
33 49 4311
33 51 46
33 52 1134
33 57 3336
33 58 6874
33 60 5144
33 63 3248
33 69 6732
33 72 6866
33 79 141
33 83 5849
33 89 3024
33 93 8005
33 94 6610
33 99 7376
33 101 3750
33 108 4330
33 115 4946
33 116 6354
33 123 8184
33 126 1657
33 134 793
33 141 5911
33 142 505
34 42 256
34 44 3569
34 49 755
34 52 8806
34 56 6321
34 61 9242
34 62 2801
34 63 5398
34 69 9869
34 72 1632
34 75 8003
34 87 1024
34 95 2769
34 105 3953
34 110 8002
34 120 2452
34 130 2850
34 133 9121
34 136 2210
34 143 3086
35 36 375
35 40 4181
35 41 7898
35 47 8996
35 49 8949
35 50 3087
35 56 3024
35 57 8618
35 58 2835
35 65 4449
35 67 5302
35 72 1052
35 74 8434
35 84 6634
35 98 1323
35 102 1491
35 110 9243
35 112 281
35 115 127
35 119 7240
35 120 6155
35 125 2873
35 129 2755
35 130 9386
35 135 9964
35 137 1614
35 139 7350
36 46 1484
36 55 7154
36 60 8567
36 61 3161
36 66 4774
36 69 6829
36 70 3829
36 75 5029
36 81 7742
36 82 156
36 86 6808
36 92 4574
36 93 8965
36 95 1639
36 96 6535
36 97 6483
36 98 3609
36 104 3615
36 115 7993
36 123 795
36 125 8700
36 129 8529
36 130 1898
36 131 4464
36 136 6351
36 144 1754
36 149 7138
37 38 1969
37 40 9232
37 47 7215
37 54 2994
37 63 258
37 67 2796
37 69 7665
37 70 3590
37 74 4076
37 79 540
37 86 5699
37 88 1668
37 89 7787
37 90 3023
37 106 8688
37 107 3386
37 109 8845
37 114 5038
37 117 384
37 124 3241
37 126 3514
37 128 2686
37 129 250
37 131 2948
37 147 9349
37 149 2791
38 44 8608
38 47 6791
38 49 2768
38 50 4574
38 51 9497
38 53 7625
38 55 7830
38 57 7873
38 59 7742
38 66 204
38 80 4278
38 84 9152
38 88 9043
38 89 1215
38 90 3439
38 93 2482
38 98 5850
38 99 279
38 100 8433
38 102 3908
38 103 5935
38 108 5015
38 110 6539
38 118 373
38 119 3931
38 122 7430
38 123 2863
38 125 1774
38 135 5251
38 137 5105
38 138 605
38 140 3776
38 145 9289
38 149 7359
38 150 2656
38 151 8837
39 40 675
39 42 2615
39 48 5215
39 51 8800
39 54 432
39 57 7072
39 63 8129
39 81 1274
39 88 4444
39 91 6282
39 95 4358
39 101 8067
39 104 1328
39 106 9114
39 109 9833
39 110 2738
39 113 3631
39 121 9385
39 130 4500
39 139 1889
39 140 9215
39 142 7202
39 143 5015
40 49 182
40 53 9058
40 54 7479
40 63 4260
40 70 3014
40 71 617
40 72 6966
40 73 4265
40 76 7355
40 81 1204
40 86 1285
40 87 2858
40 90 4908
40 101 6243
40 104 7571
40 108 986
40 110 8081
40 120 6504
40 122 9247
40 123 6265
40 133 3693
40 134 1962
40 136 1536
40 144 8599
40 146 4494
41 42 6137
41 45 9764
41 52 2808
41 53 1990
41 55 1839
41 56 940
41 61 958
41 62 8216
41 63 7796
41 64 6702
41 65 3582
41 68 4008
41 73 493
41 79 1542
41 82 5399
41 85 2594
41 86 8714
41 88 3552
41 99 6745
41 111 8595
41 116 4908
41 117 6391
41 118 868
41 122 4232
41 128 7337
41 131 4266
41 136 3375
41 139 7323
41 144 3206
41 148 2553
42 48 2802
42 49 1701
42 51 3062
42 54 6695
42 56 2814
42 57 4523
42 58 9167
42 61 148
42 62 9845
42 63 3284
42 70 5664
42 73 1002
42 82 8171
42 83 6561
42 91 3113
42 96 1710
42 99 308
42 102 1061
42 104 6186
42 105 4681
42 111 6512
42 122 725
42 123 4524
42 131 2291
42 135 9487
42 139 4690
42 140 1880
42 143 2613
42 150 6583
43 51 4635
43 53 1793
43 54 5733
43 55 4291
43 58 6466
43 60 4954
43 70 1393
43 74 6295
43 81 4927
43 92 1646
43 96 9403
43 97 6984
43 100 4256
43 101 7677
43 108 887
43 110 8803
43 112 2436
43 115 2134
43 118 5988
43 122 5992
43 123 5772
43 124 1061
43 131 4804
43 132 2732
43 135 6563
43 137 4104
43 139 294
43 140 787
43 141 3730
43 150 2345
44 48 721
44 51 9876
44 52 7752
44 56 6366
44 63 77
44 70 9688
44 77 3049
44 82 5010
44 85 26
44 87 1761
44 91 9488
44 93 9035
44 99 2130
44 100 4506
44 102 3327
44 103 3209
44 105 3614
44 114 5388
44 115 6488
44 117 3490
44 118 9222
44 119 8458
44 134 4726
44 138 4451
44 139 7284
45 46 5984
45 51 3255
45 52 3010
45 53 2815
45 55 9948
45 63 7923
45 66 2254
45 67 4515
45 75 5387
45 78 6358
45 79 4288
45 82 6134
45 84 2308
45 90 3340
45 91 2949
45 95 5951
45 98 5434
45 103 1585
45 111 5080
45 112 7254
45 113 2504
45 119 6135
45 133 7311
45 137 9031
45 138 6256
45 139 2589
45 142 3924
45 143 7368
45 144 5287
45 146 2143
45 149 3862
46 49 3339
46 56 5939
46 61 9139
46 62 8513
46 64 4674
46 71 7066
46 74 4504
46 75 9439
46 77 2137
46 84 6791
46 90 1734
46 92 2118
46 97 6973
46 99 844
46 100 8952
46 104 2627
46 106 4605
46 109 8268
46 116 4481
46 120 4580
46 132 8609
46 135 613
46 136 5535
46 143 2653
47 52 8802
47 58 6205
47 63 690
47 74 1178
47 78 8837
47 79 5171
47 81 8056
47 84 8444
47 85 2931
47 87 3140
47 89 4099
47 94 3492
47 98 4512
47 104 458
47 112 8282
47 116 3702
47 123 718
47 138 6439
47 141 9481
47 144 3354
48 49 6742
48 51 2479
48 52 1972
48 55 4255
48 58 6750
48 63 9489
48 67 9113
48 71 628
48 76 2650
48 78 6128
48 92 8608
48 93 4228
48 94 6683
48 98 1615
48 101 93
48 104 5870
48 108 8395
48 114 7903
48 119 7872
48 124 6735
48 125 6630
48 127 6662
48 129 1130
48 130 4829
48 133 6698
48 134 2128
48 136 4132
48 137 4449
48 142 2912
48 145 6383
48 147 4398
48 148 61
49 50 3829
49 51 6710
49 52 6824
49 57 5358
49 66 3565
49 70 6342
49 73 5370
49 75 1815
49 78 3128
49 79 3401
49 85 637
49 87 703
49 90 1948
49 93 3778
49 95 853
49 99 935
49 100 167
49 105 5293
49 107 469
49 111 9
49 115 2470
49 119 3236
49 123 2939
49 126 8567
49 128 8999
49 133 4030
49 136 4432
49 138 4105
49 139 5250
49 142 6745
49 143 3571
49 145 9877
49 151 1125
50 55 8509
50 57 1451
50 62 760
50 63 9067
50 72 2623
50 73 518
50 77 6931
50 78 8115
50 86 8158
50 88 9761
50 95 1152
50 100 5091
50 105 4984
50 108 7522
50 110 4876
50 112 1614
50 114 2379
50 120 9717
50 128 3952
50 132 3913
50 133 3161
50 138 3136
50 139 8228
50 141 8141
50 143 7143
50 146 3112
50 148 7146
50 150 8078
51 52 8016
51 62 877
51 65 446
51 68 9798
51 71 6512
51 75 8179
51 84 8043
51 85 4384
51 87 6312
51 91 5856
51 94 774
51 95 7823
51 97 6606
51 106 2294
51 107 1543
51 110 3118
51 111 6366
51 125 7066
51 126 7246
51 134 6862
51 135 2889
51 149 5794
52 53 311
52 55 9348
52 56 7782
52 59 2349
52 60 5983
52 62 8862
52 64 6640
52 66 2818
52 73 975
52 74 8826
52 75 2917
52 80 6268
52 89 7912
52 90 8852
52 93 375
52 98 2247
52 102 5393
52 103 9024
52 104 3205
52 106 9118
52 112 6568
52 114 8058
52 116 7522
52 118 5933
52 120 8412
52 121 9360
52 123 513
52 129 6904
52 133 4495
52 135 2583
52 139 5590
52 140 4450
52 142 6276
53 54 9186
53 55 9008
53 56 9123
53 59 7316
53 67 3374
53 72 6944
53 75 1796
53 80 5203
53 82 3592
53 83 2172
53 86 3275
53 90 1667
53 99 43
53 101 1389
53 102 3433
53 109 7360
53 112 686
53 113 195
53 114 8700
53 117 65
53 126 4372
53 127 2669
53 137 5824
53 140 4954
53 141 7677
53 149 4254
54 59 2250
54 70 1393
54 83 4227
54 85 6599
54 86 3654
54 91 2168
54 93 7085
54 94 9134
54 97 6656
54 102 9622
54 103 492
54 104 513
54 105 381
54 116 1868
54 117 5380
54 120 5641
54 121 9810
54 123 8538
54 126 8699
54 140 6732
54 143 7845
54 148 604
55 58 2117
55 60 6662
55 63 6008
55 67 8882
55 72 9127
55 82 6923
55 83 4973
55 87 970
55 90 5119
55 94 9501
55 96 9139
55 97 8293
55 114 5004
55 115 1854
55 128 1998
55 131 6261
55 133 5839
55 136 2629
55 141 7413
55 142 4467
55 144 8012
55 148 4717
55 149 4139
56 75 2525
56 76 7892
56 80 80
56 81 7511
56 86 8683
56 90 9778
56 91 351
56 97 4041
56 100 2551
56 105 9887
56 108 8283
56 111 1455
56 125 5649
56 133 221
56 138 4054
56 140 174
56 145 1008
57 59 7960
57 71 7310
57 75 2876
57 77 401
57 78 9042
57 80 3760
57 88 8202
57 89 8536
57 95 8001
57 97 3115
57 102 6112
57 106 9297
57 108 6597
57 115 3882
57 116 6283
57 123 2299
57 124 1452
57 139 6360
57 142 9194
57 143 4300
57 148 8375
57 150 1380
58 61 2162
58 68 2655
58 79 9669
58 81 2819
58 85 9620
58 89 8799
58 90 1078
58 95 5383
58 97 974
58 100 6874
58 104 5673
58 107 5215
58 109 1163
58 114 7711
58 116 4128
58 120 3843
58 121 1437
58 136 2607
58 138 1622
58 139 7915
58 143 6150
59 65 1457
59 68 4331
59 72 9554
59 78 4726
59 80 2804
59 81 6622
59 82 792
59 84 7976
59 86 2460
59 92 2616
59 94 6554
59 96 6740
59 97 2102
59 102 7233
59 106 7005
59 112 3838
59 113 2508
59 116 5234
59 122 9198
59 123 3957
59 129 3349
59 132 3936
59 133 6566
59 135 1592
59 136 6074
59 144 5090
59 147 6552
59 148 4052
59 149 1338
59 151 8873
60 62 6301
60 73 9158
60 76 90
60 79 1558
60 82 3225
60 84 5387
60 89 9385
60 91 4152
60 92 3850
60 93 2097
60 98 7893
60 102 7001
60 103 3973
60 106 4991
60 110 1876
60 115 5659
60 117 2116
60 118 1856
60 122 5698
60 123 6880
60 124 9578
60 125 185
60 126 4752
60 127 2475
60 131 1577
60 132 5725
60 145 6519
61 71 3238
61 72 9175
61 80 9230
61 89 9453
61 90 2778
61 91 2194
61 95 5960
61 96 2370
61 98 625
61 99 264
61 107 8279
61 117 2791
61 119 2496
61 123 3428
61 124 3242
61 127 6319
61 130 9256
61 131 8351
61 135 5023
61 137 7771
61 138 9813
61 142 1388
61 143 3334
61 145 3740
61 146 4440
61 149 6791
62 63 8162
62 64 9607
62 68 5349
62 70 4010
62 72 728
62 76 8461
62 81 2515
62 85 7425
62 86 6442
62 99 1258
62 104 8332
62 105 7055
62 108 5552
62 109 7170
62 112 8932
62 122 8267
62 123 1759
62 129 841
62 133 55
62 134 3584
62 138 3272
62 139 9415
62 141 6160
62 144 2921
62 145 5991
62 146 9848
63 72 6489
63 73 4122
63 74 7780
63 75 5220
63 76 990
63 79 8164
63 92 5041
63 95 1922
63 100 128
63 107 6698
63 110 6469
63 121 5930
63 124 9391
63 129 8727
63 138 9669
63 139 4802
63 142 1224
63 145 2200
63 147 5412
64 65 4031
64 73 5917
64 74 5272
64 84 8755
64 86 7095
64 94 3091
64 99 4700
64 108 9541
64 111 2330
64 117 3643
64 121 3681
64 123 6291
64 129 7944
64 131 1717
64 132 9665
64 134 6306
64 147 3411
64 148 8023
64 149 7916
65 66 4481
65 69 3276
65 72 1668
65 76 3143
65 78 2135
65 86 517
65 91 585
65 105 6011
65 108 2922
65 111 902
65 115 168
65 117 9247
65 126 8704
65 132 7707
65 133 8377
65 138 1208
65 140 1303
65 141 5545
65 147 104
65 148 5197
65 150 8913
66 74 8794
66 84 3648
66 85 7051
66 87 3860
66 90 9955
66 103 3846
66 104 6095
66 111 5646
66 113 4223
66 121 7710
66 122 8586
66 123 9518
66 128 1901
66 131 5896
66 132 6721
66 133 7232
66 134 5390
66 138 5614
66 142 9616
66 145 351
67 70 4848
67 72 2080
67 79 8978
67 85 5121
67 90 5901
67 92 7439
67 96 2792
67 98 8899
67 102 6272
67 106 4167
67 114 4829
67 119 8063
67 120 785
67 122 8575
67 130 4720
67 134 2128
67 148 6446
67 149 9268
68 69 80
68 74 4310
68 75 951
68 76 6207
68 77 3892
68 81 2258
68 85 1159
68 87 8647
68 88 2023
68 102 5279
68 104 1088
68 105 5372
68 106 3742
68 115 4057
68 123 9870
68 125 7017
68 126 6178
68 128 6051
68 129 8057
68 132 8854
68 133 2849
68 141 8214
68 148 4890
68 149 7204
68 150 4527
68 151 2966
69 71 741
69 73 8045
69 75 8104
69 81 7338
69 84 9380
69 92 5430
69 99 4533
69 105 4573
69 107 5398
69 114 4622
69 118 368
69 122 982
69 131 4267
69 135 8596
69 137 9342
69 138 2648
69 140 4881
69 144 4978
70 73 6344
70 74 8966
70 89 6412
70 90 947
70 91 1760
70 96 2974
70 97 9361
70 98 6202
70 105 6928
70 109 8480
70 118 5520
70 121 7181
70 127 9992
70 129 3227
70 133 1854
70 139 280
70 146 223
70 150 6549
71 76 7403
71 77 5984
71 79 9938
71 88 3677
71 91 4172
71 92 9029
71 96 1135
71 102 7516
71 108 6111
71 110 5970
71 115 4343
71 117 9870
71 120 9971
71 122 2609
71 124 7180
71 129 741
71 133 3930
71 135 1335
71 138 5142
71 140 5732
71 146 7726
72 78 6342
72 85 3107
72 89 8301
72 91 353
72 100 3554
72 101 1199
72 114 9122
72 120 9263
72 121 1371
72 123 2816
72 130 3061
72 134 3261
72 137 2602
72 139 3404
72 146 3582
72 151 1708
73 75 7346
73 77 6468
73 78 2326
73 80 4919
73 81 1129
73 92 3835
73 97 9032
73 113 5241
73 117 9913
73 121 5268
73 122 6378
73 123 2194
73 126 9614
73 128 3885
73 129 1401
73 130 7332
73 133 4061
73 138 7920
73 144 1876
73 148 1788
74 76 4260
74 77 4544
74 85 9688
74 89 3173
74 93 9405
74 94 7589
74 100 2664
74 106 4484
74 110 9577
74 111 6282
74 113 8494
74 135 8275
74 142 4394
74 145 5434
75 89 4618
75 91 9926
75 95 9856
75 98 3649
75 113 4760
75 115 947
75 116 1744
75 120 4139
75 125 5633
75 126 6303
75 127 8434
75 129 3868
75 136 3322
75 144 4935
76 77 2159
76 78 6228
76 81 4786
76 84 2667
76 86 7573
76 95 3095
76 96 4741
76 114 3116
76 116 475
76 118 6801
76 120 9879
76 124 8849
76 125 591
76 128 2696
76 129 3493
76 130 5359
76 136 9819
76 138 66
76 143 6123
76 145 4396
77 82 6888
77 96 6960
77 97 7622
77 98 8821
77 112 5249
77 115 898
77 123 8641
77 125 8799
77 127 6556
77 131 7168
77 134 3178
77 139 1627
77 144 2361
78 80 6937
78 82 8360
78 83 5614
78 87 4075
78 90 4399
78 92 1868
78 94 80
78 95 1408
78 102 4288
78 111 3860
78 117 688
78 118 2725
78 119 5635
78 120 1096
78 121 8792
78 125 6340
78 126 8071
78 129 5419
78 144 151
78 147 6979
78 150 5126
79 96 7161
79 99 7129
79 106 9120
79 113 1958
79 121 1733
79 124 4357
79 138 3787
79 146 1354
79 147 343
79 149 6961
79 150 3561
79 151 2573
80 82 6859
80 84 3113
80 86 6358
80 88 2826
80 100 2878
80 102 3710
80 105 3664
80 111 2036
80 113 614
80 115 4238
80 116 5860
80 124 8035
80 126 9709
80 127 5811
80 129 6358
80 130 5977
80 133 1201
80 136 1591
80 142 3649
80 148 4999
80 149 5420
81 85 7686
81 87 9029
81 93 9877
81 96 2734
81 97 4304
81 100 7203
81 101 2213
81 103 7105
81 107 3579
81 112 6626
81 117 5786
81 118 1483
81 119 5722
81 120 5062
81 127 8176
81 130 3531
81 136 9151
81 138 8059
81 145 2795
82 83 4194
82 85 5555
82 87 8844
82 89 9219
82 106 9516
82 107 7692
82 108 6250
82 122 9185
82 124 8752
82 130 8146
82 136 8943
82 137 8116
82 138 3110
83 84 6278
83 86 4919
83 91 7306
83 93 5022
83 97 1054
83 98 3007
83 101 8528
83 104 6014
83 108 1739
83 111 3170
83 113 9102
83 115 7395
83 120 9958
83 125 463
83 129 7865
83 131 1595
83 133 1245
83 137 5919
83 138 8403
84 87 598
84 93 8472
84 94 1543
84 95 3391
84 108 194
84 116 2986
84 120 3476
84 124 4911
84 129 228
84 131 9447
84 134 7553
84 136 2102
84 138 6279
84 144 4909
84 149 3532
84 150 9915
85 86 1231
85 94 4600
85 95 7797
85 105 2686
85 112 5887
85 119 8781
85 124 9399
85 128 7597
85 133 9003
85 134 2859
85 135 3774
85 144 421
85 148 1854
85 149 7762
86 95 9107
86 101 928
86 110 1576
86 116 2968
86 119 8236
86 128 8382
86 130 2835
86 134 8919
86 136 542
86 142 8143
86 147 2469
87 90 9827
87 94 8436
87 97 2250
87 115 4786
87 117 3496
87 120 9802
87 126 8287
87 130 7795
87 132 4709
87 140 9080
87 143 5587
87 145 7198
87 146 1178
87 148 7719
88 89 1424
88 92 9588
88 97 8228
88 100 222
88 102 1155
88 107 2420
88 110 8028
88 113 8654
88 117 7376
88 118 2626
88 127 1474
88 128 1239
88 131 425
88 132 4301
88 135 8908
88 136 7665
88 139 8722
88 141 4656
88 146 8623
89 91 4813
89 92 1354
89 96 2252
89 99 1292
89 100 8272
89 105 8360
89 107 9296
89 113 2188
89 115 5265
89 131 2320
89 133 4231
89 136 9074
89 140 6195
89 144 9427
89 146 6776
89 151 2762
90 92 1725
90 94 1721
90 106 2076
90 110 6789
90 112 6286
90 115 4629
90 117 6451
90 118 8603
90 122 19
90 127 6790
90 134 7327
90 135 1224
90 146 6639
91 97 809
91 98 3459
91 100 3962
91 101 8781
91 104 1457
91 111 6309
91 119 2195
91 122 1811
91 123 2250
91 126 3231
91 134 4486
91 135 7023
91 136 5422
91 140 448
91 141 8465
91 142 2665
91 143 2434
91 146 2955
91 151 3746
92 95 8581
92 97 996
92 98 4651
92 102 3674
92 106 5836
92 109 1850
92 111 3088
92 112 5496
92 113 3415
92 115 6027
92 121 3814
92 123 6021
92 125 1160
92 126 2108
92 131 7248
92 137 6645
92 141 9723
92 143 5446
92 147 2958
92 151 7368
93 99 849
93 107 9634
93 108 8030
93 114 275
93 115 1301
93 125 8515
93 126 6251
93 133 9695
93 141 4559
93 145 9920
93 146 5227
93 147 381
93 149 4167
93 150 1088
94 98 6659
94 99 1501
94 103 7522
94 113 7618
94 117 298
94 120 3228
94 134 885
94 136 4056
94 139 5122
94 141 7547
94 142 2779
94 146 7616
94 149 8808
94 151 9935
95 98 1127
95 99 7527
95 101 4306
95 102 4263
95 105 2202
95 107 3758
95 108 9320
95 110 8890
95 111 1875
95 113 9934
95 115 766
95 117 7390
95 124 9334
95 127 6269
95 131 5696
95 134 8654
95 137 8341
95 143 9843
95 147 8820
96 98 7764
96 99 3515
96 105 4340
96 106 1279
96 119 7719
96 120 6400
96 125 4601
96 126 1471
96 137 4504
96 142 5983
96 151 6862
97 103 2866
97 120 3180
97 129 9303
97 134 1112
97 138 5610
97 145 3491
97 150 8389
98 99 681
98 114 9028
98 115 4614
98 118 8096
98 119 3663
98 120 2551
98 122 2855
98 125 568
98 127 6443
98 131 7333
98 133 2761
98 134 7049
98 142 6051
98 144 6187
98 147 6935
98 149 2792
99 107 7803
99 110 1014
99 115 3192
99 118 3788
99 123 546
99 126 4900
99 130 9658
99 135 2212
99 137 1024
99 140 1706
99 142 1291
99 146 437
99 147 2103
100 101 1205
100 102 3350
100 105 390
100 108 3474
100 109 4323
100 111 1329
100 112 7974
100 121 3502
100 126 48
100 127 4810
100 134 4359
100 138 7014
100 145 5544
101 108 8506
101 113 3679
101 119 1332
101 120 4141
101 131 3243
101 139 8173
101 140 8575
101 144 4241
101 146 501
101 148 9714
101 150 7788
102 104 4210
102 105 7445
102 110 5608
102 112 2608
102 116 116
102 119 3081
102 123 5157
102 129 8817
102 138 7004
102 140 6649
102 144 1770
102 145 8399
102 151 5477
103 118 4929
103 121 4108
103 129 8950
103 130 1113
103 132 9162
103 140 193
103 141 3970
103 143 2737
103 145 8308
103 150 1173
104 109 8253
104 110 8975
104 111 697
104 115 4714
104 116 4615
104 124 8100
104 126 7130
104 127 174
104 128 1390
104 132 2558
104 133 681
104 134 1001
104 139 2955
104 141 8765
104 146 3106
104 148 8849
104 150 5769
105 111 8419
105 114 1077
105 123 4415
105 125 9505
105 126 4403
105 130 3597
105 138 6807
105 139 6256
106 112 9547
106 114 9837
106 125 238
106 138 348
106 140 4848
106 145 1568
106 146 6486
107 113 1416
107 117 1301
107 121 1502
107 123 5992
107 124 8562
107 128 6513
107 131 7094
107 133 9308
107 147 2401
107 148 2998
108 109 74
108 118 2814
108 123 5512
108 125 3782
108 128 1854
108 129 9426
108 130 7196
108 133 4908
108 136 6893
108 137 6417
108 140 7841
108 148 319
108 149 8600
108 151 4615
109 115 9118
109 125 5161
109 134 6180
109 136 9094
109 150 7495
109 151 4042
110 112 367
110 113 708
110 114 3049
110 116 1263
110 118 8915
110 120 2096
110 121 4371
110 123 6911
110 126 7181
110 132 1887
110 137 5540
110 139 7437
110 147 6279
110 150 601
111 124 3383
111 125 5257
111 130 3900
111 131 9965
111 134 1128
111 136 9177
111 140 1903
112 114 7562
112 129 1427
112 146 4517
112 149 675
113 117 8998
113 122 961
113 127 6989
113 128 5922
113 135 655
113 138 5355
114 116 7903
114 119 2340
114 127 8693
114 133 7006
114 141 2231
114 144 2098
114 147 6772
114 148 9673
114 151 5884
115 116 205
115 119 9673
115 123 6749
115 124 5547
115 125 2363
115 130 2381
115 131 2174
115 141 1297
115 143 9047
115 146 7347
116 128 9018
116 130 9337
116 133 8421
116 136 1094
116 137 6932
116 139 9497
116 146 9279
116 149 948
116 150 1904
117 125 3944
117 132 6286
117 137 211
117 138 6182
117 140 4851
117 142 2275
117 147 9034
118 120 3484
118 126 5403
118 132 5862
118 134 7467
118 137 314
118 138 3227
118 139 7283
118 142 3697
118 149 6302
119 120 1754
119 123 2565
119 124 8673
119 127 7826
119 133 2267
119 139 5478
119 145 146
119 149 9206
120 122 9167
120 123 1733
120 127 2526
120 129 5133
120 130 7841
120 135 9008
120 136 3581
120 145 3580
120 146 1307
120 150 4213
121 122 752
121 124 7087
121 127 2781
121 135 2615
121 138 4361
121 140 3781
122 125 4857
122 131 3837
122 136 6563
122 137 298
122 145 7974
122 148 6259
123 131 3080
123 135 597
123 149 7683
124 126 7071
124 127 9710
124 133 3571
124 134 9481
124 135 175
124 138 5895
124 148 1730
124 150 453
125 126 4433
125 129 3359
125 132 5250
125 137 6533
125 140 4417
125 142 9895
125 143 2615
125 145 6029
125 148 5819
126 135 9265
126 137 2734
126 145 6222
126 146 4571
126 150 1153
127 128 7496
127 132 6822
127 135 9344
127 137 5581
127 140 3433
127 145 8716
128 130 231
128 131 8990
128 133 2434
128 134 1299
128 138 8214
128 145 6160
128 148 2918
128 150 5130
129 142 4697
129 143 9816
129 144 4077
129 148 4452
130 138 3318
130 139 701
131 132 3649
131 140 875
131 145 3096
131 147 8576
132 139 5445
132 141 8300
132 146 7588
133 135 1699
133 138 2553
133 139 4881
133 141 3756
133 142 6201
133 145 5404
133 147 5074
133 148 241
134 135 8816
134 139 8660
134 140 3730
134 145 6760
134 147 4760
134 149 7363
134 151 1744
135 137 1081
135 139 5381
135 141 6112
135 144 7042
135 151 5710
136 137 8781
136 138 4788
136 144 2537
136 145 8978
136 148 9183
137 143 2111
137 144 7446
137 145 4785
138 139 259
138 141 5033
139 146 4861
140 142 7590
140 143 3270
141 143 448
141 144 8999
141 150 61
142 143 325
142 144 326
142 148 8652
142 150 3039
142 151 4504
144 145 1677
144 147 9684
144 148 579
145 146 2278
146 150 170
146 151 9292
148 151 4413
