113 1659 26841 15
0 3 6856
0 11 1240
0 12 7436
0 16 7665
0 19 8085
0 22 1897
0 24 9814
0 26 4707
0 27 7522
0 34 8574
0 40 9272
0 41 6024
0 42 1763
0 45 4649
0 46 7658
0 64 6458
0 65 1075
0 67 2426
0 72 9915
0 73 1438
0 79 2215
0 85 5597
0 91 9527
0 94 6401
0 97 7813
0 99 1831
0 101 5057
0 102 4600
0 104 554
0 105 4797
0 111 9517
1 2 3597
1 6 1093
1 13 5493
1 15 514
1 18 7497
1 23 2541
1 26 9284
1 29 365
1 36 7836
1 38 8067
1 39 5355
1 54 1727
1 68 8164
1 73 2475
1 74 7735
1 76 4545
1 78 2892
1 84 5913
1 91 1314
1 104 7033
1 112 807
2 3 4545
2 5 9060
2 9 3988
2 12 637
2 13 4190
2 14 1837
2 15 4583
2 31 4265
2 33 477
2 39 6283
2 48 5354
2 52 2402
2 55 3969
2 58 7684
2 59 941
2 64 9010
2 65 1513
2 67 8778
2 70 691
2 72 6177
2 85 5534
2 87 848
2 88 5047
2 89 836
2 98 4482
2 103 1852
2 108 1637
2 112 833
3 7 1284
3 10 6117
3 11 6255
3 13 3978
3 16 1179
3 17 5430
3 18 1372
3 20 52
3 32 3851
3 35 772
3 40 903
3 51 7076
3 52 1595
3 55 1897
3 60 7075
3 66 1179
3 71 9803
3 73 9653
3 74 6054
3 76 1488
3 79 6300
3 80 1165
3 81 3320
3 82 7806
3 83 8917
3 93 8886
3 95 9852
3 97 4160
3 103 7401
3 104 4406
3 105 9328
3 112 940
4 6 3300
4 14 9726
4 16 2159
4 18 8157
4 22 5276
4 26 4804
4 27 3773
4 29 7265
4 30 9513
4 34 8167
4 38 4104
4 41 421
4 61 2096
4 70 8887
4 71 4660
4 74 741
4 77 5418
4 78 6860
4 80 492
4 83 31
4 86 5668
4 92 4911
4 106 4190
5 11 3475
5 12 5807
5 14 1380
5 19 397
5 20 5844
5 23 1695
5 25 2571
5 26 9615
5 29 3566
5 31 9426
5 39 3047
5 46 7386
5 48 4387
5 51 5085
5 53 8455
5 56 6943
5 58 4232
5 59 1591
5 60 1522
5 61 5876
5 75 6657
5 79 9622
5 85 6676
5 91 8581
5 92 916
5 94 7686
5 98 4413
5 99 1106
5 103 15
5 109 2952
6 7 1920
6 12 9720
6 13 2953
6 17 5878
6 18 3931
6 23 4474
6 33 5870
6 34 4676
6 36 6134
6 41 9658
6 43 5781
6 44 375
6 45 9559
6 50 2186
6 60 2909
6 61 1898
6 66 5623
6 67 7162
6 74 8421
6 75 5137
6 76 3884
6 81 8241
6 83 9286
6 87 9154
6 89 1302
6 91 2830
6 92 7822
6 96 3810
6 100 6122
6 109 9807
6 110 2008
7 10 3550
7 12 7116
7 19 9906
7 21 5603
7 26 8730
7 28 932
7 39 5460
7 56 8792
7 60 1660
7 62 743
7 64 7277
7 75 957
7 82 6354
7 85 2818
7 87 4924
7 89 4655
7 101 3934
7 108 5011
8 9 746
8 11 3891
8 16 6988
8 18 577
8 21 3980
8 25 1882
8 29 2101
8 33 2458
8 35 4165
8 36 7494
8 39 4462
8 46 8045
8 47 1025
8 49 6976
8 60 8514
8 71 8024
8 74 4779
8 75 979
8 78 2298
8 79 1674
8 82 271
8 83 2429
8 94 1450
8 100 7056
8 101 6614
8 108 9397
8 109 8864
9 10 958
9 14 1071
9 16 4801
9 22 6429
9 24 5888
9 28 2804
9 31 5156
9 40 2074
9 43 2529
9 61 9865
9 64 7994
9 69 3324
9 70 8678
9 73 7229
9 77 2469
9 80 6054
9 84 9644
9 89 9755
9 90 1210
9 92 8923
9 96 337
9 97 6635
9 100 1195
9 108 9210
9 109 3540
9 111 5428
10 11 2225
10 13 8320
10 17 5813
10 19 5181
10 23 4753
10 25 9465
10 27 5631
10 32 5680
10 35 2016
10 36 7238
10 40 2875
10 41 8878
10 49 3451
10 50 3967
10 52 1080
10 53 3290
10 60 2859
10 67 8642
10 72 4792
10 78 9820
10 86 2782
10 87 8154
10 89 8666
10 93 4038
10 94 2474
10 97 1017
10 109 8171
10 110 1443
10 111 7684
10 112 5573
11 14 9668
11 15 8600
11 16 6911
11 17 6485
11 20 6490
11 22 6509
11 27 3133
11 28 7196
11 36 7737
11 38 9936
11 41 8307
11 44 5460
11 45 8204
11 47 6292
11 48 4861
11 54 5035
11 58 8008
11 63 9640
11 66 1910
11 74 5623
11 77 5442
11 82 1083
11 84 1545
11 89 7355
11 93 9920
11 96 7486
11 107 5199
12 13 6680
12 16 97
12 25 592
12 28 9898
12 29 4145
12 36 6328
12 50 8401
12 52 3964
12 58 420
12 59 2080
12 64 9957
12 67 4317
12 77 3164
12 80 9324
12 86 8380
12 90 609
12 91 1710
12 97 4235
12 99 178
12 100 6916
12 101 6250
12 103 4559
13 17 8074
13 18 7955
13 26 1388
13 33 1238
13 39 5987
13 48 3197
13 53 6926
13 57 3032
13 66 643
13 70 6055
13 71 2547
13 72 1626
13 73 7612
13 79 1892
13 81 5651
13 85 2034
13 89 3925
13 94 2200
13 99 8734
13 103 1424
13 107 6838
13 109 7637
13 111 394
13 112 9869
14 18 8672
14 19 3916
14 29 5059
14 30 5704
14 31 6908
14 33 8353
14 38 145
14 41 1653
14 43 2072
14 46 8784
14 50 3245
14 51 7516
14 58 2944
14 59 2797
14 63 5928
14 64 7289
14 67 8306
14 68 9368
14 73 6574
14 74 1908
14 75 169
14 77 8438
14 82 5834
14 83 8873
14 92 7821
14 102 9217
14 103 7518
14 109 8203
14 110 7126
14 112 432
15 16 329
15 22 5953
15 27 9994
15 31 1721
15 32 8591
15 34 654
15 36 8576
15 40 83
15 48 3987
15 54 8271
15 56 9975
15 58 6856
15 62 953
15 64 6200
15 69 9082
15 72 2409
15 74 6979
15 83 9590
15 84 3106
15 86 1100
15 88 1195
15 92 9645
15 100 2438
15 103 9211
15 106 9432
16 17 8939
16 22 3127
16 31 8063
16 38 1557
16 39 1439
16 48 4175
16 51 369
16 56 2918
16 61 2448
16 64 4548
16 66 5139
16 67 2496
16 70 1259
16 71 9330
16 80 1665
16 82 8229
16 91 6235
16 94 935
16 96 2134
16 97 7231
16 99 4071
16 100 738
16 102 4378
16 106 7110
16 108 519
17 24 9097
17 28 8790
17 29 2027
17 31 7422
17 36 2085
17 40 2804
17 60 924
17 65 7585
17 66 7230
17 72 5411
17 75 7296
17 78 2156
17 81 9926
17 84 1566
17 85 5380
17 99 7396
17 100 1503
17 103 8766
17 108 7866
17 110 9110
18 20 7968
18 21 2609
18 22 3353
18 25 6721
18 31 803
18 37 2618
18 50 7503
18 51 5017
18 56 6306
18 61 982
18 62 3154
18 65 3840
18 67 9895
18 68 182
18 69 8770
18 71 1648
18 73 7642
18 81 2769
18 83 8759
18 84 2985
18 87 2982
18 91 9975
18 97 6740
18 101 432
19 24 8619
19 26 6982
19 36 5088
19 38 3691
19 41 8993
19 42 8092
19 46 1011
19 49 1823
19 55 4431
19 58 9762
19 59 3316
19 61 2619
19 62 860
19 70 8782
19 76 5964
19 78 5884
19 79 4958
19 80 8424
19 97 6313
19 100 7047
19 102 8097
19 108 1063
19 110 9297
20 21 1363
20 24 1983
20 26 2644
20 29 2658
20 32 2274
20 37 3410
20 38 6089
20 48 4094
20 53 4360
20 56 1976
20 58 8035
20 61 6137
20 62 2059
20 63 7008
20 66 3235
20 71 8870
20 73 6339
20 78 3057
20 79 5165
20 80 3778
20 93 7245
20 95 1563
20 96 9074
20 98 6625
20 99 2644
20 106 3383
20 107 1443
20 112 1257
21 24 9465
21 25 2523
21 27 2384
21 28 5051
21 42 8732
21 44 8484
21 45 9993
21 51 4975
21 58 7486
21 60 5172
21 78 2192
21 84 6475
21 85 6941
21 91 9490
21 94 3158
21 98 5808
21 99 4601
21 104 1463
21 105 8522
21 109 6080
22 26 595
22 28 8690
22 31 1137
22 32 3199
22 43 7137
22 48 818
22 51 5605
22 61 8936
22 66 1032
22 68 6667
22 75 3053
22 76 5869
22 82 7377
22 84 1801
22 87 6827
22 89 7190
22 90 506
22 93 2355
22 100 3360
22 108 2200
23 24 2460
23 29 2963
23 38 1229
23 39 1843
23 42 2835
23 47 8665
23 51 730
23 53 5333
23 54 4736
23 55 6360
23 58 3856
23 62 8522
23 64 3633
23 65 5530
23 72 8373
23 75 7316
23 76 6354
23 77 7644
23 78 8351
23 80 4799
23 86 2771
23 87 7141
23 97 8672
23 99 2450
23 100 1391
23 106 7736
23 108 2486
23 110 3476
24 26 3247
24 34 5150
24 35 3751
24 38 3933
24 43 4807
24 46 8349
24 49 1807
24 54 9674
24 61 9285
24 66 8417
24 77 7314
24 81 7591
24 87 3821
24 94 9874
24 95 5735
24 104 2300
24 112 8673
25 27 3941
25 30 5363
25 31 8247
25 38 8222
25 42 8190
25 43 6755
25 45 9610
25 47 6575
25 49 6575
25 62 4316
25 66 3275
25 67 8425
25 73 8785
25 76 5748
25 82 3878
25 85 8224
25 90 2585
25 104 4599
25 105 3206
25 107 8996
25 110 7591
26 27 8302
26 41 5006
26 42 432
26 45 7920
26 46 4951
26 56 2843
26 58 4378
26 59 7767
26 60 3710
26 64 2664
26 67 8315
26 71 2317
26 75 5484
26 81 9884
26 84 3437
26 86 3383
26 87 410
26 88 5280
26 93 5311
26 97 2211
26 99 8367
26 101 8890
26 104 4376
27 28 5629
27 32 9838
27 33 7955
27 34 7732
27 35 2040
27 37 8152
27 39 7900
27 42 9710
27 47 3887
27 52 6353
27 58 2173
27 62 3225
27 64 4035
27 66 6325
27 67 1253
27 69 2700
27 76 7560
27 77 3729
27 80 2628
27 81 1125
27 83 1577
27 87 6311
27 98 409
27 104 225
27 111 8212
28 30 7174
28 33 3037
28 34 4707
28 42 7845
28 45 8651
28 46 9549
28 59 7127
28 65 3531
28 67 9040
28 74 5042
28 75 9241
28 76 3515
28 79 304
28 91 1460
28 99 228
28 101 3481
28 104 3050
28 106 316
28 107 3520
29 34 448
29 40 7483
29 43 6300
29 49 2527
29 51 9240
29 56 4018
29 61 8935
29 63 4853
29 64 8963
29 66 2076
29 70 2241
29 74 726
29 76 2666
29 77 3459
29 84 5
29 88 5240
29 91 8724
29 95 1597
29 96 1546
29 100 5949
29 102 4718
29 103 2972
29 108 7110
29 109 4222
30 33 3557
30 39 4569
30 46 7710
30 64 6870
30 65 4211
30 74 3499
30 77 6611
30 85 1925
30 86 7938
30 91 5384
30 92 3310
30 100 6878
30 107 4346
30 111 2972
31 33 6850
31 36 2693
31 38 7171
31 39 4079
31 46 6600
31 50 2626
31 51 3966
31 52 2017
31 58 5210
31 59 4455
31 60 7132
31 68 4279
31 70 5229
31 71 2934
31 72 2214
31 76 493
31 81 4316
31 91 5810
31 94 8056
31 96 1431
31 99 6631
31 100 6836
32 44 8536
32 50 2712
32 60 3420
32 61 1314
32 71 9977
32 78 2054
32 90 4402
32 91 7582
32 96 6854
32 106 2511
32 110 2452
32 111 8245
33 34 2834
33 35 2737
33 37 5742
33 43 4080
33 52 8444
33 58 402
33 65 4528
33 76 2954
33 77 4759
33 81 9533
33 86 943
33 87 2406
33 91 7699
33 94 6662
33 95 1605
33 97 4921
33 98 5524
33 102 2006
33 107 6331
33 110 9065
34 36 4072
34 39 7918
34 40 2680
34 41 4373
34 43 8057
34 46 3177
34 50 2540
34 51 6207
34 61 3102
34 64 4029
34 66 7054
34 71 2161
34 73 6572
34 74 5502
34 75 7297
34 80 8434
34 84 8556
34 87 5479
34 96 5882
34 97 1132
34 99 2456
34 104 7764
34 111 4788
35 36 3089
35 38 4716
35 40 8414
35 43 7712
35 44 1951
35 45 5303
35 48 5813
35 58 5880
35 59 4785
35 63 116
35 70 8000
35 75 8517
35 76 8114
35 77 6265
35 81 3080
35 82 5837
35 83 3317
35 86 4280
35 88 9184
35 93 1821
35 94 9104
35 96 9346
35 97 5114
35 98 1641
35 105 7120
35 106 7362
35 110 337
36 37 4447
36 43 6779
36 49 3554
36 54 5334
36 61 8888
36 62 8789
36 63 41
36 69 8836
36 74 276
36 75 9658
36 80 9130
36 81 2860
36 82 6215
36 88 6978
36 92 7721
36 104 9469
36 107 8462
36 110 8516
37 38 7847
37 39 5806
37 42 7806
37 44 4023
37 47 2994
37 48 7023
37 58 1768
37 68 9275
37 75 1644
37 76 5038
37 79 9778
37 89 3055
37 93 5578
37 98 176
37 101 2762
37 106 2977
37 107 1867
38 68 8927
38 72 4995
38 92 1273
38 96 997
38 103 7214
38 108 4468
39 41 1838
39 47 8903
39 51 2445
39 57 4785
39 61 7768
39 66 8809
39 67 8436
39 68 6575
39 69 5583
39 75 167
39 76 2636
39 81 3398
39 82 5423
39 90 3070
39 91 466
39 92 8697
39 93 7618
39 100 5316
39 101 7968
39 102 7313
39 110 5885
39 111 2477
40 43 2225
40 47 3889
40 49 9974
40 50 3591
40 51 4554
40 52 5463
40 54 9834
40 57 6877
40 59 5600
40 61 1341
40 63 9990
40 67 5065
40 69 531
40 70 8393
40 72 3771
40 86 7507
40 87 7597
40 91 5137
40 92 5574
40 95 1719
40 99 5671
40 101 8990
40 103 3601
40 111 1162
41 47 9518
41 50 6046
41 51 1603
41 52 7111
41 54 3051
41 55 7060
41 64 9479
41 70 6575
41 76 7360
41 78 6814
41 81 2641
41 82 4590
41 85 9415
41 86 2255
41 87 5903
41 89 3968
41 91 2747
41 94 7308
41 101 2004
41 104 7957
41 109 2412
41 110 7749
41 112 5261
42 44 694
42 45 8457
42 47 29
42 53 9500
42 54 4975
42 59 809
42 60 214
42 63 347
42 72 8267
42 76 8707
42 77 9356
42 79 9971
42 84 616
42 85 7233
42 86 4610
42 88 3555
42 90 4767
42 91 6442
42 96 5626
42 100 3034
42 102 9834
42 106 1330
42 109 6164
43 46 4349
43 53 3721
43 57 7642
43 62 9960
43 64 7566
43 77 2774
43 83 5050
43 86 9615
43 90 3352
43 91 6302
43 92 5539
43 98 2934
43 100 2191
43 103 1912
43 110 4432
43 111 1666
44 45 5989
44 52 8031
44 57 4368
44 67 8501
44 70 9158
44 71 2524
44 73 4614
44 76 5498
44 80 2255
44 84 2077
44 89 6858
44 94 373
44 97 6006
44 106 8070
44 109 1494
44 111 6480
45 51 9691
45 52 5501
45 53 9094
45 54 9997
45 56 6064
45 60 7058
45 61 8908
45 69 4236
45 72 2636
45 74 6990
45 75 5983
45 76 7931
45 83 8434
45 93 1710
46 50 7405
46 51 3447
46 54 5327
46 55 8927
46 62 2464
46 64 4312
46 66 327
46 70 3522
46 72 8051
46 73 1012
46 77 9406
46 82 2545
46 84 8460
46 85 9295
46 94 2378
46 95 7879
46 98 9996
46 99 9318
46 100 5620
46 102 4975
46 110 7633
47 48 9364
47 51 4992
47 54 4963
47 58 7482
47 60 8030
47 61 1231
47 63 4988
47 64 1512
47 66 7510
47 67 641
47 76 3061
47 80 9057
47 82 4484
47 85 6264
47 87 9651
47 89 7382
47 92 8471
47 98 8734
47 103 6915
48 52 8359
48 53 8609
48 54 4135
48 55 195
48 58 8164
48 60 3234
48 64 3862
48 66 3218
48 70 9093
48 71 7628
48 72 7135
48 74 4876
48 75 6630
48 79 6584
48 82 574
48 84 7769
48 86 4055
48 92 4937
48 93 4673
48 96 1157
48 103 1027
48 106 1596
48 112 6305
49 52 6385
49 63 4056
49 64 3462
49 68 9188
49 71 1674
49 73 1473
49 74 2918
49 78 6293
49 82 7713
49 87 6376
49 89 8687
49 91 895
49 92 1915
49 98 6865
49 99 6468
49 100 6906
49 103 664
49 104 391
49 105 1676
49 108 1849
49 111 4285
50 53 8581
50 54 5433
50 55 7205
50 58 5640
50 61 888
50 63 7508
50 68 1802
50 72 4557
50 78 4766
50 81 4062
50 87 6351
50 89 9921
50 93 72
50 96 4839
50 105 6521
50 109 4393
51 52 8726
51 53 9854
51 54 6317
51 56 492
51 64 5848
51 70 5077
51 74 1581
51 77 6273
51 89 1808
51 94 1437
51 97 9542
51 98 4676
51 100 4946
51 102 8972
51 105 6153
51 111 7501
52 56 4435
52 59 9629
52 60 4777
52 62 3554
52 63 4070
52 65 7868
52 75 1924
52 81 2190
52 85 6578
52 87 7457
52 88 4868
52 93 1629
52 98 7875
52 99 3832
52 100 9951
52 107 4976
52 109 7637
53 63 9858
53 65 1175
53 70 6590
53 72 5411
53 73 5514
53 76 9861
53 78 7391
53 79 9301
53 91 2129
53 98 8672
53 99 2610
53 102 4360
53 106 9256
53 107 8159
53 110 3067
54 56 9753
54 58 9078
54 60 7744
54 61 2945
54 66 6824
54 70 1814
54 72 7454
54 101 7661
54 102 241
54 105 1181
55 57 3451
55 60 213
55 65 2488
55 66 2589
55 74 9504
55 76 4067
55 77 2297
55 78 9145
55 82 4019
55 89 5738
55 90 4924
55 91 6501
55 92 3965
55 96 6817
55 101 8216
55 104 8328
55 107 5309
55 112 8539
56 60 7102
56 61 7133
56 63 6357
56 64 1675
56 67 6631
56 72 6314
56 77 3653
56 78 9775
56 81 7869
56 85 7368
56 95 8283
56 97 8202
56 100 580
56 103 1089
56 105 7807
56 107 802
56 108 5938
56 111 7656
57 58 5241
57 61 6169
57 67 9432
57 70 1815
57 73 8575
57 75 7179
57 77 8524
57 79 9933
57 80 9977
57 83 2546
57 85 3635
57 86 4529
57 88 5248
57 90 2936
57 99 2911
57 105 8101
57 106 2438
57 110 9050
58 62 699
58 69 9189
58 72 2723
58 74 215
58 75 9122
58 78 1951
58 81 892
58 83 7524
58 88 3741
58 92 6988
58 106 7134
58 108 3110
58 111 3394
59 60 445
59 61 57
59 68 1217
59 74 6839
59 80 2386
59 83 3704
59 88 5496
59 92 544
59 99 5979
59 100 8986
59 104 2319
59 105 3122
59 106 9282
59 108 4839
59 110 1606
59 111 8793
60 63 4427
60 64 3165
60 69 2684
60 71 4736
60 75 1551
60 80 6676
60 85 2451
60 86 4284
60 89 758
60 90 66
60 101 5948
60 102 4806
60 103 3717
60 107 1731
61 67 2102
61 73 6284
61 78 9488
61 80 4826
61 82 1911
61 83 719
61 84 7241
61 85 1009
61 92 8197
61 94 4160
61 99 6806
61 110 2105
61 111 1978
62 70 1486
62 75 9111
62 77 3400
62 80 6027
62 81 7121
62 83 1888
62 86 1008
62 94 4588
62 95 3468
62 103 8330
62 106 9508
62 107 4311
63 68 4447
63 74 5021
63 77 7070
63 81 9209
63 83 514
63 85 5707
63 91 1042
63 98 9268
63 100 8447
63 102 446
63 104 9229
63 105 1966
63 108 1323
64 70 1803
64 77 3412
64 78 2131
64 82 2824
64 83 65
64 85 4777
64 88 6393
64 90 4498
64 92 3485
64 93 3193
64 96 2498
64 98 6157
64 108 232
64 109 2863
64 112 3204
65 66 3656
65 69 364
65 76 7720
65 80 9141
65 81 4314
65 82 3678
65 83 7488
65 87 8317
65 88 8550
65 91 3650
66 68 7494
66 69 2868
66 71 4423
66 81 7037
66 82 8193
66 83 3820
66 84 4144
66 90 9484
66 98 7042
66 100 6999
66 102 4540
66 105 930
66 108 6804
66 109 806
66 112 9330
67 68 6532
67 73 1983
67 76 4391
67 89 9709
67 90 94
67 92 1795
67 97 8237
67 98 5320
67 101 6738
67 102 7620
67 105 2727
67 106 5074
67 110 7187
67 112 8015
68 69 482
68 76 1906
68 81 2873
68 83 1084
68 84 4186
68 86 7750
68 96 7365
68 101 9306
68 105 159
68 107 3338
69 70 2917
69 71 5451
69 76 6027
69 79 5455
69 81 7023
69 83 1957
69 87 3131
69 88 9052
69 93 631
69 95 2319
69 96 4039
69 98 9220
69 101 925
69 103 4323
69 104 7638
69 107 5567
69 108 2986
69 109 4844
69 112 8954
70 71 6912
70 74 5208
70 77 444
70 79 8770
70 80 4482
70 85 2122
70 86 3979
70 94 5170
70 95 9213
70 107 5033
70 108 9406
71 73 5857
71 74 8269
71 76 1782
71 78 2812
71 79 7007
71 80 3745
71 84 4419
71 86 287
71 88 1377
71 89 2275
71 91 459
71 97 9103
71 101 5080
71 102 1731
71 106 2260
71 108 2292
71 112 3455
72 77 6056
72 80 1637
72 82 1395
72 88 9762
72 90 4244
72 99 8579
72 104 1744
72 106 1202
72 109 6933
73 74 9636
73 82 4996
73 87 1239
73 92 29
73 95 8747
73 99 9802
73 101 7381
73 102 412
73 108 3572
73 112 1999
74 77 4136
74 80 5411
74 83 5365
74 84 7154
74 89 3137
74 91 6254
74 92 3563
74 98 2908
74 99 725
74 106 8062
74 108 5006
74 109 8055
74 111 8963
75 82 5693
75 84 332
75 91 8780
75 92 2045
75 94 1173
75 97 4955
75 101 4297
75 112 4277
76 77 5542
76 78 9619
76 79 8389
76 81 6879
76 84 7795
76 85 3288
76 87 5826
76 88 719
76 94 745
76 101 41
76 102 5835
76 103 9723
76 104 8167
76 105 4044
76 107 1278
77 83 6268
77 84 198
77 86 5291
77 88 7971
77 91 4980
77 93 2963
77 94 5286
77 96 8551
77 100 5933
77 102 9755
77 107 1940
78 85 9221
78 86 8548
78 91 8736
78 92 3143
78 96 8491
78 100 3245
78 103 7841
78 104 2804
78 106 2270
78 109 222
79 85 4318
79 89 5514
79 90 367
79 94 1062
79 105 2582
79 110 398
80 87 118
80 88 580
80 91 7379
80 93 7945
80 94 7816
80 98 1469
80 106 319
80 111 883
80 112 6112
81 82 5857
81 83 8918
81 93 2009
81 100 9442
81 102 2773
81 104 4604
81 105 3634
81 110 9792
82 92 904
82 99 9312
83 84 8196
83 90 8024
83 92 1860
83 94 5419
83 95 1960
83 97 6235
83 105 4148
83 109 6743
83 111 945
84 86 4719
84 87 6504
84 89 4094
84 98 1342
84 99 6177
84 105 8376
84 109 9453
85 86 5153
85 108 8422
86 87 5503
86 90 1087
86 92 6411
86 94 3931
86 98 4330
86 99 5886
86 100 417
86 104 577
86 107 2782
86 110 6502
87 90 3836
87 102 1453
87 105 5245
87 109 1210
87 111 7350
88 89 4756
88 91 3007
88 95 5904
88 97 6379
88 99 1236
88 106 5548
88 108 5312
89 90 9005
89 91 8562
89 101 5667
89 107 9107
89 110 2975
89 111 1511
90 98 9504
90 102 4117
91 92 6031
91 97 4132
91 101 1746
91 102 970
91 103 5980
91 106 1559
91 110 2321
91 111 3537
92 95 2100
92 99 9359
92 100 9699
92 101 5838
92 104 3855
92 105 2826
92 106 8044
92 108 8857
93 104 9079
93 105 4889
93 107 1786
93 111 3462
94 96 4705
94 104 326
94 105 3721
94 107 5098
94 108 9554
94 111 5690
95 96 4303
95 98 365
95 99 6317
95 101 3399
95 103 6334
95 108 2361
96 99 4050
96 107 2677
96 109 5836
96 110 9184
97 101 5738
97 104 5411
97 106 1788
97 107 9626
97 108 5900
97 109 8498
98 104 7244
98 106 379
98 109 1931
98 110 5515
98 112 8544
99 101 4481
99 103 6766
99 107 2166
99 109 9492
100 105 8086
100 109 2124
101 104 1543
102 104 5031
102 106 1590
102 109 4280
103 106 9554
103 112 4973
104 106 480
104 107 6891
104 110 3923
106 107 5842
106 109 7965
106 112 2090
108 109 8471
111 112 6211
