110 1461 51294 19
0 4 4823
0 6 4217
0 8 475
0 18 470
0 26 3567
0 37 2329
0 42 2144
0 43 4486
0 44 506
0 46 1498
0 49 7434
0 53 6300
0 55 2258
0 58 4396
0 60 2645
0 62 393
0 72 5060
0 74 9792
0 75 4312
0 76 5250
0 84 8149
0 88 4180
0 90 9563
0 91 1337
0 92 2990
0 94 6338
0 98 7727
0 100 8625
0 103 6055
0 104 966
0 105 2025
1 2 8002
1 3 1027
1 4 6334
1 5 1546
1 10 8555
1 13 6534
1 16 6457
1 17 3953
1 21 1696
1 24 6109
1 25 3405
1 41 3609
1 46 7332
1 55 6260
1 56 2586
1 58 4844
1 68 9785
1 73 852
1 78 5824
1 84 7250
1 91 9285
1 92 8490
1 96 2011
1 102 6828
1 103 7730
1 104 4778
1 108 5358
2 5 1406
2 11 252
2 12 1810
2 17 2808
2 20 6642
2 25 9042
2 26 6070
2 29 6785
2 35 7373
2 36 7938
2 39 4239
2 46 42
2 48 2080
2 70 5857
2 76 7350
2 77 5288
2 80 611
2 87 4252
2 88 9720
2 104 1164
2 105 3048
2 106 3258
2 107 388
2 108 3805
3 7 4628
3 14 3018
3 15 2596
3 16 5703
3 19 5859
3 24 1785
3 42 6058
3 45 7844
3 46 8024
3 47 7797
3 56 7883
3 58 4635
3 60 1747
3 64 9207
3 67 8494
3 70 9877
3 72 9199
3 81 2262
3 84 5561
3 87 125
3 91 6456
3 97 8902
3 99 6322
3 109 2603
4 5 8604
4 8 9132
4 12 774
4 15 8535
4 21 1265
4 35 3882
4 36 8182
4 42 6984
4 45 8057
4 48 4805
4 49 3905
4 53 3124
4 60 7607
4 65 9074
4 67 6466
4 80 9717
4 87 2888
4 92 8599
4 94 4617
4 95 5332
4 97 149
4 109 4096
5 8 7031
5 12 3688
5 19 590
5 31 5340
5 33 7718
5 36 2240
5 41 2899
5 44 3583
5 46 7885
5 57 7686
5 59 6570
5 67 1631
5 68 85
5 80 4977
5 84 3670
5 86 2729
5 87 6999
5 89 5282
5 93 6778
5 105 9073
5 109 8546
6 8 4508
6 12 742
6 14 2940
6 15 6867
6 16 9122
6 20 5594
6 21 8067
6 22 1538
6 26 9899
6 41 8697
6 45 7019
6 46 4806
6 47 1329
6 49 991
6 50 7078
6 52 7330
6 64 485
6 65 5335
6 69 5204
6 71 7791
6 72 1906
6 75 6235
6 77 5972
6 78 9338
6 79 1443
6 81 4206
6 88 6987
6 89 6620
6 91 9046
6 102 5892
7 9 9355
7 13 245
7 14 6030
7 15 9274
7 18 139
7 21 6493
7 22 6376
7 24 7000
7 25 1952
7 38 4596
7 46 4721
7 50 4743
7 51 3638
7 54 119
7 55 1937
7 61 9624
7 66 7636
7 69 1287
7 76 7727
7 77 1428
7 78 8791
7 81 8212
7 90 1465
7 94 7313
7 96 9351
7 102 2226
8 10 6270
8 13 700
8 16 5000
8 18 7289
8 20 7249
8 21 3428
8 28 4974
8 30 7107
8 31 9521
8 33 1969
8 34 5732
8 35 4341
8 40 323
8 43 8259
8 50 4578
8 55 6914
8 58 9821
8 59 7510
8 71 2432
8 73 746
8 78 6989
8 81 1293
8 82 2238
8 88 4151
8 94 780
8 100 2968
8 101 2117
8 108 4091
9 24 2297
9 43 2134
9 44 7381
9 64 6256
9 68 1666
9 70 3131
9 73 9664
9 77 1388
9 79 6422
9 86 7095
9 88 3146
9 89 3535
9 91 6527
9 93 9168
9 95 499
9 100 8145
9 103 6570
10 28 3229
10 34 315
10 40 2496
10 46 1514
10 51 5286
10 55 2128
10 61 8824
10 62 8941
10 68 5290
10 69 244
10 76 2106
10 79 8255
10 81 8979
10 91 7087
10 94 2636
10 98 9687
10 99 7364
10 101 2055
10 104 665
10 106 6340
11 14 9471
11 19 8150
11 22 4740
11 23 5158
11 25 2731
11 27 5141
11 34 3828
11 37 3646
11 42 4251
11 43 7451
11 44 5095
11 45 3916
11 47 3450
11 48 5650
11 55 4931
11 57 4888
11 60 7169
11 63 918
11 65 1786
11 68 8844
11 70 3988
11 71 1098
11 78 9984
11 82 8917
11 84 5801
11 85 5038
11 90 5638
11 91 1297
11 92 4884
11 93 1002
11 97 1925
11 100 1225
11 108 1423
12 19 4549
12 23 7855
12 31 6200
12 32 7272
12 35 3696
12 43 132
12 47 8255
12 49 1879
12 51 3424
12 57 2009
12 58 4824
12 63 9627
12 66 4325
12 68 868
12 72 4701
12 80 9873
12 87 3969
12 88 7083
12 92 3867
12 93 2547
12 96 7883
12 100 415
12 102 9951
13 15 7159
13 18 5087
13 26 8455
13 29 8082
13 41 9430
13 46 7043
13 47 9420
13 59 3254
13 62 3501
13 65 7197
13 66 9639
13 67 4069
13 73 8953
13 74 5989
13 82 2875
13 83 905
13 86 1422
13 87 1444
13 89 5446
13 92 71
13 104 4476
14 18 7578
14 42 6359
14 44 1768
14 45 6490
14 48 8483
14 54 9724
14 56 9343
14 57 8021
14 58 7590
14 59 3595
14 62 6165
14 63 9914
14 64 4218
14 70 895
14 77 667
14 86 6851
14 89 3788
14 98 2449
14 103 4942
14 105 6925
14 106 7126
14 107 4458
15 21 7393
15 22 734
15 23 5497
15 25 3565
15 26 6194
15 32 3158
15 37 3593
15 42 895
15 47 7664
15 48 5393
15 49 4414
15 51 3792
15 54 1188
15 62 6154
15 63 6073
15 65 4979
15 69 4809
15 72 7862
15 79 2738
15 89 7240
15 90 4334
15 99 1235
15 103 135
15 109 4085
16 20 1972
16 21 144
16 29 4366
16 33 8444
16 35 1209
16 49 4541
16 56 516
16 65 9126
16 68 6384
16 69 6972
16 70 3135
16 77 2430
16 78 7020
16 86 7971
16 96 8268
16 103 8536
16 104 2398
16 106 4978
16 108 6597
17 18 3590
17 22 1878
17 28 9098
17 37 7422
17 40 6111
17 47 7190
17 52 8939
17 56 5478
17 58 3256
17 64 4053
17 67 6798
17 69 127
17 93 9534
17 95 4045
17 98 8352
17 100 1343
17 102 6392
17 103 4871
17 107 6372
18 19 7609
18 26 7752
18 27 8079
18 40 2372
18 43 6636
18 44 9776
18 46 2361
18 49 9502
18 52 5543
18 54 9073
18 58 5797
18 67 279
18 70 2149
18 75 1639
18 88 5010
18 90 1739
18 91 8587
18 92 4733
18 94 4464
18 95 63
18 96 977
18 100 4026
18 101 2720
18 104 3849
18 105 9522
18 106 7046
18 108 6407
19 27 9085
19 32 3049
19 33 1547
19 36 8334
19 39 5435
19 43 5164
19 47 6215
19 58 4331
19 60 9805
19 62 7759
19 64 8580
19 66 8938
19 67 2718
19 71 1912
19 74 2639
19 82 3291
19 84 2608
19 86 5179
19 87 5487
19 88 6941
19 92 7475
19 97 6104
19 100 8498
19 101 6620
19 102 6542
19 106 2786
19 108 6430
20 24 4286
20 26 2960
20 29 1146
20 31 9613
20 36 609
20 49 8066
20 50 643
20 51 3464
20 53 6765
20 54 1489
20 58 3195
20 60 4499
20 64 2140
20 65 3316
20 67 4758
20 74 5502
20 78 9824
20 79 4867
20 81 7798
20 87 1363
20 88 3636
20 95 583
20 99 4420
20 100 2340
20 103 290
20 104 8119
20 107 6920
20 108 8517
21 26 9943
21 36 6036
21 38 3022
21 41 7438
21 42 40
21 43 1818
21 46 9446
21 48 3940
21 55 6675
21 60 6689
21 62 9470
21 63 9542
21 70 1538
21 84 3463
21 85 7232
21 87 8290
21 88 9637
21 92 184
21 93 2246
21 94 8152
21 97 1013
21 98 8278
21 99 9750
21 100 8123
21 105 4651
22 24 2873
22 25 9437
22 30 10000
22 32 1544
22 37 3026
22 38 6670
22 39 3814
22 48 7498
22 53 8219
22 56 2902
22 60 3992
22 61 9835
22 62 1353
22 65 5416
22 76 2107
22 77 3449
22 81 3237
22 84 9521
22 89 5896
22 96 5888
22 99 2887
22 104 7134
22 106 3111
22 108 4213
23 31 272
23 40 4590
23 44 4643
23 46 2016
23 47 3044
23 48 8516
23 51 5098
23 64 1466
23 66 2428
23 74 9119
23 88 6198
23 90 6129
23 92 7318
23 93 7116
23 94 9829
23 100 2827
23 101 5232
23 105 1332
23 106 1898
24 32 6833
24 41 8314
24 49 7
24 50 1698
24 53 9058
24 62 5447
24 67 2521
24 70 7000
24 75 4219
24 78 1151
24 82 5841
24 91 5893
24 99 8323
25 33 3863
25 34 4460
25 36 5937
25 39 1010
25 44 4832
25 45 1802
25 46 7513
25 57 7014
25 60 1468
25 64 8998
25 74 3163
25 76 1365
25 78 6482
25 83 8651
25 84 8156
25 91 7033
25 92 588
25 93 8429
25 106 7862
25 109 4624
26 42 2879
26 45 1583
26 50 1007
26 52 3457
26 55 1813
26 58 7760
26 63 9953
26 64 3927
26 65 6417
26 85 655
26 94 3089
26 95 1258
26 97 5995
26 98 2103
26 104 2724
26 106 4729
26 108 7321
26 109 9595
27 34 794
27 37 2723
27 51 8964
27 66 6287
27 70 2605
27 73 7850
27 76 6060
27 78 3225
27 80 6380
27 86 6142
27 98 6970
27 99 6177
27 100 959
28 37 2511
28 41 8455
28 43 1471
28 47 2359
28 49 4665
28 51 9619
28 55 6944
28 56 882
28 58 5421
28 60 1902
28 75 5733
28 82 9255
28 83 3988
28 94 1663
28 95 1933
28 97 5372
29 33 3563
29 37 9736
29 40 6934
29 44 9158
29 48 9779
29 50 9701
29 52 3071
29 61 7514
29 65 3787
29 69 3356
29 98 5620
29 99 1509
29 101 1800
29 105 5930
29 106 5637
30 34 8267
30 48 7658
30 49 144
30 54 4234
30 57 2077
30 71 7084
30 72 8780
30 74 7862
30 79 3615
30 90 3414
30 99 6748
30 104 5271
30 107 8919
31 38 9863
31 40 6251
31 42 7097
31 44 3354
31 47 2964
31 49 4822
31 51 9291
31 67 1637
31 72 9646
31 78 6769
31 80 5400
31 81 1105
31 83 7256
31 84 7985
31 87 9132
31 102 1901
31 103 1579
31 106 4366
31 107 9801
31 109 9946
32 37 2830
32 42 9619
32 49 9936
32 59 8524
32 63 1266
32 66 4978
32 71 904
32 76 405
32 77 464
32 87 6329
32 89 9662
32 96 4373
32 100 9089
32 101 3084
32 104 5872
33 34 9871
33 37 9431
33 44 1186
33 47 9414
33 49 1206
33 59 960
33 63 8278
33 64 2403
33 67 9932
33 71 7278
33 72 8853
33 80 2065
33 83 3760
33 85 6231
33 87 7806
33 98 9361
33 102 4867
33 105 2447
34 37 1844
34 38 7562
34 39 9683
34 40 5554
34 43 3455
34 50 6139
34 52 7074
34 53 951
34 62 9963
34 65 5112
34 69 2204
34 71 7646
34 73 3269
34 79 8304
34 88 8301
34 94 7512
34 101 7721
34 103 6595
34 107 8499
35 41 6161
35 44 5574
35 47 6032
35 50 5010
35 60 8154
35 67 9703
35 73 1838
35 74 9742
35 76 7895
35 77 4214
35 78 1694
35 80 9344
35 81 5703
35 82 2949
35 88 5594
35 92 3630
35 99 5320
35 103 1411
35 107 6622
35 109 4471
36 37 250
36 39 6344
36 40 8989
36 41 8190
36 47 4298
36 49 8685
36 58 8886
36 60 1170
36 61 531
36 71 5660
36 74 7500
36 75 9680
36 78 3071
36 79 3871
36 80 324
36 83 4715
36 84 2796
36 88 9871
36 91 7808
36 92 5581
36 95 9396
36 96 2846
36 97 9170
36 100 5991
36 102 5865
37 41 9065
37 43 5295
37 46 3092
37 51 7357
37 57 7275
37 66 4942
37 71 691
37 73 7319
37 75 1274
37 80 9837
37 82 9768
37 86 7592
37 97 6037
37 98 9033
37 99 8526
37 103 5071
37 106 1859
37 109 6491
38 39 1221
38 42 454
38 43 1745
38 50 94
38 61 2675
38 74 1106
38 76 8838
38 81 5562
38 83 5371
38 88 5402
38 91 3163
38 95 8576
38 97 4541
38 104 8154
38 108 4707
39 40 2290
39 43 8844
39 45 8812
39 50 5913
39 54 3372
39 58 6501
39 60 7837
39 65 5105
39 66 5955
39 71 2982
39 77 6960
39 87 5296
39 91 7497
39 92 8664
39 100 6640
39 101 1541
39 103 6153
39 104 9586
39 105 8043
39 107 5504
39 108 1258
39 109 9618
40 42 3228
40 48 6152
40 53 7713
40 56 1818
40 57 3326
40 60 3094
40 63 5979
40 64 7616
40 65 9865
40 70 4276
40 73 810
40 74 3205
40 76 3415
40 77 7719
40 78 8827
40 79 4200
40 87 9722
40 93 6384
40 94 4501
40 96 3605
40 103 8626
40 106 5949
40 107 9319
41 46 2777
41 49 6528
41 50 3885
41 53 6879
41 59 2801
41 67 7211
41 72 7115
41 73 603
41 74 4870
41 77 700
41 81 38
41 82 3954
41 84 9806
41 88 8841
41 102 2347
42 49 7119
42 59 2985
42 62 1669
42 64 1200
42 65 8316
42 76 1146
42 86 1550
42 90 113
42 92 4354
42 95 2368
42 96 3668
42 100 4049
42 104 8596
42 109 1307
43 47 6723
43 49 322
43 50 4925
43 53 7696
43 59 8470
43 60 155
43 70 7203
43 71 6584
43 72 2639
43 82 7231
43 84 6942
43 85 7752
43 86 4727
43 87 2421
43 89 2501
43 94 2905
43 97 6978
44 47 9975
44 49 851
44 51 1189
44 52 7950
44 53 1111
44 56 6798
44 63 8558
44 72 9904
44 81 2712
44 86 219
44 91 9260
44 97 3118
44 99 3870
44 101 7866
44 102 5913
44 106 6010
44 108 358
45 62 9459
45 64 6282
45 65 6331
45 66 8833
45 67 8560
45 69 7784
45 75 535
45 76 7267
45 80 2554
45 81 9887
45 82 2629
45 84 683
45 85 4770
45 91 2577
45 97 9041
46 48 4844
46 49 5895
46 54 9356
46 55 8684
46 65 2072
46 69 1304
46 71 9889
46 80 4043
46 83 7297
46 85 8746
46 87 2559
46 92 7356
46 103 5627
47 48 1986
47 55 9178
47 58 7784
47 59 6730
47 68 8639
47 76 8555
47 79 6292
47 84 1833
47 86 6608
47 87 3680
47 91 1026
47 97 7795
47 99 3909
47 102 8442
48 54 5839
48 55 7288
48 59 3325
48 64 2665
48 65 187
48 70 3020
48 75 7643
48 76 7527
48 84 5887
48 98 9193
48 104 7832
48 109 7311
49 50 1853
49 55 2035
49 57 1992
49 59 8682
49 60 7898
49 62 802
49 63 7750
49 66 3817
49 72 9559
49 75 8531
49 88 2989
49 89 7493
49 95 6518
49 97 1559
49 101 6428
49 106 7533
49 107 6660
49 108 4134
50 52 8509
50 53 546
50 63 7876
50 66 4608
50 67 8549
50 70 2904
50 71 6897
50 73 5911
50 76 799
50 83 2536
50 86 6060
50 87 1722
50 90 3494
50 92 8282
50 98 3816
50 100 8542
50 101 2353
50 104 4605
50 108 8411
50 109 1111
51 52 4636
51 56 5603
51 62 837
51 63 5526
51 69 5830
51 71 6857
51 72 7951
51 74 2324
51 82 648
51 86 5369
51 88 7031
51 91 7026
51 93 8061
51 98 8197
51 104 6787
51 105 2191
51 107 4785
51 108 1014
52 54 8714
52 56 1772
52 62 5114
52 68 6900
52 73 4278
52 74 4902
52 77 6565
52 81 4806
52 86 278
52 88 9762
52 93 5942
52 99 799
53 62 9735
53 64 9531
53 72 9846
53 73 4263
53 77 9171
53 81 663
53 84 4017
53 97 751
53 102 1808
53 105 573
53 106 1023
53 108 2857
54 58 6839
54 59 7502
54 66 9926
54 68 7314
54 70 1720
54 82 1224
54 84 9693
54 86 2836
54 89 4047
54 104 2269
55 57 1157
55 58 5722
55 61 31
55 75 3349
55 79 9749
55 82 334
55 87 9949
55 88 4687
55 89 4633
55 90 4293
55 92 8617
55 99 9649
55 100 3998
56 58 4426
56 64 2281
56 70 1364
56 73 7357
56 74 264
56 76 4262
56 93 915
56 95 1145
56 98 3397
56 102 8260
56 104 8448
56 106 1561
56 109 457
57 58 1695
57 59 4928
57 64 9690
57 68 846
57 69 8805
57 78 3179
57 81 1271
57 83 4428
57 86 6906
57 91 5964
57 92 6307
57 93 581
57 94 2160
57 96 3623
57 97 928
57 99 1890
57 103 146
57 107 1572
57 109 7931
58 62 9507
58 67 7711
58 75 6001
58 76 4729
58 84 9484
58 89 8705
58 92 822
58 93 8775
58 104 1952
58 107 4512
58 109 6187
59 60 7120
59 63 49
59 67 8705
59 71 5957
59 72 7216
59 76 713
59 78 1045
59 85 1191
59 86 9753
59 88 3302
59 89 3380
59 92 1039
59 96 8311
59 100 4811
59 102 2277
59 104 6855
59 108 7536
60 63 8294
60 66 3455
60 69 682
60 70 282
60 80 6626
60 81 8419
60 91 9610
60 93 8001
60 96 11
60 107 6324
61 63 237
61 66 1663
61 72 9287
61 77 3374
61 91 7701
61 95 8209
61 96 8709
61 106 3829
62 64 3192
62 68 6588
62 70 5745
62 72 873
62 76 4286
62 85 9847
62 103 3428
62 104 9941
62 105 1653
62 106 6669
62 108 81
63 68 9339
63 71 6578
63 77 4911
63 81 7375
63 85 1842
63 93 8170
63 96 1737
63 98 6750
63 102 902
63 105 1775
63 109 3351
64 79 2740
64 80 2842
64 81 9827
64 87 8121
64 88 571
64 90 3617
64 91 1176
64 92 5989
64 94 1188
64 97 5704
64 102 438
64 107 9076
65 67 6027
65 70 7553
65 72 9438
65 74 6930
65 81 5043
65 83 4107
65 93 5436
65 94 5035
65 98 3788
65 109 602
66 67 9345
66 70 8938
66 73 2010
66 79 7032
66 81 4457
66 87 955
66 91 8218
66 92 4557
66 93 1549
66 96 1617
66 98 6159
66 99 6781
66 106 630
66 109 8669
67 85 7213
67 86 9565
67 88 4572
67 95 2074
67 103 8289
68 69 8715
68 71 1807
68 74 2424
68 80 2000
68 81 7497
68 83 6248
68 89 8920
68 90 6509
68 95 5189
68 107 6186
69 77 7020
69 83 5545
69 87 3855
69 90 8572
69 95 9266
69 97 4125
69 100 9408
69 101 7381
69 102 4558
69 106 1239
69 108 5385
70 72 5649
70 74 8316
70 76 2652
70 77 1265
70 81 9539
70 84 782
70 86 2839
70 87 5869
70 95 7806
70 103 9005
70 108 2753
71 80 218
71 90 2599
71 91 4300
71 92 232
71 100 892
71 102 4189
71 109 5304
72 73 3451
72 75 6227
72 84 4481
72 85 5953
72 86 7982
72 91 7356
72 92 9173
72 99 1017
72 100 5832
72 101 231
72 103 9756
72 104 8211
72 105 2178
72 108 6370
73 74 152
73 76 8081
73 78 7768
73 86 161
73 89 2014
73 95 1010
73 102 9928
73 105 5984
73 106 5070
74 79 246
74 81 5900
74 82 5629
74 88 1684
74 89 2594
74 92 2898
74 96 489
74 99 8229
74 102 7180
74 106 6387
75 87 7246
75 88 6021
75 89 5396
75 92 6626
75 96 2545
75 99 8780
75 105 4356
75 106 7784
75 107 6897
75 108 3641
76 85 3367
76 91 9891
76 95 5460
76 96 5832
76 97 8806
76 100 7328
76 106 8575
76 107 4497
77 78 4464
77 80 7429
77 96 7625
77 98 7603
77 103 3383
78 83 5696
78 84 359
78 85 6914
78 87 5583
78 92 4650
78 93 7679
78 94 9317
78 95 7961
78 99 5644
78 106 2075
79 81 1553
79 84 8895
79 85 9677
79 88 4867
79 96 34
79 100 1911
79 101 1828
79 104 7359
80 83 7823
80 84 9708
80 100 8159
80 101 4330
80 104 493
80 107 5349
80 108 5079
80 109 2383
81 84 1686
81 87 6288
81 88 8983
81 89 5973
81 97 8035
81 100 9756
81 102 6779
81 106 3036
81 108 9724
81 109 5289
82 83 4823
82 87 6417
82 90 3090
82 91 7552
82 92 9544
82 95 3522
82 101 2928
82 103 2816
82 107 6087
82 109 6798
83 87 3354
83 89 3899
83 91 2229
83 92 4451
83 94 846
83 95 7579
83 103 9613
83 104 2492
83 105 6878
84 89 5380
84 95 8745
84 105 254
84 107 5734
84 108 5667
85 89 8214
85 92 7928
85 93 1987
85 94 8226
85 97 2906
85 101 2887
85 105 3889
85 107 2655
86 88 1586
86 94 858
86 95 2721
86 97 7025
86 100 3326
86 107 4172
86 108 1487
87 95 8831
87 104 5370
87 105 7832
87 109 4150
88 90 6024
88 95 7136
88 100 7547
88 103 3876
88 107 4340
88 108 3152
89 95 2537
89 98 2287
89 104 7922
89 109 9399
91 100 3356
91 104 9812
92 96 6636
92 100 2122
92 105 9432
94 108 3029
95 98 1303
95 99 908
95 101 103
95 102 7137
95 104 3108
95 109 1498
96 100 2358
96 102 6839
96 103 8973
96 109 5397
97 100 6875
97 106 2074
98 103 8786
98 105 7051
99 105 9007
99 107 9003
99 109 5190
100 104 5377
101 103 1817
102 104 3239
103 106 7347
103 107 10
104 107 9508
104 108 3588
104 109 2879
105 109 8681
