228 6483 175584 170
0 11 6440
0 20 3406
0 24 5691
0 25 5590
0 28 1943
0 29 4350
0 32 7948
0 37 4853
0 41 3070
0 43 369
0 45 6131
0 58 5525
0 65 1281
0 69 3572
0 81 8051
0 82 3870
0 88 7064
0 89 4867
0 95 2139
0 98 6806
0 100 497
0 101 4098
0 109 1901
0 110 2707
0 115 6756
0 119 4154
0 123 6997
0 125 3574
0 126 1750
0 129 1125
0 137 5601
0 143 3208
0 144 2209
0 145 8731
0 153 552
0 158 3774
0 160 2213
0 167 9728
0 169 6456
0 175 1743
0 179 3040
0 180 4685
0 187 4813
0 191 4286
0 194 3642
0 196 9824
0 198 3656
0 199 540
0 200 624
0 202 6258
0 212 1950
0 214 3797
1 2 7040
1 6 823
1 7 8440
1 13 8301
1 21 5443
1 25 7230
1 27 19
1 28 3669
1 41 5783
1 42 6336
1 43 3925
1 45 7873
1 49 3087
1 51 6890
1 59 1594
1 61 1821
1 63 9896
1 70 8528
1 71 1240
1 73 1410
1 87 2815
1 88 3060
1 90 7239
1 91 2794
1 99 9506
1 102 7062
1 108 609
1 130 900
1 136 1279
1 139 9694
1 149 5893
1 153 6072
1 166 6767
1 175 6279
1 180 9845
1 184 6678
1 187 9270
1 191 5177
1 193 1337
1 195 5564
1 199 7152
1 210 3466
1 212 21
1 215 9107
1 217 9166
2 3 3057
2 11 7716
2 16 5662
2 20 6392
2 32 4784
2 33 3577
2 38 5551
2 42 7800
2 44 1432
2 45 8184
2 48 466
2 51 1642
2 58 2053
2 66 3813
2 68 9038
2 73 9800
2 74 466
2 75 911
2 76 1374
2 81 3015
2 83 6495
2 86 6360
2 88 4057
2 89 8799
2 92 3642
2 94 6694
2 95 8910
2 113 1780
2 117 5023
2 118 7148
2 119 8687
2 123 6531
2 129 3509
2 130 4041
2 131 4672
2 137 366
2 142 9668
2 143 59
2 151 7152
2 153 4205
2 161 4661
2 164 3139
2 165 7772
2 166 2216
2 169 1382
2 171 443
2 172 8460
2 174 7450
2 185 5412
2 187 2772
2 192 5278
2 193 7373
2 197 8232
2 199 7438
2 201 2996
2 202 7075
2 204 8414
2 205 1401
2 220 8453
2 224 8724
2 225 7982
3 8 3753
3 11 3303
3 21 921
3 24 6263
3 25 8807
3 27 1899
3 31 2413
3 34 8097
3 37 2498
3 44 3056
3 49 2872
3 56 8565
3 73 8215
3 78 3910
3 79 3729
3 84 3089
3 91 4863
3 94 89
3 98 2021
3 100 8384
3 102 4444
3 111 5172
3 112 9278
3 119 9164
3 127 6451
3 128 7179
3 131 3380
3 140 7652
3 148 434
3 150 7526
3 151 5048
3 154 4425
3 155 1575
3 156 6209
3 157 6450
3 158 1879
3 163 6951
3 165 4950
3 168 3458
3 170 1870
3 171 8036
3 179 7183
3 182 6763
3 185 6715
3 192 8580
3 194 9826
3 197 6530
3 201 5193
3 211 558
3 212 8809
3 218 5883
3 220 3983
3 221 5443
4 6 2308
4 7 2748
4 14 5049
4 15 8354
4 18 5407
4 21 4394
4 25 2481
4 27 2414
4 28 7406
4 39 3434
4 59 526
4 68 8074
4 70 233
4 75 3535
4 76 1057
4 83 560
4 89 2298
4 91 5517
4 95 5498
4 98 9128
4 106 8969
4 107 1781
4 110 7440
4 114 392
4 116 2721
4 121 5729
4 129 844
4 133 5627
4 134 1162
4 135 1166
4 136 6448
4 146 641
4 151 2429
4 154 5615
4 155 6330
4 156 5239
4 162 4628
4 165 4622
4 167 1890
4 168 9259
4 171 1352
4 172 4574
4 195 5723
4 209 2869
4 210 3881
4 213 5908
4 215 8588
4 225 4616
4 226 2806
5 6 1159
5 9 6154
5 11 3073
5 13 9505
5 17 5472
5 21 4319
5 24 2248
5 27 5668
5 29 8264
5 37 8463
5 45 3071
5 46 3697
5 47 7912
5 48 6586
5 53 4089
5 59 4133
5 66 4532
5 67 8025
5 74 7744
5 81 4025
5 89 7413
5 90 6791
5 98 8222
5 99 1798
5 103 4239
5 105 6434
5 106 7363
5 110 6481
5 111 6008
5 116 232
5 125 1207
5 130 4230
5 133 7014
5 138 1707
5 140 953
5 147 9760
5 149 5899
5 154 3958
5 160 1296
5 163 5326
5 168 5491
5 171 8801
5 177 8056
5 179 8308
5 182 1305
5 185 1493
5 188 8897
5 194 4663
5 196 9359
5 198 2976
5 204 6264
5 208 9781
5 216 5339
5 222 9356
5 226 396
6 7 68
6 8 7257
6 9 5045
6 16 8866
6 18 4066
6 24 3568
6 25 6942
6 26 5833
6 31 7591
6 32 4281
6 37 7443
6 40 1779
6 43 7559
6 46 9562
6 49 9115
6 50 5820
6 51 7980
6 54 862
6 56 5537
6 57 6036
6 58 9676
6 63 47
6 68 6891
6 69 1352
6 71 1332
6 76 851
6 77 4912
6 82 312
6 85 9362
6 88 4455
6 89 6966
6 94 6946
6 98 5802
6 102 4627
6 106 8677
6 112 8186
6 133 6768
6 134 7454
6 137 4866
6 139 2665
6 146 7087
6 152 3793
6 155 9252
6 156 3859
6 161 318
6 163 1810
6 164 782
6 170 5041
6 177 9866
6 179 9766
6 183 9126
6 187 879
6 189 5024
6 190 704
6 193 4720
6 197 3425
6 200 6122
6 201 2898
6 205 7097
6 212 5349
6 213 9450
6 219 316
6 224 7032
7 10 9349
7 12 8688
7 14 2741
7 18 5128
7 26 9610
7 31 1751
7 39 7434
7 49 6157
7 52 7801
7 58 9783
7 61 2825
7 63 1845
7 64 6734
7 70 4673
7 85 1149
7 94 4197
7 100 5114
7 104 5672
7 106 9154
7 109 7290
7 110 25
7 118 9230
7 123 6359
7 126 7434
7 129 5737
7 130 8362
7 131 3788
7 136 4863
7 139 5669
7 146 2833
7 147 7565
7 150 4466
7 152 3409
7 155 7741
7 156 3221
7 169 4699
7 174 8479
7 179 6966
7 183 9788
7 184 6075
7 189 2153
7 199 725
7 200 3800
7 202 717
7 204 8956
7 206 1075
7 209 5726
7 212 8550
7 219 4248
7 226 8550
8 10 5006
8 16 980
8 21 2844
8 23 5565
8 25 7969
8 33 7812
8 47 2780
8 50 6417
8 51 7417
8 55 816
8 60 2409
8 73 7136
8 74 4200
8 79 2396
8 80 9413
8 85 4235
8 88 6464
8 92 5315
8 105 3343
8 107 740
8 113 9954
8 115 1936
8 117 1731
8 120 1032
8 123 108
8 129 5094
8 135 7308
8 136 6656
8 144 2706
8 146 7923
8 150 8484
8 159 2481
8 173 405
8 177 6313
8 180 5366
8 193 2682
8 197 9100
8 198 51
8 207 2966
8 208 9747
8 209 9298
8 210 6932
8 215 6652
8 219 1977
8 220 5194
8 223 1148
8 225 3295
9 10 6173
9 11 3918
9 14 6535
9 19 2379
9 25 2736
9 30 6246
9 32 7806
9 49 1091
9 51 6487
9 53 4769
9 54 7101
9 60 1899
9 61 1794
9 62 3845
9 65 6028
9 67 5997
9 76 756
9 77 6883
9 83 9698
9 89 2431
9 105 5314
9 111 7451
9 113 7387
9 116 8543
9 121 7033
9 123 9668
9 124 7379
9 125 2764
9 126 8985
9 128 7455
9 141 9118
9 146 3036
9 148 1221
9 155 3101
9 156 2757
9 160 512
9 165 9855
9 168 7908
9 172 6631
9 180 7771
9 185 3518
9 186 3816
9 190 5303
9 198 1909
9 204 4834
9 207 7773
9 209 4583
9 214 931
9 223 280
9 224 5461
9 226 7162
10 13 463
10 14 2508
10 17 3340
10 34 7121
10 40 1366
10 43 219
10 45 9073
10 47 5632
10 48 5979
10 49 7980
10 50 5021
10 51 1182
10 52 4637
10 55 3955
10 70 9850
10 71 831
10 73 5560
10 78 2463
10 81 9591
10 87 2654
10 99 6444
10 108 6560
10 110 2584
10 112 9076
10 115 9366
10 122 5611
10 123 8999
10 130 532
10 137 7167
10 138 2551
10 144 7946
10 146 4108
10 156 5167
10 172 3867
10 188 7977
10 195 2448
10 197 2432
10 200 8036
10 210 327
10 212 7875
10 214 5758
10 217 9918
10 220 770
10 223 8040
10 224 7064
11 14 5799
11 15 4613
11 19 8137
11 21 2080
11 23 195
11 25 3626
11 32 3796
11 41 6414
11 45 2884
11 47 9939
11 48 137
11 51 583
11 55 1158
11 57 9054
11 58 8322
11 59 2104
11 64 4403
11 69 6903
11 71 9297
11 74 6268
11 77 9136
11 79 3468
11 80 916
11 82 8483
11 84 7663
11 99 5791
11 102 7444
11 103 8000
11 105 6845
11 107 7690
11 109 8407
11 114 8833
11 118 5845
11 124 8976
11 125 435
11 132 7427
11 137 8921
11 139 6775
11 142 839
11 147 7312
11 151 8018
11 152 2192
11 154 5384
11 159 6549
11 167 4679
11 174 8322
11 180 2231
11 181 6925
11 186 7184
11 188 7125
11 192 3769
11 193 5813
11 200 4661
11 203 5088
11 204 3672
11 205 3546
11 212 6446
11 213 7766
11 216 2907
11 217 3950
11 218 634
12 15 1442
12 20 5065
12 26 9943
12 33 56
12 35 1195
12 37 9581
12 40 6494
12 42 4264
12 43 6955
12 44 6743
12 47 6588
12 49 6887
12 51 7883
12 54 1829
12 55 9564
12 56 3360
12 61 1260
12 62 7843
12 66 1309
12 72 7640
12 74 5735
12 75 4913
12 78 1699
12 80 5897
12 84 6826
12 92 2359
12 95 8332
12 98 2241
12 104 5943
12 108 6237
12 109 7639
12 115 7216
12 116 8250
12 123 7442
12 124 9499
12 125 7210
12 127 6343
12 128 7227
12 138 5318
12 140 5546
12 149 8465
12 155 2867
12 156 5190
12 157 2336
12 165 7899
12 168 5992
12 177 9192
12 179 3561
12 181 1187
12 185 2455
12 192 5208
12 194 2939
12 198 2554
12 199 1842
12 203 9095
12 205 6624
12 216 2466
12 220 344
12 221 8536
13 19 1311
13 20 6040
13 22 8806
13 26 7309
13 29 3816
13 32 991
13 36 2114
13 47 1750
13 48 9165
13 58 5793
13 72 3601
13 73 7042
13 79 7603
13 82 2333
13 83 138
13 84 7020
13 89 5906
13 90 1617
13 94 7557
13 96 1806
13 97 8240
13 98 6907
13 100 2235
13 106 7284
13 107 2550
13 108 1663
13 112 2742
13 114 3999
13 118 7256
13 120 2947
13 124 61
13 134 4910
13 135 731
13 147 2720
13 155 4889
13 157 9554
13 159 1995
13 164 6421
13 165 5765
13 166 8933
13 170 7919
13 173 5102
13 175 8990
13 186 5444
13 189 2240
13 203 7732
13 209 2026
13 212 3285
13 216 4041
13 219 7438
13 221 3249
13 223 331
14 16 4593
14 24 9345
14 28 726
14 29 2201
14 34 5618
14 35 5219
14 37 6164
14 39 6516
14 40 9336
14 44 6307
14 59 5052
14 62 4297
14 63 3661
14 78 6470
14 81 1517
14 82 6053
14 87 2418
14 90 5258
14 94 3678
14 95 8859
14 98 4466
14 104 8595
14 120 2641
14 122 1843
14 123 8011
14 125 1232
14 126 848
14 129 5163
14 133 980
14 134 3701
14 135 1724
14 141 6872
14 148 7036
14 151 9008
14 155 8219
14 161 7132
14 167 2769
14 170 1807
14 172 4909
14 179 1920
14 188 129
14 192 2225
14 202 6784
14 203 4539
14 205 20
14 209 1459
14 212 3153
14 214 9015
14 221 2973
14 222 8840
14 223 9783
14 224 4794
15 18 7141
15 36 929
15 37 1054
15 40 6416
15 43 2776
15 48 7286
15 53 5759
15 56 4535
15 58 1256
15 65 7684
15 79 8892
15 83 9707
15 84 9709
15 85 8882
15 93 7797
15 102 6061
15 106 7510
15 108 8618
15 110 4071
15 111 8048
15 116 601
15 125 8815
15 126 7158
15 131 1221
15 132 5552
15 133 1887
15 139 8902
15 140 9937
15 142 3234
15 147 8808
15 153 6663
15 155 9142
15 157 964
15 163 7088
15 165 7951
15 167 9
15 168 7298
15 169 5033
15 172 4058
15 174 3573
15 175 6550
15 185 1793
15 190 3020
15 192 1829
15 194 1750
15 196 7999
15 198 7258
15 211 9700
15 214 3464
15 222 948
16 18 4432
16 30 2319
16 34 6455
16 38 2631
16 49 4803
16 55 4631
16 56 7526
16 58 2769
16 61 4410
16 62 2212
16 66 8631
16 70 3097
16 88 4107
16 92 1629
16 93 8625
16 96 4138
16 97 4947
16 101 7252
16 102 5881
16 104 8519
16 106 9727
16 109 7001
16 112 8165
16 113 8549
16 114 9154
16 115 747
16 119 6268
16 121 1425
16 122 9629
16 123 6273
16 125 4663
16 127 8960
16 129 4040
16 133 5766
16 135 3829
16 140 1912
16 143 6514
16 150 3982
16 152 8678
16 158 3305
16 160 3354
16 161 5925
16 164 3368
16 165 3032
16 166 2684
16 174 7161
16 180 6344
16 182 786
16 183 3833
16 185 3203
16 186 7706
16 191 1076
16 192 322
16 194 6497
16 196 3292
16 201 6563
16 206 5762
16 209 1139
16 213 1479
16 215 6493
16 221 2845
16 225 5500
17 18 4066
17 19 13
17 20 6507
17 23 869
17 35 8723
17 38 3912
17 40 409
17 50 5927
17 52 2114
17 57 4946
17 61 1736
17 64 5047
17 65 3878
17 66 3367
17 70 8392
17 84 5369
17 85 3026
17 88 8964
17 93 3653
17 101 8257
17 102 1298
17 112 9494
17 120 6157
17 125 1003
17 137 1140
17 140 8104
17 141 1707
17 145 2248
17 154 4312
17 156 970
17 158 6256
17 159 332
17 161 832
17 171 4632
17 172 400
17 173 3330
17 179 8246
17 181 2465
17 188 5745
17 190 3033
17 191 1640
17 197 5223
17 199 6448
17 204 9712
17 208 5607
17 209 5578
18 20 2029
18 21 8009
18 28 1880
18 29 252
18 36 7939
18 37 5531
18 39 9601
18 41 4203
18 43 2054
18 46 7753
18 48 4170
18 56 6809
18 58 3466
18 59 1719
18 70 302
18 71 6858
18 72 2545
18 75 7665
18 79 7830
18 82 8842
18 83 3787
18 84 6949
18 87 265
18 90 354
18 102 3084
18 105 9577
18 108 3690
18 109 3147
18 115 6334
18 117 6637
18 119 5599
18 120 3024
18 130 6952
18 133 1475
18 139 227
18 141 2233
18 151 8045
18 155 512
18 156 5957
18 166 3130
18 182 9927
18 184 6117
18 185 5129
18 189 1976
18 195 1046
18 202 361
18 204 7002
18 208 2834
18 209 7297
18 210 5271
18 224 1807
18 226 8396
19 25 7118
19 39 7368
19 47 4363
19 49 6944
19 50 8627
19 51 95
19 53 7059
19 55 8124
19 68 7476
19 69 7177
19 72 6851
19 73 6915
19 79 4965
19 84 7460
19 88 9194
19 89 5962
19 90 9680
19 94 1289
19 103 9480
19 104 2663
19 105 532
19 113 6581
19 115 622
19 119 60
19 124 6177
19 125 339
19 126 3070
19 128 116
19 133 1704
19 134 3623
19 135 983
19 140 7201
19 141 7936
19 142 8468
19 143 3987
19 147 5523
19 156 3775
19 159 8215
19 163 952
19 184 3626
19 194 9184
19 198 2628
19 203 378
19 204 3051
19 211 1847
19 212 863
19 213 6775
19 215 8768
19 224 396
19 225 1674
20 21 2920
20 24 6377
20 26 2254
20 27 580
20 31 1669
20 32 2567
20 34 6875
20 35 8272
20 48 5860
20 51 5539
20 53 1384
20 54 5021
20 61 4670
20 79 2553
20 85 67
20 89 2117
20 90 1489
20 92 9635
20 95 3785
20 103 9961
20 104 4190
20 106 4934
20 113 3902
20 114 6711
20 116 3614
20 117 3192
20 124 5179
20 125 9059
20 127 1638
20 128 2469
20 132 5373
20 138 1386
20 142 4218
20 144 3750
20 151 5758
20 154 5013
20 156 2281
20 157 8444
20 162 6028
20 169 7397
20 171 368
20 180 8539
20 194 7076
20 198 5565
20 202 1561
20 204 9468
20 213 2820
20 219 8630
20 220 8866
20 222 5398
20 225 1698
21 26 9019
21 30 4553
21 32 8940
21 33 8111
21 43 4400
21 44 785
21 53 5367
21 60 5262
21 61 9202
21 62 6330
21 67 9639
21 68 7761
21 76 4237
21 82 9296
21 89 2936
21 90 9891
21 98 9757
21 101 4711
21 103 8591
21 104 4509
21 108 6590
21 109 7140
21 110 3464
21 111 6381
21 112 2478
21 113 6710
21 114 6437
21 116 3511
21 117 7902
21 118 8146
21 121 5197
21 125 6630
21 134 1551
21 135 2707
21 140 6076
21 143 2521
21 145 1888
21 148 6550
21 149 1044
21 153 8056
21 164 9751
21 170 9940
21 171 621
21 172 9773
21 175 6809
21 178 3084
21 181 3174
21 182 1984
21 184 2903
21 185 6142
21 186 3458
21 188 9391
21 204 6751
21 211 789
21 214 1965
21 215 9500
21 223 5876
21 224 7162
22 24 9521
22 28 8923
22 31 2692
22 32 2636
22 36 5647
22 44 9393
22 48 8628
22 51 4084
22 60 8951
22 61 9589
22 70 1637
22 80 2661
22 82 6492
22 84 2027
22 86 1584
22 88 8576
22 92 804
22 95 3957
22 98 9196
22 99 9401
22 101 9558
22 103 8994
22 104 3484
22 106 6432
22 116 4499
22 128 4473
22 129 9934
22 132 3767
22 134 548
22 135 6822
22 138 8443
22 158 5286
22 159 8870
22 161 6131
22 173 4355
22 182 5237
22 192 6362
22 193 7239
22 204 7400
22 205 1212
22 207 3993
22 209 7763
22 218 4507
22 220 7805
22 226 754
23 24 827
23 32 1478
23 33 4504
23 36 9555
23 38 9232
23 42 9393
23 43 7422
23 44 3873
23 45 6246
23 46 4721
23 47 6326
23 56 505
23 60 7830
23 61 5345
23 67 7745
23 68 5695
23 79 2396
23 81 3812
23 82 367
23 85 986
23 87 1289
23 92 2335
23 94 9656
23 95 9285
23 97 4606
23 102 1429
23 103 884
23 121 6173
23 127 718
23 134 3425
23 143 2472
23 168 9399
23 174 2854
23 177 2647
23 186 9003
23 189 9690
23 190 2207
23 191 5072
23 200 3866
23 201 5335
23 213 9216
23 221 6900
24 27 5100
24 29 5278
24 45 269
24 47 7370
24 52 6320
24 55 4263
24 56 3357
24 66 1065
24 73 6082
24 75 9489
24 82 593
24 87 181
24 91 3
24 93 3679
24 95 4800
24 96 7193
24 99 1943
24 100 718
24 101 6391
24 107 3224
24 111 4602
24 112 6579
24 129 6860
24 131 8061
24 138 2309
24 139 4193
24 142 5022
24 148 5623
24 150 8899
24 152 1049
24 156 477
24 157 2320
24 162 8980
24 164 7171
24 168 1377
24 175 9617
24 179 9614
24 186 909
24 192 720
24 200 8084
24 204 2974
24 210 513
24 220 6982
24 222 3026
24 223 1616
24 225 2988
25 42 7994
25 45 4850
25 48 2033
25 50 375
25 51 8406
25 53 451
25 54 6249
25 65 162
25 66 5670
25 69 3140
25 71 5921
25 73 1134
25 81 6802
25 94 1061
25 95 8194
25 99 8000
25 100 6217
25 101 9581
25 109 4949
25 116 511
25 118 2249
25 119 7226
25 120 6432
25 121 7847
25 124 235
25 126 8200
25 131 6383
25 132 6780
25 133 1347
25 134 8911
25 137 5397
25 141 5487
25 147 191
25 148 9155
25 161 7232
25 170 571
25 173 1067
25 175 983
25 176 4835
25 180 4458
25 181 1668
25 184 4494
25 188 4875
25 189 9050
25 195 1505
25 200 8277
25 209 5109
25 216 4592
25 219 1663
25 222 2072
26 29 4286
26 33 7720
26 34 7531
26 39 9405
26 42 6516
26 47 5518
26 53 7274
26 55 9235
26 60 6147
26 63 1760
26 65 9132
26 68 7082
26 76 9356
26 87 1485
26 89 8655
26 91 6291
26 94 5984
26 96 1286
26 99 1754
26 108 9610
26 114 3283
26 116 5969
26 119 5765
26 127 3127
26 130 1157
26 138 4077
26 148 7106
26 150 6154
26 153 808
26 155 6223
26 156 6010
26 159 5968
26 163 2520
26 167 7608
26 169 2832
26 172 116
26 174 2361
26 176 9922
26 184 903
26 187 2891
26 190 6946
26 192 333
26 200 6384
26 202 9384
26 211 4805
27 32 4836
27 34 885
27 39 286
27 43 6163
27 46 1656
27 50 9596
27 52 9111
27 53 1956
27 55 7583
27 61 2106
27 66 1739
27 67 5424
27 68 8926
27 74 9122
27 79 3751
27 81 215
27 82 164
27 92 1025
27 95 8750
27 96 8788
27 98 8292
27 99 8569
27 107 4389
27 110 4848
27 117 4526
27 124 2370
27 129 6384
27 138 1211
27 143 7079
27 150 4673
27 151 1116
27 152 3251
27 157 7632
27 168 7919
27 170 8390
27 173 9031
27 175 9082
27 184 6579
27 185 4841
27 188 8177
27 190 2703
27 192 2809
27 204 7448
27 207 58
27 209 8261
27 210 2868
27 215 2253
27 218 1173
27 220 824
27 223 9025
27 224 665
28 34 9522
28 37 9944
28 39 4397
28 41 264
28 44 1208
28 47 6968
28 49 9111
28 53 5165
28 61 3644
28 66 3112
28 68 4146
28 72 377
28 74 1665
28 83 789
28 86 8078
28 90 837
28 91 7811
28 94 4841
28 95 6882
28 103 6340
28 104 285
28 111 3362
28 113 2429
28 119 749
28 124 3850
28 126 2922
28 127 9217
28 130 1147
28 131 1314
28 133 4738
28 138 3223
28 142 697
28 147 6508
28 149 5116
28 153 4087
28 155 2841
28 157 4254
28 159 1028
28 160 2307
28 163 1240
28 166 4140
28 171 6557
28 172 3571
28 183 393
28 187 2715
28 188 1627
28 195 7222
28 200 2603
28 204 9069
28 207 6922
28 222 2993
28 225 9519
29 38 22
29 39 5360
29 40 7845
29 42 9369
29 44 7662
29 49 9020
29 50 7889
29 54 8798
29 55 9077
29 56 654
29 57 8492
29 66 1898
29 71 420
29 72 1762
29 73 1995
29 75 2251
29 77 8526
29 78 6879
29 89 1693
29 91 2154
29 98 647
29 108 1389
29 110 5065
29 112 9991
29 116 3442
29 118 2117
29 119 839
29 121 4671
29 122 8662
29 135 1517
29 137 9939
29 141 9298
29 143 6957
29 151 5914
29 156 8413
29 158 1596
29 165 8125
29 166 6699
29 167 8485
29 172 2234
29 173 4245
29 175 7296
29 180 7427
29 186 4606
29 192 6169
29 197 8634
29 203 5091
29 208 9657
29 211 3180
29 212 1824
29 214 3437
29 222 5578
30 31 1098
30 32 2596
30 35 2209
30 38 2376
30 41 9808
30 43 7118
30 45 1658
30 53 5460
30 54 6737
30 55 4995
30 59 1284
30 63 3728
30 66 304
30 67 4759
30 71 5188
30 74 6664
30 75 3005
30 86 876
30 89 6242
30 108 1928
30 112 4812
30 113 89
30 120 1975
30 128 8380
30 131 9793
30 133 2548
30 134 2379
30 149 401
30 154 1499
30 157 7253
30 158 4228
30 166 8356
30 170 7532
30 172 7838
30 176 8874
30 190 4128
30 192 8938
30 195 4314
30 201 5376
30 212 3076
30 215 5542
30 217 6613
30 226 8042
31 37 7046
31 41 6336
31 42 4912
31 51 5148
31 52 3864
31 59 9459
31 61 8871
31 63 1647
31 64 8679
31 65 6350
31 71 8301
31 75 6709
31 87 4965
31 88 1200
31 91 2662
31 94 6374
31 98 1532
31 100 8597
31 102 6412
31 111 2299
31 112 6700
31 115 3917
31 116 8135
31 125 6340
31 126 3137
31 128 2848
31 131 8716
31 144 846
31 148 2941
31 153 672
31 156 8279
31 165 7430
31 167 4022
31 172 301
31 173 1216
31 178 9454
31 179 8956
31 187 8578
31 189 6930
31 190 765
31 195 3835
31 200 3166
31 206 2764
31 207 9536
31 211 4184
31 215 3466
31 216 308
31 218 166
31 220 7258
32 36 5607
32 39 2045
32 41 4
32 44 5915
32 48 6014
32 51 5886
32 54 7037
32 59 9531
32 61 591
32 66 965
32 75 5607
32 79 5247
32 85 6673
32 93 1746
32 96 607
32 98 9837
32 99 3737
32 106 7774
32 111 7717
32 114 9746
32 122 6362
32 128 3677
32 131 6595
32 132 4204
32 139 6698
32 142 1037
32 150 4621
32 157 9973
32 161 9522
32 165 6026
32 187 2577
32 196 4679
32 198 6730
32 200 6745
32 202 7517
32 204 5438
32 213 805
32 214 6777
32 215 111
32 219 6974
32 220 6345
32 222 1390
32 225 3477
33 67 3320
33 76 666
33 77 1023
33 84 6967
33 88 3496
33 90 477
33 93 5090
33 95 1175
33 102 9864
33 106 411
33 130 9705
33 131 9008
33 132 184
33 149 9697
33 150 2420
33 157 7103
33 162 8206
33 163 9656
33 165 9371
33 172 1182
33 181 2462
33 182 1329
33 186 7035
33 192 6654
33 193 6710
33 197 3107
33 206 9070
33 210 6022
33 211 326
33 212 6734
33 221 6322
33 223 9031
33 227 6194
34 40 6492
34 44 7696
34 45 7646
34 47 7705
34 53 408
34 59 8703
34 60 1558
34 61 59
34 75 6849
34 79 5411
34 82 5615
34 84 7179
34 88 9363
34 90 3630
34 99 8833
34 103 2918
34 113 5800
34 115 4938
34 120 8702
34 122 7873
34 126 819
34 127 3244
34 130 5391
34 132 5847
34 141 5997
34 149 6656
34 151 6591
34 165 9085
34 166 3465
34 167 7880
34 169 6722
34 174 5600
34 175 488
34 189 5025
34 192 2047
34 198 5165
34 199 4493
34 201 2945
34 202 4974
34 208 74
34 211 1730
34 212 3482
34 214 2992
34 218 8505
34 219 2854
34 220 1040
35 36 4335
35 38 2426
35 45 1739
35 46 3456
35 57 3060
35 59 4585
35 60 5048
35 66 8503
35 68 7483
35 70 5047
35 75 2387
35 76 842
35 77 7103
35 80 8724
35 81 281
35 82 1664
35 85 9212
35 93 4221
35 95 3179
35 110 4751
35 112 8483
35 113 1827
35 115 463
35 120 5773
35 121 91
35 130 3951
35 141 9390
35 144 7238
35 146 7578
35 147 6261
35 150 8510
35 155 645
35 157 1991
35 159 3477
35 161 6715
35 166 9923
35 170 4190
35 174 3427
35 181 7309
35 184 2523
35 185 7534
35 189 245
35 194 6208
35 195 3868
35 196 6348
35 200 5886
35 201 7107
35 203 1208
35 207 9267
35 208 1665
35 209 8448
35 215 9660
36 41 548
36 47 756
36 48 9584
36 49 3106
36 50 4828
36 59 8061
36 77 1586
36 81 4876
36 82 5043
36 90 4524
36 101 3023
36 103 6820
36 111 2172
36 112 5858
36 127 5972
36 130 5141
36 134 2585
36 138 5477
36 140 3855
36 142 4442
36 145 7981
36 146 5128
36 148 1740
36 149 3929
36 150 7565
36 158 2930
36 159 6819
36 164 4198
36 166 1598
36 185 3024
36 192 5752
36 194 3931
36 196 7484
36 200 1590
36 207 8674
36 208 4386
36 215 6961
36 216 2660
36 217 2805
36 218 9104
36 224 7069
36 226 8591
37 39 4626
37 46 2973
37 53 9945
37 56 571
37 62 5057
37 68 1838
37 77 6570
37 80 8200
37 87 2653
37 88 8199
37 90 711
37 95 1203
37 97 9440
37 99 6418
37 102 1540
37 107 3483
37 123 4265
37 134 2453
37 136 313
37 137 8419
37 148 7192
37 149 1499
37 155 2603
37 156 1187
37 158 4799
37 162 4646
37 165 1752
37 167 561
37 174 5917
37 179 958
37 180 3583
37 182 5940
37 183 9826
37 187 8820
37 188 3995
37 195 2909
37 196 1644
37 199 5256
37 202 7876
37 206 7143
37 215 192
37 219 4429
37 223 3547
37 225 7169
38 41 9080
38 46 894
38 47 4659
38 50 8337
38 55 8047
38 59 3406
38 60 6818
38 61 5508
38 62 679
38 63 9555
38 64 8745
38 67 553
38 73 8690
38 74 6814
38 75 6068
38 95 7812
38 96 2147
38 99 7967
38 100 9691
38 101 1951
38 103 7579
38 106 984
38 110 6556
38 111 2321
38 115 7624
38 116 4674
38 119 2710
38 124 1733
38 127 8309
38 128 3676
38 131 8098
38 141 27
38 142 7040
38 143 2431
38 145 5543
38 146 8656
38 148 6385
38 154 1456
38 157 5764
38 160 5027
38 162 5222
38 176 2934
38 180 6257
38 183 2285
38 185 2192
38 186 2854
38 191 1533
38 192 3533
38 196 2159
38 199 7561
38 207 4911
38 211 7471
38 212 1608
38 213 8337
38 214 1418
38 221 586
38 222 376
38 223 9629
39 47 4450
39 48 4609
39 50 9259
39 53 1766
39 60 8522
39 62 4819
39 66 5460
39 68 4239
39 89 9505
39 90 6771
39 92 4860
39 104 3772
39 106 8022
39 107 4217
39 108 3827
39 109 5207
39 111 2884
39 114 6022
39 118 4009
39 121 2479
39 124 2233
39 126 1402
39 138 7021
39 140 8621
39 146 470
39 149 9013
39 153 9599
39 157 1741
39 159 1676
39 169 2245
39 173 3142
39 174 9773
39 180 5603
39 185 7944
39 190 1064
39 195 1764
39 203 657
39 208 8589
39 210 1447
39 211 7758
39 214 235
39 217 9212
39 219 2613
39 220 9969
39 224 1150
40 51 7259
40 63 8773
40 68 8427
40 71 1672
40 72 8314
40 74 5960
40 83 192
40 84 5264
40 87 4991
40 91 7550
40 97 538
40 106 7539
40 108 7306
40 112 2215
40 115 7907
40 126 9531
40 128 9831
40 129 8621
40 131 5642
40 133 5330
40 134 451
40 150 164
40 157 3641
40 165 4128
40 167 8868
40 169 4250
40 173 423
40 176 6117
40 178 7054
40 189 3915
40 196 2096
40 197 7893
40 198 9291
40 203 590
40 206 8640
40 211 834
40 212 4136
40 217 5908
40 219 5760
40 224 2473
40 225 9262
41 43 9587
41 44 6371
41 46 7896
41 51 8220
41 55 8762
41 57 801
41 58 7690
41 63 6758
41 64 8414
41 67 3008
41 72 5345
41 81 1139
41 82 2430
41 85 9516
41 86 4385
41 89 7962
41 97 6963
41 104 8786
41 115 8069
41 117 5294
41 119 2407
41 126 3009
41 129 8348
41 131 1109
41 133 3866
41 140 4712
41 148 1372
41 150 3520
41 151 3489
41 153 4972
41 155 3166
41 156 8546
41 158 9196
41 166 9420
41 167 8452
41 175 9414
41 178 7819
41 182 8693
41 185 9131
41 188 7884
41 191 4207
41 196 1562
41 198 4000
41 201 6020
41 206 6946
41 218 5485
41 219 6945
41 222 5200
41 223 8487
42 43 9258
42 46 8110
42 50 5173
42 57 3000
42 58 7963
42 59 4886
42 60 2414
42 62 7553
42 67 8669
42 68 1845
42 69 1505
42 75 9173
42 82 8451
42 83 717
42 85 2707
42 86 5493
42 98 9766
42 103 4450
42 105 6363
42 110 746
42 111 1276
42 114 2144
42 115 5028
42 124 6467
42 125 4470
42 127 7224
42 128 9007
42 130 8869
42 132 116
42 136 3970
42 141 8838
42 148 5962
42 154 4574
42 162 3667
42 166 5614
42 172 7126
42 176 5186
42 179 8598
42 181 2511
42 187 2712
42 193 9206
42 205 4189
42 206 480
42 207 7367
42 210 7398
42 212 1245
42 214 1198
42 215 8479
42 217 1014
42 222 3370
42 223 2317
42 224 1655
42 225 8558
42 226 5608
43 44 7934
43 46 9223
43 50 7692
43 56 3567
43 59 3641
43 62 9000
43 64 9353
43 68 1282
43 72 1222
43 75 5667
43 76 3482
43 77 9250
43 78 3480
43 79 3451
43 83 323
43 85 9270
43 92 9300
43 94 7067
43 97 5403
43 103 7618
43 104 3936
43 106 9974
43 119 7373
43 122 3502
43 130 7959
43 140 8106
43 141 3823
43 143 8498
43 144 5821
43 145 5399
43 151 365
43 155 6432
43 159 8649
43 160 3919
43 162 3049
43 168 1960
43 169 2998
43 172 8892
43 176 1103
43 177 642
43 179 1440
43 180 8053
43 183 2033
43 194 4873
43 197 5756
43 200 8623
43 201 3410
43 203 4431
43 204 9658
43 205 8090
43 211 4497
43 212 7738
43 213 2187
43 214 6695
43 217 9444
43 219 8869
43 222 2833
43 225 1039
43 227 5037
44 45 3846
44 53 1721
44 70 9155
44 72 8717
44 81 5318
44 84 3116
44 87 2333
44 89 4275
44 94 4963
44 101 7637
44 115 2039
44 119 5748
44 129 2977
44 130 9660
44 131 3850
44 142 6393
44 154 8804
44 157 9095
44 161 2892
44 163 1610
44 165 8662
44 173 3179
44 175 7737
44 178 7238
44 187 2653
44 188 1416
44 191 2775
44 194 6876
44 196 796
44 197 6905
44 198 8927
44 200 2693
44 201 3028
44 203 5090
44 205 2542
44 209 5982
44 216 225
44 220 6901
44 221 5691
44 224 5608
44 227 5029
45 54 6706
45 58 5332
45 59 2651
45 62 2297
45 69 4942
45 72 541
45 73 1066
45 77 8032
45 84 6635
45 87 5705
45 90 8295
45 98 4595
45 104 4640
45 118 5292
45 119 1614
45 127 2564
45 133 6503
45 137 6119
45 140 4862
45 141 8788
45 146 8123
45 149 2298
45 150 6901
45 152 2641
45 153 7793
45 165 248
45 171 8194
45 179 7219
45 183 7451
45 186 3493
45 188 7743
45 194 8723
45 204 1885
45 207 2030
45 211 5213
45 218 4036
45 222 9740
45 227 5965
46 57 7218
46 58 2988
46 60 6455
46 63 3294
46 68 7334
46 70 1337
46 77 8058
46 81 8233
46 84 2846
46 87 4941
46 95 7764
46 99 9112
46 102 1344
46 103 8021
46 110 4800
46 114 7960
46 118 6288
46 119 2594
46 120 6149
46 122 727
46 126 8798
46 128 4306
46 132 6308
46 134 7879
46 135 2497
46 137 8386
46 140 5099
46 141 2587
46 152 8448
46 154 9113
46 156 7458
46 159 4559
46 161 8495
46 164 455
46 166 844
46 169 4890
46 170 6055
46 176 3099
46 190 5732
46 198 6244
46 200 916
46 202 1254
46 204 7505
46 205 1105
46 214 2225
46 219 6087
46 220 3159
46 227 8723
47 55 5044
47 56 6292
47 58 8929
47 59 7424
47 60 9020
47 64 8635
47 65 9767
47 71 1633
47 73 62
47 75 3823
47 78 6005
47 79 1513
47 85 2106
47 90 9257
47 91 8264
47 94 2731
47 96 2651
47 105 7375
47 111 4073
47 114 7646
47 118 9449
47 121 8072
47 122 647
47 123 7260
47 124 6385
47 127 231
47 133 3220
47 139 3785
47 140 5069
47 143 6569
47 147 7753
47 148 1820
47 154 6198
47 166 9159
47 168 5697
47 169 717
47 173 5677
47 179 2399
47 187 8716
47 201 7691
47 204 1825
47 205 8195
47 207 3269
47 208 4289
47 209 9792
47 212 5706
47 215 4187
47 219 1189
48 71 6207
48 78 6403
48 85 8067
48 89 2197
48 92 2005
48 94 7888
48 100 4910
48 101 4318
48 106 4924
48 109 769
48 111 1365
48 114 8042
48 116 7972
48 124 6590
48 129 5356
48 130 3125
48 131 2066
48 132 6719
48 133 998
48 138 4032
48 140 8569
48 141 4856
48 148 2121
48 149 277
48 151 692
48 152 3271
48 161 1579
48 176 6501
48 177 8797
48 181 2165
48 182 4731
48 184 1289
48 185 1434
48 188 4555
48 189 8917
48 190 4553
48 196 2959
48 208 6976
48 213 2621
48 216 3150
48 219 8930
48 220 3309
48 223 3267
48 224 3686
48 225 5364
49 59 8568
49 62 6176
49 70 1071
49 71 9772
49 74 6887
49 75 25
49 76 5019
49 78 7581
49 85 1330
49 90 9187
49 103 2977
49 119 3508
49 121 9372
49 125 964
49 142 8261
49 143 4775
49 144 5852
49 148 2552
49 151 9382
49 155 8576
49 164 1939
49 167 1326
49 168 9994
49 171 5526
49 172 3933
49 179 7450
49 180 6991
49 181 8955
49 183 1368
49 196 9624
49 209 9843
49 211 7916
49 216 106
49 219 5783
50 51 5135
50 53 9675
50 58 1839
50 63 954
50 71 4803
50 72 3780
50 74 5233
50 76 8830
50 83 3090
50 87 6066
50 93 8034
50 98 7019
50 99 6788
50 104 949
50 112 5397
50 113 9522
50 119 5928
50 120 2692
50 128 4369
50 133 6463
50 140 4964
50 143 3366
50 144 8097
50 149 8640
50 150 3957
50 153 7545
50 156 7782
50 164 4442
50 165 5848
50 166 8639
50 181 938
50 185 7971
50 188 746
50 195 3334
50 198 2702
50 215 7539
50 217 6655
50 219 8550
50 225 671
50 226 4529
51 54 6350
51 66 3197
51 76 7323
51 77 6839
51 78 1432
51 79 9120
51 81 7479
51 96 9606
51 97 1480
51 104 4683
51 108 6726
51 112 9608
51 116 1982
51 119 3915
51 120 1012
51 122 8796
51 124 8399
51 126 6019
51 133 5197
51 140 7314
51 142 2778
51 143 6974
51 147 7425
51 150 8270
51 158 2382
51 164 8436
51 166 8256
51 168 920
51 172 8994
51 174 1175
51 177 1663
51 180 3150
51 187 8439
51 189 5022
51 192 7950
51 193 108
51 194 2401
51 197 5329
51 204 6217
51 206 4583
51 211 9975
51 215 2776
51 225 7264
52 59 424
52 62 3109
52 63 3776
52 67 8436
52 70 7124
52 72 9598
52 73 1381
52 75 16
52 77 3869
52 78 1458
52 79 3192
52 87 6639
52 105 4186
52 113 2524
52 117 5837
52 120 8630
52 127 6553
52 131 8774
52 133 2849
52 141 9673
52 146 2043
52 152 6064
52 154 8763
52 161 2616
52 163 5202
52 167 9533
52 171 4843
52 181 2880
52 182 7214
52 186 3582
52 187 3982
52 189 1270
52 190 6471
52 193 8703
52 198 5409
52 199 8330
52 204 6626
52 210 5325
52 217 3268
52 218 5261
52 227 3919
53 63 6112
53 66 9750
53 67 558
53 69 2582
53 75 9531
53 77 7501
53 81 258
53 86 926
53 89 9001
53 93 9270
53 98 7848
53 102 5641
53 106 4818
53 109 9579
53 129 4270
53 130 4038
53 131 9603
53 133 4065
53 136 2127
53 141 7919
53 143 6747
53 144 549
53 158 379
53 159 3053
53 160 4410
53 163 8325
53 166 7612
53 175 9714
53 186 7109
53 189 7938
53 196 9315
53 197 2126
53 202 2227
53 204 8430
53 208 4013
53 214 3241
53 216 9434
53 220 3729
53 222 4732
53 224 4988
54 55 3443
54 57 4762
54 58 614
54 59 7180
54 60 2838
54 63 4695
54 64 7028
54 66 4909
54 70 3037
54 71 9763
54 72 3297
54 75 7371
54 77 5830
54 80 1314
54 91 5555
54 92 7883
54 95 6964
54 101 3324
54 106 7683
54 108 3833
54 109 9700
54 110 5605
54 111 1540
54 114 4801
54 126 3218
54 130 4478
54 136 946
54 138 6548
54 144 931
54 149 1659
54 152 4952
54 156 9363
54 158 240
54 161 1066
54 163 6084
54 164 6928
54 167 7075
54 168 1974
54 176 1372
54 178 3480
54 181 2241
54 185 5044
54 187 8045
54 190 5272
54 200 6317
54 202 2169
54 206 9934
54 207 8180
54 211 5145
54 216 3984
54 224 8253
55 56 8604
55 57 9578
55 62 591
55 64 9912
55 70 4709
55 72 3428
55 73 1645
55 79 8673
55 83 9147
55 87 8513
55 90 3729
55 92 1605
55 94 8050
55 96 7808
55 97 1030
55 101 8997
55 104 8591
55 108 4300
55 111 8077
55 118 6193
55 121 5910
55 123 9090
55 128 559
55 130 3029
55 131 5996
55 133 8541
55 136 1284
55 140 5664
55 143 143
55 151 1996
55 154 6094
55 157 1786
55 159 5298
55 163 8420
55 172 1092
55 180 1852
55 186 780
55 187 9436
55 199 5466
55 201 3710
55 204 1269
55 209 2665
55 217 731
55 221 5923
56 59 5183
56 67 9207
56 75 8641
56 77 9495
56 78 209
56 81 9127
56 83 7414
56 85 1433
56 94 15
56 96 3649
56 98 3106
56 111 1982
56 116 3061
56 118 103
56 121 8431
56 124 9872
56 130 6078
56 132 6491
56 139 1265
56 141 3089
56 142 2441
56 148 6250
56 149 285
56 150 8958
56 157 9847
56 163 5469
56 167 150
56 168 2458
56 169 5896
56 170 8183
56 172 8958
56 174 8440
56 177 7047
56 181 5942
56 182 1005
56 183 3214
56 198 3559
56 201 2970
56 209 9085
56 210 8914
56 211 9343
56 214 133
56 217 6
56 220 4571
57 58 3053
57 59 1256
57 61 2277
57 63 3186
57 76 7124
57 86 2386
57 96 9190
57 97 8364
57 99 8496
57 106 5670
57 107 9780
57 113 2952
57 125 4199
57 126 3915
57 130 1169
57 131 8167
57 136 296
57 137 4723
57 144 2691
57 148 3417
57 156 1841
57 166 4620
57 167 6990
57 168 4067
57 169 6355
57 171 6252
57 173 7689
57 179 6609
57 180 8384
57 186 6800
57 187 3008
57 189 6603
57 191 2693
57 197 1210
57 199 2094
57 203 8978
57 204 4937
57 205 5476
57 213 4871
57 220 4548
57 222 4434
58 61 7369
58 65 6173
58 66 8387
58 72 6980
58 73 4234
58 94 6099
58 95 7276
58 99 686
58 102 4569
58 108 8207
58 118 5844
58 123 8624
58 139 9148
58 140 2208
58 142 3278
58 143 203
58 145 3596
58 147 3072
58 153 8843
58 163 6129
58 167 9197
58 185 7569
58 187 3792
58 190 149
58 191 9273
58 196 7747
58 199 9835
58 209 5175
58 210 7520
58 217 6368
58 224 1385
58 226 8524
58 227 9689
59 61 3554
59 70 8359
59 72 9018
59 78 4278
59 82 4318
59 83 5188
59 95 1636
59 99 7513
59 106 8671
59 109 5095
59 112 5364
59 113 4306
59 124 684
59 125 5693
59 140 6583
59 143 642
59 150 9089
59 155 5205
59 161 1121
59 165 5930
59 181 9566
59 183 2853
59 188 829
59 192 4820
59 196 8795
59 202 3802
59 206 7986
59 208 6263
59 212 2486
59 215 4251
59 218 1352
59 227 2432
60 61 671
60 62 151
60 70 2918
60 72 2387
60 74 651
60 78 6484
60 89 7497
60 91 4380
60 98 9487
60 101 5188
60 104 5753
60 106 1645
60 107 8591
60 108 2307
60 111 846
60 113 5230
60 114 7844
60 115 201
60 118 7245
60 119 8583
60 121 2407
60 127 8103
60 129 2799
60 134 3183
60 143 3839
60 152 6007
60 161 8838
60 165 7140
60 166 6348
60 169 7284
60 170 9204
60 174 6221
60 177 6838
60 182 2844
60 184 67
60 193 5824
60 197 6680
60 199 2794
60 202 3041
60 206 3662
60 211 4200
60 217 6058
60 219 1916
60 225 5564
60 227 820
61 66 961
61 68 8618
61 70 4763
61 73 3688
61 74 7491
61 78 4741
61 81 5132
61 82 8116
61 83 2084
61 89 8896
61 90 4027
61 101 1384
61 102 6059
61 103 5133
61 108 8501
61 109 3378
61 112 2845
61 114 6688
61 115 2992
61 119 1536
61 122 4137
61 125 7710
61 129 6766
61 130 3510
61 133 330
61 137 570
61 139 6715
61 143 696
61 150 7916
61 164 6631
61 165 1401
61 167 1119
61 171 8888
61 172 8852
61 174 981
61 176 8655
61 180 8913
61 182 1728
61 186 7402
61 187 6108
61 196 3860
61 199 4502
61 205 6705
61 215 1635
61 217 391
61 222 8926
61 225 1704
62 66 826
62 72 2542
62 74 4547
62 75 7390
62 78 4003
62 85 2316
62 87 3361
62 92 2064
62 96 7736
62 97 7574
62 98 423
62 99 1984
62 105 7083
62 106 3835
62 124 3180
62 129 7722
62 140 4337
62 145 6291
62 146 4171
62 147 9596
62 149 4526
62 164 7131
62 165 7979
62 167 5645
62 170 7357
62 171 2008
62 172 3075
62 176 3720
62 179 6294
62 180 9794
62 188 8425
62 190 2974
62 191 8361
62 193 6482
62 197 8148
62 203 875
62 205 6723
62 214 8722
62 218 5277
62 219 3331
63 64 790
63 79 6217
63 82 5166
63 83 5873
63 85 6440
63 91 7055
63 92 2623
63 105 792
63 109 1337
63 111 1986
63 112 7360
63 113 1396
63 119 8911
63 121 5197
63 127 6633
63 129 6218
63 130 7799
63 144 2840
63 145 5473
63 147 5854
63 149 4728
63 152 385
63 153 1606
63 156 5355
63 160 9405
63 168 7535
63 173 828
63 178 3030
63 179 2883
63 182 8124
63 185 3831
63 186 559
63 188 8823
63 195 657
63 197 7009
63 198 8793
63 200 8824
63 202 213
63 211 7078
63 219 2647
63 222 2560
63 224 6103
63 227 6435
64 72 8480
64 76 4499
64 80 6327
64 81 4352
64 83 3421
64 84 5756
64 85 692
64 87 5974
64 89 4752
64 92 473
64 94 3983
64 96 3801
64 102 9708
64 103 3288
64 104 3867
64 112 2899
64 113 6595
64 115 4624
64 116 5275
64 118 339
64 127 1769
64 130 7027
64 131 5545
64 132 9265
64 137 4722
64 138 6638
64 140 540
64 154 6408
64 158 5818
64 162 7076
64 163 5290
64 169 573
64 176 3787
64 179 4087
64 180 3533
64 192 689
64 196 3320
64 202 7548
64 203 1815
64 206 1758
64 211 9691
64 216 1601
64 220 577
64 223 1356
65 66 9334
65 71 6631
65 72 6046
65 80 8698
65 83 8166
65 87 3994
65 89 9063
65 94 1
65 99 4489
65 102 9624
65 107 5829
65 108 4624
65 113 9776
65 114 9925
65 116 5871
65 117 1774
65 118 9314
65 119 4799
65 121 8967
65 135 6639
65 139 9698
65 142 3449
65 143 2634
65 147 893
65 151 6802
65 152 5780
65 154 9424
65 157 4574
65 159 5164
65 160 2711
65 161 5112
65 164 3714
65 165 6270
65 178 391
65 180 4596
65 184 606
65 185 1693
65 186 2754
65 187 4222
65 193 2247
65 197 4780
65 203 4895
65 204 449
65 206 7761
65 210 6395
65 212 2747
65 217 2898
65 218 1968
65 221 4503
65 225 1206
66 67 628
66 69 8316
66 70 3855
66 72 1865
66 74 4998
66 75 1632
66 78 8526
66 80 5444
66 82 6519
66 86 9087
66 89 4
66 97 4111
66 101 790
66 102 3090
66 103 7001
66 107 704
66 108 1239
66 111 926
66 112 6401
66 113 8172
66 114 4116
66 118 1128
66 119 1275
66 121 5410
66 125 9505
66 130 8686
66 131 3105
66 133 9215
66 135 2904
66 139 7850
66 141 6154
66 142 1612
66 151 2747
66 154 2441
66 156 4522
66 157 6129
66 162 1031
66 164 312
66 165 5555
66 167 154
66 174 9448
66 177 3739
66 179 725
66 181 6940
66 193 2092
66 195 6169
66 202 1824
66 206 332
66 210 9811
66 213 3443
66 215 8408
66 217 8654
66 227 380
67 73 9619
67 74 5013
67 77 2908
67 79 8972
67 88 1347
67 89 267
67 92 7545
67 102 9650
67 104 1437
67 113 879
67 117 7708
67 118 5474
67 119 6652
67 122 1066
67 127 4103
67 130 2199
67 143 2602
67 145 7692
67 148 833
67 153 8762
67 159 6886
67 163 7793
67 176 3021
67 177 3850
67 181 274
67 184 2966
67 186 6180
67 188 4214
67 197 9633
67 212 8251
67 216 4847
67 217 9483
67 220 8675
67 221 1119
67 225 5634
68 71 3716
68 74 8725
68 80 4104
68 86 2889
68 87 1308
68 92 9879
68 98 7806
68 100 8408
68 102 4089
68 112 7607
68 117 2326
68 124 2938
68 125 185
68 126 7268
68 132 6627
68 134 3634
68 137 8018
68 141 1856
68 146 9811
68 150 5115
68 154 1682
68 162 7325
68 163 1751
68 164 6313
68 173 9866
68 175 9935
68 181 886
68 183 7011
68 196 8044
68 198 2332
68 201 2151
68 207 8433
68 209 2277
68 212 3793
68 213 349
68 214 6012
68 216 5932
69 71 7651
69 77 2174
69 79 4507
69 82 2419
69 86 6820
69 89 2024
69 90 3109
69 94 3396
69 97 793
69 98 6565
69 100 9567
69 102 3222
69 103 5851
69 108 4165
69 111 2655
69 112 7583
69 113 5732
69 114 421
69 117 2660
69 120 1668
69 121 7846
69 134 3371
69 137 6304
69 140 6883
69 143 1528
69 147 9367
69 154 3189
69 162 3434
69 163 5475
69 166 8721
69 170 6097
69 176 1634
69 179 5112
69 182 3721
69 187 462
69 202 2053
69 203 4211
69 204 6283
69 210 3100
69 211 9036
69 215 4958
69 223 5747
69 224 3729
70 73 8351
70 82 8976
70 87 6001
70 90 3635
70 92 7690
70 93 5146
70 96 819
70 100 4090
70 101 7371
70 103 4255
70 106 1763
70 120 96
70 123 5244
70 127 8503
70 128 5798
70 130 2937
70 133 2225
70 148 729
70 154 471
70 156 8794
70 158 3603
70 159 5795
70 163 3257
70 166 1521
70 167 6717
70 174 8694
70 179 6960
70 180 8569
70 182 9638
70 188 6650
70 189 200
70 196 2621
70 198 908
70 203 5965
70 206 4904
70 213 6764
70 219 4951
70 224 5719
70 225 2192
71 72 611
71 73 3705
71 74 8963
71 80 5120
71 88 2726
71 89 6266
71 95 1966
71 99 7956
71 100 149
71 103 5651
71 105 8011
71 107 9794
71 108 315
71 110 7696
71 124 870
71 132 1345
71 133 1959
71 134 7133
71 138 7222
71 143 6020
71 144 194
71 155 7006
71 158 896
71 160 6043
71 165 5560
71 174 5853
71 178 4939
71 179 6502
71 181 5605
71 184 8539
71 186 6804
71 196 7741
71 197 9369
71 199 6565
71 206 9661
71 211 9710
71 213 1300
71 214 7181
71 218 1290
71 219 5530
71 221 9668
72 73 7604
72 74 6929
72 79 2589
72 85 8241
72 89 7348
72 91 8484
72 94 271
72 97 9007
72 103 4322
72 104 3494
72 105 2333
72 108 7895
72 111 6167
72 113 7645
72 117 8984
72 120 1217
72 123 7349
72 124 834
72 130 399
72 135 2565
72 140 5368
72 141 7918
72 142 6584
72 149 6883
72 157 8019
72 162 4343
72 163 5335
72 165 2252
72 167 4151
72 173 5778
72 174 1259
72 175 4483
72 177 8453
72 182 6770
72 184 8584
72 185 3259
72 186 2153
72 187 1329
72 192 4447
72 193 4982
72 197 116
72 202 5052
72 205 7380
72 217 9853
72 219 4987
72 222 4256
73 76 1344
73 79 1289
73 80 4859
73 85 3089
73 88 6221
73 94 3465
73 96 5289
73 97 9768
73 104 8966
73 105 1492
73 106 1636
73 109 6790
73 116 9600
73 117 4498
73 121 5784
73 127 1957
73 128 4698
73 134 726
73 136 6189
73 141 3953
73 142 4115
73 144 9722
73 148 3233
73 149 4819
73 150 5957
73 155 3991
73 159 3021
73 172 8991
73 177 2225
73 181 1927
73 184 6904
73 186 9300
73 190 5296
73 193 4183
73 196 5301
73 203 6365
73 208 1876
73 210 8164
73 222 1541
73 223 9608
74 78 5867
74 79 4564
74 82 8287
74 83 1767
74 84 3446
74 85 8479
74 87 2366
74 95 5619
74 96 4173
74 99 647
74 101 8661
74 107 8408
74 110 5057
74 113 8388
74 114 8610
74 117 5140
74 120 4422
74 122 1216
74 126 8679
74 127 6626
74 131 4734
74 133 3136
74 134 8548
74 136 4176
74 147 564
74 154 8687
74 156 3175
74 157 4099
74 158 9194
74 160 6606
74 164 3876
74 166 7441
74 172 7271
74 178 8423
74 184 5968
74 185 1902
74 194 1664
74 197 1259
74 204 7587
74 208 440
74 214 886
75 89 1978
75 98 2498
75 100 122
75 107 2441
75 110 3630
75 113 6787
75 118 5383
75 119 4698
75 124 3020
75 127 3997
75 131 3250
75 134 6242
75 136 4227
75 137 3822
75 139 6641
75 141 5890
75 148 9927
75 151 2180
75 153 330
75 157 6677
75 158 7499
75 159 591
75 162 2788
75 163 3964
75 166 4477
75 167 33
75 168 9428
75 170 8328
75 171 7760
75 177 4450
75 180 7555
75 181 5888
75 188 4221
75 190 187
75 194 1828
75 195 7267
75 198 7871
75 204 8321
75 210 4465
75 214 8264
75 215 4527
75 218 3090
75 222 3889
76 80 1341
76 85 3593
76 89 3915
76 97 1208
76 98 6760
76 103 9257
76 105 853
76 118 6063
76 125 9340
76 127 1554
76 129 5061
76 130 4386
76 138 509
76 142 7406
76 156 98
76 157 4424
76 158 6366
76 159 2147
76 161 1957
76 162 7322
76 163 3772
76 171 7473
76 174 846
76 178 1886
76 183 8881
76 190 8948
76 193 5816
76 195 6747
76 196 8196
76 203 3528
76 205 8495
76 213 3762
76 227 7121
77 79 6325
77 83 8705
77 88 9254
77 89 5779
77 90 4800
77 93 5816
77 99 4929
77 100 1505
77 101 8930
77 106 431
77 113 2504
77 114 8326
77 116 1469
77 121 4778
77 122 9671
77 126 5457
77 127 4182
77 131 8521
77 135 2958
77 138 7128
77 140 271
77 142 7328
77 143 9935
77 148 6483
77 151 6556
77 152 486
77 156 144
77 166 7218
77 167 8003
77 169 2765
77 172 6674
77 183 8905
77 192 201
77 196 7724
77 197 5913
77 201 2287
77 206 9136
77 217 1652
78 80 1917
78 83 6946
78 85 8887
78 87 6864
78 96 1811
78 98 2878
78 104 5278
78 110 6696
78 118 6432
78 121 2125
78 134 8122
78 140 9229
78 141 4524
78 144 4359
78 150 8851
78 152 6710
78 153 6802
78 154 8651
78 162 8020
78 165 5584
78 166 182
78 169 552
78 173 2422
78 176 9434
78 180 5707
78 181 8016
78 182 2137
78 184 2013
78 190 2357
78 196 9168
78 198 6303
78 200 1683
78 203 7483
78 204 3307
78 213 2223
78 221 3506
78 224 2733
78 225 4208
78 226 5684
79 83 1146
79 88 1097
79 89 7102
79 91 7524
79 100 6063
79 102 3206
79 106 3513
79 108 8286
79 112 3960
79 116 5563
79 121 8544
79 122 1713
79 124 9720
79 132 476
79 134 4229
79 138 5878
79 140 9007
79 143 6819
79 145 8758
79 148 9307
79 159 8554
79 160 7328
79 161 1440
79 164 1295
79 166 4728
79 167 6539
79 172 7075
79 173 3314
79 178 7047
79 189 8481
79 197 6129
79 198 3378
79 201 598
79 207 5458
79 210 2664
79 213 8324
79 215 5341
79 217 7337
79 218 7450
79 220 3493
79 222 4062
79 223 726
80 85 5875
80 98 7234
80 99 7096
80 104 9616
80 112 4223
80 114 2812
80 115 440
80 117 1792
80 126 2031
80 128 5787
80 131 9869
80 132 8808
80 134 6438
80 137 6894
80 138 8486
80 142 3078
80 143 5246
80 145 329
80 160 3508
80 163 2671
80 164 4486
80 170 8538
80 172 9325
80 176 1598
80 178 6442
80 181 3632
80 183 2080
80 193 530
80 194 2722
80 207 2101
80 208 3043
80 224 6375
80 226 975
80 227 9803
81 82 7118
81 87 2009
81 91 520
81 94 9098
81 100 5552
81 104 8457
81 107 8329
81 115 2798
81 121 2276
81 124 4290
81 126 8239
81 141 9649
81 147 7163
81 160 1360
81 172 6830
81 184 4967
81 199 7866
81 201 6572
81 205 4370
81 206 1328
81 209 8100
81 213 2266
81 214 7443
81 216 3648
81 217 4890
81 218 7197
81 222 7514
82 86 9839
82 92 1385
82 93 6923
82 95 2584
82 104 4752
82 105 9579
82 107 1865
82 114 2588
82 120 2601
82 124 5532
82 132 6194
82 135 7285
82 136 3544
82 138 1913
82 139 1434
82 142 1115
82 144 5197
82 147 6087
82 149 6506
82 151 9031
82 153 4472
82 155 2318
82 158 8051
82 159 9938
82 166 7256
82 169 4729
82 174 1654
82 175 9361
82 176 963
82 185 5636
82 188 2633
82 189 3906
82 191 8490
82 193 6652
82 196 4818
82 201 5626
82 202 1790
82 206 8763
82 210 721
82 214 2213
82 223 6946
82 227 9798
83 85 3944
83 87 4411
83 89 103
83 96 1831
83 101 4044
83 103 6686
83 108 2810
83 124 9804
83 134 294
83 136 4148
83 139 9532
83 141 8792
83 147 858
83 150 3130
83 151 319
83 153 7141
83 156 1626
83 159 7227
83 161 3611
83 165 6227
83 167 2724
83 177 1374
83 182 3979
83 184 8901
83 186 4156
83 187 893
83 193 5468
83 194 6385
83 199 3742
83 200 3733
83 201 5142
83 212 5784
83 214 1376
83 217 4332
83 218 9258
84 86 5036
84 89 3643
84 93 9912
84 98 5620
84 99 3674
84 105 110
84 107 8858
84 108 1821
84 114 4163
84 115 7269
84 119 3057
84 122 9064
84 129 761
84 131 8533
84 132 9283
84 133 9356
84 134 9386
84 138 4748
84 140 5036
84 141 3636
84 144 4640
84 148 7828
84 149 7015
84 152 5285
84 153 3163
84 155 5811
84 159 962
84 160 6706
84 162 1638
84 163 4551
84 165 3856
84 167 526
84 172 7165
84 177 1758
84 180 1557
84 181 2500
84 182 2498
84 185 9733
84 187 4106
84 189 3257
84 191 4880
84 198 9299
84 200 9626
84 201 4135
84 205 5253
84 206 2625
84 209 2322
84 210 6642
84 211 9937
84 218 1525
84 220 1800
84 224 1964
85 89 9936
85 91 8949
85 98 8530
85 100 9339
85 101 4508
85 102 1742
85 103 7529
85 108 9222
85 113 760
85 120 1785
85 123 2422
85 134 4930
85 135 6470
85 138 5029
85 139 8868
85 142 2388
85 147 334
85 150 1735
85 151 9212
85 160 2745
85 162 3607
85 168 1833
85 176 731
85 180 7203
85 184 6762
85 190 7568
85 197 2572
85 200 8361
85 201 4411
85 203 9340
85 205 2978
85 214 3758
85 215 6013
85 221 5986
85 226 3997
86 87 6466
86 94 1523
86 95 6707
86 97 8596
86 101 8071
86 108 3102
86 109 7770
86 112 8213
86 117 6454
86 120 8030
86 121 3276
86 124 6716
86 128 6644
86 129 9901
86 136 8337
86 142 7490
86 144 1413
86 146 8654
86 152 329
86 157 4794
86 161 7364
86 162 1170
86 163 8185
86 164 6135
86 165 6953
86 166 2078
86 169 8997
86 171 2746
86 180 8837
86 185 7290
86 190 3487
86 193 1444
86 195 201
86 205 7632
86 207 6043
86 223 124
86 224 1602
86 226 734
87 91 3318
87 97 9466
87 98 2305
87 104 4776
87 105 8968
87 126 6255
87 136 2588
87 138 5477
87 156 7015
87 157 1844
87 164 49
87 167 9131
87 171 8227
87 179 8898
87 180 2469
87 185 345
87 193 628
87 199 315
87 201 9207
87 202 7973
87 203 6783
87 206 900
87 208 3892
87 209 3296
87 210 4425
87 213 9350
87 220 4798
87 221 3398
87 222 9586
87 226 4935
88 91 6016
88 99 6909
88 108 7785
88 109 5668
88 118 7363
88 119 9189
88 121 6264
88 122 2561
88 128 7309
88 131 536
88 140 1682
88 145 2725
88 146 9038
88 148 9601
88 151 8693
88 153 934
88 156 699
88 160 7740
88 168 3642
88 169 4473
88 172 1937
88 186 5207
88 194 4480
88 196 9069
88 202 6599
88 212 1791
88 214 9345
88 223 9685
88 225 5694
88 227 935
89 92 2017
89 93 2914
89 94 5184
89 97 8833
89 98 7149
89 102 6303
89 108 9048
89 115 3901
89 117 183
89 121 4909
89 134 6742
89 138 6606
89 141 8256
89 142 9153
89 143 9513
89 156 2704
89 165 799
89 168 1122
89 170 5383
89 172 8974
89 175 4496
89 178 8384
89 184 6010
89 188 5028
89 198 7018
89 211 8508
89 212 282
89 213 1124
89 219 7014
89 222 6394
89 225 6315
90 91 3166
90 98 2124
90 99 9599
90 104 692
90 105 4858
90 109 1439
90 112 9300
90 124 6048
90 129 6757
90 130 6839
90 137 9441
90 140 9910
90 142 8273
90 145 7147
90 147 511
90 148 8034
90 159 5912
90 163 8680
90 174 3915
90 178 7364
90 181 5370
90 184 4704
90 187 3039
90 204 1774
90 209 5299
90 211 30
90 218 6888
90 219 3990
90 222 9791
90 223 7459
91 92 4390
91 101 1009
91 119 9356
91 125 1274
91 127 3717
91 133 5257
91 137 4729
91 142 2353
91 145 7426
91 156 8251
91 159 2916
91 160 2459
91 161 6387
91 163 3137
91 165 7215
91 167 9758
91 178 3938
91 182 8078
91 187 8488
91 201 5881
91 202 2038
91 205 1483
91 210 2033
91 216 8355
91 221 9923
91 226 8927
92 97 5080
92 99 1076
92 105 6744
92 107 263
92 113 2729
92 114 8265
92 117 3673
92 119 6480
92 122 22
92 124 5429
92 128 2433
92 133 9004
92 134 7215
92 135 5114
92 139 7072
92 140 7029
92 145 6254
92 146 8392
92 149 8306
92 153 9115
92 155 7873
92 156 2775
92 163 4979
92 164 2961
92 167 5067
92 168 1449
92 172 2959
92 175 3822
92 179 5836
92 184 504
92 187 2451
92 193 1049
92 196 6441
92 200 2625
92 202 9762
92 203 5168
92 205 8188
92 206 6385
92 210 7386
92 218 1208
92 220 5375
92 223 2722
93 94 6008
93 98 5725
93 104 4966
93 107 5078
93 113 8571
93 114 9660
93 117 7734
93 118 4629
93 119 8384
93 124 3754
93 129 3702
93 131 3912
93 133 5330
93 140 4258
93 142 9529
93 146 5056
93 158 7454
93 162 8611
93 163 6189
93 165 7218
93 182 2203
93 183 6335
93 185 8650
93 186 4709
93 187 4839
93 188 5744
93 193 1184
93 196 8432
93 200 782
93 204 7223
93 207 2125
93 217 7409
93 219 7677
94 95 7875
94 97 7115
94 99 2498
94 100 4642
94 109 5305
94 114 7823
94 116 1790
94 117 8593
94 120 9225
94 124 6696
94 125 4058
94 127 7486
94 128 8591
94 139 3756
94 142 3865
94 154 2212
94 156 4089
94 161 4607
94 165 3765
94 169 2825
94 170 7965
94 175 4368
94 176 451
94 178 432
94 183 2957
94 185 8838
94 189 5731
94 192 8059
94 198 9255
94 202 9026
94 203 9092
94 207 8924
94 214 348
94 225 3241
94 226 9277
95 102 1049
95 110 1373
95 115 7794
95 119 7006
95 125 7924
95 129 8485
95 133 9145
95 135 8118
95 138 6921
95 142 9158
95 143 3785
95 152 6006
95 156 5965
95 160 4067
95 164 5442
95 171 5168
95 172 3616
95 174 2026
95 183 9952
95 184 6332
95 188 1249
95 192 8743
95 196 3137
95 200 4154
95 203 1465
95 206 5456
95 208 468
95 211 4048
95 215 3143
95 219 1075
95 221 4947
95 227 3336
96 98 1244
96 99 4021
96 108 9576
96 111 6460
96 121 3785
96 133 7783
96 135 2564
96 138 2145
96 140 9815
96 147 1683
96 150 2217
96 152 9164
96 157 4596
96 166 464
96 172 1561
96 176 329
96 177 4389
96 179 1532
96 189 8673
96 190 4242
96 194 6899
96 195 2195
96 198 2953
96 201 8479
96 202 1485
96 212 8235
96 220 3569
96 221 9405
96 222 3726
96 223 4310
96 224 8857
97 102 7836
97 113 6821
97 120 1646
97 129 1778
97 138 4177
97 141 8841
97 142 1948
97 146 7533
97 161 2561
97 162 2780
97 163 8689
97 169 454
97 174 5792
97 175 681
97 179 5367
97 182 2135
97 184 6022
97 193 6156
97 197 804
97 200 9439
97 203 1413
97 208 9795
97 211 5678
97 224 6553
97 225 4628
98 105 2396
98 106 6580
98 109 1080
98 117 4294
98 118 6976
98 119 3124
98 126 5286
98 134 1831
98 137 8065
98 139 1241
98 155 1591
98 156 67
98 159 503
98 160 6933
98 165 9779
98 167 9536
98 172 4327
98 189 5433
98 192 6533
98 194 6793
98 196 8227
98 198 6103
98 204 5400
98 209 9704
98 211 7957
98 214 5006
98 226 2466
99 100 4571
99 112 426
99 113 476
99 118 2778
99 120 8739
99 122 9559
99 123 3501
99 124 8958
99 125 2063
99 129 5439
99 130 8194
99 131 816
99 138 4105
99 139 3666
99 148 8949
99 149 9683
99 154 2546
99 166 9420
99 168 5385
99 169 7732
99 174 9092
99 176 843
99 181 1324
99 182 102
99 193 8034
99 194 213
99 196 3374
99 203 6599
99 204 7546
99 209 1289
99 221 6777
100 106 4027
100 107 2009
100 111 5991
100 118 1944
100 119 9697
100 122 9815
100 127 1740
100 130 14
100 137 7560
100 139 8545
100 141 4209
100 143 5435
100 146 5546
100 152 7819
100 155 2831
100 156 8040
100 167 5195
100 169 7379
100 172 951
100 174 1012
100 177 6381
100 180 824
100 185 1116
100 186 208
100 188 1977
100 189 1500
100 192 7566
100 193 1049
100 197 6183
100 205 3442
100 208 2122
100 212 5732
100 219 8510
100 220 9271
100 221 3119
100 223 4855
100 226 6305
100 227 270
101 104 6375
101 105 3877
101 106 382
101 117 4965
101 121 6370
101 124 1371
101 126 6278
101 129 7091
101 130 3848
101 136 9457
101 144 4105
101 146 2225
101 147 7320
101 151 4474
101 165 9191
101 168 7860
101 171 9472
101 178 2565
101 179 2568
101 181 7510
101 183 7561
101 198 770
101 200 1741
101 203 3648
101 204 9723
101 205 3169
101 206 1911
101 212 3011
101 214 3631
101 217 8219
101 219 3689
101 222 7782
102 105 2442
102 106 3391
102 113 4272
102 116 7794
102 120 5426
102 121 4796
102 129 2411
102 130 8215
102 133 8652
102 134 5222
102 138 4049
102 148 5549
102 159 3552
102 161 2247
102 168 6256
102 169 7905
102 175 1997
102 186 7129
102 188 7425
102 189 213
102 191 3107
102 192 40
102 193 254
102 194 3581
102 196 2471
102 200 1263
102 201 3474
102 205 3936
102 208 5997
102 218 5784
102 221 5546
102 223 5346
102 224 3032
103 113 3412
103 118 4942
103 119 9671
103 127 8048
103 131 557
103 134 5815
103 135 4846
103 136 1014
103 139 7974
103 140 3908
103 144 704
103 146 1018
103 148 4383
103 150 505
103 156 5590
103 158 1284
103 161 6240
103 162 1434
103 163 9066
103 166 2760
103 170 6925
103 172 3355
103 179 1469
103 180 2169
103 184 3646
103 188 5590
103 191 2791
103 194 6822
103 199 8016
103 202 1702
103 205 4245
103 216 9626
103 220 2447
103 221 211
103 222 105
103 223 4625
103 226 1618
103 227 24
104 111 5843
104 122 8417
104 125 1763
104 127 7371
104 137 920
104 141 1411
104 152 1329
104 153 941
104 154 4387
104 157 5413
104 163 5680
104 168 711
104 178 7618
104 180 652
104 181 5753
104 186 517
104 194 610
104 198 2062
104 200 583
104 208 1124
104 221 9265
105 109 7426
105 113 5235
105 116 9029
105 129 7380
105 132 2886
105 137 8135
105 144 9397
105 149 5274
105 150 7520
105 151 7840
105 156 5984
105 157 7542
105 161 300
105 170 7592
105 173 7968
105 175 3261
105 189 4811
105 195 7715
105 199 833
105 202 1714
105 206 9727
105 208 5285
105 210 8764
105 214 9149
105 225 8930
106 112 1735
106 113 9692
106 115 4834
106 117 199
106 118 4005
106 120 8524
106 123 9483
106 134 6877
106 138 6914
106 145 7378
106 146 6794
106 157 995
106 158 1694
106 164 6097
106 172 8851
106 176 1905
106 186 1828
106 195 9598
106 196 2875
106 198 1269
106 199 604
106 204 3480
106 208 9259
106 210 6732
106 211 3430
106 212 4995
106 220 9277
106 225 7536
106 226 2159
106 227 1703
107 109 7896
107 110 9780
107 117 6997
107 120 1104
107 127 4436
107 134 9659
107 140 9056
107 141 6490
107 145 4316
107 149 5530
107 156 4432
107 159 519
107 165 6517
107 167 6336
107 168 3970
107 178 378
107 179 8624
107 183 3848
107 197 7060
107 198 3430
107 199 2933
107 205 2841
107 209 9448
107 210 4991
107 220 2331
107 226 8807
108 113 4795
108 117 6404
108 119 4448
108 120 3490
108 121 9406
108 124 6172
108 127 5434
108 129 4994
108 132 5346
108 133 3361
108 134 2518
108 137 3060
108 142 8870
108 143 9852
108 144 9053
108 146 5357
108 147 7696
108 150 2503
108 155 5664
108 156 76
108 160 3239
108 161 796
108 162 3706
108 170 3833
108 172 375
108 174 8956
108 175 8535
108 180 8667
108 186 9482
108 191 280
108 199 4205
108 202 2335
108 208 6094
108 218 5477
108 224 1979
109 119 7361
109 124 1544
109 127 8743
109 129 6394
109 131 4955
109 133 2554
109 136 567
109 138 8402
109 140 5567
109 141 2304
109 142 5837
109 145 6935
109 147 546
109 150 3535
109 151 7810
109 152 5477
109 154 6579
109 156 1661
109 159 9069
109 164 9348
109 168 2098
109 170 8618
109 172 2864
109 178 6326
109 179 6191
109 182 6457
109 186 7558
109 187 7103
109 191 3956
109 193 6063
109 195 757
109 199 4410
109 203 6733
109 211 1438
109 215 5802
109 217 2622
109 218 7690
109 219 4186
109 220 2806
109 223 9968
109 226 1276
109 227 8216
110 111 2458
110 112 3798
110 113 3550
110 120 8896
110 126 4529
110 127 5913
110 129 2567
110 130 2370
110 134 3533
110 139 9124
110 142 8052
110 145 9421
110 147 4496
110 150 5248
110 153 2720
110 155 6056
110 157 2472
110 164 1255
110 174 2291
110 179 2763
110 180 8232
110 181 5486
110 182 5551
110 186 6950
110 189 2228
110 193 243
110 194 8214
110 197 8503
110 200 2755
110 203 4817
110 204 9289
110 208 4177
110 217 4955
110 220 702
110 224 9643
111 112 4024
111 117 8209
111 118 2094
111 129 9221
111 139 5844
111 140 1508
111 145 9404
111 148 6813
111 157 3618
111 159 7317
111 164 5455
111 166 7719
111 176 90
111 181 9442
111 183 5759
111 185 8791
111 188 952
111 191 3357
111 193 9570
111 200 4625
111 202 3530
111 205 2179
111 215 2021
111 219 7210
111 221 169
111 222 7079
111 224 7934
112 116 866
112 121 2521
112 122 7930
112 123 9310
112 127 134
112 128 1371
112 129 2699
112 131 4362
112 132 8510
112 137 9546
112 139 2720
112 140 1425
112 141 3913
112 145 2472
112 146 4361
112 147 2628
112 156 5275
112 162 3743
112 165 9053
112 168 9249
112 169 6833
112 170 5170
112 184 2140
112 194 6072
112 200 6325
112 212 1882
112 214 5437
112 218 4261
112 222 2539
113 114 1468
113 127 899
113 131 5285
113 133 6972
113 137 8926
113 138 7442
113 142 891
113 145 8928
113 148 1183
113 152 7440
113 153 88
113 155 614
113 163 6443
113 165 6658
113 171 2985
113 177 5942
113 178 5720
113 182 167
113 185 6660
113 186 1874
113 201 4493
113 202 9125
113 205 1068
113 207 8517
113 208 2920
113 211 3611
113 215 487
113 218 2900
114 117 4724
114 119 911
114 121 1426
114 128 7139
114 131 1785
114 132 3699
114 133 8928
114 140 4459
114 152 7114
114 164 5324
114 165 5990
114 166 5762
114 173 5977
114 179 3450
114 181 6737
114 182 9686
114 183 7967
114 187 3403
114 188 503
114 192 4006
114 193 6052
114 199 1124
114 218 4181
114 221 9125
114 227 3205
115 118 1869
115 119 9684
115 120 685
115 136 8287
115 142 6484
115 149 2493
115 151 6194
115 157 2106
115 159 2393
115 168 68
115 169 5945
115 170 4035
115 179 8280
115 182 4585
115 184 9557
115 193 5926
115 195 7880
115 197 705
115 201 5016
115 204 2161
115 205 5561
115 211 3721
115 212 4645
115 214 9323
115 215 7300
115 220 6001
115 221 7219
115 223 4009
115 225 889
115 227 1868
116 123 4105
116 124 4198
116 126 7164
116 133 5543
116 135 9398
116 136 9620
116 139 8790
116 140 1820
116 148 4269
116 153 4629
116 158 8773
116 162 5973
116 163 5732
116 164 5711
116 171 5827
116 175 2122
116 178 2677
116 179 7814
116 183 2765
116 188 5658
116 196 6838
116 199 5215
116 211 5005
116 219 3198
116 222 1051
116 224 1492
116 225 556
117 128 6212
117 132 7117
117 137 1330
117 139 5042
117 143 5023
117 145 9260
117 149 1638
117 150 4929
117 153 8471
117 154 7768
117 156 8822
117 158 3918
117 161 7949
117 163 2636
117 165 678
117 166 6910
117 169 9370
117 176 2879
117 177 2426
117 178 9826
117 181 6121
117 184 9446
117 185 7529
117 186 2963
117 189 5738
117 202 7659
117 203 2090
117 207 8771
117 209 3550
117 210 9052
117 214 4598
117 220 9726
117 222 4409
117 223 1498
118 119 6826
118 125 8059
118 128 9628
118 134 6913
118 136 1887
118 138 7369
118 139 187
118 140 161
118 146 4594
118 147 9159
118 148 4945
118 153 7441
118 155 6841
118 164 8708
118 165 4366
118 166 377
118 169 3297
118 173 9610
118 179 9194
118 180 739
118 181 9540
118 184 6049
118 186 3232
118 187 7500
118 191 1405
118 200 3579
118 201 4548
118 202 2930
118 219 4272
118 221 7391
119 125 2661
119 126 5317
119 128 7047
119 131 6866
119 132 8154
119 134 7888
119 140 5471
119 141 3553
119 143 4296
119 148 2242
119 161 3744
119 168 9521
119 170 7745
119 173 7434
119 178 3598
119 180 622
119 183 3784
119 187 9628
119 188 7858
119 193 5997
119 194 5759
119 200 4890
119 201 7249
119 216 2868
119 219 1382
119 221 5407
119 226 9901
120 123 7583
120 132 1474
120 135 9594
120 136 3278
120 141 7935
120 148 33
120 150 2075
120 156 2664
120 157 3417
120 159 2767
120 165 1768
120 170 5189
120 178 412
120 179 5667
120 182 9494
120 183 9795
120 187 1200
120 189 4016
120 190 3846
120 195 9870
120 196 4761
120 197 4420
120 204 8171
120 206 4687
120 214 9305
121 124 5054
121 126 64
121 127 3334
121 131 3640
121 138 6792
121 139 7407
121 157 106
121 167 4049
121 168 945
121 169 8806
121 172 3347
121 174 4201
121 181 5318
121 185 710
121 189 8245
121 190 522
121 193 8897
121 194 5973
121 202 1416
121 203 766
121 207 5130
121 208 7703
121 212 5235
121 215 8789
121 216 2537
121 222 1994
121 226 8428
122 129 112
122 132 9795
122 141 1337
122 150 450
122 151 7673
122 157 2999
122 159 9336
122 164 6009
122 167 5298
122 168 7324
122 174 446
122 182 9476
122 183 8757
122 184 6108
122 200 471
122 208 9396
122 214 4220
122 218 9096
122 227 9018
123 136 6688
123 139 8049
123 140 2067
123 141 6847
123 144 3254
123 146 7813
123 150 9201
123 151 8018
123 157 5678
123 163 4640
123 166 5723
123 169 4474
123 171 6823
123 176 630
123 177 9740
123 179 1887
123 185 914
123 193 1890
123 194 3800
123 198 5397
123 205 6154
123 211 3626
123 213 3774
123 215 2965
123 224 7515
123 226 915
124 126 6998
124 128 1461
124 129 1996
124 130 6474
124 133 1484
124 139 1153
124 143 8076
124 145 5602
124 150 8482
124 160 5356
124 163 6366
124 165 2798
124 167 1637
124 168 1827
124 174 3022
124 177 2756
124 183 6576
124 187 8132
124 188 1057
124 197 9559
124 198 3138
124 199 7449
124 201 5081
124 203 5937
124 204 9559
124 205 7028
124 209 7872
124 212 6096
124 214 2801
124 221 8157
124 224 8620
125 126 2269
125 127 8851
125 128 3897
125 130 7125
125 131 1656
125 134 3346
125 135 1433
125 136 1644
125 141 2486
125 149 3779
125 150 3501
125 154 3392
125 163 9083
125 171 9951
125 178 7276
125 180 1675
125 181 8965
125 184 4775
125 189 1822
125 195 2947
125 201 8132
125 208 1041
125 210 7451
125 224 4041
126 128 605
126 130 1319
126 141 1352
126 142 138
126 146 6634
126 149 1455
126 154 7591
126 156 2962
126 164 6990
126 166 5439
126 171 9698
126 172 8809
126 173 6733
126 180 7505
126 186 8955
126 188 2391
126 194 4196
126 202 7856
126 205 4870
126 206 3025
126 208 9515
126 213 9895
126 215 3554
126 219 9881
126 224 3921
126 227 9001
127 129 8037
127 130 2494
127 131 7972
127 133 6332
127 139 7731
127 142 3972
127 143 2079
127 145 4250
127 146 9626
127 148 7562
127 152 772
127 154 7873
127 156 5040
127 162 911
127 165 454
127 167 9425
127 173 1834
127 176 3509
127 187 6167
127 192 7822
127 194 2040
127 199 2262
127 201 194
127 202 8904
127 207 2010
127 210 838
127 213 6570
127 217 7736
127 218 6657
127 221 2140
127 223 8787
127 224 8115
128 129 7513
128 130 4757
128 132 6469
128 134 1849
128 136 6221
128 144 8488
128 151 9779
128 152 9897
128 154 7841
128 161 5415
128 166 1749
128 169 2654
128 172 3176
128 174 5327
128 180 4547
128 184 9199
128 187 4312
128 188 1844
128 190 9847
128 202 2291
128 204 816
128 217 1939
128 222 4938
128 223 1057
128 224 3942
129 131 2197
129 133 5662
129 135 8052
129 145 9871
129 146 4047
129 147 3241
129 154 3433
129 164 5773
129 169 1561
129 170 1535
129 171 2611
129 172 5227
129 174 2314
129 190 8677
129 191 4443
129 194 9368
129 196 7155
129 197 4124
129 198 9916
129 200 4621
129 202 5947
129 203 8307
129 224 5442
130 145 4932
130 146 3137
130 148 6011
130 150 4330
130 153 1899
130 156 5035
130 157 6763
130 161 9310
130 162 4070
130 163 3313
130 167 5468
130 170 8152
130 175 3416
130 190 4175
130 208 6777
130 210 157
130 219 5872
130 220 8256
130 223 42
130 225 8571
130 227 4919
131 134 2351
131 138 253
131 144 4267
131 146 1172
131 147 433
131 149 5770
131 152 9016
131 159 2642
131 163 254
131 167 3777
131 172 9187
131 174 1886
131 178 565
131 180 9804
131 182 3501
131 183 30
131 189 8699
131 193 6186
131 197 1099
131 198 8614
131 200 7667
131 201 2621
131 205 5883
131 206 1724
131 211 6290
131 220 8943
131 221 6400
131 226 6669
132 139 9862
132 142 9072
132 162 1344
132 163 7440
132 164 5578
132 167 6151
132 168 6178
132 171 4540
132 178 178
132 183 9663
132 184 6712
132 185 2133
132 192 1470
132 193 5857
132 197 5749
132 201 6450
132 203 8015
132 204 1274
132 207 5785
132 209 420
132 210 9475
132 216 2934
133 144 5417
133 147 9679
133 151 4127
133 152 3886
133 155 2116
133 160 610
133 163 761
133 168 9359
133 173 2223
133 174 5456
133 175 7884
133 176 6188
133 179 1980
133 183 6985
133 192 5297
133 195 4067
133 198 5381
133 207 375
133 210 8582
133 214 9221
133 215 1222
133 217 7923
133 218 7295
133 219 1042
133 224 7157
133 226 1689
134 135 9970
134 137 7140
134 144 8191
134 145 3472
134 146 1458
134 147 8436
134 154 3961
134 155 1224
134 157 4378
134 159 6000
134 160 678
134 162 1289
134 164 9672
134 177 7742
134 178 3171
134 182 4308
134 183 1152
134 187 966
134 189 9541
134 194 3101
134 195 6191
134 197 5290
134 203 3415
134 209 8188
134 214 386
134 227 5152
135 138 7093
135 144 8204
135 152 455
135 160 9269
135 163 4671
135 168 6526
135 175 6611
135 177 3023
135 179 7281
135 196 2071
135 202 8965
135 212 7354
135 217 392
135 226 8372
136 138 6349
136 139 2036
136 140 7838
136 142 1449
136 151 2122
136 156 2106
136 157 5148
136 161 740
136 162 6230
136 167 1049
136 169 9370
136 171 4487
136 173 1359
136 179 7356
136 180 7623
136 185 8296
136 186 542
136 187 4638
136 191 2299
136 200 8821
136 202 2953
136 205 674
136 206 5564
136 207 9468
136 209 8720
136 213 1605
136 214 6179
136 215 3159
136 219 1113
136 220 1537
136 222 2229
137 140 3167
137 143 6288
137 146 3193
137 149 7055
137 151 3320
137 152 3436
137 159 4159
137 162 6869
137 166 3671
137 167 5822
137 169 3755
137 171 227
137 174 7536
137 176 3879
137 179 8187
137 181 7848
137 184 5549
137 189 9315
137 191 2140
137 194 9742
137 195 8377
137 198 2302
137 208 380
137 209 9047
137 217 2268
137 222 741
137 223 4412
137 225 3320
138 139 2170
138 141 3542
138 144 464
138 149 4294
138 151 7332
138 156 9281
138 157 9382
138 158 1778
138 164 535
138 167 9297
138 168 6427
138 170 144
138 179 9023
138 180 9141
138 181 8365
138 184 1545
138 185 5128
138 187 1935
138 189 1478
138 190 5807
138 194 5613
138 195 560
138 198 7771
138 202 3767
138 207 5234
138 210 2137
138 223 8459
138 225 2690
139 143 7303
139 146 4730
139 159 7501
139 175 1016
139 187 6801
139 188 9043
139 193 4451
139 197 5776
139 204 3283
139 211 572
139 214 5570
139 219 2223
139 222 8116
139 224 8324
139 225 6579
140 146 9923
140 152 6400
140 156 5764
140 171 1445
140 173 5120
140 185 3273
140 195 6789
140 202 1484
140 205 354
140 216 3812
140 217 9808
140 218 933
140 221 7461
141 142 754
141 144 120
141 152 7558
141 161 309
141 169 9896
141 170 6262
141 171 8151
141 177 6879
141 179 3396
141 184 5810
141 185 1699
141 187 6948
141 188 8257
141 195 9343
141 199 2261
141 206 7426
141 210 1998
141 215 7791
141 221 9151
141 224 2403
142 147 5650
142 150 7561
142 155 4003
142 157 6306
142 158 3459
142 161 3424
142 168 691
142 175 9165
142 177 6680
142 184 5995
142 187 888
142 193 283
142 196 2750
142 197 7166
142 206 7402
142 209 8332
142 212 2354
142 214 877
142 215 2828
142 217 3425
142 219 9811
142 226 9530
143 146 4766
143 149 8307
143 151 2007
143 153 83
143 154 6520
143 163 6680
143 167 7287
143 170 7482
143 171 8853
143 174 6830
143 186 318
143 187 112
143 195 4722
143 197 3176
143 204 5100
143 208 6779
143 209 4121
143 211 5464
143 212 5287
143 220 417
143 221 8686
144 147 7417
144 156 9418
144 158 3228
144 160 9219
144 166 5770
144 168 1086
144 176 4861
144 183 6478
144 186 5971
144 190 7176
144 198 3485
144 199 1177
144 203 9536
144 204 8313
144 207 5681
144 211 7981
144 218 3606
144 226 5103
145 149 2186
145 153 3212
145 155 3657
145 157 2269
145 160 4911
145 163 2527
145 174 3194
145 179 7667
145 183 1389
145 187 8778
145 189 9509
145 192 4994
145 193 8356
145 196 1459
145 200 4695
145 201 3091
145 205 6164
145 209 7648
145 213 8967
145 216 9856
145 227 8857
146 151 7197
146 152 7795
146 154 2261
146 157 7962
146 163 2490
146 165 2483
146 166 9624
146 167 4350
146 173 7117
146 175 1982
146 176 6462
146 178 7842
146 183 5512
146 187 8344
146 189 5651
146 191 2453
146 193 6929
146 198 6255
146 199 5004
146 204 1872
146 208 9818
146 213 8295
146 219 3268
146 225 2009
147 150 9072
147 162 9715
147 165 713
147 167 8762
147 168 3876
147 177 1333
147 178 2897
147 183 7512
147 190 2084
147 191 8905
147 193 2743
147 194 3682
147 199 4126
147 200 8580
147 202 5177
147 208 3056
147 209 4172
147 213 1421
147 215 1574
147 216 8647
147 217 7260
147 218 1520
148 150 9071
148 154 2283
148 155 4270
148 162 9607
148 169 6577
148 170 7512
148 176 5969
148 181 9220
148 183 5942
148 184 5034
148 185 7526
148 189 7998
148 193 1194
148 196 1751
148 201 146
148 202 3700
148 212 1836
148 217 4543
148 224 798
149 150 2894
149 153 7820
149 156 8863
149 157 142
149 158 3356
149 164 7504
149 165 692
149 169 8254
149 172 8729
149 173 4448
149 176 1580
149 177 8822
149 180 832
149 181 8575
149 182 5908
149 186 3802
149 188 1008
149 198 7772
149 200 3287
149 203 5538
149 207 8599
149 208 6298
149 211 6834
149 214 5942
149 215 4412
150 151 3883
150 156 9647
150 167 1730
150 169 6709
150 170 4063
150 171 9955
150 176 9551
150 177 9312
150 179 7773
150 181 8982
150 186 3518
150 197 6482
150 199 1163
150 200 236
150 204 6544
150 205 5895
150 207 8247
150 211 7989
150 212 871
150 214 8997
150 217 5783
150 218 627
150 221 3750
150 223 9023
150 226 9552
150 227 8180
151 155 4834
151 157 8824
151 164 6153
151 167 891
151 168 363
151 170 7271
151 172 5903
151 177 1411
151 183 8393
151 185 4565
151 191 7779
151 198 5865
151 200 1148
151 201 5584
151 203 649
151 208 3736
151 211 6923
151 212 590
151 220 2700
151 222 3539
151 225 1799
151 227 2660
152 161 7489
152 162 1715
152 168 2238
152 169 9764
152 172 7360
152 179 4476
152 181 4965
152 182 1249
152 183 7199
152 192 1070
152 193 305
152 194 3126
152 204 7068
152 205 5145
152 214 1830
152 220 4184
152 221 9653
152 225 5003
153 154 4270
153 156 944
153 157 738
153 159 1120
153 160 9071
153 162 4224
153 163 7024
153 164 2783
153 168 4711
153 175 4168
153 176 4305
153 180 1439
153 184 3768
153 191 2619
153 192 4645
153 199 5589
153 203 8545
153 204 3627
153 205 967
153 210 7284
153 214 6294
153 218 7930
153 220 636
153 224 1966
154 156 5437
154 164 9625
154 166 9580
154 174 844
154 177 838
154 181 9353
154 183 4894
154 189 8661
154 191 1947
154 193 4937
154 194 2712
154 198 7211
154 200 4599
154 215 9079
154 217 38
154 220 2292
154 221 8977
155 167 7416
155 173 7421
155 177 409
155 178 5149
155 180 4643
155 181 7335
155 190 3749
155 193 6254
155 194 7100
155 195 3864
155 202 7946
155 208 5330
155 211 7409
155 213 8741
155 223 7932
156 160 807
156 162 2857
156 166 8600
156 168 691
156 171 8979
156 174 8689
156 185 8089
156 186 8375
156 189 8502
156 191 552
156 193 3345
156 197 3839
156 198 2440
156 199 1739
156 202 2562
156 204 3093
156 205 1807
156 207 6721
156 214 7961
156 217 4712
157 160 806
157 171 9328
157 173 4687
157 174 7710
157 176 2683
157 180 1815
157 186 2634
157 191 5845
157 193 7193
157 195 1394
157 201 2624
157 202 8067
157 206 5445
157 210 9515
157 212 1415
157 214 625
157 222 9630
157 225 3942
157 227 9069
158 160 4836
158 164 138
158 172 8342
158 182 920
158 185 6141
158 187 9764
158 189 3622
158 202 5669
158 218 7000
158 224 374
159 164 4380
159 169 9276
159 171 5640
159 180 8575
159 181 5707
159 185 5873
159 186 9172
159 187 7731
159 190 2642
159 191 6114
159 194 822
159 198 9565
159 200 9577
159 206 6042
159 208 793
159 209 7746
159 214 1208
159 218 5556
159 220 7368
159 221 965
159 226 2319
160 161 2664
160 182 260
160 185 405
160 188 4444
160 192 6692
160 196 1447
160 206 9458
160 210 1410
160 213 6461
160 214 1546
160 215 5115
160 216 919
160 221 6861
160 224 5400
160 227 2254
161 162 5718
161 168 1235
161 172 5684
161 177 5794
161 182 3338
161 183 1367
161 191 4443
161 194 2645
161 204 3392
161 210 8109
161 213 6876
161 214 6003
161 217 745
161 218 9390
161 226 8521
162 164 7488
162 167 5622
162 168 9172
162 175 4159
162 176 64
162 181 2529
162 182 7807
162 184 6987
162 188 181
162 190 6576
162 192 6359
162 195 5246
162 198 4920
162 200 9700
162 201 5160
162 202 9569
162 205 2895
162 210 3637
162 213 6233
162 214 9015
162 216 7632
162 218 4659
162 219 9742
162 222 4606
163 167 5506
163 168 7550
163 173 9303
163 174 9556
163 185 2680
163 196 7482
163 198 7327
163 203 4191
163 206 2995
163 212 6517
163 215 3109
163 216 7678
164 169 474
164 177 8678
164 178 1889
164 179 8107
164 180 4513
164 185 4041
164 189 5944
164 197 4403
164 202 4601
164 205 9916
164 206 4980
164 208 6870
164 210 8199
164 211 2556
165 166 3455
165 168 6071
165 172 1177
165 175 2148
165 180 2682
165 181 8674
165 182 5909
165 184 7406
165 185 9335
165 196 37
165 198 777
165 202 9474
165 203 2644
165 204 3537
165 206 5418
165 210 2662
165 214 9890
165 217 5501
165 219 8993
165 225 4277
166 169 966
166 171 3412
166 176 1210
166 177 8410
166 179 3261
166 187 2488
166 189 5959
166 204 3186
166 208 1807
166 215 2122
166 223 7271
167 168 2107
167 170 6103
167 171 4666
167 173 9574
167 188 8096
167 191 6113
167 192 5326
167 199 5117
167 201 6263
167 207 9860
167 209 8207
167 212 8130
167 223 9670
168 175 8343
168 183 6540
168 187 2896
168 191 4512
168 193 3559
168 196 4853
168 197 6200
168 198 4996
168 201 1607
168 204 8788
168 213 3320
168 220 717
168 221 6564
169 170 2767
169 171 9286
169 174 3861
169 183 2170
169 188 6050
169 191 3742
169 192 1635
169 193 4466
169 196 9861
169 202 1109
169 203 9794
169 206 6157
169 207 1921
169 215 8518
169 216 6085
169 220 4288
169 225 7634
170 172 2517
170 175 3369
170 178 3234
170 179 4434
170 181 5761
170 182 5424
170 187 1324
170 191 9736
170 193 5307
170 198 5895
170 199 6368
170 200 8761
170 203 3748
170 204 2953
170 209 5914
170 210 9110
170 211 1300
170 216 6737
170 223 4734
170 224 8258
170 227 8748
171 172 1953
171 176 5994
171 180 4704
171 182 9685
171 184 7000
171 188 8308
171 189 4703
171 192 2722
171 198 8748
171 206 7167
171 208 7817
171 210 4664
171 212 8010
171 214 8659
171 222 6423
171 223 7566
171 224 3834
171 226 9192
172 183 1445
172 185 1442
172 187 7041
172 188 1618
172 190 5776
172 193 9504
172 196 3903
172 197 9611
172 198 2757
172 199 405
172 200 2996
172 204 1108
172 208 4150
172 210 5375
172 212 7097
172 214 1329
172 219 8779
172 221 4121
172 224 4755
173 177 6629
173 180 8602
173 182 4214
173 187 5424
173 190 1922
173 192 4573
173 194 7974
173 199 5305
173 217 2500
173 224 3712
174 176 6974
174 177 5168
174 181 612
174 182 1812
174 183 9582
174 186 794
174 190 827
174 195 5937
174 196 853
174 211 9720
174 212 6252
174 216 7598
174 218 5904
174 227 8195
175 177 4106
175 185 9747
175 190 6558
175 193 3532
175 196 2342
175 205 3007
175 209 1649
175 215 7687
175 218 931
175 225 8229
176 178 9473
176 187 210
176 189 4890
176 200 4333
176 207 7517
176 212 994
176 215 9052
176 218 5818
176 227 4538
177 180 9937
177 181 5307
177 183 2210
177 187 8022
177 192 4754
177 199 3227
177 200 8424
177 209 8908
177 211 7527
177 215 1591
177 219 9439
177 221 5797
177 224 1259
177 227 2411
178 180 9047
178 184 5775
178 189 6019
178 192 5950
178 196 6616
178 198 500
178 201 8606
178 205 5626
178 208 1112
178 209 3046
178 211 7169
178 216 5592
178 217 6853
179 185 1762
179 189 7909
179 198 944
179 199 9324
179 209 6005
179 212 5542
179 217 8388
179 222 2759
180 184 3199
180 185 4418
180 189 1899
180 193 984
180 194 7497
180 202 9657
180 206 6842
180 210 5629
180 215 7590
180 217 9421
180 219 3924
180 221 8161
180 222 1811
180 223 9516
180 224 1631
180 225 396
181 188 2494
181 193 2264
181 194 5920
181 200 3178
181 204 6879
181 205 1789
181 206 4795
181 208 9338
181 209 8406
181 212 6193
181 216 1145
181 217 6056
181 219 2041
181 223 1621
181 224 137
181 226 9454
182 183 1323
182 186 1161
182 188 7387
182 192 2215
182 193 31
182 194 3617
182 195 3167
182 200 5891
182 205 4667
182 206 2809
182 207 6980
182 217 1967
182 222 6079
183 185 902
183 186 6245
183 190 7118
183 198 7399
183 205 8957
183 207 4751
183 211 7193
183 223 5250
183 224 8434
184 189 7248
184 195 1704
184 196 3865
184 204 6632
184 206 9818
184 217 952
184 219 3176
184 222 2964
184 223 3214
184 226 2587
185 195 6370
185 196 6279
185 197 7033
185 206 4611
185 208 2458
185 211 3726
185 212 2296
185 215 9979
185 221 3821
185 226 9869
186 196 9631
186 197 1444
186 200 946
186 215 6577
186 218 3668
187 192 1952
187 193 7446
187 196 1515
187 197 9942
187 199 6281
187 205 3319
187 212 1706
187 213 476
187 215 1885
187 220 6269
187 221 2420
187 222 479
187 224 1232
187 225 1089
187 226 1211
188 197 9522
188 199 2119
188 205 802
188 207 3985
188 211 9337
188 223 3300
188 224 8969
189 191 6403
189 193 9641
189 195 3772
189 198 6130
189 199 1110
189 201 8279
189 204 7756
189 205 2523
189 211 2063
189 212 4057
189 214 4115
189 217 7243
189 223 1184
189 225 8692
190 191 7734
190 193 1684
190 195 2899
190 196 7180
190 203 1687
190 204 6985
190 207 3511
190 208 4461
190 209 4777
190 213 9819
190 218 8768
190 226 2169
191 192 3172
191 194 2981
191 198 9657
191 199 2752
191 200 205
191 203 2347
191 206 5350
191 210 5293
191 217 1145
191 219 3536
191 226 5929
192 194 6659
192 196 6817
192 197 6190
192 202 9048
192 206 7815
192 210 2125
192 212 8801
192 215 3401
192 221 4969
192 226 3173
192 227 1348
193 194 2756
193 197 1180
193 198 8881
193 200 8737
193 201 117
193 206 847
193 207 3714
193 211 1219
193 212 2923
193 213 3945
193 216 126
193 218 20
193 221 8697
193 222 5053
193 223 5232
193 225 3321
194 196 8897
194 203 2475
194 210 1927
194 212 2082
194 214 1501
194 215 1366
194 221 4239
194 226 601
194 227 5685
195 205 209
195 207 2467
195 212 5111
195 216 3212
195 217 6320
195 218 4636
195 224 279
196 203 9827
196 207 4481
196 208 8713
196 209 7932
196 212 1918
196 213 5721
196 215 7603
196 216 9980
196 218 7409
196 223 5434
196 224 4742
196 226 1854
196 227 5700
197 198 5711
197 199 8966
197 203 3205
197 212 6075
197 217 4334
197 219 4666
197 222 4614
197 225 1553
198 199 4164
198 204 5618
198 212 3125
198 213 3009
198 216 3630
198 217 7477
198 225 6520
198 226 3808
198 227 6900
199 209 3079
199 212 9986
199 214 7844
199 215 2076
199 216 3010
199 218 4790
199 219 8620
199 220 8172
199 226 8824
200 202 29
200 203 472
200 204 327
200 205 7627
200 209 7469
200 213 8301
200 218 5091
200 220 687
200 225 1131
201 206 2366
201 208 5546
201 210 5487
201 215 5197
201 216 1606
201 217 7935
201 220 9322
202 206 9788
202 217 9687
202 220 5557
202 221 1794
202 222 9570
203 208 5352
203 212 6037
203 215 9744
203 216 2469
203 222 272
203 223 1831
203 227 6443
204 209 6576
204 210 2531
204 220 9197
205 210 904
205 212 914
205 219 4517
205 222 1397
205 223 3685
205 225 1274
205 227 6871
206 207 8804
206 211 9964
206 226 3111
206 227 7163
207 210 6313
207 212 7511
207 213 5701
207 214 818
207 222 4336
207 223 8244
208 209 3932
208 211 1743
208 215 9424
208 220 6212
208 224 2213
209 210 9336
209 224 2323
210 224 6203
210 225 1746
210 227 148
211 212 3556
211 224 2861
211 225 1713
212 217 7772
212 225 1960
212 226 7922
213 217 6374
213 218 2671
213 223 1216
213 226 4434
214 218 6921
214 219 4008
214 224 4361
215 216 365
215 217 7572
215 220 9838
215 224 8709
216 222 453
216 226 6041
216 227 1565
217 218 5624
217 219 7128
217 222 5251
217 224 856
217 226 1192
218 223 2516
218 227 114
219 227 2528
220 227 9915
221 222 7309
221 224 4819
221 225 7453
222 227 8349
224 225 7658
224 226 4695
225 226 6455
