29 104 11023 18
0 8 2199
0 10 4153
0 16 3806
0 22 3335
0 24 2133
0 25 537
0 27 7928
1 4 9132
1 13 2280
1 14 9413
1 15 5633
1 16 6847
1 19 2218
1 20 3831
1 26 6084
2 12 208
2 18 2325
2 20 2564
2 25 6055
3 5 6816
3 8 1881
3 9 2866
3 11 7859
3 13 852
3 15 5460
3 22 392
3 24 6941
4 13 7149
4 14 9543
4 18 7
4 20 7353
4 21 6161
4 23 8643
4 26 6187
4 27 9631
5 7 9817
5 16 5040
5 22 7263
5 23 5696
5 25 2286
5 26 7002
6 7 483
6 9 2306
6 12 6423
6 25 4978
6 28 2208
7 18 1943
7 21 8158
7 23 1634
8 16 6214
8 20 2277
8 21 4551
8 24 2344
9 11 539
9 27 5101
10 14 4207
10 16 9513
10 18 2921
10 20 402
10 21 2575
10 23 7169
10 25 377
10 27 6541
10 28 3645
11 13 2415
11 14 7559
11 17 5022
11 18 9551
11 20 517
11 26 1509
12 15 5796
12 17 7840
12 19 252
12 23 7141
13 16 5234
13 17 8809
13 28 4053
14 18 9382
14 28 4522
15 18 6152
15 24 3457
15 27 1236
16 26 5798
17 19 7639
17 25 9613
17 26 451
18 19 6714
18 20 2946
18 21 606
18 24 9531
18 26 6494
19 24 5123
19 26 3026
19 27 1119
19 28 7107
20 26 7639
20 28 71
21 22 5151
21 24 10000
21 26 5896
23 24 6243
23 27 5810
23 28 4308
25 26 137
