218 5920 55741 146
0 4 6872
0 14 7254
0 15 568
0 16 6441
0 22 3500
0 24 9590
0 31 2951
0 34 3550
0 38 7823
0 39 2483
0 42 1805
0 43 3250
0 44 2768
0 47 8092
0 49 6700
0 57 5219
0 60 6965
0 61 3120
0 74 8748
0 75 5313
0 81 3178
0 83 372
0 86 781
0 87 7238
0 88 23
0 90 5128
0 102 3629
0 104 5226
0 105 666
0 106 8562
0 110 3669
0 114 2193
0 115 1119
0 116 4381
0 119 443
0 120 936
0 122 9867
0 126 8501
0 145 3372
0 147 6911
0 150 5174
0 151 7582
0 152 6463
0 156 4548
0 158 1722
0 162 3701
0 163 6921
0 166 1062
0 170 9324
0 171 3899
0 172 8660
0 175 6960
0 184 2196
0 190 8988
0 199 7245
0 201 8384
0 204 2308
0 205 8938
0 207 2194
0 209 6703
0 211 1040
0 214 4146
1 3 4746
1 4 9579
1 10 2304
1 11 5858
1 15 5279
1 17 3702
1 18 9157
1 19 2482
1 34 6299
1 43 1740
1 48 2991
1 54 3528
1 57 7393
1 58 8989
1 68 8809
1 69 9925
1 71 6435
1 75 3608
1 78 3142
1 90 2229
1 93 316
1 98 1545
1 99 1338
1 102 6447
1 110 2998
1 120 1338
1 121 2544
1 124 9415
1 127 3877
1 128 1824
1 130 2086
1 136 8439
1 139 3821
1 146 1006
1 149 2633
1 151 4576
1 156 1845
1 159 8409
1 164 490
1 177 7253
1 187 2655
1 199 369
1 202 2300
1 206 1369
1 212 1954
1 214 3618
2 4 7948
2 6 7831
2 12 2994
2 18 7197
2 19 2213
2 20 1887
2 23 9978
2 24 4663
2 25 7136
2 26 226
2 27 3669
2 30 3467
2 33 4391
2 37 2232
2 41 5297
2 48 9420
2 52 6865
2 53 1269
2 54 2477
2 56 7146
2 60 507
2 64 5503
2 69 4973
2 70 9537
2 76 8446
2 79 2243
2 81 7325
2 85 2165
2 87 2700
2 90 4998
2 93 9452
2 94 7884
2 95 9528
2 96 8796
2 102 5451
2 104 6276
2 105 6313
2 132 9149
2 135 7787
2 137 5103
2 143 8903
2 146 2075
2 148 4991
2 150 7287
2 154 1445
2 158 6638
2 165 5033
2 168 1029
2 169 803
2 170 7138
2 171 76
2 174 5638
2 176 4485
2 178 9189
2 181 1546
2 183 507
2 186 4311
2 187 237
2 194 3921
2 203 7221
2 206 9728
2 208 5271
2 212 4929
2 214 1424
3 5 3234
3 9 3373
3 11 7312
3 14 5164
3 22 4873
3 23 6301
3 27 2148
3 39 5403
3 45 5233
3 48 7910
3 50 1308
3 52 1314
3 55 7864
3 60 8198
3 64 1971
3 67 4303
3 68 548
3 69 2637
3 73 814
3 74 5689
3 83 5804
3 84 8026
3 86 606
3 87 9042
3 91 6093
3 92 6037
3 95 7673
3 98 7272
3 100 7201
3 101 5733
3 105 6377
3 108 3648
3 109 5075
3 110 5039
3 115 8805
3 118 6697
3 121 5264
3 123 7448
3 124 1773
3 133 2934
3 136 9091
3 148 5251
3 151 6293
3 155 7867
3 157 474
3 166 6006
3 169 8116
3 170 8938
3 171 8214
3 189 9607
3 192 1681
3 196 4278
3 197 9461
3 198 8497
3 203 5295
3 206 3005
3 207 9870
3 210 5787
3 213 4084
3 215 5617
4 8 5464
4 11 9560
4 12 5839
4 13 5723
4 15 2532
4 16 9395
4 19 4422
4 26 7307
4 33 7068
4 34 4143
4 43 4429
4 47 4978
4 58 5142
4 60 8135
4 62 4665
4 63 6135
4 68 4055
4 70 5549
4 72 8474
4 73 3966
4 85 6294
4 89 6734
4 91 9745
4 105 2853
4 108 2092
4 110 6261
4 114 4185
4 116 4451
4 121 8321
4 134 7653
4 138 4662
4 141 6757
4 144 8511
4 146 898
4 150 2383
4 152 5840
4 155 2995
4 156 9087
4 158 8943
4 160 5901
4 162 5136
4 166 2175
4 167 1819
4 169 1200
4 174 2726
4 181 6987
4 183 4194
4 184 4712
4 195 9588
4 198 2179
4 203 5997
4 213 1301
5 16 5431
5 18 7638
5 25 9851
5 28 9919
5 34 8589
5 45 1534
5 46 7786
5 50 2553
5 51 7013
5 55 5000
5 56 8856
5 57 2006
5 59 1655
5 67 4836
5 72 2067
5 73 7079
5 78 2548
5 80 5975
5 85 2170
5 90 1548
5 91 2891
5 93 1139
5 96 2207
5 97 7203
5 105 9210
5 106 8996
5 108 3112
5 109 2237
5 116 2772
5 119 5752
5 121 9443
5 123 1608
5 129 4357
5 135 7757
5 138 3056
5 145 2761
5 150 8570
5 153 6523
5 154 1352
5 161 5539
5 168 1875
5 169 9656
5 170 200
5 171 5279
5 173 101
5 179 8407
5 186 5061
5 188 4360
5 197 3329
5 199 3732
5 201 4722
5 203 8506
5 213 7199
6 7 5234
6 11 5635
6 12 6800
6 13 2576
6 15 6224
6 21 9232
6 24 9765
6 26 9359
6 34 2897
6 37 7991
6 38 2868
6 44 4109
6 49 7181
6 51 6946
6 54 4446
6 57 5063
6 59 9119
6 61 9504
6 63 461
6 64 170
6 69 7585
6 70 5136
6 74 1835
6 75 2819
6 77 7186
6 81 5005
6 82 6123
6 83 295
6 99 3083
6 102 5493
6 105 2724
6 108 2092
6 118 3575
6 121 2104
6 132 2412
6 136 8327
6 140 2918
6 145 321
6 148 9781
6 152 6122
6 156 6625
6 159 6690
6 163 3596
6 170 7110
6 171 7308
6 172 1005
6 182 6357
6 185 4813
6 186 9305
6 190 3244
6 193 4855
6 194 326
6 198 3125
6 208 998
6 211 3162
6 217 5665
7 10 6312
7 13 4948
7 14 3527
7 25 3089
7 27 4699
7 32 7309
7 33 9789
7 34 4580
7 36 5286
7 37 8543
7 44 8551
7 46 531
7 53 7296
7 58 544
7 69 6777
7 70 9479
7 71 9471
7 73 395
7 74 1828
7 77 7299
7 78 9328
7 80 6686
7 86 6506
7 88 7544
7 92 5418
7 93 54
7 94 4855
7 97 2176
7 102 230
7 107 119
7 120 1305
7 123 8036
7 130 4533
7 140 5033
7 146 5138
7 150 7149
7 153 5226
7 154 8458
7 163 7143
7 165 6367
7 168 3638
7 169 7239
7 176 8248
7 179 9055
7 188 5328
7 190 1614
7 195 5529
7 196 3560
7 198 7983
7 207 3225
7 210 1907
8 21 4008
8 22 5618
8 32 2607
8 36 4775
8 44 4216
8 46 7686
8 54 6031
8 59 3376
8 60 8535
8 71 392
8 73 5086
8 80 1502
8 82 1073
8 88 9455
8 90 3841
8 91 4780
8 94 9510
8 95 559
8 96 4903
8 98 3235
8 102 5755
8 104 4722
8 106 188
8 116 808
8 117 6843
8 122 4829
8 124 1418
8 125 5898
8 126 5822
8 133 9479
8 138 760
8 145 1312
8 147 9378
8 149 4780
8 156 6088
8 159 7226
8 164 7180
8 165 5898
8 183 5851
8 192 134
8 198 772
8 202 9486
8 204 5078
8 208 8964
8 213 8586
8 217 6656
9 14 9564
9 19 7329
9 20 7321
9 22 3753
9 26 6330
9 29 9748
9 30 4591
9 35 2778
9 36 3355
9 41 1761
9 45 5485
9 51 8924
9 53 429
9 55 3352
9 61 8098
9 62 3876
9 65 5892
9 66 5764
9 71 1012
9 72 6681
9 73 2876
9 74 9966
9 77 5680
9 79 6334
9 86 8202
9 90 7358
9 99 3857
9 101 6310
9 112 2933
9 114 7236
9 116 9497
9 120 4242
9 122 9825
9 130 5888
9 132 9872
9 134 4037
9 137 6687
9 141 3862
9 144 9795
9 145 7709
9 149 577
9 157 535
9 162 2339
9 166 6219
9 177 1006
9 179 6349
9 184 6797
9 195 8765
9 197 6754
9 201 1802
9 216 297
10 12 3323
10 20 6942
10 24 8829
10 31 4112
10 36 311
10 39 1248
10 44 5842
10 45 2676
10 47 3791
10 55 4164
10 57 6439
10 62 6975
10 64 7300
10 65 3341
10 67 5464
10 75 8707
10 78 5984
10 85 8010
10 87 3665
10 88 1520
10 99 8652
10 111 9015
10 114 9668
10 115 6592
10 118 9441
10 122 1081
10 123 7003
10 124 6667
10 126 7915
10 129 6619
10 130 1146
10 131 5768
10 132 8282
10 142 4532
10 143 6097
10 144 2138
10 145 8988
10 152 2408
10 155 4462
10 158 6664
10 165 6843
10 173 1938
10 176 8010
10 181 8347
10 198 4712
10 199 6609
10 200 7453
10 201 958
10 202 7377
10 205 4123
10 206 2126
10 207 8018
11 13 6130
11 22 9551
11 23 3203
11 30 6464
11 33 6718
11 35 8974
11 44 4838
11 45 8337
11 53 2728
11 55 4105
11 56 1545
11 60 6925
11 62 1547
11 64 8618
11 91 5740
11 100 651
11 101 410
11 105 6603
11 108 1308
11 113 4135
11 114 2872
11 115 637
11 116 3975
11 122 3641
11 125 7846
11 127 5750
11 134 6840
11 140 5424
11 143 2059
11 147 3905
11 150 1292
11 155 1505
11 157 1801
11 166 226
11 175 710
11 179 7418
11 184 578
11 189 8115
11 193 9591
11 194 6910
11 199 5445
11 200 7551
11 201 3632
11 206 7784
11 207 8262
11 209 6462
11 211 4586
11 215 4655
12 16 1404
12 26 1047
12 31 381
12 32 8103
12 33 1310
12 39 9930
12 40 4098
12 42 1675
12 44 6250
12 47 3199
12 53 4968
12 56 5912
12 61 1825
12 81 8150
12 82 6739
12 89 8278
12 99 7367
12 116 3437
12 119 1950
12 133 2897
12 138 6302
12 139 3863
12 144 3316
12 147 7377
12 148 9236
12 149 9745
12 157 8454
12 159 8669
12 163 2303
12 167 8302
12 171 7820
12 176 5049
12 177 6546
12 181 4014
12 183 7386
12 185 8449
12 187 7431
12 189 7597
12 190 2537
12 191 5664
12 193 3094
12 195 8825
12 198 9369
12 208 6904
12 213 7724
12 217 9477
13 21 3979
13 28 4523
13 30 2282
13 31 5261
13 32 830
13 39 8483
13 42 3556
13 45 8832
13 46 2831
13 52 1847
13 53 6636
13 54 5224
13 58 4725
13 67 6741
13 69 6866
13 73 8082
13 75 4699
13 80 1207
13 83 2610
13 85 3860
13 88 114
13 90 620
13 96 1714
13 97 2874
13 98 4257
13 100 3835
13 103 1116
13 105 2326
13 112 8028
13 114 3638
13 118 4963
13 119 9608
13 120 5405
13 127 5388
13 129 3344
13 132 3442
13 133 4440
13 137 8679
13 139 4367
13 143 2363
13 146 8430
13 149 1161
13 152 9948
13 153 2220
13 154 9775
13 156 1214
13 162 7307
13 166 2231
13 169 1847
13 171 68
13 174 6118
13 178 3493
13 181 5941
13 182 5307
13 183 230
13 185 2878
13 190 2407
13 192 5754
13 194 6650
13 195 3895
13 196 3685
13 197 8677
13 202 7493
13 209 2310
13 211 7724
13 216 5513
13 217 9825
14 21 8844
14 22 6787
14 28 8674
14 29 7266
14 30 7210
14 33 4639
14 34 5611
14 35 6914
14 41 8206
14 48 4936
14 53 8784
14 56 7417
14 60 7159
14 61 5974
14 62 4749
14 72 3833
14 80 6625
14 85 5494
14 86 8624
14 94 4795
14 99 8325
14 100 7508
14 101 5450
14 109 2295
14 110 515
14 114 2810
14 115 611
14 116 107
14 119 2182
14 122 7527
14 123 8615
14 124 2093
14 132 5671
14 133 7583
14 155 2766
14 156 2732
14 162 6776
14 165 4834
14 169 7287
14 172 6181
14 173 7671
14 176 9348
14 177 7605
14 180 6986
14 183 1092
14 187 6587
14 188 4728
14 195 3743
14 199 3551
14 200 9414
14 205 9285
14 206 3064
14 208 4260
14 210 8393
14 215 4716
15 17 8287
15 25 5473
15 27 5612
15 31 5026
15 35 4862
15 39 9909
15 44 2359
15 45 4085
15 56 9846
15 60 9495
15 66 9201
15 69 4954
15 73 1871
15 74 6526
15 75 2927
15 77 5883
15 79 9722
15 80 6983
15 85 2195
15 87 1971
15 89 2673
15 95 6843
15 97 3852
15 101 7651
15 104 1931
15 109 8378
15 113 8484
15 115 5819
15 120 367
15 133 8935
15 141 8506
15 144 2234
15 145 4973
15 152 3405
15 153 848
15 156 575
15 157 7193
15 162 7786
15 169 9230
15 171 8461
15 172 1787
15 179 7086
15 183 3854
15 191 4842
15 192 5861
15 193 288
15 198 3903
15 207 8031
15 210 7665
15 211 4537
15 216 369
15 217 341
16 26 9557
16 33 2937
16 34 4976
16 37 167
16 41 7967
16 44 8127
16 47 3625
16 51 2737
16 54 3770
16 59 2463
16 60 5225
16 61 6864
16 65 2072
16 71 3439
16 76 142
16 78 9895
16 83 5063
16 88 2884
16 91 1414
16 100 5353
16 101 3821
16 102 9443
16 106 5310
16 114 4404
16 117 4243
16 119 5828
16 125 3331
16 131 6005
16 139 8392
16 141 5692
16 142 5962
16 143 736
16 146 5262
16 148 5259
16 152 1587
16 155 5922
16 162 1443
16 167 3160
16 170 7620
16 171 642
16 172 1518
16 176 8796
16 180 6728
16 181 7143
16 182 1747
16 186 2293
16 187 617
16 196 2357
16 201 2948
16 202 8835
16 204 7712
16 213 7124
16 215 2156
16 216 5831
17 18 7584
17 22 935
17 25 1495
17 31 2523
17 32 9502
17 33 1470
17 51 8159
17 61 3153
17 62 8450
17 66 1746
17 70 512
17 75 9304
17 76 4214
17 79 3665
17 84 2759
17 88 6223
17 94 2780
17 95 6525
17 99 8483
17 102 6136
17 105 4312
17 107 5746
17 108 5124
17 109 6854
17 112 8460
17 116 4508
17 119 3471
17 122 6200
17 123 7409
17 124 9610
17 126 626
17 129 1778
17 130 8917
17 132 3790
17 133 5218
17 134 3698
17 136 3435
17 141 6117
17 144 2420
17 150 7458
17 151 9352
17 154 5309
17 156 5314
17 158 3696
17 161 297
17 166 5345
17 168 896
17 179 6871
17 182 5787
17 183 4758
17 185 2349
17 187 9758
17 190 1429
17 197 8753
17 199 2015
17 201 9923
17 205 4719
17 210 7612
17 211 8070
17 212 5302
18 30 4253
18 33 7925
18 42 1285
18 44 6867
18 49 3008
18 54 9407
18 55 2052
18 58 9451
18 62 208
18 64 5626
18 67 6840
18 68 8308
18 70 5541
18 77 5000
18 84 201
18 90 5154
18 94 2375
18 96 8558
18 99 3222
18 103 9425
18 106 7250
18 111 9652
18 114 2745
18 118 7116
18 119 8073
18 123 7195
18 129 9563
18 130 5597
18 131 6584
18 137 6295
18 141 3311
18 148 4364
18 150 6239
18 157 6599
18 158 5115
18 163 414
18 171 4214
18 177 4646
18 182 1684
18 192 768
18 193 9625
18 196 3515
18 200 8246
18 202 9906
18 204 653
18 205 8085
18 209 7460
18 210 8304
18 211 6931
18 214 1671
19 23 5341
19 33 8154
19 42 1697
19 43 4874
19 44 3687
19 52 9679
19 53 6797
19 59 2199
19 65 426
19 66 3265
19 68 161
19 69 4823
19 75 6969
19 79 1415
19 80 2892
19 82 2708
19 87 5215
19 93 8957
19 94 2963
19 95 2611
19 100 7986
19 103 5985
19 105 5396
19 106 63
19 112 6239
19 113 1580
19 114 7708
19 126 9546
19 129 712
19 137 7734
19 139 1472
19 141 2103
19 144 200
19 147 3793
19 150 7143
19 156 4641
19 159 1809
19 161 8420
19 163 1232
19 176 198
19 178 2632
19 179 3249
19 184 5278
19 186 8687
19 190 7984
19 197 2983
19 198 1147
19 199 3949
19 216 6882
20 22 2061
20 27 4836
20 35 125
20 37 5353
20 46 4448
20 48 3286
20 54 8282
20 56 8825
20 59 1
20 61 2656
20 62 9684
20 65 7007
20 66 3911
20 68 299
20 71 8402
20 73 1698
20 74 8352
20 80 243
20 85 7758
20 89 6239
20 93 8788
20 94 506
20 101 7678
20 104 5206
20 108 4562
20 109 3597
20 110 9940
20 111 6528
20 112 7456
20 114 703
20 115 5133
20 123 6048
20 126 1321
20 129 647
20 142 5027
20 144 3082
20 146 7794
20 147 938
20 149 7175
20 152 7537
20 156 3403
20 160 1790
20 161 2461
20 162 4144
20 165 9804
20 176 9853
20 181 1549
20 183 3982
20 184 104
20 186 7027
20 187 4856
20 190 8744
20 197 8662
20 200 1114
20 208 1156
21 26 8353
21 29 3864
21 36 2311
21 37 6787
21 38 6091
21 42 6788
21 44 6716
21 48 510
21 53 2149
21 54 3398
21 66 4560
21 67 6963
21 69 5846
21 71 961
21 75 2530
21 77 1544
21 79 7608
21 80 7587
21 92 3268
21 97 2260
21 111 9579
21 112 134
21 113 852
21 115 9541
21 117 7023
21 140 1382
21 141 5345
21 143 6820
21 144 494
21 155 7739
21 165 1189
21 171 973
21 176 4304
21 183 2131
21 187 1098
21 188 2858
21 195 5694
21 196 948
21 203 3343
21 205 5025
21 207 4628
21 208 6725
21 215 2491
22 26 3427
22 30 5583
22 31 870
22 34 9945
22 42 6367
22 44 7552
22 49 293
22 50 2549
22 52 4033
22 56 1027
22 60 4668
22 62 6369
22 63 4633
22 65 4733
22 67 2630
22 68 8702
22 75 4712
22 77 3216
22 82 7199
22 86 3206
22 90 7507
22 93 9842
22 99 1374
22 100 3064
22 105 5731
22 107 5098
22 108 2464
22 112 519
22 115 6885
22 120 9683
22 125 4214
22 126 7392
22 131 2822
22 132 443
22 134 1453
22 142 7303
22 146 7107
22 151 6301
22 152 2937
22 155 364
22 161 3700
22 164 7715
22 167 2581
22 179 2078
22 182 3743
22 187 7409
22 189 4777
22 196 5454
22 199 2382
22 201 5551
22 206 1943
22 207 6825
22 208 1025
22 209 485
22 214 8649
22 217 8771
23 39 6741
23 41 2684
23 45 5400
23 52 3301
23 59 8525
23 61 8050
23 67 4764
23 75 3693
23 76 1815
23 77 2339
23 80 9873
23 88 6954
23 96 9396
23 98 2384
23 102 1145
23 112 3332
23 115 7565
23 116 7155
23 117 4390
23 118 4241
23 119 4446
23 123 8980
23 129 5000
23 131 8116
23 136 4456
23 140 6667
23 147 6859
23 164 2372
23 166 2070
23 168 4149
23 171 8941
23 187 45
23 189 5203
23 190 7480
23 193 5465
23 206 2421
23 207 3335
23 211 3407
23 212 4476
24 25 3866
24 29 4031
24 31 8931
24 36 3395
24 41 7470
24 50 914
24 54 6040
24 58 3486
24 60 2463
24 64 8820
24 66 1021
24 68 7597
24 71 9016
24 72 6165
24 77 6730
24 80 4143
24 81 9249
24 89 273
24 90 3102
24 91 9427
24 92 7731
24 94 7984
24 96 7575
24 98 4465
24 100 7173
24 102 1399
24 106 9927
24 116 7167
24 117 4444
24 118 8580
24 119 319
24 129 3852
24 131 8511
24 141 5211
24 147 4211
24 154 3245
24 156 1683
24 157 922
24 161 8640
24 163 4299
24 169 7574
24 173 4234
24 174 7251
24 177 9925
24 189 3863
24 193 1978
24 198 3367
24 206 4782
25 28 4169
25 29 1577
25 32 5941
25 38 584
25 57 7051
25 65 7455
25 67 7324
25 71 2373
25 76 7411
25 89 6906
25 90 2569
25 91 7360
25 99 4460
25 113 4427
25 116 558
25 120 7639
25 121 2915
25 144 5882
25 145 4027
25 151 4256
25 152 9786
25 156 5939
25 166 6925
25 171 5724
25 172 9803
25 179 8170
25 180 7107
25 182 51
25 183 1186
25 187 6366
25 192 8416
25 206 9052
25 208 1206
25 209 1215
25 214 6299
25 216 9112
26 32 9989
26 41 2620
26 43 3935
26 49 6750
26 57 3678
26 61 5466
26 62 1988
26 63 4338
26 66 4137
26 71 6804
26 75 6126
26 77 4446
26 83 6087
26 86 3378
26 88 6921
26 89 3661
26 96 2381
26 98 2130
26 101 9294
26 103 7892
26 112 7991
26 114 7878
26 121 9117
26 125 5455
26 128 8644
26 137 6704
26 140 142
26 142 3131
26 146 1226
26 147 4283
26 148 3180
26 149 8638
26 151 1146
26 152 5146
26 156 4321
26 165 9572
26 169 6460
26 172 1492
26 176 5616
26 183 175
26 187 6308
26 188 4624
26 189 6701
26 196 7653
26 204 407
26 206 3079
26 207 9149
26 210 3223
26 211 834
26 217 6998
27 38 7664
27 40 334
27 41 3697
27 52 6801
27 61 4518
27 65 3731
27 68 6005
27 70 3504
27 71 6960
27 80 7370
27 83 5445
27 92 325
27 98 2856
27 103 9862
27 105 9812
27 107 2524
27 116 9948
27 119 1398
27 124 6982
27 125 3300
27 132 5357
27 133 4057
27 135 6322
27 140 186
27 142 7161
27 149 7726
27 150 583
27 152 9818
27 158 3497
27 160 9345
27 166 6945
27 170 7405
27 173 7197
27 174 1055
27 180 5662
27 181 3454
27 183 9575
27 189 8245
27 191 8529
27 194 8324
27 196 5388
27 197 9320
27 199 5823
27 202 7590
27 204 6568
27 208 2847
27 210 2179
27 211 8971
27 212 6753
27 215 2863
28 32 774
28 35 1003
28 39 9366
28 45 9893
28 53 7639
28 55 7123
28 61 8095
28 64 7722
28 68 2156
28 69 963
28 75 8267
28 76 6637
28 78 2619
28 83 5111
28 88 880
28 90 7420
28 92 344
28 99 883
28 100 5456
28 110 7775
28 111 6390
28 114 7436
28 117 1567
28 131 4209
28 134 6851
28 141 8162
28 145 655
28 146 5878
28 147 4177
28 154 5137
28 163 2231
28 167 8969
28 178 9691
28 179 1989
28 180 3836
28 181 1838
28 184 3897
28 186 4004
28 189 712
28 190 4210
28 191 8369
28 195 9749
28 204 7634
28 205 2967
28 209 9879
28 217 7125
29 30 2793
29 34 2292
29 35 1318
29 36 4203
29 38 6349
29 40 3877
29 47 6251
29 50 2763
29 53 4912
29 60 9738
29 64 4163
29 75 768
29 83 3792
29 86 6655
29 88 5071
29 99 5297
29 102 8735
29 107 7305
29 108 7341
29 122 3091
29 123 1296
29 124 9742
29 129 9203
29 130 5314
29 134 1719
29 141 9783
29 142 8120
29 148 7988
29 160 4597
29 162 9244
29 167 1596
29 168 9404
29 169 5343
29 177 3499
29 181 528
29 183 1567
29 185 4020
29 188 9439
29 195 5220
29 200 7094
29 205 6449
29 213 8034
29 216 4826
29 217 6033
30 32 1637
30 35 7565
30 39 7020
30 40 1272
30 43 9779
30 47 480
30 48 6629
30 49 7535
30 50 9585
30 56 875
30 58 6880
30 60 5484
30 61 9383
30 66 1868
30 68 526
30 72 1510
30 80 5542
30 90 1645
30 91 6218
30 96 3044
30 107 2862
30 111 7457
30 118 7279
30 120 7224
30 123 5764
30 125 9123
30 130 9776
30 149 4850
30 154 1441
30 155 9828
30 157 7387
30 158 6781
30 159 5227
30 161 2380
30 162 6383
30 166 3940
30 167 1024
30 169 9968
30 171 3587
30 173 4562
30 182 4321
30 184 6607
30 190 4624
30 195 557
30 196 5569
30 200 2523
30 211 7385
30 213 7530
30 214 1150
30 216 1968
31 40 1751
31 41 4236
31 44 1254
31 45 4283
31 47 1848
31 51 5874
31 52 7661
31 55 6151
31 60 8244
31 63 6934
31 69 299
31 70 2378
31 72 9567
31 73 5802
31 76 3313
31 86 252
31 92 4949
31 95 7258
31 98 6900
31 100 9547
31 104 7845
31 106 1948
31 110 6004
31 112 5164
31 117 3526
31 118 7177
31 119 8309
31 121 4380
31 129 6017
31 133 7638
31 145 7495
31 148 3123
31 150 9152
31 152 2752
31 154 2284
31 156 6974
31 157 1094
31 159 3722
31 162 2487
31 164 3159
31 168 9035
31 178 3629
31 180 7379
31 181 6239
31 183 2619
31 185 9999
31 190 6390
31 206 5974
31 208 1701
31 210 8763
31 211 104
31 213 901
31 217 4611
32 34 3299
32 39 2567
32 40 7448
32 41 8173
32 43 4059
32 44 1908
32 47 9297
32 52 1259
32 53 6027
32 57 8286
32 65 2579
32 67 446
32 68 228
32 69 4235
32 71 1567
32 74 8346
32 75 5204
32 78 2095
32 81 6689
32 83 3600
32 84 4196
32 96 4958
32 97 7198
32 101 9684
32 110 7268
32 113 8393
32 114 4565
32 117 4616
32 121 6194
32 134 4044
32 143 4969
32 155 3532
32 156 8033
32 159 1541
32 166 2224
32 168 269
32 172 6907
32 181 4722
32 190 169
32 194 4574
32 195 1021
32 196 8696
32 206 2177
32 208 217
32 209 4320
32 216 9673
32 217 4452
33 35 1173
33 37 5926
33 38 439
33 40 9785
33 41 9170
33 47 4720
33 59 9958
33 64 7802
33 70 9850
33 79 4609
33 84 9099
33 86 8276
33 87 1681
33 88 8166
33 96 7950
33 99 9598
33 106 2632
33 107 7902
33 112 4650
33 118 855
33 119 1109
33 126 2080
33 128 4768
33 135 3568
33 139 2407
33 141 4434
33 144 778
33 145 3293
33 155 4487
33 158 7871
33 163 9086
33 168 4746
33 169 4881
33 170 6388
33 174 7424
33 175 1844
33 177 9363
33 181 8237
33 182 1781
33 184 4929
33 186 4474
33 192 6001
33 194 5521
33 199 8252
33 205 9590
33 215 3320
34 37 9427
34 41 3658
34 42 730
34 43 5294
34 47 6612
34 49 2489
34 53 8185
34 57 6495
34 59 6071
34 61 1614
34 71 2456
34 73 5109
34 77 9346
34 78 7205
34 91 1529
34 92 4327
34 94 1404
34 104 5292
34 105 7407
34 110 6784
34 112 1095
34 113 6914
34 114 6954
34 116 8928
34 119 5620
34 123 5181
34 124 8721
34 134 6390
34 137 2160
34 138 2341
34 140 535
34 141 6093
34 160 5732
34 163 566
34 164 8882
34 167 5607
34 169 8079
34 172 2018
34 174 5432
34 176 5965
34 179 1797
34 187 967
34 188 2052
34 189 8500
34 190 342
34 196 9161
34 205 4454
34 212 6367
34 214 3774
34 216 4196
35 39 3741
35 48 6993
35 49 4731
35 52 3877
35 54 5167
35 55 6099
35 63 8778
35 65 3590
35 69 439
35 73 1781
35 76 6591
35 78 6297
35 79 8557
35 91 616
35 93 636
35 106 4532
35 107 5074
35 109 4788
35 110 9170
35 119 5111
35 121 8800
35 122 1654
35 127 5631
35 136 3557
35 152 3114
35 156 5651
35 157 2201
35 158 9987
35 161 370
35 163 9119
35 168 7211
35 169 89
35 186 2509
35 187 8654
35 195 4416
35 198 5637
35 199 9659
35 200 8805
35 202 3862
35 210 3433
35 213 482
36 39 679
36 46 5400
36 52 7617
36 55 2360
36 59 472
36 62 3126
36 64 9749
36 66 2776
36 67 2275
36 71 4514
36 83 7899
36 84 7072
36 104 7055
36 105 7475
36 109 8613
36 113 5039
36 117 4885
36 123 1393
36 130 329
36 137 9742
36 138 2976
36 139 6927
36 140 2244
36 141 7544
36 148 7338
36 150 489
36 152 8547
36 154 6688
36 156 8835
36 162 7108
36 163 6352
36 164 9699
36 165 2218
36 166 3726
36 169 48
36 170 858
36 172 5713
36 186 7949
36 189 8479
36 193 750
36 214 6237
37 38 7798
37 39 1521
37 43 3202
37 44 9794
37 48 261
37 53 9656
37 54 9851
37 55 6136
37 57 4408
37 58 2740
37 67 6574
37 69 3653
37 72 3962
37 77 905
37 78 5822
37 80 4139
37 85 1876
37 101 4310
37 107 7346
37 108 488
37 111 5550
37 119 3196
37 130 5413
37 132 827
37 135 8084
37 139 8708
37 150 4388
37 153 1190
37 154 2681
37 157 1963
37 159 3098
37 161 8043
37 167 1781
37 169 8799
37 174 5299
37 175 2611
37 177 451
37 181 5740
37 188 8980
37 190 9984
37 191 5729
37 192 1595
37 197 5515
37 199 7127
37 200 4216
37 202 6739
37 205 9264
37 214 4501
38 40 5973
38 43 5558
38 44 8893
38 47 1245
38 50 3936
38 54 6261
38 56 4748
38 58 8089
38 59 7144
38 60 6753
38 62 381
38 67 8665
38 71 3236
38 72 1736
38 73 7513
38 74 644
38 81 7952
38 85 3747
38 86 8285
38 88 4351
38 97 4894
38 104 2801
38 109 8691
38 120 3241
38 123 1500
38 128 1001
38 129 7488
38 134 505
38 137 8975
38 138 3656
38 139 3550
38 152 6640
38 158 5568
38 159 9616
38 166 4546
38 173 1541
38 181 7550
38 185 6373
38 186 9663
38 187 3719
38 193 382
38 195 4749
38 201 5453
38 202 333
38 204 5064
38 210 83
38 211 9166
38 217 9528
39 42 3837
39 43 3937
39 45 6248
39 48 3746
39 51 1367
39 52 412
39 57 176
39 61 7232
39 63 9463
39 68 1594
39 71 7245
39 72 9780
39 82 2733
39 84 5081
39 87 8923
39 89 3443
39 91 7209
39 94 2923
39 97 3579
39 98 7455
39 100 7515
39 102 5031
39 103 5105
39 108 9061
39 110 6453
39 111 5391
39 121 568
39 134 2120
39 135 9883
39 137 927
39 143 3071
39 146 636
39 151 9798
39 152 766
39 160 4447
39 170 10
39 179 2785
39 182 2710
39 184 756
39 186 5454
39 189 7583
39 201 8444
39 203 5623
39 205 5993
39 207 6753
39 208 9335
39 210 765
39 213 4041
39 214 6544
40 51 5932
40 54 7920
40 58 4516
40 59 7606
40 66 5467
40 67 653
40 68 4487
40 77 1947
40 85 6191
40 91 7835
40 92 2800
40 101 5801
40 102 3932
40 106 3889
40 111 5400
40 119 9933
40 120 5366
40 121 4243
40 123 7659
40 125 8108
40 134 3907
40 135 8124
40 136 8937
40 138 8575
40 140 7143
40 156 6614
40 158 7136
40 159 1955
40 162 9370
40 163 8100
40 166 3108
40 175 1493
40 177 4567
40 178 6515
40 183 6881
40 189 1525
40 195 3314
40 198 2877
40 200 6976
40 203 3019
40 208 3853
40 211 6519
41 44 2933
41 50 1907
41 51 3419
41 52 5442
41 53 1849
41 54 297
41 59 1318
41 65 6280
41 69 7540
41 70 9671
41 77 8531
41 80 8568
41 81 9062
41 85 8056
41 89 4536
41 90 6440
41 95 3625
41 97 7834
41 99 394
41 103 1039
41 104 4472
41 109 2101
41 110 5051
41 117 9810
41 120 1928
41 123 9917
41 134 6214
41 136 9883
41 138 1992
41 139 8743
41 141 3408
41 147 7126
41 149 5787
41 157 5355
41 168 4196
41 169 7403
41 173 1222
41 178 9881
41 182 3912
41 184 6002
41 188 4016
41 204 2495
41 205 1071
41 212 6231
41 217 4540
42 44 1428
42 55 2272
42 56 1560
42 61 2278
42 62 1785
42 66 2068
42 67 9181
42 71 6289
42 73 8419
42 76 2335
42 79 4618
42 80 7911
42 83 2878
42 85 9208
42 95 9135
42 106 5494
42 111 1813
42 113 5432
42 114 5097
42 120 535
42 125 5209
42 134 6667
42 136 2380
42 139 3536
42 146 5525
42 148 7263
42 160 8972
42 161 2053
42 166 8181
42 167 6079
42 169 6794
42 170 3591
42 171 7900
42 172 1376
42 182 6341
42 185 4239
42 189 7993
42 191 3320
42 192 7936
42 196 2552
42 210 3328
43 51 7336
43 52 2348
43 59 782
43 62 1467
43 76 1589
43 86 1974
43 104 5477
43 107 8804
43 108 7438
43 118 8155
43 119 6336
43 121 3197
43 122 1368
43 123 4223
43 124 6020
43 133 864
43 135 3206
43 138 2582
43 146 3654
43 148 389
43 152 9287
43 154 7032
43 155 7530
43 159 788
43 160 2000
43 163 711
43 165 1315
43 172 2583
43 176 2316
43 185 3373
43 187 6452
43 188 4836
43 189 3833
43 192 9030
43 196 2770
43 200 4732
43 212 1066
43 216 4927
44 46 2212
44 50 5533
44 56 7073
44 59 5001
44 63 1729
44 66 2035
44 68 4026
44 70 5697
44 71 5470
44 72 3738
44 77 316
44 83 5876
44 95 1394
44 98 5434
44 99 6562
44 101 66
44 103 5642
44 104 8493
44 105 1531
44 108 681
44 115 6122
44 121 907
44 129 5197
44 130 8988
44 137 6964
44 145 1670
44 155 8688
44 174 9010
44 185 9503
44 188 9815
44 189 651
44 196 5350
44 203 6161
44 207 8355
44 208 4889
44 210 2488
44 213 2601
44 215 8100
45 55 7083
45 61 6896
45 64 9224
45 66 6479
45 71 9664
45 77 1269
45 78 5515
45 80 6020
45 84 538
45 89 1147
45 93 220
45 98 365
45 105 9459
45 109 1403
45 112 6562
45 119 2032
45 122 6733
45 123 324
45 125 4315
45 133 3219
45 134 4148
45 142 9205
45 153 514
45 157 2194
45 160 307
45 161 2421
45 184 3939
45 186 3902
45 189 2018
45 192 4456
45 197 7427
45 200 1176
45 201 2458
45 203 132
45 205 3753
45 211 8747
45 213 1054
45 214 4033
46 57 4077
46 59 6285
46 62 8651
46 63 8339
46 69 8735
46 75 4629
46 76 9133
46 83 7772
46 87 5166
46 89 8408
46 104 5661
46 105 7037
46 106 2622
46 112 7528
46 113 5913
46 122 4669
46 133 96
46 134 1439
46 136 423
46 143 7352
46 146 866
46 150 9894
46 152 9257
46 157 4996
46 168 361
46 169 762
46 171 6748
46 172 2751
46 173 4972
46 180 2007
46 184 3501
46 185 2088
46 187 988
46 192 1922
46 195 9764
46 198 9465
46 201 8177
46 202 5272
46 203 6384
46 206 7299
46 208 9376
46 210 9734
47 59 9490
47 64 1086
47 73 7265
47 74 6500
47 78 950
47 84 7720
47 86 2785
47 93 7983
47 94 5769
47 99 3599
47 101 2050
47 102 2763
47 103 5104
47 104 3120
47 109 8089
47 113 6057
47 114 2017
47 124 1791
47 125 6016
47 133 1665
47 137 9813
47 145 4256
47 151 9823
47 154 537
47 157 9931
47 160 7611
47 161 337
47 170 1721
47 171 1747
47 174 6860
47 176 4711
47 181 8154
47 183 9440
47 184 5838
47 185 742
47 189 9393
47 192 2064
47 193 5850
47 201 5327
47 203 4105
47 206 164
47 212 653
47 217 8718
48 52 9896
48 54 2299
48 61 6851
48 62 7653
48 66 8124
48 67 9192
48 69 2246
48 72 8288
48 77 7500
48 83 7450
48 85 600
48 87 883
48 92 7556
48 101 7717
48 102 1155
48 105 6364
48 108 9012
48 109 3714
48 110 5464
48 111 3349
48 114 7255
48 123 6479
48 126 7754
48 141 296
48 145 2743
48 146 8796
48 149 5461
48 152 2007
48 155 6278
48 158 8006
48 159 8324
48 161 6127
48 173 1258
48 176 1058
48 188 4821
48 190 3509
48 195 1112
48 196 6567
48 199 7223
48 201 538
48 202 9453
48 207 3009
48 208 9561
48 209 4563
48 210 2494
48 212 5337
48 214 7016
48 216 9199
49 50 751
49 56 8419
49 57 3950
49 58 8548
49 61 9443
49 70 3702
49 71 296
49 72 2817
49 74 5853
49 79 5454
49 82 2220
49 89 2627
49 94 5058
49 100 7069
49 103 7523
49 106 7090
49 110 3213
49 112 5564
49 118 1539
49 123 6072
49 124 7970
49 130 3836
49 132 6022
49 134 198
49 135 1604
49 138 6822
49 140 3675
49 148 7532
49 150 360
49 157 4057
49 158 3193
49 166 6856
49 168 3349
49 169 6383
49 173 913
49 174 1295
49 177 2951
49 182 7931
49 185 3403
49 191 3224
49 193 2636
49 194 5372
49 195 2973
49 198 3179
49 201 158
49 202 4833
49 208 554
49 211 6732
49 212 6872
49 213 7455
49 214 7185
50 63 6554
50 70 6081
50 71 8088
50 77 6443
50 78 2230
50 79 8585
50 83 5261
50 84 7834
50 86 4287
50 87 7544
50 93 9235
50 98 6718
50 99 8176
50 102 2964
50 105 3020
50 106 1675
50 113 6289
50 116 9477
50 118 6056
50 121 171
50 125 8473
50 126 769
50 127 2292
50 128 6190
50 129 5696
50 132 8567
50 138 9714
50 144 4787
50 153 2899
50 155 1452
50 159 1632
50 160 2997
50 165 577
50 168 154
50 170 2209
50 172 5777
50 177 485
50 178 2120
50 180 6779
50 183 3232
50 195 1001
50 196 324
50 198 8774
50 200 3510
50 201 5757
50 205 6678
50 208 131
50 214 2961
51 53 8757
51 56 3871
51 61 919
51 62 7218
51 68 5973
51 73 2484
51 78 2395
51 94 6793
51 99 2936
51 107 7234
51 110 8491
51 111 9871
51 113 4501
51 114 6348
51 115 7658
51 121 344
51 130 624
51 131 7236
51 139 7856
51 142 2230
51 146 3155
51 155 9527
51 160 7715
51 163 6682
51 166 7239
51 170 6444
51 173 4440
51 179 3771
51 180 3893
51 187 5765
51 188 7090
51 203 5231
51 204 4197
51 208 7779
52 56 8828
52 59 8536
52 64 8226
52 66 617
52 70 1719
52 71 5161
52 77 756
52 79 1383
52 81 547
52 86 3744
52 92 5484
52 94 4306
52 95 4363
52 97 7541
52 98 7875
52 99 1644
52 104 503
52 107 5958
52 108 595
52 109 6683
52 110 5809
52 122 9329
52 127 1821
52 131 1173
52 142 2680
52 145 3401
52 148 722
52 152 3602
52 160 920
52 167 1382
52 182 6756
52 188 8827
52 193 2965
52 196 505
52 197 3556
52 198 7396
53 56 1676
53 66 3560
53 70 2190
53 75 2762
53 76 736
53 84 9125
53 89 7182
53 92 120
53 94 5433
53 102 5696
53 113 6461
53 115 5493
53 117 9465
53 121 3347
53 125 14
53 129 8626
53 131 5544
53 135 7927
53 139 2394
53 145 7278
53 155 3136
53 156 1067
53 157 2966
53 164 4078
53 165 8605
53 166 4788
53 167 1946
53 168 4690
53 171 5644
53 191 1166
53 194 1641
53 195 9805
53 204 1433
53 205 8608
53 209 5807
53 210 3857
53 214 7942
54 56 8165
54 58 5961
54 59 2180
54 61 6713
54 67 7984
54 91 8477
54 97 3979
54 100 1138
54 104 165
54 107 7027
54 114 776
54 121 7039
54 124 3818
54 135 7435
54 141 8630
54 145 3914
54 146 9177
54 147 6768
54 148 5124
54 153 6333
54 155 1377
54 156 4922
54 158 8109
54 162 7547
54 166 8389
54 167 2102
54 180 5563
54 183 2083
54 189 8595
54 197 8403
54 198 2313
54 203 9678
54 212 6225
55 62 7202
55 63 8122
55 75 8301
55 77 4566
55 82 3752
55 85 572
55 88 2812
55 91 7451
55 99 3825
55 100 8080
55 105 9144
55 113 5461
55 118 9174
55 129 6976
55 133 8510
55 138 9922
55 157 4929
55 158 4937
55 175 3278
55 176 5101
55 186 4238
55 209 8281
55 210 6847
55 213 13
55 214 7667
55 215 5547
55 217 5302
56 57 9008
56 61 9866
56 66 5837
56 70 3110
56 73 5709
56 85 2713
56 88 7922
56 90 2639
56 91 3831
56 112 7258
56 113 5823
56 118 5412
56 119 4157
56 120 7240
56 122 5099
56 127 1802
56 135 1120
56 136 4872
56 138 6939
56 139 3846
56 140 7641
56 144 5326
56 145 8206
56 151 2887
56 154 6543
56 156 4575
56 160 738
56 163 2923
56 166 7300
56 167 2012
56 171 9521
56 179 8019
56 180 5093
56 189 6849
56 193 1080
56 200 417
56 201 829
56 203 8295
56 208 5553
56 212 638
56 213 6375
56 214 6226
57 59 4107
57 64 7114
57 66 7780
57 72 4195
57 73 750
57 76 2509
57 83 7171
57 90 6199
57 91 966
57 95 4777
57 98 1044
57 99 9456
57 101 2364
57 103 1357
57 107 7661
57 109 3954
57 116 4032
57 118 4907
57 123 8950
57 131 1592
57 133 3711
57 134 4565
57 140 614
57 143 7015
57 147 3379
57 148 4
57 150 1765
57 151 1484
57 175 7352
57 183 1097
57 193 6188
57 197 86
57 201 4902
57 207 2674
57 216 4767
58 61 6729
58 62 3399
58 68 7631
58 69 7885
58 72 4205
58 74 43
58 75 8186
58 85 3420
58 86 2538
58 91 7997
58 94 4819
58 96 586
58 104 7696
58 110 590
58 111 5123
58 117 5349
58 118 3886
58 121 5273
58 124 282
58 128 8649
58 134 5830
58 135 9714
58 138 2817
58 140 3781
58 141 6051
58 142 233
58 150 3289
58 152 7734
58 153 6669
58 155 8646
58 156 2518
58 157 8436
58 160 1127
58 162 9620
58 163 5928
58 164 975
58 168 4360
58 178 6466
58 181 1640
58 182 6626
58 183 7916
58 197 4518
58 198 971
58 204 6230
58 205 9909
58 208 7777
58 209 6626
58 210 1804
59 65 6695
59 66 4577
59 71 6246
59 84 2624
59 96 909
59 97 5711
59 98 9555
59 103 3085
59 104 9733
59 110 5154
59 112 326
59 118 6079
59 123 9115
59 130 8217
59 147 624
59 150 7251
59 156 6470
59 157 1654
59 160 3568
59 161 7658
59 164 4983
59 168 7344
59 169 7347
59 170 407
59 178 2999
59 180 5296
59 181 604
59 182 2455
59 185 4548
59 186 6807
59 187 3096
59 191 1297
59 192 3551
59 194 2116
59 195 9263
59 196 3280
59 199 3006
59 202 8726
59 205 5072
59 210 7473
59 212 3473
59 213 7756
59 215 3202
59 217 9686
60 61 6367
60 63 1476
60 73 641
60 75 5947
60 76 807
60 77 9019
60 79 1219
60 84 6244
60 86 2203
60 90 4394
60 91 2852
60 92 6837
60 103 8145
60 115 9458
60 117 1434
60 121 1636
60 124 9809
60 125 9974
60 131 4897
60 136 6430
60 137 5463
60 138 4859
60 139 7285
60 140 4549
60 143 8919
60 151 2492
60 153 1068
60 156 5452
60 161 895
60 165 6824
60 178 2020
60 182 8390
60 206 170
60 207 9977
60 208 7335
60 209 8982
60 212 6426
60 213 7981
60 215 6881
60 217 1777
61 63 1435
61 66 2008
61 67 9275
61 69 1024
61 71 1429
61 73 2639
61 77 4851
61 82 7555
61 85 6224
61 97 4343
61 102 6426
61 110 9106
61 111 4787
61 116 4815
61 117 6622
61 118 4709
61 120 873
61 123 9471
61 124 5596
61 125 3818
61 133 7438
61 139 7592
61 145 198
61 146 9804
61 147 2077
61 150 6953
61 153 1953
61 154 6448
61 156 4573
61 158 802
61 166 3723
61 180 4226
61 181 1290
61 183 5679
61 185 5345
61 190 3951
61 191 8930
61 194 6530
61 202 8659
61 203 7232
61 204 6546
61 206 4976
61 210 8622
61 214 2955
62 65 1967
62 69 4314
62 70 3698
62 71 9325
62 73 5192
62 84 9501
62 85 2904
62 92 7074
62 93 1275
62 99 814
62 110 3845
62 114 2822
62 115 9623
62 116 8048
62 123 2540
62 128 7451
62 131 9427
62 133 3809
62 137 7845
62 141 5966
62 144 5223
62 145 1803
62 146 9950
62 153 4534
62 155 8307
62 157 3615
62 158 5737
62 162 9287
62 165 909
62 176 1719
62 179 1203
62 180 2079
62 187 33
62 189 4409
62 192 6327
62 194 424
62 195 5804
62 198 9381
62 200 1955
62 203 5316
62 204 7612
62 206 7536
62 207 5331
62 217 4464
63 71 560
63 73 4535
63 74 1044
63 75 6480
63 80 5365
63 84 1121
63 92 4306
63 103 1748
63 105 9131
63 106 5131
63 116 4027
63 123 5883
63 130 8980
63 134 4697
63 136 6099
63 138 2032
63 139 9526
63 140 5562
63 147 3306
63 151 4008
63 155 8339
63 156 5179
63 159 1722
63 165 844
63 169 2329
63 170 6956
63 175 4350
63 178 3970
63 186 9501
63 190 6461
63 195 753
63 196 9004
63 202 5599
63 208 6933
63 215 8267
63 217 9988
64 65 3594
64 66 1538
64 69 1493
64 74 18
64 80 3586
64 81 2132
64 82 1745
64 83 7881
64 84 8309
64 86 3919
64 89 4831
64 92 7994
64 93 249
64 98 6941
64 104 2582
64 114 9076
64 124 2782
64 125 8022
64 127 171
64 141 6261
64 143 391
64 146 2091
64 147 1058
64 151 2456
64 152 7041
64 154 7803
64 156 1915
64 164 5803
64 165 4705
64 166 2758
64 168 1619
64 189 2020
64 190 2971
64 191 3907
64 193 5563
64 194 848
64 198 2848
65 67 9038
65 69 7299
65 71 4464
65 78 6245
65 81 2690
65 87 1645
65 88 3508
65 97 9622
65 98 7078
65 102 1581
65 104 774
65 107 5837
65 109 6408
65 110 9053
65 113 721
65 115 2900
65 118 9376
65 121 1751
65 123 7041
65 132 5969
65 133 8523
65 141 3662
65 147 6549
65 151 3656
65 152 7918
65 156 3606
65 159 8016
65 160 3603
65 165 2776
65 171 3493
65 176 8984
65 183 1681
65 186 6064
65 194 3106
65 196 5790
65 202 7884
65 205 3113
65 212 8374
65 216 3436
66 74 2727
66 75 8598
66 78 5996
66 87 5399
66 88 4380
66 91 9181
66 95 4173
66 96 1011
66 97 8117
66 101 3050
66 106 8155
66 108 9752
66 109 6487
66 110 4158
66 113 3267
66 117 4586
66 120 9615
66 125 1044
66 131 1044
66 139 5770
66 141 8523
66 142 4438
66 145 7149
66 155 1174
66 170 3124
66 174 4056
66 176 7863
66 178 3384
66 182 5337
66 183 1334
66 184 1589
66 193 7450
66 197 2414
66 215 3630
67 69 875
67 74 3576
67 75 3446
67 77 809
67 78 6016
67 80 7888
67 81 626
67 94 9932
67 107 1155
67 110 7777
67 119 7918
67 120 325
67 122 9632
67 124 6999
67 125 4356
67 135 8181
67 137 1060
67 138 3677
67 139 3957
67 148 4775
67 152 3394
67 156 1870
67 161 753
67 164 5224
67 168 5546
67 169 7576
67 176 6169
67 178 1247
67 179 2913
67 181 6487
67 186 9682
67 192 7772
67 196 6494
67 197 7851
67 199 7298
67 201 6850
67 206 5505
67 207 3332
67 209 2695
67 213 5307
67 216 251
67 217 2937
68 75 8476
68 80 752
68 89 8018
68 90 3052
68 91 2825
68 92 2393
68 96 3365
68 99 9482
68 101 3987
68 111 3422
68 113 7916
68 118 4529
68 119 4451
68 120 3847
68 122 8377
68 125 6458
68 128 3813
68 129 9837
68 131 3936
68 136 9543
68 139 438
68 146 2498
68 149 3052
68 152 6148
68 154 2023
68 158 3380
68 174 7848
68 175 7571
68 178 5324
68 179 2382
68 180 759
68 186 3287
68 189 5076
68 191 3044
68 193 1858
68 199 8662
68 202 1702
68 206 897
68 208 2651
69 74 8409
69 78 6604
69 79 1577
69 94 1765
69 105 4309
69 112 3038
69 113 1671
69 115 9707
69 117 1781
69 119 1054
69 124 4354
69 125 8507
69 131 1682
69 134 6724
69 135 1152
69 145 9927
69 146 1540
69 157 2245
69 160 2333
69 162 5759
69 166 6638
69 180 563
69 186 5130
69 187 5310
69 194 3330
69 198 5511
69 203 2131
69 210 4454
69 212 1418
69 213 4167
69 217 7337
70 81 8001
70 82 2662
70 83 409
70 85 9602
70 86 891
70 88 4159
70 106 4855
70 108 2567
70 113 5277
70 114 2508
70 116 6758
70 117 8180
70 119 8991
70 123 9294
70 124 1839
70 128 9796
70 129 7913
70 133 5053
70 139 4578
70 141 5705
70 142 6748
70 155 7851
70 161 5480
70 163 6527
70 164 365
70 165 1445
70 167 426
70 168 8930
70 169 9469
70 170 2259
70 171 341
70 178 8899
70 181 570
70 186 275
70 187 9266
70 188 7138
70 192 4044
70 204 6395
70 210 8783
70 213 5135
70 217 6430
71 74 8739
71 75 1585
71 77 3696
71 79 780
71 87 1820
71 88 3523
71 90 7130
71 94 2220
71 96 2280
71 98 4945
71 100 7782
71 101 5649
71 105 648
71 111 6095
71 114 2213
71 116 4149
71 117 5082
71 124 4189
71 125 7810
71 129 1503
71 137 4676
71 140 2077
71 141 7721
71 143 5767
71 145 8860
71 146 6890
71 150 8473
71 151 5450
71 155 362
71 170 845
71 174 3130
71 177 1235
71 179 8563
71 185 6797
71 190 9002
71 194 2018
71 195 9289
71 204 1449
71 205 5261
71 207 9784
71 215 3462
72 77 1758
72 83 1562
72 90 2165
72 106 1193
72 114 4683
72 122 6288
72 123 9567
72 125 6011
72 135 6881
72 136 8551
72 138 3262
72 142 7084
72 143 3765
72 147 8002
72 148 3357
72 151 3892
72 154 580
72 160 9061
72 166 9307
72 172 3606
72 173 4492
72 174 1508
72 175 7618
72 179 6973
72 180 2129
72 183 2114
72 185 1976
72 187 3137
72 189 4760
72 191 9776
72 193 6369
72 216 8459
73 74 4405
73 76 493
73 80 5250
73 84 2885
73 90 106
73 102 6582
73 103 8280
73 105 5884
73 108 9736
73 115 7809
73 120 7177
73 122 5766
73 124 6722
73 130 1405
73 140 6731
73 144 4039
73 147 1234
73 149 3789
73 152 5128
73 153 4713
73 156 4979
73 157 4370
73 165 764
73 171 4806
73 175 358
73 177 3592
73 182 1264
73 184 5251
73 187 7769
73 188 1672
73 193 7380
73 195 470
73 197 2757
73 198 4181
73 201 261
73 207 8766
73 211 8931
73 214 2199
73 215 9294
74 76 2954
74 77 3406
74 80 8694
74 85 2460
74 91 9299
74 93 2997
74 98 4409
74 99 9863
74 100 9883
74 105 4020
74 106 956
74 109 1656
74 114 8375
74 132 601
74 133 8299
74 140 9194
74 143 8584
74 150 7153
74 151 3062
74 153 8577
74 154 407
74 158 5258
74 159 4288
74 162 6363
74 163 1321
74 168 441
74 169 7334
74 174 8499
74 178 4264
74 187 1039
74 191 6348
74 193 6118
74 201 959
74 203 1999
74 205 2372
74 207 1720
74 210 6578
75 78 8533
75 83 8087
75 84 1166
75 87 3680
75 89 5535
75 92 9422
75 93 3276
75 100 9299
75 110 5714
75 113 2567
75 119 985
75 122 6127
75 123 9740
75 125 8654
75 126 8693
75 132 3551
75 133 2623
75 134 1870
75 136 4655
75 139 9170
75 142 358
75 143 8703
75 144 9423
75 149 8855
75 151 3678
75 155 1766
75 157 3287
75 161 6050
75 162 1830
75 163 4820
75 172 5269
75 173 5883
75 176 1770
75 178 623
75 182 2117
75 184 2895
75 190 3181
75 203 4909
75 207 8024
75 210 5696
75 212 2762
75 216 6942
75 217 5419
76 79 1778
76 84 8282
76 87 5827
76 102 8533
76 104 9101
76 113 9769
76 114 9890
76 120 6426
76 121 4065
76 124 4302
76 126 6255
76 127 5582
76 131 8907
76 133 3741
76 134 123
76 135 7755
76 140 6257
76 142 805
76 144 7470
76 147 3061
76 149 9068
76 150 8117
76 154 3485
76 159 1010
76 163 4347
76 168 5255
76 174 8374
76 176 6697
76 179 6238
76 180 1258
76 192 6487
76 195 6494
76 200 1429
76 203 6593
76 205 8450
76 206 3245
76 209 7302
76 210 7661
76 213 582
77 79 1657
77 80 6101
77 84 4906
77 85 9077
77 90 7447
77 94 5105
77 98 7742
77 107 5074
77 108 3479
77 120 4440
77 127 9645
77 130 3412
77 133 5951
77 137 5990
77 142 9563
77 143 1333
77 147 9490
77 151 5919
77 155 8325
77 158 7083
77 165 7498
77 170 7132
77 171 4597
77 173 7547
77 174 1484
77 180 3855
77 183 4118
77 191 6397
77 192 2870
77 196 2514
77 197 421
77 198 7870
77 202 2896
77 205 8411
77 209 9884
77 216 1836
77 217 8238
78 81 1284
78 84 4774
78 85 7522
78 92 2947
78 94 2111
78 103 6627
78 109 2722
78 110 6900
78 112 4254
78 120 9587
78 123 858
78 129 306
78 130 4874
78 134 9421
78 144 8486
78 149 1332
78 152 9406
78 153 1203
78 154 7522
78 158 4543
78 162 8520
78 163 3483
78 168 9313
78 174 4940
78 175 5622
78 177 1517
78 180 5757
78 188 6955
78 197 3641
78 201 377
78 209 8556
78 210 133
78 217 6167
79 81 1621
79 83 8167
79 85 264
79 89 8578
79 91 1183
79 97 2699
79 98 3270
79 102 1801
79 103 468
79 112 9650
79 116 6953
79 117 2251
79 119 5465
79 120 9886
79 122 506
79 130 4071
79 131 3102
79 132 5227
79 133 5918
79 136 4976
79 137 3917
79 138 19
79 139 1973
79 142 5732
79 147 4007
79 148 3566
79 149 4575
79 150 145
79 151 1049
79 157 8684
79 167 6431
79 170 3235
79 176 6182
79 178 5838
79 179 9845
79 185 9657
79 188 4983
79 190 1491
79 197 1609
79 200 8358
79 203 7895
79 210 5147
79 213 3501
80 85 1827
80 90 3286
80 97 4941
80 98 5842
80 99 5872
80 101 8675
80 102 6272
80 104 1587
80 105 2316
80 109 4662
80 110 8699
80 112 3676
80 113 3597
80 119 2832
80 121 1167
80 125 3610
80 127 5474
80 131 2819
80 146 2086
80 153 7609
80 155 5294
80 158 2765
80 163 2742
80 174 8833
80 178 6585
80 180 9789
80 183 9874
80 184 881
80 187 5106
80 188 4237
80 191 7585
80 192 161
80 197 9829
80 205 5148
80 206 777
80 210 9710
80 214 8842
80 215 1172
80 216 6858
81 101 7762
81 106 1627
81 114 4467
81 115 1109
81 122 5734
81 124 2438
81 128 1765
81 133 3508
81 135 4543
81 148 2360
81 149 5856
81 158 2668
81 161 6118
81 163 9726
81 166 9253
81 168 5608
81 171 6687
81 181 4125
81 182 8709
81 183 708
81 193 6393
81 203 5713
81 204 4686
81 205 8914
81 211 281
81 213 7564
81 215 37
82 85 1962
82 88 4668
82 93 4425
82 94 5971
82 96 2363
82 102 4957
82 108 7391
82 111 6386
82 112 3140
82 124 4251
82 125 8295
82 127 9904
82 128 8253
82 148 6706
82 150 2195
82 153 7377
82 154 2545
82 159 8134
82 160 21
82 162 406
82 168 8358
82 172 8384
82 176 4862
82 177 5608
82 182 1114
82 196 7264
82 198 722
82 199 9007
82 202 9247
82 204 4201
82 213 6512
83 85 7520
83 87 4755
83 91 8308
83 92 3870
83 93 9689
83 111 8460
83 112 7736
83 113 7078
83 120 6583
83 123 8614
83 128 2311
83 140 7401
83 151 6246
83 152 9504
83 159 4029
83 164 667
83 166 3518
83 168 3524
83 169 3528
83 174 6684
83 177 4181
83 180 2368
83 186 9904
83 196 3955
83 198 6548
83 199 3993
83 206 4368
83 207 6409
83 209 2221
83 213 4572
84 86 9937
84 89 7684
84 92 8638
84 101 5065
84 103 378
84 104 1601
84 105 2174
84 108 1678
84 113 838
84 116 4619
84 117 3109
84 119 2507
84 120 171
84 124 4307
84 126 101
84 131 4564
84 133 9582
84 137 6710
84 138 8390
84 140 6640
84 147 7303
84 151 2204
84 156 7849
84 157 2292
84 159 2152
84 162 8872
84 170 9585
84 173 9671
84 176 741
84 177 1433
84 178 443
84 183 1889
84 187 7050
84 189 1793
84 192 8213
84 193 5612
84 195 259
84 196 337
84 198 4483
84 199 2531
84 207 8316
84 212 599
84 216 3584
85 86 1002
85 89 5829
85 90 3394
85 91 7547
85 94 8808
85 95 8428
85 102 1026
85 105 9205
85 108 5995
85 110 7823
85 112 6831
85 118 5781
85 121 9199
85 122 5741
85 126 4971
85 131 142
85 134 8928
85 140 3102
85 147 133
85 150 1515
85 151 1425
85 155 1852
85 157 8864
85 161 6127
85 163 3302
85 166 2346
85 174 9132
85 177 3300
85 183 8501
85 186 5170
85 187 4549
85 189 5787
85 190 7654
85 198 6006
85 202 7373
85 206 6942
85 209 3102
85 211 4423
85 215 5957
85 217 8645
86 89 6185
86 103 3769
86 105 8788
86 108 336
86 113 5273
86 115 7476
86 122 1152
86 123 404
86 126 8180
86 127 4862
86 130 9181
86 133 5653
86 135 3231
86 136 4307
86 139 4944
86 141 8819
86 144 5513
86 153 9120
86 154 5380
86 155 3720
86 158 9976
86 162 7892
86 163 5448
86 167 4304
86 169 8824
86 187 5717
86 193 5035
86 196 3859
86 199 2920
86 202 1564
86 207 6251
86 209 962
86 215 1347
86 217 9821
87 105 1969
87 110 9798
87 113 9590
87 114 7445
87 116 4032
87 118 8890
87 124 2314
87 130 6229
87 133 8051
87 138 1937
87 139 715
87 141 4515
87 142 4469
87 143 7220
87 145 6244
87 147 3256
87 148 8259
87 157 2537
87 161 2554
87 169 3161
87 172 2194
87 174 3804
87 176 9062
87 179 2091
87 180 3970
87 202 3025
87 203 2919
87 204 7135
87 208 9017
87 209 3688
87 211 2599
87 216 662
88 93 5189
88 94 2870
88 95 557
88 106 3528
88 109 2642
88 110 7908
88 113 6234
88 119 2559
88 126 9286
88 127 3886
88 128 5039
88 129 3473
88 133 1537
88 139 1355
88 140 385
88 141 4918
88 143 9234
88 145 4952
88 159 4326
88 164 7813
88 166 6273
88 171 206
88 172 1321
88 174 8348
88 178 9829
88 180 5814
88 190 4743
88 191 7095
88 199 7423
88 201 7535
88 202 5192
88 203 1409
88 204 8143
88 205 9444
88 206 1326
88 209 3812
88 215 6755
89 91 9587
89 97 1100
89 100 6339
89 108 8413
89 109 9506
89 113 3562
89 114 4684
89 119 6609
89 127 9755
89 129 3013
89 131 7836
89 132 9620
89 137 6279
89 142 3781
89 144 9312
89 147 9401
89 150 5736
89 158 2524
89 160 3427
89 161 7741
89 162 2339
89 164 135
89 175 2799
89 178 9592
89 187 7677
89 191 6866
89 198 7112
89 204 2410
89 209 7785
89 211 3520
89 212 77
89 214 8490
89 216 1649
90 96 7068
90 105 8076
90 106 6207
90 111 8924
90 115 2807
90 116 2554
90 120 8026
90 121 7849
90 128 3155
90 137 8157
90 140 728
90 153 4787
90 157 8246
90 161 4516
90 183 9037
90 190 2717
90 191 4564
90 208 1584
91 92 3875
91 95 5574
91 96 5363
91 102 7599
91 107 76
91 110 3582
91 112 7062
91 114 3144
91 115 7444
91 130 1695
91 135 3467
91 136 7156
91 139 6932
91 140 1676
91 145 179
91 147 9932
91 153 5573
91 157 8359
91 172 2082
91 177 7920
91 179 6884
91 182 5410
91 183 1571
91 184 7551
91 201 345
91 202 2024
91 205 3125
91 209 3388
91 212 7375
91 216 8131
92 93 3626
92 95 9876
92 98 9144
92 104 3650
92 105 3705
92 107 95
92 108 5877
92 110 8193
92 115 3584
92 127 1303
92 128 1165
92 130 9001
92 141 7245
92 143 3721
92 144 6479
92 145 1008
92 149 3293
92 152 5528
92 157 1761
92 165 493
92 169 9616
92 170 4383
92 172 3280
92 176 7580
92 178 5061
92 184 4617
92 189 1062
92 198 6648
92 200 5130
92 204 3664
92 205 4716
92 206 4794
92 207 7635
92 213 5924
92 216 2073
93 107 4769
93 108 6892
93 111 1095
93 117 2965
93 118 6063
93 124 8771
93 127 8692
93 129 4004
93 130 2382
93 132 9378
93 135 9278
93 144 1960
93 151 8896
93 152 5636
93 153 1666
93 162 8915
93 164 4706
93 167 7064
93 168 5188
93 169 6288
93 175 9471
93 179 987
93 183 5247
93 187 3295
93 191 6130
93 195 8079
93 200 3804
93 206 7150
93 213 3288
93 215 9862
93 217 7724
94 96 9779
94 99 8916
94 102 9428
94 103 2738
94 104 5841
94 105 9142
94 113 5899
94 114 4942
94 124 7718
94 128 1896
94 131 630
94 132 5135
94 133 4295
94 137 9891
94 150 5543
94 156 6621
94 157 8350
94 161 3733
94 162 9515
94 167 4117
94 180 4951
94 188 2559
94 195 1395
94 200 5567
94 203 5977
94 207 6623
94 209 4402
94 210 4061
94 215 8205
95 102 5389
95 105 2065
95 106 6159
95 107 2490
95 109 2651
95 112 1291
95 115 9111
95 120 8292
95 126 25
95 130 1623
95 133 9247
95 134 1596
95 135 4415
95 138 1658
95 140 7158
95 144 7716
95 146 8712
95 148 9621
95 152 1505
95 153 1543
95 154 4584
95 155 1358
95 158 5338
95 163 3263
95 168 2332
95 173 979
95 174 186
95 180 2863
95 181 5993
95 186 5248
95 197 7933
95 200 3198
95 209 4189
95 211 1615
95 215 2365
95 216 6733
95 217 2257
96 97 8214
96 99 1724
96 100 782
96 101 9113
96 117 1855
96 125 3751
96 126 6826
96 133 2057
96 134 1826
96 138 4323
96 141 586
96 142 8088
96 154 116
96 155 8876
96 182 7657
96 185 8970
96 187 8079
96 188 2332
96 194 5464
96 203 7288
96 209 5874
96 210 3538
96 211 3742
96 212 5696
97 102 9700
97 103 4125
97 106 9063
97 110 9873
97 114 8639
97 118 7526
97 122 1915
97 126 5464
97 127 3305
97 128 7994
97 132 7700
97 146 6262
97 162 806
97 166 1835
97 168 7097
97 174 2472
97 178 8258
97 187 3448
97 192 1010
97 193 3433
97 210 7546
98 101 5508
98 106 4364
98 117 1956
98 121 5306
98 126 1448
98 127 9151
98 128 3714
98 131 2168
98 134 3109
98 137 5187
98 140 3544
98 141 3183
98 144 1604
98 147 9746
98 150 3845
98 153 4534
98 159 5460
98 165 8739
98 166 6241
98 168 4811
98 171 9995
98 172 2537
98 183 4741
98 185 4271
98 187 5840
98 191 2143
98 193 5703
98 199 2018
98 200 6426
98 208 9509
98 212 3198
98 216 6904
99 108 3588
99 111 9648
99 118 3704
99 119 2038
99 122 1210
99 131 4487
99 132 3996
99 133 6596
99 134 4066
99 145 9665
99 146 2496
99 149 7505
99 153 1473
99 154 2343
99 156 4546
99 159 1435
99 161 4451
99 166 6245
99 170 6214
99 171 9108
99 173 2302
99 185 8533
99 186 1340
99 194 3371
99 195 1418
99 198 1830
99 207 9222
99 209 8949
99 216 3479
100 101 9810
100 103 4482
100 105 4530
100 114 541
100 119 3040
100 126 3712
100 130 5787
100 131 7307
100 132 8809
100 146 9614
100 148 1292
100 149 2185
100 150 2060
100 164 8980
100 166 4742
100 167 1097
100 176 8299
100 182 1670
100 185 5545
100 187 617
100 192 9388
100 193 4039
100 197 1416
100 200 6060
100 201 7614
100 211 7191
100 215 5923
100 216 8522
101 105 526
101 110 1273
101 111 3388
101 116 3146
101 122 9740
101 128 204
101 129 5431
101 135 8422
101 146 5285
101 148 6226
101 155 9195
101 158 2438
101 174 4479
101 183 7632
101 188 6722
101 190 1657
101 191 7783
101 193 7422
101 194 1513
101 201 1792
101 202 2222
101 207 9470
101 210 2400
101 214 9965
102 106 3262
102 107 8112
102 108 7404
102 109 2476
102 113 4981
102 114 2293
102 122 2355
102 128 3122
102 136 6281
102 140 2719
102 142 1215
102 149 8632
102 151 9231
102 152 9133
102 160 4099
102 163 202
102 176 1807
102 178 546
102 182 9351
102 184 8530
102 185 3442
102 192 3186
102 195 5052
102 196 5582
102 200 7638
102 203 8
102 204 1070
102 206 8111
102 208 4832
102 215 757
103 111 6823
103 113 14
103 123 9772
103 127 4125
103 133 5866
103 135 6632
103 138 1534
103 148 1188
103 151 7818
103 156 937
103 158 683
103 165 8630
103 168 5956
103 172 3800
103 175 5490
103 176 5206
103 178 9712
103 181 8498
103 189 7191
103 195 33
103 198 9363
103 201 9736
103 205 5934
103 206 3119
103 207 921
103 217 4741
104 105 7056
104 107 8259
104 108 4537
104 110 8367
104 115 4962
104 118 4508
104 119 7498
104 124 4752
104 126 638
104 133 8313
104 137 8704
104 138 7716
104 147 5790
104 150 5885
104 161 3790
104 163 6654
104 167 5395
104 169 2879
104 173 5513
104 177 3389
104 178 8429
104 180 3245
104 181 5503
104 182 737
104 187 4599
104 190 9027
104 195 8054
104 200 1730
104 202 8272
104 204 896
104 205 3617
104 207 5888
104 212 6277
104 216 9097
104 217 2844
105 108 7303
105 124 3077
105 131 3528
105 133 9336
105 135 6831
105 137 5541
105 141 4455
105 144 2695
105 148 4003
105 154 3746
105 164 1800
105 170 1616
105 171 382
105 172 1344
105 175 8087
105 180 899
105 183 9075
105 198 1306
105 200 7233
105 202 193
105 204 6575
105 208 4568
105 211 3254
105 213 5726
105 214 797
105 215 1054
106 117 2905
106 118 4752
106 119 4758
106 123 7435
106 127 6527
106 129 3316
106 135 162
106 136 2117
106 142 3894
106 143 7507
106 146 9330
106 148 4793
106 150 1783
106 151 4854
106 154 8776
106 159 8207
106 162 7005
106 170 371
106 173 2411
106 175 4524
106 184 7167
106 186 7204
106 189 2324
106 191 9558
106 192 1246
106 194 1069
106 198 9503
106 200 4304
106 202 7741
106 208 8392
106 211 3378
106 214 6213
106 215 5315
107 109 8812
107 119 6818
107 121 3679
107 123 9970
107 124 3312
107 125 3063
107 126 8970
107 127 1673
107 130 3075
107 136 5126
107 145 5305
107 147 3984
107 150 4726
107 151 7180
107 154 1992
107 156 9156
107 158 5619
107 160 8069
107 162 9179
107 163 5249
107 168 7896
107 178 7679
107 187 5866
107 191 5083
107 204 4028
107 205 737
107 208 138
107 217 8281
108 109 9319
108 112 2547
108 114 6401
108 116 1678
108 122 5580
108 126 7525
108 127 1123
108 132 177
108 135 421
108 149 3919
108 157 6393
108 161 2040
108 169 5755
108 173 9114
108 175 9059
108 177 5483
108 181 7776
108 184 1806
108 187 8262
108 193 2248
108 196 2363
108 197 3229
108 199 9482
108 202 6227
108 217 622
109 110 8276
109 116 3594
109 117 1004
109 120 8842
109 125 7927
109 129 2096
109 133 7757
109 138 3306
109 145 7195
109 147 5173
109 148 8226
109 151 7963
109 156 8872
109 159 9807
109 165 2543
109 168 7305
109 175 352
109 176 3442
109 184 372
109 189 5604
109 193 8771
109 195 1799
109 196 6529
109 202 3703
109 205 9488
109 206 5189
109 209 7141
109 210 2464
109 212 1427
109 217 4799
110 112 2914
110 116 6770
110 117 7548
110 118 2662
110 123 3510
110 129 4112
110 130 9572
110 131 8501
110 135 6889
110 141 8915
110 144 5857
110 148 6434
110 150 5697
110 151 6628
110 153 882
110 157 8037
110 158 1633
110 159 7256
110 162 5346
110 170 5578
110 171 8053
110 172 8542
110 173 9260
110 176 3910
110 183 1819
110 185 9744
110 197 8693
110 200 7500
110 204 5761
110 210 2046
111 114 8534
111 116 9966
111 120 7369
111 123 2461
111 125 6070
111 127 7526
111 129 1333
111 133 338
111 137 6408
111 140 1442
111 145 8546
111 146 7299
111 150 2955
111 155 1716
111 158 3017
111 162 8702
111 168 7848
111 174 7671
111 178 9029
111 182 423
111 185 7726
111 186 8818
111 187 5392
111 189 9336
111 192 2118
111 193 9943
111 194 614
111 195 9186
111 198 9460
111 211 1245
111 212 3725
111 213 7570
112 117 406
112 119 6772
112 120 2769
112 126 8364
112 132 381
112 133 6260
112 134 7986
112 138 7146
112 139 5595
112 144 5491
112 146 9538
112 147 7899
112 148 8241
112 149 1735
112 156 5033
112 159 2495
112 161 1159
112 163 4821
112 173 8951
112 174 4409
112 179 80
112 180 6163
112 182 5757
112 186 4203
112 190 3115
112 193 8632
112 199 8
112 201 7813
112 203 3361
112 204 7135
112 215 6939
113 120 5039
113 124 5164
113 127 352
113 133 8939
113 138 7412
113 141 8136
113 144 4034
113 149 7988
113 155 8531
113 156 9226
113 157 8349
113 159 1954
113 163 3772
113 174 328
113 175 1721
113 177 697
113 179 1677
113 184 880
113 187 1846
113 191 2377
113 195 9903
113 198 6323
113 200 506
113 207 6745
113 209 4814
113 216 153
113 217 5171
114 119 5126
114 123 9823
114 125 6675
114 135 7938
114 136 2021
114 140 6330
114 151 9246
114 157 2115
114 159 6226
114 161 620
114 163 1153
114 165 7077
114 172 2984
114 173 6429
114 174 9447
114 175 3439
114 182 8660
114 183 9418
114 184 4128
114 186 7272
114 187 6308
114 196 3782
114 197 3039
114 199 2297
114 200 1598
114 201 8048
114 207 8505
114 208 8073
114 212 7966
115 117 590
115 122 8954
115 123 5811
115 127 8201
115 138 4041
115 141 4582
115 147 838
115 154 6401
115 163 4534
115 164 1098
115 167 4444
115 169 4998
115 172 6072
115 173 26
115 180 438
115 182 6619
115 184 4039
115 186 5462
115 191 7569
115 192 4646
115 193 3215
115 201 5139
115 208 3320
115 212 3934
115 217 9572
116 119 1879
116 122 2413
116 123 3137
116 126 6777
116 128 8046
116 132 4882
116 136 7566
116 157 2721
116 158 5286
116 162 6776
116 164 872
116 165 5689
116 169 1450
116 171 541
116 175 3785
116 184 8825
116 190 1292
116 191 5415
116 195 424
116 199 3285
116 211 8505
116 216 1081
117 118 5973
117 119 4650
117 122 5767
117 123 3363
117 124 3833
117 136 4392
117 137 1577
117 138 6699
117 144 6422
117 146 5933
117 153 8428
117 157 2308
117 158 8981
117 164 9243
117 165 558
117 175 3668
117 185 813
117 192 5723
117 196 9219
117 205 317
117 206 6436
117 211 4392
117 214 692
118 121 4200
118 126 5052
118 129 7375
118 130 4687
118 142 4975
118 150 4642
118 153 6613
118 157 5481
118 158 6623
118 159 6701
118 163 8454
118 164 8666
118 166 5090
118 169 5739
118 170 4732
118 171 7116
118 173 3324
118 174 7486
118 175 211
118 179 2949
118 183 749
118 186 2657
118 187 8353
118 196 7846
118 197 9426
118 198 3131
118 201 402
118 212 9324
119 129 7477
119 137 4857
119 140 4591
119 142 2817
119 143 1144
119 144 2489
119 158 5826
119 162 3980
119 163 5808
119 165 4854
119 167 5532
119 169 7002
119 170 9710
119 185 1976
119 187 6657
119 195 8727
119 200 1704
119 206 6046
119 207 5287
119 208 234
119 210 5332
119 211 8521
119 212 9082
119 214 2844
119 217 3134
120 121 5643
120 125 6328
120 128 5150
120 133 5101
120 143 9893
120 149 1709
120 153 1457
120 155 5800
120 158 6219
120 159 2089
120 161 5387
120 170 5443
120 171 2346
120 179 2735
120 185 1710
120 186 7974
120 187 6056
120 188 8703
120 199 2156
120 200 3669
120 202 8650
120 212 6665
120 214 8592
120 217 4315
121 124 1435
121 125 3869
121 128 6580
121 129 8441
121 130 9812
121 136 7403
121 141 7971
121 144 69
121 146 3916
121 150 3939
121 152 4900
121 154 6301
121 160 576
121 162 9422
121 163 2769
121 173 6007
121 175 4344
121 176 5907
121 177 2494
121 180 5431
121 191 4570
121 192 3583
121 197 2952
121 198 4979
121 205 4648
121 206 5984
121 214 5636
121 215 2151
121 217 4885
122 123 5757
122 124 8857
122 126 7099
122 128 8188
122 131 1768
122 133 2879
122 139 2737
122 142 6666
122 144 9266
122 146 575
122 151 725
122 152 3425
122 153 7629
122 158 3459
122 162 3198
122 163 3976
122 178 4039
122 182 4099
122 186 9221
122 188 5395
122 194 5937
122 200 4906
122 203 8256
122 205 7883
122 207 3659
122 208 7321
122 209 3091
122 210 2188
122 215 4446
123 129 7031
123 131 2293
123 140 8157
123 144 617
123 149 2749
123 152 2485
123 153 3560
123 161 3896
123 168 4032
123 181 5648
123 183 4108
123 191 4298
123 192 4796
123 205 1389
123 214 4107
124 127 8041
124 129 1804
124 132 1770
124 139 501
124 140 2979
124 142 3980
124 144 2056
124 154 6289
124 157 3099
124 159 7961
124 161 5920
124 169 7332
124 181 660
124 194 8740
124 204 8812
124 215 1664
125 128 2879
125 134 3771
125 136 1929
125 138 4134
125 144 8554
125 145 5954
125 148 6712
125 152 9675
125 161 6150
125 163 1077
125 165 8933
125 174 8639
125 177 4333
125 178 8413
125 190 2364
125 199 9286
125 211 7621
125 213 1050
125 214 6540
125 215 1979
125 216 3192
126 155 448
126 162 6005
126 166 9443
126 173 7970
126 175 6680
126 180 3090
126 193 6652
126 207 3039
126 211 1863
127 128 2741
127 132 4466
127 137 3263
127 139 4164
127 141 2843
127 142 9974
127 147 8813
127 149 7165
127 152 6023
127 158 1063
127 164 1319
127 168 238
127 169 9972
127 171 2595
127 177 2123
127 178 9665
127 188 1017
127 202 1545
127 205 7302
127 211 9695
127 213 4296
127 214 9902
128 130 9975
128 131 5389
128 133 308
128 134 7382
128 136 5271
128 148 609
128 155 4178
128 156 9645
128 158 2475
128 162 4313
128 165 5289
128 169 2958
128 170 4283
128 178 9385
128 187 9885
128 189 7013
128 190 6007
128 191 4822
128 192 4029
128 194 4234
128 197 4298
128 199 993
128 206 7107
129 133 7275
129 134 6445
129 135 8115
129 136 7509
129 137 5368
129 140 7124
129 148 4300
129 149 7369
129 150 2006
129 152 5915
129 162 6750
129 163 3758
129 165 1196
129 167 8453
129 169 8206
129 171 9474
129 176 9814
129 179 2754
129 181 7406
129 182 3787
129 186 6109
129 187 9963
129 188 1774
129 191 1948
129 193 2073
129 196 6827
129 201 9354
129 209 685
129 216 3887
130 137 2065
130 148 7676
130 150 3878
130 151 9019
130 157 3025
130 158 6209
130 160 4301
130 161 4551
130 170 2464
130 175 319
130 176 8725
130 181 1130
130 183 1448
130 185 8287
130 188 242
130 190 1125
130 192 4872
130 198 1521
130 200 3158
130 201 5822
130 204 9874
130 214 9339
130 215 6621
131 132 9521
131 138 2213
131 144 7259
131 151 2474
131 152 8295
131 153 2934
131 156 9174
131 165 761
131 166 7420
131 175 2472
131 181 8849
131 183 8719
131 187 9580
131 189 7344
131 190 2188
131 191 5750
131 192 149
131 196 2047
131 202 4193
131 203 506
131 208 4062
131 214 5881
132 133 4958
132 134 7022
132 142 6847
132 143 6612
132 148 8732
132 150 459
132 152 5229
132 158 4190
132 160 1822
132 170 2935
132 173 6023
132 175 3952
132 177 3870
132 184 5607
132 185 4541
132 187 7089
132 191 3383
132 192 7559
132 195 3700
132 204 4203
132 205 4128
132 206 6497
133 136 894
133 139 8504
133 141 3014
133 144 8978
133 147 9630
133 150 6245
133 151 1367
133 154 431
133 159 8786
133 160 7152
133 164 5313
133 167 2042
133 171 5982
133 172 4620
133 187 5733
133 188 6792
133 190 6218
133 193 4601
133 200 9444
133 206 4308
133 209 4520
133 213 4239
134 143 4109
134 144 6644
134 147 6190
134 149 7456
134 156 9421
134 157 8089
134 167 7430
134 170 2733
134 174 4325
134 177 7976
134 201 1413
134 205 9419
134 206 2482
134 209 9155
134 213 6583
134 215 7816
135 148 8984
135 156 5178
135 158 9501
135 159 1825
135 173 7320
135 177 9325
135 179 5301
135 184 1656
135 186 6071
135 194 23
135 197 9752
135 201 3665
135 209 6142
136 144 8111
136 150 8819
136 166 2402
136 167 3346
136 169 7441
136 206 5240
136 208 9629
136 211 2679
136 216 3916
137 138 1980
137 140 9891
137 142 1130
137 146 807
137 153 3474
137 159 6622
137 162 5098
137 169 348
137 171 6828
137 181 452
137 182 4259
137 183 9618
137 185 7491
137 187 9905
137 193 1191
137 194 7734
137 196 6888
137 197 2628
137 199 6672
137 200 8890
137 207 6306
137 215 770
137 216 9942
138 140 7869
138 141 4356
138 147 2834
138 152 9676
138 154 1148
138 160 149
138 166 5877
138 170 8761
138 173 5179
138 178 7042
138 179 7625
138 184 2942
138 185 9417
138 186 41
138 197 1190
138 199 7449
138 201 4232
138 207 2217
138 213 8536
138 215 8587
139 140 9447
139 143 8717
139 145 8599
139 149 2241
139 151 2381
139 154 6456
139 158 7143
139 163 2749
139 164 4104
139 165 5258
139 170 6780
139 171 2372
139 178 7987
139 192 7600
139 196 8707
139 201 1024
139 206 1880
140 141 7272
140 143 8692
140 152 6545
140 153 8708
140 155 6109
140 157 878
140 162 4703
140 163 3115
140 165 9331
140 169 3142
140 177 8857
140 185 2290
140 187 5806
140 196 2012
140 197 4884
140 199 284
140 205 6548
140 208 35
140 210 8743
140 214 818
141 146 1766
141 147 9772
141 150 171
141 151 2387
141 152 3959
141 153 3849
141 154 174
141 155 8715
141 164 630
141 167 6637
141 169 1018
141 172 9841
141 173 3244
141 174 4339
141 176 7124
141 178 6754
141 182 6494
141 189 2020
141 190 4594
141 196 9924
141 200 5186
141 204 3200
141 205 9912
141 207 9628
141 211 4321
142 148 5449
142 149 1642
142 151 5334
142 156 201
142 157 7319
142 161 1530
142 165 7621
142 167 7707
142 172 8951
142 177 6634
142 178 8916
142 194 5693
142 203 197
142 206 2211
142 210 6965
142 217 190
143 147 6903
143 148 1369
143 149 629
143 150 3621
143 154 4322
143 167 2313
143 168 857
143 172 71
143 176 9962
143 177 871
143 184 5745
143 185 3325
143 187 7118
143 194 6027
143 198 6837
143 201 6710
143 203 3315
143 205 5436
144 146 7414
144 148 7243
144 153 4800
144 156 2545
144 162 430
144 173 4097
144 175 4936
144 182 2494
144 187 4811
144 195 9985
144 213 1852
144 216 3817
145 153 5975
145 154 4249
145 161 9451
145 168 1612
145 178 7047
145 183 9156
145 184 5921
145 186 2075
145 187 5046
145 189 133
145 195 4584
145 199 4871
145 206 4001
145 208 3064
145 209 6271
146 150 6662
146 171 3499
146 178 2773
146 180 1908
146 181 4564
146 182 3290
146 183 1806
146 189 3940
146 195 8261
146 198 9846
146 201 7751
146 203 2553
146 204 1290
146 209 6687
146 211 359
146 212 7128
147 149 9413
147 150 9641
147 151 4792
147 156 7372
147 159 985
147 162 5725
147 164 835
147 171 3711
147 172 3601
147 173 3813
147 178 8383
147 188 5569
147 194 387
147 199 1741
147 201 369
147 207 3610
147 211 6368
147 215 9375
147 216 3662
147 217 7061
148 152 3627
148 156 5301
148 160 6246
148 161 5559
148 163 1098
148 168 1202
148 171 5488
148 173 8165
148 175 9516
148 177 2623
148 186 573
148 188 7894
148 189 5148
148 191 5309
148 196 8043
148 197 5867
148 199 6823
148 200 2357
148 205 889
148 209 4501
148 210 3644
148 211 5837
148 213 8773
149 151 1138
149 153 1765
149 159 2380
149 163 9594
149 172 8030
149 175 1365
149 176 3366
149 178 838
149 183 4894
149 184 2692
149 190 8404
149 196 7726
149 198 9851
149 199 989
149 200 3302
149 204 256
149 207 5619
149 210 5862
149 212 3266
149 213 8188
150 155 535
150 157 8938
150 163 5798
150 180 3965
150 183 4153
150 190 1944
150 200 2750
150 202 2785
150 204 9625
150 209 5261
150 213 825
150 215 8395
151 153 4571
151 155 4632
151 161 7610
151 163 3101
151 165 7253
151 167 4724
151 168 5703
151 169 9667
151 170 5505
151 173 3332
151 175 4038
151 176 8289
151 178 4865
151 182 9456
151 189 9233
151 194 5107
151 195 991
151 196 9933
151 200 2479
151 202 804
151 208 2734
151 213 8638
152 156 204
152 160 343
152 161 1649
152 164 7832
152 167 3880
152 168 6953
152 170 9163
152 176 8143
152 182 8813
152 187 2770
152 188 9805
152 189 5395
152 191 2373
152 193 9132
152 199 714
152 200 298
152 202 9653
152 203 6273
152 206 2856
152 207 8645
152 208 5911
153 159 100
153 163 8508
153 166 7108
153 168 7431
153 169 2277
153 173 4862
153 177 8869
153 179 7528
153 180 2726
153 182 6617
153 189 2375
153 190 7810
153 201 144
153 207 6267
153 210 6214
153 214 9355
154 162 751
154 166 2529
154 167 6711
154 172 77
154 173 4328
154 175 4789
154 176 6806
154 186 1492
154 193 5258
154 195 1358
154 197 1892
154 208 4854
154 209 5587
154 215 9248
155 156 771
155 158 7290
155 166 1798
155 167 420
155 170 3319
155 171 6009
155 174 7976
155 175 8259
155 176 224
155 177 9216
155 187 538
155 188 8703
155 195 1431
155 196 5896
155 198 868
155 199 1617
155 205 4922
155 206 3869
155 207 2387
155 210 391
155 217 9685
156 158 1013
156 166 2050
156 173 7725
156 174 3074
156 176 5839
156 185 8713
156 188 9679
156 191 5136
156 194 8914
156 197 6140
156 200 7243
156 207 6586
156 213 5117
157 163 370
157 168 2410
157 170 3067
157 177 9169
157 181 7228
157 186 669
157 198 1585
157 201 8363
157 205 412
157 206 8648
157 208 8602
157 211 4682
158 159 239
158 160 3533
158 163 3850
158 164 6588
158 165 4269
158 172 1341
158 179 4703
158 183 2191
158 186 1380
158 193 7424
158 196 9052
158 202 9909
158 204 6900
158 205 4626
158 207 8573
158 214 8578
159 161 1918
159 168 279
159 175 9678
159 176 5587
159 179 4068
159 180 5255
159 182 9895
159 188 4230
159 189 9411
159 191 1407
159 195 5852
159 197 8320
159 198 8512
159 199 9114
159 200 1522
159 203 9258
159 206 446
159 208 6089
159 212 6311
159 214 764
159 215 5902
160 162 1100
160 164 3227
160 171 8289
160 172 5519
160 173 5862
160 180 9145
160 182 41
160 184 7931
160 192 87
160 194 1906
160 198 8446
160 200 1841
160 204 5449
160 205 1492
160 207 168
160 208 5923
160 210 4265
160 213 7214
160 215 7334
160 217 2118
161 177 264
161 180 3529
161 181 1041
161 190 1991
161 192 449
161 194 927
161 204 7992
161 205 1787
161 217 2510
162 163 5316
162 169 5380
162 174 6987
162 177 439
162 178 9492
162 188 8970
162 190 120
162 199 4779
162 201 69
162 204 4406
162 210 582
162 214 6637
162 216 8742
163 166 3632
163 168 9560
163 174 6985
163 180 8607
163 186 6475
163 188 1721
163 190 7345
163 192 518
163 194 7774
163 207 8501
163 209 1763
163 211 1254
163 215 4315
164 170 3449
164 176 5837
164 177 8431
164 182 2689
164 184 7391
164 187 7619
164 191 8548
164 192 8737
164 197 3844
164 202 394
164 209 3512
164 210 9761
164 212 5759
165 167 6572
165 173 6409
165 179 4039
165 181 3245
165 183 5196
165 185 1972
165 186 8046
165 191 2627
165 194 1296
165 199 9349
165 200 6537
165 204 9399
165 211 4802
165 212 8112
165 213 6394
165 217 2575
166 168 2122
166 170 4746
166 173 2895
166 174 9704
166 180 9450
166 182 6271
166 184 7829
166 187 7510
166 189 3809
166 190 1672
166 191 9195
166 193 7614
166 197 3805
166 198 7796
166 205 9305
166 206 1951
166 213 1710
167 173 4080
167 189 4340
167 191 1057
167 198 9756
167 199 9944
167 200 2478
167 201 1938
167 203 3119
167 205 3639
167 207 2731
167 217 2585
168 172 2414
168 174 86
168 180 4977
168 181 5693
168 183 7817
168 188 3053
168 189 4987
168 190 7923
168 194 2023
168 197 7461
168 209 7563
168 217 2468
169 172 6991
169 173 315
169 180 4649
169 182 4778
169 183 9533
169 194 9092
169 196 8712
169 197 8430
169 210 2781
169 213 6733
169 216 2655
170 172 6674
170 187 5196
170 190 1803
170 191 8079
170 203 6890
170 204 8809
170 216 2041
171 174 7865
171 175 108
171 176 6250
171 178 2309
171 179 5097
171 181 9419
171 193 7221
171 194 3292
171 199 884
171 200 1153
171 216 3971
172 173 3982
172 181 7667
172 200 958
172 201 9930
172 207 4579
173 176 5679
173 178 1341
173 179 3899
173 184 21
173 185 783
173 186 975
173 187 4029
173 188 5450
173 199 672
173 201 3847
173 210 5166
173 213 4552
173 214 3924
173 216 3249
174 176 7319
174 178 4383
174 184 5934
174 185 7651
174 186 9660
174 202 9072
174 212 5048
174 214 657
175 177 3008
175 184 9467
175 188 9793
175 197 366
175 205 3884
175 207 9823
175 208 1499
175 212 4941
175 216 188
176 177 9254
176 180 3100
176 181 7830
176 187 4861
176 191 675
176 195 3568
176 196 1567
176 198 1071
176 199 9563
176 211 3781
176 212 5848
176 215 2860
177 180 8308
177 188 3828
177 189 4878
177 191 1618
177 196 6946
177 197 7895
177 198 7865
177 203 685
177 205 2570
177 210 5538
177 211 8584
177 213 6624
178 191 5637
178 193 3949
179 184 6119
179 188 6312
179 191 9387
179 194 9427
179 205 2011
179 207 3231
179 212 1936
179 217 1228
180 194 3942
180 195 3229
180 196 641
180 197 238
180 202 3195
180 205 9016
180 209 1329
180 213 9407
181 190 73
181 192 1955
181 195 6915
181 196 1475
181 206 6862
181 207 3685
181 208 3572
181 212 935
182 186 5888
182 187 5842
182 188 3521
182 199 557
182 200 8711
182 206 1606
182 207 6354
182 211 2869
182 215 4264
183 197 2441
183 201 580
183 210 3574
183 212 6966
184 185 2535
184 188 9359
184 189 8502
184 190 1688
184 193 9398
184 200 4657
184 203 579
184 206 7384
184 207 8034
184 213 1425
184 216 7774
185 193 1935
185 194 8325
185 195 8942
185 196 1139
185 197 5363
185 203 4024
185 206 7715
185 208 4718
185 211 9086
185 215 869
185 216 8527
185 217 8334
186 190 668
186 197 3221
186 200 7340
186 203 6342
186 210 1154
186 211 5583
186 214 4668
186 217 8476
187 190 3891
187 194 2269
187 195 3095
187 196 6531
187 199 5216
187 200 9692
187 202 3807
187 210 9912
187 213 7383
188 191 435
188 197 1561
188 199 4417
188 201 2499
188 207 7991
188 210 5342
188 212 9194
188 217 6037
189 192 7761
189 193 9321
189 207 1850
189 209 3543
190 208 6549
190 215 293
191 196 3751
191 203 3198
191 204 2643
191 206 8641
191 210 1449
191 214 3939
191 217 3613
192 201 7575
192 203 6469
192 204 6833
192 212 1415
193 197 1703
193 201 2153
193 204 6797
193 208 4380
193 209 8308
193 214 8974
193 216 3945
193 217 3506
194 197 7386
194 200 5867
194 202 9163
194 204 8357
194 210 1664
194 215 7380
195 196 7656
195 204 7608
195 207 3486
196 202 2825
196 204 7043
196 207 7983
196 208 7252
196 211 9347
196 215 1700
197 204 4331
197 208 903
197 209 2668
198 200 3737
198 211 1086
198 214 3446
199 203 6759
199 216 7442
200 205 8131
200 211 4229
200 212 5344
201 203 4213
201 207 5767
201 211 2643
201 217 6475
202 210 2342
203 211 7126
203 212 4528
203 215 1274
203 216 4237
203 217 1030
204 205 1741
204 207 8429
204 211 439
204 213 2270
205 206 7393
205 211 6012
206 211 8755
207 212 261
207 214 8462
208 210 7393
208 212 2541
208 213 7930
209 210 2367
209 212 6865
210 211 8688
211 216 4235
212 214 5614
214 216 5979
