20 61 25577 13
0 4 9429
0 12 1065
0 15 7320
0 16 3137
0 17 9310
1 4 8176
1 7 1998
1 8 2962
1 9 8871
1 11 5830
1 13 576
1 19 5423
2 5 4449
3 5 7199
3 9 1683
3 12 9364
3 13 4016
3 15 6408
3 19 7075
4 8 9934
4 12 6661
4 18 5257
5 7 1839
5 10 1906
5 19 1731
6 10 9829
6 12 7751
6 14 5837
6 15 3406
6 18 5352
6 19 6172
7 13 9506
7 14 896
7 15 3627
7 16 297
7 19 1295
8 11 4283
8 14 4287
8 15 5193
9 11 7637
9 13 1742
9 14 628
10 11 5728
10 12 4640
10 13 7748
10 14 8791
10 19 5785
11 12 3937
11 13 218
11 14 1840
11 19 5547
12 15 8339
12 16 6278
12 19 8393
13 14 2298
13 16 250
13 19 7138
14 15 9206
14 16 4108
16 17 5889
18 19 6556
