222 6154 39361 30
0 1 4854
0 11 9897
0 14 1200
0 15 5945
0 19 5246
0 20 1192
0 21 90
0 27 3762
0 29 5542
0 33 3330
0 35 3322
0 36 1071
0 37 816
0 39 5379
0 43 2164
0 44 5411
0 47 4182
0 48 5241
0 49 2396
0 54 8848
0 58 4608
0 60 5876
0 63 8202
0 72 7654
0 73 9076
0 78 2317
0 85 2134
0 88 9322
0 92 3902
0 93 8358
0 94 5076
0 96 1684
0 98 3389
0 102 5112
0 104 7215
0 106 2017
0 110 8472
0 115 9316
0 118 202
0 120 1546
0 122 7061
0 125 2696
0 137 488
0 146 8157
0 149 248
0 157 7941
0 161 8745
0 163 8913
0 165 853
0 170 2033
0 172 4179
0 179 4967
0 181 6555
0 185 3424
0 186 6905
0 189 8586
0 192 4533
0 193 3346
0 195 2184
0 199 3545
0 203 391
0 207 1000
0 210 4994
0 216 1561
0 218 3352
1 4 342
1 6 2097
1 21 3342
1 23 213
1 24 7745
1 27 7645
1 31 4854
1 34 9181
1 36 3434
1 42 2680
1 43 257
1 48 6174
1 49 5371
1 55 9220
1 58 5818
1 62 3660
1 69 7395
1 77 2253
1 83 2199
1 85 7666
1 90 3997
1 93 2783
1 94 9953
1 100 5675
1 103 6452
1 114 4659
1 118 9538
1 123 6454
1 125 2321
1 127 2932
1 129 984
1 130 1826
1 145 3644
1 150 906
1 155 1386
1 160 6970
1 161 2584
1 162 4592
1 172 9181
1 173 276
1 176 8171
1 178 3236
1 187 6650
1 196 3295
1 201 6284
1 203 368
1 204 7692
1 206 7104
1 212 4266
1 214 1994
1 217 1610
2 3 9023
2 8 4126
2 12 6037
2 16 8070
2 17 8013
2 21 5261
2 25 91
2 28 4659
2 32 3973
2 35 2980
2 37 3360
2 44 6660
2 47 9402
2 48 77
2 50 1944
2 53 10000
2 63 408
2 75 2853
2 88 128
2 93 9950
2 94 5279
2 97 7267
2 99 3190
2 100 7210
2 104 6055
2 106 6416
2 107 5612
2 108 3041
2 109 7909
2 110 8742
2 116 8086
2 123 7365
2 126 5034
2 137 7844
2 142 1260
2 145 280
2 154 8866
2 158 4136
2 159 3421
2 165 4142
2 174 5274
2 176 311
2 180 2424
2 181 1881
2 182 5548
2 185 4226
2 191 6674
2 196 8152
2 199 8894
2 208 259
2 210 6898
2 213 1290
3 10 3314
3 15 3057
3 17 6640
3 22 2058
3 29 9166
3 32 9481
3 44 5636
3 54 3496
3 56 9695
3 58 9651
3 59 8597
3 63 4906
3 68 650
3 71 3880
3 73 2291
3 75 5363
3 80 8220
3 90 9616
3 91 4822
3 96 7650
3 97 5926
3 101 7780
3 104 7410
3 107 9175
3 110 8077
3 114 8878
3 125 2731
3 130 4309
3 139 232
3 140 9558
3 141 5721
3 142 6497
3 145 1152
3 146 7105
3 149 3379
3 155 836
3 159 7598
3 161 7195
3 162 1121
3 167 7347
3 168 223
3 179 6966
3 189 4587
3 196 3413
3 200 8003
3 201 7293
3 203 8127
3 204 9112
3 205 1514
3 206 5851
3 210 5215
3 214 1051
3 215 9973
3 218 6761
4 10 5624
4 17 6196
4 18 1976
4 21 6128
4 29 8247
4 31 7744
4 32 3568
4 34 3733
4 37 6566
4 41 1805
4 46 2499
4 49 5467
4 53 8820
4 54 5674
4 55 6406
4 58 533
4 60 7036
4 61 688
4 62 5717
4 73 1334
4 76 2313
4 79 90
4 81 5802
4 83 4939
4 99 5061
4 100 7379
4 104 9969
4 107 5645
4 113 4045
4 122 8049
4 132 2623
4 142 1839
4 153 7721
4 157 6202
4 159 2627
4 161 804
4 164 9217
4 173 9214
4 174 6219
4 181 7659
4 182 6365
4 183 2429
4 185 6634
4 188 9914
4 197 472
4 201 7748
4 211 6097
4 214 3922
5 18 4802
5 19 2791
5 20 4832
5 33 2314
5 34 4298
5 38 1630
5 42 6765
5 49 2877
5 50 8103
5 51 7266
5 52 7384
5 53 2813
5 54 6126
5 55 7789
5 63 6161
5 65 7050
5 68 8824
5 76 4084
5 78 1343
5 87 2623
5 88 9629
5 89 3656
5 93 3125
5 97 663
5 106 4813
5 110 8327
5 113 2435
5 117 6740
5 118 7086
5 126 4268
5 129 7687
5 135 779
5 139 1387
5 145 5713
5 148 1893
5 149 6650
5 150 7521
5 156 7708
5 167 8866
5 179 7940
5 187 7165
5 189 9250
5 198 2930
5 204 9775
5 208 4022
5 209 1071
5 212 3654
5 214 3292
5 215 2700
6 13 5317
6 15 3091
6 22 2097
6 29 6520
6 30 6037
6 43 96
6 53 7971
6 54 2815
6 59 83
6 61 3795
6 62 5371
6 63 3090
6 66 8708
6 70 8936
6 74 3857
6 79 8536
6 80 3289
6 83 8235
6 95 1541
6 101 3875
6 103 6600
6 106 6913
6 116 5987
6 119 7617
6 123 9519
6 124 4477
6 127 5075
6 130 1964
6 133 2499
6 140 8144
6 142 4728
6 143 4519
6 144 5927
6 145 5911
6 146 4676
6 147 9692
6 151 3606
6 156 1091
6 159 4692
6 168 1898
6 175 1179
6 177 4529
6 187 7129
6 189 2442
6 204 8329
6 213 2949
6 219 719
7 9 6836
7 11 1458
7 13 1431
7 16 7945
7 17 5688
7 19 4611
7 22 6874
7 26 7010
7 27 5988
7 28 1058
7 29 1787
7 31 4294
7 33 7166
7 34 2836
7 37 8748
7 45 2278
7 48 1572
7 49 4501
7 52 8709
7 58 8061
7 63 1197
7 68 7098
7 76 9954
7 81 3184
7 82 6792
7 83 6110
7 87 3191
7 93 6538
7 96 6849
7 97 9744
7 105 5719
7 114 4695
7 118 5470
7 128 8602
7 132 2915
7 136 6200
7 139 554
7 145 8432
7 146 384
7 149 8733
7 150 8652
7 156 3812
7 159 9888
7 162 6073
7 170 8981
7 174 6399
7 177 5057
7 180 7052
7 181 6816
7 184 3420
7 186 7204
7 190 5788
7 192 854
7 193 3209
7 197 1013
7 199 260
7 206 3289
7 210 1159
7 211 3422
7 212 8056
7 213 9281
7 215 2290
7 218 9328
7 219 6565
7 220 6800
8 9 8390
8 11 7074
8 14 1486
8 15 9095
8 22 1092
8 23 8150
8 28 7600
8 34 1577
8 36 9435
8 40 890
8 42 2531
8 43 1100
8 47 873
8 51 5823
8 66 8685
8 69 4561
8 71 7323
8 72 2976
8 75 2728
8 76 6446
8 79 4100
8 82 8287
8 90 2379
8 97 2961
8 100 217
8 101 6032
8 103 7696
8 104 5833
8 108 5884
8 110 1856
8 115 543
8 126 449
8 133 2335
8 134 2335
8 144 5144
8 145 9831
8 146 4027
8 147 3405
8 148 2803
8 152 7816
8 162 8331
8 166 897
8 195 9098
8 202 2085
8 204 7125
8 205 8046
8 207 7502
8 208 2999
8 210 3182
8 214 3105
8 216 1445
8 219 7409
9 16 3449
9 19 4434
9 29 5096
9 30 9816
9 36 9404
9 40 3164
9 45 7114
9 50 5544
9 57 3017
9 59 6370
9 67 2194
9 71 2131
9 74 5251
9 76 4512
9 101 6474
9 102 6277
9 109 1522
9 113 3333
9 138 9361
9 140 5660
9 150 5771
9 154 484
9 155 4720
9 157 7186
9 160 2716
9 173 4177
9 174 8729
9 179 4776
9 180 5960
9 187 8172
9 193 8218
9 197 7684
9 203 3884
9 207 6805
9 208 7986
9 211 4420
9 215 3408
9 216 9341
9 220 861
10 15 7199
10 17 3673
10 18 7465
10 21 3230
10 30 6832
10 35 6483
10 37 2723
10 41 1940
10 43 2088
10 47 7444
10 51 5103
10 52 3004
10 53 7686
10 59 8471
10 61 3083
10 62 4402
10 63 8545
10 78 5074
10 79 6403
10 81 1987
10 88 3272
10 93 2003
10 94 1560
10 108 8029
10 110 9940
10 112 2748
10 123 4201
10 125 9383
10 129 5204
10 132 8229
10 133 2299
10 135 8189
10 143 5985
10 144 5694
10 150 8193
10 153 3137
10 157 1840
10 159 825
10 160 8689
10 161 9837
10 162 2616
10 164 233
10 165 4426
10 167 9636
10 173 4586
10 175 9800
10 176 4593
10 183 3308
10 186 3451
10 188 5351
10 189 3935
10 192 8546
10 206 5827
10 211 9553
10 214 9383
10 217 5064
10 220 3939
11 14 7111
11 17 9560
11 19 7403
11 21 9265
11 41 8448
11 46 3281
11 48 8801
11 49 7078
11 50 4186
11 53 8588
11 59 7680
11 62 9301
11 65 673
11 68 4781
11 80 1027
11 81 5989
11 82 7377
11 92 9590
11 98 8676
11 101 3092
11 109 7351
11 111 2574
11 113 7068
11 118 1044
11 121 4177
11 129 3552
11 130 1729
11 132 9370
11 137 3637
11 143 9326
11 144 2342
11 145 1945
11 150 9088
11 155 9285
11 159 6258
11 164 2250
11 166 5719
11 169 2713
11 182 9991
11 185 4385
11 188 2682
11 193 9372
11 208 8121
11 212 2091
11 215 3685
11 218 1207
11 219 2947
11 220 6413
12 13 8562
12 20 5391
12 21 9494
12 22 1912
12 23 686
12 32 3272
12 37 1487
12 51 7559
12 57 5911
12 66 1285
12 67 905
12 78 3041
12 86 3858
12 90 3499
12 93 1353
12 98 9702
12 106 4604
12 107 7946
12 111 3488
12 115 2336
12 121 1092
12 129 1925
12 131 4276
12 132 191
12 134 8648
12 137 2214
12 138 2200
12 142 6442
12 143 3270
12 145 8405
12 146 4612
12 157 9239
12 158 9432
12 161 1040
12 163 6305
12 164 540
12 172 2395
12 173 5125
12 175 4761
12 176 5731
12 177 9162
12 184 3989
12 186 1453
12 187 7143
12 188 9380
12 190 2386
12 193 4849
12 199 1157
12 203 4009
12 204 9109
12 205 2170
12 213 2939
12 219 9826
13 15 1788
13 25 2096
13 28 6859
13 29 6088
13 31 4222
13 33 8818
13 34 1556
13 35 79
13 38 1839
13 41 9929
13 42 6659
13 43 3637
13 44 5931
13 50 457
13 52 6426
13 56 2236
13 76 1921
13 79 3097
13 81 6267
13 87 8887
13 89 5985
13 94 8500
13 96 967
13 100 9899
13 101 7018
13 114 8774
13 122 404
13 123 4252
13 126 2902
13 130 9780
13 135 2522
13 136 82
13 138 6423
13 139 2771
13 152 3252
13 173 5073
13 174 4941
13 176 7005
13 179 4315
13 181 6390
13 182 5034
13 184 4701
13 188 6319
13 190 3983
13 194 2852
13 195 4203
13 197 7856
13 199 4676
13 205 5466
13 206 8404
13 211 558
13 213 8754
13 214 7714
13 220 2005
14 16 9651
14 17 8237
14 23 6501
14 30 7818
14 33 8481
14 38 2471
14 40 8779
14 41 6127
14 43 1767
14 46 586
14 47 731
14 48 2855
14 51 5001
14 59 5504
14 63 1928
14 64 6318
14 71 2046
14 74 9830
14 75 5405
14 77 1329
14 98 3273
14 100 8933
14 102 2502
14 115 8465
14 127 5531
14 128 8435
14 130 9835
14 134 1974
14 137 5484
14 144 5335
14 150 796
14 156 5393
14 159 8982
14 162 3231
14 163 1700
14 170 6768
14 171 3119
14 174 8728
14 175 2200
14 179 8939
14 183 9888
14 188 4894
14 197 2707
14 198 3168
14 200 4116
14 202 3248
14 203 7617
14 204 6380
14 213 1226
14 216 7867
14 218 8826
14 219 5362
14 221 702
15 16 1078
15 18 2152
15 26 4162
15 32 3359
15 41 9024
15 42 9648
15 46 1264
15 59 5240
15 65 6535
15 67 9986
15 69 2899
15 71 3560
15 78 553
15 80 3437
15 94 4330
15 97 753
15 115 9283
15 118 1404
15 119 6759
15 124 666
15 127 2947
15 129 7450
15 133 2359
15 135 403
15 139 5436
15 146 8125
15 149 7888
15 150 9834
15 151 884
15 159 7408
15 160 1986
15 162 6246
15 164 4795
15 172 2527
15 174 6283
15 177 7294
15 179 5748
15 180 1079
15 185 2294
15 194 2025
15 197 7494
15 200 398
15 202 1556
15 206 3704
15 208 4474
15 215 950
15 219 6626
15 220 4497
16 17 3258
16 22 7528
16 23 5936
16 24 1659
16 27 5840
16 28 7377
16 30 5432
16 36 1401
16 44 5662
16 45 492
16 47 4648
16 49 263
16 50 955
16 51 3021
16 53 7881
16 54 1914
16 57 7842
16 66 5424
16 67 951
16 68 6749
16 72 7373
16 77 4880
16 78 7835
16 80 2412
16 81 5146
16 87 8719
16 88 2103
16 93 7079
16 94 4723
16 98 2815
16 104 9462
16 121 7039
16 129 6962
16 141 2353
16 147 5143
16 148 3648
16 149 3234
16 154 2600
16 157 487
16 159 5170
16 172 1702
16 173 739
16 178 4913
16 180 6204
16 182 3199
16 188 7617
16 194 9271
16 198 338
16 205 9668
16 209 5967
17 18 6014
17 20 228
17 22 948
17 32 7007
17 35 5775
17 39 476
17 40 3536
17 43 2401
17 45 3165
17 47 2823
17 52 1074
17 53 6732
17 62 7841
17 69 1077
17 70 4314
17 71 3061
17 74 9522
17 76 9779
17 79 5058
17 83 7477
17 87 4391
17 88 991
17 98 1434
17 104 9646
17 114 6494
17 115 7552
17 119 3806
17 126 6124
17 130 9623
17 133 3257
17 141 735
17 144 7322
17 148 2735
17 156 3779
17 164 2849
17 169 1384
17 172 3360
17 178 9143
17 181 5013
17 183 7112
17 185 2763
17 199 6045
17 200 6258
17 207 4336
17 215 1247
17 217 2239
17 221 5010
18 23 2554
18 26 5223
18 32 9983
18 33 7381
18 41 6334
18 45 6850
18 47 5161
18 50 6548
18 51 6233
18 52 7401
18 53 6592
18 56 4587
18 60 8790
18 62 8275
18 64 9209
18 68 7949
18 70 668
18 71 1124
18 72 6886
18 79 3590
18 81 6473
18 84 2585
18 90 9468
18 91 9825
18 95 9426
18 96 308
18 97 5968
18 99 856
18 105 9634
18 106 294
18 119 8144
18 120 6565
18 121 1028
18 122 7161
18 129 2817
18 130 5768
18 133 3395
18 137 7337
18 140 3730
18 144 569
18 146 3847
18 148 5393
18 149 7026
18 156 8002
18 164 6361
18 170 4950
18 172 8851
18 184 2688
18 190 2669
18 193 2023
18 199 4204
18 200 9963
18 216 2835
18 220 3089
19 22 1921
19 31 4068
19 32 4867
19 33 4796
19 42 4089
19 45 4634
19 47 4529
19 49 5527
19 53 610
19 55 1837
19 66 8611
19 85 9315
19 88 5496
19 90 4094
19 100 6875
19 104 4897
19 110 5907
19 118 7173
19 120 9705
19 124 3006
19 125 5490
19 128 1307
19 131 1512
19 134 7878
19 136 973
19 140 2011
19 142 367
19 143 5770
19 148 8673
19 151 4384
19 152 3369
19 157 6264
19 163 4338
19 168 7023
19 169 4100
19 181 2201
19 185 2434
19 197 7285
19 200 6322
19 211 9105
19 214 8856
19 218 7428
20 21 5143
20 25 5751
20 28 4822
20 32 6089
20 37 7725
20 40 443
20 41 216
20 45 9302
20 46 5788
20 50 5117
20 57 64
20 67 9829
20 69 5669
20 73 5132
20 75 2701
20 76 6774
20 80 9183
20 84 8153
20 85 1350
20 88 4181
20 94 6359
20 95 2046
20 96 6206
20 97 1266
20 99 6802
20 100 2987
20 104 9937
20 114 7673
20 115 5700
20 123 7970
20 129 1398
20 131 9036
20 137 2851
20 138 2655
20 139 6344
20 143 539
20 144 6237
20 145 203
20 148 1881
20 149 8611
20 152 9903
20 154 2975
20 158 2658
20 166 3791
20 174 7224
20 176 6723
20 179 8633
20 183 6371
20 189 5260
20 191 6137
20 195 8683
20 200 9363
20 216 5947
20 217 9286
20 220 7332
21 24 9879
21 34 2321
21 39 6559
21 40 5284
21 41 8867
21 47 8426
21 54 3072
21 55 5887
21 57 9187
21 68 7061
21 71 8969
21 72 1777
21 74 3252
21 80 9781
21 84 8596
21 86 163
21 87 1529
21 102 127
21 103 7899
21 108 7881
21 121 9225
21 128 2988
21 129 9713
21 131 7410
21 134 469
21 137 4851
21 139 7478
21 143 7472
21 149 6565
21 153 3608
21 160 491
21 161 6920
21 170 9756
21 172 7000
21 173 4077
21 178 7437
21 182 2772
21 184 9759
21 185 4339
21 189 1274
21 192 8828
21 195 9875
21 202 3969
21 210 5575
21 213 1022
22 23 4405
22 26 3990
22 34 8847
22 35 6811
22 37 5029
22 38 4611
22 41 8690
22 46 4822
22 47 929
22 51 2180
22 53 8183
22 57 7018
22 59 1272
22 61 1941
22 63 406
22 70 5778
22 74 8403
22 81 7314
22 91 6074
22 98 2930
22 100 7240
22 102 2580
22 108 8935
22 110 588
22 111 7562
22 113 1607
22 115 6284
22 117 1452
22 121 5953
22 128 9151
22 132 9680
22 133 1230
22 134 6639
22 135 1638
22 136 3846
22 139 6191
22 140 3387
22 142 7754
22 145 6149
22 146 3904
22 148 5931
22 151 6082
22 159 4468
22 162 6152
22 163 2891
22 169 6805
22 170 2170
22 176 7608
22 186 4641
22 187 479
22 188 2574
22 189 2222
22 198 3664
22 200 631
22 203 3516
22 206 6396
22 207 6600
22 209 8188
22 210 7236
22 217 9413
22 220 1479
23 28 2188
23 43 2593
23 51 616
23 59 3981
23 62 9776
23 66 571
23 67 5869
23 69 9602
23 70 2016
23 75 4514
23 81 1342
23 83 2769
23 84 5974
23 86 9329
23 87 5987
23 92 1801
23 94 9922
23 95 6599
23 103 4270
23 104 6532
23 106 2858
23 112 5407
23 119 7609
23 127 9354
23 131 2671
23 134 4275
23 137 206
23 141 4539
23 142 5914
23 144 2568
23 146 8976
23 148 629
23 153 2104
23 154 4977
23 157 6937
23 161 8140
23 167 8774
23 189 3827
23 190 1074
23 193 7021
23 195 4665
23 201 2487
23 204 1913
23 209 6633
23 212 6531
23 217 3373
23 219 7237
24 32 7956
24 35 872
24 38 6715
24 42 546
24 45 2680
24 49 283
24 50 800
24 52 7407
24 54 5490
24 56 9767
24 77 3345
24 89 41
24 91 5050
24 95 8426
24 102 671
24 105 2427
24 106 2323
24 108 9325
24 110 8305
24 113 7073
24 114 1222
24 116 5697
24 117 3792
24 119 9238
24 122 8888
24 123 3089
24 126 2410
24 127 9622
24 130 7570
24 131 3665
24 133 2810
24 135 6511
24 139 9136
24 140 9558
24 141 7911
24 142 664
24 145 2514
24 150 1170
24 155 4725
24 156 1679
24 157 2918
24 160 6817
24 163 2418
24 171 2538
24 184 5661
24 190 5196
24 199 9286
24 201 5142
24 203 6687
24 206 3634
24 208 5586
24 217 3537
24 218 7773
24 221 5738
25 30 8961
25 31 2623
25 32 7281
25 35 850
25 36 2863
25 49 3277
25 51 6169
25 55 4196
25 68 4330
25 70 5778
25 75 573
25 77 5971
25 78 6283
25 80 6775
25 90 9361
25 92 5784
25 94 1811
25 99 1013
25 103 7689
25 107 4982
25 116 5736
25 117 6353
25 118 3012
25 123 5369
25 128 3584
25 139 4578
25 141 970
25 148 6551
25 151 4379
25 154 1108
25 157 2819
25 158 9504
25 165 496
25 167 8420
25 169 2799
25 181 2407
25 189 9009
25 196 7975
25 199 5594
25 203 4564
25 209 5841
25 216 3305
26 28 8730
26 30 4205
26 42 9627
26 49 625
26 53 1347
26 55 4091
26 61 6321
26 69 2429
26 70 4965
26 73 4472
26 75 5537
26 84 2784
26 93 5406
26 98 5528
26 103 4493
26 105 1615
26 117 8829
26 118 2747
26 128 8048
26 130 2236
26 131 9743
26 137 9042
26 139 7350
26 143 5161
26 146 7927
26 153 1477
26 154 8839
26 157 235
26 158 8663
26 160 9712
26 161 5721
26 168 370
26 175 763
26 177 330
26 179 5652
26 185 5488
26 187 1106
26 192 1952
26 195 7238
26 198 8328
26 208 4438
26 212 7752
26 213 5575
26 219 4084
27 38 379
27 41 4054
27 48 6962
27 51 9706
27 53 3987
27 58 8627
27 59 9891
27 70 3281
27 72 1721
27 76 3396
27 77 7470
27 79 4718
27 86 6342
27 88 2944
27 90 5191
27 102 9338
27 106 6025
27 108 1698
27 111 1126
27 112 7554
27 113 6917
27 114 9004
27 115 2991
27 118 6123
27 124 7533
27 129 4527
27 135 4533
27 137 4346
27 141 7786
27 143 6308
27 144 6275
27 147 6582
27 148 868
27 160 7133
27 163 3363
27 164 9783
27 169 7585
27 181 9874
27 183 5581
27 184 2834
27 186 2219
27 195 1475
27 204 25
27 208 6101
27 211 254
27 215 9697
28 30 3348
28 31 4160
28 34 319
28 35 3114
28 39 7574
28 42 9939
28 52 2136
28 55 5698
28 58 8858
28 61 7015
28 64 4617
28 66 5770
28 69 3735
28 72 6575
28 75 1962
28 78 5321
28 82 5874
28 94 1115
28 95 8896
28 98 1867
28 107 9170
28 111 8118
28 116 4530
28 119 2434
28 129 276
28 131 2570
28 133 2478
28 134 4771
28 135 4541
28 136 6992
28 137 4104
28 138 4207
28 141 5153
28 144 3166
28 146 1012
28 152 7858
28 159 3920
28 166 6089
28 167 3846
28 185 6746
28 186 1048
28 188 665
28 194 317
28 200 5224
28 207 7947
28 214 484
28 215 5692
28 219 6330
28 220 9910
29 30 5001
29 35 3380
29 39 5813
29 41 120
29 42 9564
29 45 8013
29 47 424
29 48 9732
29 50 8465
29 51 5497
29 52 616
29 54 4839
29 67 3886
29 70 520
29 82 7502
29 84 8612
29 86 3516
29 87 5513
29 94 6290
29 96 982
29 97 2511
29 107 6071
29 111 2198
29 114 3985
29 124 8093
29 126 8254
29 127 4117
29 129 9528
29 135 4031
29 138 438
29 139 3171
29 145 2870
29 149 6667
29 150 7373
29 152 2075
29 161 5949
29 165 3847
29 168 8828
29 174 3283
29 176 1793
29 185 2972
29 188 5630
29 190 9642
29 191 1239
29 210 6193
29 211 5184
29 213 2197
29 215 7943
29 216 4662
29 217 2020
29 221 8087
30 35 8122
30 45 4795
30 47 4586
30 56 8448
30 57 8774
30 60 3478
30 62 6960
30 66 9373
30 76 3787
30 79 6180
30 83 1729
30 84 7964
30 85 552
30 90 1756
30 93 7319
30 95 7791
30 96 1313
30 100 7901
30 106 2992
30 115 6417
30 119 3999
30 124 4652
30 127 9707
30 145 1946
30 146 4960
30 151 8662
30 156 9977
30 165 5087
30 166 1050
30 168 664
30 172 998
30 173 4961
30 186 4662
30 187 9290
30 200 8560
30 203 7538
30 206 6002
30 210 7116
30 213 6442
31 32 1490
31 33 3364
31 44 4984
31 47 483
31 48 7328
31 53 6211
31 56 2025
31 62 5320
31 63 7104
31 67 4135
31 75 5052
31 80 1522
31 83 3726
31 84 2796
31 89 9244
31 96 4448
31 98 1308
31 103 5730
31 104 9796
31 107 8829
31 113 7453
31 117 9814
31 121 1658
31 134 2823
31 136 9440
31 138 5727
31 142 4467
31 146 4731
31 149 4255
31 151 1316
31 152 9964
31 156 3727
31 165 6155
31 178 117
31 187 2740
31 188 8653
31 193 5629
31 194 5625
31 196 1401
31 201 6578
31 203 7619
31 213 6511
31 214 2552
31 218 4067
31 221 8888
32 35 6202
32 36 6487
32 38 8424
32 39 645
32 40 6288
32 54 7923
32 58 6895
32 65 5816
32 68 3303
32 75 5080
32 76 3159
32 77 4741
32 99 928
32 100 7663
32 105 411
32 107 2853
32 123 2883
32 125 2931
32 135 273
32 138 667
32 146 7202
32 150 8690
32 151 6882
32 160 4723
32 170 9738
32 178 1763
32 187 3078
32 188 1254
32 189 7194
32 190 6326
32 192 3381
32 193 9399
32 199 3478
32 206 6702
32 208 6871
32 217 9374
33 36 3599
33 42 8204
33 44 1458
33 46 2686
33 52 5348
33 59 6635
33 64 5854
33 65 6599
33 74 1331
33 80 8464
33 81 8970
33 86 6169
33 88 813
33 89 2074
33 104 1211
33 106 5171
33 107 5153
33 119 1577
33 121 3658
33 128 3732
33 135 2516
33 140 7081
33 144 4631
33 146 3221
33 147 9028
33 148 7820
33 157 5593
33 158 5452
33 161 8899
33 163 3290
33 169 6326
33 176 4070
33 180 1002
33 188 3034
33 192 3244
33 193 6177
33 194 8386
33 195 3288
33 196 4743
33 197 8883
33 207 7241
33 208 5655
33 219 2744
34 35 9968
34 41 1788
34 46 288
34 49 3737
34 51 6740
34 52 3834
34 54 2000
34 56 9713
34 59 906
34 61 4301
34 65 7798
34 69 6083
34 71 2284
34 75 2027
34 83 2681
34 84 454
34 86 6598
34 93 802
34 109 2054
34 112 3550
34 115 5863
34 116 3362
34 124 3913
34 134 1492
34 140 7078
34 143 2497
34 145 9568
34 148 82
34 153 2656
34 156 6490
34 159 9681
34 160 3755
34 162 8019
34 164 175
34 165 4326
34 169 5966
34 171 6224
34 173 3921
34 176 7980
34 177 999
34 179 6088
34 194 5165
34 198 2632
34 201 6087
34 203 4028
34 206 949
34 209 1248
34 211 775
34 212 6578
34 221 7715
35 39 6387
35 43 7324
35 46 9620
35 47 9143
35 50 3388
35 51 8316
35 58 4393
35 61 8433
35 62 2278
35 63 7450
35 67 8372
35 68 9671
35 70 5245
35 72 1754
35 75 3668
35 78 2484
35 79 3259
35 81 3544
35 84 4607
35 89 708
35 90 4796
35 93 3498
35 99 1229
35 108 1624
35 109 6739
35 112 8842
35 116 8938
35 130 3931
35 134 3471
35 137 5926
35 139 583
35 148 7351
35 151 584
35 154 4701
35 155 9290
35 159 9109
35 163 5504
35 164 6017
35 167 8254
35 169 131
35 174 4289
35 180 7191
35 181 2788
35 183 8949
35 189 6628
35 195 166
35 196 8014
35 199 2273
35 200 1541
35 202 4922
35 203 6504
35 206 5719
35 209 4182
35 211 4498
35 216 5750
35 219 5402
36 45 7477
36 52 1520
36 57 889
36 60 7066
36 62 1717
36 68 8189
36 82 6094
36 83 7066
36 84 5727
36 86 6143
36 87 3155
36 88 5290
36 98 10
36 101 4613
36 102 8452
36 116 4313
36 117 1118
36 119 6418
36 130 6678
36 133 8394
36 135 984
36 136 6212
36 137 2846
36 139 9682
36 140 7157
36 147 948
36 150 8419
36 154 398
36 162 4204
36 166 7886
36 167 6424
36 168 2520
36 181 4980
36 184 231
36 190 1877
36 191 1666
36 194 3963
36 195 5333
36 197 3555
36 198 4867
36 203 5540
36 207 5804
36 210 3865
36 213 6877
37 40 1175
37 41 5288
37 45 8424
37 47 8031
37 52 642
37 56 3771
37 59 6250
37 60 2733
37 62 4103
37 63 1944
37 66 4040
37 68 9473
37 69 7074
37 75 5093
37 79 2065
37 87 4087
37 93 706
37 100 4242
37 104 1636
37 110 6929
37 121 1786
37 122 3808
37 130 9613
37 132 306
37 133 6450
37 137 8152
37 139 6398
37 161 3697
37 162 4216
37 164 5815
37 175 6098
37 182 6618
37 184 8410
37 187 2316
37 190 614
37 196 5
37 199 4689
37 201 9614
37 205 2958
37 207 2209
37 212 426
37 214 5175
37 215 628
37 217 9737
37 221 6693
38 46 6606
38 48 6783
38 50 4160
38 53 4158
38 57 5727
38 64 8246
38 67 7072
38 68 4101
38 70 8757
38 77 7573
38 78 3086
38 80 4310
38 81 1259
38 87 4442
38 89 9015
38 99 2630
38 102 6168
38 110 8952
38 119 9179
38 120 9829
38 124 3366
38 128 4021
38 142 9139
38 154 8256
38 158 4446
38 160 164
38 168 719
38 169 4116
38 176 4791
38 178 1441
38 179 5223
38 181 7990
38 184 2690
38 185 1927
38 195 9437
38 199 1092
38 202 3956
38 204 3480
38 205 103
38 212 7537
38 213 3307
38 217 441
38 218 3719
38 219 2699
39 43 6000
39 45 8949
39 51 4153
39 52 1706
39 53 8950
39 65 8114
39 66 2668
39 70 4448
39 71 7153
39 72 4009
39 73 3381
39 77 9688
39 91 9008
39 93 2529
39 95 1619
39 96 3688
39 98 3232
39 99 5259
39 103 9757
39 108 7860
39 109 2056
39 110 3185
39 120 3779
39 121 9262
39 138 9625
39 141 3141
39 145 6164
39 147 1056
39 149 4332
39 150 1996
39 152 9033
39 155 367
39 164 1201
39 166 2951
39 176 3282
39 190 1552
39 191 3363
39 192 7970
39 193 342
39 194 3972
39 195 2752
39 197 2758
39 200 8699
39 202 8327
39 215 3237
40 46 2688
40 61 5755
40 65 5794
40 67 3265
40 80 1404
40 84 5528
40 87 1617
40 94 784
40 95 6606
40 97 3500
40 101 8205
40 102 8352
40 104 994
40 106 9901
40 107 7792
40 109 4841
40 110 8912
40 111 4502
40 116 8324
40 119 8877
40 121 3298
40 122 2611
40 125 6474
40 129 8710
40 134 2491
40 135 410
40 138 9542
40 140 4920
40 143 2746
40 145 6518
40 146 6402
40 150 1599
40 151 1447
40 152 3802
40 154 7700
40 156 3995
40 158 3244
40 161 2748
40 164 9761
40 168 8078
40 175 2480
40 176 6860
40 180 1412
40 196 694
40 200 2170
40 201 8302
40 204 3151
40 205 4946
40 208 3552
40 210 724
40 212 3977
40 213 9893
40 215 3199
41 43 6300
41 44 1209
41 47 6480
41 48 1886
41 49 826
41 50 1027
41 52 1226
41 55 4812
41 58 7942
41 60 6568
41 66 5197
41 89 4980
41 96 6889
41 98 824
41 119 8027
41 120 7965
41 129 4408
41 135 7465
41 136 2826
41 145 7498
41 159 7929
41 162 4436
41 163 1299
41 164 3372
41 170 2775
41 171 7466
41 175 7990
41 178 2244
41 180 1678
41 193 2766
41 210 105
41 214 4166
41 219 7362
41 220 725
42 48 3117
42 55 2999
42 56 8983
42 59 1116
42 63 4079
42 64 9152
42 72 8834
42 76 1955
42 87 2223
42 97 1283
42 100 814
42 105 3265
42 110 9141
42 114 9402
42 125 4987
42 130 4670
42 132 5873
42 136 6164
42 137 5465
42 141 1091
42 142 1104
42 147 2649
42 148 3429
42 152 6763
42 157 1508
42 160 1006
42 164 90
42 167 9875
42 170 4103
42 172 9435
42 175 5619
42 182 5688
42 183 589
42 188 14
42 197 2298
42 201 3274
42 202 1023
42 206 4552
42 209 7071
42 211 2150
42 212 6198
42 219 2177
43 51 6887
43 63 1132
43 71 1377
43 73 7676
43 88 4174
43 92 2108
43 94 3715
43 96 2442
43 102 4347
43 106 3083
43 108 6115
43 109 7909
43 111 6413
43 112 9762
43 121 1058
43 127 868
43 129 2348
43 132 1885
43 135 7426
43 137 7706
43 141 2408
43 143 7610
43 149 235
43 151 9025
43 154 1599
43 163 4290
43 164 1498
43 166 7550
43 167 4242
43 169 5282
43 171 9840
43 174 9135
43 183 2386
43 191 5497
43 197 9966
43 198 3507
43 200 6614
43 206 7747
43 209 2639
43 213 8428
43 217 2315
43 218 7532
43 219 4011
44 46 61
44 48 4952
44 53 3512
44 55 5123
44 60 9405
44 68 8244
44 75 9508
44 77 5736
44 84 7033
44 85 7085
44 102 3555
44 111 9034
44 113 9660
44 117 2242
44 119 900
44 126 4922
44 132 6770
44 135 6226
44 137 467
44 138 6748
44 139 6342
44 142 7970
44 151 5573
44 152 7886
44 154 7689
44 155 4932
44 156 8401
44 161 3463
44 172 8899
44 178 7534
44 183 4608
44 186 8259
44 188 7220
44 191 8963
44 192 1734
44 193 1676
44 203 9030
44 212 9696
44 218 7981
44 221 9925
45 48 7083
45 49 5974
45 50 5365
45 51 3289
45 52 5057
45 56 7877
45 57 1765
45 63 3781
45 67 3163
45 69 2064
45 72 8383
45 75 2795
45 82 7521
45 84 8576
45 90 9003
45 93 6785
45 96 1755
45 100 4570
45 108 7932
45 110 1798
45 112 5445
45 114 4174
45 115 2934
45 118 2337
45 125 8854
45 141 5238
45 143 8056
45 145 5772
45 151 8311
45 153 1746
45 156 4387
45 160 6922
45 164 3519
45 167 1544
45 168 8707
45 172 3067
45 174 5732
45 177 3362
45 186 8760
45 193 5479
45 204 907
45 209 4298
45 218 8590
45 221 7506
46 50 5967
46 68 44
46 74 9411
46 77 5382
46 78 9571
46 84 1038
46 87 8654
46 88 3420
46 90 5093
46 93 9229
46 104 232
46 107 9029
46 111 8079
46 115 405
46 126 1018
46 138 7545
46 140 9756
46 141 7526
46 142 4244
46 145 8556
46 149 1793
46 150 7471
46 154 5545
46 156 7836
46 158 1487
46 170 4763
46 173 2374
46 176 3253
46 177 2073
46 179 9098
46 180 6820
46 182 5767
46 191 5787
46 193 6292
46 194 2805
46 198 6084
46 203 5517
46 214 4137
46 216 3459
46 220 3105
47 48 8025
47 49 5446
47 56 3420
47 60 5422
47 62 8532
47 80 4888
47 81 6324
47 82 8081
47 84 8866
47 90 2529
47 91 2914
47 92 3996
47 93 6101
47 97 752
47 100 7284
47 101 5536
47 102 2139
47 117 1476
47 118 8368
47 122 8341
47 125 1077
47 126 9732
47 140 335
47 142 995
47 144 5587
47 146 5791
47 148 5418
47 149 4022
47 166 6703
47 167 7046
47 168 8676
47 169 8617
47 172 3528
47 174 4632
47 176 4602
47 180 2956
47 182 8402
47 185 6278
47 188 3705
47 190 4402
47 193 5504
47 205 172
47 211 6390
47 214 7696
48 50 7136
48 52 3338
48 53 7814
48 57 5181
48 58 451
48 59 5888
48 63 182
48 64 7683
48 66 3012
48 69 2329
48 77 5626
48 80 9856
48 87 4162
48 88 377
48 90 3784
48 95 4222
48 97 7595
48 100 5318
48 108 397
48 117 5760
48 119 2953
48 120 893
48 123 5407
48 140 8512
48 151 6953
48 154 9420
48 157 7218
48 158 3151
48 160 3675
48 165 3274
48 180 226
48 182 9110
48 185 6745
48 193 8073
48 211 7065
49 51 8042
49 53 8103
49 55 1751
49 59 7352
49 63 1481
49 65 841
49 75 446
49 78 8775
49 91 5104
49 98 2700
49 99 3888
49 101 3110
49 103 4529
49 104 3415
49 107 1129
49 112 5009
49 116 3806
49 120 8428
49 121 1690
49 125 2228
49 126 7524
49 128 2800
49 133 5923
49 139 7986
49 140 8913
49 146 4126
49 153 6493
49 160 8584
49 165 4884
49 182 5559
49 184 2998
49 193 8282
49 194 3867
49 199 3322
49 200 6455
49 202 7921
49 205 8913
49 209 2112
49 210 2955
49 212 9615
49 214 7470
49 215 6295
49 218 9926
49 221 6257
50 53 6330
50 54 6167
50 67 2708
50 68 7510
50 73 4152
50 74 400
50 76 8405
50 84 5169
50 93 7625
50 95 6774
50 99 274
50 109 6385
50 115 3600
50 117 6087
50 123 4886
50 127 8136
50 132 7898
50 137 2046
50 138 9186
50 139 1922
50 143 1443
50 144 7345
50 145 2931
50 149 8726
50 158 1698
50 160 5542
50 170 7065
50 179 3482
50 192 6913
50 193 4848
50 194 7368
50 197 906
50 208 9349
50 209 7626
50 212 6637
50 220 4211
51 53 4950
51 62 1358
51 72 7787
51 83 8423
51 86 4800
51 89 8649
51 99 6565
51 101 9963
51 102 6546
51 104 6947
51 110 1424
51 120 9597
51 129 5991
51 133 1945
51 134 6164
51 140 1794
51 142 1070
51 152 7388
51 153 1313
51 154 3552
51 155 2285
51 159 5959
51 160 7494
51 162 7424
51 163 9462
51 171 5830
51 173 582
51 177 6397
51 186 3028
51 192 4224
51 196 4809
51 203 1301
51 204 3249
51 213 2513
51 214 1981
51 216 7548
52 54 594
52 55 2900
52 56 7128
52 57 3463
52 58 3464
52 61 3909
52 62 9183
52 68 2237
52 71 3755
52 74 2954
52 75 1447
52 90 5639
52 97 3876
52 102 7559
52 105 1303
52 114 1752
52 116 7107
52 122 7454
52 123 8494
52 125 7706
52 128 959
52 129 949
52 133 1968
52 136 9792
52 137 5300
52 142 2543
52 151 7210
52 153 927
52 154 2635
52 157 3549
52 159 2817
52 176 9669
52 179 5480
52 187 1892
52 195 465
52 203 9047
52 205 4488
52 206 1218
52 209 3581
52 215 8972
53 54 8102
53 57 9094
53 61 2449
53 62 7240
53 63 5401
53 64 2414
53 68 8801
53 72 2900
53 73 8352
53 75 9820
53 76 4804
53 79 5489
53 88 6941
53 93 614
53 102 208
53 105 8606
53 108 5036
53 109 7491
53 114 5519
53 116 7496
53 118 9142
53 120 1209
53 125 1272
53 126 2451
53 127 1603
53 131 2296
53 133 9182
53 143 820
53 146 8814
53 151 9883
53 158 466
53 160 4007
53 162 8350
53 165 4763
53 167 4796
53 174 219
53 176 730
53 177 5530
53 182 4013
53 186 9154
53 188 2966
53 201 905
53 205 379
53 208 1094
53 215 7956
53 217 9202
53 218 3363
54 55 366
54 57 5917
54 64 3727
54 65 9288
54 67 8773
54 72 4968
54 77 2266
54 78 9771
54 80 767
54 81 6654
54 88 1055
54 90 6812
54 97 9154
54 102 5965
54 105 5141
54 108 8014
54 113 3789
54 115 2724
54 120 701
54 122 8959
54 123 7004
54 124 9497
54 134 4878
54 135 6110
54 136 6544
54 138 7551
54 140 2642
54 150 1718
54 151 4063
54 159 979
54 161 3962
54 163 4258
54 182 1698
54 187 7344
54 193 7166
54 202 2951
54 204 3683
54 207 3097
54 208 2157
54 209 3401
54 216 1857
54 217 9598
54 219 5156
55 56 4591
55 59 7064
55 60 6468
55 62 1006
55 64 2194
55 68 5104
55 74 4919
55 76 8640
55 81 1484
55 84 3873
55 88 8983
55 94 9300
55 95 9361
55 99 3045
55 104 5954
55 105 7550
55 111 6842
55 116 7579
55 118 2868
55 121 4689
55 124 5900
55 126 6822
55 131 7991
55 134 2822
55 142 3660
55 153 5040
55 154 3801
55 156 6944
55 157 3371
55 162 7184
55 171 2144
55 173 7741
55 177 4211
55 179 6111
55 180 5261
55 184 1471
55 196 1997
55 203 6880
55 207 9236
55 210 2662
55 213 6966
55 215 2785
55 218 4438
55 220 636
56 58 7256
56 60 8418
56 67 6797
56 68 417
56 69 5605
56 79 7545
56 87 3354
56 93 6488
56 95 8125
56 98 7552
56 114 7590
56 116 7409
56 119 9158
56 123 8434
56 127 9605
56 131 3617
56 134 8469
56 135 9284
56 141 4933
56 151 4049
56 155 3604
56 157 4722
56 159 2322
56 163 185
56 164 6645
56 167 5217
56 170 532
56 178 8168
56 179 5302
56 184 228
56 186 5495
56 188 4403
56 190 7825
56 196 3689
56 201 7065
56 203 8765
56 205 35
56 207 6508
56 212 7782
56 215 6314
56 216 2190
56 217 6326
56 220 2441
57 58 1955
57 63 9705
57 65 6029
57 70 336
57 71 7109
57 77 2947
57 81 9866
57 87 9084
57 88 1567
57 103 933
57 106 6781
57 109 8804
57 115 8400
57 120 1717
57 124 5759
57 127 3275
57 128 459
57 131 6416
57 133 4679
57 135 5884
57 141 9187
57 143 8686
57 152 4655
57 160 6530
57 162 1134
57 170 3126
57 174 1891
57 175 6798
57 188 9697
57 189 8561
57 190 3478
57 192 9183
57 195 687
57 196 3863
57 197 5821
57 199 732
57 205 8949
57 210 7413
57 212 342
57 216 5395
58 60 1940
58 63 7642
58 64 904
58 70 5557
58 74 8303
58 76 1455
58 78 1014
58 79 2674
58 84 8719
58 89 5453
58 97 3933
58 105 5410
58 106 2178
58 108 383
58 112 8553
58 113 2052
58 116 5930
58 121 5723
58 128 7097
58 130 8346
58 132 4416
58 134 8809
58 139 5883
58 142 5574
58 143 2233
58 149 7701
58 151 8622
58 152 1351
58 159 9082
58 167 5476
58 169 9098
58 170 4859
58 171 4897
58 172 7537
58 176 197
58 181 2446
58 192 6103
58 193 7039
58 194 8410
58 198 7442
58 206 1761
58 208 5030
58 210 9674
58 211 4922
58 213 3639
58 214 6816
58 217 861
58 218 593
58 220 5974
59 63 4682
59 64 9266
59 66 3710
59 71 2104
59 74 5434
59 76 8029
59 78 2499
59 79 6543
59 80 5751
59 85 6961
59 86 8276
59 91 603
59 102 3256
59 118 3492
59 119 6596
59 127 6532
59 132 5228
59 136 6090
59 140 2354
59 145 5353
59 148 8767
59 150 2647
59 152 536
59 155 979
59 161 6076
59 163 7256
59 164 7524
59 167 2749
59 171 4845
59 177 3480
59 180 3340
59 182 5409
59 194 7937
59 196 2670
59 199 7254
59 205 3266
59 209 9452
59 210 6700
59 212 908
59 213 9862
59 215 3699
59 217 6286
59 220 7333
60 62 3778
60 64 2145
60 72 4471
60 75 2756
60 76 5928
60 81 5253
60 87 82
60 95 2829
60 104 3830
60 113 4226
60 117 3337
60 122 9395
60 124 613
60 126 6590
60 127 8800
60 129 6839
60 132 3975
60 133 7931
60 135 8754
60 142 9721
60 143 2483
60 144 1789
60 145 3031
60 151 1528
60 152 7916
60 168 465
60 169 2387
60 174 832
60 180 1775
60 181 5859
60 183 182
60 186 7470
60 192 694
60 193 9143
60 195 4273
60 198 7808
60 206 4603
60 207 6843
60 209 6615
60 216 1398
60 217 3767
61 65 2710
61 67 5126
61 69 4538
61 72 1463
61 76 6023
61 97 5757
61 98 3236
61 99 2704
61 102 8315
61 108 9190
61 110 7843
61 116 8110
61 120 7987
61 127 7413
61 128 9243
61 129 4391
61 130 4645
61 133 1231
61 137 5147
61 140 7863
61 141 9286
61 144 7215
61 151 3016
61 152 8880
61 155 8991
61 156 3274
61 157 7175
61 165 7410
61 166 5661
61 170 6347
61 171 6343
61 178 8026
61 191 9147
61 199 9620
61 204 7523
61 214 3089
61 220 4219
62 67 5075
62 70 4981
62 71 7575
62 72 9236
62 74 8816
62 76 379
62 77 6806
62 78 5595
62 87 9935
62 91 962
62 93 6489
62 98 485
62 100 5969
62 101 4485
62 102 7728
62 109 438
62 112 1404
62 124 7272
62 125 6578
62 126 5014
62 131 7456
62 136 4718
62 137 8184
62 140 2056
62 143 555
62 148 6456
62 150 9224
62 155 480
62 159 1581
62 160 3130
62 167 8310
62 168 9863
62 173 5193
62 176 5581
62 178 8314
62 179 2865
62 182 8486
62 185 8012
62 191 3463
62 194 2102
62 197 8580
62 198 9565
62 205 6759
62 206 2131
62 208 8499
62 221 8254
63 66 8245
63 69 348
63 70 422
63 71 7844
63 77 2700
63 78 6051
63 81 9960
63 83 9645
63 88 9506
63 91 3184
63 92 802
63 107 2482
63 111 7169
63 123 8063
63 126 3967
63 127 5683
63 128 7717
63 129 841
63 132 7082
63 134 6229
63 138 8821
63 140 1168
63 159 9106
63 160 4007
63 161 5028
63 165 8149
63 166 9540
63 167 2770
63 170 660
63 174 7095
63 178 4850
63 179 9463
63 181 7541
63 182 3780
63 187 3490
63 188 433
63 189 1097
63 190 6462
63 193 1029
63 194 8073
63 195 1444
63 200 3862
63 201 9824
63 205 1609
63 219 6498
64 66 5010
64 68 7348
64 73 4077
64 74 3039
64 76 7045
64 84 3284
64 86 988
64 92 5706
64 93 3169
64 94 624
64 101 2167
64 107 8703
64 110 5142
64 119 8293
64 122 4240
64 124 4738
64 128 1631
64 130 6973
64 131 2251
64 133 1012
64 137 1758
64 143 5006
64 152 6575
64 153 8244
64 155 4208
64 156 4441
64 168 5523
64 172 2057
64 177 4358
64 194 8055
64 200 34
64 205 7752
64 206 1196
64 207 5356
64 212 6231
64 214 7388
64 216 579
64 217 8383
65 67 4457
65 70 4290
65 75 1256
65 76 5048
65 79 9111
65 80 6915
65 84 2238
65 86 2250
65 87 9663
65 91 3270
65 92 5637
65 95 4659
65 96 3911
65 102 1326
65 111 6018
65 119 5231
65 123 9437
65 125 6061
65 126 6519
65 132 6712
65 144 7649
65 145 3463
65 150 3680
65 151 2834
65 152 6656
65 154 961
65 161 545
65 164 1091
65 166 8718
65 167 9183
65 168 9808
65 171 7617
65 180 4396
65 182 9335
65 183 3554
65 184 7536
65 187 8944
65 190 7195
65 194 9048
65 198 1524
65 202 31
65 205 8684
65 209 6059
65 213 7124
65 214 1324
66 67 7685
66 74 3866
66 75 4358
66 78 6111
66 80 8276
66 83 6679
66 87 8717
66 88 9900
66 91 5244
66 95 8269
66 96 6798
66 103 1192
66 106 5896
66 107 4200
66 110 6928
66 113 9149
66 115 3943
66 120 6703
66 123 5890
66 131 3422
66 133 1425
66 135 5537
66 137 4924
66 146 9231
66 153 7093
66 165 1000
66 166 7112
66 170 1674
66 171 9829
66 173 5121
66 175 250
66 176 6632
66 180 6700
66 181 8805
66 184 1975
66 185 1953
66 186 4632
66 197 4523
66 198 7745
66 199 8069
66 201 1066
66 207 7752
66 212 241
66 214 2930
66 217 8344
67 71 2257
67 72 6511
67 74 430
67 77 9206
67 78 2134
67 79 6239
67 83 7818
67 84 3762
67 89 9621
67 90 3175
67 95 2174
67 102 327
67 103 3567
67 104 5065
67 105 7663
67 107 4478
67 108 5868
67 109 9110
67 118 8703
67 119 3428
67 123 1665
67 124 5996
67 129 4551
67 136 2109
67 138 6046
67 141 6387
67 147 8229
67 150 3833
67 155 6823
67 162 4980
67 163 5425
67 166 4986
67 169 9307
67 170 6744
67 178 6076
67 179 8822
67 182 5832
67 184 7342
67 186 6043
67 189 8991
67 194 9472
67 196 1904
67 197 1348
67 198 3806
67 199 3864
67 201 3337
67 207 6534
67 215 1541
67 221 2365
68 69 7715
68 71 6197
68 74 1254
68 76 7152
68 78 2976
68 79 997
68 83 2975
68 88 4734
68 91 6530
68 94 64
68 109 2192
68 115 133
68 118 3505
68 123 8782
68 124 8036
68 126 80
68 128 5776
68 129 9794
68 130 9240
68 134 4068
68 140 8037
68 142 6483
68 143 7718
68 149 9737
68 156 3038
68 157 9148
68 162 1199
68 169 6950
68 170 9465
68 171 7943
68 173 1281
68 176 2821
68 185 2344
68 187 326
68 192 3433
68 193 8126
68 205 7549
68 207 8069
68 208 5005
68 210 4887
68 212 605
68 215 319
69 71 3805
69 81 1225
69 82 3582
69 84 2151
69 85 875
69 86 8400
69 89 4004
69 90 3749
69 92 7764
69 97 532
69 100 4868
69 112 8767
69 117 9047
69 118 7385
69 127 6548
69 128 4587
69 129 9644
69 138 6940
69 140 1337
69 146 4235
69 147 2088
69 151 1835
69 173 2317
69 187 7779
69 188 7631
69 189 6971
69 191 9583
69 197 1092
69 202 8070
69 205 1330
69 206 6766
69 209 2417
69 211 2041
69 212 597
69 217 5819
69 221 3468
70 72 9116
70 74 7875
70 75 9302
70 76 3550
70 80 6879
70 82 738
70 83 9881
70 98 4754
70 106 4780
70 108 1457
70 111 6613
70 114 7624
70 119 8917
70 125 1592
70 132 2099
70 137 7025
70 149 3271
70 158 289
70 162 8296
70 164 6416
70 167 6437
70 168 7531
70 176 9005
70 179 2380
70 184 9028
70 188 6942
70 189 1017
70 191 9185
70 197 7274
70 200 1393
70 201 6749
70 208 994
70 211 5015
70 215 7523
71 72 4629
71 74 646
71 75 6201
71 77 3640
71 80 2956
71 83 5117
71 85 7527
71 86 873
71 88 6341
71 90 5317
71 91 5567
71 92 5357
71 97 5495
71 109 817
71 114 9701
71 118 4474
71 123 6615
71 134 7737
71 136 2462
71 139 4482
71 142 4257
71 143 3350
71 144 1444
71 147 8373
71 148 2304
71 149 146
71 150 4253
71 153 6657
71 155 7648
71 161 8941
71 162 557
71 168 6827
71 172 4242
71 174 5473
71 175 3952
71 177 1125
71 184 2171
71 186 5640
71 190 2082
71 192 5612
71 193 8869
71 197 8553
71 218 2723
72 75 6106
72 76 8831
72 78 7510
72 82 2434
72 85 9295
72 90 6751
72 99 6922
72 100 8520
72 109 3499
72 112 5860
72 114 7787
72 116 484
72 118 4143
72 121 2254
72 122 7345
72 130 7803
72 135 5415
72 137 9693
72 141 2400
72 143 4737
72 146 921
72 147 8247
72 149 5411
72 153 3846
72 154 290
72 155 8244
72 157 5595
72 168 3229
72 175 9899
72 176 6297
72 179 6835
72 183 8069
72 184 1885
72 193 2649
72 198 3725
72 199 5866
72 200 6074
72 204 3712
72 206 7989
72 208 6580
72 213 7202
72 214 7078
72 221 9936
73 76 1069
73 80 3431
73 82 8317
73 99 4324
73 110 7540
73 121 1272
73 123 8077
73 124 4483
73 133 7692
73 140 3907
73 148 5256
73 160 6308
73 162 3851
73 165 8741
73 167 1701
73 170 5352
73 173 6004
73 174 1584
73 176 5526
73 177 970
73 178 6360
73 181 878
73 184 9358
73 188 6708
73 191 5440
73 194 7263
73 204 4880
73 212 6808
73 213 2320
73 215 3814
74 83 4681
74 84 8924
74 100 64
74 104 6023
74 107 9988
74 108 7315
74 110 7705
74 111 5648
74 115 9712
74 116 4380
74 120 5848
74 121 3499
74 122 3809
74 124 1053
74 125 1834
74 126 1791
74 127 4085
74 132 8122
74 145 2212
74 146 494
74 149 9341
74 150 7550
74 153 2948
74 155 9976
74 158 3412
74 165 1701
74 167 4141
74 168 8522
74 178 162
74 180 6020
74 184 8852
74 188 2911
74 198 513
74 202 3278
74 203 3801
74 205 2814
74 206 6637
74 208 9122
75 76 7396
75 82 3911
75 84 4367
75 95 9948
75 101 5985
75 102 7676
75 105 3897
75 110 9656
75 112 377
75 113 7094
75 114 1781
75 115 9200
75 118 9739
75 145 6902
75 147 7403
75 150 5876
75 151 4245
75 156 3595
75 164 9437
75 170 4093
75 173 5484
75 184 1045
75 185 3088
75 191 8000
75 192 8357
75 194 4239
75 196 9879
75 201 5844
75 206 1003
75 212 2975
75 215 3021
76 78 5159
76 81 8169
76 84 4586
76 88 9047
76 91 1528
76 93 7523
76 94 626
76 108 3396
76 109 3751
76 126 4271
76 127 6567
76 133 1606
76 136 3145
76 139 7871
76 142 7592
76 147 999
76 148 8914
76 166 2646
76 168 4973
76 170 1875
76 181 7369
76 184 7440
76 199 3843
76 207 9546
76 214 9924
76 216 3195
76 217 1566
77 82 9887
77 102 8020
77 107 7350
77 108 2923
77 114 9569
77 118 4741
77 127 4102
77 130 3780
77 132 9203
77 137 4662
77 141 5979
77 144 3881
77 145 2492
77 147 546
77 151 9934
77 154 3144
77 158 8532
77 167 1276
77 168 616
77 169 6040
77 170 571
77 173 9214
77 181 3497
77 183 1280
77 187 7378
77 190 7665
77 195 4312
77 198 3443
77 199 7282
77 200 1562
77 203 6366
77 204 1000
77 208 9506
77 213 3591
78 82 3162
78 87 6276
78 89 2315
78 97 4292
78 107 2510
78 118 2724
78 123 4956
78 127 1086
78 138 8638
78 145 3531
78 146 7259
78 149 3982
78 158 8805
78 160 5571
78 161 5287
78 163 4079
78 166 9112
78 170 2744
78 179 9286
78 181 5518
78 182 6955
78 186 1201
78 191 9340
78 195 5926
78 196 9546
78 219 3594
78 220 8291
79 86 1609
79 91 4736
79 95 46
79 96 5878
79 101 6212
79 103 52
79 105 923
79 107 880
79 108 1892
79 113 8906
79 114 1573
79 118 5979
79 127 1210
79 129 8958
79 130 277
79 143 152
79 150 1875
79 153 8724
79 155 6565
79 158 1253
79 166 9498
79 172 6329
79 192 9153
79 198 4163
79 201 56
79 202 4950
79 203 4482
79 204 2389
79 205 9630
79 208 6419
79 210 5800
79 213 1263
79 214 1415
79 215 844
79 216 8692
79 217 6043
79 218 470
79 220 3723
80 83 7102
80 84 5976
80 93 8922
80 94 4530
80 96 3351
80 99 4137
80 100 5396
80 105 3848
80 112 1094
80 118 5622
80 120 5984
80 121 7154
80 124 2611
80 137 7233
80 140 5225
80 143 8521
80 144 9796
80 145 855
80 150 1301
80 155 1952
80 156 4850
80 160 5799
80 161 3932
80 164 8553
80 170 8170
80 172 7061
80 174 6955
80 175 9849
80 177 7633
80 179 2521
80 183 8818
80 186 6972
80 187 7916
80 188 3195
80 201 1414
80 205 5492
80 208 7217
80 211 1406
80 219 9811
80 220 1269
81 82 6193
81 84 981
81 92 8201
81 96 6983
81 103 6700
81 106 8284
81 109 3289
81 111 6437
81 114 3144
81 119 5328
81 127 6499
81 129 948
81 131 7220
81 135 4082
81 136 2863
81 139 5943
81 145 2337
81 149 8278
81 150 5160
81 156 1194
81 158 1346
81 160 3719
81 162 6416
81 174 5280
81 175 6825
81 176 8670
81 177 3421
81 178 9547
81 183 1397
81 185 7040
81 186 6615
81 188 4635
81 189 6143
81 190 5518
81 197 1407
81 201 3907
81 207 6428
81 210 2337
81 211 4821
81 215 8825
82 84 2228
82 91 7243
82 92 7460
82 93 9336
82 94 6201
82 105 1737
82 110 2585
82 113 321
82 115 7855
82 121 2494
82 124 5052
82 133 5777
82 146 1354
82 156 171
82 157 3687
82 161 4559
82 163 8892
82 165 8641
82 167 5473
82 169 7053
82 170 7586
82 174 9487
82 176 2597
82 179 6382
82 180 3269
82 189 8977
82 190 7303
82 196 7773
82 201 3070
82 203 843
82 204 5474
82 205 9919
82 208 6478
82 219 7310
82 221 5450
83 85 1883
83 90 9828
83 92 8540
83 94 262
83 99 9601
83 101 3735
83 115 387
83 120 7986
83 121 9463
83 124 9392
83 127 7469
83 129 1918
83 130 1358
83 134 2077
83 138 5426
83 140 9754
83 144 1794
83 146 386
83 147 6707
83 160 5707
83 162 8452
83 163 2879
83 164 1940
83 165 7382
83 172 9482
83 178 1540
83 180 1376
83 182 651
83 186 9570
83 191 7046
83 193 6572
83 196 7667
83 197 148
83 198 3095
83 199 1498
83 203 5146
83 210 9256
83 212 2311
83 216 6399
83 217 3921
83 219 4173
83 220 1029
84 85 520
84 87 8865
84 88 4830
84 92 1237
84 99 3457
84 114 3937
84 115 362
84 118 4461
84 130 565
84 131 7193
84 143 9295
84 150 3103
84 151 7447
84 153 6209
84 154 3933
84 155 7871
84 166 4184
84 167 5858
84 169 3913
84 172 8334
84 176 4634
84 177 8380
84 178 5270
84 180 9085
84 183 3871
84 186 9768
84 189 3119
84 193 3897
84 198 6524
84 200 3637
84 202 7790
84 204 7980
84 206 1435
84 210 118
84 214 5737
84 221 7483
85 88 6733
85 91 5768
85 92 1412
85 97 5581
85 107 5689
85 110 857
85 111 2788
85 122 6024
85 125 9905
85 130 725
85 131 7794
85 133 8283
85 135 8537
85 142 7793
85 145 8293
85 147 8374
85 148 1424
85 151 5641
85 159 6544
85 160 1051
85 161 282
85 162 9679
85 164 2301
85 168 2552
85 170 2674
85 179 2585
85 184 579
85 186 6177
85 199 9573
85 201 3424
85 211 884
85 215 4550
85 216 8158
85 217 588
85 219 6302
85 220 9307
86 91 133
86 92 7371
86 94 6065
86 98 2589
86 100 7580
86 104 5133
86 110 8669
86 111 4149
86 115 474
86 120 3197
86 123 6833
86 124 2578
86 128 9034
86 132 1820
86 135 9981
86 137 9742
86 139 3794
86 141 3233
86 144 4252
86 149 2323
86 158 8816
86 160 6887
86 164 4947
86 168 9873
86 170 2926
86 176 1606
86 177 7038
86 181 2997
86 183 9644
86 187 8804
86 192 3798
86 199 5236
86 204 3046
86 207 2176
86 208 9951
86 209 835
86 210 2504
86 212 9147
86 214 7627
86 215 292
86 216 3471
86 218 246
86 220 5477
87 97 6031
87 109 187
87 111 5320
87 112 2142
87 118 3172
87 126 650
87 127 5580
87 130 2575
87 132 1765
87 134 158
87 137 6506
87 150 1120
87 151 7207
87 154 5761
87 157 7475
87 159 1214
87 164 9837
87 166 9667
87 167 3432
87 174 4495
87 181 9771
87 183 6323
87 186 642
87 188 5843
87 193 6188
87 194 3889
87 195 3520
87 199 1139
87 203 2126
87 205 4999
87 206 7018
87 212 424
87 215 5112
87 217 980
87 219 1119
88 90 3235
88 103 4906
88 105 7835
88 111 694
88 112 8443
88 115 4088
88 120 1174
88 125 7775
88 130 1633
88 133 9964
88 135 7083
88 137 4225
88 139 4545
88 143 6917
88 148 5070
88 154 8404
88 156 9877
88 159 7718
88 161 7900
88 163 9942
88 169 6633
88 172 621
88 173 5682
88 174 2791
88 175 1347
88 179 3881
88 180 5100
88 185 4104
88 189 9825
88 196 8650
88 199 4673
88 202 2042
88 209 7856
88 210 5571
88 214 1371
88 217 8920
88 218 5534
89 93 4447
89 96 5769
89 102 4146
89 104 890
89 111 5312
89 116 4498
89 120 9926
89 122 901
89 126 6122
89 127 115
89 130 4873
89 132 9663
89 133 6380
89 137 2112
89 138 2014
89 139 4430
89 140 6493
89 141 4694
89 152 1527
89 154 7068
89 156 760
89 157 2687
89 163 3296
89 171 6504
89 175 825
89 177 8931
89 178 5814
89 179 3115
89 181 5559
89 182 959
89 183 5342
89 186 4514
89 196 1394
89 200 9873
89 202 6052
89 204 9820
89 212 3706
89 215 9754
89 216 9708
90 94 4565
90 98 6820
90 103 2922
90 106 9646
90 124 7750
90 125 8165
90 126 9601
90 127 5855
90 131 330
90 142 9172
90 143 4436
90 144 7523
90 146 6043
90 153 524
90 156 3363
90 160 4008
90 162 5752
90 166 6071
90 173 3611
90 175 5275
90 179 5094
90 180 5796
90 185 1751
90 186 9464
90 187 3286
90 189 9183
90 195 6091
90 198 4117
90 200 4518
90 202 319
90 206 4528
90 211 4265
90 212 4158
90 216 1404
90 220 1954
91 97 9527
91 99 3988
91 105 653
91 107 2734
91 113 6977
91 116 2353
91 123 1869
91 126 641
91 127 787
91 130 1214
91 136 7611
91 148 4563
91 150 2633
91 156 8351
91 158 5136
91 159 9830
91 170 3659
91 171 8337
91 172 2952
91 174 4901
91 176 7248
91 179 5552
91 186 5019
91 190 6784
91 201 4118
91 203 913
91 204 1858
91 206 9616
91 210 9408
91 212 8489
91 213 7351
91 214 4572
92 93 4335
92 96 2064
92 100 1563
92 102 2568
92 105 58
92 115 8305
92 116 4657
92 119 8938
92 122 107
92 131 3769
92 132 531
92 135 8383
92 136 2513
92 137 287
92 138 5093
92 144 5461
92 145 6592
92 149 3969
92 151 7572
92 152 2019
92 155 9249
92 156 8891
92 163 1738
92 164 5287
92 179 5885
92 180 7565
92 195 7394
92 196 1954
92 197 8320
92 204 1155
92 208 4223
92 211 497
92 212 1918
92 215 1768
92 219 9521
93 99 2358
93 105 7663
93 109 3492
93 111 9406
93 112 5605
93 116 5918
93 117 8962
93 118 4676
93 119 1645
93 121 6014
93 124 3236
93 125 9542
93 127 7084
93 131 9749
93 132 9717
93 139 3071
93 142 8179
93 150 6534
93 152 7771
93 153 8144
93 155 9872
93 156 2056
93 170 6545
93 178 6262
93 184 8702
93 187 2604
93 188 4921
93 194 8877
93 204 2060
93 206 8043
93 210 5827
93 215 1934
93 216 2531
93 220 5342
94 100 6587
94 104 2133
94 107 41
94 117 521
94 119 8009
94 124 3938
94 127 9604
94 129 1156
94 131 6606
94 134 9033
94 138 1396
94 139 6983
94 141 336
94 149 6212
94 156 7452
94 161 3481
94 162 8386
94 163 2324
94 167 7336
94 177 1397
94 179 4739
94 180 5297
94 181 4551
94 182 9103
94 186 7708
94 190 7297
94 193 1565
94 194 985
94 195 7957
94 200 7661
94 202 5797
94 203 5554
94 209 2070
95 96 7497
95 98 8236
95 107 5528
95 108 2209
95 110 7369
95 118 746
95 120 272
95 124 3382
95 129 5304
95 134 8881
95 136 246
95 145 7110
95 148 4437
95 151 2216
95 152 6795
95 154 8351
95 167 7282
95 171 6567
95 172 8134
95 174 37
95 176 6878
95 177 4923
95 183 9195
95 187 7399
95 188 8299
95 190 140
95 200 2284
95 206 8697
95 207 4294
95 208 4240
95 212 1953
95 218 3044
95 219 563
96 97 4355
96 107 6408
96 109 1742
96 111 5241
96 114 1646
96 118 503
96 120 2488
96 121 4399
96 126 8392
96 129 1775
96 130 6868
96 132 3302
96 134 1498
96 135 439
96 137 1861
96 139 854
96 145 7522
96 146 4824
96 153 6727
96 156 1300
96 160 6882
96 161 4715
96 164 8667
96 167 1056
96 169 6349
96 172 9431
96 178 1231
96 179 2973
96 180 8811
96 191 7910
96 207 1530
96 209 9743
96 210 19
96 211 4986
96 213 2177
96 216 2060
96 219 850
97 99 8185
97 106 8311
97 113 4690
97 114 108
97 120 2297
97 122 356
97 127 2226
97 135 4404
97 139 7354
97 149 7554
97 160 9366
97 161 3284
97 162 6881
97 178 6002
97 179 2229
97 180 6404
97 182 2997
97 186 7559
97 193 5363
97 197 8880
97 201 500
97 205 1035
97 207 2225
97 208 8605
97 221 2691
98 99 5132
98 100 5172
98 101 6725
98 102 7772
98 111 4568
98 118 6131
98 128 9403
98 132 1757
98 133 2217
98 141 6725
98 149 3779
98 150 9409
98 151 854
98 157 8739
98 159 2794
98 160 1539
98 162 1207
98 175 8056
98 179 5045
98 181 4879
98 183 6363
98 185 213
98 187 2601
98 191 7137
98 198 3530
98 201 7907
98 206 2663
98 208 4795
98 216 9340
98 218 6788
98 220 1642
99 100 4496
99 101 6451
99 106 5610
99 110 1040
99 113 1445
99 117 2852
99 118 4596
99 119 7752
99 120 4079
99 122 8265
99 134 7151
99 135 3244
99 137 7501
99 141 4367
99 144 6022
99 149 7279
99 151 9056
99 152 2978
99 154 3972
99 163 107
99 170 3642
99 171 30
99 172 8154
99 180 6187
99 184 8914
99 186 6115
99 196 8419
99 197 4680
99 208 4180
99 209 3925
99 216 3207
99 218 4973
99 219 9923
99 220 2221
100 102 1040
100 103 1336
100 108 7334
100 119 5677
100 129 1640
100 130 8304
100 132 7488
100 136 155
100 139 4673
100 140 5153
100 146 8510
100 148 4909
100 150 1026
100 158 7086
100 161 5928
100 175 7395
100 183 6707
100 185 2150
100 193 2807
100 206 5207
100 210 7895
100 219 4921
101 102 5930
101 112 3193
101 114 4131
101 115 6168
101 121 1494
101 123 1008
101 134 919
101 137 746
101 142 8260
101 144 4691
101 145 2449
101 160 3296
101 161 6554
101 164 2981
101 174 3720
101 176 1738
101 178 7809
101 181 7006
101 182 4816
101 183 7059
101 187 2108
101 191 6631
101 196 4343
101 198 6181
101 199 1448
101 205 4893
101 212 7031
101 220 8159
101 221 2615
102 104 1359
102 105 2113
102 108 688
102 109 5879
102 110 6900
102 113 4498
102 114 533
102 115 6931
102 118 6550
102 124 9722
102 125 3635
102 133 2471
102 140 7601
102 141 3750
102 145 3756
102 149 1084
102 153 3643
102 154 21
102 164 4561
102 166 112
102 169 8782
102 173 1658
102 175 327
102 176 3791
102 178 1746
102 180 6900
102 186 5097
102 193 4879
102 198 213
102 201 1422
102 203 7609
102 205 1080
102 208 9289
102 215 340
102 216 3041
102 219 8803
102 221 8111
103 109 9219
103 115 3432
103 118 1139
103 122 7264
103 126 7881
103 127 2727
103 135 3587
103 136 9182
103 140 2646
103 142 4475
103 143 3654
103 150 4805
103 160 216
103 163 7427
103 168 7460
103 172 1513
103 179 6855
103 182 3443
103 186 1352
103 194 2667
103 199 8016
103 201 1573
103 203 4029
103 205 790
103 208 6758
103 212 4737
103 214 9848
103 216 2863
103 217 9449
103 221 6456
104 110 7299
104 111 5304
104 112 3332
104 117 8247
104 119 1780
104 121 5271
104 123 6146
104 124 8664
104 129 6324
104 131 7905
104 149 4051
104 154 4280
104 156 5081
104 161 3392
104 162 3997
104 172 7357
104 173 7436
104 182 2682
104 184 8472
104 185 8295
104 190 684
104 195 6700
104 197 582
104 198 9211
104 200 9461
104 201 3896
104 204 4856
104 206 8391
104 207 9645
104 208 5453
104 211 9483
104 212 9678
104 214 2600
104 215 7265
104 216 1178
104 219 1726
105 116 7298
105 126 6277
105 130 6189
105 132 6483
105 137 5344
105 143 2216
105 144 2182
105 146 5282
105 149 9194
105 154 4909
105 164 4993
105 179 2528
105 181 4900
105 183 9633
105 197 1315
105 202 5114
105 207 9656
105 210 2888
105 215 9716
105 219 3893
106 118 2699
106 122 9886
106 129 4798
106 132 6975
106 144 7315
106 148 4575
106 158 9420
106 166 8535
106 167 8663
106 177 7012
106 178 4651
106 180 4992
106 192 8458
106 193 444
106 196 7049
106 198 427
106 201 6229
106 203 9510
106 205 3449
106 208 9342
106 211 8584
106 212 3065
106 219 3483
106 220 2055
107 109 1888
107 110 4413
107 117 4508
107 118 7280
107 119 1803
107 121 6642
107 125 3207
107 127 777
107 136 2593
107 142 1984
107 145 435
107 150 6295
107 160 4993
107 162 3128
107 166 9487
107 167 1267
107 171 3719
107 176 6412
107 178 4821
107 196 6848
107 201 1762
107 202 2548
107 203 7314
107 206 9545
107 218 5456
107 221 3568
108 109 4299
108 115 8591
108 119 5235
108 127 5449
108 129 3060
108 130 5236
108 131 8512
108 133 6211
108 137 4200
108 144 5752
108 145 5422
108 147 1903
108 150 7441
108 154 4329
108 157 2613
108 158 6615
108 160 7850
108 164 9313
108 166 6443
108 167 9765
108 168 9507
108 169 4455
108 171 7627
108 172 4066
108 175 6621
108 176 2103
108 179 6111
108 187 2079
108 191 1490
108 201 5380
108 203 1083
108 204 3896
108 206 3265
108 207 6258
108 211 6885
108 217 5399
108 218 2630
108 219 6638
109 110 5183
109 112 1304
109 113 2524
109 120 1739
109 122 2179
109 136 8757
109 139 9111
109 142 6229
109 144 8227
109 146 1468
109 156 3664
109 158 4525
109 163 9330
109 169 6042
109 170 2317
109 172 2632
109 177 6445
109 183 2340
109 191 522
109 194 9543
109 199 6025
109 201 9398
109 212 6169
109 213 389
110 140 6276
110 144 7686
110 146 1376
110 152 9173
110 153 6449
110 158 4093
110 163 523
110 175 4561
110 180 6388
110 186 2009
110 187 9081
110 188 8485
110 190 5961
110 203 4183
110 207 2498
110 208 4209
110 209 8489
110 210 6276
110 211 871
110 216 1073
110 220 6381
111 117 2814
111 118 6790
111 119 582
111 124 9081
111 133 3433
111 136 8406
111 143 2225
111 146 1951
111 152 40
111 154 249
111 156 1617
111 158 7395
111 159 9677
111 172 5303
111 173 1318
111 176 3400
111 178 514
111 182 287
111 184 5634
111 186 241
111 187 36
111 196 379
111 197 168
111 199 9142
111 204 6788
111 205 3977
111 206 264
111 207 5234
111 208 4109
111 221 5992
112 117 1596
112 123 8453
112 125 365
112 127 3802
112 128 5813
112 138 460
112 145 8432
112 146 6412
112 148 6515
112 150 45
112 152 2127
112 153 5127
112 155 2810
112 159 3885
112 160 3139
112 170 7354
112 171 6978
112 173 8712
112 176 691
112 181 6434
112 182 4412
112 184 4828
112 186 6289
112 190 1971
112 191 6561
112 200 7275
112 201 489
112 202 9060
112 209 1787
112 212 3086
112 213 4222
112 214 180
112 218 9153
113 118 5952
113 119 1344
113 125 7961
113 137 5625
113 142 9888
113 145 966
113 147 2219
113 150 317
113 155 1287
113 156 4984
113 166 3711
113 180 2569
113 181 2350
113 182 7364
113 185 5080
113 187 5350
113 193 9351
113 202 5198
113 203 9738
113 206 9932
113 209 3924
113 210 58
113 211 3780
113 221 4741
114 115 3580
114 116 4841
114 117 3565
114 122 6066
114 131 9401
114 132 6657
114 139 4501
114 141 1653
114 143 2942
114 147 5489
114 148 9406
114 150 9594
114 166 2030
114 167 4265
114 171 9398
114 173 9139
114 182 4141
114 184 6801
114 191 8171
114 195 9839
114 197 7675
114 201 852
114 203 3554
114 212 3018
114 215 6166
114 219 816
115 116 4114
115 117 1054
115 119 8215
115 126 7177
115 128 1893
115 132 6832
115 136 9439
115 141 9500
115 142 6054
115 145 4079
115 157 2448
115 159 8533
115 161 4065
115 162 9915
115 165 3236
115 169 2654
115 170 8742
115 174 6029
115 175 8064
115 176 5907
115 177 604
115 179 9312
115 191 4508
115 193 8
115 198 1707
115 200 5412
115 202 6457
115 206 2500
115 210 779
116 118 5092
116 119 8167
116 121 7009
116 122 5619
116 123 2599
116 126 1535
116 128 7997
116 136 871
116 146 4607
116 147 6559
116 153 8705
116 154 3642
116 155 2910
116 159 6259
116 163 3451
116 168 5300
116 169 4819
116 177 1446
116 178 3137
116 199 7252
116 204 4587
116 206 7498
116 212 6940
116 214 9584
116 215 9681
116 216 9564
116 220 9577
117 119 4246
117 123 1782
117 124 3037
117 126 2942
117 127 5587
117 130 7709
117 134 2839
117 136 6241
117 141 8432
117 149 8582
117 150 4491
117 151 318
117 153 3722
117 156 41
117 160 4830
117 166 5782
117 169 9519
117 171 344
117 178 3359
117 181 2446
117 182 2850
117 183 1256
117 187 7336
117 189 5122
117 192 95
117 196 4897
117 198 9872
117 200 4982
117 204 4478
117 207 2664
117 210 9377
117 211 3890
117 214 2242
117 216 7999
117 220 4786
118 119 9824
118 120 87
118 129 5074
118 130 6524
118 137 655
118 140 4536
118 144 2282
118 147 9960
118 150 3847
118 152 6159
118 155 7793
118 160 6943
118 167 3337
118 171 7683
118 172 2532
118 179 5456
118 182 624
118 184 5024
118 189 2295
118 198 4182
118 199 5653
118 202 7274
118 204 2750
118 207 4163
118 211 4277
118 212 5802
118 216 4828
118 219 2351
119 120 5494
119 124 8339
119 125 3302
119 128 700
119 130 3259
119 133 5620
119 139 2866
119 143 3170
119 153 8297
119 156 4960
119 163 3124
119 168 4353
119 176 287
119 182 6055
119 183 6475
119 184 8891
119 189 6424
119 192 2455
119 193 1251
119 194 2668
119 197 2747
119 199 7518
119 202 9085
119 205 2458
119 211 8551
119 213 2292
119 219 6133
120 127 8509
120 130 4914
120 133 6073
120 144 4614
120 149 251
120 150 7837
120 156 2002
120 158 9413
120 159 1689
120 166 1866
120 169 7179
120 174 7998
120 177 6167
120 184 5563
120 195 5931
120 199 8225
120 200 1638
120 203 7669
120 206 5029
120 207 2055
120 209 6144
120 213 7614
120 214 7301
120 215 2592
120 216 3464
121 126 9038
121 128 5066
121 130 4413
121 134 6757
121 137 7227
121 139 3851
121 154 7263
121 162 6461
121 163 8227
121 166 5269
121 171 291
121 174 1837
121 176 6012
121 178 6156
121 191 222
121 203 8358
121 207 1736
121 221 6370
122 127 4187
122 128 826
122 130 2499
122 136 7317
122 141 9735
122 142 4878
122 144 4132
122 149 8452
122 150 3176
122 158 8460
122 160 1934
122 161 1530
122 162 3768
122 167 2369
122 168 9064
122 171 5614
122 172 6456
122 174 8318
122 175 70
122 181 7832
122 186 2299
122 200 3411
122 204 7096
122 206 8933
122 207 4346
122 208 802
122 212 6616
122 213 1932
122 214 9248
122 216 7140
122 219 9496
123 131 4003
123 134 8560
123 138 8501
123 142 5044
123 144 685
123 153 21
123 154 5435
123 156 2102
123 157 1587
123 160 9526
123 163 5302
123 171 6055
123 172 9143
123 174 638
123 177 3913
123 178 8548
123 180 3692
123 188 5668
123 189 5704
123 191 321
123 192 448
123 194 7067
123 195 1818
123 198 7744
123 203 6545
123 208 7338
123 210 2535
123 211 4232
123 213 2280
123 218 8271
123 220 1712
124 125 1603
124 126 4461
124 136 6901
124 140 1029
124 141 719
124 142 1519
124 145 2133
124 146 282
124 153 2516
124 155 1727
124 159 5470
124 164 4727
124 168 7894
124 173 9511
124 185 3145
124 187 3472
124 188 8444
124 194 6222
124 199 550
124 202 883
124 212 2427
124 217 8851
124 218 9331
125 126 6963
125 127 1040
125 135 7696
125 136 1273
125 137 5698
125 139 7019
125 148 5077
125 156 6536
125 158 5637
125 161 2367
125 162 8765
125 163 4803
125 171 6098
125 174 6086
125 175 9352
125 178 9768
125 184 5105
125 187 2774
125 189 2294
125 193 5982
125 198 9625
125 200 5358
125 203 5330
125 206 7135
125 212 3275
125 213 8805
125 214 731
125 215 7481
125 217 82
125 220 8215
126 136 6575
126 148 3718
126 151 2018
126 154 1665
126 157 3255
126 161 1805
126 167 9715
126 185 1721
126 196 16
126 200 1592
126 206 7680
126 208 4754
126 212 6298
126 217 9848
126 218 2172
126 220 472
126 221 9281
127 131 8560
127 133 9503
127 136 2219
127 137 7668
127 145 5702
127 161 9609
127 164 1049
127 167 2017
127 168 7378
127 174 1005
127 177 3591
127 182 6927
127 184 6993
127 188 1260
127 195 3778
127 197 4391
127 199 8657
127 200 763
127 201 4500
127 207 9632
127 209 4395
127 216 3071
127 219 6363
127 221 1079
128 130 7419
128 136 4524
128 141 3753
128 154 304
128 161 6641
128 166 9114
128 178 1319
128 179 4828
128 183 4922
128 184 7267
128 193 1979
128 200 6119
128 201 717
128 202 9046
128 205 5994
128 213 86
128 219 7435
129 132 3832
129 134 2391
129 136 9127
129 140 5671
129 141 3084
129 150 6990
129 152 8388
129 172 4485
129 173 7397
129 176 1162
129 178 751
129 180 1743
129 195 9291
129 197 6095
129 199 4357
129 200 7652
129 204 8399
129 208 8329
129 210 9416
129 212 2641
129 213 3504
129 214 7484
129 218 8312
130 132 6627
130 139 3327
130 144 5437
130 146 4903
130 151 3844
130 152 4355
130 153 9592
130 154 222
130 158 1823
130 164 7195
130 169 5365
130 177 9172
130 182 258
130 188 6482
130 193 7298
130 212 8076
130 220 9227
131 135 9112
131 136 7069
131 141 8793
131 146 3836
131 147 1604
131 148 7203
131 149 1973
131 154 5320
131 156 3067
131 158 8532
131 164 3508
131 166 5158
131 168 450
131 183 8433
131 184 8282
131 185 7438
131 189 2770
131 191 458
131 192 8283
131 195 4952
131 199 360
131 201 2622
131 202 7884
131 204 2852
131 205 2868
131 209 7315
131 216 2726
131 217 9582
131 220 689
131 221 2800
132 135 6193
132 139 7782
132 143 6438
132 148 2792
132 150 6981
132 160 3137
132 165 5974
132 168 8571
132 170 249
132 173 1500
132 175 8515
132 177 6477
132 184 3529
132 186 7287
132 188 2203
132 191 5803
132 192 6374
132 193 7113
132 200 8469
132 202 6271
132 207 1624
132 210 9136
132 211 8354
132 214 6895
132 216 9461
133 139 6179
133 142 5014
133 145 9701
133 148 7385
133 156 3263
133 160 7741
133 166 1030
133 171 8120
133 175 9045
133 176 3650
133 177 5548
133 179 1627
133 181 3710
133 194 6367
133 196 1929
133 202 9354
133 207 6666
133 213 2125
133 217 2408
133 221 402
134 135 4183
134 137 5832
134 138 6635
134 141 9480
134 142 9630
134 144 1006
134 152 406
134 153 627
134 158 7512
134 160 2024
134 169 3078
134 170 3177
134 171 3329
134 172 4278
134 173 5314
134 188 732
134 194 8737
134 205 3811
134 207 440
134 208 3827
134 209 1047
135 137 5789
135 146 3543
135 147 9251
135 151 6096
135 166 4842
135 170 1948
135 171 7674
135 182 5203
135 185 6408
135 187 3773
135 188 3094
135 194 3726
135 195 63
135 197 2575
135 202 1380
135 206 1014
135 209 5509
135 210 6940
135 211 7960
135 215 7332
135 217 1405
135 219 9542
135 221 3716
136 137 7828
136 138 4139
136 139 7351
136 147 5617
136 148 5446
136 156 2777
136 175 1674
136 176 2505
136 177 2192
136 179 9008
136 190 3789
136 193 1301
136 203 6381
136 207 7488
136 220 3011
136 221 6346
137 143 7695
137 154 836
137 165 6899
137 172 2796
137 176 6046
137 178 488
137 180 2065
137 190 3438
137 207 7667
137 213 9697
137 219 4845
137 220 6281
138 142 2061
138 147 5740
138 152 5426
138 153 2695
138 156 2096
138 158 2937
138 162 5537
138 169 4734
138 172 8384
138 194 6344
138 196 9395
138 208 7340
138 212 9806
138 221 9216
139 144 825
139 146 3553
139 149 911
139 152 2848
139 155 9645
139 158 3515
139 159 6156
139 168 9200
139 173 4656
139 195 9001
139 199 2466
139 200 6460
139 201 8598
139 204 6228
139 205 6840
139 206 6374
139 207 1733
139 210 834
139 213 7959
139 214 1889
139 217 8310
139 221 8051
140 141 8879
140 149 9628
140 151 9459
140 152 4624
140 156 7745
140 161 1861
140 162 5413
140 166 3771
140 168 6423
140 172 2547
140 177 4308
140 180 4817
140 183 8133
140 185 9288
140 186 3277
140 187 7145
140 196 3691
140 198 4299
140 210 4917
140 216 2415
140 218 523
140 219 2597
141 145 6273
141 147 1511
141 148 242
141 149 5166
141 156 7888
141 157 5070
141 168 9143
141 170 5836
141 172 4320
141 175 5767
141 176 8757
141 182 549
141 183 4892
141 185 2119
141 188 2651
141 191 305
141 197 760
141 200 7895
141 202 3256
141 208 8516
141 209 6081
141 214 6846
141 217 7007
141 219 8345
142 154 2848
142 156 1954
142 157 5605
142 160 4098
142 168 729
142 169 9288
142 171 549
142 173 2777
142 179 7448
142 183 1625
142 191 563
142 194 6221
142 201 8075
142 207 5995
142 208 5274
142 211 173
142 216 4123
142 217 6128
142 220 3147
143 146 8428
143 155 6560
143 158 2114
143 176 4191
143 177 2180
143 180 2609
143 185 696
143 187 9358
143 188 3691
143 197 7731
143 199 8040
143 201 6791
143 207 9872
143 210 9678
143 212 4881
143 219 7726
143 220 8815
144 145 3085
144 146 2213
144 147 3457
144 160 1647
144 162 5784
144 165 4668
144 169 935
144 171 9809
144 175 2760
144 187 4238
144 188 7141
144 190 2004
144 193 182
144 196 3851
144 199 6660
144 215 2649
144 216 9774
144 217 1282
144 220 1065
145 148 9590
145 153 427
145 156 4127
145 158 990
145 159 1371
145 160 9699
145 162 3958
145 164 7379
145 176 2904
145 182 5073
145 186 3872
145 187 4014
145 188 1559
145 191 9531
145 195 4121
145 196 5067
145 198 8490
145 201 8046
145 208 3142
145 212 486
145 218 2652
145 221 5699
146 150 6310
146 152 8261
146 153 614
146 154 5283
146 166 406
146 168 4402
146 178 3644
146 189 5661
146 190 1004
146 191 8652
146 199 3153
146 215 512
147 148 9963
147 153 9228
147 154 7470
147 157 1899
147 159 8824
147 161 5135
147 166 5355
147 170 8856
147 174 745
147 178 6301
147 179 7388
147 187 7858
147 189 8485
147 191 5040
147 193 9763
147 199 1888
147 204 789
147 208 6115
147 217 146
147 218 7028
148 150 4829
148 153 6218
148 157 9337
148 165 2794
148 167 951
148 169 6947
148 174 9966
148 176 4044
148 185 8500
148 194 122
148 197 1864
148 201 3280
148 209 7052
148 212 5613
148 213 8597
148 215 2467
148 218 5762
149 151 8952
149 154 8458
149 156 9435
149 160 9035
149 168 2338
149 175 6866
149 181 881
149 184 3026
149 187 2318
149 200 7929
149 201 1707
149 202 2461
149 204 3609
149 206 7719
149 209 9841
149 212 5097
150 161 4750
150 162 7238
150 163 2142
150 167 2360
150 170 3803
150 174 6321
150 179 4200
150 184 1140
150 186 4499
150 190 6614
150 192 2699
150 195 1300
150 199 72
150 219 5437
151 152 602
151 168 3026
151 173 420
151 176 2176
151 178 1861
151 179 4272
151 180 8232
151 182 2581
151 188 7918
151 194 9775
151 199 3912
151 202 7437
151 203 4136
151 207 5899
151 210 1339
151 212 7576
151 215 2914
151 216 3103
151 217 7644
152 155 2903
152 156 8607
152 159 7356
152 160 1487
152 166 805
152 171 1517
152 173 1653
152 174 8215
152 187 4987
152 192 1658
152 193 2138
152 199 6019
152 200 8677
152 204 4874
152 206 8876
152 208 6848
152 211 3493
152 220 3587
152 221 6252
153 154 4411
153 155 8759
153 163 7160
153 166 4540
153 172 2825
153 175 5403
153 179 2724
153 182 7974
153 183 2383
153 187 6316
153 189 2855
153 191 7026
153 194 1030
153 198 1969
153 201 6469
153 207 2408
153 215 433
153 221 5951
154 156 9688
154 157 6957
154 159 1701
154 160 3952
154 161 9384
154 163 8390
154 164 9757
154 167 8308
154 168 4902
154 171 6612
154 172 268
154 181 6617
154 182 5031
154 187 4342
154 191 1090
154 200 8645
154 203 355
154 204 7992
154 205 7220
154 208 2377
154 209 1976
154 210 9198
154 211 9224
154 215 2966
154 217 2427
155 161 8068
155 175 5085
155 180 3841
155 183 1683
155 184 8097
155 188 7776
155 189 5494
155 196 7315
155 197 9256
155 203 2625
155 204 5520
155 206 8130
155 207 539
155 208 9621
155 209 9640
155 211 5475
155 212 2727
155 214 8943
155 217 2336
155 218 1627
155 221 7022
156 158 6323
156 160 767
156 184 8742
156 188 4097
156 200 3673
156 201 2817
156 203 7194
156 206 1720
156 209 2898
156 214 9000
156 216 4281
156 218 5214
157 163 1818
157 166 604
157 167 3159
157 169 3679
157 171 7783
157 176 167
157 184 1004
157 204 1404
157 205 9253
157 208 6356
157 210 9785
157 213 4017
157 218 4785
157 220 2030
157 221 9712
158 160 9905
158 165 7354
158 176 2845
158 178 8395
158 180 7339
158 182 1063
158 183 9168
158 184 7958
158 190 9755
158 193 9329
158 195 9088
158 196 2538
158 198 8186
158 205 1356
158 209 3463
158 211 1469
158 212 7871
158 218 5302
158 219 8492
159 160 9054
159 168 3782
159 169 1362
159 172 2824
159 173 5855
159 182 2018
159 184 2856
159 185 4588
159 189 2651
159 197 5469
159 198 7587
159 202 7967
159 212 4698
159 214 6722
160 161 8247
160 163 9774
160 170 9116
160 171 5854
160 172 2846
160 176 1560
160 177 1740
160 179 1346
160 181 8918
160 185 1277
160 190 1818
160 193 8288
160 200 6430
160 201 6505
160 205 7833
160 209 3207
160 214 3256
160 215 158
161 162 9642
161 163 1386
161 164 5089
161 174 3266
161 182 8421
161 183 1397
161 184 8528
161 189 4432
161 190 1422
161 195 5979
161 201 5258
161 207 4070
161 217 4809
162 165 5580
162 168 881
162 172 7633
162 176 3627
162 180 6436
162 183 688
162 194 8582
162 198 7857
162 200 4349
162 203 7393
162 206 3859
162 207 8552
162 212 4478
162 214 4181
162 216 8941
162 218 7989
163 166 2788
163 167 5208
163 171 2613
163 179 6836
163 187 4178
163 189 6491
163 193 7636
163 195 465
163 203 5173
163 204 158
163 205 8889
163 210 8430
163 212 4964
163 215 2795
163 218 6415
163 219 7361
163 220 5480
164 166 8175
164 167 2298
164 168 9057
164 177 2106
164 179 7233
164 181 2341
164 182 1410
164 186 6605
164 192 9448
164 195 380
164 198 4624
164 205 6584
164 214 2792
164 216 8449
164 217 2185
165 168 3243
165 169 9357
165 170 6290
165 172 3341
165 176 1792
165 183 5055
165 184 3389
165 189 7526
165 190 9557
165 192 6079
165 198 7341
165 202 6808
165 203 5610
165 207 3980
165 208 4199
165 209 168
165 212 436
165 213 309
165 214 8637
165 216 5072
165 217 3587
166 167 8461
166 172 9410
166 173 1401
166 175 6360
166 176 6668
166 185 8092
166 193 4377
166 197 3365
166 209 246
166 210 8425
166 212 198
166 218 3941
167 169 1060
167 170 3903
167 184 9581
167 190 8432
167 191 7894
167 196 1461
167 197 2734
167 198 3456
167 200 1772
167 202 9475
167 204 1077
167 206 3968
167 208 875
167 213 9160
167 218 7342
167 220 1665
168 172 9629
168 179 8832
168 185 1777
168 186 6131
168 187 4030
168 192 3817
168 193 3020
168 194 7892
168 195 1140
168 196 6296
168 200 1096
168 204 6819
168 205 4336
168 206 1511
168 219 7049
169 172 2633
169 174 8865
169 180 3570
169 181 9202
169 184 736
169 190 390
169 193 2048
169 195 7710
169 197 5560
169 198 1514
169 200 8340
169 207 7038
169 209 9967
169 213 9509
169 214 6905
169 215 7968
169 218 9902
169 219 3231
170 176 5250
170 187 9865
170 193 1902
170 196 8123
170 198 3923
170 204 9081
170 206 7820
170 210 9455
170 214 5504
171 175 8832
171 184 2139
171 189 2379
171 197 1144
171 201 8279
171 206 7461
171 211 4256
171 212 4212
171 213 9625
171 214 2310
171 221 7726
172 174 2736
172 177 7583
172 188 4149
172 202 1990
172 208 8418
172 209 7418
172 210 6111
172 216 1628
172 219 119
172 221 4920
173 174 2902
173 178 6738
173 184 9998
173 187 3527
173 193 8344
173 196 2761
173 201 7450
173 208 1650
173 210 7274
173 211 6999
173 213 3047
173 215 1847
173 219 6825
174 175 4113
174 179 6074
174 180 1077
174 194 4084
174 200 7208
174 209 4125
174 212 7485
175 180 7237
175 197 1527
175 198 2189
175 200 6938
175 207 2705
175 208 9659
175 210 4473
175 212 552
175 215 1298
175 216 1049
175 217 531
176 179 621
176 181 7968
176 185 3186
176 187 9556
176 195 3343
176 196 1411
176 201 3895
176 204 3528
176 208 6828
176 212 5660
177 183 2055
177 185 9504
177 186 634
177 188 6805
177 194 1380
177 201 4875
177 204 2537
177 206 5212
177 209 1947
177 215 6965
177 220 6507
178 180 5454
178 183 9690
178 187 1615
178 196 6903
178 197 6070
178 204 8000
178 205 9341
178 206 6470
178 207 4294
178 216 325
178 219 8187
178 220 4195
179 184 6677
179 187 8390
179 196 4698
179 206 5583
179 214 6107
179 215 2321
179 220 4095
180 182 5995
180 184 2223
180 185 6551
180 190 9901
180 198 287
180 199 9028
180 200 5640
180 206 6369
180 208 8785
180 209 9817
180 210 4296
180 221 1559
181 190 1638
181 191 2525
181 199 1758
181 203 7371
181 210 3965
181 218 8126
181 220 572
182 183 6862
182 185 3600
182 186 1522
182 189 461
182 195 7799
182 199 3322
182 200 1579
182 214 2596
182 215 7536
182 217 8365
183 185 9485
183 188 9371
183 191 4091
183 195 483
183 197 7832
183 204 6340
183 217 1899
183 221 4587
184 190 9878
184 191 5811
184 193 7160
184 195 8784
184 196 7750
184 202 7129
184 206 5414
184 208 8219
184 216 2588
185 188 9748
185 190 7126
185 205 225
185 209 2943
185 210 1496
185 212 8940
185 215 839
185 218 9715
185 221 5208
186 187 1543
186 190 5620
186 191 7877
186 196 2924
186 199 827
186 200 5623
186 209 6700
186 220 8050
186 221 1454
187 197 6567
187 198 996
187 202 7140
187 203 8262
187 212 7309
187 213 8777
187 215 8012
187 217 6263
187 218 8404
188 195 3340
188 198 8943
188 202 8288
188 205 7994
188 212 8593
188 214 9688
188 216 5936
188 220 2099
189 192 3427
189 205 3899
189 210 2346
189 219 6648
189 221 8455
190 192 6999
190 194 3751
190 199 1886
190 200 825
190 203 7274
190 204 3864
190 206 4504
190 210 5802
190 213 2883
190 215 2447
190 217 5284
190 219 6819
191 192 745
191 194 7303
191 201 6327
191 204 3956
191 208 9129
191 210 5058
191 212 7848
191 213 1586
191 215 2535
191 218 6868
191 219 5432
192 201 3548
192 202 4482
192 211 1303
192 215 2380
192 221 2178
193 206 5012
193 209 3083
193 216 5094
193 219 8529
194 195 91
194 200 2633
194 201 2917
194 205 8423
194 215 6872
194 216 4372
194 219 6441
194 220 7598
194 221 8188
195 196 3981
195 199 2277
195 203 2404
195 207 5908
195 209 288
195 213 929
195 221 1250
196 198 541
196 199 4094
196 203 6503
196 210 8621
196 214 231
196 218 9527
197 198 6219
197 200 650
197 202 9224
197 203 1838
197 204 9113
197 210 4463
197 213 4262
197 220 7498
198 200 1423
198 201 101
198 204 6223
198 205 6333
198 206 3451
198 208 318
198 209 9569
198 215 8084
198 218 7527
198 219 455
198 221 7789
199 200 8691
199 201 1095
199 202 4894
199 205 4012
199 209 5850
199 213 4858
199 215 4164
199 218 4434
199 220 1464
199 221 4722
200 203 6444
200 205 4330
200 215 1095
200 216 6877
200 219 4106
200 221 4029
201 204 9626
201 205 5150
201 209 4454
201 210 815
201 212 8950
201 213 3860
201 214 6471
201 218 5634
202 206 2474
202 221 5035
203 207 2956
203 220 3598
204 209 6136
204 216 4632
205 208 3252
205 211 5205
205 213 5801
205 215 9476
205 218 6313
206 208 2117
206 209 6447
206 210 302
206 215 1685
206 216 3770
206 217 8937
206 218 4035
206 219 7623
207 210 2143
207 215 5982
207 216 2963
207 217 4445
207 221 7793
208 209 7106
208 211 7804
208 212 8550
208 213 6624
208 217 5472
208 218 2703
208 219 5748
208 220 7555
209 215 4265
209 220 4759
209 221 7975
210 212 4183
210 216 1674
211 212 2590
211 214 4814
211 218 3947
211 221 2051
212 213 9795
214 216 2734
214 219 4611
215 218 9024
215 220 731
216 218 8672
216 220 7016
216 221 6924
217 221 8616
