229 6467 58880 70
0 2 5138
0 20 6136
0 25 3401
0 31 9843
0 33 7715
0 34 2261
0 37 5270
0 42 714
0 46 2020
0 48 5855
0 55 3261
0 57 6444
0 58 1665
0 62 8407
0 65 2256
0 67 3996
0 69 5465
0 71 4193
0 72 9903
0 77 9879
0 79 4573
0 80 3038
0 81 8765
0 84 5193
0 87 5000
0 90 9920
0 91 3567
0 95 1044
0 120 5704
0 121 6724
0 123 2056
0 132 3738
0 133 2266
0 143 1974
0 144 695
0 147 5776
0 148 3547
0 154 7280
0 156 5752
0 159 8824
0 161 786
0 168 2601
0 173 2154
0 175 4702
0 176 7344
0 179 9162
0 185 6915
0 187 1059
0 189 1557
0 191 5659
0 206 5667
0 208 6873
0 211 8420
0 212 4966
0 216 7711
1 4 3112
1 5 2452
1 6 805
1 8 6311
1 10 9054
1 11 9004
1 12 4089
1 14 5596
1 16 4577
1 18 9863
1 19 2272
1 26 6413
1 27 2018
1 50 1645
1 54 2721
1 55 3044
1 70 9319
1 79 957
1 85 4485
1 87 7118
1 88 8573
1 90 3857
1 94 8496
1 96 5591
1 101 7484
1 105 7803
1 108 9331
1 116 9304
1 119 7507
1 124 2013
1 132 6228
1 139 4561
1 141 1539
1 145 1491
1 152 4985
1 160 2329
1 168 6121
1 175 5847
1 176 1543
1 177 3419
1 181 4611
1 186 3167
1 189 511
1 194 6903
1 202 7017
1 208 6771
1 209 6173
1 210 8014
1 214 4681
1 216 8964
1 218 8635
1 224 5530
1 225 5245
2 3 9329
2 8 6631
2 25 3059
2 27 5903
2 28 5128
2 31 2434
2 33 179
2 37 1357
2 41 4304
2 46 4860
2 57 8737
2 62 322
2 70 7964
2 75 1172
2 79 184
2 82 1926
2 87 692
2 93 5531
2 94 4638
2 98 3750
2 113 5159
2 119 4643
2 125 7830
2 126 6218
2 127 1446
2 129 1485
2 130 7804
2 131 4662
2 136 1846
2 137 6042
2 138 3410
2 140 7181
2 141 2993
2 146 641
2 150 3767
2 153 1054
2 160 1899
2 162 9857
2 167 9514
2 178 7338
2 181 1567
2 182 479
2 184 2595
2 186 853
2 188 2337
2 192 6407
2 203 3586
2 207 2544
2 210 7988
2 211 4500
2 214 1966
3 6 4235
3 13 2616
3 14 8170
3 15 1136
3 16 1670
3 23 7274
3 24 9660
3 26 7619
3 29 9855
3 31 7724
3 33 9076
3 37 5812
3 40 8078
3 48 6200
3 54 4562
3 64 3930
3 69 8881
3 71 6438
3 73 246
3 74 7092
3 77 343
3 78 8288
3 80 1963
3 85 2620
3 90 1402
3 94 1228
3 109 8574
3 112 6165
3 115 5006
3 117 934
3 118 146
3 120 5025
3 123 8926
3 125 4842
3 128 7004
3 132 921
3 135 2546
3 145 7668
3 146 7579
3 147 315
3 155 9001
3 162 9126
3 165 8762
3 169 3711
3 171 7510
3 185 4986
3 193 7855
3 197 602
3 198 4357
3 200 7160
3 201 9887
3 207 1232
3 208 3681
3 210 4916
3 213 1445
3 220 3682
3 221 4647
3 222 6466
3 223 2535
3 227 7872
4 5 1738
4 7 2052
4 9 9233
4 11 3755
4 12 4317
4 17 9737
4 18 5494
4 21 5619
4 22 9400
4 23 5718
4 24 6101
4 29 6306
4 34 2159
4 35 4412
4 36 1330
4 38 366
4 42 3040
4 54 7064
4 56 7313
4 61 1707
4 63 9490
4 70 3304
4 73 8174
4 75 6917
4 80 7841
4 83 4964
4 88 568
4 92 3841
4 95 286
4 105 3166
4 106 2109
4 109 723
4 110 9890
4 114 3460
4 117 2918
4 118 5316
4 121 2784
4 123 651
4 128 3413
4 135 3625
4 136 4061
4 144 5546
4 147 1963
4 150 643
4 151 3878
4 154 2021
4 157 9026
4 159 5372
4 160 4751
4 169 8264
4 170 7828
4 171 2646
4 177 2141
4 183 2091
4 184 3265
4 186 4939
4 190 3788
4 193 7381
4 195 5596
4 197 5092
4 203 1520
4 208 7333
4 211 8067
4 216 8019
4 221 7718
4 222 8742
4 223 969
4 226 5668
5 10 3351
5 11 3776
5 15 8257
5 16 394
5 23 3405
5 32 4678
5 33 314
5 42 2274
5 45 3552
5 47 6294
5 54 6649
5 55 9459
5 58 3043
5 59 271
5 60 8518
5 63 5457
5 65 917
5 70 6959
5 71 8248
5 80 9415
5 85 4702
5 88 3289
5 94 5092
5 98 3187
5 99 1308
5 102 3473
5 106 5406
5 108 2835
5 109 6251
5 115 1506
5 124 7664
5 128 5884
5 132 8707
5 138 642
5 142 836
5 144 4956
5 150 1425
5 151 5849
5 155 3070
5 164 3589
5 165 5228
5 170 4263
5 171 1976
5 180 2247
5 185 7425
5 209 5959
5 213 5045
5 214 5066
5 219 7880
5 225 3927
5 228 2476
6 7 2522
6 9 8748
6 12 2863
6 15 7238
6 17 1839
6 23 2555
6 24 438
6 27 1357
6 31 6831
6 32 9518
6 45 7992
6 59 1968
6 60 7405
6 62 2
6 67 634
6 78 6737
6 80 7005
6 85 8444
6 88 8107
6 91 8458
6 94 6121
6 96 1952
6 110 6628
6 116 1022
6 119 2853
6 128 2428
6 130 5505
6 131 7103
6 132 8449
6 136 1974
6 143 5215
6 147 5047
6 149 2413
6 159 2352
6 164 5003
6 169 1282
6 171 1293
6 173 8899
6 175 2041
6 178 3545
6 182 4842
6 186 1205
6 196 4962
6 202 8791
6 206 3339
6 210 8991
6 214 7929
6 217 4278
6 222 3777
7 13 7425
7 14 6220
7 15 6082
7 20 6490
7 27 43
7 31 396
7 32 3372
7 37 5930
7 44 9430
7 45 7550
7 54 6924
7 61 8930
7 62 555
7 63 2843
7 67 8994
7 70 9401
7 73 3852
7 77 8102
7 78 8803
7 90 9245
7 98 1541
7 108 2945
7 112 3503
7 113 4043
7 117 3537
7 124 7308
7 129 5641
7 130 524
7 131 5095
7 134 7935
7 135 41
7 138 8310
7 144 7896
7 146 8537
7 147 8907
7 148 4778
7 150 6133
7 159 5050
7 163 6343
7 164 3111
7 165 7452
7 166 1714
7 169 7610
7 173 681
7 174 2461
7 178 9714
7 180 8209
7 184 9054
7 187 8667
7 192 6981
7 193 375
7 194 7568
7 206 146
7 207 4634
7 208 5417
7 210 7633
7 211 1230
7 212 6605
7 219 9092
8 18 607
8 20 9456
8 28 675
8 29 9898
8 44 3076
8 46 242
8 56 4610
8 58 572
8 59 6489
8 65 6738
8 80 3069
8 84 5782
8 88 7613
8 89 9712
8 93 2133
8 94 3957
8 98 4599
8 100 7733
8 102 9810
8 104 5138
8 110 326
8 115 2463
8 116 3971
8 119 8581
8 123 5368
8 126 9355
8 127 9203
8 131 9453
8 133 1036
8 139 9800
8 140 1786
8 141 7769
8 144 4943
8 161 3294
8 169 9268
8 170 4476
8 172 8798
8 176 9151
8 178 1836
8 183 126
8 184 9377
8 187 4659
8 188 1755
8 202 6724
8 205 3958
8 206 3707
8 212 3077
8 216 9140
8 217 5051
8 219 2001
8 222 6697
8 224 892
8 225 1620
8 226 2772
9 11 4887
9 20 3204
9 23 9553
9 29 7721
9 30 3530
9 31 8039
9 32 8075
9 34 1525
9 36 3890
9 39 8290
9 46 1837
9 51 452
9 53 1446
9 54 3844
9 58 1325
9 59 4363
9 62 8564
9 71 9128
9 72 613
9 83 8114
9 89 8571
9 97 7358
9 103 8375
9 105 856
9 109 545
9 112 4227
9 113 286
9 118 1632
9 121 2947
9 129 9687
9 131 5934
9 134 7180
9 136 4274
9 141 1661
9 142 8142
9 146 174
9 147 1142
9 148 8704
9 153 9825
9 155 7262
9 157 1695
9 161 669
9 168 326
9 170 6342
9 171 7549
9 174 6064
9 196 2958
9 197 8741
9 198 4994
9 206 5918
9 208 8396
9 209 3393
9 210 8890
9 211 6752
9 212 9553
9 220 5565
9 224 5529
9 225 7926
9 226 1379
9 228 7310
10 13 7951
10 14 4236
10 19 4880
10 24 1118
10 27 6480
10 29 7255
10 37 1168
10 53 3534
10 57 6359
10 62 6036
10 70 454
10 77 1188
10 79 360
10 80 7655
10 82 7357
10 85 4755
10 100 3403
10 109 7627
10 111 7018
10 115 2659
10 119 6624
10 127 434
10 130 6454
10 131 2264
10 133 4201
10 136 4008
10 139 7191
10 146 8962
10 147 2281
10 148 771
10 151 9686
10 153 2296
10 154 2849
10 172 9183
10 174 5787
10 179 7331
10 184 8150
10 186 9085
10 194 4256
10 200 5216
10 206 6443
10 209 545
10 222 3668
11 14 3358
11 23 3961
11 28 4154
11 29 9635
11 31 5252
11 39 5565
11 40 3861
11 46 5188
11 49 3361
11 50 5374
11 53 5443
11 55 5289
11 57 8406
11 58 7126
11 60 7396
11 62 405
11 68 4839
11 70 6946
11 71 4415
11 74 6247
11 75 9096
11 80 2681
11 81 5581
11 98 5436
11 99 6763
11 106 2761
11 107 2435
11 109 4506
11 111 9378
11 112 3594
11 114 7830
11 115 7665
11 127 1035
11 128 4434
11 135 1165
11 140 6103
11 141 1541
11 144 5875
11 145 7262
11 147 8850
11 149 9391
11 157 8009
11 158 3605
11 163 3165
11 168 2450
11 177 4568
11 185 5924
11 197 9575
11 198 7193
11 200 2480
11 203 7536
11 207 8810
11 208 1928
11 210 1171
11 214 9802
11 215 1988
11 219 7021
11 222 9000
11 223 4310
12 14 5847
12 34 9497
12 40 7661
12 41 1597
12 49 1095
12 60 1488
12 71 4660
12 78 7687
12 80 5352
12 91 9084
12 96 7033
12 113 5953
12 115 2802
12 118 558
12 124 9813
12 126 5429
12 133 8733
12 138 3463
12 139 5490
12 146 620
12 147 7654
12 150 6293
12 163 5468
12 167 1545
12 168 7188
12 175 67
12 176 6553
12 185 5086
12 187 5018
12 189 8219
12 191 2075
12 192 7791
12 196 401
12 197 5266
12 202 290
12 210 9383
12 224 841
12 225 5817
13 14 5893
13 18 6480
13 22 8332
13 32 2293
13 36 3359
13 41 5429
13 43 590
13 54 2954
13 56 3248
13 61 5627
13 64 7493
13 67 2166
13 72 1172
13 74 7790
13 75 1295
13 79 4740
13 86 2144
13 88 9612
13 90 8248
13 91 1104
13 92 8738
13 96 9499
13 104 8844
13 107 1173
13 110 5780
13 112 1469
13 113 331
13 114 4381
13 119 1335
13 129 6849
13 133 6411
13 135 7524
13 138 4790
13 139 6299
13 141 5472
13 150 1359
13 154 9216
13 160 198
13 163 5489
13 168 9489
13 169 6642
13 174 1975
13 177 6784
13 179 5072
13 180 1543
13 184 4380
13 185 3830
13 193 4709
13 197 6066
13 206 7517
13 209 8546
13 222 5469
14 16 4805
14 20 5762
14 30 2475
14 43 9886
14 46 9443
14 48 2966
14 53 5529
14 58 8480
14 64 2045
14 75 6688
14 79 9551
14 92 1680
14 94 6297
14 97 9659
14 98 7287
14 103 1767
14 104 4591
14 105 8163
14 106 1842
14 107 816
14 110 9132
14 114 2306
14 117 6138
14 119 2975
14 121 3598
14 122 8153
14 125 5149
14 127 4949
14 128 1307
14 136 2906
14 141 41
14 142 9037
14 144 4804
14 150 2504
14 153 7659
14 164 5155
14 165 9101
14 172 454
14 173 4838
14 177 8429
14 178 1280
14 184 3921
14 186 7645
14 189 3513
14 193 5044
14 194 7462
14 198 6468
14 199 8627
14 206 6791
14 210 7578
14 214 5075
14 215 8674
14 217 1007
14 221 3842
15 22 7068
15 23 9502
15 31 287
15 34 6908
15 42 6500
15 51 5796
15 52 5183
15 53 3711
15 57 8338
15 59 234
15 69 7565
15 70 1741
15 72 4103
15 73 8713
15 78 4723
15 83 2273
15 85 5530
15 87 1622
15 99 2171
15 101 3921
15 106 7853
15 107 4779
15 111 3514
15 117 6705
15 118 2644
15 121 1364
15 122 4837
15 123 7539
15 128 9142
15 134 4142
15 141 5228
15 144 4787
15 158 303
15 159 1625
15 161 7793
15 162 5911
15 163 7627
15 167 6938
15 168 3411
15 176 7172
15 187 7680
15 191 8410
15 219 4018
15 220 1337
15 221 1553
15 222 1812
15 225 2269
15 227 4521
16 19 6628
16 31 2435
16 48 4405
16 59 5220
16 64 599
16 66 2053
16 68 4471
16 72 7231
16 75 6377
16 76 4467
16 80 7712
16 83 6692
16 85 6178
16 91 8016
16 100 1757
16 106 1579
16 109 5978
16 115 9102
16 124 2378
16 127 3325
16 128 6375
16 136 6823
16 137 426
16 138 5506
16 139 3803
16 141 893
16 143 9636
16 152 4114
16 154 5491
16 161 5703
16 168 4654
16 176 2600
16 177 2415
16 179 2248
16 183 2641
16 187 9031
16 192 8408
16 194 6508
16 198 6909
16 206 3827
16 207 4719
16 210 8266
16 211 7191
16 217 8158
16 220 7234
17 32 6436
17 36 2166
17 41 9154
17 44 8664
17 46 9101
17 47 8115
17 48 9844
17 54 9847
17 56 9808
17 60 756
17 63 2486
17 64 7306
17 66 980
17 74 7597
17 75 5221
17 80 9600
17 81 267
17 82 9168
17 89 1828
17 95 4367
17 100 8257
17 104 4012
17 113 8601
17 114 6598
17 117 730
17 120 976
17 123 6861
17 138 7836
17 147 9479
17 157 6326
17 160 9649
17 162 3008
17 164 1157
17 166 8085
17 168 165
17 175 6475
17 181 5492
17 189 8333
17 190 6727
17 194 9196
17 196 9313
17 200 9860
17 201 9186
17 204 1799
17 209 7320
17 210 9995
17 212 13
17 215 137
17 217 5624
17 220 2856
17 221 9494
17 225 9588
17 226 7567
18 19 1374
18 23 6265
18 26 2986
18 32 1911
18 34 8993
18 39 8123
18 44 6997
18 59 2907
18 66 1267
18 70 7202
18 71 6146
18 73 8834
18 74 6268
18 82 797
18 83 534
18 84 6543
18 85 7606
18 87 5101
18 89 9549
18 95 4278
18 106 2427
18 107 3535
18 114 3613
18 115 6367
18 119 4478
18 136 4267
18 137 5070
18 153 9478
18 155 6041
18 156 8888
18 158 4817
18 163 999
18 169 4713
18 172 5484
18 173 6955
18 184 7890
18 186 8670
18 188 4757
18 192 4199
18 193 9769
18 194 3743
18 196 9170
18 201 2594
18 202 8621
18 206 8271
18 207 4276
18 210 2421
18 213 4053
18 214 9268
18 216 2215
18 217 90
18 224 996
18 225 8542
18 226 1388
18 227 9447
19 22 8532
19 29 2719
19 30 5008
19 31 7498
19 41 3010
19 45 2828
19 55 1762
19 64 1756
19 65 7008
19 66 5642
19 76 5653
19 79 9260
19 102 3478
19 103 3133
19 104 1085
19 107 5162
19 111 3105
19 114 8737
19 122 2911
19 126 5772
19 137 2139
19 140 9018
19 142 9211
19 143 7355
19 146 37
19 149 3018
19 158 3793
19 161 8231
19 163 9019
19 168 8047
19 169 6853
19 170 1779
19 184 7370
19 185 3383
19 187 4447
19 192 814
19 193 2378
19 203 110
19 210 3283
19 211 1800
19 212 6131
19 219 7899
19 222 4831
19 223 898
19 225 8060
19 227 5445
20 36 1295
20 39 3342
20 40 4199
20 56 7630
20 59 3564
20 60 7641
20 67 1437
20 69 8097
20 80 182
20 85 9146
20 86 1666
20 88 8110
20 90 4743
20 101 1062
20 102 6579
20 104 4512
20 107 1923
20 110 3087
20 112 9404
20 121 6244
20 125 6157
20 126 9085
20 129 519
20 134 5846
20 135 7362
20 146 8330
20 148 4327
20 152 5055
20 155 9095
20 163 5449
20 164 5686
20 170 7693
20 186 1371
20 198 4744
20 201 5148
20 205 4751
20 213 6902
20 215 5444
20 217 6179
20 219 9583
20 223 6198
20 224 2242
21 24 96
21 25 800
21 37 8184
21 40 1875
21 41 4568
21 46 5878
21 52 5150
21 53 5476
21 56 6007
21 62 9256
21 78 4235
21 83 702
21 90 9859
21 91 5452
21 94 9913
21 101 9268
21 109 6509
21 114 9074
21 121 1266
21 128 4920
21 130 7016
21 131 6573
21 134 4104
21 136 2123
21 139 1851
21 140 5686
21 142 4412
21 152 710
21 153 4028
21 154 6019
21 156 9709
21 160 8577
21 170 1800
21 175 5255
21 179 5467
21 189 6220
21 195 5276
21 198 8245
21 200 8795
21 203 3976
21 205 5766
21 215 3920
21 219 3047
21 220 4932
21 223 4800
21 227 1593
22 28 126
22 30 1125
22 31 3060
22 32 2000
22 35 4234
22 36 5218
22 47 3279
22 55 9665
22 59 2900
22 60 1107
22 68 7894
22 88 8609
22 91 1064
22 96 8783
22 97 4198
22 102 9367
22 105 9754
22 107 8028
22 108 7158
22 111 441
22 121 8959
22 124 8582
22 128 8227
22 132 9055
22 133 727
22 137 4519
22 143 5831
22 153 9939
22 156 7325
22 157 2177
22 158 4548
22 160 712
22 169 5994
22 173 3388
22 175 5969
22 183 9996
22 184 1995
22 192 4136
22 198 7992
22 199 3322
22 203 8996
22 208 3432
22 209 6886
22 212 4531
22 217 3743
22 218 8819
22 220 6412
22 221 8899
22 224 2936
22 225 6359
23 24 5033
23 26 8659
23 27 3031
23 29 3973
23 32 1497
23 43 7666
23 49 9224
23 51 5401
23 53 171
23 55 3344
23 58 2687
23 59 297
23 68 3753
23 70 5776
23 71 8518
23 72 9402
23 77 4519
23 78 3569
23 79 5308
23 86 4435
23 90 4595
23 102 8310
23 103 7565
23 108 1994
23 113 7175
23 114 4766
23 119 3035
23 123 1554
23 132 6556
23 138 6383
23 139 1465
23 156 291
23 158 7896
23 159 787
23 162 9818
23 164 6578
23 167 5129
23 174 7548
23 177 8208
23 178 6888
23 180 6760
23 183 2713
23 190 9439
23 191 7200
23 195 6446
23 196 4549
23 199 9053
23 202 6584
23 204 1218
23 208 1958
23 211 1181
23 214 531
23 215 4552
23 216 3582
23 223 9522
24 25 3064
24 26 62
24 33 4634
24 34 132
24 40 3445
24 42 3858
24 44 8840
24 47 5655
24 50 166
24 53 8924
24 56 7388
24 58 1106
24 63 5209
24 66 3915
24 71 9584
24 75 6304
24 76 7407
24 78 4899
24 87 4463
24 90 3483
24 91 2993
24 95 3932
24 98 6822
24 99 5209
24 100 5133
24 106 8492
24 108 8406
24 116 9578
24 120 7921
24 122 5057
24 125 1536
24 127 6743
24 133 1774
24 134 4939
24 139 2302
24 140 7584
24 143 1474
24 144 2489
24 148 2032
24 154 4379
24 155 9461
24 162 4489
24 166 5874
24 172 5990
24 175 1238
24 177 8713
24 185 5662
24 190 9132
24 193 2792
24 198 3035
24 199 5770
24 212 8118
24 213 5301
24 217 8691
24 220 9310
24 225 1566
25 26 3462
25 28 6144
25 34 5730
25 39 9110
25 43 8603
25 44 3387
25 45 3418
25 47 9676
25 51 2116
25 55 3004
25 59 9096
25 66 5208
25 70 5401
25 72 8621
25 75 791
25 76 2730
25 83 401
25 84 2626
25 85 6729
25 91 4944
25 97 514
25 99 9317
25 104 4387
25 105 9993
25 106 6702
25 109 5325
25 116 1062
25 121 4390
25 127 9245
25 128 285
25 131 2668
25 138 9651
25 139 8735
25 140 4803
25 141 923
25 143 515
25 153 6948
25 155 3426
25 156 5807
25 162 5841
25 164 102
25 165 6546
25 167 3838
25 169 8639
25 174 622
25 175 5501
25 182 4207
25 191 5482
25 196 1432
25 199 9842
25 204 989
25 205 7778
25 206 962
25 207 1263
25 209 1963
25 211 6818
25 214 1387
25 218 5269
25 222 2577
25 224 643
26 38 1439
26 42 1721
26 47 2334
26 49 3355
26 50 9102
26 52 8667
26 58 3903
26 64 9128
26 68 9196
26 78 8372
26 84 4835
26 85 9816
26 93 4988
26 99 6485
26 103 4145
26 104 8997
26 108 5936
26 109 5775
26 110 4385
26 115 6961
26 116 7892
26 120 5052
26 123 123
26 126 3586
26 130 2586
26 132 1938
26 134 4976
26 135 7250
26 138 6845
26 139 9110
26 140 658
26 141 8017
26 147 1622
26 148 8921
26 150 1084
26 156 4712
26 161 2448
26 162 8694
26 169 6096
26 179 8695
26 184 2536
26 187 964
26 188 5000
26 197 7124
26 210 5742
26 215 6941
26 216 8331
26 220 2118
26 221 5519
26 223 4656
26 225 1890
26 227 49
26 228 6288
27 31 7873
27 34 8463
27 42 1179
27 43 1309
27 44 3917
27 45 2029
27 46 9281
27 48 7813
27 49 2240
27 55 8544
27 62 9275
27 64 950
27 68 9836
27 70 1964
27 71 5068
27 83 6920
27 84 1349
27 90 8927
27 92 6942
27 94 9629
27 96 7991
27 99 8332
27 102 3370
27 111 2103
27 112 7459
27 115 9907
27 118 9474
27 133 9979
27 136 9737
27 153 6670
27 154 4217
27 157 9767
27 159 3162
27 169 8832
27 173 1876
27 174 7824
27 182 3904
27 185 5729
27 192 5298
27 193 1384
27 197 363
27 200 8893
27 204 1875
27 217 1983
27 219 9392
27 222 6231
27 223 6261
27 224 4421
27 228 9098
28 35 2405
28 38 5705
28 41 4119
28 52 1513
28 53 4216
28 55 8388
28 66 9700
28 69 5870
28 78 366
28 89 3014
28 98 6141
28 112 4827
28 118 7458
28 119 4317
28 128 2339
28 132 1148
28 138 6913
28 141 4255
28 143 4633
28 145 6650
28 146 5100
28 153 2944
28 157 3223
28 158 370
28 159 6337
28 162 7723
28 166 4138
28 168 5145
28 170 557
28 171 1018
28 180 7869
28 181 577
28 183 2578
28 191 8037
28 198 8333
28 199 7921
28 212 1148
28 215 5788
28 216 8460
28 219 5311
28 224 1036
28 228 7379
29 32 7969
29 33 9200
29 35 4592
29 38 1858
29 39 7137
29 41 850
29 46 9651
29 57 392
29 74 1920
29 78 2245
29 79 1730
29 80 8815
29 83 6614
29 86 9969
29 92 8978
29 95 6813
29 100 3052
29 106 4151
29 116 4109
29 124 6261
29 126 6276
29 127 3711
29 137 7958
29 150 5626
29 152 4534
29 153 8348
29 154 953
29 169 987
29 173 1179
29 174 6323
29 177 6040
29 178 8731
29 180 7131
29 184 8586
29 186 5248
29 188 6287
29 189 6555
29 194 3648
29 196 1890
29 205 1643
29 206 5525
29 212 1527
29 224 6170
29 228 7557
30 31 4329
30 34 2512
30 35 7512
30 36 302
30 39 4986
30 40 8677
30 49 6879
30 51 8705
30 54 9446
30 56 4939
30 58 6524
30 61 4030
30 69 7903
30 73 8579
30 74 8305
30 75 9170
30 77 7397
30 79 9167
30 82 4722
30 83 6392
30 84 65
30 85 7427
30 88 2437
30 89 2932
30 90 3614
30 92 4248
30 93 5549
30 97 4818
30 98 8196
30 102 9955
30 104 3295
30 107 7095
30 108 2584
30 115 1144
30 117 8749
30 118 8311
30 124 2419
30 126 2818
30 129 1838
30 132 2765
30 137 5431
30 142 3019
30 144 1402
30 159 3522
30 160 3694
30 168 4533
30 171 4358
30 175 7101
30 176 6766
30 177 5366
30 179 4375
30 180 3501
30 181 2963
30 183 4497
30 184 2235
30 187 7377
30 193 137
30 196 6150
30 197 340
30 199 7943
30 202 4630
30 214 7047
30 215 5150
30 216 3473
30 217 389
30 220 9667
30 224 7868
30 225 9739
30 228 6636
31 32 7284
31 42 3157
31 45 6602
31 49 1248
31 51 9543
31 52 9713
31 53 7927
31 56 2509
31 60 4532
31 63 6025
31 72 8977
31 79 2824
31 83 3380
31 84 3815
31 87 8605
31 103 6758
31 112 9302
31 123 9711
31 130 848
31 139 5990
31 141 9581
31 145 4212
31 146 819
31 148 4771
31 155 798
31 156 8121
31 159 6858
31 161 4774
31 162 3100
31 164 4033
31 168 5978
31 171 8647
31 182 5027
31 185 2464
31 188 4533
31 192 2920
31 193 4677
31 197 1128
31 203 2868
31 210 8559
31 211 9958
31 215 873
31 216 8080
31 226 1228
31 228 6291
32 36 972
32 42 6338
32 46 2538
32 49 387
32 50 6846
32 55 2653
32 61 2212
32 62 6398
32 64 2460
32 65 1007
32 70 2322
32 72 2290
32 75 9814
32 81 1774
32 90 201
32 108 9671
32 110 3437
32 116 5910
32 120 9042
32 126 7718
32 132 6872
32 148 9358
32 149 2450
32 153 5853
32 162 2212
32 164 7179
32 166 4846
32 169 2112
32 174 4821
32 177 7365
32 180 4498
32 186 8160
32 188 8930
32 192 3029
32 201 2775
32 207 4184
32 223 9688
32 227 5229
33 41 83
33 42 9229
33 46 7755
33 50 9495
33 60 726
33 63 1477
33 64 209
33 66 759
33 67 4069
33 69 9278
33 71 1255
33 74 4410
33 75 4761
33 78 5355
33 79 2688
33 82 9440
33 86 6689
33 88 6907
33 92 4341
33 95 2042
33 103 6141
33 107 2090
33 111 1430
33 118 3362
33 122 4783
33 124 8952
33 132 6300
33 139 1754
33 147 7756
33 150 8830
33 152 5871
33 158 2188
33 159 9103
33 169 5446
33 175 4486
33 178 420
33 186 226
33 191 3342
33 192 8776
33 193 2403
33 195 1010
33 206 7356
33 213 9936
33 215 2826
33 216 4106
33 218 8717
33 227 4357
34 37 4308
34 41 936
34 44 5390
34 47 9171
34 50 2605
34 51 995
34 54 1036
34 57 23
34 58 3890
34 72 9113
34 75 7050
34 76 1255
34 77 9242
34 80 8593
34 85 9724
34 87 928
34 89 9222
34 92 6707
34 99 6744
34 105 69
34 108 1359
34 109 8658
34 118 4198
34 121 5304
34 128 1827
34 134 1487
34 135 1608
34 143 604
34 144 7878
34 146 8605
34 147 5341
34 156 1139
34 157 9295
34 158 3161
34 159 9594
34 160 3187
34 164 7752
34 166 2289
34 168 1527
34 181 3053
34 183 7408
34 186 1964
34 201 4730
34 203 3340
34 209 9106
34 213 6297
34 221 5105
34 223 277
34 225 8098
34 227 7339
35 36 523
35 39 5621
35 46 7006
35 47 7195
35 51 1224
35 53 6979
35 54 1016
35 58 1888
35 60 1433
35 61 780
35 62 9046
35 66 4018
35 70 3282
35 72 3142
35 74 9724
35 76 3837
35 80 6301
35 85 3502
35 88 3667
35 91 1248
35 92 1492
35 93 3055
35 103 6365
35 104 6118
35 112 8812
35 117 3215
35 120 2202
35 123 6189
35 132 1637
35 133 2877
35 135 2230
35 137 3349
35 138 6129
35 140 4690
35 146 9443
35 148 2399
35 150 922
35 154 2282
35 156 768
35 170 8643
35 176 3982
35 178 9266
35 181 4427
35 193 1030
35 194 4190
35 197 9432
35 198 5042
35 204 9228
35 206 103
35 210 6890
35 211 3926
35 213 5311
35 224 7821
35 227 2891
36 45 7971
36 46 6696
36 51 6899
36 55 7001
36 65 4753
36 72 8397
36 73 7032
36 78 607
36 82 7602
36 89 3693
36 90 2548
36 92 5914
36 93 2647
36 97 900
36 103 3141
36 105 9424
36 106 7267
36 107 7666
36 110 2923
36 111 6762
36 112 9897
36 115 9171
36 119 2087
36 122 7948
36 136 916
36 145 2728
36 146 3260
36 151 162
36 155 7951
36 158 7395
36 160 6240
36 163 4611
36 167 8234
36 171 146
36 196 9578
36 197 2008
36 202 2872
36 203 5204
36 204 1975
36 208 1631
36 209 5693
36 214 9848
36 220 96
36 225 1567
36 227 7219
36 228 8129
37 47 4131
37 49 3676
37 55 9588
37 58 7696
37 68 7610
37 70 80
37 73 3784
37 75 6918
37 76 1393
37 77 7865
37 81 3666
37 82 3919
37 86 2381
37 92 3281
37 94 7291
37 100 7406
37 101 9059
37 106 763
37 107 2923
37 110 810
37 111 4529
37 113 585
37 117 3376
37 119 4007
37 121 1511
37 122 9526
37 124 9329
37 126 9691
37 131 8382
37 136 1364
37 139 9765
37 145 9187
37 146 7450
37 148 659
37 152 9688
37 160 2183
37 161 5471
37 171 6141
37 175 4015
37 177 3987
37 182 7122
37 184 2044
37 189 3012
37 193 136
37 194 9649
37 195 8830
37 197 3348
37 200 1051
37 203 2469
37 207 8980
37 216 5747
37 226 5122
37 227 2120
37 228 6807
38 42 2001
38 48 1826
38 50 2744
38 57 7335
38 60 5010
38 63 846
38 64 3631
38 66 9344
38 68 1891
38 70 3199
38 86 121
38 93 8078
38 96 9064
38 98 1141
38 102 7312
38 103 5252
38 105 6683
38 109 9776
38 121 7644
38 122 9851
38 130 8870
38 131 7789
38 133 9604
38 134 7541
38 148 2766
38 151 9427
38 153 5885
38 154 4618
38 164 4950
38 165 3418
38 169 9012
38 170 7452
38 175 2893
38 187 7149
38 195 5108
38 197 9931
38 203 4757
38 210 5434
38 211 969
38 214 8539
38 221 2505
38 223 649
38 225 6550
39 41 6977
39 53 7659
39 57 8669
39 61 5084
39 63 9273
39 78 8940
39 79 6684
39 83 94
39 87 2887
39 90 3884
39 103 1964
39 109 7530
39 114 4776
39 121 4644
39 122 6198
39 124 4376
39 126 3655
39 129 9615
39 133 9944
39 135 8100
39 137 4861
39 138 6545
39 139 2782
39 141 399
39 146 5592
39 152 5017
39 157 1390
39 159 4728
39 165 4571
39 168 14
39 176 2898
39 177 8751
39 185 7509
39 192 4483
39 194 8225
39 205 5998
39 206 950
39 207 970
39 212 349
39 216 6560
39 219 3674
39 222 1613
39 226 2252
39 228 5541
40 42 2584
40 43 3178
40 44 1935
40 58 8274
40 60 8490
40 65 6940
40 72 7986
40 79 1746
40 81 3183
40 82 5534
40 85 4003
40 96 3710
40 99 5150
40 100 2018
40 102 8776
40 105 8992
40 108 7824
40 109 3458
40 111 8709
40 115 6978
40 120 6316
40 125 5133
40 136 6586
40 143 9178
40 154 4914
40 162 4819
40 170 5602
40 171 4031
40 172 6844
40 173 5245
40 174 1946
40 176 1367
40 178 6661
40 184 5785
40 187 5330
40 192 8708
40 214 8127
40 218 1674
40 221 2087
40 222 120
40 228 4910
41 49 771
41 53 9952
41 56 1744
41 63 5517
41 65 3021
41 66 9395
41 69 6626
41 74 7905
41 79 1963
41 80 4626
41 85 4235
41 87 3067
41 88 5842
41 90 4774
41 92 5595
41 96 6902
41 98 9889
41 105 1226
41 113 9072
41 116 5514
41 118 5719
41 122 1103
41 129 2583
41 130 3242
41 133 2257
41 135 2832
41 146 1411
41 155 5194
41 157 8560
41 161 7750
41 163 7819
41 170 8396
41 173 6315
41 174 226
41 175 9187
41 181 9137
41 187 6797
41 202 9025
41 204 2769
41 209 6994
41 211 6176
41 212 5230
41 214 5377
41 217 5118
41 221 8254
41 225 6209
42 44 804
42 46 464
42 48 6539
42 55 47
42 57 2610
42 61 7474
42 65 9736
42 74 2440
42 76 1346
42 81 1222
42 85 779
42 89 408
42 94 5444
42 95 7245
42 99 2139
42 101 6389
42 106 7129
42 108 6679
42 109 9239
42 113 5294
42 115 2867
42 121 3229
42 132 4246
42 136 5581
42 137 553
42 149 4187
42 153 9357
42 156 5824
42 160 9807
42 163 7606
42 170 5960
42 172 7096
42 176 2802
42 178 7287
42 188 6522
42 189 5288
42 193 9960
42 200 5706
42 206 9726
42 210 7587
42 211 8825
42 218 5239
42 225 5360
43 45 5615
43 51 2321
43 52 3764
43 53 239
43 55 3003
43 60 7813
43 63 5170
43 67 3889
43 68 7165
43 72 9554
43 74 7899
43 77 6528
43 81 3096
43 94 6875
43 99 9189
43 104 2089
43 106 4336
43 110 4049
43 113 9165
43 114 980
43 117 4714
43 120 2385
43 121 4438
43 122 3967
43 123 5103
43 124 446
43 126 7686
43 127 8317
43 129 1830
43 130 9012
43 131 5494
43 132 9988
43 134 2459
43 137 5191
43 141 3374
43 147 3894
43 152 3503
43 160 739
43 161 904
43 162 71
43 164 6883
43 166 9553
43 168 7175
43 170 6048
43 174 1727
43 182 965
43 186 6559
43 190 4400
43 195 1910
43 199 1555
43 206 5742
43 217 3882
43 218 9381
43 222 6633
43 226 419
44 50 2582
44 52 9168
44 53 5855
44 54 3679
44 62 7324
44 64 9537
44 65 3919
44 71 5449
44 80 3281
44 82 9367
44 85 1136
44 90 5522
44 92 1438
44 95 8565
44 96 8973
44 97 8032
44 102 8662
44 104 6277
44 116 1695
44 119 3202
44 132 3675
44 161 551
44 162 328
44 166 6282
44 170 2975
44 174 8630
44 177 9700
44 179 462
44 180 2574
44 189 8302
44 190 2032
44 194 879
44 196 6436
44 201 9741
44 204 1767
44 205 5470
44 208 6299
44 210 4048
44 211 1095
44 215 1797
44 218 6400
44 220 6346
44 224 7077
44 225 4664
45 50 2673
45 62 4856
45 64 8412
45 65 1826
45 67 3747
45 68 596
45 76 8274
45 84 6344
45 85 1757
45 86 3985
45 89 9963
45 93 8237
45 104 3439
45 106 7441
45 119 4828
45 120 5863
45 125 8234
45 127 1342
45 128 7713
45 133 4245
45 135 2315
45 137 381
45 138 1820
45 141 6932
45 146 5689
45 147 1682
45 149 4173
45 154 422
45 158 6018
45 165 6287
45 166 2944
45 169 8749
45 173 1613
45 174 294
45 178 5173
45 179 5979
45 181 3311
45 182 5319
45 191 3304
45 196 2220
45 198 7383
45 200 2692
45 203 1606
45 204 3662
45 210 7401
45 211 3529
45 215 8044
45 216 2364
45 220 8141
46 56 8992
46 58 8711
46 65 7033
46 68 3965
46 72 694
46 76 1419
46 77 444
46 80 813
46 83 9556
46 85 3150
46 86 6711
46 89 679
46 91 5412
46 93 1776
46 96 4143
46 97 1011
46 100 7594
46 104 4791
46 107 5109
46 110 6047
46 114 3647
46 118 2063
46 120 4826
46 124 5773
46 128 8400
46 129 7145
46 132 6960
46 135 3388
46 142 9425
46 143 5086
46 146 421
46 150 2608
46 151 557
46 157 2537
46 158 2603
46 159 9227
46 163 8088
46 178 9325
46 195 2774
46 196 7867
46 199 5019
46 206 2138
46 208 5667
46 209 1867
46 216 1978
47 51 5477
47 57 4603
47 68 5077
47 71 9523
47 75 4403
47 77 7440
47 82 8672
47 83 9995
47 92 8126
47 98 9296
47 100 2083
47 102 2130
47 104 9112
47 107 3412
47 108 3563
47 115 4412
47 116 9738
47 123 9119
47 125 1439
47 129 7819
47 134 594
47 136 5094
47 147 7098
47 148 4403
47 151 6861
47 154 8902
47 156 9423
47 158 8906
47 159 3127
47 163 8762
47 168 9324
47 170 1280
47 172 5323
47 173 3701
47 174 2472
47 188 9359
47 194 4222
47 197 5114
47 201 9081
47 204 5203
47 207 4229
47 210 6656
47 218 5938
47 222 1580
47 225 8564
48 49 2674
48 50 6630
48 52 5166
48 53 5063
48 56 4853
48 63 749
48 66 8219
48 71 5617
48 74 9666
48 75 2377
48 79 2535
48 81 4415
48 82 1763
48 96 1075
48 97 4234
48 100 8842
48 104 9405
48 110 6382
48 122 9525
48 123 2264
48 124 383
48 131 6520
48 134 3510
48 136 5185
48 141 6776
48 147 3518
48 155 1981
48 157 8657
48 159 9130
48 160 6378
48 162 1278
48 164 2427
48 170 757
48 177 7920
48 183 4549
48 186 7409
48 187 7217
48 188 1148
48 193 9731
48 195 4976
48 208 3979
48 210 9802
48 211 4378
48 223 2210
48 224 4634
49 53 1369
49 54 6668
49 57 1788
49 58 1717
49 61 5724
49 63 777
49 69 7898
49 71 6283
49 72 9941
49 73 1229
49 81 7806
49 84 8951
49 85 8653
49 88 7019
49 97 2249
49 102 1490
49 103 5583
49 105 3412
49 108 6441
49 113 7284
49 116 9890
49 121 4074
49 123 7394
49 131 1419
49 135 6438
49 136 4801
49 140 9775
49 145 7844
49 146 1595
49 158 5020
49 160 636
49 163 7529
49 174 4394
49 182 9092
49 184 96
49 187 2439
49 188 950
49 189 868
49 190 5311
49 195 4377
49 199 5970
49 202 717
49 207 4017
49 208 4863
49 209 6098
49 211 6963
49 213 9371
49 214 7234
49 219 448
49 227 8428
50 51 485
50 66 2772
50 70 6930
50 71 482
50 72 9479
50 75 3932
50 83 658
50 88 126
50 89 6341
50 93 9602
50 96 3193
50 102 2190
50 104 3366
50 107 6187
50 110 1838
50 114 2836
50 116 2410
50 119 4344
50 120 8330
50 121 9980
50 122 9747
50 123 6273
50 124 9827
50 136 1841
50 137 2639
50 139 4844
50 140 9278
50 142 6537
50 143 9393
50 147 9932
50 157 3048
50 162 1405
50 168 9413
50 174 6436
50 176 9119
50 179 6379
50 186 4906
50 188 8515
50 189 4515
50 194 6603
50 205 5962
50 210 7416
50 216 405
50 218 3745
50 227 2345
51 53 2367
51 62 2629
51 63 2262
51 74 5211
51 77 3603
51 82 1003
51 92 7237
51 94 379
51 95 9471
51 98 2619
51 100 2919
51 111 1559
51 115 4731
51 123 107
51 131 4687
51 132 6622
51 136 308
51 147 1933
51 158 3659
51 171 8540
51 174 3726
51 181 5757
51 183 4228
51 187 1613
51 189 8580
51 210 851
51 211 8996
51 222 2335
51 224 3449
52 56 7309
52 61 6118
52 62 5762
52 63 8544
52 66 6021
52 76 1806
52 80 63
52 81 6040
52 84 1241
52 88 3000
52 94 5110
52 95 2960
52 102 7305
52 113 3354
52 116 4615
52 117 4871
52 125 9992
52 136 6781
52 137 5990
52 139 1864
52 145 4847
52 146 6832
52 147 9767
52 148 5764
52 158 9235
52 163 5674
52 164 1121
52 165 7266
52 166 3932
52 169 2258
52 172 4735
52 173 2596
52 181 5100
52 189 456
52 196 2420
52 199 7713
52 212 6708
52 216 6844
52 217 9108
52 219 2515
52 228 4321
53 57 3515
53 61 7861
53 64 2362
53 67 7233
53 74 6623
53 77 3870
53 79 5169
53 92 3775
53 96 8575
53 98 1475
53 99 1114
53 101 8843
53 106 3501
53 112 9147
53 119 1765
53 123 3357
53 124 2517
53 128 4408
53 129 8358
53 133 1543
53 134 4027
53 136 2294
53 141 61
53 144 541
53 150 4501
53 158 4671
53 161 9161
53 168 8923
53 169 9255
53 170 1186
53 173 8684
53 174 6199
53 178 573
53 179 8019
53 187 756
53 192 4541
53 196 7604
53 198 3151
53 199 38
53 203 385
53 204 6875
53 208 1054
53 209 7733
53 216 8220
53 217 5894
53 218 9407
53 222 3845
53 223 8922
54 57 8448
54 65 6364
54 70 7061
54 73 4257
54 83 5086
54 92 5488
54 94 4103
54 95 6845
54 101 6563
54 103 1785
54 104 6623
54 107 4914
54 108 5027
54 114 2801
54 116 7822
54 125 1835
54 126 3650
54 129 5532
54 132 3742
54 134 4205
54 139 8531
54 146 9670
54 154 501
54 160 9242
54 170 6964
54 173 7417
54 180 6030
54 181 3039
54 182 6666
54 185 9131
54 196 7730
54 197 6214
54 202 5965
54 203 5387
54 204 6260
54 207 1486
54 213 2656
54 215 9254
54 216 3617
54 218 8780
54 220 4441
54 222 7162
54 224 1660
54 225 5952
55 63 7766
55 68 6354
55 74 3414
55 82 8642
55 90 6683
55 92 4126
55 100 8123
55 101 8764
55 102 7271
55 104 721
55 108 1094
55 110 6390
55 111 8563
55 113 7678
55 114 2762
55 118 4429
55 119 9267
55 125 2824
55 129 8072
55 134 5596
55 145 2394
55 146 9096
55 148 9474
55 149 2440
55 152 3999
55 156 4649
55 160 9739
55 162 5906
55 164 3542
55 165 5581
55 171 4065
55 173 4261
55 174 2437
55 175 2022
55 176 7397
55 178 6594
55 179 7385
55 182 2733
55 183 6683
55 185 289
55 186 9873
55 188 9962
55 194 101
55 195 41
55 198 9140
55 200 2344
55 205 3137
55 214 1543
55 217 8415
55 221 9114
55 223 6765
55 228 7227
56 58 3568
56 59 9810
56 63 382
56 72 403
56 75 924
56 80 9427
56 81 7634
56 82 7681
56 84 2941
56 88 6938
56 93 4980
56 95 9486
56 96 357
56 98 3284
56 104 2301
56 109 3587
56 111 8542
56 116 5723
56 117 29
56 121 7934
56 123 6891
56 134 4253
56 137 9089
56 141 5690
56 147 7845
56 154 9069
56 161 1553
56 168 9909
56 170 7880
56 177 7340
56 183 2269
56 187 789
56 189 4910
56 194 4972
56 203 1836
56 207 8307
56 211 1015
56 214 2694
56 215 2060
56 216 4045
56 218 9334
56 222 2973
56 223 184
56 226 6934
56 227 2689
56 228 2395
57 60 4636
57 61 9743
57 63 2890
57 64 3489
57 65 1496
57 70 618
57 76 8872
57 81 3444
57 86 8103
57 103 7712
57 106 1239
57 118 9369
57 121 4553
57 124 1467
57 126 2145
57 131 7958
57 135 1396
57 138 2510
57 139 6136
57 144 3287
57 154 4117
57 155 6402
57 158 7326
57 160 7991
57 180 880
57 182 3324
57 184 1431
57 185 9525
57 186 5437
57 188 7107
57 194 8836
57 195 507
57 197 1216
57 201 6629
57 202 1193
57 203 2309
57 209 9945
57 213 3630
57 216 1635
57 220 8166
57 222 9623
57 223 5178
57 225 5531
58 60 8897
58 62 4557
58 66 5597
58 73 2885
58 78 3337
58 79 4653
58 80 3500
58 85 4093
58 99 4648
58 101 5614
58 103 9852
58 112 3387
58 115 183
58 118 2459
58 121 9481
58 125 7433
58 129 1632
58 131 6726
58 132 402
58 133 3598
58 136 5359
58 141 2507
58 148 8178
58 150 1410
58 153 6140
58 157 9711
58 159 6288
58 165 8757
58 167 5253
58 173 8668
58 174 4809
58 185 4012
58 186 8997
58 188 494
58 193 3535
58 197 8332
58 203 362
58 210 6531
58 215 455
58 216 8195
58 223 3667
58 228 1135
59 68 8252
59 73 511
59 74 975
59 76 4281
59 81 5681
59 87 8467
59 90 1999
59 92 2372
59 94 7374
59 95 4868
59 102 1343
59 104 2924
59 105 8509
59 109 2261
59 110 7454
59 120 2382
59 126 6964
59 136 9451
59 139 152
59 141 6154
59 142 1966
59 150 9112
59 151 8936
59 153 4193
59 157 9781
59 166 992
59 168 9370
59 169 8113
59 171 1870
59 172 4583
59 180 2392
59 185 8997
59 191 6647
59 198 5439
59 204 4357
59 212 5996
59 214 8805
59 215 4859
59 216 63
59 224 962
60 64 9948
60 70 3478
60 74 8677
60 76 3140
60 78 4712
60 79 3272
60 80 4137
60 85 6836
60 87 4274
60 96 3768
60 102 9257
60 103 1867
60 109 8996
60 111 868
60 121 4088
60 125 1410
60 126 2232
60 135 7343
60 137 2405
60 140 5312
60 142 6855
60 143 5618
60 147 2237
60 149 8787
60 154 1372
60 162 9169
60 164 3380
60 166 2791
60 168 4699
60 169 3738
60 170 2727
60 175 7641
60 186 2022
60 188 3636
60 190 3392
60 192 1862
60 194 1879
60 198 2871
60 206 3100
60 210 3519
60 212 178
60 214 9986
60 228 747
61 62 7921
61 65 7676
61 78 7836
61 79 8710
61 80 6592
61 87 7600
61 88 7400
61 89 4077
61 90 1470
61 91 8565
61 93 4675
61 94 1476
61 104 6999
61 106 394
61 109 4997
61 110 8300
61 113 5551
61 116 6609
61 117 9503
61 121 6731
61 122 8219
61 127 932
61 130 2327
61 134 7440
61 137 7318
61 138 4049
61 143 4343
61 145 2437
61 147 4717
61 153 2233
61 155 4785
61 156 2417
61 157 2475
61 158 7472
61 159 3074
61 166 1357
61 168 3667
61 174 1391
61 179 5610
61 182 2110
61 184 2478
61 191 7979
61 193 2039
61 194 7642
61 195 2220
61 201 4966
61 202 9025
61 203 6196
61 211 9785
61 213 3503
61 214 235
61 218 276
61 219 2263
61 223 7412
61 228 635
62 63 6829
62 64 2446
62 71 61
62 72 97
62 80 8829
62 81 8046
62 82 7365
62 83 5366
62 85 3273
62 89 8499
62 90 5664
62 92 9918
62 93 802
62 101 3299
62 102 1511
62 103 9633
62 107 9486
62 110 9346
62 113 2774
62 114 8799
62 116 5268
62 120 1273
62 129 1661
62 131 2287
62 135 3123
62 139 6252
62 141 7565
62 145 8854
62 148 2514
62 149 311
62 150 1691
62 154 2246
62 171 415
62 175 3508
62 176 7287
62 184 3704
62 185 8041
62 194 6704
62 200 8740
62 207 5114
62 217 2950
62 218 5858
62 219 8427
62 223 1932
62 224 3796
62 227 5911
63 65 9325
63 68 3448
63 69 4816
63 74 1990
63 82 140
63 83 4166
63 87 563
63 89 3825
63 90 7073
63 98 7937
63 102 4500
63 115 528
63 123 2522
63 124 3202
63 130 9846
63 133 3493
63 134 2280
63 136 3640
63 143 7331
63 150 7244
63 161 5064
63 164 3997
63 167 8448
63 170 7295
63 172 3387
63 176 4471
63 178 5430
63 180 124
63 182 5899
63 183 4986
63 189 2609
63 190 4561
63 195 8890
63 196 4274
63 198 7620
63 199 5054
63 201 527
63 203 7452
63 205 1389
63 216 2717
63 217 8448
63 218 9369
63 220 1536
63 222 7199
63 227 3741
64 65 8753
64 70 5574
64 79 2305
64 83 2174
64 89 8008
64 100 2317
64 102 7054
64 103 9632
64 105 9188
64 111 5035
64 113 1354
64 114 9879
64 115 3366
64 116 4401
64 118 7004
64 119 7253
64 122 5064
64 124 2365
64 148 5097
64 149 8132
64 151 9698
64 155 4148
64 159 5825
64 163 3302
64 164 1275
64 166 8789
64 167 7792
64 171 9814
64 172 7636
64 173 6410
64 176 9461
64 179 601
64 181 1038
64 188 3296
64 192 8088
64 193 7062
64 195 1919
64 197 5380
64 205 4889
64 206 185
64 207 3816
64 211 9646
64 219 7832
64 221 6521
64 224 4629
64 227 1781
65 79 6123
65 80 8559
65 81 1272
65 99 1317
65 101 1725
65 107 2425
65 108 2177
65 122 7269
65 123 4336
65 127 4084
65 131 2823
65 132 4343
65 136 3548
65 139 5591
65 141 1829
65 147 4789
65 150 8348
65 158 6883
65 163 9312
65 166 2923
65 169 3416
65 181 750
65 188 1163
65 193 3220
65 198 2248
65 199 8357
65 200 5772
65 203 2304
65 205 6779
65 211 3727
65 215 9149
65 221 583
65 226 717
65 228 8784
66 75 1187
66 81 6428
66 86 4180
66 90 2051
66 92 9567
66 96 5562
66 101 3891
66 107 5392
66 108 8723
66 109 6431
66 116 5556
66 118 1593
66 119 9565
66 130 325
66 131 9795
66 134 7296
66 136 5804
66 139 300
66 140 983
66 146 6973
66 151 4438
66 155 1605
66 159 7279
66 160 5724
66 161 3766
66 164 4571
66 165 5296
66 167 622
66 169 1601
66 174 4855
66 176 9332
66 180 8623
66 182 2078
66 184 8820
66 187 9229
66 199 9627
66 201 1173
66 205 634
66 209 4677
66 216 6088
66 223 3874
66 225 8579
67 69 4541
67 81 1106
67 82 9127
67 83 8317
67 84 4694
67 85 5067
67 86 4277
67 88 4498
67 89 9205
67 100 8224
67 105 6560
67 106 4742
67 109 4951
67 111 8470
67 115 4444
67 119 1830
67 121 2741
67 123 8370
67 136 5989
67 137 8996
67 141 6339
67 142 8364
67 143 5368
67 144 4986
67 147 7881
67 149 5809
67 152 1738
67 153 372
67 154 5533
67 156 499
67 161 5378
67 166 2383
67 168 2103
67 181 5006
67 183 467
67 186 3785
67 189 9069
67 194 1114
67 195 1846
67 200 2597
67 204 7263
67 208 4692
67 211 3153
67 218 1432
67 221 9696
67 225 5853
68 72 5447
68 74 6858
68 75 7728
68 76 4504
68 78 9862
68 79 236
68 83 5234
68 85 1435
68 86 7748
68 91 2007
68 94 9853
68 95 6161
68 102 8497
68 104 7280
68 106 8339
68 107 1596
68 110 1870
68 111 4917
68 113 7988
68 116 8539
68 122 432
68 127 5969
68 128 4530
68 137 6721
68 139 4658
68 141 9825
68 147 9268
68 152 386
68 157 2279
68 160 4379
68 162 2193
68 165 7588
68 168 2974
68 178 7490
68 179 2991
68 180 4807
68 181 2167
68 184 2462
68 193 6530
68 195 1516
68 211 6202
68 213 4443
68 215 4129
68 222 7536
68 224 2802
69 71 8349
69 78 4732
69 80 7073
69 85 7777
69 90 918
69 92 7778
69 94 2161
69 96 6480
69 99 2485
69 106 2271
69 109 433
69 111 6427
69 112 3175
69 113 2216
69 123 9945
69 134 3420
69 138 7706
69 139 2868
69 140 6061
69 149 7372
69 165 3169
69 171 3873
69 176 6503
69 181 3522
69 182 7196
69 196 6210
69 197 6821
69 200 768
69 205 9689
69 207 8095
69 208 1470
69 211 3027
69 213 9336
69 214 412
69 218 4940
69 221 9268
69 222 959
69 226 6930
69 228 1285
70 73 8972
70 80 9623
70 82 6580
70 84 8061
70 88 1740
70 90 6976
70 93 9733
70 102 1687
70 103 2493
70 109 4955
70 114 8810
70 126 5631
70 127 4753
70 130 8026
70 132 7421
70 134 4590
70 135 6766
70 139 1205
70 140 9859
70 148 6459
70 149 2227
70 155 3240
70 156 8673
70 157 397
70 171 6350
70 173 1155
70 181 8385
70 182 6971
70 202 7055
70 216 7444
70 219 7687
71 80 5307
71 84 71
71 89 1682
71 91 4661
71 97 5201
71 123 8811
71 124 7891
71 125 5114
71 140 7074
71 145 3892
71 149 1524
71 151 183
71 162 3166
71 168 3897
71 173 3537
71 175 8540
71 177 510
71 179 3280
71 182 9470
71 183 6749
71 199 2624
71 209 8500
71 219 792
71 221 8396
71 224 2092
71 225 3651
72 74 6328
72 78 2280
72 86 1128
72 96 8694
72 98 5429
72 105 9948
72 106 7171
72 107 2186
72 110 379
72 113 1170
72 114 9981
72 120 2520
72 124 1547
72 128 5054
72 129 6078
72 136 6380
72 137 3879
72 146 1578
72 147 2060
72 156 1676
72 161 161
72 165 8307
72 168 9250
72 181 5588
72 183 409
72 184 3806
72 187 2213
72 188 3689
72 189 8388
72 192 4534
72 197 9175
72 199 7639
72 200 398
72 204 1764
72 206 30
72 210 2356
72 213 9223
72 215 2050
72 218 9405
73 75 8927
73 86 3773
73 89 6067
73 90 7938
73 91 1505
73 95 8573
73 98 8751
73 101 7492
73 103 2603
73 106 9450
73 109 3644
73 110 7872
73 112 4776
73 114 4439
73 116 8297
73 119 9739
73 123 3703
73 127 3567
73 134 3144
73 137 1382
73 141 9448
73 142 6497
73 144 3988
73 147 7655
73 155 2082
73 158 4776
73 160 931
73 167 719
73 168 9276
73 176 7785
73 180 5078
73 181 6247
73 186 6789
73 191 7194
73 195 399
73 198 1651
73 207 1560
73 208 6485
73 214 5924
73 215 8683
73 219 7121
73 224 8415
74 75 7331
74 78 8369
74 80 4789
74 84 3163
74 87 2148
74 95 7226
74 107 713
74 108 6275
74 114 9993
74 120 6302
74 129 563
74 132 7073
74 139 3132
74 141 7138
74 145 7993
74 149 3496
74 153 2492
74 154 8828
74 156 6385
74 158 9466
74 159 4669
74 168 9235
74 169 7599
74 176 7580
74 178 6974
74 179 652
74 181 13
74 186 3316
74 189 7089
74 192 1547
74 193 4531
74 198 8065
74 199 2021
74 204 8529
74 207 6727
74 208 6175
74 209 4059
74 217 5078
74 218 3599
74 222 274
75 76 7301
75 81 6643
75 82 360
75 86 1109
75 89 7851
75 91 2043
75 92 2619
75 93 7949
75 94 2699
75 97 9620
75 99 2399
75 100 689
75 102 1413
75 109 4603
75 118 1947
75 119 8791
75 121 5811
75 133 4571
75 137 9068
75 138 2754
75 139 7986
75 140 7839
75 144 9421
75 150 4240
75 159 6121
75 165 7444
75 166 6542
75 172 7476
75 176 2466
75 177 3657
75 183 2390
75 184 3386
75 187 9416
75 207 8145
75 210 5834
75 212 1345
75 214 831
75 217 7800
75 220 3630
75 223 6670
75 224 5000
75 226 8718
76 77 6867
76 78 6070
76 85 6723
76 97 8397
76 111 4516
76 114 1204
76 115 5319
76 116 5892
76 122 9147
76 124 6344
76 125 6301
76 133 6952
76 140 9512
76 145 225
76 148 9487
76 149 29
76 153 2494
76 159 7174
76 168 6122
76 172 3310
76 177 7527
76 178 832
76 181 4640
76 185 3371
76 186 7529
76 188 8068
76 195 6540
76 197 5167
76 199 6597
76 201 6864
76 204 7517
76 210 2560
76 215 305
76 218 4441
76 222 1288
76 224 7146
77 80 4874
77 86 9443
77 87 2677
77 88 5809
77 89 5863
77 90 6105
77 92 1593
77 95 2165
77 97 5217
77 98 9562
77 109 6735
77 111 9953
77 114 8514
77 115 3620
77 118 4983
77 120 8779
77 121 9891
77 126 6002
77 127 2787
77 140 7623
77 146 970
77 151 3045
77 155 8693
77 164 678
77 165 3700
77 166 9286
77 169 8930
77 170 3956
77 177 943
77 187 3366
77 195 37
77 211 2996
77 214 2269
77 223 6225
78 92 8259
78 94 3632
78 95 1879
78 99 2066
78 102 2067
78 105 2706
78 106 2737
78 115 8805
78 116 377
78 122 4488
78 125 2560
78 133 7401
78 139 6349
78 144 8068
78 149 5340
78 152 9676
78 156 390
78 160 7434
78 163 6300
78 169 2393
78 171 3848
78 172 7169
78 177 7286
78 186 2123
78 189 147
78 190 9535
78 196 3826
78 201 656
78 208 5889
78 210 7096
79 88 2084
79 98 7084
79 106 4234
79 117 2067
79 127 2457
79 136 1964
79 138 6699
79 139 1773
79 140 5132
79 146 6715
79 148 179
79 152 341
79 155 399
79 157 3190
79 161 2445
79 164 2133
79 178 544
79 180 8028
79 182 6116
79 188 2328
79 193 9231
79 194 5833
79 196 628
79 199 957
79 211 1714
79 212 132
79 214 6665
79 216 1793
79 218 7493
79 225 4511
79 226 5409
80 82 5373
80 86 9786
80 89 9475
80 95 9863
80 97 9761
80 110 1644
80 117 3791
80 118 3003
80 123 6257
80 126 1710
80 127 4383
80 129 7871
80 135 2139
80 138 9170
80 147 2375
80 155 6135
80 159 1784
80 160 1822
80 169 5490
80 171 6044
80 173 6690
80 177 2732
80 185 5946
80 186 3018
80 188 5523
80 190 9756
80 197 3817
80 198 6760
80 207 103
80 208 2759
80 209 9929
80 210 5434
80 216 6627
80 222 8759
81 83 1152
81 84 8200
81 85 792
81 86 4776
81 93 6353
81 94 4816
81 98 658
81 99 9002
81 112 7611
81 115 6419
81 119 4785
81 122 9874
81 124 8415
81 125 5978
81 126 3944
81 127 4500
81 129 597
81 134 5534
81 137 4494
81 138 2065
81 144 8681
81 147 6705
81 150 4050
81 151 2250
81 154 3020
81 158 6609
81 168 5138
81 170 3742
81 172 6762
81 181 4330
81 186 5605
81 197 6538
81 206 4076
81 209 7423
81 210 7730
81 215 2927
81 220 1178
81 225 523
81 227 2229
82 85 978
82 86 8045
82 92 7775
82 93 5731
82 103 8198
82 107 3861
82 108 9753
82 114 9710
82 123 8990
82 125 3091
82 126 1970
82 134 9229
82 135 429
82 138 5373
82 149 4211
82 153 9429
82 155 7106
82 158 103
82 161 1617
82 162 4003
82 166 8605
82 171 4237
82 173 9696
82 176 3776
82 180 3711
82 182 5666
82 184 4726
82 186 9971
82 191 272
82 203 1778
82 204 8745
82 214 3605
82 219 1490
82 225 7715
83 85 8009
83 87 3426
83 90 3552
83 92 173
83 97 5531
83 102 5943
83 105 5371
83 111 6289
83 112 7833
83 115 2450
83 116 9570
83 122 2590
83 123 6677
83 128 1543
83 130 2355
83 137 950
83 139 8117
83 141 2521
83 152 6245
83 156 9877
83 161 8729
83 165 5799
83 172 4182
83 176 600
83 177 2264
83 179 7516
83 180 9430
83 181 218
83 183 2623
83 186 8279
83 194 6658
83 195 7463
83 199 3793
83 200 514
83 201 58
83 211 1450
83 212 6187
83 216 3718
83 218 6817
83 220 988
83 221 7878
83 228 3414
84 85 3512
84 91 389
84 106 7130
84 109 3623
84 113 2945
84 117 4745
84 123 2488
84 129 6640
84 131 5389
84 136 5000
84 140 2046
84 148 8742
84 149 5747
84 151 805
84 154 9908
84 156 8407
84 159 324
84 165 104
84 169 6343
84 171 3707
84 175 4506
84 181 9198
84 183 1377
84 190 8494
84 191 9238
84 199 4806
84 201 1135
84 203 7486
84 207 6692
84 216 5170
84 219 5423
84 220 8728
84 225 3293
84 226 5857
85 90 7606
85 91 3013
85 94 3289
85 97 825
85 99 6539
85 100 3216
85 115 7258
85 117 7719
85 119 6207
85 121 3412
85 123 2330
85 125 7566
85 126 2826
85 134 6608
85 142 8759
85 143 7979
85 147 2424
85 157 4480
85 158 5417
85 159 1698
85 161 202
85 162 5506
85 163 757
85 166 5077
85 167 8824
85 168 340
85 172 9497
85 179 7741
85 181 8003
85 182 7952
85 184 1111
85 187 8359
85 188 3762
85 196 451
85 198 7610
85 200 1543
85 204 658
85 210 1632
85 217 2745
85 219 8008
85 221 4997
85 222 4430
85 228 7312
86 88 7181
86 90 6249
86 92 7300
86 94 8641
86 100 7413
86 115 6971
86 117 6281
86 118 6031
86 125 2206
86 128 6843
86 130 5280
86 137 3278
86 144 5226
86 148 1995
86 149 9516
86 150 141
86 158 2859
86 163 2019
86 165 8165
86 168 2711
86 179 8276
86 180 9615
86 182 7288
86 189 1661
86 190 4428
86 194 6212
86 196 7807
86 204 4782
86 208 2559
86 209 4702
86 214 8848
86 215 2472
86 221 3568
87 94 1189
87 96 2421
87 97 7094
87 99 5102
87 103 9298
87 108 5001
87 111 9025
87 114 9101
87 119 7545
87 121 2419
87 122 3614
87 123 1986
87 126 316
87 127 5
87 130 630
87 131 3880
87 135 2989
87 139 5675
87 140 2372
87 147 6177
87 161 3301
87 163 8563
87 164 800
87 170 45
87 179 5683
87 182 9763
87 183 9968
87 185 6390
87 186 2771
87 197 826
87 198 4027
87 199 4797
87 201 8788
87 208 1880
87 209 2070
87 217 9947
87 218 8531
87 221 8143
87 223 9906
87 224 6743
87 226 2874
87 227 8563
87 228 4795
88 93 6407
88 95 4363
88 96 6734
88 98 1264
88 101 5482
88 106 9865
88 113 6694
88 115 3533
88 119 5325
88 124 6190
88 125 121
88 126 6762
88 130 3487
88 131 2764
88 133 364
88 134 5712
88 135 3385
88 139 7828
88 148 4354
88 163 9148
88 165 9811
88 168 5487
88 179 551
88 180 8807
88 182 9383
88 192 9554
88 195 6983
88 197 5136
88 201 1391
88 202 9249
88 207 2833
88 209 7344
88 216 6454
88 222 7482
88 224 4298
89 94 4152
89 97 3556
89 101 6898
89 104 9116
89 105 8880
89 111 5884
89 113 9589
89 114 2060
89 117 4920
89 125 6922
89 126 7568
89 127 9950
89 129 4050
89 132 7312
89 138 5999
89 151 2028
89 158 889
89 160 1043
89 167 5471
89 169 4131
89 173 9763
89 174 1216
89 177 3844
89 178 2202
89 179 736
89 183 3225
89 188 2318
89 189 6341
89 192 2290
89 198 3874
89 202 1580
89 207 9424
89 218 7322
89 224 6219
89 228 6212
90 91 5863
90 95 4169
90 97 9954
90 106 6172
90 108 1170
90 127 3083
90 128 3392
90 130 1276
90 132 6257
90 135 9778
90 150 8063
90 155 7231
90 156 9261
90 158 4575
90 165 7004
90 173 2081
90 175 8267
90 176 4948
90 186 9792
90 191 1216
90 193 2643
90 194 1654
90 204 6822
90 206 8750
90 209 8708
90 213 4327
90 215 2517
90 216 6549
90 221 497
90 224 2540
90 228 5541
91 92 1681
91 97 6926
91 104 2625
91 110 9798
91 118 5308
91 120 1027
91 122 9376
91 123 9711
91 125 9666
91 126 5770
91 127 7666
91 132 5243
91 133 3576
91 137 5641
91 138 3441
91 141 5504
91 149 1414
91 151 3091
91 154 471
91 160 3226
91 164 2616
91 166 3318
91 171 2896
91 173 7559
91 178 4088
91 181 5507
91 183 188
91 193 2657
91 200 50
91 201 3779
91 202 5307
91 204 6959
91 205 6834
91 206 7551
91 207 2358
91 209 1519
91 211 5959
91 213 3777
91 217 3085
91 220 6609
92 96 7037
92 97 1757
92 101 7806
92 109 7482
92 110 78
92 112 7271
92 113 4058
92 115 351
92 119 3170
92 122 3509
92 130 904
92 135 917
92 137 6074
92 139 8552
92 146 9199
92 151 2066
92 152 535
92 157 6838
92 160 1159
92 161 1475
92 174 6010
92 177 513
92 179 7303
92 180 6521
92 184 9795
92 185 4200
92 186 4863
92 187 6587
92 188 1590
92 189 6938
92 190 2451
92 195 1743
92 196 233
92 206 2084
92 207 7859
92 209 9136
92 210 6782
92 212 3447
92 215 6377
92 218 1394
92 219 5404
93 94 1903
93 99 5046
93 102 9610
93 103 947
93 104 5599
93 117 7787
93 122 3604
93 125 8027
93 128 2707
93 129 2245
93 131 9738
93 133 7884
93 134 705
93 135 7594
93 140 1004
93 141 9920
93 142 2081
93 143 6847
93 149 1328
93 153 8483
93 154 8918
93 161 6641
93 162 7776
93 163 2940
93 165 5310
93 168 1979
93 171 247
93 186 1163
93 187 7481
93 191 7792
93 200 9361
93 202 2687
93 205 9252
93 212 8325
93 215 550
93 218 6736
93 219 3181
93 221 9725
93 223 4578
93 224 3715
94 96 3958
94 102 4318
94 105 6922
94 107 7268
94 113 4502
94 116 3735
94 119 9339
94 121 9117
94 123 5427
94 124 9539
94 128 8020
94 129 5484
94 137 5836
94 141 2019
94 145 1001
94 147 3485
94 148 6408
94 149 7612
94 151 2510
94 155 7858
94 158 9913
94 166 8326
94 168 3168
94 169 3988
94 174 428
94 175 5500
94 176 2948
94 178 3227
94 184 8499
94 185 883
94 187 7102
94 196 7740
94 198 1074
94 201 4564
94 202 6102
94 206 664
94 207 2077
94 212 2762
94 214 316
94 215 5312
94 217 5065
94 221 5518
94 222 9396
94 223 8766
94 225 115
95 107 752
95 109 2440
95 117 8700
95 120 5064
95 123 5643
95 124 1263
95 129 3725
95 135 7288
95 137 5964
95 139 8082
95 141 1123
95 155 529
95 165 1269
95 166 8265
95 167 1666
95 168 6959
95 169 2786
95 171 471
95 190 9832
95 192 2151
95 195 1705
95 196 9221
95 201 6463
95 202 4939
95 204 2015
95 208 5363
95 211 6260
95 214 3603
95 220 5595
95 223 2532
95 224 644
95 225 2203
96 99 3586
96 100 8895
96 102 7267
96 103 9013
96 106 2463
96 108 2106
96 111 6811
96 114 2352
96 119 8620
96 125 2986
96 137 4730
96 142 6276
96 148 5594
96 159 4521
96 165 9897
96 167 2364
96 173 552
96 174 9301
96 176 655
96 182 7089
96 184 4573
96 185 8417
96 187 4239
96 193 7933
96 195 8285
96 196 6927
96 198 9279
96 201 6036
96 208 4983
96 213 4026
96 214 3061
96 216 8202
96 222 6893
96 227 8723
97 99 5342
97 102 4133
97 104 2798
97 110 5818
97 115 8178
97 116 5763
97 119 2587
97 126 1532
97 127 2387
97 132 300
97 134 2900
97 135 6316
97 136 299
97 137 1543
97 139 9255
97 147 4869
97 149 3491
97 154 9029
97 155 4877
97 156 1629
97 160 6333
97 162 7331
97 164 7840
97 168 4383
97 171 8087
97 175 2526
97 176 3623
97 181 4267
97 182 5139
97 192 6766
97 193 797
97 197 7709
97 198 5149
97 200 5624
97 203 6821
97 204 3140
97 207 4952
97 208 8923
97 223 7154
97 226 5989
97 228 8982
98 102 7639
98 109 1745
98 111 7279
98 115 8420
98 121 2035
98 122 5909
98 124 1599
98 125 8931
98 130 8007
98 131 2970
98 133 9201
98 137 9347
98 138 9589
98 140 6600
98 142 8446
98 144 3374
98 149 8098
98 159 8151
98 161 1118
98 162 754
98 163 5435
98 167 8134
98 168 8396
98 170 5050
98 176 97
98 181 3086
98 192 3926
98 197 4520
98 202 5128
98 203 8077
98 204 4031
98 209 9167
98 222 6887
98 223 3057
99 100 8221
99 111 8808
99 116 5760
99 118 4929
99 121 7364
99 125 2976
99 126 6031
99 131 2203
99 133 7545
99 135 8279
99 142 5507
99 143 2863
99 146 3643
99 148 3424
99 151 8170
99 155 6615
99 161 5059
99 166 3114
99 174 515
99 193 9814
99 195 5866
99 196 6147
99 199 909
99 202 8853
99 207 8441
99 210 9990
99 211 6849
99 212 7204
99 218 9950
99 224 8602
100 104 3020
100 105 7674
100 124 9227
100 129 9600
100 137 2992
100 139 8243
100 140 8219
100 141 1485
100 142 2717
100 143 333
100 144 255
100 145 8271
100 148 605
100 155 4519
100 159 4877
100 162 9514
100 164 5813
100 165 9442
100 166 2887
100 168 2708
100 175 9231
100 179 1846
100 181 8923
100 182 6035
100 190 1780
100 191 4401
100 192 2649
100 193 6555
100 196 3014
100 203 9501
100 207 3539
100 208 7640
100 217 8315
100 219 3030
100 227 6987
101 104 9291
101 105 4370
101 108 7147
101 110 6254
101 119 5564
101 125 492
101 128 4345
101 139 3273
101 151 498
101 152 5250
101 154 4510
101 155 6394
101 160 9983
101 173 325
101 181 566
101 185 1068
101 193 1905
101 199 6235
101 209 1987
101 211 5450
101 213 5157
101 215 9112
101 217 4432
101 219 8234
101 221 9989
101 228 4621
102 104 8420
102 107 7425
102 109 4848
102 113 7132
102 116 9721
102 118 1814
102 125 5736
102 127 3546
102 139 7204
102 142 3392
102 145 5679
102 146 5669
102 151 9629
102 154 770
102 166 4797
102 175 5566
102 177 3521
102 181 9736
102 188 4846
102 193 4031
102 198 4277
102 199 180
102 200 3606
102 207 3568
102 209 6107
102 217 3014
102 219 6878
102 221 2916
102 223 1236
102 225 9207
103 105 6647
103 107 560
103 111 3292
103 113 8256
103 116 4540
103 128 558
103 129 4220
103 131 3534
103 132 5141
103 136 3248
103 144 7968
103 145 120
103 149 20
103 150 2801
103 152 3009
103 153 4976
103 155 6172
103 156 6787
103 163 6406
103 169 4293
103 178 514
103 179 2697
103 188 8278
103 192 3607
103 193 3994
103 197 7145
103 199 5158
103 201 3217
103 205 1334
103 210 5882
103 217 8707
103 219 2979
103 226 3103
103 227 8438
104 111 6912
104 114 8640
104 118 2233
104 120 4190
104 121 2064
104 122 226
104 128 575
104 131 6213
104 132 5057
104 134 7436
104 141 5877
104 144 1435
104 145 5636
104 147 7547
104 164 9888
104 179 8483
104 185 9101
104 186 2727
104 188 5879
104 189 3887
104 195 5041
104 200 4419
104 203 2692
104 208 3452
104 214 268
104 225 9876
105 107 9785
105 109 8058
105 118 6374
105 125 1005
105 137 6666
105 147 7764
105 149 8961
105 156 3912
105 157 4118
105 160 6681
105 162 4250
105 166 242
105 167 683
105 168 5021
105 169 2667
105 176 852
105 181 850
105 182 437
105 185 8671
105 191 8889
105 195 6290
105 199 5573
105 201 7479
105 203 1170
105 205 1871
105 213 230
105 218 5835
105 219 6370
106 111 6365
106 122 8583
106 137 2991
106 138 8438
106 149 5003
106 155 886
106 156 9225
106 164 8841
106 165 6549
106 170 9398
106 171 9156
106 172 2865
106 173 1362
106 192 7785
106 194 7797
106 198 1060
106 201 4564
106 204 7345
106 206 8685
106 209 6188
106 213 3570
106 215 6664
106 218 369
106 222 278
106 224 6895
106 227 9036
107 112 4512
107 116 4880
107 136 4473
107 139 5555
107 142 6616
107 143 3365
107 145 2283
107 146 8752
107 148 5843
107 150 3516
107 151 1955
107 161 2771
107 174 7297
107 175 3080
107 176 967
107 179 6641
107 181 6188
107 188 3850
107 200 8714
107 202 4508
107 204 2581
107 207 3137
107 214 8972
107 220 4020
107 221 4193
107 228 1265
108 110 9576
108 111 8553
108 123 541
108 124 4057
108 127 4638
108 128 7405
108 134 1600
108 141 1232
108 142 2061
108 144 7096
108 145 7507
108 148 5540
108 169 2376
108 174 4667
108 176 3439
108 185 1474
108 192 1196
108 194 9993
108 198 7161
108 211 950
108 213 7848
108 216 2709
108 218 7517
108 226 1175
109 113 6984
109 115 7751
109 120 742
109 121 2870
109 142 9144
109 144 4768
109 148 4031
109 149 5486
109 151 4325
109 155 3169
109 159 4346
109 160 9398
109 162 3529
109 167 7848
109 168 9411
109 171 9834
109 179 6056
109 184 8395
109 188 1539
109 197 5200
109 198 1202
109 199 7558
109 201 432
109 207 8503
109 209 1883
109 213 1770
109 216 1440
109 217 6756
109 223 8540
110 112 7411
110 114 2238
110 121 2752
110 135 5930
110 137 4454
110 138 2362
110 141 3370
110 143 1949
110 154 8565
110 155 4126
110 156 10
110 158 7275
110 164 9243
110 172 2165
110 174 1887
110 177 5061
110 179 8128
110 186 7995
110 188 2437
110 190 948
110 203 1940
110 207 2709
110 210 5717
110 211 28
110 215 8623
110 220 5110
110 225 3790
111 113 5370
111 114 7752
111 117 7432
111 118 4299
111 122 6849
111 124 6299
111 128 1361
111 131 3279
111 137 7233
111 138 9559
111 144 9319
111 147 4543
111 152 5800
111 155 3785
111 157 5926
111 159 1328
111 162 7310
111 163 764
111 169 9813
111 172 9778
111 175 3498
111 176 3245
111 177 8306
111 178 4685
111 184 4428
111 187 9705
111 197 4706
111 198 25
111 203 599
111 205 6893
111 209 6700
111 219 9289
111 222 9799
112 114 6829
112 115 6880
112 116 7999
112 129 1357
112 130 870
112 132 9787
112 140 8399
112 145 2404
112 147 6037
112 148 695
112 150 9496
112 151 729
112 152 6333
112 156 2
112 158 4465
112 159 2932
112 174 210
112 176 8219
112 178 1052
112 184 4837
112 195 7240
112 198 1186
112 200 835
112 201 7521
112 203 3430
112 206 26
112 209 5555
112 211 7617
112 213 4206
112 214 1887
112 217 7620
112 218 480
112 219 4550
112 228 5527
113 114 463
113 115 2627
113 117 6869
113 122 6811
113 125 7475
113 127 2507
113 129 6985
113 132 3215
113 148 9877
113 156 8419
113 165 3511
113 169 1632
113 173 6716
113 180 7943
113 189 9722
113 190 8129
113 193 3272
113 194 1332
113 200 4745
113 201 713
113 202 2484
113 204 7399
113 206 8877
113 207 5124
113 209 7198
113 210 3118
113 218 3259
113 221 8655
113 226 3162
113 227 3950
114 119 9107
114 120 6528
114 122 766
114 124 948
114 129 3430
114 131 4125
114 142 545
114 145 7309
114 146 3725
114 153 7302
114 156 6425
114 165 9992
114 176 550
114 183 4280
114 188 3158
114 192 4690
114 194 5392
114 196 2229
114 197 3806
114 201 5891
114 204 3415
114 206 4032
114 213 6163
114 222 4667
114 223 9294
114 224 2399
114 228 4999
115 119 2504
115 134 2781
115 136 6905
115 151 610
115 153 7157
115 160 9920
115 164 1173
115 177 4062
115 182 6986
115 183 1091
115 185 2776
115 187 2572
115 188 9223
115 192 7457
115 197 6447
115 198 6011
115 204 8469
115 206 3313
115 210 4561
115 214 9314
115 218 7631
115 226 4999
116 119 8475
116 120 4385
116 121 1339
116 123 2401
116 127 9084
116 131 8451
116 136 8269
116 137 6654
116 138 4534
116 140 8507
116 143 4183
116 148 8332
116 152 3873
116 153 5644
116 154 9102
116 163 2149
116 172 1674
116 185 5190
116 186 2367
116 191 6458
116 192 3140
116 195 888
116 200 2781
116 202 2490
116 204 4992
116 205 891
116 209 2128
116 213 6968
116 215 8423
116 216 7
116 219 855
116 226 976
116 227 403
116 228 4733
117 119 8895
117 122 161
117 124 874
117 127 164
117 134 5710
117 135 3208
117 137 1925
117 165 727
117 168 9459
117 169 3673
117 179 6672
117 186 3203
117 188 3664
117 190 8862
117 195 7733
117 196 3467
117 202 717
117 204 7161
117 209 3801
117 210 2130
117 216 9429
117 218 3301
117 224 8956
118 124 4054
118 128 3231
118 129 7084
118 133 4296
118 135 1284
118 136 9386
118 137 5064
118 142 2917
118 148 66
118 149 9344
118 151 3953
118 159 9541
118 163 4124
118 169 6454
118 181 5322
118 182 8257
118 184 8402
118 189 60
118 193 5949
118 194 7107
118 195 6452
118 196 1377
118 197 6586
118 200 3909
118 201 5990
118 202 4319
118 204 5806
118 206 9007
118 211 8809
118 213 5279
118 222 1562
118 225 6220
118 227 7538
119 123 2967
119 125 5504
119 127 699
119 133 8869
119 135 8864
119 136 4953
119 138 840
119 143 4158
119 144 8093
119 146 9624
119 147 8027
119 151 56
119 158 1324
119 162 466
119 169 6850
119 170 873
119 178 8306
119 197 1339
119 199 4635
119 200 960
119 201 700
119 202 5380
119 204 30
119 215 2124
119 216 4550
119 218 1868
119 224 2673
119 227 4138
119 228 5402
120 121 5433
120 123 245
120 124 117
120 130 5769
120 131 6665
120 134 8757
120 136 4738
120 139 1302
120 140 6050
120 141 8155
120 165 7091
120 171 182
120 172 4656
120 175 3122
120 179 2827
120 180 6698
120 182 9410
120 188 6977
120 197 497
120 200 5779
120 201 1930
120 202 725
120 203 3759
120 204 7474
120 206 7185
120 207 8721
120 218 8242
120 224 9508
120 225 7981
121 123 2153
121 129 7369
121 130 7972
121 135 6413
121 138 1641
121 142 1552
121 147 2799
121 152 4957
121 155 9419
121 159 9565
121 161 7493
121 167 90
121 169 1928
121 170 5872
121 171 8132
121 172 1811
121 173 2527
121 180 4811
121 185 567
121 196 8457
121 197 4661
121 198 2565
121 199 4928
121 206 411
121 207 4742
121 208 1871
121 218 4319
121 219 2550
122 124 531
122 126 8214
122 127 5568
122 131 6666
122 132 8025
122 133 3039
122 145 8077
122 166 2363
122 170 9691
122 171 5872
122 175 3355
122 176 7148
122 181 1457
122 182 6585
122 183 6964
122 186 5570
122 190 4006
122 192 1399
122 194 966
122 206 4090
122 213 4630
122 214 8601
122 215 8633
122 221 8960
122 228 5278
123 124 8323
123 126 8074
123 131 3112
123 134 9514
123 138 9060
123 140 6598
123 146 6930
123 147 7050
123 150 9244
123 152 9404
123 160 5816
123 162 6219
123 164 9074
123 165 4776
123 174 7370
123 179 6188
123 191 126
123 192 6720
123 200 1448
123 204 1552
123 206 6225
123 208 6687
123 211 3408
123 221 9565
124 125 7655
124 127 2148
124 129 7834
124 130 3585
124 131 4293
124 134 7368
124 142 1892
124 143 2130
124 145 7566
124 147 7742
124 148 738
124 149 7258
124 151 8909
124 158 4897
124 159 4709
124 164 3770
124 171 5606
124 174 1211
124 178 4222
124 183 3240
124 192 5122
124 198 7408
124 225 9406
125 127 680
125 130 2401
125 133 2733
125 134 9474
125 138 7666
125 139 8997
125 143 9883
125 145 6853
125 151 7375
125 174 9764
125 194 7505
125 201 4432
125 202 4897
125 203 5786
125 205 2054
125 208 8220
125 213 4411
125 216 4351
125 218 4662
125 223 1552
125 225 2008
126 127 2430
126 134 3005
126 135 2786
126 137 4886
126 141 6156
126 145 2403
126 147 6291
126 148 9080
126 151 3777
126 152 2726
126 153 6796
126 155 769
126 164 9081
126 174 2906
126 176 4700
126 179 4468
126 180 9524
126 185 5538
126 186 787
126 190 4469
126 191 5111
126 193 1895
126 200 8439
126 205 1740
126 220 4921
126 223 3829
127 139 2536
127 141 678
127 142 3199
127 144 1208
127 145 2705
127 147 9687
127 149 4807
127 150 9034
127 155 1250
127 157 4606
127 158 7955
127 164 9077
127 165 456
127 173 6151
127 174 4842
127 177 4288
127 179 8763
127 186 4392
127 187 6344
127 189 2257
127 190 7388
127 191 2258
127 198 7570
127 199 907
127 202 8124
127 205 8255
127 206 911
127 208 3474
127 216 4454
127 224 75
127 227 8804
128 129 4341
128 132 7752
128 133 9673
128 138 6007
128 142 2908
128 146 6855
128 147 9450
128 151 3943
128 154 7142
128 161 5454
128 166 1346
128 171 6043
128 172 2625
128 173 1986
128 177 132
128 180 9917
128 192 8574
128 202 8275
128 205 4230
128 214 1101
128 219 9371
128 223 3893
129 130 8957
129 131 59
129 138 1844
129 144 5004
129 147 3622
129 152 8263
129 155 7115
129 158 1890
129 159 7051
129 160 5781
129 162 5916
129 165 3454
129 167 1495
129 169 7904
129 172 5190
129 176 1217
129 185 2543
129 186 4377
129 192 7203
129 198 6367
129 199 7943
129 203 2917
129 207 7353
129 208 1217
129 213 7966
129 215 3016
129 217 7640
129 225 8570
129 227 894
130 136 8300
130 158 2818
130 164 9104
130 165 3934
130 166 5734
130 172 6438
130 175 7278
130 181 4080
130 182 7653
130 186 6871
130 188 7855
130 191 5931
130 192 2747
130 194 1202
130 195 3957
130 198 5892
130 199 462
130 214 6097
130 218 9892
130 226 5165
130 227 5481
131 133 6694
131 134 8284
131 141 3789
131 142 8312
131 150 6174
131 151 2908
131 159 2678
131 160 2078
131 165 7296
131 167 3821
131 169 8286
131 171 938
131 180 7952
131 185 3392
131 188 9502
131 189 4605
131 191 3105
131 192 9355
131 201 2776
131 202 3914
131 204 4312
131 206 1608
131 207 4268
131 210 3651
131 214 5879
131 216 2487
131 218 8989
131 223 5597
131 224 7486
131 225 6688
131 227 8373
132 138 606
132 143 5187
132 144 6447
132 163 1578
132 166 4479
132 169 8499
132 176 9088
132 178 8224
132 181 6910
132 182 1646
132 189 2242
132 191 6110
132 194 8087
132 198 1824
132 200 5964
132 206 4224
132 207 6818
132 209 3432
132 217 1591
132 218 2612
132 219 7125
132 224 5408
132 225 4266
132 226 935
133 135 1479
133 136 1118
133 137 9215
133 141 1697
133 146 5608
133 147 6661
133 151 6962
133 152 2435
133 158 1930
133 159 2082
133 166 2256
133 168 9272
133 169 2406
133 173 8211
133 176 7334
133 180 1740
133 185 9639
133 188 187
133 195 6347
133 202 6831
133 218 8363
133 225 5967
133 226 9417
134 136 6546
134 139 9615
134 141 8736
134 145 6591
134 154 9403
134 161 5969
134 164 6153
134 165 1162
134 167 9547
134 174 5626
134 175 5692
134 179 8991
134 188 1581
134 197 1547
134 198 8506
134 202 8422
134 205 6739
134 207 5719
134 208 5639
134 213 6772
134 219 9471
134 221 2665
134 224 6282
134 226 2693
134 228 690
135 139 6963
135 141 3473
135 143 6854
135 144 1240
135 145 5929
135 147 6210
135 148 53
135 151 7796
135 156 5816
135 158 8616
135 160 267
135 170 7337
135 175 6336
135 176 2177
135 178 858
135 179 8657
135 180 5795
135 189 375
135 197 3166
135 200 1981
135 203 424
135 206 8223
135 208 4994
135 209 3174
135 210 46
135 217 8540
135 224 5815
136 138 8834
136 140 4376
136 141 1496
136 142 8453
136 145 6184
136 152 8406
136 154 8698
136 157 4313
136 160 9644
136 161 5371
136 163 8449
136 164 5993
136 171 8346
136 172 4246
136 174 5928
136 177 8100
136 178 6059
136 180 7165
136 184 2799
136 189 8361
136 197 558
136 201 9087
136 202 4638
136 208 1804
136 209 3546
136 210 7467
136 212 2948
137 138 2538
137 141 6868
137 144 8714
137 152 1817
137 153 3198
137 165 4327
137 169 6391
137 176 66
137 178 1908
137 186 4612
137 189 726
137 195 8980
137 197 9995
137 201 1305
137 202 4144
137 205 9269
137 208 9024
137 210 1502
137 212 1304
137 213 5702
137 215 5697
137 216 7513
137 221 1291
137 226 2604
138 140 394
138 141 6970
138 147 3032
138 152 7452
138 153 9155
138 163 8685
138 166 6959
138 170 3432
138 173 8731
138 176 9706
138 177 9863
138 178 8231
138 181 519
138 189 1908
138 190 3652
138 198 9034
138 205 1890
138 207 5827
138 217 5376
138 221 353
138 223 6875
138 224 7100
138 228 5243
139 141 2103
139 144 6120
139 145 8756
139 146 5226
139 149 8696
139 150 1208
139 151 39
139 152 2524
139 156 5212
139 166 2317
139 174 7999
139 186 5521
139 187 3700
139 188 7069
139 192 5219
139 193 1915
139 194 2260
139 196 3488
139 202 6048
139 205 1650
139 206 1393
139 220 9037
139 223 3853
139 224 9760
139 227 3543
140 142 438
140 151 855
140 163 8358
140 167 9499
140 176 393
140 182 325
140 186 7982
140 192 1580
140 197 1197
140 198 7685
140 203 3852
140 208 726
140 214 6631
140 218 531
141 146 8237
141 149 7864
141 153 3847
141 156 1474
141 157 3897
141 158 9447
141 160 159
141 161 6538
141 167 4538
141 171 2425
141 172 4582
141 176 696
141 180 2515
141 182 6074
141 188 406
141 196 6163
141 197 4776
141 204 9463
141 207 2384
141 209 5699
141 210 2991
141 220 6487
141 226 9064
142 143 2766
142 146 744
142 148 4154
142 156 1727
142 157 7094
142 166 8810
142 173 5899
142 181 7045
142 182 5637
142 185 210
142 196 7439
142 199 2000
142 203 4917
142 204 3663
142 205 9136
142 206 8299
142 207 7278
142 210 330
142 216 6770
142 223 536
142 224 3723
142 228 3768
143 145 2035
143 146 8143
143 149 9860
143 151 9140
143 153 5001
143 154 6390
143 158 9246
143 160 6028
143 161 1419
143 164 6547
143 166 1999
143 170 2231
143 171 8867
143 172 6229
143 175 2169
143 180 9399
143 181 6779
143 187 9506
143 189 8133
143 193 234
143 204 6569
143 228 6854
144 148 4894
144 153 8998
144 157 1465
144 160 6485
144 164 1455
144 167 4358
144 169 3083
144 171 164
144 178 5633
144 180 844
144 184 5273
144 185 2759
144 188 105
144 191 3473
144 194 1787
144 196 9946
144 200 7514
144 201 5627
144 202 1405
144 204 8460
144 206 1930
144 209 3204
144 210 4080
144 211 3003
144 216 7690
144 220 336
145 156 211
145 163 5355
145 164 6877
145 165 5261
145 175 6765
145 178 5017
145 181 4737
145 186 7547
145 188 9213
145 192 7279
145 199 2711
145 200 5605
145 204 1662
145 205 995
145 208 5397
145 211 5191
145 217 7015
145 221 9436
146 150 351
146 154 1004
146 157 517
146 159 5016
146 161 7085
146 163 7813
146 167 4313
146 171 7248
146 173 3464
146 174 1632
146 181 186
146 182 4920
146 183 3496
146 188 6853
146 191 4420
146 195 5881
146 199 5269
146 206 6789
146 216 1584
146 220 7670
146 224 134
147 148 7261
147 156 7881
147 157 1576
147 163 3930
147 166 6796
147 167 7484
147 180 7774
147 181 2270
147 183 969
147 194 1886
147 196 6427
147 206 1876
147 213 3344
147 215 1335
147 216 9318
147 222 8684
147 228 5224
148 152 3980
148 158 1533
148 161 1240
148 162 3212
148 167 2041
148 172 9329
148 176 9284
148 179 7539
148 185 7483
148 191 6880
148 194 7804
148 198 6652
148 199 900
148 209 3689
148 220 6314
148 227 7486
149 153 5459
149 157 5944
149 158 8816
149 159 8907
149 160 2631
149 161 7149
149 162 8869
149 166 8236
149 167 7416
149 170 6922
149 173 4380
149 185 1900
149 186 8206
149 187 7620
149 195 2855
149 198 5080
149 199 6823
149 200 5986
149 213 6485
149 226 5121
149 227 4019
150 153 7586
150 157 7975
150 159 2387
150 162 9196
150 166 4141
150 169 3120
150 175 5025
150 179 3683
150 185 1771
150 191 6483
150 201 5847
150 202 450
150 204 4026
150 207 8015
150 208 1041
150 214 5375
150 217 9798
150 218 469
150 223 5563
150 225 1755
151 153 6772
151 163 7263
151 166 1916
151 169 6970
151 170 1316
151 174 1140
151 181 8698
151 185 4128
151 187 6701
151 188 8255
151 193 959
151 194 8265
151 201 8161
151 204 4426
151 205 9644
151 209 3488
151 211 2493
151 212 5228
151 222 2820
151 223 2015
151 225 8811
152 156 4200
152 164 678
152 172 3163
152 174 1984
152 178 258
152 186 2245
152 191 5852
152 192 3852
152 196 8234
152 205 303
152 209 7108
152 219 8098
152 224 1959
153 161 5570
153 166 374
153 167 1570
153 175 6612
153 176 5738
153 180 8954
153 184 7154
153 185 1657
153 186 1065
153 196 6666
153 207 3316
153 220 342
153 221 1081
154 156 3352
154 157 5573
154 163 8328
154 164 4204
154 167 7832
154 170 5529
154 186 1118
154 195 7363
154 196 8363
154 201 7527
154 202 1645
154 207 4274
154 212 3926
154 220 196
154 221 3976
154 226 6463
154 227 9896
155 158 4057
155 163 4266
155 172 2670
155 173 741
155 174 3858
155 183 9425
155 184 1546
155 187 1824
155 188 9536
155 191 3443
155 193 8873
155 195 4582
155 205 8722
155 208 6262
155 214 3380
155 217 4364
155 218 1466
155 225 2324
155 228 7627
156 160 1886
156 163 1781
156 170 2908
156 171 3595
156 185 8286
156 192 5952
156 194 1594
156 203 7604
156 204 4564
156 207 572
156 210 3013
156 213 4774
156 215 3505
156 216 7801
156 220 7191
157 163 1080
157 164 9476
157 168 5758
157 173 8685
157 177 1657
157 182 7984
157 189 7269
157 190 456
157 191 6802
157 195 3030
157 210 5863
157 212 6742
157 214 5965
157 216 1933
157 227 5743
158 163 6715
158 164 2653
158 165 2430
158 169 5353
158 171 2841
158 173 5841
158 175 7041
158 176 3976
158 185 2032
158 191 6985
158 200 9194
158 201 2151
158 206 5055
158 207 3987
158 208 5410
158 214 8244
158 225 7997
158 226 1428
159 162 2468
159 165 1848
159 168 8263
159 172 8999
159 173 7152
159 190 4273
159 197 3450
159 198 988
159 205 4082
159 209 6795
159 213 3408
159 215 4585
160 164 1545
160 184 7203
160 195 4506
160 204 5500
160 206 7944
160 210 8016
160 214 6025
160 215 5605
160 223 930
160 224 4810
161 163 4037
161 165 6924
161 166 2285
161 169 5732
161 178 9377
161 181 2656
161 183 9351
161 186 354
161 189 712
161 206 858
161 216 61
161 219 1429
161 220 6537
161 221 4870
161 224 3640
161 227 4564
162 164 2107
162 175 2157
162 181 4879
162 183 2057
162 190 6962
162 191 4676
162 192 4805
162 202 6596
162 205 8615
162 207 4691
162 210 8347
162 218 6291
162 219 7938
162 221 312
163 180 1743
163 183 5084
163 186 4487
163 190 6707
163 196 3722
163 198 9968
163 200 7139
163 208 3842
163 209 6640
163 210 6929
163 212 9382
163 213 8387
163 224 9309
163 227 9044
164 165 9543
164 172 5787
164 174 6876
164 178 8807
164 180 8659
164 181 7889
164 184 9631
164 188 6717
164 195 8209
164 197 6291
164 199 8958
164 201 7431
164 211 8062
164 212 4308
164 217 8742
164 218 1118
164 222 8551
164 224 7263
165 168 9654
165 172 127
165 173 1537
165 176 5932
165 177 2594
165 184 2156
165 185 4844
165 186 2882
165 188 1037
165 200 1755
165 204 6562
165 209 1486
165 216 4090
166 169 83
166 171 552
166 177 2745
166 186 9492
166 192 2691
166 195 7133
166 196 2821
166 197 3335
166 201 9049
166 210 3646
166 213 7512
166 216 7088
166 217 3133
166 220 8958
166 221 1035
167 174 635
167 177 3319
167 180 8430
167 195 8102
167 208 5571
167 209 1187
167 212 8138
167 213 2046
167 215 6381
167 217 5010
167 221 6497
167 222 2733
167 227 5363
168 172 962
168 178 1434
168 180 5721
168 181 9550
168 182 5990
168 184 4715
168 194 2750
168 198 3412
168 201 9216
168 202 6305
168 204 4704
168 209 1162
168 210 5500
168 213 5005
168 219 8074
168 224 3415
168 226 3223
168 228 6503
169 174 8271
169 177 5803
169 192 6752
169 193 6559
169 198 9083
169 203 2989
169 205 6175
169 208 5985
169 217 5578
169 220 6613
169 223 6755
169 226 512
170 175 8486
170 178 6124
170 187 814
170 188 1599
170 194 2
170 198 6830
170 203 5031
170 207 7822
170 209 9852
170 211 7055
170 221 5775
170 222 5103
170 223 1107
170 224 4281
170 225 4605
171 172 317
171 177 9590
171 182 6575
171 183 3089
171 184 2532
171 185 5146
171 186 2624
171 189 4948
171 194 8070
171 198 4772
171 202 3842
171 205 2119
171 206 8534
171 208 2276
171 212 6497
171 219 5554
171 220 2611
171 222 991
171 224 8255
171 226 8719
172 175 4594
172 190 9811
172 193 8250
172 196 1040
172 200 1434
172 203 5365
172 206 6422
172 210 5917
172 216 3745
172 218 9845
172 222 6505
172 223 6749
172 224 8315
172 228 296
173 181 5273
173 182 1291
173 190 5650
173 191 1595
173 198 607
173 205 924
173 208 2683
173 214 7556
173 215 7677
173 217 3845
173 226 5989
173 228 8782
174 175 7172
174 181 1074
174 184 4939
174 186 7517
174 197 1931
174 199 8152
174 201 1426
174 203 1895
174 206 6493
174 208 9825
174 209 8950
174 213 4537
174 215 2693
175 178 5831
175 179 2098
175 185 4279
175 187 5343
175 202 5004
175 203 5456
175 207 3677
175 212 9802
175 226 7701
175 227 874
176 189 7041
176 193 8442
176 198 411
176 199 414
176 200 5087
176 202 1728
176 203 9654
176 207 5831
176 210 8115
176 213 4542
176 219 5641
176 224 5344
177 179 1800
177 180 4629
177 181 9950
177 193 4148
177 197 2861
177 199 3498
177 200 6916
177 203 4986
177 205 7257
177 206 8899
177 211 3977
177 218 4831
177 224 1109
177 228 4359
178 179 2171
178 187 4960
178 190 9662
178 191 3262
178 193 5456
178 196 1208
178 198 9615
178 199 8585
178 202 1607
178 211 5198
178 215 4961
178 223 394
178 224 7795
178 227 6260
179 181 2813
179 187 6196
179 191 4844
179 195 2457
179 200 6329
179 204 5014
179 215 1862
179 219 9302
179 221 5502
179 222 4301
179 224 4459
180 183 4846
180 185 1775
180 194 8174
180 197 8278
180 198 6483
180 203 1722
180 206 1166
180 210 7948
180 222 4210
180 223 424
181 185 6418
181 187 1428
181 190 3326
181 200 3475
181 206 9463
181 207 8009
181 210 5353
181 219 3537
181 220 6391
181 221 4702
181 222 5380
181 224 8716
182 190 2358
182 193 1097
182 195 703
182 199 1721
182 201 503
182 203 8027
182 218 239
182 221 9636
182 224 6232
182 225 6758
182 226 940
182 227 6168
183 193 6948
183 196 2773
183 197 2938
183 199 8575
183 202 4682
183 203 6395
183 209 4862
183 212 1552
183 214 5755
183 216 1109
183 217 7475
183 227 2826
184 186 4047
184 190 8171
184 196 5734
184 198 9192
184 200 5001
184 215 7957
184 216 5484
184 228 1502
185 187 9260
185 195 3449
185 213 9376
185 215 2123
185 217 2674
185 223 5635
185 226 7461
186 188 1154
186 189 8881
186 191 6796
186 198 8654
186 199 1306
186 201 5377
186 205 841
186 210 3371
186 215 462
186 220 9726
186 221 8474
186 227 2376
187 191 6771
187 202 5950
187 203 587
187 212 1618
187 219 5849
188 194 3372
188 198 3402
188 206 9688
188 211 6287
188 220 7308
188 222 5995
188 225 2050
188 226 8388
188 228 9423
189 190 6548
189 194 5660
189 195 3891
189 198 5070
189 205 1240
189 213 2642
189 219 7979
189 220 6124
189 222 3070
189 223 5269
189 226 903
189 227 2768
189 228 8374
190 193 1975
190 199 5780
190 201 1510
190 207 7062
190 208 6668
190 216 6312
190 217 9416
190 220 1247
190 223 5822
191 198 9201
191 199 7788
191 202 4433
191 203 349
191 209 1585
191 214 190
191 215 3789
191 217 7659
191 222 6388
191 226 5782
192 196 9748
192 202 5796
192 204 1804
192 209 8200
192 219 929
192 224 6380
192 226 9222
193 195 3383
193 199 3618
193 206 3239
193 210 3457
193 211 2385
193 212 6494
193 216 6739
193 217 3393
193 221 7809
193 224 1697
194 197 6176
194 199 8386
194 201 9040
194 210 6415
194 216 4
194 218 506
194 222 6801
194 225 6710
195 199 7004
195 205 4872
195 211 697
195 213 3881
195 214 3707
195 215 2113
195 222 9976
195 224 7637
196 200 8563
196 203 6996
196 204 3532
196 205 7489
196 206 6363
196 207 151
196 212 4554
196 215 8054
196 218 8302
196 221 4500
196 225 5402
197 198 5134
197 206 5980
197 208 1001
197 211 4836
198 199 7021
198 200 3012
198 202 2352
198 204 7160
198 211 4345
198 212 2933
198 216 2544
198 222 1424
198 223 6092
199 212 2583
199 216 4678
199 217 3200
199 218 3035
199 220 8863
199 223 1513
199 224 3985
199 225 4732
199 226 6560
199 228 6605
200 214 8258
200 217 7229
200 221 5835
200 225 8311
200 226 638
201 204 9663
201 211 1902
201 213 9249
201 216 1309
201 217 546
201 219 5509
201 221 6166
201 223 1104
201 225 4458
202 205 3049
202 209 3881
202 215 9175
202 218 1227
202 221 3858
202 223 5576
202 225 8846
202 227 7256
203 204 7408
203 210 5471
203 211 1493
203 213 8920
203 215 8240
203 221 5239
203 226 2010
203 228 7847
204 221 7267
204 225 6173
205 207 2916
205 208 803
205 209 5838
205 213 415
205 218 2238
205 219 4784
205 223 9206
206 210 5707
206 214 7314
206 221 2632
206 224 2687
206 225 7979
207 212 4058
207 219 7997
207 222 41
207 225 7927
207 228 1126
208 213 5463
208 218 7719
208 227 579
209 218 7859
209 227 7509
210 212 2765
210 217 9372
210 225 7466
211 212 7980
211 214 9531
211 220 797
211 227 2879
212 218 3177
212 226 4582
212 227 8886
212 228 1212
213 217 2388
213 219 9781
213 220 2445
213 224 3206
213 228 8340
214 225 7859
214 226 5112
215 223 848
215 225 7419
215 227 5264
216 217 9654
216 218 9426
216 224 5475
216 225 1418
216 226 7719
217 220 8775
217 226 4082
218 221 8922
218 225 1095
219 225 7919
219 226 3548
220 221 6437
220 225 8650
221 227 99
223 228 410
224 227 573
