156 3036 30226 130
0 1 2514
0 3 8054
0 4 1495
0 11 2364
0 18 2695
0 19 2941
0 20 128
0 22 4797
0 25 8582
0 36 9535
0 39 2270
0 52 5978
0 53 5064
0 56 7370
0 61 8494
0 70 5885
0 71 2948
0 75 9378
0 77 1400
0 79 3518
0 80 8455
0 82 3067
0 83 318
0 84 9699
0 94 1145
0 96 1040
0 97 144
0 100 5401
0 103 1883
0 107 303
0 108 3077
0 110 381
0 111 1561
0 115 8150
0 121 9018
0 123 3071
0 124 4957
0 125 8394
0 129 3313
0 132 1236
0 133 9688
0 138 8695
0 141 4303
0 149 5176
0 150 6005
0 151 7726
1 2 4607
1 6 7759
1 7 4628
1 8 3557
1 10 6092
1 17 2559
1 21 685
1 25 9529
1 30 4357
1 37 1824
1 47 1172
1 49 3758
1 53 870
1 57 8882
1 58 6404
1 60 9762
1 64 5885
1 66 5929
1 70 2780
1 77 2466
1 83 2980
1 84 1935
1 86 708
1 95 5626
1 98 8345
1 100 6186
1 101 2413
1 105 6164
1 111 5884
1 112 3469
1 113 4487
1 115 4872
1 117 4382
1 122 3218
1 125 1047
1 130 7466
1 131 8003
1 132 8763
1 135 9437
1 136 4959
1 138 3005
1 142 7532
1 147 9954
1 148 5487
1 149 8472
1 150 8962
1 154 5250
2 3 2105
2 4 4785
2 8 5452
2 10 6384
2 18 5152
2 19 7722
2 20 6244
2 24 8970
2 26 7275
2 27 9074
2 30 4709
2 35 2882
2 36 2357
2 39 419
2 43 3378
2 45 5761
2 46 584
2 59 8537
2 64 9118
2 68 4901
2 76 1010
2 82 7373
2 88 3859
2 98 6330
2 103 2464
2 105 5742
2 118 4179
2 121 8483
2 122 9582
2 129 987
2 139 5842
2 142 1702
2 144 5456
2 147 699
3 6 9257
3 11 5728
3 22 5659
3 29 8818
3 31 9894
3 32 4342
3 38 6612
3 40 8772
3 50 9864
3 54 8087
3 56 1457
3 60 1140
3 64 4982
3 74 1836
3 75 241
3 82 8645
3 89 3517
3 91 2590
3 98 5672
3 100 3545
3 101 8076
3 102 976
3 111 3129
3 112 2643
3 115 9794
3 121 8335
3 127 6647
3 131 5716
3 132 3381
3 133 9860
3 141 2469
3 142 6862
3 143 9884
3 145 7630
3 148 1111
3 149 47
3 152 9743
3 154 2103
4 6 8241
4 13 8594
4 14 4523
4 17 3408
4 20 4719
4 24 4435
4 31 1792
4 32 2449
4 34 4032
4 42 4940
4 48 6656
4 49 5152
4 51 3808
4 63 7599
4 70 4325
4 74 120
4 76 2445
4 78 5708
4 81 4029
4 113 6046
4 115 7054
4 125 2916
4 129 8036
4 132 8097
4 141 6268
4 145 4790
4 149 341
4 151 6950
4 152 1482
5 9 8970
5 14 4844
5 16 9208
5 18 8351
5 27 4738
5 28 4320
5 30 9357
5 32 9138
5 36 7420
5 37 1874
5 40 4975
5 56 9911
5 59 8846
5 60 7643
5 61 4175
5 65 1615
5 66 481
5 74 2834
5 80 2291
5 83 3251
5 84 7565
5 87 52
5 92 525
5 98 8430
5 102 3826
5 104 2442
5 106 6544
5 108 8617
5 117 7707
5 119 9694
5 130 7672
5 137 5150
5 139 6044
5 146 6169
5 148 6950
5 153 6617
5 155 8592
6 12 2299
6 15 6922
6 16 4106
6 30 4370
6 36 5206
6 38 6088
6 39 9343
6 41 3533
6 43 678
6 48 7273
6 49 6163
6 57 7830
6 58 8709
6 65 2460
6 66 125
6 68 842
6 70 9048
6 75 7699
6 77 4470
6 80 656
6 82 8816
6 89 6885
6 94 3227
6 95 5833
6 98 1890
6 101 4542
6 102 5039
6 108 7375
6 120 559
6 125 3045
6 133 6081
6 137 5627
6 145 2142
6 150 5099
6 154 901
7 11 2426
7 18 2471
7 19 4828
7 20 7509
7 26 7574
7 27 450
7 28 7592
7 31 2886
7 32 8414
7 42 6457
7 45 2813
7 54 8371
7 56 7473
7 57 7969
7 61 1003
7 63 7352
7 68 4382
7 77 2573
7 83 3332
7 85 4827
7 88 1572
7 90 457
7 108 7131
7 123 2835
7 135 4296
7 136 7039
7 141 9787
7 144 8493
7 147 1303
7 150 1785
7 151 2370
7 153 8147
8 10 1650
8 11 7182
8 12 8615
8 14 3108
8 25 7283
8 27 9478
8 32 733
8 44 7401
8 45 1974
8 52 3887
8 56 6513
8 58 2812
8 61 1248
8 62 1773
8 66 2880
8 67 3318
8 74 4777
8 77 3203
8 81 1703
8 82 8513
8 85 8173
8 88 3268
8 90 807
8 93 5557
8 96 1856
8 97 9480
8 106 756
8 111 9970
8 114 5276
8 115 9673
8 121 4230
8 124 2211
8 130 7041
8 131 1132
8 138 8564
8 140 8083
8 141 7704
8 142 4434
8 146 1368
8 150 1519
8 153 9341
9 11 5807
9 16 8420
9 20 1055
9 23 5004
9 28 7829
9 30 2420
9 33 3513
9 35 4173
9 40 1953
9 41 481
9 43 6967
9 45 147
9 46 3144
9 51 8467
9 53 973
9 55 5504
9 65 8595
9 67 636
9 72 5134
9 73 5701
9 77 5862
9 82 5496
9 83 9626
9 87 9162
9 90 8635
9 91 5178
9 94 7411
9 95 118
9 105 6086
9 110 5724
9 112 7621
9 118 1758
9 119 7197
9 121 2519
9 127 9993
9 129 1300
9 132 6332
9 133 4189
9 135 2697
9 141 6414
9 147 6116
9 148 5444
9 150 5227
10 13 3709
10 14 1334
10 18 5013
10 19 6414
10 26 3842
10 27 5901
10 34 7934
10 35 3744
10 38 6423
10 42 5771
10 43 4233
10 44 9685
10 45 3890
10 46 6210
10 47 688
10 49 186
10 67 3715
10 87 6481
10 90 4918
10 93 7960
10 100 8535
10 101 4808
10 106 7540
10 116 8251
10 118 7941
10 121 8839
10 123 4566
10 128 7769
10 132 3237
10 133 9704
10 134 3609
10 136 2739
10 137 324
10 139 635
10 140 1454
10 142 4300
10 146 2851
10 149 2913
10 155 5309
11 12 4072
11 24 399
11 27 6421
11 28 6824
11 29 3861
11 35 4890
11 40 9791
11 48 528
11 51 7989
11 55 5674
11 56 5705
11 57 915
11 64 892
11 66 5364
11 70 3158
11 73 5798
11 74 6466
11 82 2131
11 85 3718
11 90 8973
11 93 2614
11 101 2446
11 105 4405
11 106 8819
11 109 842
11 110 5217
11 115 2039
11 124 1973
11 128 7502
11 132 2222
11 133 8823
11 134 7662
11 137 323
11 142 882
11 146 6153
11 147 6933
11 149 1017
11 154 7312
11 155 2932
12 13 7627
12 19 5469
12 22 8019
12 24 7669
12 27 5145
12 30 3073
12 33 4042
12 37 1246
12 44 7264
12 55 3621
12 56 1232
12 59 750
12 62 9986
12 64 8753
12 65 4470
12 67 3210
12 68 4250
12 78 7119
12 81 9435
12 86 8600
12 91 9438
12 96 7384
12 100 8126
12 101 4596
12 106 8961
12 110 3060
12 111 2825
12 122 3034
12 128 2875
12 129 1920
12 134 6682
12 135 723
12 136 4842
12 141 464
12 152 333
12 153 8594
13 15 4721
13 20 3301
13 25 966
13 26 2067
13 27 2614
13 31 1121
13 38 4148
13 40 6777
13 42 2536
13 49 1096
13 65 9790
13 76 8631
13 80 211
13 81 317
13 83 6610
13 85 1685
13 86 9946
13 88 8568
13 90 8755
13 92 1736
13 93 4138
13 97 1246
13 100 9000
13 102 4419
13 103 171
13 107 6607
13 115 1504
13 118 3589
13 119 3106
13 120 3350
13 122 9223
13 124 7043
13 129 5438
13 130 9494
13 139 1610
13 149 3504
13 152 2639
13 155 693
14 17 3549
14 18 6209
14 23 8752
14 28 962
14 33 1606
14 39 1244
14 42 3038
14 45 5686
14 48 9244
14 49 4704
14 54 8866
14 55 3679
14 57 805
14 58 3548
14 61 8116
14 69 6977
14 71 493
14 75 3663
14 80 908
14 83 7528
14 86 6187
14 91 542
14 99 9271
14 101 7929
14 104 7308
14 116 4165
14 118 7213
14 125 474
14 126 1205
14 127 115
14 132 3171
14 133 4081
14 134 8510
14 135 6081
14 137 4840
14 140 4658
14 142 4211
14 145 524
14 150 5364
14 151 6244
14 153 1016
15 16 6797
15 19 14
15 29 595
15 31 1198
15 33 2168
15 39 2459
15 42 523
15 45 9751
15 69 5040
15 74 7073
15 79 8631
15 83 5443
15 84 6736
15 102 5089
15 106 2822
15 109 8073
15 112 4712
15 113 7804
15 116 6510
15 118 3401
15 119 4935
15 125 9323
15 128 9803
15 130 3208
15 132 1992
15 133 492
15 135 135
15 139 2475
15 149 8810
15 150 7889
15 155 605
16 18 8741
16 20 9153
16 23 4761
16 26 4310
16 28 7684
16 35 3718
16 37 4595
16 45 6984
16 48 6376
16 55 8140
16 62 8501
16 65 9932
16 68 1711
16 69 111
16 72 4599
16 73 1153
16 74 4969
16 75 4729
16 79 326
16 89 2132
16 90 6574
16 92 9905
16 100 2312
16 101 4442
16 108 5869
16 111 1205
16 112 737
16 116 5271
16 120 336
16 127 9978
16 130 8691
16 135 4169
16 137 1376
16 139 9497
16 145 1610
16 147 2503
16 150 7889
16 153 5998
17 18 5937
17 23 7562
17 27 9453
17 30 2743
17 32 824
17 33 47
17 34 5892
17 40 1737
17 41 39
17 44 4220
17 46 1265
17 49 8026
17 53 4700
17 57 3623
17 58 141
17 74 8464
17 77 7872
17 89 7592
17 91 6822
17 94 9725
17 98 3261
17 106 4460
17 108 9459
17 110 806
17 117 8507
17 129 2774
17 135 6810
17 138 4213
17 141 2150
17 144 6063
17 154 7917
18 19 4601
18 23 1047
18 26 7490
18 35 611
18 45 4760
18 49 3364
18 52 1226
18 54 990
18 57 7177
18 58 473
18 67 2695
18 69 1548
18 75 9641
18 81 225
18 90 218
18 91 2726
18 92 6040
18 100 4456
18 102 8153
18 106 7123
18 109 5160
18 114 6392
18 115 6168
18 130 4889
18 134 4984
18 136 5441
18 137 6353
18 141 4851
18 142 2917
18 151 2601
19 21 124
19 24 3674
19 25 450
19 29 8174
19 31 2767
19 35 232
19 38 495
19 44 1625
19 47 8828
19 48 1911
19 59 4479
19 60 1314
19 64 7992
19 75 5237
19 85 8629
19 91 3763
19 96 9660
19 101 4612
19 104 9914
19 106 2091
19 115 4008
19 123 8033
19 129 5230
19 134 8207
19 136 608
19 139 8759
19 152 9152
19 155 1197
20 27 3226
20 28 1313
20 29 342
20 31 681
20 39 7096
20 42 206
20 45 3665
20 50 2649
20 65 2119
20 67 2529
20 80 3013
20 85 7261
20 93 6383
20 97 5117
20 102 7925
20 114 6438
20 118 2457
20 124 2922
20 129 6603
20 130 7105
20 133 8547
20 142 7425
20 143 9622
20 144 2557
20 150 7204
20 152 5953
20 154 321
21 30 6400
21 32 9539
21 36 6046
21 38 9802
21 41 6985
21 43 9290
21 51 7553
21 52 561
21 61 4975
21 63 5729
21 67 406
21 70 752
21 73 6124
21 74 7134
21 76 7432
21 84 9189
21 86 8389
21 89 6152
21 98 3173
21 107 784
21 110 115
21 113 9625
21 116 3651
21 117 5903
21 119 1201
21 120 4537
21 121 3692
21 122 6359
21 127 9548
21 131 6451
21 137 9715
21 139 6959
21 146 5683
21 149 3140
21 150 8131
22 24 713
22 28 1530
22 31 8002
22 33 1724
22 35 9600
22 42 5852
22 45 3840
22 47 5409
22 50 2897
22 53 414
22 56 1653
22 57 1873
22 58 1797
22 62 6912
22 63 4277
22 64 6440
22 67 9182
22 70 9647
22 84 3904
22 90 6003
22 91 1814
22 93 6615
22 94 9308
22 96 7407
22 99 1649
22 101 7168
22 102 9214
22 103 7549
22 104 4441
22 120 5275
22 121 7422
22 127 123
22 132 2609
22 141 3866
22 147 1742
22 148 2278
22 152 525
23 30 7021
23 31 3440
23 33 5960
23 36 6811
23 44 9667
23 49 2551
23 52 482
23 55 5507
23 56 1357
23 59 544
23 63 1985
23 66 6560
23 68 5089
23 70 4506
23 73 3656
23 79 4837
23 83 3540
23 84 6763
23 91 4438
23 96 5092
23 99 9979
23 100 6637
23 102 8576
23 103 1685
23 104 5566
23 108 1988
23 109 577
23 114 1776
23 121 5778
23 145 6362
23 146 2198
23 150 8144
23 154 2842
24 26 6908
24 36 3902
24 37 9877
24 38 703
24 39 7902
24 55 9643
24 58 7297
24 62 8202
24 65 6232
24 75 9733
24 78 6967
24 88 7675
24 94 6612
24 100 126
24 101 970
24 108 1415
24 112 7332
24 113 4746
24 114 2779
24 115 4073
24 120 7053
24 128 3009
24 135 3524
24 137 3676
24 139 2574
24 145 831
24 149 8801
24 153 5555
24 154 427
24 155 4627
25 30 5749
25 31 8105
25 32 2364
25 38 3727
25 40 7695
25 41 8286
25 52 5301
25 55 6755
25 59 3014
25 65 8742
25 68 9828
25 76 154
25 84 9887
25 86 8565
25 87 6873
25 89 4513
25 91 641
25 92 9424
25 94 7998
25 95 6185
25 101 5275
25 102 3162
25 103 3880
25 107 694
25 109 6443
25 116 5351
25 119 3075
25 136 1867
25 138 9294
25 148 8423
25 149 5797
25 151 7656
25 153 1083
25 155 2602
26 28 2922
26 29 949
26 30 1350
26 34 8632
26 37 7930
26 38 2064
26 39 7092
26 40 2625
26 41 7581
26 42 4838
26 43 3549
26 48 1923
26 49 1702
26 50 1339
26 52 70
26 53 2522
26 55 4982
26 58 7666
26 64 2038
26 65 423
26 67 5978
26 73 5350
26 77 9023
26 87 2866
26 92 5588
26 93 9882
26 105 2956
26 107 176
26 110 2658
26 111 6386
26 112 7340
26 115 4520
26 117 34
26 118 452
26 127 5640
26 128 1902
26 132 5339
26 133 8727
26 140 2497
26 146 8671
26 148 3480
26 153 3962
27 31 2705
27 36 8178
27 38 9951
27 39 1297
27 43 1654
27 50 9437
27 51 5321
27 52 6355
27 53 1610
27 56 8338
27 57 6553
27 63 3610
27 65 3124
27 67 8701
27 68 254
27 74 4998
27 76 2799
27 78 3004
27 80 6066
27 86 2109
27 89 509
27 91 9505
27 93 9366
27 96 9391
27 99 6072
27 105 8817
27 107 7117
27 110 1063
27 111 5435
27 115 2617
27 116 8064
27 122 1048
27 123 378
27 125 3174
27 129 7784
27 130 4706
27 132 5903
27 133 1944
27 134 7659
27 136 2313
27 140 2400
27 141 6644
27 150 531
28 36 422
28 41 4946
28 43 9343
28 55 5499
28 57 6185
28 66 6505
28 76 7153
28 77 3374
28 79 2346
28 81 6978
28 83 1853
28 87 1978
28 93 3835
28 101 2759
28 104 8828
28 105 3922
28 110 170
28 114 815
28 120 9665
28 121 1090
28 122 4622
28 126 8159
28 145 6652
28 147 4568
29 31 6261
29 33 2411
29 45 2439
29 48 560
29 53 6761
29 54 7829
29 57 3483
29 62 7796
29 67 950
29 72 6028
29 77 4206
29 78 1844
29 89 3645
29 96 3477
29 98 770
29 104 7474
29 106 336
29 108 3712
29 112 2318
29 116 8988
29 117 3455
29 118 3007
29 120 6707
29 125 7100
29 135 2099
29 137 9033
29 139 4886
29 143 1962
29 146 2735
29 149 8569
29 150 898
29 151 4095
30 31 904
30 34 7147
30 38 2436
30 39 5839
30 40 3880
30 43 5780
30 61 7712
30 63 862
30 64 6670
30 66 2403
30 67 8580
30 68 6602
30 69 4688
30 71 2844
30 74 633
30 79 7625
30 83 3104
30 84 5379
30 85 6290
30 96 7986
30 100 3796
30 103 8321
30 104 844
30 107 1964
30 110 3107
30 123 5836
30 126 9829
30 129 9401
30 132 1071
30 136 7910
30 140 8115
30 142 3388
30 149 157
30 152 5805
30 153 822
31 34 7192
31 38 8599
31 50 7813
31 55 8819
31 57 9846
31 60 8629
31 63 870
31 67 8847
31 69 8411
31 71 8391
31 73 8281
31 78 5726
31 80 1085
31 83 8275
31 86 7457
31 87 7606
31 88 4554
31 92 2798
31 93 9069
31 94 6713
31 99 5649
31 101 4935
31 102 5076
31 106 8022
31 108 6359
31 115 1521
31 122 3339
31 129 2639
31 131 9478
31 135 8924
31 146 197
31 148 1539
31 150 1807
31 152 1089
31 155 239
32 37 6818
32 40 6202
32 41 8583
32 42 5935
32 43 8704
32 44 9756
32 45 416
32 51 362
32 53 5450
32 57 4760
32 58 8447
32 63 7128
32 65 646
32 67 6444
32 68 7817
32 71 9859
32 73 8189
32 75 9454
32 76 1233
32 80 9746
32 82 1682
32 84 3447
32 87 2770
32 89 9550
32 93 196
32 96 1061
32 97 5501
32 98 137
32 101 6940
32 116 8096
32 117 4631
32 127 1117
32 129 4002
32 138 9377
33 44 9396
33 46 8950
33 55 5449
33 64 9952
33 74 5764
33 86 7118
33 89 654
33 92 113
33 93 7593
33 94 8036
33 102 3758
33 106 2078
33 114 57
33 115 3730
33 116 7935
33 120 6056
33 133 3679
33 138 9051
33 139 5860
33 141 5269
33 145 7137
34 37 3738
34 42 8993
34 44 7909
34 46 5548
34 47 6417
34 56 7702
34 63 1783
34 69 6767
34 70 8051
34 74 3034
34 77 7637
34 80 3304
34 90 2901
34 93 2854
34 103 6349
34 114 4582
34 120 7435
34 121 1009
34 124 645
34 125 9650
34 126 4468
34 128 8524
34 139 6853
34 141 2329
34 148 4015
34 149 1836
34 154 2053
35 44 7380
35 47 6617
35 59 5788
35 60 6329
35 61 9611
35 64 1194
35 68 8278
35 69 732
35 72 8362
35 77 56
35 84 4268
35 91 5964
35 96 6590
35 112 9115
35 114 167
35 116 3800
35 119 9197
35 124 9237
35 130 2116
35 139 436
35 142 62
35 146 8402
35 147 3478
35 149 3509
36 37 8945
36 38 1086
36 41 4026
36 43 2876
36 47 5027
36 50 2685
36 51 2915
36 54 5887
36 57 1672
36 60 5509
36 62 9071
36 68 506
36 75 8912
36 78 9337
36 81 694
36 82 5902
36 83 1391
36 86 6876
36 88 4635
36 90 337
36 94 7790
36 95 3089
36 97 665
36 106 5274
36 111 422
36 113 5293
36 114 3110
36 115 9737
36 116 2504
36 117 2818
36 119 7126
36 132 4878
36 133 4835
36 134 7696
36 135 5620
36 136 8061
36 139 5450
36 141 7128
36 147 9758
36 153 7100
36 155 7866
37 40 3591
37 41 247
37 42 4979
37 43 1836
37 45 8655
37 50 6229
37 51 9840
37 52 4041
37 54 6006
37 59 2251
37 65 9760
37 66 6354
37 67 9275
37 70 1039
37 72 4946
37 79 7333
37 83 3630
37 85 5273
37 101 2947
37 108 7218
37 117 4998
37 119 7543
37 125 7483
37 129 6004
37 130 885
37 131 7485
37 137 3814
37 139 6439
37 141 2509
37 145 8809
37 146 4230
37 147 7082
37 151 9350
37 152 3591
38 43 58
38 45 7008
38 50 2952
38 61 3940
38 65 8624
38 71 4879
38 74 2603
38 75 4224
38 76 9070
38 80 1961
38 81 6485
38 83 9676
38 89 9249
38 96 3219
38 106 3030
38 117 2851
38 123 5742
38 124 8716
38 130 5461
38 133 9080
38 134 9751
38 152 3855
39 41 390
39 46 9456
39 58 8085
39 64 6450
39 66 6203
39 70 4304
39 74 1250
39 76 6417
39 77 175
39 79 1864
39 81 188
39 86 3510
39 89 3935
39 91 3589
39 92 6263
39 95 1165
39 102 2975
39 103 9775
39 104 4673
39 107 7847
39 108 1174
39 114 3199
39 119 6281
39 123 9933
39 132 865
39 136 3083
39 141 4372
39 144 5516
40 43 3752
40 53 1776
40 58 2664
40 60 7466
40 62 7788
40 64 571
40 65 6451
40 66 5142
40 68 3011
40 69 3328
40 75 7671
40 85 5274
40 86 7531
40 87 6708
40 88 7695
40 91 9773
40 92 8481
40 99 5761
40 101 3276
40 116 4621
40 120 2502
40 122 49
40 126 2281
40 130 3663
40 134 7526
40 141 3389
40 143 2396
40 145 3124
40 152 7702
41 42 2465
41 46 8081
41 50 154
41 62 7278
41 63 9233
41 64 1856
41 68 1290
41 69 5746
41 75 1786
41 82 7412
41 85 9315
41 90 2629
41 93 202
41 97 951
41 100 1218
41 102 6703
41 104 7673
41 118 5172
41 121 8918
41 122 2983
41 123 8166
41 125 4865
41 126 4683
41 130 3729
41 134 1116
41 142 9538
41 146 3582
41 150 1214
41 155 7328
42 44 5052
42 55 932
42 57 1834
42 59 7313
42 69 5861
42 71 2747
42 79 4838
42 82 7609
42 85 3501
42 86 3046
42 88 7834
42 92 7953
42 93 7011
42 94 7774
42 96 8118
42 97 1980
42 98 7638
42 101 8817
42 103 1186
42 121 3024
42 125 8341
42 126 5327
42 133 9620
42 135 8913
42 142 8861
42 143 7504
42 152 9577
42 153 6958
43 46 7425
43 48 524
43 50 55
43 53 1413
43 58 7841
43 61 3909
43 63 309
43 72 6935
43 75 6965
43 79 7503
43 83 4226
43 86 5572
43 102 9536
43 103 6395
43 104 2879
43 109 6504
43 122 8023
43 129 1484
43 131 6052
43 146 2173
43 148 5902
43 151 6491
44 51 1064
44 52 6393
44 56 1090
44 57 7444
44 59 5316
44 60 2240
44 64 8816
44 65 3540
44 67 615
44 68 8241
44 69 9752
44 71 5544
44 72 2435
44 78 5336
44 79 8682
44 87 4160
44 88 3240
44 97 6607
44 98 1548
44 100 8922
44 102 461
44 104 488
44 105 6218
44 107 7440
44 108 172
44 109 5367
44 113 1874
44 114 2055
44 122 8739
44 124 8602
44 131 3937
44 137 1704
44 140 6165
44 143 1719
44 150 6527
45 47 6339
45 55 9715
45 66 9198
45 68 287
45 71 3824
45 89 5665
45 90 3430
45 100 1172
45 107 6165
45 110 6722
45 111 6244
45 118 6778
45 125 1847
45 131 6553
45 138 8873
45 140 3029
45 141 707
45 142 1525
45 145 8820
45 155 8408
46 50 3358
46 55 5689
46 73 6448
46 74 4600
46 75 3640
46 84 4201
46 85 3989
46 89 7542
46 98 6025
46 102 8573
46 105 2084
46 107 3375
46 111 4266
46 112 8245
46 115 1666
46 117 7484
46 123 5364
46 126 5370
46 129 6896
46 132 5230
46 134 4353
46 137 3176
46 140 1308
46 146 4955
46 147 8449
46 152 7690
47 48 2891
47 51 2593
47 53 1261
47 56 7431
47 58 7994
47 68 2504
47 69 2461
47 79 9081
47 84 3109
47 85 6491
47 86 2531
47 94 3689
47 95 2791
47 96 1657
47 110 1167
47 113 4276
47 119 4297
47 120 2930
47 124 4201
47 127 1987
47 128 5074
47 136 6566
47 137 4894
47 141 4744
47 144 8965
47 145 2084
47 154 1397
48 58 804
48 66 9593
48 72 2156
48 77 7680
48 80 8061
48 81 2884
48 86 8158
48 87 7608
48 88 9068
48 90 3737
48 94 1598
48 95 3554
48 99 2847
48 100 3275
48 107 4061
48 112 8403
48 116 6617
48 120 6314
48 121 6687
48 122 3454
48 123 4063
48 125 4669
48 127 7759
48 128 4939
48 138 3697
48 139 2358
48 143 6060
49 52 1684
49 54 2177
49 55 2322
49 56 2601
49 62 606
49 72 8603
49 73 6570
49 74 4232
49 75 5
49 81 7676
49 82 3637
49 84 8516
49 102 98
49 103 6534
49 106 4381
49 113 2898
49 116 4504
49 117 7894
49 120 3562
49 125 16
49 126 4980
49 130 733
49 134 9385
49 135 9127
49 136 9370
49 142 925
49 144 5237
49 146 7187
49 147 855
49 149 7527
49 154 972
49 155 9593
50 53 8855
50 54 100
50 56 5145
50 57 9803
50 59 8610
50 63 2763
50 70 1487
50 71 6339
50 75 7546
50 78 2362
50 81 8689
50 84 4102
50 85 5359
50 86 1276
50 91 2423
50 93 149
50 101 9483
50 102 8087
50 105 1530
50 107 2519
50 112 1208
50 119 2636
50 131 50
50 132 8795
50 134 5242
50 147 7599
50 148 3866
50 150 4033
50 152 5319
51 53 9930
51 59 897
51 60 1607
51 65 8609
51 70 2876
51 72 9286
51 73 9931
51 75 7004
51 81 1119
51 82 9100
51 88 456
51 92 6330
51 93 6216
51 97 2447
51 101 7688
51 102 4756
51 106 9810
51 107 164
51 113 1121
51 115 5454
51 119 9619
51 120 4789
51 129 6284
51 131 2679
51 135 1529
51 140 6333
51 153 3225
52 55 8053
52 59 7586
52 67 9193
52 72 8295
52 73 9086
52 75 7755
52 76 2240
52 81 5119
52 86 7780
52 88 9853
52 92 376
52 95 1712
52 96 5536
52 99 3912
52 100 2285
52 104 7036
52 109 1087
52 132 9868
52 133 41
52 135 752
52 140 263
52 144 7472
52 145 4628
52 146 2343
52 147 8440
52 149 9961
52 151 4287
53 54 8547
53 62 534
53 72 9356
53 76 3757
53 80 6921
53 89 1418
53 97 9943
53 98 3843
53 100 1169
53 103 2718
53 106 9349
53 110 9683
53 119 3462
53 120 7540
53 124 1760
53 125 5285
53 135 3327
53 138 8484
53 141 6385
53 142 8455
53 143 2558
53 145 5644
53 150 808
53 154 2942
54 56 285
54 58 6903
54 60 4861
54 65 3692
54 67 4061
54 73 1257
54 81 4656
54 97 8060
54 103 9514
54 107 8961
54 108 4586
54 112 5476
54 113 484
54 114 6136
54 121 4132
54 123 851
54 126 1370
54 127 7176
54 131 5474
54 139 3059
54 142 8708
54 147 5753
54 153 7613
55 57 499
55 69 3876
55 70 9945
55 79 1935
55 81 8946
55 86 2438
55 97 5160
55 99 6289
55 100 79
55 106 6031
55 111 1864
55 112 2717
55 119 5159
55 123 440
55 126 5070
55 129 6751
55 133 1915
55 145 7973
55 147 3657
55 148 9460
55 153 282
56 58 7140
56 59 7037
56 66 9434
56 71 2892
56 72 3501
56 73 2082
56 74 68
56 76 4687
56 78 1303
56 79 8384
56 82 5558
56 84 1077
56 90 1704
56 94 7613
56 98 1947
56 100 9595
56 101 3624
56 104 8205
56 109 1380
56 125 1922
56 132 9322
56 137 8518
56 138 6397
56 139 5019
56 141 5483
56 144 790
56 146 8188
56 154 9605
56 155 7799
57 58 3905
57 61 5289
57 67 5028
57 68 9232
57 71 8653
57 82 13
57 86 1811
57 90 5760
57 95 1090
57 100 7132
57 103 8197
57 110 8374
57 112 5102
57 115 3977
57 116 1061
57 124 4232
57 130 7439
57 135 2230
57 136 7063
57 137 20
57 142 1491
57 152 8785
58 68 688
58 74 6723
58 79 7482
58 80 247
58 81 7750
58 87 8936
58 96 6683
58 97 3503
58 99 467
58 103 7984
58 104 4835
58 105 7488
58 107 4558
58 121 2483
58 124 2402
58 128 4093
58 129 7037
58 130 8191
58 131 7848
58 141 5571
58 147 9240
58 149 5932
58 152 3654
59 61 1362
59 64 3777
59 66 972
59 67 4994
59 73 7476
59 75 669
59 76 3844
59 81 8550
59 86 8698
59 88 1365
59 96 1661
59 99 3597
59 105 9232
59 108 7432
59 110 7271
59 111 2001
59 114 2002
59 120 503
59 124 593
59 125 9427
59 127 6984
59 129 4564
59 131 4006
59 133 388
59 141 1046
59 150 6593
59 152 3505
59 155 6833
60 65 4267
60 66 2511
60 68 4356
60 69 2492
60 70 2727
60 72 6494
60 74 3929
60 77 6955
60 78 2529
60 79 3230
60 81 6133
60 89 2849
60 91 1980
60 93 6217
60 99 1070
60 100 3506
60 102 6921
60 103 1937
60 105 7194
60 106 4825
60 109 5183
60 110 9042
60 112 3525
60 113 1197
60 122 7942
60 130 618
60 140 3797
60 145 3487
60 147 2828
60 150 306
60 151 9618
61 62 1621
61 63 7715
61 65 6090
61 68 2101
61 69 8013
61 73 4557
61 80 4479
61 83 3870
61 84 3396
61 85 8837
61 86 4031
61 89 379
61 101 2432
61 109 7764
61 111 8673
61 112 3979
61 116 4874
61 124 1991
61 127 3464
61 128 7889
61 131 6228
61 135 445
61 138 9701
61 142 4133
61 147 2863
61 150 1489
61 153 459
61 155 8417
62 63 2501
62 69 9119
62 70 1582
62 78 3044
62 86 1870
62 87 6647
62 96 8652
62 103 1340
62 106 3019
62 108 6779
62 113 4066
62 114 2943
62 133 1944
62 134 9588
62 137 3269
62 138 813
62 143 7671
62 152 3607
62 155 1775
63 70 9719
63 74 2334
63 78 697
63 83 2662
63 84 9824
63 88 8810
63 90 8011
63 92 2030
63 95 3620
63 96 5660
63 100 1975
63 102 8590
63 107 878
63 109 3727
63 111 2048
63 114 9141
63 121 8496
63 126 7240
63 134 7763
63 140 8377
63 142 2862
63 143 5091
63 145 4032
63 152 1842
64 65 2752
64 81 3771
64 85 6668
64 88 7973
64 90 9825
64 96 2732
64 98 5819
64 102 2143
64 106 4594
64 112 5914
64 115 6207
64 116 481
64 126 9509
64 129 3685
64 130 2705
64 133 8349
64 136 4840
64 140 6923
64 143 3324
64 145 5314
64 146 9370
64 153 9207
65 70 3741
65 75 1689
65 80 889
65 83 5213
65 87 3737
65 90 76
65 91 533
65 93 1879
65 94 8941
65 95 68
65 96 1549
65 97 2022
65 100 6441
65 101 9877
65 108 2631
65 114 9457
65 116 8507
65 119 7951
65 127 7299
65 128 5159
65 129 7716
65 130 1491
65 138 5607
65 139 9864
65 143 9859
65 144 4742
65 148 781
65 152 7908
65 153 8465
65 155 2151
66 67 8250
66 71 7660
66 73 6148
66 76 4212
66 77 6482
66 80 5682
66 89 4633
66 93 3187
66 99 5339
66 104 6148
66 107 3299
66 109 4636
66 111 49
66 119 4877
66 121 5190
66 123 4015
66 131 7538
66 134 1520
66 136 390
66 140 2063
66 142 9836
66 144 2676
66 154 4949
67 68 3787
67 76 8802
67 77 3292
67 83 8723
67 85 6854
67 86 5069
67 88 1623
67 89 3229
67 90 6846
67 97 612
67 99 9762
67 100 5794
67 108 1694
67 117 5907
67 119 3456
67 123 6892
67 125 832
67 129 9733
67 130 6531
67 141 8131
67 142 918
67 145 8035
67 147 16
67 151 4490
67 153 4451
68 69 5416
68 70 2826
68 74 5345
68 80 2480
68 81 3771
68 85 8934
68 86 8481
68 89 3173
68 92 1556
68 93 7651
68 94 7235
68 96 6089
68 98 456
68 101 4238
68 103 2629
68 105 6812
68 106 2329
68 108 2034
68 109 4639
68 112 6140
68 120 5643
68 122 7473
68 123 9307
68 126 7125
68 133 7643
68 136 295
68 141 1526
68 142 6900
68 143 629
68 149 2371
68 151 1270
68 154 2741
69 75 6553
69 78 2342
69 83 8843
69 85 111
69 89 9624
69 93 1801
69 101 8692
69 102 6033
69 106 4743
69 108 5504
69 114 4722
69 116 3130
69 123 3888
69 128 8600
69 132 5652
69 134 7080
69 135 732
69 136 163
69 145 4837
69 146 4000
69 150 9465
69 151 9195
69 152 3017
69 153 5942
70 72 7772
70 78 7117
70 81 9652
70 82 5692
70 83 1965
70 94 1002
70 105 5233
70 107 3960
70 110 9703
70 112 6401
70 113 6364
70 115 9404
70 118 3581
70 124 546
70 126 967
70 137 9336
70 138 1740
70 142 3859
70 143 9154
70 147 5234
70 153 5912
70 154 7748
71 79 5038
71 82 4478
71 89 9094
71 91 2330
71 92 6805
71 94 3193
71 99 1172
71 100 1874
71 105 4658
71 110 2035
71 111 132
71 117 5142
71 120 7583
71 123 8928
71 133 2630
71 134 5165
71 136 3820
71 137 7577
71 139 5084
71 143 7796
71 145 7195
71 152 2643
71 153 5795
71 155 6885
72 73 5604
72 76 4704
72 77 7842
72 86 4630
72 88 7968
72 89 7296
72 92 6413
72 95 1841
72 97 210
72 105 8642
72 106 5739
72 110 7255
72 112 8046
72 116 6709
72 122 4424
72 124 4192
72 126 2617
72 133 3603
72 139 2833
72 142 546
72 146 1324
72 151 4972
73 75 1431
73 78 4908
73 80 2742
73 86 443
73 87 8789
73 98 8359
73 110 3821
73 113 8182
73 114 3049
73 118 2691
73 119 3462
73 121 8430
73 122 951
73 127 8735
73 131 6260
73 135 1877
73 138 6676
73 145 7824
73 149 3399
73 151 5569
73 154 299
74 75 7253
74 81 2873
74 82 5697
74 84 2595
74 88 6285
74 89 5039
74 107 6300
74 113 8684
74 116 7110
74 123 7302
74 125 151
74 131 6491
74 135 3884
74 138 3455
74 149 5405
74 150 9529
74 151 8782
74 152 715
74 154 9250
75 78 689
75 80 5622
75 82 2496
75 84 7276
75 86 8915
75 88 7483
75 91 5847
75 93 2929
75 97 698
75 100 1356
75 113 7809
75 119 1648
75 127 2661
75 134 809
75 142 9811
75 146 2907
75 147 2219
75 150 5041
75 152 5382
75 155 2720
76 77 3886
76 79 1404
76 90 2
76 93 2882
76 98 6602
76 99 3629
76 111 9707
76 114 3761
76 121 3734
76 148 5157
76 151 447
77 105 8653
77 109 5929
77 114 4244
77 117 4331
77 125 841
77 127 8199
77 129 7426
77 133 8985
77 139 6329
77 145 608
77 147 3245
77 150 5242
77 155 2741
78 79 5096
78 81 1463
78 82 4504
78 83 824
78 87 8196
78 89 1634
78 91 9714
78 93 2748
78 97 5362
78 98 7871
78 99 6543
78 101 5836
78 106 2552
78 108 2233
78 116 4071
78 117 1904
78 118 4318
78 119 1590
78 127 8948
78 134 6492
78 136 916
78 137 483
78 139 2064
78 143 8047
78 147 3519
78 150 1320
78 151 8576
78 154 9564
79 81 4853
79 83 8674
79 85 9584
79 86 8796
79 89 7314
79 99 9305
79 100 4500
79 108 5736
79 110 2890
79 111 1892
79 112 3806
79 116 310
79 120 562
79 125 2831
79 132 8649
79 135 387
79 138 7772
79 143 7202
79 146 8378
80 85 4207
80 86 4133
80 87 4867
80 91 6790
80 92 5294
80 96 3532
80 106 9321
80 116 4769
80 117 2327
80 126 261
80 132 3005
80 134 6447
80 154 428
81 84 5473
81 85 343
81 86 4171
81 88 1398
81 92 3231
81 93 3257
81 94 7456
81 96 4817
81 99 8357
81 100 1578
81 101 8328
81 107 3088
81 109 8151
81 111 4231
81 121 6996
81 126 4154
81 128 5979
81 141 8631
81 151 6114
82 83 9404
82 84 1199
82 85 1362
82 89 5381
82 91 785
82 92 4125
82 95 5434
82 98 9026
82 99 6391
82 104 142
82 107 7724
82 121 716
82 122 1
82 125 1024
82 126 4666
82 129 3343
82 130 7251
82 132 8613
82 137 139
82 148 4491
82 149 5374
82 150 7656
82 151 928
82 152 6005
83 89 9064
83 94 4275
83 96 1488
83 100 7119
83 112 1540
83 113 6545
83 120 2360
83 125 546
83 128 6480
83 132 1585
83 134 9541
83 141 6577
83 142 1891
83 143 8084
83 145 6376
83 147 6838
83 148 4526
83 149 9874
83 150 5425
83 151 1923
84 85 6294
84 91 5488
84 92 1836
84 94 4752
84 95 1076
84 100 2893
84 101 1247
84 102 3810
84 103 6542
84 108 7247
84 109 3531
84 111 5606
84 117 1309
84 118 1661
84 124 6883
84 129 4762
84 130 7557
84 131 6797
84 134 5622
84 151 6069
85 86 370
85 89 1255
85 96 9678
85 97 6256
85 101 8316
85 104 7948
85 105 8196
85 109 5515
85 114 2785
85 116 5899
85 118 950
85 120 641
85 124 358
85 125 6093
85 130 963
85 149 3694
85 150 3512
85 153 8801
86 96 1164
86 99 4128
86 100 4812
86 103 4932
86 109 2951
86 112 142
86 113 5120
86 114 3936
86 116 1410
86 118 7443
86 121 9269
86 129 7129
86 138 806
86 139 7872
86 149 2933
86 151 1209
86 154 1720
87 89 6885
87 92 7217
87 93 3934
87 99 61
87 101 6112
87 113 504
87 120 6594
87 121 2332
87 122 6561
87 130 338
87 134 11
87 136 8538
87 141 7526
87 144 1708
87 148 1247
87 150 9962
87 151 1747
87 153 8301
88 90 3703
88 91 966
88 94 9226
88 99 2601
88 106 4152
88 112 8726
88 114 250
88 115 3379
88 120 6245
88 129 9540
88 132 6075
88 135 8767
88 136 9857
88 146 9084
89 91 1026
89 95 6608
89 99 1703
89 101 3163
89 103 6566
89 105 81
89 106 735
89 113 2015
89 114 5443
89 118 1351
89 119 9863
89 126 5558
89 131 4372
89 132 4618
89 133 3281
89 134 4036
89 136 2713
89 137 2089
89 151 35
89 154 4756
90 94 9661
90 97 6079
90 104 410
90 106 5596
90 113 9525
90 121 1393
90 123 8514
90 125 5783
90 128 280
90 136 169
91 93 1356
91 95 4955
91 109 1689
91 119 9378
91 120 2027
91 128 993
91 129 4508
91 131 3722
91 135 6960
91 137 9509
91 147 6421
92 96 8219
92 97 3688
92 98 1659
92 101 6767
92 106 3830
92 113 4388
92 116 9298
92 119 9932
92 121 7055
92 122 756
92 123 6416
92 130 5568
92 131 1982
92 135 6578
92 142 2476
92 147 1647
92 149 488
92 154 7282
92 155 5514
93 94 3567
93 99 2780
93 104 5895
93 108 4744
93 109 2605
93 113 6851
93 114 1919
93 117 1954
93 119 467
93 121 6124
93 127 7965
93 130 4869
93 132 1361
93 133 9249
93 135 3164
93 137 6895
93 138 8313
93 140 4662
93 142 7656
93 144 1234
93 148 6089
93 151 8224
93 155 6757
94 95 3468
94 100 2721
94 106 2647
94 107 781
94 110 892
94 111 3259
94 116 1310
94 123 9265
94 128 8158
94 130 6990
94 131 4810
94 134 1187
94 141 2996
94 155 4546
95 98 3174
95 99 3190
95 109 4005
95 114 2780
95 115 5127
95 125 2696
95 131 169
95 134 1422
95 139 1590
95 141 145
95 143 9173
95 147 6879
95 149 1324
95 151 3059
96 98 8957
96 102 4532
96 104 8985
96 105 7234
96 115 801
96 125 8651
96 129 4937
96 133 1590
96 134 7298
96 138 9155
96 151 806
96 154 1288
97 98 8381
97 102 4128
97 103 4446
97 116 6842
97 117 4538
97 124 5864
97 125 850
97 127 1557
97 136 794
97 137 6876
97 141 9673
97 149 5006
97 151 2120
97 154 5153
97 155 678
98 107 7011
98 110 5240
98 117 9414
98 120 5575
98 121 2554
98 125 6471
98 131 6751
98 136 7475
98 137 9276
98 138 7657
98 140 1283
98 144 8070
98 146 8558
98 147 1657
98 155 6309
99 105 3761
99 106 1189
99 108 2462
99 111 9792
99 112 3072
99 114 3626
99 127 7182
99 130 5317
99 138 7009
99 139 7121
99 141 6450
99 150 6147
99 151 34
100 107 1436
100 110 7976
100 112 7308
100 115 4763
100 116 9448
100 120 2980
100 136 8541
100 145 5310
100 147 4206
100 151 9966
101 105 218
101 114 1187
101 116 954
101 123 9069
101 124 1304
101 125 7906
101 126 7730
101 139 2125
101 145 697
102 112 5588
102 116 2756
102 118 6005
102 121 1360
102 129 5589
102 131 882
102 140 8384
102 144 6572
102 148 366
102 151 7500
102 152 8592
103 105 3251
103 106 8817
103 112 8315
103 119 1610
103 122 7558
103 128 5927
103 135 6057
103 136 9157
103 139 9593
103 142 9522
103 145 8984
103 147 2610
103 153 8454
103 155 6781
104 118 7075
104 124 2840
104 125 1819
104 140 2688
104 143 6194
104 146 4818
104 150 6970
105 110 2720
105 115 1690
105 116 6348
105 124 1052
105 140 6023
105 143 9525
105 147 5624
105 149 8361
105 150 7663
106 111 9869
106 118 5897
106 137 8795
106 139 6928
106 142 3278
106 144 8298
106 152 4805
106 153 6190
106 154 5007
107 108 4890
107 110 9467
107 118 1218
107 119 1560
107 120 153
107 121 5989
107 133 9532
107 134 7878
107 135 2868
107 145 9706
107 148 2366
107 152 196
107 154 4488
108 110 387
108 113 9775
108 119 8431
108 123 8801
108 126 1548
108 131 7822
108 132 396
108 137 2974
108 139 173
108 148 7794
108 152 1178
108 154 6409
108 155 6216
109 112 1210
109 114 2594
109 115 6082
109 118 624
109 123 633
109 128 4850
109 133 5330
109 135 1603
109 140 5929
109 143 4764
109 144 6479
109 153 4818
110 112 6238
110 114 6314
110 115 808
110 122 5812
110 125 2957
110 126 5534
110 127 7939
110 134 683
110 137 5360
110 140 8484
110 151 2009
111 115 1090
111 118 7953
111 120 8320
111 121 2343
111 126 5574
111 129 6661
111 130 1601
111 133 7893
111 134 2712
111 140 5874
111 143 2834
111 147 1150
111 151 9812
112 123 8224
112 124 5972
112 127 439
112 138 9191
112 141 743
112 143 6463
112 146 7033
112 150 3242
112 153 3481
112 155 6714
113 118 3820
113 119 9931
113 121 1719
113 132 7829
113 135 9845
113 145 5245
113 146 3705
113 151 7167
113 152 1970
113 153 1872
113 155 7528
114 120 6133
114 122 757
114 123 4914
114 127 3216
114 128 8698
114 131 9926
114 136 8313
114 138 5394
114 141 3337
114 143 1461
114 144 9027
114 150 2341
114 153 6232
115 118 7183
115 119 7470
115 126 2781
115 127 738
115 128 4663
115 137 9607
115 143 5572
115 151 2481
115 154 7499
115 155 4639
116 117 1563
116 136 6388
116 137 2146
116 142 6091
116 144 3684
116 152 648
116 153 1279
116 154 4373
117 120 7567
117 129 8180
117 130 4249
117 133 3719
117 134 3570
117 138 1890
117 142 8586
117 143 3402
117 145 9693
117 147 6018
117 148 5054
117 149 6033
117 153 5362
117 154 8320
118 123 46
118 131 8555
118 132 2952
118 137 1401
118 139 2772
118 141 6576
118 142 9348
118 144 1149
118 147 5998
118 148 1214
118 150 5060
118 155 1367
119 134 8122
119 136 3495
119 144 8906
119 145 4624
119 150 2262
119 154 7127
120 125 2547
120 136 5619
120 148 5009
120 150 1448
120 152 5839
120 153 7223
121 125 7236
121 138 9814
121 141 7570
121 148 7172
121 152 7883
121 153 4827
122 128 973
122 133 7201
122 135 259
122 138 333
122 140 5507
122 151 6110
122 152 5554
122 154 3832
123 124 4846
123 129 7504
123 133 6575
123 134 8084
123 137 7020
123 139 9850
123 140 3919
124 126 4368
124 131 5861
124 135 7050
124 137 7490
124 140 8363
124 149 964
124 154 5886
125 128 4255
125 129 9164
125 132 740
125 136 3893
125 137 1372
125 140 8555
125 141 5467
125 142 2966
125 150 7703
125 153 9719
126 128 4705
126 131 9667
126 136 1029
126 138 5923
126 147 2623
126 149 1661
126 151 8050
126 152 1998
126 154 4847
126 155 9434
127 128 8822
127 129 1695
127 135 9582
127 136 7
127 148 6848
127 152 4145
128 130 7082
128 137 3908
128 142 2192
128 143 2296
128 146 2484
128 151 5299
128 155 3029
129 131 9962
129 133 1090
129 136 3361
129 143 1998
129 144 2019
129 149 3046
129 153 4027
130 139 8169
130 144 802
130 149 1180
130 154 147
131 132 2533
131 133 2481
131 139 5491
131 155 7226
132 138 9877
132 146 107
133 143 5524
133 144 9845
133 147 382
133 148 4169
133 153 3591
133 155 7472
134 140 4341
134 147 7548
135 151 4864
136 153 5250
136 155 8179
137 141 176
137 147 2933
137 151 7601
137 155 9498
138 142 8156
138 150 7678
138 151 1944
138 153 8908
139 140 7699
139 142 5026
139 146 436
139 148 4597
139 152 5520
140 142 3011
140 146 3723
140 147 472
140 148 4744
141 143 990
141 152 3181
141 153 8592
142 144 7595
142 153 4125
143 153 4755
144 145 7220
144 150 8666
144 152 3181
144 155 7779
145 147 8137
145 150 9789
145 153 2620
145 154 778
146 151 320
146 153 6338
147 151 7184
148 151 738
149 150 3068
149 152 7822
149 155 888
151 153 5457
151 154 324
152 154 5695
