234 6857 107778 120
0 5 3659
0 7 8861
0 11 9404
0 16 7449
0 18 9788
0 19 8418
0 22 59
0 23 3070
0 26 1522
0 29 4073
0 31 3440
0 35 8243
0 48 16
0 49 6569
0 61 3996
0 67 1389
0 68 8072
0 69 1186
0 70 4844
0 76 877
0 78 6260
0 83 6434
0 85 9284
0 90 4867
0 92 9705
0 98 783
0 100 1751
0 103 2787
0 105 7789
0 112 9205
0 117 8134
0 119 2532
0 121 8088
0 133 9068
0 134 972
0 138 7718
0 140 8276
0 141 1689
0 145 7522
0 149 1043
0 153 7199
0 154 6492
0 159 2587
0 165 201
0 167 8590
0 174 4294
0 179 2735
0 186 685
0 188 178
0 197 2953
0 198 7832
0 199 9860
0 200 4614
0 201 4302
0 204 8774
0 205 10
0 215 6359
0 225 9792
1 2 9259
1 6 971
1 12 7232
1 14 8414
1 16 6650
1 21 2386
1 22 9514
1 27 3419
1 31 7041
1 37 6554
1 38 3108
1 39 8848
1 42 3143
1 45 9235
1 46 1954
1 47 6443
1 51 4857
1 55 3408
1 59 982
1 64 6414
1 68 7743
1 72 2837
1 75 5394
1 77 8765
1 80 4869
1 81 4444
1 85 8781
1 89 6779
1 93 4144
1 94 6946
1 105 357
1 106 9
1 107 866
1 121 2369
1 125 4277
1 130 3719
1 131 665
1 133 6782
1 135 3578
1 138 4130
1 139 7727
1 150 1059
1 155 8777
1 157 4198
1 159 8216
1 163 8762
1 164 8669
1 166 4859
1 177 3682
1 178 7946
1 184 6403
1 186 8874
1 187 7142
1 195 472
1 202 1461
1 203 4357
1 215 5017
1 216 7165
1 218 7996
1 224 1500
1 226 9152
1 230 1679
2 10 3109
2 13 4698
2 20 8867
2 21 5969
2 23 5288
2 25 6840
2 26 4567
2 27 3512
2 30 5184
2 37 9976
2 39 5346
2 41 9032
2 45 1461
2 50 9430
2 66 6297
2 69 115
2 81 3819
2 83 4241
2 85 5143
2 86 8214
2 87 5154
2 91 7502
2 97 7730
2 100 5088
2 101 5972
2 105 3108
2 108 556
2 114 7913
2 120 272
2 131 8647
2 135 6494
2 136 5451
2 150 8141
2 156 1091
2 163 6188
2 164 2392
2 166 5343
2 176 5564
2 177 9776
2 179 273
2 189 3634
2 190 7657
2 191 8851
2 193 8558
2 196 4248
2 202 5516
2 204 6393
2 207 1002
2 208 3780
2 213 831
2 219 6223
2 222 1725
2 224 4972
3 5 8829
3 6 6340
3 9 1088
3 20 9718
3 21 6892
3 22 9675
3 23 9953
3 29 7076
3 30 7251
3 36 9321
3 38 845
3 44 6997
3 45 640
3 46 7261
3 49 5620
3 58 4849
3 61 927
3 63 3442
3 65 9714
3 75 2483
3 77 5799
3 81 6538
3 82 982
3 83 2270
3 85 3903
3 91 5123
3 92 202
3 99 1079
3 102 9021
3 106 1153
3 107 8707
3 112 9379
3 118 6041
3 119 338
3 126 146
3 127 1964
3 128 5939
3 129 627
3 133 5850
3 134 1570
3 136 6616
3 145 1123
3 154 4901
3 155 380
3 158 9016
3 159 2440
3 160 4791
3 163 1814
3 166 9773
3 167 597
3 170 5696
3 171 3215
3 176 4986
3 186 1021
3 187 4450
3 190 7257
3 204 8512
3 207 5308
3 211 1318
3 213 2198
3 217 3005
3 219 123
3 222 5975
3 224 1062
3 226 863
4 7 9538
4 13 8960
4 18 2834
4 20 4011
4 30 4692
4 39 3251
4 49 2783
4 51 8513
4 54 3327
4 55 1380
4 59 3479
4 61 7314
4 76 2551
4 78 3532
4 79 4493
4 80 2210
4 83 3564
4 87 7296
4 90 7625
4 92 1117
4 93 8438
4 110 9926
4 113 1696
4 115 3861
4 117 7907
4 122 2166
4 124 8922
4 137 6989
4 138 5694
4 155 8002
4 161 1067
4 163 404
4 166 1027
4 168 2370
4 170 561
4 178 3599
4 185 8477
4 186 9217
4 187 921
4 188 9666
4 190 6096
4 197 5496
4 198 1584
4 200 6189
4 202 5723
4 203 9418
4 213 2894
4 215 4420
4 219 9348
4 224 23
4 225 3127
4 227 8576
4 229 5315
5 7 7383
5 8 5118
5 16 9806
5 23 4846
5 24 7577
5 26 7871
5 33 9820
5 34 6617
5 41 8259
5 44 432
5 50 9251
5 51 7653
5 62 1029
5 63 974
5 66 7322
5 69 4153
5 74 5308
5 75 876
5 76 4331
5 80 2276
5 85 4939
5 87 30
5 88 3628
5 91 6445
5 92 640
5 95 9695
5 101 1843
5 102 6340
5 103 7031
5 111 3516
5 114 7596
5 115 9612
5 118 7782
5 121 5283
5 122 306
5 130 897
5 132 5772
5 134 1231
5 136 8303
5 145 3171
5 146 880
5 147 9538
5 149 1182
5 155 3150
5 160 4433
5 162 9809
5 165 3195
5 169 4747
5 170 5805
5 171 3163
5 177 8533
5 180 4344
5 185 9007
5 189 2996
5 192 878
5 194 3751
5 195 600
5 201 1632
5 205 818
5 207 1203
5 208 6727
5 212 616
5 215 2380
5 221 4230
5 223 9611
5 225 10
6 8 9736
6 9 3956
6 11 4228
6 14 9371
6 16 1455
6 21 6952
6 24 2822
6 27 2694
6 28 7500
6 33 1031
6 35 9473
6 37 9686
6 40 7245
6 44 5898
6 49 4948
6 59 4909
6 64 3463
6 67 4993
6 68 9052
6 78 3686
6 81 4604
6 89 3232
6 90 623
6 94 4242
6 109 3832
6 112 2665
6 113 4935
6 119 4471
6 124 6012
6 125 6405
6 129 9487
6 133 3799
6 135 6849
6 137 521
6 138 8655
6 139 2480
6 140 7021
6 149 5600
6 155 8195
6 160 2582
6 168 5408
6 171 2015
6 174 4516
6 178 4303
6 181 1162
6 183 3817
6 184 4720
6 190 5040
6 194 406
6 195 2662
6 196 9504
6 197 3996
6 199 902
6 204 8436
6 209 1894
6 211 4098
6 213 7545
6 217 7589
6 218 5598
6 221 1568
6 222 5565
6 231 77
6 232 5707
7 9 4447
7 13 4450
7 26 3122
7 29 4237
7 31 8237
7 36 3414
7 40 4582
7 43 4441
7 46 7844
7 50 5868
7 51 9848
7 54 6855
7 56 9344
7 62 7612
7 63 7857
7 66 845
7 75 2357
7 80 6611
7 82 2006
7 83 2347
7 85 7551
7 86 7681
7 89 9393
7 91 4327
7 92 3999
7 94 9128
7 95 9173
7 96 3683
7 102 4060
7 103 1825
7 107 8395
7 110 7944
7 111 2639
7 120 9230
7 121 3367
7 127 9911
7 128 1626
7 133 2403
7 137 5070
7 143 2585
7 160 7329
7 161 1709
7 162 8901
7 163 1269
7 166 2475
7 167 7029
7 174 3972
7 182 7528
7 189 790
7 190 1502
7 193 2500
7 202 7571
7 203 7367
7 207 5197
7 210 1137
7 211 4981
7 218 3155
7 221 5736
7 224 7714
7 225 6045
7 226 3208
8 16 4652
8 18 9172
8 24 4200
8 26 6847
8 29 6500
8 31 5498
8 33 4803
8 34 230
8 38 4502
8 39 3925
8 52 3925
8 58 2119
8 61 9120
8 65 1495
8 70 6817
8 72 4498
8 79 5180
8 80 8216
8 82 9748
8 83 5293
8 84 2086
8 87 5831
8 90 1010
8 93 5683
8 107 9958
8 115 755
8 118 5940
8 120 3830
8 122 1508
8 126 3180
8 133 5186
8 139 6396
8 148 502
8 151 9444
8 152 4628
8 156 4349
8 163 5557
8 165 1855
8 173 5343
8 185 7846
8 186 1409
8 201 8862
8 218 4409
8 220 8824
8 221 5338
8 227 3844
8 230 2808
8 231 1230
8 233 7618
9 10 7453
9 17 3792
9 22 5406
9 25 8613
9 28 796
9 30 6582
9 32 4191
9 35 9452
9 36 1987
9 38 9690
9 43 3910
9 46 8742
9 48 3516
9 50 1209
9 58 6356
9 60 5735
9 61 1593
9 70 6736
9 72 228
9 77 1065
9 81 5101
9 88 7149
9 98 7296
9 99 2177
9 103 380
9 104 4453
9 108 4023
9 109 2470
9 110 1460
9 117 8415
9 125 7979
9 130 9941
9 145 7961
9 148 949
9 151 4411
9 152 6055
9 154 7344
9 158 9870
9 160 7168
9 161 4043
9 167 1498
9 169 1184
9 170 4587
9 171 7290
9 188 2751
9 191 4118
9 193 3316
9 195 4915
9 199 6265
9 200 3597
9 202 3981
9 205 4883
9 208 886
9 209 6251
9 211 974
9 213 2311
9 214 9086
9 219 7646
9 220 8156
9 225 5847
9 231 9482
10 12 4281
10 14 4823
10 15 7008
10 22 9100
10 24 6326
10 25 8295
10 27 1622
10 30 7910
10 33 1787
10 36 5722
10 37 7855
10 40 7624
10 43 4234
10 44 7624
10 54 263
10 55 6081
10 56 1691
10 58 3147
10 61 2919
10 69 867
10 70 812
10 71 1353
10 72 9980
10 73 3712
10 76 6259
10 86 6167
10 87 6775
10 93 2851
10 94 6677
10 97 5246
10 104 6108
10 105 8504
10 108 1587
10 109 819
10 112 4014
10 115 1385
10 123 2468
10 127 5887
10 130 4966
10 132 2564
10 141 4219
10 143 3306
10 145 8644
10 148 2863
10 150 4713
10 152 9433
10 154 7519
10 156 3652
10 158 7228
10 169 9055
10 170 6562
10 173 3427
10 176 1997
10 180 7384
10 181 9601
10 184 8859
10 188 7777
10 192 2446
10 193 534
10 196 9411
10 198 6786
10 199 5966
10 200 6971
10 202 3253
10 208 839
10 215 3026
10 227 4890
11 13 5323
11 16 5525
11 18 1093
11 20 9720
11 27 54
11 30 8058
11 31 3920
11 35 782
11 47 5892
11 48 3827
11 72 5835
11 73 7950
11 74 2775
11 76 9272
11 78 5201
11 80 5829
11 82 9277
11 84 5665
11 85 9019
11 88 2847
11 89 2708
11 94 5548
11 98 1084
11 101 6839
11 102 8418
11 109 6582
11 120 3580
11 125 6253
11 126 1541
11 127 4813
11 130 5502
11 133 8162
11 136 8159
11 138 6732
11 140 1158
11 145 3178
11 148 8833
11 150 2943
11 153 6076
11 154 1325
11 158 5535
11 159 2636
11 160 7446
11 161 6983
11 162 346
11 167 3573
11 168 5067
11 169 1499
11 173 3085
11 174 2202
11 177 8882
11 180 2574
11 185 8801
11 189 4455
11 193 9700
11 194 4357
11 200 4351
11 205 8102
11 210 2199
11 216 9066
11 219 70
11 222 8138
11 227 3751
12 16 7840
12 22 7567
12 25 1448
12 29 1735
12 30 4451
12 32 1709
12 36 3792
12 38 5553
12 40 5040
12 42 2545
12 43 6314
12 48 7817
12 54 3078
12 57 4961
12 61 1922
12 65 9878
12 67 5285
12 69 7831
12 83 5583
12 89 6655
12 93 6867
12 100 5666
12 102 760
12 103 1411
12 104 4532
12 107 9341
12 108 9265
12 112 9179
12 114 7350
12 116 2554
12 128 9209
12 132 3097
12 133 5509
12 136 4814
12 138 4084
12 141 1316
12 142 7197
12 143 3968
12 144 7490
12 157 6826
12 158 9794
12 162 102
12 164 17
12 170 6427
12 177 6514
12 181 2589
12 186 5791
12 187 9167
12 199 6920
12 201 3986
12 202 1714
12 207 8833
12 209 6523
12 213 6489
12 217 8597
12 220 5759
12 224 7866
13 14 5884
13 16 7775
13 21 7609
13 23 1671
13 31 2301
13 36 6753
13 42 6811
13 44 68
13 47 5953
13 48 8923
13 50 9863
13 51 16
13 62 293
13 63 6011
13 64 2574
13 73 8870
13 85 1971
13 89 2269
13 95 668
13 97 2397
13 98 31
13 103 7472
13 104 3638
13 107 7101
13 110 9953
13 113 8812
13 114 8792
13 118 1917
13 119 6797
13 121 3876
13 124 4539
13 125 9861
13 127 1238
13 132 5545
13 138 5923
13 139 2137
13 140 5224
13 147 5440
13 152 4905
13 159 738
13 171 9175
13 172 5761
13 173 3383
13 175 7925
13 176 5301
13 181 4281
13 186 3406
13 189 4335
13 197 5429
13 202 4720
13 208 7929
13 209 8976
13 212 6877
13 216 1733
13 219 8081
13 227 6887
13 229 358
13 230 9782
13 231 7678
14 17 8718
14 19 51
14 20 7197
14 23 8625
14 28 1581
14 33 2522
14 38 7449
14 40 7016
14 42 8822
14 46 3901
14 47 4958
14 51 4847
14 57 6414
14 66 9618
14 70 8454
14 74 9630
14 75 3706
14 82 2268
14 86 5945
14 87 4627
14 89 9639
14 91 8264
14 95 8696
14 100 7512
14 101 43
14 122 2648
14 128 7600
14 140 2429
14 145 2464
14 148 4203
14 149 7504
14 150 6981
14 154 9534
14 155 821
14 159 3621
14 161 4531
14 171 889
14 174 5044
14 175 4660
14 182 5660
14 186 7130
14 191 8949
14 193 2712
14 197 6527
14 201 6269
14 204 4656
14 205 8279
14 210 7410
14 212 1795
14 217 7110
14 227 1230
15 23 30
15 26 8072
15 28 9075
15 30 8558
15 38 9753
15 39 8920
15 44 6037
15 48 3642
15 52 8324
15 54 1322
15 56 7151
15 57 8413
15 60 9348
15 63 6868
15 65 415
15 68 8249
15 83 3206
15 88 224
15 92 7410
15 93 1468
15 94 7277
15 97 8835
15 103 3522
15 107 2515
15 113 4455
15 114 8757
15 116 6176
15 120 9588
15 121 4087
15 127 4852
15 130 1872
15 133 3506
15 134 6017
15 138 5362
15 140 7232
15 146 3265
15 147 6311
15 156 4649
15 164 2743
15 175 2322
15 177 176
15 179 7097
15 181 4814
15 182 2779
15 184 4556
15 187 3485
15 188 2715
15 189 9161
15 195 2237
15 201 5304
15 208 2621
15 211 9518
15 212 3595
15 216 9434
15 222 6591
15 225 5053
16 17 724
16 18 3713
16 24 8984
16 26 4244
16 31 6827
16 33 6353
16 34 8137
16 37 876
16 38 684
16 42 3910
16 43 8247
16 45 28
16 46 527
16 51 3421
16 55 9190
16 71 3685
16 79 6021
16 84 4722
16 89 5627
16 94 4988
16 95 7346
16 99 8225
16 101 7867
16 102 810
16 105 8892
16 109 9179
16 110 7944
16 111 4930
16 116 735
16 117 1248
16 120 9356
16 124 4319
16 126 2782
16 127 8727
16 132 5675
16 138 2529
16 144 4190
16 145 909
16 149 1215
16 160 5539
16 163 5638
16 171 1516
16 174 3433
16 179 3243
16 182 9052
16 184 4769
16 186 8893
16 187 7193
16 189 8838
16 196 6576
16 197 2170
16 200 7282
16 205 5356
16 206 6211
16 207 5026
16 210 7509
16 214 5733
16 215 2394
16 216 2689
16 218 8528
16 223 7719
16 224 3805
16 227 9162
16 228 8432
17 18 2330
17 20 3246
17 22 4900
17 23 5190
17 32 7432
17 42 2822
17 44 3922
17 54 9415
17 57 5156
17 58 9048
17 66 9739
17 68 7664
17 70 4611
17 74 1897
17 76 2557
17 80 9399
17 81 3554
17 91 8142
17 99 8578
17 103 4940
17 106 5076
17 108 4705
17 111 2540
17 112 1897
17 118 9467
17 121 9048
17 122 9839
17 124 9230
17 126 6314
17 130 6480
17 131 888
17 132 7635
17 133 61
17 137 9310
17 138 798
17 139 308
17 147 9882
17 149 8510
17 151 2442
17 152 7167
17 161 521
17 166 658
17 176 5190
17 178 2660
17 184 9188
17 191 2680
17 194 3930
17 198 9018
17 203 5091
17 206 402
17 207 9080
17 222 1700
17 224 6322
17 228 6710
17 230 5544
18 20 5359
18 22 1000
18 25 5498
18 26 929
18 29 3164
18 33 2499
18 34 5154
18 35 4984
18 36 7242
18 41 9863
18 42 6887
18 43 3400
18 46 1291
18 48 707
18 55 7887
18 61 3784
18 69 9975
18 72 3201
18 74 3391
18 76 532
18 77 5829
18 84 2565
18 91 7940
18 92 3301
18 94 3209
18 97 1999
18 99 1997
18 100 3032
18 103 7181
18 109 3454
18 111 7826
18 112 2955
18 113 573
18 117 7354
18 118 5962
18 120 4695
18 124 2091
18 127 7720
18 141 9664
18 149 1379
18 156 8453
18 157 71
18 166 3827
18 173 2254
18 177 842
18 190 5985
18 196 881
18 198 1928
18 205 5692
18 207 1846
18 208 9120
18 209 5694
18 211 5441
18 217 8508
18 220 222
18 226 4356
19 24 3987
19 26 9296
19 27 7886
19 28 9486
19 31 5223
19 39 8772
19 40 2613
19 44 4592
19 51 4636
19 52 5119
19 59 340
19 62 3443
19 64 6842
19 66 9189
19 68 3940
19 73 8453
19 80 199
19 81 3725
19 86 5463
19 93 7189
19 96 9547
19 100 6958
19 104 4945
19 107 7165
19 115 4240
19 119 3695
19 122 4398
19 123 2417
19 125 3385
19 128 634
19 130 4693
19 131 3301
19 134 1507
19 138 8670
19 142 6360
19 145 639
19 149 7315
19 156 358
19 159 8659
19 170 118
19 171 7898
19 172 3822
19 176 6851
19 178 8252
19 181 5847
19 182 5785
19 190 2693
19 191 9880
19 193 6684
19 197 9484
19 201 269
19 203 3854
19 207 5368
19 209 5718
19 212 5000
19 213 8209
19 225 3765
19 229 9386
19 230 3407
19 232 2222
20 28 3476
20 34 9948
20 36 4105
20 41 6673
20 44 1854
20 47 468
20 58 8103
20 59 7951
20 66 7757
20 69 3236
20 74 7212
20 80 9947
20 82 4333
20 93 1975
20 104 6676
20 105 6138
20 106 7333
20 107 6512
20 111 4272
20 112 2644
20 116 1686
20 118 2133
20 120 158
20 123 3613
20 130 4062
20 131 9627
20 133 4176
20 135 1550
20 136 7651
20 137 4162
20 139 6888
20 146 4242
20 153 879
20 170 3650
20 178 7716
20 179 4568
20 183 6549
20 188 9981
20 192 5004
20 204 2403
20 206 599
20 207 4139
20 210 1158
20 212 8408
20 215 1074
20 219 6632
20 220 7412
20 226 7277
20 232 2075
21 29 7884
21 38 5535
21 39 3892
21 45 5914
21 46 178
21 50 455
21 53 1327
21 61 2177
21 66 1825
21 70 185
21 71 7227
21 74 8478
21 85 8861
21 91 6679
21 100 2986
21 103 1748
21 105 3861
21 106 8800
21 117 1308
21 123 6458
21 128 3799
21 129 9340
21 132 8617
21 140 7173
21 141 6934
21 146 4273
21 148 5191
21 151 59
21 155 4204
21 159 2554
21 166 9646
21 174 2144
21 175 9333
21 178 2420
21 182 221
21 192 441
21 195 5075
21 198 1121
21 201 5497
21 202 4027
21 204 3838
21 205 3509
21 209 1279
21 214 5585
21 215 7284
21 225 1088
21 226 859
21 227 3674
21 228 6459
22 23 9855
22 24 8036
22 25 545
22 26 9457
22 28 1995
22 34 3960
22 39 6034
22 41 4636
22 46 2237
22 51 9362
22 54 5318
22 61 2414
22 62 2042
22 65 2691
22 66 9767
22 67 7001
22 69 6769
22 72 5127
22 87 3290
22 88 8895
22 98 3301
22 102 9444
22 106 873
22 113 5590
22 119 9882
22 120 4342
22 130 2109
22 136 4720
22 145 7186
22 163 6002
22 174 1905
22 176 493
22 179 5960
22 180 8399
22 183 4034
22 184 7016
22 187 2187
22 191 6076
22 194 5865
22 195 9771
22 203 1140
22 204 5077
22 205 96
22 209 1069
22 211 2682
22 218 6506
22 219 9935
22 221 8768
22 226 7880
22 228 1155
22 233 8429
23 24 5852
23 31 1153
23 38 6403
23 40 5761
23 42 4523
23 45 9485
23 49 4530
23 51 4977
23 62 3944
23 65 9604
23 66 550
23 71 7669
23 75 4258
23 77 413
23 94 7049
23 95 8602
23 98 8493
23 99 4271
23 111 4762
23 113 4178
23 117 1991
23 118 9021
23 122 570
23 124 1191
23 127 2707
23 128 8722
23 130 1617
23 131 7676
23 141 7736
23 142 8132
23 143 2151
23 144 9936
23 152 8325
23 158 6905
23 162 8393
23 163 434
23 166 9445
23 168 7509
23 176 934
23 183 9305
23 185 3925
23 186 5217
23 191 1356
23 193 6353
23 196 9753
23 209 2912
23 211 8395
23 212 5270
23 214 5913
23 215 5889
23 219 127
23 221 8625
23 225 5028
23 227 149
23 232 993
23 233 3754
24 25 876
24 26 8807
24 35 76
24 37 9869
24 39 1619
24 41 479
24 49 7267
24 53 708
24 56 493
24 65 663
24 71 3559
24 74 8159
24 80 2066
24 87 1889
24 90 290
24 93 7925
24 94 140
24 96 4510
24 101 347
24 114 3709
24 130 6202
24 137 2566
24 138 2278
24 145 9295
24 147 8225
24 155 3692
24 158 8214
24 174 1165
24 175 9452
24 176 9498
24 178 1626
24 179 2112
24 181 4485
24 187 9854
24 190 4508
24 193 9096
24 200 1916
24 212 9968
24 213 1000
24 219 3141
24 227 8241
24 228 2391
24 233 3793
25 28 9547
25 30 8119
25 33 6486
25 38 2513
25 43 2545
25 47 3108
25 49 2643
25 56 7230
25 57 7336
25 64 3270
25 65 9523
25 66 7352
25 70 2669
25 77 5370
25 79 4469
25 84 1083
25 96 9991
25 97 1635
25 99 9027
25 101 8952
25 104 135
25 105 7983
25 108 707
25 109 5935
25 126 4628
25 127 3848
25 130 5310
25 135 6563
25 137 118
25 138 8457
25 139 7170
25 144 7989
25 148 3809
25 150 6616
25 154 1015
25 163 5430
25 166 6384
25 173 8523
25 183 3714
25 185 7204
25 198 7493
25 199 6892
25 212 5699
25 214 7205
25 219 9346
25 228 359
26 29 4921
26 31 8889
26 34 4011
26 36 1271
26 39 2014
26 40 8486
26 47 6679
26 49 8832
26 51 7049
26 53 8903
26 55 8342
26 56 7717
26 57 8260
26 66 8127
26 72 452
26 93 4478
26 95 1694
26 96 6578
26 97 4529
26 99 5810
26 108 6040
26 110 14
26 113 6657
26 115 6120
26 117 4649
26 118 7723
26 122 5071
26 126 9236
26 132 4991
26 134 3332
26 139 2057
26 140 7193
26 145 6663
26 146 717
26 148 7914
26 149 8009
26 152 9098
26 158 9102
26 161 1179
26 170 8012
26 171 5502
26 179 4122
26 187 4686
26 191 7812
26 193 7885
26 195 7695
26 202 398
26 206 5135
26 207 2623
26 212 6099
26 221 7647
26 222 951
26 228 2333
26 229 4485
26 232 6640
27 28 1786
27 29 7142
27 37 3253
27 52 4237
27 56 4672
27 62 93
27 63 7485
27 66 5784
27 72 8800
27 80 1613
27 91 4161
27 94 8021
27 95 9275
27 99 8107
27 101 7292
27 104 1984
27 113 9663
27 114 8681
27 115 1786
27 118 3594
27 119 2831
27 121 3312
27 132 6501
27 133 8993
27 144 6586
27 147 7475
27 153 2320
27 156 9322
27 158 1272
27 168 9730
27 173 5749
27 174 9695
27 179 8664
27 184 8466
27 187 8680
27 192 4362
27 197 4203
27 198 7033
27 199 5457
27 203 2902
27 204 6317
27 207 9846
27 210 5959
27 212 5975
27 213 4338
27 215 6427
27 217 6651
27 218 8953
27 223 4664
27 225 3370
27 227 9286
27 228 1639
28 33 2083
28 37 6339
28 38 2419
28 40 3781
28 44 8427
28 47 997
28 49 1528
28 54 7444
28 55 1083
28 62 7633
28 65 3516
28 69 3693
28 70 2179
28 71 2965
28 72 6711
28 74 789
28 78 3280
28 86 1979
28 87 9158
28 98 7176
28 115 6572
28 117 5807
28 119 4273
28 121 8727
28 122 1693
28 125 6175
28 131 3702
28 133 2623
28 136 5535
28 137 8853
28 139 611
28 143 9912
28 144 9288
28 154 6702
28 164 3611
28 165 7926
28 166 1369
28 173 10000
28 183 2058
28 185 6266
28 187 1133
28 189 8913
28 204 4700
28 211 7519
28 212 2608
28 215 3784
28 218 8913
28 219 3884
28 221 1620
28 223 6608
28 231 222
29 31 4139
29 36 4670
29 41 5233
29 47 8432
29 51 4533
29 57 7353
29 66 5769
29 68 8393
29 76 6457
29 77 8001
29 78 3377
29 80 8272
29 82 6055
29 87 6871
29 88 5449
29 95 5697
29 97 3409
29 98 1895
29 99 5498
29 101 7727
29 105 2534
29 106 9750
29 107 139
29 138 3613
29 149 3136
29 152 3724
29 153 2263
29 158 3002
29 161 5088
29 162 1026
29 165 793
29 166 2138
29 172 8890
29 175 2585
29 178 4481
29 182 9103
29 185 7502
29 187 891
29 188 9867
29 198 1424
29 202 1410
29 203 1062
29 205 320
29 207 9164
29 217 7196
29 219 9533
29 220 3960
29 226 3795
29 227 3553
29 231 3389
29 233 6480
30 33 8851
30 34 3381
30 39 3061
30 43 5650
30 45 7502
30 47 497
30 49 4355
30 56 2392
30 61 3974
30 63 8360
30 70 2976
30 71 335
30 84 8184
30 89 9350
30 92 7816
30 94 171
30 96 2900
30 100 1723
30 101 3375
30 102 7046
30 103 5006
30 112 3384
30 113 3817
30 118 7232
30 119 579
30 122 727
30 126 5455
30 127 1404
30 129 7793
30 133 8386
30 135 5539
30 142 57
30 144 5764
30 153 2090
30 155 8407
30 160 5380
30 162 919
30 166 2347
30 171 1975
30 172 5764
30 174 8166
30 176 2820
30 180 9940
30 181 7561
30 186 8881
30 188 8968
30 194 1355
30 196 6746
30 203 7751
30 204 7839
30 205 243
30 211 1270
30 212 2223
30 213 6626
30 214 3706
30 220 3641
30 224 9791
30 227 1742
30 229 5038
31 33 4865
31 41 9195
31 44 5703
31 46 5941
31 49 4680
31 52 251
31 56 4985
31 58 6580
31 59 1766
31 62 6179
31 65 1195
31 67 1845
31 70 4959
31 82 6715
31 92 3752
31 97 5427
31 104 6075
31 115 4873
31 116 876
31 119 7457
31 120 1019
31 131 5879
31 137 5833
31 139 1485
31 147 4285
31 152 3216
31 157 1750
31 159 2308
31 165 2991
31 169 1004
31 170 8994
31 178 4028
31 180 343
31 182 6028
31 192 7720
31 199 3608
31 202 1440
31 203 8791
31 206 7409
31 207 5223
31 209 8309
31 226 5192
31 227 5163
31 231 7956
31 232 9253
32 33 9151
32 34 3600
32 35 3581
32 40 4882
32 47 4851
32 49 4791
32 57 8262
32 58 4310
32 59 9281
32 60 1498
32 64 2718
32 69 7272
32 78 3021
32 80 5095
32 87 1888
32 94 1888
32 96 5329
32 99 1135
32 101 5968
32 103 6922
32 115 5823
32 119 212
32 123 226
32 124 3320
32 138 2585
32 144 7526
32 148 9655
32 152 233
32 159 7995
32 160 1930
32 162 3218
32 164 6817
32 166 7654
32 170 8559
32 171 1978
32 181 1032
32 182 6859
32 184 4073
32 194 5305
32 201 830
32 202 7824
32 204 7891
32 206 3980
32 210 1209
32 211 6485
32 215 9234
32 224 2009
32 228 2542
32 230 5891
33 36 1221
33 38 1419
33 40 4280
33 43 714
33 47 7142
33 50 796
33 59 9252
33 61 8067
33 63 3132
33 66 4657
33 69 9929
33 72 7943
33 73 5571
33 77 2617
33 80 7981
33 84 8085
33 89 1141
33 96 4369
33 97 3362
33 103 7631
33 104 2745
33 105 406
33 109 7871
33 113 2590
33 114 8423
33 119 2468
33 121 1194
33 124 4066
33 126 3462
33 140 2519
33 145 697
33 147 3266
33 149 7217
33 150 292
33 154 9196
33 159 7763
33 162 8660
33 164 1566
33 168 8101
33 169 1182
33 175 1366
33 182 2390
33 186 4465
33 195 3470
33 210 6469
33 216 4252
33 220 4442
33 223 8014
33 227 7445
33 230 2766
33 233 4328
34 38 3870
34 45 6269
34 51 8802
34 61 2457
34 64 7976
34 66 9730
34 67 2259
34 73 5432
34 76 7939
34 85 946
34 86 5801
34 88 561
34 96 4783
34 102 4970
34 103 9138
34 104 2453
34 105 5257
34 110 6555
34 113 5886
34 117 8513
34 128 4063
34 131 6858
34 133 9992
34 135 2351
34 139 2424
34 141 1855
34 145 1445
34 155 1458
34 161 8561
34 162 6696
34 164 4473
34 166 2524
34 172 1046
34 179 3474
34 180 8152
34 183 4373
34 187 2616
34 190 5653
34 194 2735
34 195 9752
34 207 5793
34 209 6161
34 214 5174
34 215 897
34 216 3721
34 217 9709
34 219 4628
34 230 2840
35 36 8494
35 38 828
35 40 9913
35 46 2441
35 50 5270
35 53 6249
35 54 5400
35 61 1114
35 62 9835
35 63 8556
35 67 7652
35 75 1794
35 78 3096
35 86 5562
35 87 5509
35 90 9613
35 91 2747
35 113 3236
35 122 2509
35 124 6087
35 125 7167
35 130 4764
35 132 8983
35 133 3220
35 136 5706
35 145 5488
35 154 9523
35 155 1318
35 158 9192
35 168 6464
35 175 3892
35 179 5280
35 180 9431
35 182 2284
35 184 9918
35 186 6815
35 192 4964
35 200 1098
35 204 9301
35 209 4862
35 211 294
35 212 8001
35 226 8938
35 229 6203
35 231 867
35 233 3752
36 37 9962
36 38 9426
36 39 2113
36 41 7598
36 44 3288
36 46 7241
36 49 7730
36 58 6558
36 65 1661
36 70 6235
36 82 5519
36 83 5666
36 84 1120
36 88 7767
36 94 6348
36 95 1124
36 98 4989
36 101 1923
36 104 5983
36 107 3882
36 109 2621
36 114 6644
36 119 7021
36 125 474
36 133 9875
36 134 6345
36 138 3964
36 146 2897
36 149 3494
36 150 2400
36 151 2115
36 154 5110
36 156 8779
36 162 8116
36 169 3928
36 175 2404
36 176 1306
36 178 9682
36 184 8020
36 186 4729
36 187 2338
36 189 9373
36 191 8854
36 192 9087
36 195 3100
36 202 5016
36 206 8588
36 210 9492
36 216 3776
36 219 3053
36 221 2357
37 43 2265
37 44 8064
37 46 9307
37 49 5248
37 57 6838
37 66 5914
37 73 7079
37 74 9425
37 78 4809
37 84 299
37 86 7062
37 88 3857
37 93 716
37 94 6877
37 97 706
37 98 3126
37 99 224
37 101 6130
37 106 2346
37 109 5290
37 117 4165
37 120 4928
37 124 9370
37 131 4949
37 139 8852
37 140 7105
37 141 7547
37 142 6346
37 143 6537
37 149 6744
37 151 9678
37 155 8099
37 156 1672
37 157 3277
37 162 5436
37 164 6002
37 172 7627
37 175 4590
37 176 4165
37 181 2324
37 198 6524
37 205 7746
37 219 2369
37 224 6749
37 225 2423
37 226 7945
37 232 2400
38 41 9161
38 47 8542
38 50 5434
38 53 5736
38 55 7304
38 58 9012
38 81 1407
38 84 8900
38 90 3772
38 92 4036
38 95 2649
38 96 7084
38 123 7373
38 138 2268
38 140 9127
38 142 4843
38 143 1555
38 145 8819
38 149 3840
38 150 4278
38 153 7123
38 155 5168
38 160 9493
38 164 1187
38 166 737
38 167 4719
38 169 2944
38 170 2614
38 178 1109
38 192 4027
38 194 9120
38 196 1782
38 201 3245
38 205 9154
38 208 2156
38 212 9988
38 214 1489
38 225 3798
38 227 8538
38 231 6031
39 46 4438
39 49 3383
39 52 7388
39 67 4041
39 68 2089
39 75 3538
39 77 1321
39 81 1457
39 84 81
39 89 3777
39 94 7490
39 97 8985
39 102 1182
39 107 6959
39 108 9575
39 111 3437
39 114 4069
39 115 1015
39 116 4901
39 126 4931
39 130 5616
39 133 185
39 140 2849
39 141 8524
39 147 7551
39 148 7508
39 151 6318
39 154 8532
39 155 7698
39 161 5727
39 164 4467
39 165 8115
39 170 4238
39 175 4224
39 176 4206
39 181 5294
39 182 2305
39 185 2785
39 188 6077
39 190 4246
39 192 1749
39 201 4580
39 206 2568
39 211 5035
39 215 3189
39 216 3158
39 222 9867
39 223 1185
40 41 5272
40 42 5436
40 44 7373
40 46 1952
40 47 2987
40 58 4257
40 66 7689
40 71 2174
40 73 1032
40 86 7011
40 93 8151
40 94 6623
40 95 8628
40 101 9776
40 103 2336
40 104 146
40 119 847
40 123 5558
40 127 3673
40 128 5937
40 134 6392
40 142 2530
40 147 2963
40 152 6808
40 153 923
40 161 3772
40 164 4073
40 168 4879
40 169 579
40 171 3806
40 174 6208
40 178 2018
40 183 3172
40 186 1399
40 188 5681
40 189 2687
40 190 9779
40 191 8359
40 192 6512
40 194 112
40 195 9709
40 198 7286
40 203 4835
40 204 1542
40 206 6003
40 212 5599
40 214 994
40 221 6882
41 48 8813
41 56 5983
41 60 3664
41 61 6448
41 70 9465
41 75 2462
41 93 4558
41 94 5162
41 98 16
41 104 8531
41 106 5609
41 109 3788
41 124 2317
41 126 1306
41 127 7536
41 131 51
41 132 3560
41 137 9266
41 138 2450
41 150 2970
41 163 2496
41 165 9273
41 168 2403
41 170 5612
41 174 1189
41 179 416
41 187 4614
41 193 3170
41 199 1366
41 201 6396
41 210 1195
41 213 5545
41 214 4476
41 218 1481
41 219 5240
41 225 8978
41 229 3093
41 231 2738
42 50 7340
42 53 9382
42 54 1551
42 59 5688
42 60 7053
42 61 1434
42 67 9017
42 69 4143
42 73 802
42 74 4900
42 100 1624
42 105 4750
42 111 4247
42 113 4079
42 121 7068
42 124 8083
42 127 1183
42 128 6812
42 132 4857
42 137 6473
42 141 8403
42 147 2763
42 152 1631
42 155 6893
42 160 8967
42 164 6993
42 166 3263
42 169 6067
42 179 5491
42 182 5083
42 183 5467
42 184 8449
42 186 5643
42 190 1739
42 191 5314
42 194 4644
42 202 937
42 210 2225
42 215 9982
42 219 5275
42 223 6379
42 224 1899
42 233 3386
43 44 4205
43 45 2325
43 47 3441
43 51 6223
43 54 6713
43 61 5494
43 62 3963
43 70 8077
43 73 9118
43 75 998
43 76 323
43 78 7094
43 81 2894
43 83 7006
43 85 5449
43 87 5575
43 90 4958
43 94 8914
43 99 1530
43 107 1523
43 110 6670
43 112 4148
43 114 3295
43 115 6548
43 117 2367
43 119 7116
43 139 8401
43 144 8719
43 153 40
43 158 3232
43 162 415
43 164 7775
43 165 7715
43 170 4763
43 172 345
43 177 1036
43 180 8512
43 182 1315
43 183 7343
43 192 991
43 193 8650
43 200 3045
43 208 9819
43 218 4853
43 221 7873
43 226 4551
43 228 4653
44 45 6847
44 51 8746
44 55 8466
44 62 4623
44 67 2686
44 70 54
44 72 5406
44 73 1254
44 75 3698
44 78 5713
44 85 4908
44 86 1399
44 90 7489
44 94 1207
44 95 5109
44 100 3111
44 107 3054
44 113 7806
44 115 7246
44 117 4025
44 122 3845
44 124 4366
44 139 2005
44 142 6901
44 144 3289
44 146 820
44 148 3802
44 150 9703
44 154 8789
44 155 1930
44 156 9131
44 157 6073
44 160 7130
44 164 9679
44 174 3921
44 175 933
44 178 453
44 186 1127
44 194 9226
44 195 2187
44 199 1958
44 200 6776
44 202 2915
44 216 533
44 217 4513
44 221 4362
44 230 8845
44 233 2250
45 46 429
45 52 9810
45 66 8277
45 69 835
45 70 2182
45 73 6713
45 74 5109
45 85 4474
45 89 6446
45 95 9553
45 101 4146
45 104 869
45 107 4053
45 108 8605
45 112 8233
45 125 2489
45 137 6617
45 141 8153
45 155 4736
45 165 3358
45 167 1844
45 169 3072
45 180 5466
45 182 593
45 183 9796
45 188 2519
45 190 513
45 192 1974
45 194 845
45 195 4485
45 199 1535
45 200 5311
45 201 8346
45 204 7587
45 210 7408
45 213 5395
45 215 8747
45 220 7289
45 233 3151
46 47 4348
46 52 1580
46 56 8209
46 58 3489
46 60 2918
46 66 6412
46 69 1908
46 70 6441
46 71 2680
46 77 7114
46 78 9859
46 80 467
46 85 3896
46 90 9381
46 91 1549
46 92 439
46 95 5172
46 102 697
46 106 3917
46 124 8080
46 139 403
46 141 6990
46 146 3837
46 151 8592
46 154 9225
46 167 3142
46 168 9090
46 171 2158
46 176 628
46 182 671
46 183 4771
46 188 2587
46 194 1784
46 198 7333
46 205 9199
46 207 6137
46 216 1059
46 219 6578
46 222 6034
46 223 3893
46 227 6632
47 50 3593
47 54 6085
47 57 141
47 58 2043
47 59 204
47 60 7281
47 66 6040
47 69 8003
47 70 6907
47 71 9112
47 82 9371
47 86 2366
47 87 5221
47 90 5423
47 91 580
47 93 4841
47 94 5503
47 101 12
47 103 4137
47 104 6304
47 106 3162
47 115 2204
47 116 7005
47 118 2126
47 120 7031
47 127 912
47 129 8690
47 132 5381
47 137 1891
47 138 1605
47 140 2357
47 143 4242
47 144 6896
47 156 3521
47 162 6039
47 166 1680
47 168 2544
47 171 9758
47 172 1711
47 174 5154
47 176 7403
47 177 5342
47 178 521
47 180 1268
47 183 5459
47 186 988
47 188 9356
47 196 4679
47 200 4971
47 202 9819
47 204 860
47 206 456
47 208 4993
47 209 852
47 210 8067
47 218 2011
47 219 9036
47 220 1252
47 224 2609
47 226 8884
47 227 4717
48 59 8606
48 60 3587
48 72 8557
48 73 2631
48 75 3412
48 81 869
48 87 5754
48 93 1129
48 94 8385
48 98 8322
48 101 8936
48 103 9296
48 106 5694
48 107 1150
48 112 3357
48 118 623
48 122 6808
48 124 866
48 127 1470
48 141 571
48 144 1175
48 147 3946
48 148 89
48 150 4453
48 151 5503
48 155 3755
48 163 1574
48 169 1423
48 170 7614
48 174 4819
48 183 5641
48 184 1949
48 190 9400
48 194 9931
48 199 1887
48 200 2106
48 203 1424
48 211 6418
48 212 1470
48 213 4808
48 222 8073
48 223 9962
48 225 8850
48 226 3824
48 228 7529
49 55 2859
49 62 791
49 64 4591
49 68 2278
49 76 2878
49 78 4127
49 81 7912
49 82 7771
49 84 1374
49 85 7457
49 91 6497
49 93 1598
49 100 3544
49 115 7023
49 122 5558
49 134 2303
49 142 8202
49 154 3430
49 155 2565
49 157 8833
49 159 8932
49 160 2601
49 162 1983
49 172 2478
49 180 5480
49 182 8127
49 189 3122
49 191 9485
49 193 5807
49 203 9113
49 206 5744
49 221 5799
49 225 7912
49 226 2939
49 229 9084
49 230 3269
49 232 5591
50 56 7958
50 66 4043
50 67 9587
50 68 8975
50 76 7260
50 84 8056
50 86 6129
50 91 47
50 93 5938
50 97 3059
50 99 2912
50 103 8290
50 105 4709
50 109 3539
50 113 5741
50 115 2588
50 123 9258
50 130 7181
50 131 4424
50 135 4573
50 138 4693
50 142 668
50 144 4410
50 147 6140
50 148 8261
50 149 9004
50 154 4998
50 155 2053
50 159 287
50 160 2710
50 162 5255
50 167 8358
50 175 7635
50 178 7510
50 181 3128
50 187 7946
50 189 1626
50 190 9620
50 191 7853
50 195 3517
50 199 7897
50 201 9004
50 202 8104
50 203 2110
50 209 3960
50 211 5190
50 216 1254
50 218 5164
50 221 3208
50 223 6267
51 53 2233
51 58 3994
51 63 2451
51 66 3309
51 67 8672
51 68 9828
51 70 2068
51 72 1313
51 81 8540
51 91 6815
51 92 5624
51 97 3069
51 98 6385
51 102 1897
51 112 6107
51 118 3827
51 128 3142
51 138 3643
51 139 4208
51 144 7622
51 150 6143
51 151 5902
51 155 223
51 158 287
51 160 656
51 162 9670
51 166 5838
51 173 9140
51 174 4497
51 180 5070
51 187 6252
51 189 41
51 193 7114
51 195 9587
51 198 8697
51 199 4953
51 215 2891
51 219 4048
51 220 3061
51 221 171
51 224 6881
51 226 87
51 232 822
52 56 3720
52 59 7742
52 64 1292
52 68 4996
52 74 3238
52 82 3007
52 90 7239
52 94 9108
52 95 7029
52 96 8523
52 97 505
52 98 153
52 102 7370
52 105 6418
52 113 2558
52 121 7826
52 125 9053
52 135 1115
52 137 9224
52 140 7127
52 142 2359
52 149 2226
52 155 1536
52 156 5222
52 161 2086
52 163 3906
52 169 2368
52 188 9623
52 192 6748
52 193 3075
52 202 4487
52 203 8336
52 205 8732
52 206 9190
52 215 1563
52 220 9683
52 221 2775
52 223 743
52 226 9605
53 60 420
53 61 6771
53 63 997
53 76 2156
53 79 9922
53 83 2614
53 90 7760
53 92 2819
53 100 6179
53 103 3207
53 106 3388
53 107 3647
53 109 235
53 112 3575
53 117 6375
53 119 8047
53 126 7597
53 128 9251
53 130 4865
53 131 8288
53 141 6637
53 143 1112
53 149 1558
53 153 1772
53 155 2343
53 159 9938
53 166 6903
53 169 849
53 171 7357
53 172 5134
53 173 3555
53 184 5349
53 187 5052
53 191 2524
53 192 9625
53 194 6321
53 197 5113
53 198 5383
53 203 2699
53 208 8811
53 223 2444
53 224 3083
53 226 1772
53 229 5706
53 231 34
53 233 4335
54 57 3321
54 59 9597
54 60 8470
54 67 504
54 68 4322
54 70 24
54 73 276
54 75 6981
54 77 7669
54 86 5284
54 89 7383
54 90 4456
54 91 1147
54 100 9677
54 104 3860
54 108 8856
54 115 9871
54 120 6520
54 121 1219
54 122 719
54 124 5004
54 128 3163
54 130 2988
54 131 6539
54 132 6247
54 133 9495
54 134 5101
54 140 6163
54 145 5563
54 146 1780
54 147 435
54 148 8660
54 154 3331
54 155 380
54 156 4558
54 157 5209
54 162 5692
54 166 7944
54 168 9211
54 173 4211
54 177 8662
54 184 9679
54 185 9821
54 188 3171
54 191 1466
54 192 3721
54 193 7792
54 195 988
54 209 3661
54 212 5845
54 213 8204
54 220 6064
54 222 2741
54 223 4455
55 58 2223
55 60 2479
55 61 4791
55 65 3236
55 69 9592
55 71 6145
55 73 4423
55 75 8571
55 78 9656
55 83 8542
55 84 8203
55 85 8835
55 91 3090
55 98 6863
55 102 3229
55 104 3735
55 107 9522
55 110 4826
55 112 1818
55 113 5580
55 114 8859
55 115 8770
55 121 2369
55 122 7957
55 123 7799
55 125 7558
55 132 7102
55 133 2989
55 136 5825
55 143 772
55 147 1989
55 149 8804
55 150 8560
55 163 9817
55 167 3289
55 171 2517
55 172 2366
55 174 255
55 180 3954
55 190 3739
55 192 7149
55 196 2626
55 199 8966
55 200 4925
55 207 8415
55 220 6754
55 224 1538
55 226 195
55 228 6472
56 58 8232
56 79 9671
56 81 3986
56 82 3459
56 91 4039
56 94 7374
56 96 2809
56 102 8955
56 103 7996
56 109 2358
56 115 1664
56 116 10
56 117 9369
56 119 9007
56 122 6266
56 123 3919
56 124 8593
56 130 9810
56 134 8093
56 141 2801
56 142 5630
56 146 5931
56 151 5814
56 153 2473
56 154 1780
56 155 1330
56 163 5104
56 174 3996
56 178 8197
56 195 5797
56 200 958
56 201 2654
56 204 3010
56 208 2001
56 212 6804
56 214 7270
56 219 849
56 223 3364
56 224 1169
57 58 1333
57 59 1943
57 62 6927
57 63 3427
57 67 2119
57 79 2963
57 81 6947
57 85 534
57 87 7960
57 89 8819
57 101 2010
57 106 8351
57 107 2439
57 110 1663
57 113 7508
57 115 5092
57 119 2878
57 125 6575
57 126 8034
57 130 2701
57 133 3366
57 134 5028
57 136 9667
57 141 4533
57 144 3058
57 145 5775
57 153 2987
57 155 4934
57 157 5302
57 160 807
57 165 7813
57 167 2968
57 170 3528
57 176 3056
57 177 3550
57 183 314
57 186 9135
57 189 9645
57 192 2517
57 209 9163
57 211 7493
57 215 9013
57 220 5943
57 222 5638
57 226 8252
57 228 1107
57 232 3904
57 233 8224
58 69 9620
58 72 4511
58 74 8939
58 78 9706
58 79 3235
58 83 4991
58 84 9297
58 90 5210
58 97 2518
58 102 9333
58 104 2886
58 109 2142
58 110 6741
58 115 9395
58 116 3719
58 122 3723
58 124 8744
58 126 7803
58 128 7511
58 132 3358
58 135 9987
58 136 3546
58 151 3971
58 152 8937
58 154 6313
58 155 8084
58 158 6909
58 160 1686
58 161 5176
58 163 8996
58 168 1736
58 171 9944
58 187 3502
58 189 4092
58 201 6214
58 209 3475
58 221 9228
58 222 4657
58 228 5763
58 231 6015
59 64 6285
59 66 1865
59 70 2154
59 72 8282
59 75 8301
59 78 6392
59 82 1634
59 85 8424
59 92 5476
59 95 1590
59 100 2329
59 105 8082
59 109 1685
59 111 5767
59 115 9825
59 116 4636
59 118 2278
59 119 4488
59 125 854
59 127 3855
59 129 6184
59 147 3299
59 148 1156
59 152 7262
59 154 498
59 165 243
59 168 8528
59 171 7652
59 174 4789
59 178 3739
59 182 5973
59 184 9270
59 191 9228
59 192 9650
59 196 4093
59 203 5583
59 206 1568
59 208 9323
59 212 7970
59 217 6231
59 218 2467
59 229 4013
59 232 2339
60 68 6306
60 76 8152
60 83 8310
60 86 9320
60 89 2669
60 99 8779
60 101 2849
60 102 6161
60 107 991
60 115 9680
60 117 1824
60 124 4045
60 134 9024
60 136 3326
60 142 1382
60 144 6196
60 147 8610
60 148 6424
60 154 2933
60 155 9146
60 163 6338
60 166 9605
60 169 7801
60 171 650
60 172 3008
60 174 8062
60 181 6267
60 185 6270
60 189 3460
60 193 9070
60 196 6625
60 198 3523
60 204 7398
60 208 8949
60 211 4510
60 212 3781
60 213 6840
60 217 5654
60 226 8320
60 227 9456
60 230 4237
60 233 5164
61 64 3190
61 66 7340
61 67 8443
61 70 4444
61 74 5261
61 82 6972
61 84 7165
61 88 6834
61 93 4560
61 101 9004
61 102 5288
61 103 8056
61 123 8714
61 129 2396
61 133 3454
61 136 9869
61 138 6871
61 139 5748
61 141 5625
61 146 513
61 149 4679
61 156 6947
61 166 3597
61 168 4681
61 169 1781
61 171 8347
61 175 4998
61 182 6936
61 184 5030
61 185 1906
61 186 9706
61 188 3501
61 192 9314
61 194 7292
61 195 3445
61 196 5606
61 201 272
61 212 2038
61 213 6876
61 214 8927
61 215 7632
61 216 7673
61 221 5367
61 225 7537
61 231 8453
62 64 5226
62 68 7555
62 69 466
62 73 3353
62 75 8795
62 81 6962
62 92 6789
62 97 8605
62 106 8755
62 110 9699
62 111 9050
62 116 2617
62 118 9561
62 119 299
62 120 4255
62 126 195
62 135 8195
62 140 321
62 141 2190
62 146 1334
62 149 3540
62 152 9659
62 155 4538
62 161 9895
62 168 9205
62 170 1194
62 172 6881
62 174 8551
62 177 9271
62 179 4584
62 183 120
62 189 715
62 193 7576
62 194 6104
62 199 2799
62 200 540
62 201 1658
62 203 3102
62 204 3637
62 205 7184
62 208 7007
62 214 8898
62 216 4922
62 217 838
62 218 1556
62 219 9637
62 225 111
63 67 6219
63 76 1119
63 85 4685
63 92 9850
63 94 6392
63 95 1793
63 96 629
63 98 5543
63 105 5269
63 106 7555
63 108 831
63 115 8320
63 117 4043
63 120 4699
63 124 3935
63 132 4908
63 142 833
63 146 3465
63 149 324
63 164 2212
63 165 7801
63 169 8399
63 176 1344
63 186 86
63 191 2514
63 198 1657
63 202 77
63 205 9236
63 207 5505
63 210 9657
63 211 4128
63 213 1296
63 214 5464
63 216 7448
63 219 7442
63 224 9074
63 225 6580
63 227 7140
63 230 5321
63 231 6351
63 233 397
64 65 2431
64 68 6696
64 71 5659
64 80 4577
64 83 4051
64 86 153
64 87 4334
64 89 218
64 100 2638
64 105 3701
64 107 4025
64 110 6373
64 111 4264
64 114 1170
64 128 567
64 129 397
64 144 4570
64 146 9574
64 147 4689
64 160 1420
64 161 5201
64 162 7101
64 165 880
64 171 903
64 173 9125
64 174 310
64 177 5589
64 184 3859
64 186 700
64 187 4204
64 200 6078
64 206 5541
64 209 1568
64 212 4028
64 213 9355
64 214 3385
64 215 4078
64 217 4906
64 224 7102
65 67 6816
65 75 123
65 81 5833
65 85 5037
65 88 2120
65 90 1402
65 99 8432
65 103 3816
65 118 5569
65 122 7371
65 127 6288
65 130 498
65 131 4088
65 134 9960
65 138 4177
65 141 5769
65 142 518
65 152 5405
65 154 4892
65 157 3764
65 158 6240
65 159 8759
65 164 2010
65 165 7823
65 166 3013
65 168 2331
65 175 4840
65 178 4119
65 180 7252
65 183 2255
65 185 1436
65 186 8215
65 191 2968
65 192 5960
65 198 5453
65 199 2802
65 205 4168
65 210 8976
65 211 6820
65 216 7285
65 217 4777
65 220 5495
65 224 9554
65 231 6657
66 70 5906
66 71 123
66 75 1924
66 76 9163
66 88 7059
66 97 3561
66 115 3335
66 117 7313
66 118 446
66 134 7938
66 135 9506
66 139 8513
66 143 5181
66 151 6402
66 154 249
66 157 8545
66 164 1554
66 165 8234
66 170 1308
66 174 9485
66 179 5439
66 194 5356
66 196 2825
66 202 7862
66 207 2135
66 208 6518
66 213 2034
66 217 4182
66 218 2283
66 219 3573
66 220 8468
66 221 4688
66 223 2648
66 224 2848
66 228 6837
66 231 5132
67 70 1905
67 71 9451
67 73 7099
67 86 4846
67 92 6801
67 93 1287
67 96 5532
67 97 6985
67 98 7346
67 99 8189
67 107 1082
67 108 92
67 109 2556
67 111 3279
67 113 7915
67 114 2235
67 120 2473
67 121 124
67 123 8820
67 131 2335
67 133 9061
67 140 9845
67 144 2068
67 145 4519
67 148 9499
67 152 7202
67 156 4051
67 158 3340
67 161 9676
67 163 7087
67 169 9208
67 173 1740
67 176 7692
67 180 3322
67 182 5852
67 183 1553
67 186 6839
67 189 6406
67 194 7069
67 197 688
67 198 7142
67 200 9172
67 201 7018
67 204 6369
67 206 9876
67 207 5448
67 211 8827
67 215 6554
67 216 4437
67 227 7495
68 71 6015
68 73 6538
68 76 4040
68 77 838
68 78 3549
68 80 7311
68 82 1485
68 90 220
68 91 8641
68 94 1836
68 113 3380
68 123 6047
68 134 4141
68 140 2203
68 142 9261
68 149 4419
68 153 233
68 154 1994
68 157 5429
68 158 1682
68 160 8288
68 165 8546
68 167 9779
68 168 1641
68 175 1149
68 180 5723
68 184 5633
68 187 3460
68 189 5104
68 192 8887
68 193 6396
68 194 973
68 197 3890
68 203 9172
68 210 6414
68 214 7143
68 217 2829
68 221 9698
68 223 4420
68 224 8049
68 225 7481
68 227 2016
68 228 4037
68 230 724
69 70 4160
69 71 4663
69 82 3239
69 84 2719
69 89 8619
69 93 4872
69 94 6193
69 97 2748
69 101 1361
69 108 3923
69 114 695
69 115 676
69 118 6281
69 122 6488
69 127 4758
69 129 7503
69 131 3933
69 133 1595
69 134 2936
69 136 1846
69 138 198
69 149 2016
69 150 407
69 152 7923
69 153 7874
69 165 7358
69 170 7644
69 171 154
69 179 3193
69 186 6341
69 188 9272
69 196 9798
69 199 8621
69 204 8993
69 207 4879
69 210 1898
69 214 1891
69 219 4615
69 222 9546
69 223 2441
69 224 4719
69 228 3462
70 74 4234
70 75 6182
70 77 8687
70 81 4960
70 82 4795
70 95 5092
70 100 4186
70 110 7916
70 113 303
70 115 8247
70 122 2294
70 123 9258
70 125 8010
70 147 3121
70 151 6350
70 156 4722
70 158 9331
70 160 8116
70 163 3230
70 164 8108
70 165 2678
70 166 4680
70 167 470
70 173 3977
70 180 1936
70 182 5099
70 184 1010
70 185 2383
70 197 2543
70 203 3696
70 206 3346
70 211 8887
70 212 4766
70 226 791
70 233 6603
71 76 5630
71 77 1746
71 79 4486
71 81 3931
71 86 2551
71 91 3280
71 95 1767
71 96 3875
71 98 6998
71 100 9226
71 107 6670
71 110 37
71 112 3527
71 118 5917
71 122 9755
71 137 8457
71 139 6878
71 144 8370
71 147 551
71 151 6955
71 153 9871
71 156 9877
71 159 4437
71 160 780
71 163 6077
71 171 5447
71 175 1433
71 181 6354
71 191 4827
71 197 7662
71 199 6594
71 200 7514
71 207 7199
71 213 9986
71 215 4866
71 216 7322
71 220 4767
71 224 398
71 231 9890
71 233 7725
72 76 6905
72 77 8950
72 81 542
72 85 2781
72 86 1479
72 89 3281
72 97 7035
72 98 5761
72 107 2641
72 108 1318
72 110 9685
72 119 5808
72 125 7368
72 135 7417
72 137 767
72 151 2108
72 157 8656
72 160 6997
72 161 3873
72 162 9832
72 165 4451
72 167 135
72 168 3977
72 171 4822
72 178 6063
72 182 5240
72 194 5339
72 197 2688
72 198 3513
72 201 4275
72 204 4354
72 209 5677
72 213 6134
72 215 8152
72 216 71
72 226 5343
73 74 2928
73 91 92
73 96 2186
73 97 5448
73 99 487
73 100 5714
73 101 2380
73 107 7665
73 118 6679
73 119 1462
73 121 8561
73 123 2579
73 135 668
73 145 7825
73 146 6724
73 152 7822
73 153 8792
73 165 4627
73 170 2340
73 176 982
73 177 9956
73 179 5920
73 182 4237
73 185 9906
73 186 2584
73 188 2882
73 192 7490
73 194 9838
73 199 5304
73 204 9913
73 207 5673
73 213 9500
73 216 2952
73 217 7452
73 224 2336
73 227 612
73 230 6256
73 232 9400
74 78 4322
74 80 4491
74 87 5075
74 89 6347
74 90 8371
74 91 2572
74 94 738
74 95 2050
74 101 3201
74 102 4760
74 113 5178
74 118 8469
74 128 1603
74 129 7110
74 138 4538
74 140 3341
74 142 785
74 144 4081
74 160 1556
74 161 6977
74 162 7513
74 164 2307
74 165 7176
74 168 7963
74 174 9256
74 175 6193
74 180 3092
74 182 5670
74 193 5461
74 200 7569
74 206 6613
74 212 6838
74 214 4274
74 222 4431
74 223 3656
74 227 9979
74 228 2756
74 229 9957
74 230 5787
74 233 9382
75 91 5458
75 94 1754
75 97 5560
75 98 3888
75 101 2186
75 103 8788
75 113 9860
75 118 2626
75 148 9026
75 153 5712
75 159 5904
75 164 405
75 167 9900
75 168 2819
75 177 1699
75 178 5001
75 179 9230
75 187 1827
75 188 6030
75 194 3977
75 197 7403
75 200 4909
75 205 5102
75 207 2545
75 209 3522
75 211 9233
75 219 4100
75 225 1981
75 230 2160
75 231 228
76 78 1759
76 84 7356
76 85 8216
76 86 2688
76 95 4908
76 102 7957
76 113 6322
76 115 4249
76 124 2372
76 128 7488
76 129 3025
76 131 4073
76 132 7282
76 134 1004
76 135 9545
76 136 7202
76 137 3713
76 140 6631
76 142 3827
76 151 2300
76 162 3011
76 164 2928
76 166 6689
76 168 3723
76 175 3053
76 176 5726
76 187 9656
76 188 5246
76 196 6460
76 198 6702
76 199 5718
76 201 9023
76 206 4953
76 208 1692
76 214 3226
76 215 3393
76 218 5275
76 219 6569
76 220 2566
76 225 1215
76 229 9161
76 231 9922
77 79 8784
77 81 9375
77 82 9603
77 85 2588
77 89 5020
77 90 6907
77 92 4087
77 93 8239
77 97 5115
77 110 3858
77 112 193
77 117 3279
77 118 7156
77 119 4918
77 123 3499
77 128 4262
77 129 9888
77 133 3191
77 135 1814
77 139 5129
77 141 3280
77 149 9610
77 156 4258
77 157 3825
77 158 2804
77 162 7709
77 169 3785
77 170 6759
77 173 7843
77 174 1873
77 175 6357
77 178 3043
77 179 8639
77 182 7930
77 187 5591
77 188 3873
77 193 2533
77 196 8059
77 197 7147
77 198 9142
77 199 9815
77 200 8979
77 202 6446
77 206 890
77 209 3974
77 210 3842
77 211 1050
77 221 5481
77 223 6333
77 228 3801
77 233 7584
78 79 2812
78 80 3581
78 81 1440
78 83 1829
78 85 99
78 88 8116
78 91 660
78 93 7118
78 98 9840
78 100 6202
78 107 911
78 110 7415
78 116 8530
78 126 402
78 128 6687
78 130 4417
78 131 9737
78 143 7970
78 154 9437
78 163 4856
78 168 5440
78 169 2282
78 170 4941
78 189 4942
78 191 3468
78 196 8183
78 197 3548
78 201 2324
78 204 4892
78 205 6764
78 217 9159
78 220 3981
78 225 8919
78 227 7550
78 228 8191
78 230 1455
79 85 7482
79 88 3418
79 92 985
79 96 9676
79 99 8558
79 108 1210
79 110 3427
79 117 9156
79 118 8675
79 121 9336
79 130 6022
79 133 2620
79 135 7422
79 138 8935
79 139 6117
79 140 5442
79 141 6774
79 149 90
79 153 546
79 154 4765
79 155 9346
79 156 8313
79 157 1574
79 172 4057
79 174 201
79 175 7684
79 178 2962
79 179 1595
79 183 7627
79 188 8102
79 189 1351
79 190 5460
79 193 4261
79 200 1596
79 202 7131
79 203 6040
79 204 1297
79 206 1826
79 209 9313
79 211 4785
79 212 6836
79 213 8407
79 222 3985
79 226 4747
79 229 945
79 230 2852
80 81 2280
80 83 4411
80 86 6794
80 94 6038
80 98 3629
80 101 3824
80 112 7932
80 115 41
80 117 1848
80 120 9012
80 124 7121
80 125 2578
80 142 6717
80 144 402
80 148 7079
80 149 548
80 150 3788
80 152 8369
80 165 1378
80 170 1026
80 172 4710
80 173 7764
80 175 3181
80 184 5072
80 189 6571
80 190 1836
80 195 6113
80 202 3777
80 208 6071
80 216 1808
80 218 8775
80 222 4646
80 226 6986
80 233 7303
81 82 557
81 88 4468
81 91 8489
81 92 9622
81 100 9495
81 102 9755
81 106 2825
81 112 6747
81 116 1166
81 127 4918
81 133 2493
81 136 3788
81 140 5244
81 142 7301
81 143 7820
81 146 3540
81 150 9439
81 153 7578
81 154 2336
81 155 738
81 157 7780
81 158 6912
81 159 5978
81 162 7229
81 168 5676
81 170 3446
81 173 6408
81 175 3920
81 181 8632
81 183 972
81 189 15
81 202 6872
81 204 9104
81 209 8380
81 210 964
81 216 7370
81 220 9897
81 223 2869
81 230 856
82 91 8857
82 105 1268
82 117 1559
82 118 2652
82 140 4441
82 141 5795
82 143 8062
82 148 4278
82 149 6222
82 150 6172
82 152 428
82 163 2412
82 165 6279
82 167 1769
82 169 3799
82 173 9198
82 176 437
82 183 3726
82 191 1140
82 193 2500
82 198 6121
82 199 7379
82 201 1572
82 216 307
82 217 9770
82 219 7544
82 220 30
82 224 3796
83 89 4745
83 90 7546
83 91 5138
83 104 7421
83 106 5501
83 117 9098
83 129 1576
83 130 6069
83 138 37
83 145 3602
83 148 3235
83 149 1909
83 151 574
83 153 2409
83 154 972
83 155 5605
83 156 8891
83 157 4811
83 165 9533
83 167 636
83 171 1940
83 181 9102
83 186 2497
83 191 1022
83 195 7092
83 206 4566
83 210 9697
83 211 7824
83 212 4267
83 222 9461
83 225 268
83 227 9491
83 229 2332
83 230 661
84 89 7957
84 93 1178
84 94 9574
84 95 1320
84 96 3028
84 101 2925
84 108 5055
84 109 9379
84 110 4600
84 111 1473
84 112 3317
84 120 5944
84 128 22
84 132 272
84 138 7542
84 141 3956
84 145 5982
84 151 6023
84 153 6875
84 160 7699
84 163 1341
84 166 3395
84 173 5087
84 175 5986
84 177 2610
84 178 3881
84 183 3936
84 185 7543
84 186 1691
84 191 6671
84 194 1583
84 197 3856
84 201 2706
84 203 3487
84 206 9672
84 207 3716
84 223 1631
84 224 1184
84 229 4761
84 231 8817
84 232 2131
85 96 5796
85 100 9040
85 107 1835
85 111 4753
85 114 5480
85 115 5636
85 117 442
85 119 6676
85 124 3146
85 133 372
85 136 9633
85 139 720
85 143 7287
85 151 6
85 152 1938
85 160 9103
85 161 5902
85 164 2978
85 168 1240
85 169 3295
85 170 3693
85 175 5911
85 176 2426
85 178 2095
85 179 3079
85 181 6445
85 184 7526
85 185 562
85 189 3366
85 191 5328
85 192 6342
85 194 9665
85 200 8816
85 204 4595
85 214 4021
85 215 2544
85 217 333
85 229 4888
85 230 2845
86 87 6823
86 91 5551
86 92 8521
86 93 444
86 96 8603
86 101 4378
86 109 431
86 114 7989
86 118 9515
86 120 1731
86 127 2169
86 130 4906
86 132 4546
86 134 6980
86 136 7582
86 141 8712
86 155 1377
86 162 7603
86 170 1453
86 179 9
86 184 167
86 190 4985
86 193 4677
86 208 4051
86 211 5844
86 213 4577
86 215 5433
86 219 3978
86 223 8647
86 224 9647
86 226 174
87 90 6881
87 95 6611
87 98 3334
87 100 652
87 104 5251
87 105 9339
87 107 3326
87 111 3133
87 114 3165
87 115 9382
87 118 230
87 121 8425
87 125 2854
87 128 2774
87 131 1353
87 137 6322
87 140 1077
87 141 2428
87 144 3418
87 147 1054
87 154 6165
87 155 4210
87 164 3659
87 165 7975
87 174 1518
87 183 6972
87 187 9312
87 189 6598
87 190 6826
87 192 3491
87 198 2804
87 199 3072
87 201 9813
87 202 4531
87 203 7808
87 211 477
87 221 3357
87 223 6041
87 226 3345
88 89 443
88 90 8413
88 91 399
88 96 6703
88 104 4289
88 105 6355
88 107 7345
88 114 4847
88 118 1399
88 122 9654
88 124 1017
88 126 7106
88 137 2314
88 138 3658
88 145 4816
88 146 6167
88 148 3434
88 149 2769
88 152 8952
88 153 3831
88 156 2335
88 159 4876
88 160 6649
88 170 1567
88 179 9848
88 180 8651
88 186 3577
88 187 6660
88 190 9678
88 191 1632
88 194 3963
88 198 8822
88 202 241
88 203 2327
88 205 9670
88 209 2782
88 213 6109
88 219 919
89 104 2905
89 110 7463
89 116 2559
89 117 5539
89 119 8288
89 122 3803
89 125 8902
89 126 9420
89 130 6659
89 131 4705
89 133 5929
89 142 6522
89 146 4521
89 150 7040
89 152 9964
89 153 1585
89 161 4640
89 165 6094
89 168 1328
89 173 9447
89 174 8565
89 175 1638
89 179 5957
89 180 9737
89 198 8320
89 203 847
89 206 5016
89 207 9297
89 211 8577
89 216 7142
89 217 1720
89 218 1640
89 223 1515
89 226 4892
90 91 3455
90 93 7289
90 104 3435
90 111 2107
90 114 2049
90 115 44
90 118 4300
90 119 7287
90 143 6919
90 147 7237
90 148 8480
90 156 773
90 161 7346
90 162 8257
90 168 2284
90 169 5559
90 178 1273
90 185 5046
90 187 1747
90 189 2565
90 190 2674
90 194 5656
90 196 781
90 198 4244
90 201 6649
90 206 2618
90 209 3900
90 210 9911
90 219 73
90 220 2520
90 223 7186
90 227 378
90 231 8094
90 233 1387
91 94 2520
91 95 6433
91 96 440
91 99 4130
91 103 6941
91 107 5813
91 116 2834
91 118 1732
91 121 5382
91 125 5196
91 134 7429
91 146 9970
91 151 8344
91 153 9243
91 155 6958
91 161 408
91 163 8601
91 166 7155
91 167 9071
91 171 848
91 172 3026
91 176 5129
91 199 5345
91 204 9819
91 207 5375
91 208 2980
91 211 4586
91 225 4993
91 228 6886
91 233 7590
92 93 599
92 94 695
92 95 3092
92 105 5214
92 114 8500
92 120 4958
92 121 7230
92 122 3644
92 123 4618
92 127 206
92 136 9730
92 138 4373
92 139 8159
92 140 3909
92 145 8841
92 147 3986
92 155 5864
92 156 3405
92 158 4166
92 162 1699
92 167 8717
92 173 1818
92 176 8823
92 178 941
92 179 1099
92 182 4317
92 185 2495
92 189 686
92 191 8144
92 193 3474
92 206 3184
92 207 9074
92 209 5582
92 219 5392
92 224 1288
92 225 1978
92 227 7950
92 230 6221
92 231 6177
92 232 3479
93 94 4444
93 97 4427
93 117 4014
93 123 3805
93 131 9048
93 132 4016
93 137 47
93 143 9465
93 144 6147
93 159 9592
93 161 4250
93 162 4073
93 163 5745
93 165 7987
93 183 802
93 184 4262
93 186 3336
93 189 5977
93 191 5546
93 192 5548
93 200 9376
93 201 7860
93 202 9180
93 203 9092
93 206 9659
93 208 9147
93 213 6419
93 214 5603
93 215 3640
93 225 1967
93 229 6331
94 97 8187
94 98 6845
94 99 8008
94 103 7181
94 112 4848
94 114 4206
94 115 4134
94 116 5669
94 122 9672
94 123 848
94 125 9446
94 127 7673
94 128 6657
94 137 4810
94 143 725
94 154 4268
94 158 2979
94 164 4020
94 170 346
94 171 4782
94 173 2381
94 178 1174
94 179 3523
94 202 1976
94 204 1619
94 207 7907
94 209 6162
94 220 3068
94 221 2419
94 226 8920
94 231 2560
94 233 32
95 109 9110
95 111 2568
95 115 4107
95 116 4377
95 117 1606
95 118 9260
95 120 1049
95 123 5321
95 126 3475
95 127 8457
95 129 9744
95 134 8120
95 137 88
95 144 8393
95 146 2294
95 158 4349
95 159 2285
95 162 9494
95 165 8386
95 173 4583
95 174 7877
95 177 834
95 186 4952
95 188 3299
95 190 1731
95 195 4155
95 197 1263
95 200 9565
95 202 3211
95 211 5569
95 215 9930
95 217 6307
95 223 9571
95 224 8950
95 226 13
95 233 4892
96 98 3259
96 103 8755
96 104 8695
96 111 1671
96 112 7793
96 120 8243
96 121 3329
96 124 4281
96 128 4971
96 129 4215
96 133 4003
96 139 5637
96 146 1282
96 154 497
96 160 5240
96 163 4340
96 164 3175
96 165 8741
96 167 2906
96 173 9417
96 176 3541
96 182 9797
96 186 2394
96 191 7699
96 192 407
96 196 7686
96 197 4345
96 201 7890
96 202 93
96 203 7499
96 206 8405
96 208 3295
96 209 4600
96 210 9086
96 211 3262
96 216 9791
96 217 6317
96 218 1369
96 221 5420
96 223 8670
96 231 1766
96 232 9273
97 98 1680
97 105 5619
97 108 508
97 109 236
97 112 1619
97 120 630
97 124 3686
97 131 1596
97 135 6011
97 136 7832
97 138 9633
97 139 9059
97 143 169
97 144 8556
97 147 3695
97 149 4352
97 153 4071
97 154 478
97 155 773
97 160 346
97 161 1549
97 172 6587
97 179 3940
97 180 3891
97 182 1049
97 183 2307
97 185 6004
97 186 6722
97 188 2687
97 189 6158
97 198 8355
97 199 1057
97 201 9538
97 204 7678
97 214 4476
97 215 7488
97 217 9459
97 219 9947
97 220 7956
97 223 8567
97 224 849
97 233 5655
98 101 1684
98 102 9452
98 105 6676
98 106 1460
98 108 9635
98 110 1564
98 112 9268
98 114 5939
98 116 9732
98 119 2058
98 121 7236
98 126 1556
98 130 3788
98 131 4565
98 132 1501
98 134 8968
98 136 7055
98 143 7554
98 146 1984
98 152 5870
98 154 5816
98 157 8801
98 158 7066
98 164 9851
98 176 5162
98 179 1780
98 180 315
98 181 1907
98 188 4984
98 192 942
98 194 2249
98 195 4027
98 201 64
98 208 2238
98 209 4736
98 214 347
98 215 3855
98 217 224
98 218 8743
98 224 6065
98 226 9105
98 228 3338
98 230 8287
99 100 5588
99 103 6795
99 106 9497
99 112 8194
99 131 8748
99 132 7573
99 134 4869
99 140 1298
99 147 2342
99 150 7145
99 153 9159
99 161 5895
99 163 1552
99 165 8189
99 166 394
99 170 2157
99 184 740
99 186 5112
99 193 6363
99 197 8561
99 203 8951
99 210 8725
99 213 2236
99 216 7
99 221 202
99 224 3813
99 226 9532
99 230 2443
100 103 5251
100 106 2972
100 107 3615
100 109 1056
100 117 5091
100 118 5352
100 119 5766
100 122 3442
100 125 4115
100 128 5318
100 130 1865
100 132 9931
100 136 573
100 137 2671
100 141 4140
100 146 6175
100 148 30
100 156 2792
100 157 3747
100 172 6528
100 178 8449
100 180 2984
100 182 621
100 188 8718
100 201 2410
100 211 4178
100 223 1911
100 225 5754
100 227 434
100 230 6563
100 231 7628
101 103 3585
101 114 325
101 117 1936
101 119 558
101 122 3348
101 126 6837
101 131 5753
101 134 5280
101 136 9244
101 138 9772
101 141 165
101 143 8725
101 146 4474
101 156 760
101 161 7777
101 163 2922
101 171 4620
101 175 8136
101 184 4873
101 185 9499
101 186 1615
101 188 4147
101 191 2837
101 198 4653
101 199 6379
101 200 5251
101 201 9021
101 205 8057
101 209 7202
101 213 4611
101 216 4628
101 219 8115
101 220 1949
101 231 3890
102 112 2096
102 113 443
102 116 5846
102 117 9980
102 119 2551
102 121 1327
102 123 2005
102 126 6275
102 132 7612
102 133 5926
102 134 6286
102 137 7933
102 143 5987
102 145 5666
102 147 5038
102 149 4507
102 158 3146
102 160 6070
102 162 3640
102 166 4008
102 170 9349
102 172 710
102 176 9885
102 177 688
102 179 1031
102 183 3993
102 185 587
102 190 7017
102 193 7101
102 195 2192
102 197 8513
102 200 3823
102 201 1301
102 202 457
102 227 4040
103 107 6811
103 111 1266
103 113 1141
103 116 5256
103 120 6488
103 128 1345
103 132 4751
103 137 8327
103 141 2982
103 143 5307
103 144 5867
103 147 4893
103 149 2084
103 152 5575
103 155 7448
103 176 4493
103 178 3695
103 194 6315
103 199 1871
103 200 8513
103 206 373
103 210 7028
103 213 5790
103 215 4554
103 217 2782
103 220 5075
103 226 3343
103 230 871
103 231 6995
104 110 2716
104 117 5008
104 119 385
104 124 5630
104 127 8207
104 136 9893
104 137 8323
104 141 2331
104 145 1493
104 146 9319
104 150 7605
104 153 660
104 155 7942
104 161 5924
104 165 865
104 171 4859
104 177 4259
104 182 8634
104 183 5267
104 184 6608
104 185 9599
104 203 1299
104 204 6042
104 208 2959
104 212 8570
104 214 3823
104 215 1076
104 216 1431
104 218 4244
104 231 3549
105 106 71
105 108 9564
105 109 6474
105 110 4131
105 111 8021
105 115 2947
105 116 9938
105 120 5652
105 124 1256
105 129 1102
105 131 2176
105 139 4483
105 145 4135
105 148 8069
105 151 1207
105 152 6376
105 168 5127
105 172 1073
105 177 8398
105 178 8442
105 179 1601
105 180 4095
105 188 2204
105 189 5123
105 197 4447
105 198 8898
105 200 7422
105 201 5195
105 206 8843
105 211 8389
105 215 3086
105 216 3796
105 218 8477
105 227 2680
105 229 5355
106 109 6206
106 111 2101
106 113 6404
106 123 9158
106 124 2726
106 125 9688
106 126 4151
106 128 7784
106 133 4687
106 137 3478
106 138 4185
106 142 8035
106 152 2666
106 154 3792
106 156 8008
106 159 7975
106 161 5803
106 163 6530
106 164 8056
106 169 5266
106 183 9599
106 184 2472
106 186 4934
106 188 9654
106 197 4563
106 199 5121
106 201 465
106 208 1373
106 210 137
106 211 6182
106 214 8556
106 217 3510
106 220 2123
106 223 1295
106 224 5092
106 226 7219
106 230 7034
106 233 6743
107 109 1412
107 117 9179
107 120 8442
107 125 188
107 128 8202
107 129 6229
107 142 6283
107 143 1074
107 146 5991
107 154 2939
107 155 2127
107 157 4775
107 162 7068
107 170 839
107 175 4673
107 179 1446
107 180 5382
107 182 3629
107 184 7772
107 185 4147
107 193 9660
107 194 611
107 195 1856
107 197 2122
107 200 1305
107 201 120
107 202 8426
107 203 8263
107 206 7997
107 207 7371
107 209 8485
107 216 5475
107 233 908
108 109 9292
108 114 3811
108 115 1482
108 123 9967
108 130 5647
108 132 5525
108 133 9426
108 135 6733
108 137 4203
108 144 6620
108 145 6821
108 147 3347
108 155 5803
108 156 7244
108 158 1828
108 180 3328
108 184 2280
108 189 2845
108 192 6731
108 194 9164
108 195 9413
108 203 9805
108 208 9310
108 210 6077
108 211 1848
108 222 7341
109 112 6042
109 119 6893
109 124 4444
109 127 7454
109 128 6322
109 130 1624
109 134 982
109 135 1388
109 136 9096
109 138 7627
109 139 3292
109 149 323
109 152 9555
109 158 3417
109 168 297
109 169 3911
109 172 9208
109 175 9562
109 178 2027
109 179 6415
109 182 6872
109 186 681
109 197 2450
109 198 989
109 199 3464
109 201 5813
109 202 2008
109 203 4330
109 205 6109
109 212 1974
109 218 8806
109 220 8449
109 221 7526
109 225 1184
109 231 6208
110 112 2739
110 114 327
110 116 5922
110 122 7478
110 126 9974
110 129 5581
110 146 176
110 152 7346
110 157 8013
110 158 2771
110 160 2180
110 163 9203
110 166 2624
110 170 8955
110 171 9394
110 176 6432
110 180 6076
110 181 9438
110 182 7340
110 183 4919
110 185 4885
110 187 8709
110 194 8954
110 201 4365
110 204 5839
110 206 2427
110 207 4524
110 208 8361
110 209 6324
110 212 9836
110 213 1487
110 216 852
110 221 4280
110 229 3129
110 231 1161
111 115 1912
111 122 2930
111 125 6148
111 127 8002
111 135 1556
111 136 2297
111 138 5350
111 140 1029
111 147 8117
111 158 9352
111 160 7097
111 161 8526
111 162 1922
111 164 5700
111 165 8988
111 172 6417
111 177 9859
111 179 7416
111 183 7801
111 187 4062
111 188 9786
111 191 7178
111 195 2271
111 196 8869
111 197 9037
111 198 5822
111 199 3802
111 204 5265
111 208 8554
111 212 325
111 213 8620
111 215 450
111 217 185
111 225 3046
111 228 16
111 230 7779
111 231 2047
111 232 7674
112 114 8019
112 130 500
112 136 7916
112 141 6931
112 143 6160
112 145 2269
112 147 9537
112 154 8693
112 155 1666
112 158 8431
112 166 678
112 169 1995
112 172 9739
112 178 8800
112 181 1629
112 186 7128
112 187 4336
112 190 1207
112 191 7092
112 195 3707
112 197 3082
112 203 7039
112 207 8267
112 211 1225
112 213 2396
112 217 8713
112 218 8989
112 221 1291
112 222 597
112 227 4985
112 228 9349
112 230 4954
112 232 8526
113 117 2051
113 119 1111
113 123 3198
113 124 2464
113 128 5889
113 129 1370
113 136 8709
113 140 1768
113 145 5603
113 146 9281
113 147 8122
113 148 9569
113 150 356
113 166 5304
113 170 9986
113 173 8540
113 176 1900
113 179 3295
113 184 6247
113 187 448
113 188 9193
113 190 2040
113 191 5148
113 197 3487
113 204 2795
113 211 6566
113 217 6865
113 225 4985
113 228 2951
113 230 2949
114 121 8626
114 129 5106
114 130 5050
114 131 4554
114 133 9711
114 155 9846
114 162 1970
114 171 3441
114 184 6147
114 200 9393
114 202 9877
114 204 1413
114 205 2049
114 206 3409
114 208 5991
114 209 1562
114 215 1469
114 216 5559
114 220 2077
114 223 1103
114 228 904
115 118 2526
115 121 6524
115 129 4077
115 133 9693
115 141 1858
115 142 4741
115 144 6990
115 145 5865
115 147 3569
115 148 3246
115 153 543
115 157 5919
115 162 6242
115 167 1477
115 168 6192
115 172 329
115 179 4607
115 181 4198
115 184 5890
115 194 1503
115 197 1920
115 199 5229
115 200 9061
115 202 2108
115 203 4087
115 205 7666
115 206 2272
115 207 7757
115 225 8240
115 227 8357
115 228 959
115 231 5605
115 232 5763
116 117 5952
116 125 960
116 126 7522
116 137 8836
116 141 5427
116 147 6758
116 151 369
116 153 1822
116 155 1338
116 161 5496
116 162 572
116 163 9150
116 165 9849
116 169 1017
116 171 5711
116 175 7794
116 177 6742
116 179 1545
116 180 726
116 181 1326
116 188 6961
116 189 2821
116 199 8403
116 200 2462
116 204 7330
116 212 7292
116 213 6133
116 214 7563
116 217 9651
116 220 259
116 221 1215
116 227 3027
116 228 3218
116 232 3587
117 122 9124
117 141 311
117 142 8397
117 148 1254
117 157 1435
117 158 4804
117 160 9044
117 162 3907
117 165 1743
117 166 5644
117 168 4536
117 169 7100
117 170 7149
117 176 3742
117 177 9557
117 182 4083
117 184 4288
117 189 3125
117 190 6807
117 191 3550
117 195 6793
117 207 6376
117 210 3666
117 216 892
117 223 4839
118 119 8576
118 122 7476
118 123 5628
118 127 3687
118 141 3441
118 148 2456
118 149 8202
118 150 6938
118 155 5015
118 158 3880
118 159 1965
118 162 2130
118 164 4728
118 165 7168
118 167 404
118 174 9074
118 178 1165
118 182 8912
118 183 9179
118 186 1625
118 187 1494
118 190 7302
118 192 2748
118 198 1324
118 200 6825
118 202 3357
118 206 9194
118 210 6190
118 214 1672
118 218 6545
118 230 964
118 232 9027
119 126 6489
119 135 1829
119 137 2627
119 146 9083
119 150 5918
119 155 1983
119 157 7803
119 159 4102
119 165 2202
119 171 5658
119 179 7005
119 186 2178
119 192 3015
119 195 3853
119 196 7033
119 208 9008
119 210 7646
119 212 6755
119 213 7994
119 214 4100
119 216 1036
119 217 4557
119 220 3106
119 223 8354
119 230 6926
120 121 7490
120 122 2070
120 127 1251
120 131 7771
120 133 110
120 135 8509
120 136 5871
120 137 5682
120 141 3117
120 151 3323
120 152 8855
120 155 8866
120 158 6024
120 164 3752
120 172 9285
120 173 6036
120 175 5975
120 186 2512
120 190 8112
120 191 8374
120 192 1401
120 196 1755
120 203 8765
120 207 2925
120 210 9645
120 224 817
120 229 3681
120 232 849
121 122 3857
121 123 8092
121 124 9303
121 126 5033
121 131 3987
121 135 254
121 136 5843
121 138 5028
121 140 7484
121 141 8700
121 144 9768
121 147 3110
121 165 3521
121 167 2329
121 170 2480
121 174 3412
121 176 4384
121 179 6657
121 181 1019
121 184 3430
121 193 6716
121 195 430
121 197 1876
121 198 6750
121 205 4325
121 208 9246
121 215 1141
121 228 240
121 232 8832
121 233 841
122 125 3239
122 128 5850
122 133 6572
122 136 7740
122 142 4068
122 144 6631
122 145 3066
122 151 8464
122 160 6606
122 163 6481
122 167 2718
122 175 844
122 179 2791
122 180 9895
122 185 15
122 190 2167
122 191 560
122 201 2919
122 204 6402
122 215 4726
122 216 8552
122 219 7822
122 222 3749
122 228 941
122 229 1839
122 231 8687
122 232 9951
122 233 5807
123 130 9394
123 134 7443
123 137 9311
123 140 7714
123 144 3305
123 148 4155
123 151 206
123 152 1309
123 154 784
123 157 8075
123 159 2140
123 161 4338
123 169 4794
123 175 9304
123 180 3867
123 184 8791
123 194 1440
123 206 3852
123 212 8272
123 217 2306
123 219 856
123 223 1593
123 225 7736
123 233 8915
124 128 2083
124 131 4868
124 139 4863
124 140 5891
124 142 6852
124 148 4909
124 152 5173
124 159 8872
124 163 2310
124 167 5137
124 168 7007
124 169 3281
124 170 9381
124 175 3390
124 177 416
124 181 6937
124 188 7561
124 189 6390
124 192 7412
124 193 5346
124 194 918
124 196 4395
124 197 8193
124 198 7523
124 200 4761
124 202 3922
124 205 3494
124 209 951
124 210 3381
124 217 4385
124 222 8438
124 223 2590
124 224 6598
124 229 7936
124 233 9754
125 127 2077
125 128 6596
125 130 1997
125 132 3696
125 137 1768
125 139 833
125 144 6947
125 145 2993
125 148 2119
125 149 8969
125 154 4113
125 157 1128
125 163 6735
125 166 5886
125 169 9194
125 172 3165
125 173 4725
125 183 1007
125 184 7142
125 194 2202
125 195 4297
125 196 9444
125 201 1201
125 206 5349
125 209 4452
125 211 4711
125 213 3404
126 127 9066
126 128 983
126 133 5975
126 141 2773
126 148 2133
126 151 6006
126 156 8248
126 158 4416
126 162 5907
126 164 6710
126 170 3229
126 175 8720
126 176 9849
126 177 913
126 181 3644
126 189 635
126 192 7648
126 207 4919
126 216 7178
126 218 8912
126 226 9888
126 231 6120
127 129 6003
127 136 3757
127 138 6805
127 140 3151
127 144 2157
127 145 7754
127 147 6197
127 151 7363
127 152 808
127 155 2296
127 157 7168
127 159 4889
127 162 1484
127 163 2368
127 167 8795
127 185 7469
127 186 5638
127 188 804
127 189 9294
127 193 2499
127 205 1938
127 209 7926
127 217 2822
127 218 2465
127 221 9644
127 229 6240
128 133 2146
128 137 961
128 138 9143
128 140 7759
128 141 5566
128 142 4512
128 143 3989
128 146 2052
128 151 81
128 152 1696
128 154 465
128 160 9309
128 165 1771
128 166 2666
128 171 4433
128 172 9751
128 173 4775
128 174 5937
128 178 841
128 180 503
128 186 7064
128 189 7490
128 195 908
128 202 3577
128 207 8956
128 208 3777
128 209 9826
128 215 8961
128 216 242
128 221 391
128 224 8547
128 226 26
129 130 4129
129 131 2579
129 134 1649
129 142 545
129 165 6698
129 169 2487
129 173 5553
129 174 2543
129 178 4944
129 185 6583
129 193 8243
129 196 3509
129 199 2084
129 202 3117
129 204 7281
129 206 8041
129 209 3166
129 215 2544
129 219 3702
129 220 7454
129 233 6414
130 131 5596
130 136 5296
130 140 9345
130 142 1027
130 144 4199
130 146 5811
130 149 957
130 150 1247
130 157 1633
130 163 1719
130 164 6453
130 166 2045
130 169 9564
130 171 9959
130 172 9734
130 178 4049
130 182 5521
130 186 227
130 188 8740
130 190 4253
130 191 8107
130 194 8533
130 199 3178
130 204 3204
130 206 7038
130 215 4516
130 216 394
130 220 157
130 222 6272
130 230 4684
131 132 4891
131 140 51
131 147 6152
131 148 5647
131 150 7517
131 152 7829
131 155 7972
131 157 3151
131 161 9932
131 163 3276
131 164 9312
131 168 1707
131 174 5854
131 175 609
131 176 7131
131 178 45
131 186 8835
131 187 7366
131 188 844
131 189 6820
131 196 162
131 204 5355
131 205 821
131 208 6861
131 209 1574
131 214 6804
131 220 3588
131 221 3585
131 224 4626
131 226 1486
131 233 2911
132 136 7261
132 141 8235
132 143 8762
132 146 5130
132 148 8494
132 150 2347
132 152 423
132 153 6952
132 156 6561
132 161 8930
132 162 9301
132 166 2479
132 168 8685
132 170 1874
132 172 4721
132 174 1030
132 197 7765
132 199 2961
132 207 3328
132 212 4008
132 228 3597
133 136 4243
133 138 695
133 141 6655
133 145 4720
133 151 689
133 159 3835
133 163 4435
133 164 6565
133 169 2211
133 172 6194
133 173 1047
133 174 917
133 186 2140
133 190 8464
133 191 3271
133 194 3311
133 196 2849
133 199 2707
133 205 592
133 208 9962
133 210 6242
133 225 7020
133 232 4867
134 139 5899
134 144 7402
134 147 662
134 148 2248
134 149 2607
134 150 8414
134 151 9912
134 152 5100
134 155 6506
134 156 7571
134 161 7120
134 171 6793
134 173 6442
134 175 6346
134 176 2373
134 178 1822
134 179 8018
134 181 7101
134 186 4847
134 189 169
134 198 8448
134 204 7919
134 205 4236
134 207 2791
134 214 9618
134 219 2177
134 224 7366
134 226 7868
134 230 8525
135 137 2374
135 138 3006
135 141 9808
135 143 83
135 151 1322
135 154 4782
135 162 6729
135 164 7599
135 179 8661
135 189 7490
135 191 952
135 192 8168
135 193 4436
135 194 1449
135 197 4537
135 199 507
135 204 6449
135 209 1089
135 210 6621
135 212 8331
135 219 9048
135 222 5313
135 229 5718
135 232 6257
136 139 7475
136 141 6662
136 145 7936
136 146 4752
136 150 1433
136 152 4492
136 154 5118
136 168 6137
136 170 3870
136 174 7820
136 177 404
136 180 2273
136 184 4241
136 185 3542
136 187 1296
136 202 1837
136 206 3387
136 208 1294
136 209 2708
136 210 2878
136 216 756
136 221 7174
136 222 4364
136 229 1355
136 232 5376
136 233 5019
137 138 7688
137 140 6542
137 147 2744
137 155 3342
137 159 1419
137 160 2483
137 165 3911
137 168 3703
137 169 2657
137 179 3564
137 191 5349
137 193 6179
137 198 2010
137 205 4198
137 206 9766
137 211 8131
137 213 1308
137 215 8337
137 222 2498
137 223 1677
137 225 318
138 140 3686
138 143 8989
138 147 1497
138 153 1417
138 161 982
138 168 538
138 171 2430
138 173 3869
138 179 869
138 187 7982
138 198 9041
138 209 7737
138 213 4976
138 220 9084
138 223 614
138 225 8869
138 228 4117
138 229 4452
138 233 290
139 140 4736
139 143 273
139 145 9666
139 149 100
139 153 6444
139 155 5692
139 159 1203
139 163 3894
139 174 9976
139 179 2995
139 181 5989
139 189 6209
139 191 6029
139 192 2562
139 196 3316
139 199 8332
139 209 2183
139 211 1198
139 213 5465
139 216 675
139 220 3412
139 221 386
139 225 1978
139 227 8993
139 229 9111
139 230 9535
140 141 8141
140 143 7403
140 145 8429
140 147 4963
140 148 9175
140 153 3509
140 154 605
140 160 4157
140 163 9732
140 166 4742
140 170 6337
140 171 6464
140 173 5600
140 178 5012
140 179 7200
140 180 7910
140 184 6779
140 186 6176
140 189 4668
140 191 2917
140 193 364
140 195 6472
140 209 9157
140 214 4883
140 216 7858
140 221 7453
140 227 3560
140 229 8845
140 230 5809
140 233 4778
141 148 5797
141 152 9208
141 156 3307
141 162 5398
141 166 7463
141 167 8079
141 168 5789
141 176 7753
141 182 5821
141 183 5304
141 185 1126
141 192 3176
141 194 7900
141 197 1245
141 199 2942
141 204 7124
141 214 2384
141 217 218
141 219 793
141 225 7242
141 227 2012
141 232 8281
141 233 4008
142 144 3121
142 150 2849
142 156 1928
142 157 1730
142 164 3813
142 165 4767
142 166 3876
142 170 5102
142 172 4440
142 173 7011
142 184 7672
142 186 6640
142 188 8876
142 190 9909
142 192 258
142 193 5484
142 198 590
142 199 7639
142 201 1457
142 206 8859
142 209 8377
142 211 7151
142 220 9838
142 221 1437
142 228 4572
143 145 1282
143 150 9216
143 152 7720
143 154 8830
143 155 8465
143 159 5151
143 160 1130
143 162 6657
143 170 1592
143 171 5040
143 176 8490
143 178 9195
143 188 7636
143 198 9241
143 202 992
143 203 641
143 204 3393
143 217 2108
143 219 6355
143 220 5189
143 229 3896
143 233 8515
144 146 244
144 153 9856
144 159 2968
144 167 6380
144 170 8069
144 171 9030
144 174 4084
144 175 3076
144 180 8262
144 186 5822
144 187 7163
144 197 7430
144 203 8496
144 208 9391
144 216 79
144 217 7349
144 219 1878
144 223 937
144 226 4947
144 227 7355
144 229 8303
144 230 4495
144 233 9108
145 148 3339
145 153 3315
145 154 4164
145 160 1211
145 167 5415
145 173 939
145 180 4914
145 181 6737
145 185 4297
145 188 9647
145 190 9963
145 193 9264
145 201 3373
145 204 1499
145 205 9970
145 211 2764
145 214 4287
145 227 6112
145 230 3425
146 147 7907
146 148 5224
146 153 2767
146 155 1956
146 160 1215
146 162 9176
146 163 3327
146 167 4342
146 168 6230
146 175 8569
146 178 5253
146 184 7497
146 185 8158
146 192 6007
146 194 6214
146 198 1143
146 199 8249
146 202 2003
146 205 3276
146 207 6615
146 216 4725
146 219 1890
146 223 3077
146 233 2945
147 152 8477
147 155 5514
147 163 310
147 165 5714
147 183 3552
147 184 1920
147 187 9290
147 193 9266
147 197 540
147 202 3540
147 210 2999
147 212 9107
147 216 6398
147 228 496
147 231 2222
148 151 9366
148 152 1713
148 153 7457
148 155 3357
148 158 371
148 166 9163
148 172 5520
148 176 3878
148 178 8089
148 179 5543
148 181 396
148 182 4972
148 183 6993
148 190 2962
148 191 1807
148 194 7002
148 203 6273
148 205 1615
148 207 8815
148 210 5388
148 224 7650
149 151 5787
149 155 6565
149 160 1815
149 163 6692
149 168 9597
149 173 9287
149 180 6751
149 181 9633
149 185 5761
149 190 805
149 193 6817
149 195 1962
149 196 3513
149 205 872
149 209 550
149 211 2136
149 215 2336
149 216 5010
149 217 7207
149 221 1246
149 233 3952
150 153 8334
150 155 8822
150 158 3020
150 162 4863
150 163 9925
150 164 9437
150 169 9899
150 173 1498
150 176 9773
150 179 2833
150 180 661
150 184 2057
150 186 8278
150 196 6140
150 198 9133
150 203 406
150 212 3961
150 213 3343
150 214 2857
150 221 6331
150 223 2747
151 153 8676
151 156 1291
151 161 6702
151 162 9844
151 169 7135
151 170 5555
151 172 8317
151 185 988
151 191 5124
151 193 2426
151 197 9442
151 199 8783
151 210 3864
151 212 3656
151 213 5239
151 219 7972
151 222 381
151 223 8952
152 174 4227
152 179 3482
152 180 3078
152 183 1998
152 186 7842
152 190 8375
152 192 4512
152 193 7638
152 194 6365
152 201 2127
152 204 2109
152 207 1066
152 208 4688
152 210 8910
152 212 9934
152 215 7923
152 216 2821
152 225 5919
152 226 2269
153 155 3266
153 158 5294
153 162 9148
153 172 1313
153 184 3990
153 186 2733
153 189 8519
153 193 8741
153 196 4175
153 198 5722
153 200 2028
153 202 4641
153 205 7746
153 211 2987
153 221 9746
153 222 1423
153 223 4193
153 224 4667
153 233 7838
154 157 1186
154 163 7411
154 164 7098
154 168 9897
154 175 4387
154 176 1218
154 178 8256
154 187 1298
154 193 9450
154 197 3124
154 204 7188
154 205 7803
154 208 3658
154 214 203
154 219 1217
154 222 8057
154 228 2204
154 229 9791
154 233 9072
155 159 6702
155 166 4821
155 169 7414
155 170 3481
155 176 4326
155 177 5601
155 180 3892
155 181 3957
155 183 4200
155 184 9273
155 190 5255
155 192 7091
155 197 8599
155 207 5288
155 209 9899
155 212 2759
155 216 2845
155 217 405
155 218 1576
155 221 8667
155 222 5321
155 226 7398
155 229 9735
156 157 8171
156 159 9347
156 162 5617
156 163 4329
156 169 5078
156 172 8682
156 173 476
156 180 1900
156 184 7227
156 186 1656
156 188 6861
156 189 4137
156 197 1583
156 198 8722
156 199 7440
156 201 3542
156 204 9526
156 212 5850
156 217 8484
156 218 2736
156 225 235
156 228 4996
156 233 1197
157 161 1429
157 163 9013
157 166 2955
157 167 8321
157 168 1478
157 169 5854
157 171 6305
157 177 1586
157 182 7023
157 185 2285
157 197 5278
157 199 7847
157 200 7103
157 201 607
157 209 3486
157 212 8495
157 218 5445
157 220 3779
157 222 7878
157 226 1503
157 227 1166
157 228 6562
157 231 2697
158 160 6905
158 166 1423
158 172 269
158 176 8935
158 179 9534
158 181 1841
158 184 7423
158 185 6641
158 198 1292
158 202 1135
158 205 6805
158 209 8435
158 211 1007
158 213 1006
158 214 6708
158 221 2182
158 227 5338
158 232 9439
159 160 1005
159 165 5317
159 175 9331
159 177 8455
159 181 38
159 182 4590
159 188 3682
159 190 3877
159 193 3245
159 195 9363
159 204 8969
159 210 5397
159 216 7246
159 217 4132
159 224 5554
159 225 3559
159 230 2392
159 231 9227
160 162 1447
160 163 7061
160 164 9665
160 166 8785
160 176 8668
160 181 1720
160 183 1316
160 186 3655
160 187 9556
160 189 9555
160 190 1506
160 191 9796
160 193 8393
160 194 6861
160 196 7463
160 199 1691
160 200 1989
160 205 66
160 210 1569
160 214 2053
160 219 7908
161 167 9050
161 170 8780
161 173 8305
161 176 6128
161 178 2488
161 182 2257
161 188 4884
161 194 5182
161 196 5897
161 204 2374
161 205 4789
161 206 6031
161 209 3894
161 210 1097
161 223 9920
161 224 6741
161 228 900
161 233 5498
162 163 608
162 164 8952
162 165 922
162 166 2029
162 170 4788
162 177 5121
162 178 9825
162 180 8371
162 182 3824
162 183 8282
162 185 1546
162 188 841
162 189 8167
162 190 6518
162 195 7309
162 196 7064
162 202 6965
162 205 4279
162 207 3944
162 211 5095
162 213 3489
162 216 8475
162 218 2486
162 225 212
162 231 5581
163 166 5897
163 168 8551
163 169 3310
163 181 889
163 182 9442
163 191 8149
163 196 7789
163 210 4713
163 215 8590
163 217 3527
163 221 5229
163 227 2357
163 230 138
163 231 6629
164 174 3082
164 178 2692
164 187 8233
164 192 8884
164 194 1588
164 195 1065
164 198 2028
164 199 5710
164 201 7315
164 211 2029
164 212 6320
164 213 6966
164 216 195
164 217 3851
164 222 6871
164 223 9250
164 224 650
164 227 3004
164 230 2812
164 231 5580
164 232 1932
165 169 441
165 173 8668
165 185 2261
165 191 385
165 204 4751
165 206 8805
165 209 3408
165 211 8395
165 213 9227
165 222 4027
165 226 8458
165 230 9436
165 231 7142
166 167 4281
166 169 6003
166 170 1916
166 172 9162
166 174 6981
166 185 6023
166 186 9558
166 187 4718
166 190 4671
166 193 1588
166 194 6757
166 195 9560
166 198 3182
166 200 533
166 202 4806
166 209 2215
166 227 6083
166 228 9953
166 232 8897
166 233 1203
167 172 2175
167 173 8972
167 174 2146
167 179 8473
167 180 8633
167 185 4263
167 186 185
167 192 7698
167 201 9016
167 203 4949
167 204 781
167 205 2907
167 206 1959
167 208 5687
167 210 6517
167 211 5310
167 212 5347
167 217 7694
167 222 1951
167 223 4188
167 227 1774
167 229 1922
167 231 1910
167 232 355
168 170 8174
168 179 6200
168 186 2594
168 188 4688
168 193 8976
168 195 7647
168 196 4472
168 206 5398
168 207 1664
168 209 3766
168 212 3477
168 215 7603
169 171 7020
169 173 4157
169 175 6342
169 183 6603
169 187 7471
169 191 6364
169 197 734
169 200 8413
169 201 7853
169 202 6239
169 210 7595
169 213 1960
169 222 2235
169 231 6572
170 171 726
170 176 5544
170 178 5758
170 180 7335
170 181 6377
170 186 1241
170 195 3658
170 199 4459
170 206 7931
170 210 3254
170 214 8367
170 215 8076
170 217 3239
171 172 7754
171 173 4015
171 177 2446
171 180 182
171 188 9643
171 192 7641
171 204 4968
171 206 9556
171 207 6594
171 210 2784
171 213 5439
171 214 6257
171 216 6853
171 223 2124
171 224 8045
171 226 8017
171 228 1296
172 176 3531
172 183 1173
172 192 2269
172 193 5359
172 200 3424
172 210 983
172 212 3301
172 215 5976
172 224 3058
172 225 2886
172 227 6626
172 230 8697
173 174 1953
173 175 3747
173 178 3755
173 188 5883
173 194 390
173 197 1568
173 200 6915
173 205 4630
173 209 4569
173 211 4102
173 219 3026
173 232 8135
174 179 9298
174 181 2364
174 185 3323
174 187 8340
174 188 1642
174 190 6790
174 194 1588
174 195 66
174 197 1074
174 199 7187
174 207 6157
174 210 3270
174 213 6383
174 218 9466
174 220 7937
175 177 1864
175 181 1297
175 182 3647
175 183 3777
175 186 98
175 187 4462
175 192 5738
175 193 2016
175 194 5064
175 195 6170
175 197 6752
175 203 8729
175 204 6415
175 210 7240
175 214 4425
175 226 7670
175 230 4157
175 231 6075
175 232 3996
176 183 5276
176 191 2836
176 201 1270
176 206 4314
176 210 4583
176 212 2083
176 213 9229
176 216 6078
176 217 3587
176 219 1645
176 221 7830
176 224 1059
177 182 8567
177 185 2504
177 187 4436
177 198 7829
177 202 339
177 205 7991
177 207 5910
177 212 7228
177 221 8860
177 224 5809
177 226 8280
177 228 6360
177 230 6385
178 180 6091
178 183 4075
178 185 371
178 190 5036
178 196 2656
178 198 2821
178 211 9510
178 226 3837
178 229 2599
178 231 5750
179 184 1819
179 189 7745
179 190 7102
179 191 4085
179 196 3474
179 197 2856
179 204 6144
179 206 4476
179 207 8377
179 215 3851
179 218 1403
179 219 7371
179 222 1545
179 226 4741
179 232 5825
180 183 5684
180 185 4303
180 186 3489
180 191 898
180 195 6383
180 197 8997
180 202 7577
180 203 6726
180 204 7081
180 211 7233
180 216 3379
180 219 3990
180 225 961
180 226 7485
180 228 9842
180 229 4823
180 230 7928
180 233 1327
181 182 9687
181 184 8836
181 186 540
181 187 2460
181 189 132
181 190 1772
181 194 7167
181 195 5077
181 202 7086
181 203 9784
181 207 6667
181 216 6096
181 221 1853
181 230 771
181 233 6491
182 198 3028
182 219 9227
182 221 8665
182 225 4170
182 229 9063
183 187 7958
183 188 5267
183 190 6239
183 191 9691
183 192 768
183 195 8756
183 207 3116
183 209 9436
183 214 6064
183 215 2103
183 230 2523
183 233 8061
184 187 9732
184 189 7240
184 191 7503
184 202 2102
184 203 2359
184 204 8398
184 210 7994
184 217 2106
184 219 7525
184 220 8060
184 221 1629
184 228 8177
184 232 8157
185 188 9000
185 199 2255
185 201 5431
185 204 1105
185 205 935
185 206 8059
185 212 6469
185 216 6031
185 223 1111
185 227 7685
185 232 9360
186 189 9862
186 190 5497
186 191 7776
186 192 4192
186 195 9958
186 197 8050
186 198 9641
186 205 3436
186 211 9864
186 223 5918
186 224 1803
186 230 2208
186 231 3878
187 188 2561
187 189 1713
187 193 2710
187 196 7168
187 197 7833
187 198 6418
187 205 1989
187 216 7658
187 231 3260
187 233 1803
188 191 398
188 192 7949
188 196 5225
188 201 9735
188 204 997
188 205 7916
188 206 832
188 212 4830
188 215 8949
188 218 533
188 219 7045
188 220 2032
188 231 4964
189 190 2681
189 192 7239
189 193 9617
189 198 2643
189 205 5205
189 206 7103
189 208 3978
189 213 4213
189 216 5555
189 221 5918
189 228 2912
189 229 7191
190 191 3439
190 198 1137
190 200 1909
190 204 3108
190 205 8956
190 210 8789
190 211 4235
190 219 3573
190 228 5184
190 230 5167
191 192 8754
191 197 5387
191 199 4240
191 203 7168
191 204 3131
191 209 9112
191 212 5295
191 213 35
191 214 3815
191 215 5559
191 217 3313
191 219 7372
191 225 4794
191 230 8619
191 232 5834
192 193 5166
192 199 9469
192 203 1570
192 204 6056
192 205 3300
192 207 9317
192 209 103
192 218 218
192 221 2733
192 223 1937
192 227 9471
193 195 1706
193 196 8550
193 197 6025
193 198 570
193 199 4172
193 200 5655
193 205 1385
193 212 3499
193 216 6724
193 220 3094
193 224 3255
193 227 7921
194 195 1190
194 197 4239
194 200 6632
194 204 4864
194 207 867
194 209 8860
194 210 4736
194 216 9939
194 227 3718
194 228 8159
194 230 5364
194 232 2967
195 201 176
195 203 703
195 210 6595
195 212 3571
195 223 1798
195 230 4383
195 232 7620
196 198 1977
196 203 6864
196 207 9150
196 211 8888
196 215 3462
196 218 2348
196 222 2742
196 223 7529
196 225 6483
196 227 5869
196 229 6368
196 233 3653
197 217 7439
197 218 4704
197 219 7932
197 220 5798
197 229 5407
197 230 6453
198 204 7108
198 211 209
198 212 4008
198 213 5227
198 218 360
198 227 7419
198 230 8986
199 200 8360
199 202 8592
199 204 9406
199 208 9445
199 217 2499
199 227 37
199 233 6677
200 211 937
200 217 7747
200 218 1039
200 223 885
200 226 4456
201 204 4008
201 207 7588
201 220 7450
201 231 8300
201 233 4975
202 203 5746
202 207 6539
202 210 4868
202 211 5621
202 213 1021
202 217 3695
202 222 5398
202 224 3199
202 226 9302
202 229 5736
203 204 901
203 212 8222
203 216 8902
203 217 5379
203 230 4507
203 233 6626
204 207 5257
204 214 9157
204 215 2669
204 218 9342
204 223 1100
204 230 7394
205 207 4843
205 212 1539
205 215 9586
205 221 1123
205 229 6409
205 230 1111
206 217 8638
206 225 1414
206 226 9570
207 212 9990
207 218 8499
207 230 5527
208 210 3885
208 212 4746
208 214 4325
208 218 9917
208 222 9081
208 228 7103
208 230 19
208 232 6760
209 214 3430
209 218 2525
209 220 6840
209 224 9026
209 229 5270
209 230 6755
210 212 1382
210 214 9494
210 220 6812
210 223 9882
211 214 624
211 219 5146
211 220 3218
211 221 4498
211 225 6088
211 226 6877
211 229 3617
211 230 2487
211 231 9723
211 232 5089
211 233 6078
212 215 1496
212 216 1020
212 217 3955
212 222 2863
212 227 1177
212 231 1128
213 217 3899
213 218 602
213 224 2067
213 226 4200
213 230 985
214 215 1830
214 220 4917
214 226 4458
214 231 2187
214 232 4569
215 220 7536
215 222 2687
215 224 746
215 231 1683
215 232 6064
215 233 421
216 221 3696
216 222 4149
216 224 3328
216 225 532
217 223 1713
217 230 2991
217 232 8400
218 219 7074
218 226 4209
218 228 2096
218 232 4104
219 222 7659
219 223 204
219 226 7029
219 231 9145
220 222 3768
220 229 1622
220 231 4300
221 226 6298
221 227 5172
221 233 8309
222 228 7649
222 230 3772
223 225 7552
223 227 2286
223 228 4070
223 230 8941
224 232 6689
224 233 6261
225 233 2962
226 230 2568
227 228 2892
228 230 7998
228 232 9589
229 230 1446
229 231 4547
230 233 9047
231 233 5689
232 233 6639
