153 2838 33573 60
0 3 2820
0 6 2959
0 11 698
0 14 7639
0 24 6191
0 25 67
0 27 4622
0 29 6208
0 32 609
0 33 7976
0 50 8572
0 52 5490
0 61 3834
0 69 9352
0 71 1338
0 74 2184
0 75 215
0 76 766
0 77 5803
0 88 7629
0 101 3887
0 103 9398
0 104 8951
0 105 6662
0 109 307
0 126 3810
0 127 8324
0 129 4086
0 133 5280
0 152 8677
1 6 8733
1 10 1016
1 11 7024
1 14 7219
1 15 7661
1 17 3124
1 22 4797
1 24 8261
1 27 6706
1 32 6790
1 35 1191
1 36 1207
1 37 6542
1 43 532
1 49 3530
1 59 4425
1 64 1190
1 81 3001
1 85 7377
1 87 1259
1 88 3997
1 93 746
1 95 8355
1 96 6184
1 100 8056
1 103 3047
1 106 9261
1 111 490
1 113 1482
1 126 3055
1 129 6313
1 138 2841
1 145 5928
1 148 7318
2 3 1599
2 4 7650
2 9 3750
2 21 8904
2 25 8163
2 44 1142
2 47 2262
2 56 9541
2 59 9439
2 61 4597
2 66 1133
2 70 5207
2 76 5597
2 78 8291
2 79 33
2 80 704
2 84 4683
2 88 151
2 90 7883
2 97 5160
2 98 9940
2 99 3896
2 100 881
2 103 8709
2 111 3467
2 117 6049
2 118 4398
2 122 6147
2 124 5245
2 125 1272
2 126 3160
2 134 1018
2 142 8590
2 151 7678
3 6 8078
3 11 8485
3 14 7360
3 16 3030
3 26 7597
3 30 1900
3 35 2100
3 36 8301
3 37 7751
3 45 7341
3 48 8001
3 49 7972
3 53 5263
3 59 152
3 64 8441
3 67 7671
3 68 2034
3 73 6428
3 83 163
3 84 7872
3 87 7410
3 90 2377
3 95 7968
3 98 7168
3 102 533
3 103 8064
3 108 7550
3 109 1317
3 118 6544
3 127 4182
3 128 8433
3 129 7503
3 130 5827
3 137 1180
3 143 5987
3 149 5371
4 7 1131
4 8 8231
4 13 8188
4 17 3802
4 45 6827
4 46 7902
4 50 3550
4 52 8205
4 55 1773
4 56 9725
4 62 4626
4 64 1247
4 67 9963
4 78 2787
4 79 890
4 81 8525
4 88 661
4 91 5411
4 94 6412
4 96 1461
4 101 5419
4 102 3586
4 103 1070
4 123 5754
4 129 1805
4 133 6621
4 136 865
4 139 642
4 140 49
4 143 112
4 144 6731
4 150 6550
5 6 4887
5 13 2581
5 16 9522
5 17 906
5 20 7812
5 27 8526
5 28 1009
5 29 2153
5 37 4248
5 41 337
5 47 4173
5 53 3110
5 54 8967
5 62 3848
5 64 1791
5 69 3457
5 71 780
5 74 3850
5 77 4822
5 83 8868
5 85 7220
5 90 5240
5 91 7159
5 94 731
5 99 8158
5 100 4464
5 105 8025
5 108 4433
5 111 3647
5 115 8187
5 118 1448
5 130 9304
5 131 4025
5 135 8679
5 137 8698
5 139 9157
5 147 2801
6 13 6243
6 15 2446
6 19 1615
6 24 1892
6 29 6745
6 30 5005
6 32 1630
6 33 2525
6 35 7652
6 39 5216
6 41 7627
6 42 9505
6 46 6887
6 47 3163
6 51 3514
6 55 2559
6 70 2628
6 73 9516
6 74 595
6 76 1645
6 80 6287
6 81 5853
6 90 7952
6 91 3005
6 94 7955
6 96 4019
6 101 7156
6 102 735
6 106 7538
6 107 1130
6 115 4824
6 123 6167
6 126 1201
6 127 4208
6 129 3883
6 133 2287
6 134 3391
6 136 7114
6 145 144
6 147 8417
7 8 3787
7 12 5911
7 13 5343
7 16 5082
7 23 468
7 40 2162
7 42 4610
7 46 3111
7 49 1368
7 51 9784
7 53 9221
7 60 8521
7 61 5506
7 63 734
7 67 2501
7 71 3229
7 72 677
7 74 8181
7 77 5152
7 82 4780
7 86 1012
7 90 7455
7 95 3967
7 97 281
7 98 4271
7 99 8874
7 106 804
7 107 5036
7 111 5556
7 116 6103
7 119 7193
7 120 5199
7 121 5106
7 123 7742
7 124 9315
7 125 1194
7 139 8618
7 143 7237
7 149 9478
7 151 4517
7 152 181
8 11 1458
8 12 7779
8 13 3026
8 16 2435
8 20 9766
8 22 1906
8 23 3180
8 31 4963
8 33 1678
8 34 2503
8 36 7732
8 48 721
8 50 9862
8 54 9147
8 60 3544
8 66 4314
8 68 5913
8 74 2356
8 76 7479
8 82 6635
8 86 6162
8 93 2158
8 98 8594
8 102 4645
8 103 7806
8 105 2130
8 110 1104
8 124 422
8 125 1801
8 127 866
8 131 2407
8 132 131
8 133 8929
8 134 3082
8 139 4613
8 142 1543
9 26 359
9 29 9376
9 32 5470
9 34 856
9 35 5695
9 44 8122
9 47 1
9 50 7963
9 56 2865
9 57 2733
9 67 759
9 68 3816
9 69 4717
9 78 136
9 84 489
9 85 2863
9 93 2279
9 96 9189
9 97 6880
9 100 6889
9 101 6739
9 107 3656
9 109 2296
9 113 3864
9 114 939
9 115 8319
9 120 6668
9 121 6200
9 123 7403
9 126 962
9 128 782
9 130 7092
9 136 4530
9 139 7793
9 140 7456
9 149 5863
10 11 2497
10 12 9392
10 21 5612
10 22 8297
10 28 3183
10 35 9004
10 37 8190
10 48 4296
10 53 7353
10 56 4625
10 64 8341
10 65 7432
10 68 7685
10 77 2990
10 85 8090
10 86 6152
10 88 1040
10 99 3996
10 113 4214
10 115 3667
10 119 2798
10 122 8055
10 127 9415
10 130 8626
10 132 1946
10 136 6552
10 141 582
11 13 512
11 16 234
11 18 3252
11 22 1637
11 23 5831
11 25 3449
11 28 1175
11 30 5422
11 33 2317
11 39 6108
11 47 7297
11 49 2384
11 51 1052
11 52 2768
11 59 6561
11 60 8540
11 65 4774
11 67 2833
11 73 155
11 79 2243
11 85 9488
11 100 9812
11 102 96
11 109 6971
11 112 594
11 115 8141
11 119 3710
11 120 9667
11 126 7022
11 127 4895
11 128 596
11 131 9356
11 134 6391
11 141 3611
11 143 2882
12 29 3901
12 33 3977
12 34 9807
12 39 6187
12 42 8669
12 48 2385
12 52 6669
12 56 2142
12 59 8884
12 61 5305
12 62 5627
12 63 9451
12 71 3880
12 72 595
12 79 3293
12 86 8723
12 97 9455
12 99 1703
12 101 103
12 103 6816
12 105 1657
12 107 4717
12 110 3249
12 113 1904
12 118 8293
12 124 4704
12 126 7285
12 127 4056
12 137 6455
12 139 5138
12 140 1468
12 142 9612
12 144 5794
12 151 3188
13 14 350
13 22 4538
13 24 9207
13 25 245
13 29 3878
13 35 3201
13 36 9367
13 37 5148
13 42 160
13 44 5383
13 49 2744
13 63 5460
13 68 3125
13 71 4718
13 79 7868
13 82 4253
13 87 3030
13 89 1783
13 93 6767
13 95 4706
13 97 5918
13 98 4745
13 101 622
13 110 7771
13 112 9234
13 114 9886
13 115 3153
13 116 7531
13 117 1007
13 120 3877
13 122 1939
13 127 330
13 130 9049
13 134 8571
13 135 2381
13 138 3694
13 143 5091
13 147 132
14 15 9114
14 17 4423
14 18 2103
14 19 7872
14 21 7366
14 24 7936
14 26 100
14 30 3976
14 31 9966
14 36 2309
14 38 9506
14 45 5609
14 51 8299
14 52 7056
14 59 5211
14 60 3575
14 61 5345
14 69 4624
14 70 2485
14 82 4092
14 87 7386
14 88 3028
14 95 8508
14 106 2497
14 107 7648
14 111 6111
14 112 7375
14 115 7715
14 119 5926
14 124 3273
14 125 347
14 126 964
14 128 1320
14 130 5017
14 132 1950
14 134 4480
14 136 2315
14 137 8633
14 146 6416
14 147 4932
14 152 2601
15 22 1275
15 26 4463
15 29 4286
15 34 6063
15 35 6585
15 39 8417
15 45 3398
15 52 4991
15 56 5146
15 59 5111
15 61 8433
15 62 1819
15 75 378
15 77 7501
15 79 1297
15 81 7737
15 82 7021
15 90 2638
15 94 8376
15 95 3702
15 96 1976
15 99 341
15 100 5500
15 105 4950
15 106 1733
15 110 4589
15 111 9429
15 119 6074
15 121 106
15 125 4861
15 130 5503
15 141 8955
15 142 9643
15 151 941
16 35 7041
16 42 4158
16 44 7116
16 52 1402
16 60 7575
16 64 1405
16 67 2490
16 69 4732
16 71 3040
16 75 3450
16 79 3223
16 85 4121
16 86 4942
16 91 2076
16 96 8266
16 106 8586
16 107 7030
16 114 3801
16 115 8406
16 116 4791
16 119 1173
16 137 5123
16 141 5388
16 142 3899
16 148 3767
17 27 6286
17 28 461
17 35 1423
17 37 7404
17 50 6780
17 51 7628
17 52 5367
17 53 3630
17 56 9230
17 57 4194
17 62 9163
17 66 4314
17 67 2680
17 69 5658
17 84 1524
17 88 5573
17 91 983
17 92 4863
17 95 871
17 96 5855
17 97 3445
17 98 3250
17 102 1019
17 103 4944
17 104 7169
17 110 3318
17 111 2016
17 112 3456
17 113 8159
17 114 6000
17 115 867
17 119 8688
17 122 1868
17 123 4774
17 126 2306
17 128 5718
17 132 7898
17 133 250
17 135 8727
17 141 5906
17 148 8038
17 152 1815
18 19 1587
18 21 7252
18 27 43
18 31 9063
18 35 6389
18 42 5354
18 43 8122
18 45 1983
18 50 3111
18 51 9469
18 56 7733
18 60 295
18 64 676
18 66 3463
18 67 474
18 68 7653
18 71 5421
18 73 6594
18 78 3557
18 81 6159
18 83 7983
18 85 2840
18 95 7838
18 102 5211
18 104 8744
18 105 9871
18 106 4071
18 110 2599
18 112 7758
18 113 2393
18 115 6071
18 116 1407
18 117 7795
18 123 6081
18 126 2190
18 130 7260
18 132 7106
18 133 3870
18 136 7043
18 137 5932
18 143 8380
18 144 327
18 147 484
19 20 9569
19 23 1772
19 35 7885
19 39 6854
19 40 2963
19 55 8462
19 59 9322
19 60 4631
19 61 5375
19 65 9485
19 72 191
19 77 389
19 79 8124
19 82 9093
19 84 115
19 85 8979
19 86 3596
19 91 2708
19 93 6060
19 101 9843
19 106 5475
19 109 9327
19 114 4422
19 127 555
19 128 1879
19 149 3864
19 150 6849
19 152 8321
20 26 3793
20 27 7814
20 34 6158
20 38 195
20 42 1427
20 45 6258
20 46 2112
20 52 2619
20 55 8600
20 56 7186
20 61 1088
20 66 2781
20 67 9057
20 69 629
20 71 2694
20 84 1224
20 86 4378
20 87 1023
20 88 1536
20 89 1661
20 90 9981
20 94 9552
20 95 5118
20 108 8131
20 111 1004
20 112 1035
20 113 9924
20 116 7970
20 122 3058
20 124 8371
20 130 2483
20 131 7961
20 133 3757
20 134 520
20 135 8916
20 138 2789
20 144 1447
20 150 3722
20 151 9707
20 152 4047
21 27 5184
21 34 2958
21 40 5815
21 41 5136
21 46 2960
21 50 6272
21 60 7650
21 61 9353
21 64 8213
21 76 2376
21 78 7017
21 80 2554
21 81 8001
21 85 4475
21 92 6529
21 93 2858
21 96 1187
21 100 5544
21 103 7902
21 105 9995
21 110 2924
21 111 314
21 112 8724
21 114 3824
21 116 6643
21 122 8967
21 124 2337
21 129 8713
21 131 2652
21 136 5266
21 143 9158
22 26 317
22 28 14
22 30 64
22 33 8579
22 35 6005
22 37 4426
22 38 4048
22 43 5273
22 48 1907
22 49 1143
22 52 2410
22 61 1685
22 81 7290
22 87 3087
22 100 5918
22 102 6572
22 106 4668
22 110 7335
22 113 2295
22 116 7
22 120 4293
22 121 6721
22 123 8457
22 124 524
22 125 5507
22 126 4306
22 139 4496
22 141 3663
22 150 8291
22 152 3704
23 33 2105
23 37 5726
23 38 1823
23 40 2731
23 43 7209
23 44 7732
23 45 5920
23 48 6021
23 53 6817
23 54 2035
23 65 5086
23 75 3505
23 78 4001
23 79 3074
23 82 6798
23 88 3061
23 89 6403
23 93 7624
23 105 9842
23 109 9270
23 110 6030
23 113 6600
23 128 8429
23 133 8648
23 134 7300
23 138 4597
23 139 4084
23 140 7425
23 141 278
23 144 5278
23 145 9188
23 147 8064
23 150 7154
24 25 5120
24 26 952
24 32 9916
24 38 8062
24 47 1984
24 48 1341
24 49 336
24 50 7266
24 51 6120
24 57 1268
24 74 1664
24 81 3811
24 82 4965
24 89 679
24 90 8996
24 96 8008
24 97 8998
24 104 3843
24 109 9771
24 112 9889
24 115 6715
24 122 2114
24 126 3207
24 127 3372
24 131 477
24 133 5121
24 142 7362
24 145 8999
24 149 4892
24 150 4046
25 34 7462
25 37 6741
25 41 4402
25 52 3219
25 58 7331
25 61 2310
25 66 303
25 68 3713
25 79 6757
25 81 2300
25 82 6321
25 83 8945
25 88 4260
25 94 650
25 96 5000
25 98 8425
25 101 9200
25 102 901
25 116 4317
25 119 5791
25 121 6631
25 123 7583
25 124 1978
25 131 4926
25 135 4894
25 138 945
25 141 5267
25 148 1829
25 150 9550
26 30 4691
26 37 9407
26 41 4279
26 43 579
26 48 5703
26 55 2430
26 58 2752
26 60 6024
26 64 1105
26 72 9343
26 74 4003
26 75 636
26 76 360
26 77 5835
26 81 5447
26 82 9167
26 83 8702
26 95 1009
26 102 6173
26 108 4546
26 109 8348
26 117 5736
26 118 2708
26 127 4889
26 133 1805
26 134 9418
26 138 9808
26 144 488
26 149 674
26 150 1629
27 29 2130
27 31 8319
27 32 7864
27 33 9225
27 44 7679
27 47 2324
27 54 525
27 55 1444
27 60 665
27 62 5174
27 69 356
27 71 4989
27 76 1426
27 80 8636
27 85 5417
27 87 3704
27 88 4352
27 89 7869
27 91 6331
27 92 417
27 104 922
27 106 4927
27 107 1578
27 119 5723
27 120 7010
27 122 908
27 123 1568
27 135 3979
27 137 1058
27 140 7828
27 143 1320
27 144 1051
27 146 2465
27 149 9593
27 150 5497
27 151 860
28 32 2487
28 41 1347
28 43 2095
28 49 5662
28 53 3890
28 54 6310
28 55 1169
28 69 8057
28 70 5182
28 84 2630
28 85 4514
28 88 2227
28 95 7084
28 100 4045
28 101 3225
28 108 6979
28 113 5892
28 116 9764
28 118 9860
28 120 5848
28 121 3659
28 128 584
28 129 3019
28 130 963
28 134 5307
28 149 2884
28 151 3395
29 31 19
29 32 7509
29 33 2757
29 34 4471
29 37 1123
29 43 9378
29 44 30
29 46 7454
29 58 8628
29 61 1795
29 67 8067
29 68 4283
29 70 8159
29 80 757
29 82 2390
29 87 3617
29 89 36
29 92 3501
29 93 8103
29 114 1488
29 118 5646
29 128 5842
29 132 651
29 143 42
29 147 6556
29 151 9718
30 32 7297
30 34 4589
30 37 5197
30 40 8471
30 45 1319
30 60 7042
30 62 1512
30 65 4835
30 69 8170
30 72 8337
30 75 3539
30 77 1093
30 82 2011
30 85 9625
30 86 6085
30 87 2316
30 91 5236
30 94 4036
30 96 9376
30 102 7709
30 103 1154
30 109 4302
30 118 2364
30 123 7578
30 127 3139
30 128 8903
30 135 7564
30 137 2702
30 143 1982
30 148 8498
30 149 8897
30 152 1498
31 32 5862
31 33 5639
31 34 9631
31 40 9657
31 41 4480
31 48 7145
31 49 7992
31 50 1491
31 56 1480
31 58 1895
31 60 5295
31 64 9107
31 66 5865
31 67 3122
31 68 2987
31 69 8314
31 70 8137
31 73 1335
31 76 5475
31 77 9634
31 79 2
31 83 8423
31 91 5803
31 94 2172
31 98 5090
31 99 3828
31 100 3676
31 103 3142
31 112 4580
31 120 2592
31 123 4279
31 126 4097
31 134 9155
31 137 3684
31 139 9086
31 142 131
31 144 1629
32 33 8073
32 39 2947
32 44 3985
32 47 6206
32 51 1149
32 52 8362
32 59 711
32 60 3849
32 63 8092
32 66 17
32 73 5938
32 75 7980
32 78 9803
32 79 7576
32 94 5654
32 96 9657
32 99 2965
32 100 2334
32 109 3312
32 113 3608
32 115 7505
32 118 269
32 122 4385
32 133 1894
32 135 3599
32 144 4553
32 145 3981
32 151 1382
33 38 6571
33 39 5303
33 43 9315
33 61 6082
33 76 7936
33 81 5985
33 82 8366
33 85 8771
33 87 811
33 92 7546
33 98 195
33 99 1761
33 100 5529
33 103 5044
33 104 4413
33 105 2237
33 109 3966
33 110 4051
33 113 1198
33 120 2355
33 121 7108
33 124 7551
33 129 7386
33 130 4095
33 133 6663
33 135 8001
33 136 5880
33 139 2572
33 143 7804
33 147 1231
33 148 7354
34 36 2539
34 37 2816
34 49 2662
34 53 4032
34 54 5246
34 57 4469
34 58 9968
34 60 7672
34 62 9781
34 68 5219
34 74 6807
34 76 6936
34 83 4778
34 86 4496
34 93 7358
34 96 988
34 103 6357
34 107 2081
34 113 3666
34 114 9146
34 117 4726
34 122 570
34 126 4708
34 130 3800
34 132 2814
34 140 1898
34 143 9787
34 151 4813
35 39 8603
35 42 6508
35 44 1022
35 45 2973
35 47 8827
35 51 430
35 58 6656
35 65 6205
35 70 2470
35 75 9219
35 77 1488
35 78 9685
35 79 3639
35 80 4488
35 84 5079
35 87 3963
35 88 1855
35 90 7023
35 92 2752
35 96 980
35 97 1420
35 103 2771
35 110 7932
35 117 9440
35 122 2153
35 124 29
35 131 8784
35 135 2771
35 141 111
35 147 9088
35 148 4600
36 40 626
36 42 3938
36 48 7606
36 50 4000
36 52 6537
36 57 4656
36 66 269
36 68 4671
36 69 5090
36 77 6548
36 79 6150
36 83 4727
36 85 8213
36 88 251
36 89 954
36 92 7358
36 108 5882
36 112 3092
36 118 5067
36 120 7394
36 125 575
36 132 3163
36 136 4965
36 137 987
36 140 3447
36 141 2115
36 148 9346
36 151 2193
37 42 2258
37 43 4265
37 49 148
37 51 5005
37 52 3657
37 63 9276
37 67 9964
37 68 7295
37 72 5696
37 75 9276
37 81 1628
37 86 4303
37 87 2955
37 89 4724
37 95 2482
37 97 4070
37 102 3591
37 108 1359
37 109 6463
37 111 5056
37 112 5004
37 115 71
37 122 2909
37 129 1685
37 133 6047
37 136 4085
37 139 4796
37 140 5125
37 141 9446
37 145 2234
37 150 1747
37 151 7318
37 152 2006
38 40 2401
38 44 4872
38 45 1349
38 47 5541
38 51 7701
38 52 4673
38 54 5365
38 55 3169
38 65 2987
38 81 5859
38 87 7871
38 93 5101
38 98 7591
38 105 3826
38 108 2234
38 110 505
38 112 1112
38 113 8327
38 116 972
38 117 7567
38 128 5399
38 130 9942
38 132 9469
38 133 9616
38 134 9104
38 136 2091
38 138 2605
38 140 5443
38 141 4487
38 147 3978
38 148 3414
38 150 4590
39 44 3883
39 47 7561
39 50 5656
39 51 1270
39 52 6198
39 57 5614
39 60 4549
39 63 7065
39 65 9117
39 70 9423
39 74 3169
39 81 2615
39 83 7853
39 91 6873
39 100 3133
39 103 8133
39 108 2102
39 109 4588
39 112 4981
39 113 1517
39 114 1603
39 116 8374
39 120 487
39 121 8794
39 125 6383
39 126 6607
39 131 3656
39 132 2466
39 133 1623
39 136 5608
39 137 6631
39 138 8862
39 139 786
39 144 8162
39 145 8567
40 41 8960
40 49 9305
40 52 9589
40 59 1642
40 63 125
40 65 7532
40 72 7478
40 74 5428
40 76 3375
40 78 9880
40 82 4771
40 91 2820
40 96 7553
40 98 9290
40 102 9372
40 109 2930
40 110 1773
40 119 2343
40 122 1450
40 124 3351
40 128 434
40 129 5003
40 132 522
40 133 333
40 134 9572
40 142 4396
40 144 7023
40 146 78
40 147 1660
40 149 1653
40 152 1071
41 42 3338
41 50 3280
41 51 380
41 53 328
41 56 358
41 58 5340
41 59 2513
41 60 6403
41 62 4531
41 66 8714
41 76 1819
41 78 4202
41 82 3239
41 83 9089
41 92 3067
41 98 5854
41 103 8054
41 104 7906
41 107 2137
41 112 1020
41 114 4709
41 115 13
41 125 1059
41 141 8322
41 142 6363
41 146 2991
41 151 1053
42 43 8153
42 50 2349
42 53 7334
42 58 9979
42 59 7520
42 61 7660
42 62 169
42 63 8121
42 65 2962
42 81 8996
42 93 6473
42 100 3561
42 101 8431
42 107 9768
42 109 1896
42 115 4784
42 116 2865
42 118 3819
42 119 5631
42 122 5815
42 125 908
42 126 2096
42 136 2638
42 138 2446
42 145 2915
42 146 8107
42 147 8443
42 150 5065
43 44 8310
43 49 484
43 51 7625
43 58 702
43 72 7815
43 81 279
43 86 900
43 89 8035
43 91 3294
43 94 2641
43 95 6036
43 99 3251
43 102 3305
43 104 9429
43 106 8735
43 109 944
43 116 2471
43 118 1444
43 120 4448
43 122 9619
43 124 4915
43 126 8341
43 128 9510
43 130 9800
43 132 6167
43 143 2504
43 147 8004
44 46 686
44 59 1293
44 63 3407
44 64 8506
44 66 3320
44 68 4857
44 73 1521
44 98 4422
44 99 2725
44 105 2538
44 118 1268
44 122 9768
44 126 2393
44 128 6610
44 129 3803
44 130 4662
44 132 437
44 134 497
44 139 4528
44 140 5886
44 144 4103
44 147 9541
44 148 7809
44 151 9573
45 56 1252
45 60 9930
45 67 6835
45 72 1537
45 73 8105
45 81 4942
45 89 2499
45 90 8688
45 95 8920
45 97 6372
45 101 556
45 104 5581
45 107 7910
45 115 4640
45 124 6080
45 125 2693
45 127 9929
45 130 4331
45 131 8969
45 132 6535
45 140 7879
45 141 3030
45 145 1664
45 150 2732
46 48 3588
46 49 5093
46 55 5127
46 56 6092
46 57 7551
46 73 439
46 74 2177
46 78 374
46 80 601
46 82 7709
46 83 6331
46 84 4927
46 86 6883
46 88 8358
46 90 9677
46 95 2899
46 98 407
46 106 498
46 107 450
46 110 6464
46 115 2970
46 117 5009
46 123 7860
46 125 3027
46 126 1907
46 137 5479
46 140 4847
46 148 3502
46 150 3913
46 151 6581
47 50 3260
47 52 4186
47 61 8553
47 65 2555
47 66 4990
47 72 1359
47 73 6375
47 83 7626
47 89 6339
47 90 5302
47 91 602
47 94 668
47 95 6387
47 96 1294
47 101 599
47 105 9311
47 110 6833
47 118 1375
47 119 5049
47 126 3000
47 133 2318
47 152 5856
48 49 8377
48 50 7976
48 54 3332
48 56 9751
48 58 5986
48 64 8895
48 65 6894
48 68 2325
48 75 5476
48 89 5284
48 94 2600
48 99 284
48 100 5814
48 108 605
48 109 7802
48 110 2151
48 116 6729
48 122 3803
48 125 621
48 129 2723
48 132 3553
48 134 2607
48 135 659
48 136 963
48 142 570
48 145 3651
48 146 4168
49 53 6209
49 60 6999
49 61 2913
49 62 7429
49 64 5645
49 67 2624
49 72 1741
49 78 9960
49 81 4522
49 82 2050
49 83 8210
49 86 3109
49 87 103
49 92 46
49 102 2855
49 107 2454
49 109 7455
49 110 470
49 112 2174
49 119 8571
49 122 5040
49 124 6019
49 128 3964
49 130 3412
49 134 1033
49 141 7912
49 144 9515
49 149 7250
49 152 808
50 53 9679
50 61 4528
50 65 3099
50 68 8950
50 76 7181
50 78 3329
50 82 4544
50 87 2649
50 90 4243
50 92 5831
50 99 3082
50 104 5940
50 109 3392
50 113 55
50 119 8251
50 121 3954
50 122 4842
50 123 6821
50 124 9388
50 125 8147
50 129 9559
50 130 8555
50 131 7752
50 135 9192
50 143 5379
50 145 4304
50 147 3467
50 150 5701
51 53 9473
51 57 5132
51 70 2772
51 75 1686
51 76 2997
51 80 9484
51 81 2513
51 84 6475
51 86 7481
51 95 4376
51 101 6295
51 104 1132
51 112 6252
51 115 9739
51 116 2540
51 119 399
51 120 8100
51 126 4071
51 129 9897
51 138 5082
51 139 8892
51 142 2331
51 147 8829
51 149 6636
51 150 9296
52 55 1976
52 57 8956
52 59 7407
52 65 6235
52 67 1929
52 68 6706
52 85 3708
52 86 509
52 97 1891
52 98 3284
52 99 526
52 102 2111
52 104 9911
52 106 8659
52 109 9426
52 119 3047
52 120 7561
52 124 5313
52 126 4363
52 134 3234
52 136 2227
52 151 5363
53 54 7441
53 56 712
53 60 3440
53 64 1958
53 70 460
53 85 2346
53 90 9354
53 91 3917
53 100 2648
53 101 7362
53 115 2538
53 116 3601
53 134 7370
53 139 1216
54 58 4588
54 62 591
54 65 7575
54 66 8886
54 77 9628
54 83 5151
54 85 5389
54 94 134
54 106 7663
54 108 427
54 109 2879
54 113 3896
54 121 4016
54 122 1762
54 129 2753
54 132 9698
54 152 8882
55 57 1796
55 68 9164
55 73 9778
55 75 2782
55 82 7819
55 88 2496
55 93 6187
55 97 5875
55 99 4925
55 100 7019
55 101 1071
55 103 6068
55 105 808
55 114 3885
55 118 5624
55 119 7456
55 121 9438
55 123 4556
55 125 7033
55 128 4602
55 135 4797
55 137 73
55 140 7735
55 142 8572
55 147 4610
55 151 3965
56 57 8937
56 60 858
56 65 8856
56 67 4532
56 72 1576
56 76 2221
56 80 668
56 85 8056
56 86 6959
56 92 1823
56 98 8435
56 101 9682
56 105 4672
56 107 6109
56 116 4202
56 122 4865
56 125 8068
56 131 8841
56 133 8651
56 140 1841
56 141 487
56 142 4458
56 146 8720
56 152 2826
57 62 73
57 67 8293
57 77 9810
57 81 9986
57 82 8249
57 89 5204
57 93 4327
57 104 4123
57 107 4140
57 108 3922
57 112 6302
57 121 1478
57 122 181
57 127 2087
57 129 9495
57 133 4013
57 134 381
57 136 2800
57 139 9689
57 141 5650
57 142 5234
57 143 576
57 146 6110
57 150 3936
58 59 789
58 62 3753
58 64 6007
58 67 9332
58 68 3667
58 70 3014
58 76 8484
58 80 4153
58 82 2842
58 93 7074
58 94 22
58 97 9677
58 99 1149
58 100 6195
58 102 2053
58 117 4661
58 120 1666
58 131 4528
58 146 7437
58 149 2908
59 66 5957
59 71 3998
59 74 40
59 75 2309
59 77 3829
59 78 8963
59 80 2832
59 81 7801
59 85 6053
59 87 3405
59 90 4856
59 92 472
59 94 3684
59 101 8712
59 104 401
59 106 1671
59 108 1220
59 109 2610
59 112 2631
59 116 9945
59 124 8209
59 130 7046
59 131 9585
59 139 4153
59 147 4627
59 149 9571
59 151 2310
60 74 9055
60 75 5247
60 76 5452
60 80 4682
60 85 3548
60 90 5541
60 94 7716
60 96 5014
60 104 3545
60 107 8962
60 108 7523
60 114 5399
60 119 3585
60 122 4722
60 124 9936
60 128 7790
60 129 1703
60 134 6337
60 138 2784
60 142 8083
60 143 5146
60 145 8329
60 147 7331
60 152 455
61 64 4179
61 67 2437
61 72 2824
61 74 8845
61 82 2848
61 83 3667
61 92 1416
61 103 3407
61 106 2542
61 108 5720
61 110 380
61 111 3967
61 112 184
61 113 3512
61 115 982
61 123 3001
61 134 637
61 135 6136
61 140 6863
61 142 9056
61 144 5390
62 65 5812
62 66 185
62 67 1310
62 80 9410
62 81 4947
62 84 5558
62 86 9762
62 91 9964
62 92 7016
62 94 8252
62 100 9837
62 101 4432
62 104 456
62 105 5932
62 109 2961
62 115 920
62 116 9494
62 117 8687
62 118 9300
62 120 9430
62 126 6858
62 133 2723
62 140 1941
62 141 5340
62 152 8549
63 65 4321
63 66 8763
63 73 6010
63 85 5769
63 95 4162
63 100 142
63 101 1921
63 107 8907
63 110 6767
63 112 9827
63 114 7102
63 116 5180
63 120 5399
63 122 199
63 126 3629
63 128 2550
63 134 9727
63 143 5606
63 146 1076
64 69 4284
64 80 9763
64 87 3474
64 89 5719
64 101 5146
64 106 2905
64 114 5819
64 116 6182
64 118 3846
64 124 2857
64 125 8410
64 127 9892
64 130 867
64 136 9119
64 138 6413
64 143 1861
64 145 1639
64 146 9058
64 147 3476
64 150 2977
65 81 8284
65 88 546
65 94 578
65 102 9609
65 111 5463
65 113 8671
65 115 472
65 118 7211
65 126 8128
65 133 3366
65 137 7866
65 139 8881
65 140 1042
65 142 9305
65 147 2518
66 67 4585
66 75 1020
66 80 3885
66 84 409
66 87 9671
66 88 5706
66 92 8669
66 94 8671
66 104 5991
66 109 1957
66 117 2419
66 123 8563
66 145 71
66 150 5713
67 68 8737
67 72 8821
67 75 1336
67 79 3797
67 82 3415
67 84 2876
67 98 6862
67 102 2225
67 104 5596
67 108 3505
67 116 8016
67 118 2443
67 119 5672
67 130 7859
67 134 5409
67 138 9863
67 139 6396
67 140 2688
67 143 8017
67 147 4848
67 152 4158
68 71 954
68 72 1446
68 73 8243
68 74 1351
68 82 4020
68 84 1382
68 92 8692
68 97 2257
68 98 9169
68 99 794
68 106 2177
68 108 3654
68 109 8498
68 113 8310
68 114 3924
68 119 7998
68 120 4653
68 122 4451
68 124 2826
68 128 6228
68 131 3183
68 132 3579
68 135 8980
68 138 9026
68 140 1535
68 143 8614
68 145 4627
68 146 7159
68 152 7632
69 78 9588
69 79 701
69 82 3082
69 83 6463
69 92 9452
69 94 2111
69 102 1911
69 104 2925
69 107 5841
69 115 8425
69 123 275
69 128 4820
69 130 3671
69 137 6563
69 138 1935
69 140 7847
69 146 4829
69 148 5919
69 149 8013
69 150 4112
70 71 8582
70 75 2499
70 80 271
70 81 181
70 83 9903
70 91 4638
70 93 4485
70 98 3657
70 99 1101
70 100 7133
70 108 3094
70 112 4670
70 120 812
70 121 8223
70 130 545
70 137 7113
70 138 503
70 140 8633
70 143 9200
70 150 8368
71 79 8188
71 83 33
71 85 1909
71 87 9230
71 103 3774
71 104 8591
71 106 5797
71 107 8775
71 113 6141
71 114 7321
71 115 2962
71 116 8282
71 120 6299
71 132 2855
71 134 4356
71 144 7226
72 77 1172
72 86 2394
72 87 255
72 88 9561
72 95 4020
72 100 297
72 105 2453
72 106 4273
72 107 6142
72 111 9805
72 119 9589
72 123 7975
72 132 2348
72 137 605
72 140 6303
72 141 503
72 143 4911
72 144 8503
72 146 6056
73 74 377
73 77 2941
73 78 7771
73 80 2794
73 82 5499
73 85 404
73 87 6103
73 90 8067
73 96 6378
73 100 6611
73 104 1152
73 107 6192
73 108 5936
73 110 3525
73 112 7151
73 115 9472
73 130 6420
73 132 3865
73 138 7292
73 139 3995
73 141 6339
73 150 3046
74 75 7142
74 80 9897
74 84 625
74 89 51
74 96 7855
74 99 3897
74 105 8953
74 106 7814
74 110 7940
74 114 5934
74 129 7963
74 130 1386
74 139 6851
74 144 2822
74 145 9179
74 147 9989
74 151 2797
75 76 3721
75 77 9513
75 78 9175
75 79 4220
75 83 5206
75 84 5474
75 87 5180
75 89 9711
75 90 8691
75 93 8988
75 96 2119
75 99 3840
75 101 618
75 106 2698
75 113 7682
75 116 657
75 124 7896
75 125 6559
75 134 7298
75 136 5960
75 138 5805
75 143 9933
75 145 1445
75 149 6985
75 152 4429
76 77 518
76 80 6386
76 81 717
76 88 1747
76 90 8202
76 92 7718
76 101 14
76 111 7273
76 115 6022
76 116 5162
76 118 2950
76 119 3870
76 130 6790
76 131 4865
76 133 9497
76 136 4798
76 140 7519
76 144 6692
76 149 4078
77 78 2042
77 79 6323
77 83 1619
77 84 1402
77 96 8392
77 98 8579
77 106 8586
77 108 3339
77 110 6647
77 111 329
77 126 3655
77 127 1355
77 128 1415
77 129 1145
77 131 8059
77 135 6501
77 139 1093
77 140 961
77 143 7921
77 149 3511
78 80 1049
78 82 9357
78 83 8045
78 87 7722
78 88 2532
78 91 5230
78 96 2938
78 97 8857
78 101 9332
78 102 4449
78 105 6822
78 109 3217
78 113 938
78 115 8820
78 135 6446
78 141 1437
78 145 4738
78 147 348
79 86 546
79 94 7190
79 101 7470
79 106 5137
79 114 7963
79 122 9393
79 127 2303
79 137 560
79 140 1913
79 142 791
79 144 6932
79 148 2358
80 81 4377
80 85 1279
80 89 7426
80 102 4748
80 108 426
80 110 9321
80 115 5807
80 117 2576
80 121 309
80 125 447
80 126 1067
80 131 6876
80 143 4026
80 147 2983
80 148 8087
81 82 7663
81 84 4559
81 85 6777
81 90 4090
81 92 8399
81 94 8653
81 96 3988
81 97 27
81 99 5659
81 119 6915
81 127 377
81 128 4376
81 131 6794
81 133 5115
81 134 9692
81 136 7479
81 142 5387
81 144 9099
81 149 4771
81 151 3804
81 152 8227
82 84 4934
82 86 6579
82 93 2629
82 100 247
82 104 2413
82 107 2917
82 129 3535
82 130 8469
82 131 7664
82 133 9708
82 140 9659
82 144 7567
82 145 815
83 85 5910
83 87 6601
83 89 5380
83 94 5255
83 102 6686
83 107 7836
83 108 9501
83 110 5297
83 117 9605
83 118 5709
83 120 5121
83 121 8481
83 124 1430
83 128 3408
83 141 8231
83 152 7120
84 91 2421
84 95 6107
84 100 7034
84 104 6566
84 108 393
84 111 5568
84 113 8973
84 116 6472
84 117 345
84 124 2233
84 127 8192
84 128 3274
84 132 8733
84 143 1290
84 145 7614
84 149 9882
84 151 1364
84 152 511
85 91 8956
85 95 9274
85 99 540
85 101 2994
85 105 9745
85 108 3767
85 109 8015
85 119 2651
85 130 8066
85 137 4099
85 148 5923
85 151 5798
85 152 1605
86 87 4915
86 92 3343
86 93 6068
86 98 5156
86 101 151
86 108 7015
86 126 1888
86 133 1321
86 134 4343
86 137 277
86 148 9890
86 150 2207
86 152 5857
87 89 3077
87 94 5186
87 96 1915
87 99 5417
87 101 5264
87 103 7256
87 105 7317
87 106 2719
87 112 4608
87 113 1918
87 125 6083
87 130 46
87 140 8292
87 141 107
87 147 5709
88 92 3640
88 93 245
88 97 4085
88 108 945
88 110 1552
88 115 615
88 116 6362
88 119 9536
88 127 4465
88 135 2374
88 136 839
88 137 1806
88 140 6544
88 151 3053
88 152 9263
89 92 8562
89 98 4604
89 105 6620
89 106 945
89 110 9844
89 112 336
89 119 8933
89 120 6000
89 121 6370
89 122 6923
89 129 7691
89 131 5623
89 133 9684
89 136 2630
89 140 8152
89 148 7277
89 151 3112
90 93 3007
90 96 1975
90 98 1152
90 104 7368
90 106 7535
90 116 1097
90 118 4073
90 121 6100
90 123 6936
90 125 6552
90 127 6727
90 130 3333
90 131 2451
90 132 7421
90 136 6420
90 137 5583
90 138 6156
90 145 3293
91 97 9284
91 105 6572
91 110 8208
91 113 9275
91 114 6521
91 120 4241
91 128 3691
91 130 5164
91 134 751
91 142 8520
91 149 4008
92 96 8688
92 99 6479
92 100 218
92 102 4387
92 110 9999
92 113 6574
92 114 685
92 116 517
92 118 9083
92 129 7083
92 131 3772
92 133 1752
92 140 7799
92 145 5375
92 148 4391
92 149 3342
92 150 4416
93 95 9878
93 102 1148
93 103 3129
93 110 9692
93 115 3941
93 117 4009
93 122 7886
93 130 2999
93 132 39
93 135 9351
93 140 7248
93 142 2884
93 151 2085
94 101 417
94 103 675
94 104 8027
94 105 4906
94 112 6159
94 116 3735
94 118 9681
94 127 7624
94 129 808
94 134 4397
94 137 2195
94 142 3408
94 146 2129
94 150 867
95 97 7129
95 98 4712
95 99 3709
95 101 9154
95 104 3523
95 107 5603
95 108 8084
95 110 7687
95 112 5472
95 117 7299
95 118 6796
95 127 7308
95 128 2518
95 138 5132
95 146 4817
95 150 8904
95 151 9881
95 152 959
96 99 9530
96 104 4440
96 105 5202
96 112 9544
96 114 4920
96 126 8432
96 129 823
96 130 221
96 132 6500
96 135 4211
96 140 7728
96 146 4002
96 147 2509
96 148 6118
96 151 6259
97 101 7583
97 113 1612
97 114 3111
97 116 9308
97 118 8662
97 130 397
97 133 6416
97 135 3356
97 144 9030
98 111 2060
98 114 3839
98 117 5196
98 120 2501
98 121 9196
98 132 107
98 136 9774
98 140 9844
98 141 5664
98 143 8977
98 150 9196
99 101 797
99 104 8282
99 115 2404
99 119 8216
99 121 7544
99 122 7434
99 126 5503
99 129 2604
99 136 4684
99 139 2134
99 142 2718
99 147 3065
100 107 9130
100 108 9988
100 109 44
100 110 5702
100 112 1692
100 116 7791
100 122 9992
100 123 2249
100 129 3162
100 137 5918
100 139 7026
100 142 5640
100 146 4847
100 149 9560
100 151 8740
101 108 3893
101 111 8356
101 117 8436
101 121 11
101 131 4931
101 138 3680
101 143 4655
101 147 4046
101 148 3112
101 152 8083
102 107 9762
102 110 5639
102 118 7553
102 127 1821
102 128 1216
102 130 2656
102 131 3935
102 137 9801
102 138 387
102 145 5052
102 148 9858
103 107 2737
103 108 5298
103 110 9898
103 112 3107
103 114 4463
103 117 7601
103 118 9577
103 119 59
103 121 668
103 124 3101
103 131 4556
103 137 7418
104 106 3447
104 108 7414
104 111 1708
104 116 9410
104 117 5378
104 133 6005
104 137 3426
104 138 8973
104 139 417
104 141 9064
104 142 2933
104 148 7195
104 149 7370
105 109 405
105 113 9034
105 121 7698
105 123 5873
105 125 8542
105 128 9215
105 130 5979
105 131 4095
105 137 6035
105 139 9027
105 141 7462
105 144 8894
105 146 6790
105 150 5992
106 107 3581
106 117 2989
106 122 1291
106 126 537
106 128 950
106 133 8313
106 134 9555
106 135 9712
106 139 7432
106 140 3163
106 141 6169
106 145 6994
107 108 6515
107 109 7567
107 111 3892
107 113 2043
107 114 2324
107 117 9266
107 122 9218
107 126 2713
107 132 915
107 134 5660
107 138 9214
107 143 228
107 151 6815
108 118 1303
108 119 9209
108 131 2748
108 133 8010
108 138 5019
108 144 7316
108 147 5004
108 148 5413
108 150 8684
108 151 1550
108 152 4301
109 112 9683
109 114 2129
109 121 850
109 126 7786
109 129 9817
109 131 8609
109 137 6573
109 138 635
109 139 1804
109 147 8119
109 150 2106
110 112 1522
110 116 6679
110 117 1990
110 124 9081
110 126 7719
110 130 1743
110 131 739
110 132 2730
110 135 2389
110 146 6851
110 147 632
110 148 9138
110 150 7755
111 112 4813
111 113 4066
111 117 7897
111 118 7732
111 120 6647
111 121 8985
111 130 3579
111 135 2325
111 141 1925
111 148 3117
111 152 6826
112 115 789
112 124 5487
112 125 4360
112 129 9630
112 132 905
112 139 1884
112 142 8364
112 146 4236
112 152 698
113 114 7680
113 125 692
113 126 7511
113 129 5687
113 146 3333
114 119 7825
114 120 191
114 130 191
114 133 3059
114 134 8230
114 141 3575
114 148 4608
114 150 4384
114 152 882
115 128 346
115 133 2758
115 139 6025
116 119 5925
116 122 572
116 126 3046
116 136 3561
116 143 6062
116 149 5480
116 151 9571
117 121 4607
117 125 5854
117 127 2390
117 128 1147
117 134 4758
117 138 7820
117 141 9440
117 149 2590
117 152 3827
118 121 1281
118 122 3040
118 123 152
118 128 8463
118 135 4618
118 137 2645
118 139 8488
118 141 8388
118 144 5814
119 120 6679
119 132 371
119 146 8478
119 148 7282
120 122 2610
120 124 4138
120 125 9463
120 126 9232
120 127 1836
120 132 3845
120 137 1448
120 138 2819
120 140 5729
120 147 2399
120 150 3279
121 125 2892
121 130 1289
121 132 5098
122 125 7141
122 126 3564
122 128 1779
122 131 3478
122 132 3889
122 141 3304
122 146 2251
122 147 5599
122 148 2969
123 124 2826
123 136 9261
123 140 9833
123 145 2988
123 146 8184
124 128 2001
124 130 8366
124 133 8329
124 138 5153
124 139 9816
124 142 656
124 145 6416
125 128 9891
125 130 6892
125 137 6477
125 140 9716
125 141 9686
125 144 6459
125 146 1644
125 148 284
125 151 553
126 138 2668
126 146 4641
126 152 2101
127 128 4101
127 130 2405
127 132 1879
127 146 2250
127 150 9537
127 151 4355
128 129 6880
128 134 6852
128 138 6773
128 151 3251
128 152 8998
129 137 1883
129 138 8195
129 143 7116
129 146 2448
129 149 9923
129 151 9563
130 132 8912
130 144 2826
130 147 9428
130 149 8682
131 132 9889
131 138 6789
131 141 7424
131 148 5929
132 136 3382
132 138 683
132 145 5409
132 148 2564
133 139 9207
133 142 6957
133 143 4135
133 149 8693
133 150 3685
133 151 6579
133 152 5853
134 136 4049
134 138 5743
134 150 3757
134 152 8573
135 141 6581
135 144 4873
135 145 560
135 148 9738
135 150 6376
136 141 6327
136 142 5882
136 144 4161
136 145 1317
136 149 2066
137 139 9854
137 141 9582
137 144 8575
137 146 3004
137 147 1027
137 150 5922
138 142 2633
139 146 4092
139 150 2634
139 151 791
139 152 811
141 144 1395
141 145 3880
141 149 8649
143 145 1457
144 146 9561
144 149 1157
145 149 5215
146 149 2245
146 152 6203
147 148 2122
147 149 1239
148 150 1194
151 152 1969
