237 6887 54516 53
0 4 913
0 10 6154
0 13 2545
0 15 432
0 20 5271
0 25 4661
0 48 3431
0 50 6902
0 64 3580
0 67 7612
0 72 5791
0 73 8790
0 77 1096
0 79 3508
0 87 466
0 89 279
0 95 2243
0 97 990
0 105 4828
0 107 2956
0 110 299
0 114 4354
0 118 1718
0 119 3334
0 130 5687
0 131 9175
0 141 4355
0 153 2722
0 171 1920
0 173 2348
0 176 6836
0 178 1534
0 180 2135
0 189 6713
0 194 9050
0 196 2221
0 197 9792
0 210 3794
0 211 7128
0 219 6248
0 220 2061
0 221 8822
0 224 7331
0 229 8509
1 3 3189
1 5 9905
1 8 8293
1 12 6937
1 13 4080
1 23 7013
1 31 741
1 32 3292
1 38 7268
1 41 3800
1 44 9491
1 46 7099
1 50 7625
1 53 8401
1 57 6817
1 59 1963
1 63 7615
1 66 4201
1 70 9359
1 71 4197
1 78 1682
1 89 3988
1 90 4574
1 93 493
1 98 2675
1 108 5766
1 118 4689
1 127 7625
1 128 5987
1 133 8367
1 135 9290
1 138 9629
1 143 2808
1 145 5272
1 153 8657
1 161 1820
1 164 4184
1 166 9600
1 170 3427
1 174 2684
1 175 836
1 180 8491
1 181 3493
1 184 3729
1 187 2287
1 198 561
1 201 1930
1 204 8074
1 205 8854
1 208 589
1 220 2362
1 222 1192
1 231 8411
1 235 1126
1 236 2847
2 6 6725
2 20 3604
2 23 2222
2 27 5613
2 31 8724
2 38 5908
2 40 8777
2 45 4295
2 51 6457
2 54 3849
2 55 5444
2 58 1067
2 66 8210
2 74 7733
2 83 5677
2 92 5203
2 96 1804
2 102 6901
2 103 2220
2 105 5213
2 107 1175
2 110 6884
2 113 5367
2 120 8864
2 121 2331
2 123 7844
2 126 9322
2 127 5041
2 133 2863
2 135 7285
2 139 5352
2 140 6841
2 145 4197
2 146 6840
2 148 6254
2 149 7939
2 154 6387
2 157 4374
2 161 6561
2 168 2637
2 169 1489
2 170 1153
2 172 6233
2 174 9374
2 175 2133
2 184 2937
2 187 6766
2 192 4398
2 194 4754
2 195 84
2 196 2937
2 197 5439
2 198 7376
2 214 7091
2 217 9605
2 222 7684
2 225 5586
2 229 9059
3 9 4205
3 13 2448
3 14 7524
3 15 7145
3 16 1507
3 17 1253
3 22 3567
3 23 5871
3 25 739
3 27 6516
3 28 1278
3 29 6584
3 33 5202
3 39 9337
3 40 7702
3 42 5763
3 43 7246
3 44 8915
3 53 678
3 54 3464
3 55 8795
3 57 7782
3 58 3763
3 59 9577
3 67 3717
3 69 5381
3 71 3233
3 72 3886
3 77 9465
3 82 8012
3 84 3717
3 87 5540
3 89 4599
3 90 8267
3 92 4791
3 93 5933
3 97 9577
3 98 515
3 106 5539
3 107 6997
3 113 9099
3 115 4470
3 116 9585
3 118 8758
3 126 7019
3 131 4312
3 139 1939
3 142 9718
3 147 2163
3 148 3005
3 153 37
3 156 5505
3 157 1111
3 159 9456
3 166 1394
3 167 6250
3 168 4526
3 171 4538
3 174 5371
3 187 9691
3 188 9764
3 194 2674
3 198 6149
3 200 1086
3 201 7885
3 202 3218
3 205 2541
3 207 6597
3 216 3032
3 217 99
3 222 4361
3 223 2449
3 228 4082
3 229 9866
3 231 496
3 234 4399
4 14 4015
4 17 2739
4 21 3262
4 26 1029
4 34 2080
4 42 2021
4 45 3603
4 49 5486
4 51 2540
4 63 8622
4 71 571
4 72 2179
4 82 3972
4 84 9691
4 91 2779
4 95 8457
4 102 520
4 103 6654
4 107 827
4 112 680
4 118 6842
4 123 2919
4 124 3465
4 138 7888
4 139 4498
4 140 2129
4 142 89
4 146 1125
4 150 5613
4 164 9481
4 169 6661
4 182 6778
4 197 9946
4 203 7165
4 206 3940
4 208 346
4 209 6164
4 211 7331
4 213 8638
4 214 7688
4 215 2631
4 216 4074
4 219 7280
4 220 3660
4 223 8790
4 227 9679
4 229 4833
4 230 6848
4 234 8871
5 6 1430
5 12 2895
5 19 8654
5 20 2402
5 25 6522
5 28 932
5 42 2170
5 44 9491
5 46 8979
5 48 5542
5 50 7102
5 56 1865
5 57 359
5 60 7120
5 61 510
5 65 400
5 66 8431
5 70 4478
5 76 307
5 78 7368
5 93 3734
5 94 7881
5 95 8403
5 99 5246
5 101 8742
5 110 3097
5 116 2465
5 117 7026
5 118 5503
5 120 5798
5 123 7948
5 129 5640
5 136 2274
5 139 6282
5 140 2659
5 146 5738
5 152 2314
5 155 4844
5 159 3872
5 160 3754
5 164 9880
5 167 5010
5 177 1240
5 181 8076
5 190 1918
5 194 1519
5 208 2980
5 209 2842
5 213 3275
5 219 9176
5 235 29
6 10 6222
6 18 5445
6 20 960
6 25 2092
6 26 7193
6 28 9194
6 32 4502
6 40 8399
6 43 5534
6 47 8796
6 50 7448
6 59 5022
6 62 1116
6 65 1540
6 68 8151
6 69 7965
6 80 4055
6 82 4781
6 84 7346
6 88 8193
6 89 9338
6 97 7088
6 98 1354
6 100 1733
6 109 7427
6 112 7404
6 123 3450
6 130 8426
6 134 6143
6 137 692
6 142 4513
6 144 2473
6 147 7640
6 152 6726
6 154 5574
6 155 3879
6 161 6453
6 167 712
6 176 8621
6 178 5223
6 185 881
6 190 891
6 191 425
6 195 4231
6 196 1229
6 200 3073
6 208 1759
6 210 2120
6 216 4479
6 219 2915
6 231 9300
6 235 8198
6 236 229
7 9 3665
7 10 4347
7 11 5827
7 12 9908
7 15 3910
7 19 2646
7 22 4642
7 23 2001
7 26 6259
7 29 7333
7 33 9345
7 42 2115
7 43 6230
7 46 331
7 52 4406
7 56 9231
7 59 2057
7 68 9766
7 73 6104
7 74 8252
7 80 5252
7 82 487
7 83 6697
7 88 558
7 92 5770
7 95 6544
7 99 4324
7 100 9454
7 106 4945
7 119 2888
7 122 5588
7 124 984
7 127 7779
7 134 6942
7 135 4686
7 137 4691
7 138 4775
7 141 2268
7 149 2205
7 150 4680
7 156 3798
7 160 8068
7 165 4818
7 166 6106
7 169 2064
7 171 7468
7 175 4979
7 178 3402
7 179 9671
7 183 3569
7 188 593
7 189 8299
7 194 3488
7 198 4995
7 200 5811
7 208 6474
7 218 5505
7 222 4642
7 224 2991
7 225 7643
7 226 6827
7 231 5826
7 232 7430
8 10 2
8 11 2283
8 16 8473
8 19 4133
8 25 8454
8 29 2585
8 36 611
8 37 1382
8 45 1686
8 47 6704
8 48 8585
8 55 6998
8 60 1642
8 65 5810
8 67 987
8 68 6091
8 79 4342
8 86 9106
8 88 2086
8 94 1942
8 96 4649
8 98 4109
8 99 8542
8 104 1046
8 109 3156
8 115 923
8 117 8620
8 124 5237
8 126 5042
8 134 2642
8 136 7611
8 139 2059
8 142 7109
8 143 2459
8 144 5651
8 146 5510
8 156 4406
8 159 877
8 160 3454
8 162 5137
8 171 4672
8 179 7255
8 180 9354
8 182 1042
8 186 2744
8 188 1219
8 192 8532
8 196 5646
8 198 6422
8 199 3253
8 200 3963
8 202 1254
8 210 8869
8 220 3993
8 223 6630
8 224 5343
8 228 3800
8 233 4930
8 235 2554
9 14 2714
9 15 2580
9 17 6057
9 29 979
9 35 7313
9 39 7374
9 46 995
9 50 7908
9 55 5643
9 57 3971
9 62 1256
9 63 5289
9 67 546
9 68 1411
9 69 8551
9 73 7057
9 78 2973
9 84 8666
9 92 3003
9 101 3890
9 104 1076
9 105 6455
9 113 9001
9 122 5677
9 133 8154
9 134 1125
9 136 9275
9 155 4237
9 157 6170
9 164 8479
9 172 4502
9 175 7388
9 179 5310
9 192 6713
9 194 8477
9 204 2366
9 205 4195
9 208 9347
9 211 990
9 214 6536
9 215 8942
9 219 1009
9 225 265
9 228 3441
10 13 2565
10 28 8588
10 35 1807
10 42 7073
10 47 2168
10 71 7567
10 73 8321
10 74 5587
10 75 6848
10 77 736
10 82 67
10 87 3816
10 89 7379
10 93 6701
10 99 5323
10 108 5821
10 120 6505
10 124 8537
10 132 8419
10 133 8450
10 134 4744
10 136 7342
10 140 2333
10 144 511
10 148 4536
10 150 2708
10 151 401
10 152 5229
10 154 5418
10 169 9680
10 172 2307
10 176 447
10 183 2748
10 184 1038
10 190 9547
10 191 603
10 195 2955
10 196 6183
10 201 68
10 202 2738
10 203 396
10 205 1477
10 212 7622
10 213 41
10 214 2271
10 215 1818
10 220 1658
10 223 3850
10 225 4509
10 228 5622
10 230 9213
10 233 9942
11 12 4606
11 17 9639
11 28 7680
11 29 9201
11 30 1420
11 33 6788
11 34 8315
11 37 4007
11 40 2617
11 46 2661
11 47 4543
11 54 8517
11 56 9539
11 65 7732
11 67 3137
11 71 6618
11 72 349
11 75 1842
11 82 2875
11 95 2722
11 99 10000
11 100 7774
11 105 2427
11 106 9360
11 112 3915
11 119 3708
11 121 7092
11 122 3615
11 124 6659
11 135 1204
11 136 8473
11 137 7959
11 141 211
11 142 9676
11 149 4481
11 150 5537
11 153 5993
11 156 8467
11 157 9696
11 165 3017
11 169 7624
11 174 8432
11 176 5981
11 177 4120
11 180 6402
11 186 7604
11 193 2733
11 196 1475
11 202 6983
11 203 9837
11 204 1910
11 208 5906
11 215 1457
11 225 761
11 227 6472
11 231 7866
12 16 6380
12 19 3909
12 20 9583
12 23 1068
12 24 4889
12 25 2313
12 38 3030
12 41 621
12 42 7298
12 46 9711
12 51 9360
12 53 9674
12 59 8623
12 65 1088
12 67 2186
12 69 9548
12 71 5921
12 86 5144
12 87 6955
12 93 8377
12 101 8433
12 103 5345
12 104 2568
12 115 5753
12 116 5143
12 122 3992
12 124 3343
12 133 5465
12 138 1567
12 139 9025
12 140 6800
12 143 3870
12 144 7453
12 145 2097
12 155 5892
12 165 9954
12 166 816
12 169 6631
12 173 3465
12 181 3616
12 196 6295
12 200 5250
12 203 3943
12 216 9868
12 220 8659
12 221 7988
12 226 3614
12 227 5972
12 233 7930
12 236 5485
13 14 4682
13 21 3207
13 24 4675
13 25 5905
13 27 614
13 30 5216
13 32 6436
13 34 5755
13 35 1410
13 36 7644
13 40 1289
13 42 6764
13 43 9012
13 47 222
13 49 7896
13 51 8688
13 58 3343
13 59 4887
13 74 4034
13 77 8691
13 80 1047
13 81 3724
13 83 1214
13 90 5087
13 95 1826
13 96 6816
13 97 5413
13 100 9169
13 104 4929
13 107 2575
13 111 6391
13 116 5325
13 121 4017
13 122 740
13 124 4611
13 126 8761
13 127 5119
13 129 4262
13 131 6605
13 134 1589
13 142 9589
13 143 3345
13 153 4038
13 157 9409
13 161 4116
13 164 6707
13 165 7036
13 168 6483
13 169 3545
13 180 3159
13 184 1191
13 188 7944
13 202 5192
13 207 913
13 210 9383
13 211 487
13 212 6435
13 214 5645
13 219 3662
13 220 6000
13 221 2864
13 223 4169
13 225 7786
13 233 5152
13 236 504
14 17 8367
14 18 8718
14 27 3655
14 30 4845
14 31 6021
14 33 220
14 34 6173
14 35 8420
14 38 2226
14 44 7420
14 59 5705
14 68 3386
14 69 276
14 70 5827
14 78 8777
14 81 5819
14 92 4254
14 99 5480
14 103 9713
14 104 7255
14 106 5594
14 112 9255
14 113 2874
14 114 4155
14 117 5009
14 120 6152
14 121 6583
14 122 1199
14 123 385
14 124 9400
14 126 6827
14 130 5829
14 140 3639
14 145 9256
14 149 1967
14 150 4574
14 152 2903
14 154 1608
14 156 2136
14 164 4713
14 168 497
14 181 4600
14 184 8569
14 188 2884
14 190 1517
14 198 6090
14 206 4948
14 207 5701
14 212 2135
14 223 1385
14 230 1358
14 233 3657
14 234 9650
15 18 4964
15 21 9773
15 22 3102
15 27 3556
15 28 3879
15 34 6912
15 35 4243
15 45 7945
15 49 6489
15 58 2573
15 61 5219
15 67 135
15 68 2354
15 69 3688
15 70 9985
15 73 8037
15 74 2967
15 77 2632
15 81 3239
15 83 9401
15 87 4672
15 90 4612
15 96 9515
15 98 3803
15 106 7543
15 117 311
15 124 8705
15 131 5126
15 136 9527
15 137 5672
15 140 1566
15 141 3953
15 153 4691
15 155 1317
15 167 4323
15 177 7469
15 194 4856
15 195 1090
15 199 4133
15 215 557
15 223 8106
15 228 9520
15 229 7960
15 230 5621
15 233 7418
16 17 7111
16 21 5672
16 25 9392
16 38 4373
16 39 9809
16 50 2736
16 54 3522
16 55 667
16 58 8873
16 68 6
16 76 8118
16 83 7655
16 85 6689
16 90 2613
16 97 9648
16 99 2385
16 102 4498
16 104 4171
16 105 2281
16 106 5549
16 113 142
16 120 9886
16 134 7798
16 136 2158
16 148 9669
16 152 3734
16 155 1982
16 157 409
16 165 7131
16 166 5042
16 176 1482
16 180 2636
16 181 43
16 186 6684
16 188 40
16 195 489
16 198 9099
16 203 8782
16 204 2376
16 209 1414
16 211 8035
16 212 4696
16 216 8828
16 224 3348
16 227 499
16 230 5391
16 236 8108
17 19 9670
17 23 4668
17 27 3736
17 30 2215
17 33 947
17 41 3706
17 47 6760
17 50 3526
17 55 4920
17 57 3826
17 67 4175
17 68 4369
17 70 8625
17 75 7212
17 79 8661
17 82 7470
17 83 8437
17 85 6025
17 89 487
17 94 4282
17 95 9585
17 103 7373
17 105 6973
17 111 723
17 116 2829
17 117 6395
17 119 6959
17 121 5114
17 125 2722
17 128 4233
17 134 8925
17 137 2414
17 139 6438
17 141 5547
17 151 1331
17 155 9334
17 162 6807
17 165 181
17 170 1506
17 175 4872
17 176 8500
17 178 6864
17 182 9979
17 183 6206
17 188 3043
17 198 6293
17 199 4743
17 201 8295
17 204 1837
17 220 9956
17 221 6237
17 222 3171
17 227 8486
17 228 8436
17 234 8133
17 235 7051
18 19 8086
18 22 7273
18 34 3602
18 37 711
18 39 8793
18 42 3471
18 49 6122
18 52 8244
18 59 436
18 67 6438
18 71 5466
18 72 2666
18 75 6411
18 76 8790
18 84 9084
18 90 2133
18 92 8231
18 96 515
18 106 9539
18 114 5965
18 116 2633
18 118 3631
18 124 6092
18 126 4844
18 130 8004
18 137 6947
18 138 1249
18 143 2859
18 155 203
18 165 8578
18 167 103
18 170 509
18 173 555
18 176 6303
18 178 526
18 181 7673
18 186 7363
18 187 8462
18 190 1175
18 194 89
18 200 3903
18 201 4996
18 203 26
18 208 727
18 211 2021
18 218 8446
18 220 9547
18 221 1850
18 227 7233
18 228 8673
18 229 2422
19 21 6973
19 24 9375
19 29 5839
19 30 547
19 32 8480
19 34 1362
19 39 3286
19 43 9534
19 50 9118
19 51 7390
19 52 4621
19 55 9884
19 56 4362
19 58 5564
19 59 1220
19 68 8881
19 71 8271
19 73 4373
19 74 9076
19 76 907
19 77 2666
19 82 1768
19 86 5223
19 87 718
19 93 8478
19 95 8443
19 98 3750
19 99 1569
19 100 8512
19 112 7023
19 113 7247
19 115 2821
19 119 9937
19 122 7658
19 125 2941
19 128 4502
19 131 8145
19 132 8723
19 141 3669
19 145 6421
19 149 6112
19 150 6784
19 156 5091
19 157 9536
19 158 8154
19 175 9822
19 176 8546
19 181 8854
19 186 6310
19 190 6579
19 214 1788
19 222 3886
19 223 6633
19 228 8408
19 230 5877
19 231 4602
20 31 9740
20 35 5699
20 44 4441
20 46 9497
20 47 6630
20 48 3351
20 49 4869
20 55 6379
20 59 4588
20 61 1195
20 66 5830
20 69 4986
20 72 8584
20 83 6845
20 84 1751
20 91 2355
20 96 4167
20 101 3807
20 105 7285
20 112 6780
20 123 5699
20 128 3401
20 129 985
20 130 508
20 131 8667
20 132 8434
20 140 2178
20 141 4735
20 142 339
20 143 5347
20 156 52
20 164 4394
20 170 1114
20 174 9245
20 178 7249
20 180 3691
20 184 9374
20 186 4831
20 187 7027
20 194 6482
20 195 6046
20 196 6128
20 208 1591
20 209 2182
20 210 136
20 213 4328
20 214 3664
20 215 5207
20 218 2852
20 222 210
20 224 5922
20 233 2310
20 235 6073
21 23 7757
21 24 2000
21 25 2692
21 28 2177
21 29 8190
21 30 2235
21 39 9422
21 40 8379
21 41 8231
21 43 2302
21 45 2574
21 46 6622
21 50 2320
21 54 2570
21 59 2627
21 61 9651
21 63 6758
21 65 7620
21 70 8964
21 74 9417
21 78 5538
21 79 9342
21 81 1367
21 82 6594
21 83 8626
21 86 2375
21 88 5175
21 89 3760
21 90 7876
21 95 8728
21 98 1050
21 99 7140
21 100 6797
21 106 5253
21 112 6164
21 114 336
21 115 3888
21 118 2769
21 124 6264
21 127 7453
21 133 9731
21 136 8073
21 137 9308
21 140 4334
21 143 6162
21 144 2978
21 145 5727
21 149 2147
21 150 6704
21 153 5147
21 156 9258
21 157 6229
21 159 5869
21 163 2681
21 167 1867
21 175 4394
21 180 1640
21 181 7102
21 184 3503
21 188 1704
21 189 360
21 193 834
21 199 6055
21 202 1448
21 206 9664
21 208 7468
21 211 676
21 213 2299
21 214 6376
21 217 8450
21 223 5326
21 226 7463
21 232 2465
21 234 8575
21 235 8104
22 23 6519
22 26 7856
22 27 6204
22 34 971
22 38 4114
22 42 1274
22 45 8493
22 53 2346
22 58 8877
22 60 8924
22 63 8800
22 68 4996
22 70 7303
22 73 2345
22 74 2906
22 78 5349
22 81 3078
22 82 3694
22 92 6875
22 95 3446
22 98 7751
22 101 7021
22 103 2858
22 104 8319
22 113 8868
22 117 3601
22 119 4427
22 121 5967
22 124 8161
22 131 4050
22 135 1830
22 136 9896
22 137 7287
22 139 4942
22 147 5862
22 152 8548
22 154 1435
22 156 4981
22 165 1960
22 166 2606
22 170 5435
22 177 8417
22 178 8297
22 182 8912
22 187 8816
22 190 4926
22 193 7859
22 195 7060
22 199 1052
22 204 1666
22 205 1521
22 218 8814
22 220 5595
22 223 10
22 226 2213
22 227 4844
22 234 6591
22 235 8080
23 36 7433
23 45 6079
23 61 4668
23 66 6204
23 68 1652
23 71 5259
23 72 3451
23 76 1728
23 88 9064
23 91 9841
23 94 267
23 95 3322
23 105 460
23 108 2753
23 116 5064
23 118 8118
23 123 759
23 135 5684
23 138 6473
23 144 7096
23 152 3220
23 154 9466
23 155 9200
23 158 8418
23 159 4404
23 160 8502
23 161 9490
23 162 4328
23 171 5732
23 184 1065
23 186 8165
23 187 2164
23 188 5136
23 192 9040
23 195 432
23 196 9991
23 198 5603
23 199 3110
23 202 1190
23 203 2559
23 208 5296
23 209 7934
23 210 6015
23 212 4660
23 213 1875
23 221 2045
23 222 7748
23 230 4424
24 25 2661
24 27 2796
24 31 4804
24 35 1267
24 37 5985
24 38 6519
24 44 3568
24 52 6973
24 60 4316
24 63 6549
24 65 9616
24 69 8917
24 72 9089
24 73 3547
24 88 1550
24 90 5449
24 91 8783
24 93 973
24 100 4737
24 104 8256
24 105 9119
24 107 4006
24 112 2390
24 113 4460
24 116 7200
24 118 9733
24 119 114
24 121 5737
24 124 8576
24 128 3995
24 129 3644
24 130 554
24 131 1214
24 139 4499
24 142 1684
24 143 5876
24 144 2397
24 145 7635
24 151 3336
24 164 4371
24 167 6314
24 174 528
24 177 2847
24 183 1273
24 184 2226
24 190 9188
24 202 8192
24 207 4546
24 208 7191
24 211 4594
24 213 1639
24 219 1128
24 223 4468
24 224 7183
24 226 7232
25 28 7970
25 30 3447
25 34 1827
25 35 2951
25 42 6771
25 43 9426
25 45 6951
25 48 8626
25 49 7342
25 50 336
25 51 3873
25 59 6305
25 60 6127
25 62 8924
25 65 5203
25 67 66
25 69 5560
25 71 2416
25 81 9917
25 82 9772
25 94 5283
25 100 3730
25 101 4183
25 102 8979
25 103 5555
25 107 2486
25 113 8645
25 114 5669
25 119 8697
25 120 8858
25 122 4843
25 127 9478
25 132 5940
25 137 5691
25 138 9594
25 139 4441
25 142 6169
25 157 2682
25 162 1474
25 163 7604
25 166 1437
25 171 8133
25 172 1892
25 174 606
25 175 4748
25 176 6217
25 177 3477
25 182 1452
25 191 5514
25 201 2944
25 217 7781
25 221 2114
25 223 4978
25 234 4343
26 31 5947
26 34 1462
26 39 8141
26 40 6583
26 41 1939
26 43 8835
26 52 6022
26 56 2780
26 63 7552
26 66 2664
26 70 7195
26 74 5740
26 77 6861
26 90 3685
26 92 5311
26 102 5281
26 117 7026
26 122 9996
26 125 9642
26 126 1978
26 128 7087
26 138 1790
26 142 4008
26 147 595
26 149 5132
26 155 9851
26 165 5326
26 169 294
26 172 8010
26 173 8730
26 177 669
26 181 8366
26 184 8973
26 185 7305
26 187 8857
26 191 7951
26 194 8393
26 196 9387
26 201 8562
26 211 3582
26 216 7297
26 218 7375
26 220 3839
26 221 3574
26 225 4903
26 229 569
26 232 6549
26 234 3237
26 235 4434
27 29 1810
27 30 5328
27 36 7476
27 45 6523
27 49 4018
27 52 2482
27 53 998
27 54 9792
27 55 7044
27 59 3382
27 62 5087
27 65 5474
27 69 645
27 74 7127
27 75 3040
27 76 3996
27 83 6457
27 84 4592
27 87 2147
27 93 5113
27 95 7116
27 108 1106
27 111 3829
27 112 1373
27 121 4640
27 124 5943
27 129 2344
27 137 161
27 138 5899
27 141 9181
27 147 2284
27 149 5222
27 150 5423
27 156 333
27 158 1514
27 160 1672
27 163 5069
27 165 6203
27 172 3564
27 186 7091
27 188 2144
27 189 419
27 191 1558
27 195 7783
27 196 8019
27 197 5885
27 198 3610
27 201 4833
27 202 7673
27 210 2847
27 214 7948
27 219 49
27 223 7110
27 224 6901
27 226 5287
27 235 4885
28 29 7915
28 33 8362
28 38 4575
28 43 3893
28 46 126
28 49 410
28 50 6827
28 51 6547
28 54 7779
28 55 4755
28 57 2404
28 58 5009
28 59 8633
28 68 2518
28 72 1821
28 73 2533
28 77 9058
28 78 6948
28 87 1997
28 90 4238
28 91 144
28 93 8363
28 96 9389
28 101 8331
28 102 1359
28 104 6025
28 108 8513
28 122 8634
28 130 3267
28 131 4848
28 132 4392
28 136 8414
28 137 5318
28 141 5261
28 143 8863
28 144 9190
28 153 6676
28 156 4169
28 166 6063
28 169 4247
28 175 2510
28 178 6461
28 179 8160
28 186 654
28 188 6766
28 192 8857
28 194 8256
28 195 6135
28 199 2623
28 200 6149
28 206 5159
28 207 1569
28 208 6235
28 217 6295
28 225 1887
29 30 8205
29 37 4246
29 41 5939
29 43 9214
29 45 3554
29 47 6226
29 55 7404
29 56 6547
29 59 1014
29 67 6202
29 72 4330
29 73 3923
29 74 1242
29 78 9752
29 83 7330
29 95 532
29 104 2089
29 105 5244
29 120 7995
29 122 6385
29 133 3343
29 134 8614
29 135 7582
29 140 6337
29 143 4796
29 149 7691
29 150 2205
29 156 3062
29 163 9448
29 164 8287
29 166 3544
29 171 1313
29 178 4695
29 181 1574
29 186 8535
29 195 670
29 199 9421
29 209 3962
29 215 4675
29 216 8687
29 217 4761
29 218 6373
30 31 4481
30 32 2868
30 44 3314
30 48 5119
30 49 4944
30 52 8967
30 54 26
30 55 5526
30 58 714
30 60 9078
30 64 2863
30 65 9640
30 67 2795
30 77 2097
30 78 9411
30 87 1994
30 88 2516
30 97 2397
30 100 2160
30 103 6044
30 113 6247
30 116 1429
30 122 3204
30 125 1236
30 131 9881
30 144 869
30 150 2841
30 151 4504
30 152 9200
30 161 2734
30 165 5651
30 166 7335
30 169 9562
30 176 1542
30 177 587
30 184 5273
30 185 8920
30 186 1512
30 188 1922
30 189 3345
30 192 3561
30 197 8420
30 198 8620
30 199 3136
30 202 49
30 205 1523
30 206 2321
30 212 4354
30 220 3003
30 224 3561
30 227 2428
30 231 9988
30 234 4182
30 235 5303
30 236 1799
31 35 3679
31 36 9867
31 43 6178
31 44 1466
31 49 9968
31 51 3580
31 61 2592
31 62 5417
31 64 5530
31 66 3934
31 71 8753
31 73 9770
31 74 55
31 83 6001
31 86 9983
31 88 5357
31 89 7930
31 91 8663
31 94 9123
31 99 2876
31 106 4151
31 107 3899
31 114 9519
31 123 5876
31 126 3003
31 131 6722
31 133 8132
31 136 145
31 138 3789
31 143 6990
31 149 5292
31 150 2201
31 151 6058
31 153 1586
31 162 9657
31 169 4523
31 171 9497
31 172 8357
31 174 6294
31 175 5371
31 176 2683
31 179 7747
31 181 1189
31 190 3841
31 191 8834
31 199 8257
31 200 2385
31 201 6346
31 216 510
31 218 7585
31 220 3911
31 221 8973
31 224 6141
31 225 5295
31 229 2911
31 230 1439
32 33 6443
32 45 8162
32 50 1310
32 53 4672
32 60 2745
32 62 2893
32 65 8746
32 67 5331
32 68 4915
32 71 8321
32 75 3209
32 79 5155
32 80 1782
32 88 8478
32 99 2055
32 103 7386
32 104 7354
32 110 2685
32 111 6096
32 113 6237
32 116 6178
32 119 9323
32 122 8353
32 137 733
32 144 8075
32 146 2655
32 150 741
32 157 6030
32 160 9282
32 164 1624
32 175 3130
32 178 451
32 184 9769
32 187 5647
32 188 5294
32 191 6746
32 192 3353
32 200 9458
32 201 8566
32 214 7553
32 218 9849
32 224 3873
32 235 5323
33 35 3130
33 37 9356
33 40 7007
33 42 9939
33 47 619
33 52 2663
33 59 7917
33 70 1284
33 73 6364
33 74 8703
33 80 3805
33 95 2987
33 104 6517
33 105 4736
33 106 1354
33 126 8670
33 129 3861
33 130 2903
33 131 6683
33 133 6245
33 138 7703
33 145 6521
33 147 9892
33 150 3982
33 157 5943
33 171 7884
33 175 3719
33 186 8363
33 200 7671
33 203 7318
33 220 3663
33 227 5704
33 233 920
33 234 2785
34 49 3443
34 51 3736
34 56 4151
34 59 6362
34 62 5574
34 69 74
34 70 7923
34 73 3784
34 75 4655
34 84 3699
34 85 3151
34 86 9433
34 90 4043
34 98 82
34 99 7656
34 103 4145
34 114 5565
34 118 9066
34 119 9435
34 120 9046
34 121 7059
34 126 8363
34 127 6695
34 128 417
34 132 9896
34 136 8306
34 147 7092
34 148 208
34 152 9051
34 157 8892
34 158 4456
34 160 6007
34 168 7256
34 173 2165
34 177 4377
34 179 7193
34 180 1837
34 188 7865
34 190 6913
34 192 4076
34 196 1908
34 210 6454
34 215 5448
34 216 9659
34 224 9904
34 226 9210
34 233 1009
35 36 7553
35 38 2661
35 43 331
35 47 4470
35 51 8968
35 52 1353
35 56 9129
35 59 7688
35 69 4799
35 78 3048
35 79 4124
35 81 8402
35 82 2627
35 83 4184
35 92 8133
35 99 8324
35 101 3431
35 103 8197
35 105 3970
35 108 7374
35 110 8208
35 113 3806
35 124 4663
35 125 1510
35 126 5698
35 133 540
35 140 8379
35 144 2773
35 146 3623
35 149 6882
35 156 7130
35 157 4630
35 158 6351
35 161 7037
35 166 4489
35 167 7585
35 170 5617
35 175 5275
35 176 2582
35 177 1775
35 184 9191
35 187 1355
35 191 2262
35 193 1097
35 195 2390
35 199 8064
35 201 6842
35 203 8610
35 207 1506
35 212 9973
35 214 7583
35 216 5955
35 225 1443
35 227 7424
35 231 8739
35 234 1394
35 235 1144
36 39 5721
36 45 8077
36 49 5770
36 51 1026
36 53 1020
36 55 4049
36 63 1861
36 64 6533
36 68 641
36 76 5549
36 80 7707
36 82 9177
36 85 8564
36 88 9165
36 94 64
36 95 8830
36 101 2775
36 102 1644
36 109 6662
36 118 3457
36 127 4597
36 128 2479
36 135 8911
36 144 95
36 147 774
36 150 978
36 153 7130
36 159 9100
36 162 8586
36 163 890
36 165 9420
36 170 9156
36 173 6545
36 179 2575
36 182 9749
36 186 5671
36 189 5469
36 191 5882
36 193 5967
36 195 1055
36 199 9314
36 200 9145
36 202 4335
36 208 634
36 209 6588
36 215 3860
36 219 80
36 226 3889
36 228 7437
36 229 5328
37 39 9046
37 41 2856
37 42 8501
37 43 2448
37 48 2342
37 52 2455
37 57 5556
37 60 7424
37 62 7786
37 66 7406
37 68 6303
37 70 4198
37 72 6270
37 75 8083
37 76 6823
37 78 6904
37 83 6230
37 85 2178
37 87 1656
37 93 2218
37 97 2023
37 102 4201
37 103 8298
37 104 5945
37 108 1746
37 110 9724
37 131 9608
37 132 6942
37 134 1044
37 143 2881
37 147 3445
37 148 9239
37 156 5032
37 167 3720
37 172 4263
37 175 5419
37 176 1807
37 181 2556
37 184 1001
37 196 2142
37 203 2194
37 204 9817
37 207 1419
37 214 9627
37 216 4885
37 218 8993
37 220 5126
37 221 3869
37 225 3102
37 236 8587
38 39 734
38 45 9544
38 52 3708
38 54 4201
38 56 8071
38 59 9335
38 62 8239
38 67 8948
38 68 3140
38 75 1311
38 79 6566
38 82 2851
38 87 5613
38 91 3676
38 92 1665
38 93 6595
38 94 9119
38 103 2308
38 105 8282
38 106 9570
38 107 2899
38 108 69
38 114 8245
38 117 3870
38 119 367
38 120 5596
38 121 3595
38 132 2696
38 134 9110
38 135 7837
38 136 6513
38 139 5394
38 143 5782
38 145 6243
38 149 4162
38 156 8506
38 157 6280
38 160 6318
38 162 6356
38 166 7306
38 168 5048
38 171 7361
38 181 7326
38 183 519
38 184 7153
38 185 883
38 186 5840
38 192 5953
38 205 1995
38 207 4618
38 214 275
38 217 3090
38 221 771
38 228 6141
38 233 2894
39 41 2201
39 42 7672
39 46 2539
39 50 8050
39 56 4292
39 58 5252
39 63 4277
39 64 206
39 71 4044
39 76 6731
39 78 9622
39 80 8296
39 81 3890
39 84 6781
39 87 249
39 88 3959
39 95 2310
39 96 9183
39 99 5504
39 115 7821
39 127 2713
39 129 9739
39 130 8874
39 133 1375
39 136 8616
39 138 9814
39 145 5291
39 150 8641
39 153 7032
39 156 1625
39 158 8133
39 160 9161
39 169 7860
39 170 7908
39 171 943
39 174 5739
39 180 3376
39 184 3894
39 186 208
39 187 8968
39 192 4153
39 206 4233
39 210 7425
39 213 3709
39 215 4853
39 226 7301
39 228 2417
39 233 3171
40 43 7031
40 45 6141
40 54 9585
40 56 9207
40 63 5810
40 67 6731
40 68 2511
40 70 7104
40 72 9330
40 79 4584
40 82 5888
40 84 9920
40 85 2302
40 87 3550
40 90 2176
40 103 7657
40 119 2552
40 120 8475
40 136 9607
40 140 8264
40 143 9976
40 144 9118
40 158 6802
40 160 6252
40 164 6826
40 169 7870
40 173 2215
40 177 1251
40 180 9250
40 182 4998
40 184 7866
40 191 5815
40 193 8081
40 195 6525
40 198 3612
40 202 2420
40 206 7844
40 208 8527
40 211 5945
40 217 5279
40 218 5225
40 220 348
40 221 8670
40 223 9845
40 228 1263
40 231 9034
40 234 3495
40 235 6551
41 51 9202
41 55 5949
41 56 8080
41 63 5782
41 66 3002
41 68 1625
41 75 9181
41 81 5343
41 85 2499
41 88 4635
41 89 7553
41 93 4855
41 94 3408
41 97 1727
41 98 836
41 99 7265
41 102 7926
41 116 2735
41 120 4918
41 122 1560
41 123 9525
41 129 8547
41 130 1909
41 140 8407
41 146 1224
41 149 6259
41 153 5954
41 156 1049
41 166 3043
41 182 1808
41 183 4680
41 186 9823
41 187 9986
41 188 5628
41 190 5651
41 197 1972
41 203 580
41 204 1724
41 207 3490
41 208 5753
41 216 9146
41 225 1762
41 226 3658
41 228 6845
41 229 7467
41 230 1241
42 48 6519
42 49 200
42 52 3182
42 55 8506
42 56 1463
42 59 4565
42 67 7655
42 68 2077
42 69 2669
42 70 6710
42 74 8507
42 79 6307
42 88 8339
42 93 1143
42 95 297
42 98 5737
42 100 5318
42 104 8779
42 110 4248
42 113 1999
42 115 6328
42 124 4449
42 125 1450
42 126 9593
42 139 9168
42 142 2839
42 145 9272
42 148 7463
42 149 798
42 151 1476
42 152 2411
42 157 8294
42 160 8943
42 161 867
42 163 8323
42 172 6855
42 174 6033
42 175 4618
42 176 9591
42 179 6432
42 180 996
42 183 8273
42 186 9618
42 204 1079
42 206 3383
42 216 7414
42 217 734
42 220 9019
42 224 8352
42 225 4588
42 226 717
42 227 1676
42 232 1756
43 44 6360
43 47 5902
43 51 8884
43 59 5273
43 60 8115
43 61 244
43 65 326
43 69 4469
43 72 8139
43 74 2112
43 78 2146
43 92 1888
43 96 6601
43 98 7564
43 103 8249
43 106 873
43 110 4711
43 115 3435
43 117 2435
43 128 2279
43 129 7687
43 132 999
43 133 4944
43 134 4096
43 135 2440
43 142 48
43 143 9250
43 144 6154
43 151 7762
43 152 6239
43 154 8735
43 155 7456
43 158 9822
43 159 7432
43 161 3473
43 166 9971
43 178 4706
43 181 4383
43 183 5695
43 209 7543
43 214 7799
43 221 4655
43 226 4431
43 232 993
43 233 9416
44 49 1826
44 55 3498
44 58 6005
44 60 5614
44 61 864
44 64 3327
44 66 6473
44 69 5667
44 77 4774
44 83 1524
44 84 5339
44 86 3329
44 87 1598
44 99 6502
44 102 9197
44 113 4992
44 114 217
44 119 7778
44 134 7243
44 137 3165
44 139 8653
44 144 381
44 147 6048
44 150 5184
44 151 3933
44 153 5187
44 161 4677
44 162 3750
44 164 8401
44 167 7165
44 170 6373
44 171 2551
44 178 1996
44 181 3210
44 182 9543
44 183 5105
44 184 5320
44 191 1689
44 193 359
44 196 5713
44 199 1054
44 206 3193
44 207 4188
44 208 7207
44 210 8157
44 212 9925
44 213 2709
44 214 7175
44 216 7945
44 220 7524
44 226 8014
44 227 4845
44 229 6211
44 233 8327
45 46 8769
45 48 6530
45 53 6844
45 69 3612
45 75 7998
45 82 6279
45 84 9195
45 90 1857
45 91 7321
45 92 72
45 96 9316
45 99 2392
45 103 4483
45 111 4213
45 113 4660
45 116 1848
45 126 374
45 130 8812
45 131 4910
45 132 235
45 135 2072
45 138 5144
45 141 568
45 154 1787
45 156 5050
45 159 1288
45 161 3108
45 165 1190
45 170 3430
45 174 250
45 179 9188
45 181 3518
45 187 6081
45 202 6448
45 204 8208
45 209 4710
45 211 43
45 213 1985
45 220 1318
45 223 3743
45 225 3201
45 229 828
45 230 8283
45 231 8418
45 234 2712
46 50 1290
46 51 4221
46 54 6611
46 55 8613
46 56 900
46 72 9406
46 84 8350
46 86 8853
46 87 7512
46 92 1500
46 101 8073
46 109 5285
46 110 2024
46 111 5395
46 113 2170
46 114 675
46 118 6194
46 119 6650
46 124 1097
46 125 4301
46 130 3666
46 134 5512
46 138 7770
46 141 1889
46 151 6924
46 158 4199
46 159 2003
46 167 64
46 168 2169
46 172 8769
46 173 7904
46 178 7918
46 179 5481
46 187 3132
46 188 3683
46 195 4265
46 196 6521
46 198 7203
46 199 5172
46 204 8664
46 212 644
46 215 3432
46 219 1259
46 233 5920
47 54 7296
47 55 9109
47 65 4267
47 66 6705
47 67 1367
47 71 4668
47 75 1270
47 76 7207
47 77 3068
47 80 1834
47 84 1774
47 85 5439
47 87 3231
47 88 6337
47 93 9998
47 98 890
47 104 8681
47 106 8393
47 107 1973
47 110 7491
47 114 8388
47 116 520
47 123 812
47 125 3666
47 129 8659
47 130 4964
47 132 263
47 135 8162
47 136 6177
47 137 6748
47 139 9729
47 141 2336
47 146 5151
47 162 9099
47 168 2040
47 169 633
47 170 7730
47 176 3090
47 178 6009
47 179 7687
47 181 1254
47 185 6924
47 187 7635
47 189 5398
47 194 7469
47 196 3460
47 199 210
47 202 5052
47 203 4080
47 204 4160
47 205 7757
47 211 7752
47 212 2713
47 213 2355
47 223 1631
47 226 5419
47 233 6229
48 52 6177
48 59 8185
48 68 8195
48 69 564
48 71 1106
48 74 4009
48 76 6731
48 77 3554
48 79 4369
48 83 3254
48 88 9800
48 101 8611
48 104 803
48 107 7651
48 118 8766
48 120 6723
48 126 3720
48 133 5284
48 134 3275
48 135 3674
48 137 6365
48 142 9152
48 146 3571
48 152 193
48 158 5959
48 162 5098
48 163 5725
48 167 2528
48 168 1587
48 170 4654
48 171 2365
48 177 7803
48 181 9012
48 186 1700
48 200 1745
48 205 6515
48 206 156
48 213 1849
48 214 9421
48 223 9638
48 225 629
48 231 4408
49 50 1410
49 61 5176
49 68 5676
49 69 9303
49 70 2273
49 74 3665
49 77 9816
49 80 2823
49 82 4435
49 86 4380
49 88 1916
49 90 7117
49 107 4255
49 122 6567
49 132 3338
49 136 5609
49 137 2479
49 140 893
49 150 1283
49 153 8338
49 156 1128
49 159 5768
49 161 57
49 168 6628
49 169 9461
49 175 4201
49 176 8082
49 177 3177
49 179 1144
49 187 6227
49 189 7223
49 198 2914
49 202 1756
49 207 7434
49 208 7232
49 211 9667
49 215 1499
49 223 6943
49 225 2818
49 228 3933
49 232 988
49 236 183
50 52 6766
50 53 7606
50 56 6082
50 70 6125
50 76 2042
50 77 2403
50 79 452
50 86 3650
50 94 5649
50 97 9195
50 101 2357
50 102 4138
50 103 7344
50 104 9755
50 107 1670
50 109 9414
50 119 5036
50 122 4594
50 129 5436
50 132 3633
50 140 7933
50 145 886
50 155 2095
50 160 1467
50 169 2052
50 172 6554
50 178 4719
50 183 7321
50 185 334
50 187 299
50 188 8179
50 190 8918
50 205 1801
50 211 8717
50 217 3738
50 218 793
50 222 9885
50 224 7915
50 227 2685
50 228 6320
50 230 5936
50 236 2243
51 56 1250
51 57 747
51 60 2905
51 61 686
51 62 3920
51 65 2195
51 70 1552
51 71 119
51 75 9948
51 76 5447
51 78 2196
51 80 7854
51 86 4241
51 87 2069
51 88 6311
51 89 6098
51 93 3864
51 103 6962
51 105 789
51 118 1437
51 119 3736
51 120 5550
51 122 4491
51 123 533
51 126 9250
51 128 8516
51 129 9806
51 130 3691
51 137 812
51 139 2297
51 144 2153
51 146 4055
51 159 929
51 167 1434
51 168 5145
51 176 9781
51 179 6049
51 183 9523
51 184 8399
51 185 8041
51 187 485
51 189 1993
51 191 5061
51 192 738
51 195 1304
51 199 5836
51 202 7866
51 210 9596
51 212 1288
51 215 752
51 220 1449
51 225 2305
51 230 4032
51 236 9910
52 53 4877
52 59 7916
52 64 3473
52 73 3534
52 74 1256
52 82 590
52 87 9058
52 89 8489
52 92 8721
52 93 5029
52 94 7581
52 103 5505
52 105 3002
52 107 960
52 108 7698
52 111 7525
52 112 9492
52 115 6409
52 120 7671
52 123 7599
52 125 305
52 126 8266
52 134 5980
52 135 1064
52 136 5052
52 138 5489
52 146 1420
52 148 5551
52 152 2679
52 155 3364
52 157 7320
52 160 8781
52 166 2392
52 167 8085
52 171 4039
52 176 854
52 181 2011
52 183 8574
52 185 6074
52 193 4689
52 196 8926
52 197 7636
52 201 3260
52 202 9670
52 207 826
52 212 1800
52 215 1742
52 220 1894
52 223 4845
52 224 9819
52 225 9247
52 230 8955
52 233 3364
52 234 4536
52 236 8029
53 54 1127
53 64 1312
53 65 675
53 68 8705
53 70 9284
53 72 2062
53 74 1743
53 75 3011
53 81 6062
53 87 5469
53 88 429
53 94 7139
53 102 9062
53 104 7341
53 122 2593
53 123 7191
53 124 5115
53 125 4449
53 131 6848
53 134 9673
53 137 3674
53 138 9268
53 147 704
53 149 4815
53 152 8160
53 154 1379
53 155 7287
53 156 7133
53 157 6793
53 159 6002
53 165 9644
53 167 5921
53 168 2772
53 171 2271
53 172 7456
53 177 5046
53 179 7480
53 181 4226
53 186 2511
53 189 7337
53 191 8497
53 192 611
53 194 3004
53 196 4231
53 197 5086
53 198 4101
53 200 2
53 203 2913
53 207 8236
53 211 4177
53 214 9522
53 222 212
53 226 5428
53 229 5413
53 236 5016
54 56 726
54 61 7807
54 62 7573
54 68 3736
54 72 6941
54 82 3061
54 85 764
54 88 8301
54 93 9501
54 94 6287
54 98 6439
54 101 3989
54 102 5518
54 104 9820
54 115 1724
54 117 86
54 122 3874
54 133 2247
54 134 9384
54 143 3301
54 147 6094
54 149 5525
54 153 8701
54 155 5554
54 157 623
54 160 85
54 165 4503
54 167 6880
54 168 1036
54 171 5390
54 174 1454
54 175 5258
54 179 3370
54 184 7703
54 185 8822
54 190 7821
54 193 7588
54 203 4023
54 210 4964
54 215 9767
54 216 6759
54 217 2555
54 224 8683
54 226 8572
54 230 2021
54 233 703
55 56 6489
55 58 669
55 67 1851
55 68 2400
55 69 1816
55 70 4764
55 71 8495
55 73 9091
55 78 7868
55 85 1095
55 89 8220
55 90 1009
55 92 6611
55 93 831
55 99 9323
55 106 7001
55 109 7217
55 116 5512
55 119 1158
55 121 5056
55 123 6393
55 124 2972
55 127 6867
55 132 1877
55 135 3475
55 137 8880
55 142 6215
55 150 5454
55 152 8182
55 153 6673
55 155 4724
55 156 2258
55 157 1494
55 160 5380
55 165 1413
55 166 2477
55 168 5231
55 176 4314
55 186 2342
55 189 682
55 190 4266
55 194 2565
55 201 5489
55 202 595
55 209 3642
55 213 3520
55 216 3751
55 220 9594
55 221 3795
55 223 6631
55 224 3487
55 228 116
55 229 6946
56 58 4822
56 65 1343
56 67 9784
56 73 5700
56 79 5195
56 89 4297
56 95 444
56 99 4653
56 100 7983
56 109 6497
56 112 3980
56 113 3790
56 120 2994
56 124 2397
56 127 7708
56 129 7277
56 131 8561
56 136 9370
56 138 7231
56 143 4578
56 144 5236
56 145 8118
56 147 9081
56 149 8624
56 151 3491
56 164 3367
56 168 193
56 174 2228
56 175 6598
56 176 3832
56 181 5569
56 186 5523
56 187 5991
56 188 6595
56 191 7028
56 195 799
56 205 1247
56 206 6473
56 210 1435
56 217 2497
56 221 3567
56 223 7538
56 233 9610
57 62 2029
57 68 4963
57 70 9323
57 74 7438
57 75 5373
57 79 5633
57 82 3076
57 88 5307
57 104 7470
57 105 1576
57 109 4754
57 114 2666
57 115 8691
57 124 896
57 126 6304
57 134 845
57 137 4939
57 139 8940
57 140 9484
57 141 1107
57 154 4328
57 157 6521
57 160 1745
57 161 5916
57 171 4151
57 176 7778
57 182 6334
57 189 2112
57 190 9680
57 191 9854
57 201 3998
57 203 3565
57 204 1576
57 209 4437
57 213 9550
57 218 9135
57 219 5754
57 220 7099
57 222 9787
57 223 8596
57 224 4328
57 226 640
57 231 8483
57 236 1933
58 61 3834
58 64 2550
58 65 2812
58 66 1163
58 68 4296
58 75 180
58 76 4054
58 77 293
58 78 9037
58 82 304
58 84 4893
58 92 7547
58 96 7154
58 105 9655
58 107 8199
58 113 1367
58 115 8097
58 116 9137
58 117 4678
58 119 6080
58 121 1135
58 122 7814
58 125 9640
58 126 1274
58 133 3591
58 135 2622
58 137 6762
58 150 1067
58 154 4636
58 155 4139
58 156 9778
58 163 3076
58 165 9467
58 170 3165
58 171 4184
58 173 2070
58 178 3633
58 181 5792
58 183 1497
58 190 3021
58 191 1771
58 192 9126
58 196 9648
58 197 4428
58 210 2587
58 212 9273
58 217 2046
58 220 4110
58 221 4687
58 229 1116
59 65 3124
59 66 7623
59 69 1998
59 71 1911
59 79 9212
59 82 4042
59 83 7745
59 86 1716
59 100 8036
59 108 3380
59 112 8274
59 114 5900
59 115 6014
59 121 8278
59 125 3918
59 130 4661
59 140 2106
59 143 4488
59 155 6971
59 161 4486
59 166 400
59 174 7201
59 176 9300
59 177 4454
59 180 9416
59 182 6536
59 185 8810
59 186 1882
59 187 3802
59 188 5073
59 189 2331
59 199 4088
59 204 6281
59 207 7144
59 208 6797
59 210 2471
59 212 2589
59 214 2853
59 225 3274
59 230 2872
59 231 7318
60 62 8621
60 65 7155
60 67 5415
60 76 3745
60 80 2986
60 83 3043
60 86 1756
60 87 6510
60 91 1391
60 96 7552
60 97 7758
60 100 5861
60 104 2509
60 105 6543
60 109 4638
60 113 9017
60 114 7825
60 118 7403
60 121 1622
60 122 1634
60 123 3304
60 126 5797
60 128 2652
60 130 4217
60 131 4785
60 132 968
60 133 5242
60 138 251
60 140 7618
60 146 9899
60 147 1000
60 152 3472
60 155 5861
60 156 9680
60 158 6941
60 169 3435
60 171 5840
60 173 6441
60 174 3209
60 176 5486
60 177 4355
60 180 7305
60 189 5008
60 200 2446
60 205 2262
60 206 8315
60 209 3573
60 212 9192
60 220 9376
60 222 4668
60 228 3300
60 229 1640
60 235 5318
60 236 5863
61 68 6723
61 78 727
61 79 8093
61 87 1755
61 88 9430
61 91 7268
61 94 9607
61 99 2337
61 100 7095
61 108 8379
61 111 9282
61 116 7105
61 120 9993
61 121 7930
61 128 7563
61 133 5963
61 135 7323
61 142 2492
61 145 7656
61 149 3292
61 155 8401
61 157 7081
61 163 6697
61 165 3790
61 171 5708
61 173 9441
61 177 824
61 182 2554
61 187 9565
61 190 9431
61 197 9288
61 198 7512
61 206 2195
61 210 4981
61 219 9813
61 228 7199
61 233 9588
62 64 583
62 65 8130
62 67 7145
62 68 9932
62 69 4690
62 73 1280
62 76 7077
62 77 2910
62 79 2132
62 88 9875
62 91 2953
62 95 2939
62 100 1396
62 108 2034
62 111 5337
62 114 2948
62 128 2004
62 133 9619
62 135 9869
62 137 8598
62 138 8486
62 141 5109
62 144 3530
62 150 5345
62 151 5914
62 152 4510
62 154 4371
62 159 5211
62 162 6948
62 169 2906
62 175 2680
62 177 2418
62 178 3847
62 179 9245
62 180 2082
62 181 7406
62 186 4795
62 191 5489
62 193 7147
62 195 1587
62 198 6272
62 199 173
62 202 753
62 211 3190
62 215 9750
62 217 2960
62 224 5511
62 230 1793
63 65 5044
63 71 5580
63 72 5732
63 73 1775
63 74 8363
63 79 6797
63 83 6713
63 91 4484
63 93 7708
63 95 2501
63 99 723
63 100 9771
63 105 515
63 122 9087
63 126 7297
63 139 4516
63 145 6659
63 153 9107
63 154 6603
63 160 5959
63 165 7074
63 168 1477
63 178 2472
63 187 5281
63 189 5038
63 190 5619
63 192 9293
63 195 6242
63 200 9695
63 201 3102
63 205 2577
63 207 9007
63 208 2449
63 209 5901
63 216 6298
63 218 3632
63 220 9628
63 225 866
63 227 2365
63 232 1925
64 83 8757
64 102 5945
64 104 604
64 108 6608
64 118 3491
64 123 9304
64 132 4162
64 138 8974
64 140 5700
64 142 2427
64 147 7889
64 155 8838
64 158 9445
64 161 7884
64 162 1177
64 168 6302
64 172 6715
64 180 1992
64 187 8931
64 189 4559
64 192 7546
64 195 7828
64 197 8919
64 200 469
64 202 1976
64 213 5900
64 214 7745
64 215 5669
64 216 7677
64 217 6890
64 225 1657
64 228 3518
65 77 9234
65 85 2322
65 97 3008
65 103 8249
65 106 4442
65 107 3445
65 126 7329
65 128 6469
65 129 6133
65 132 5508
65 134 5261
65 143 7904
65 144 372
65 149 6753
65 151 3472
65 152 4583
65 154 7535
65 157 3533
65 159 8282
65 162 1903
65 164 926
65 166 9305
65 167 4810
65 169 4039
65 172 7247
65 174 118
65 175 4557
65 178 2455
65 187 9066
65 188 3723
65 189 5554
65 192 8270
65 194 4793
65 200 3932
65 217 4791
65 222 503
65 223 9613
65 226 6530
65 230 1136
66 67 2969
66 68 7269
66 71 6034
66 72 4128
66 84 4446
66 87 7834
66 90 4643
66 95 8962
66 99 2363
66 100 7185
66 103 9317
66 106 738
66 110 8038
66 111 9106
66 112 2120
66 115 1140
66 118 4412
66 120 6170
66 121 4347
66 129 7698
66 133 3730
66 141 7355
66 143 5398
66 144 3077
66 145 2274
66 148 2106
66 152 308
66 156 3312
66 161 172
66 162 8216
66 180 306
66 191 3309
66 196 4951
66 200 8198
66 202 2389
66 207 5165
66 213 3690
66 215 1990
66 216 4765
66 219 7040
66 228 6349
66 229 4565
66 232 2717
66 233 5193
66 236 5332
67 70 8511
67 73 9748
67 77 9925
67 80 9823
67 82 7838
67 83 3137
67 87 9845
67 90 7200
67 91 910
67 92 580
67 94 4579
67 98 2619
67 101 7734
67 102 127
67 104 8543
67 106 1478
67 108 9798
67 114 4137
67 117 2893
67 118 3382
67 120 7981
67 122 1015
67 126 7935
67 127 389
67 128 5814
67 138 3249
67 139 6100
67 141 3944
67 148 1828
67 151 5480
67 153 2354
67 154 8598
67 155 6533
67 157 6461
67 162 2846
67 164 9888
67 166 1316
67 168 1454
67 170 4115
67 173 909
67 174 1242
67 179 8145
67 187 6645
67 197 2611
67 199 3049
67 200 5484
67 201 5789
67 204 7796
67 212 8621
67 216 5590
67 219 5584
67 229 4269
67 232 3974
68 72 7047
68 74 5497
68 76 9629
68 77 2261
68 84 8040
68 85 6733
68 91 164
68 97 3803
68 100 1150
68 102 7213
68 106 8052
68 107 6264
68 112 4687
68 116 29
68 119 60
68 120 2104
68 121 2752
68 123 2379
68 138 5982
68 146 779
68 148 9293
68 166 9552
68 167 6885
68 168 2086
68 179 9935
68 187 9862
68 188 6667
68 193 471
68 196 3193
68 203 6596
68 204 9968
68 205 9970
68 221 1794
68 226 3082
68 227 2286
68 235 2860
69 71 4518
69 73 3061
69 77 5952
69 82 2162
69 86 9391
69 92 4411
69 93 6963
69 94 7475
69 100 3136
69 101 7207
69 104 6636
69 109 6287
69 116 5896
69 118 4450
69 119 8318
69 121 6856
69 122 120
69 127 6694
69 136 1996
69 143 3625
69 147 1024
69 150 5867
69 155 2906
69 156 5844
69 160 1624
69 162 6433
69 163 4681
69 167 7913
69 169 6514
69 174 3999
69 176 8415
69 177 2962
69 184 9443
69 185 6273
69 188 3224
69 189 8365
69 191 8205
69 193 3450
69 196 7330
69 197 3682
69 209 5664
69 210 5033
69 220 8132
69 221 3763
69 225 1171
69 226 8385
69 227 4276
69 229 7721
69 230 2544
69 232 370
69 234 1178
69 236 988
70 74 9614
70 77 4529
70 78 2521
70 87 3566
70 89 3487
70 90 6115
70 91 4747
70 94 9361
70 102 6450
70 107 9409
70 109 4933
70 110 8182
70 116 7369
70 119 4995
70 123 2816
70 132 8072
70 135 125
70 138 7797
70 141 7210
70 142 1660
70 143 9609
70 153 7746
70 160 9616
70 166 6618
70 171 8596
70 177 9676
70 178 1446
70 181 820
70 182 2687
70 189 3075
70 190 1200
70 199 846
70 207 2709
70 211 8144
70 216 3187
70 217 7462
70 221 7170
70 226 5929
70 227 2298
70 230 3839
71 99 1856
71 107 5634
71 112 1131
71 116 2781
71 117 9971
71 118 8621
71 120 9005
71 122 5248
71 123 7138
71 124 2600
71 132 1002
71 139 3594
71 140 1535
71 141 3072
71 143 4586
71 148 4653
71 155 5854
71 158 8760
71 166 9706
71 167 9477
71 168 614
71 171 8351
71 172 1931
71 173 2226
71 174 8136
71 175 5107
71 182 8035
71 184 2948
71 188 9205
71 189 3832
71 192 1697
71 194 4750
71 196 9029
71 199 92
71 215 6413
71 216 126
71 219 8377
71 227 9568
71 229 556
71 231 8126
71 232 8012
71 233 3589
71 236 8966
72 75 4505
72 76 3115
72 80 4083
72 81 7517
72 83 9560
72 84 1139
72 91 3452
72 99 7667
72 101 7010
72 102 2151
72 103 9309
72 110 4431
72 111 3877
72 113 785
72 117 360
72 118 8827
72 120 5125
72 121 7941
72 131 8343
72 135 4091
72 136 9765
72 154 112
72 157 8864
72 158 8939
72 181 9073
72 188 6250
72 189 4917
72 190 5542
72 198 4333
72 201 5073
72 206 5128
72 214 9021
72 216 7061
72 218 2560
72 219 7899
72 220 4442
72 223 3025
72 232 1763
72 234 8849
72 236 5109
73 74 9666
73 76 8632
73 77 7981
73 78 2519
73 80 5060
73 89 9954
73 95 6254
73 102 6840
73 103 38
73 104 4680
73 108 4766
73 111 5101
73 113 2525
73 115 7500
73 120 7556
73 126 127
73 127 4881
73 131 9845
73 134 7800
73 137 8488
73 142 6677
73 144 9688
73 145 9791
73 149 1903
73 159 595
73 160 5193
73 165 9410
73 169 1104
73 184 7910
73 185 5923
73 188 5451
73 190 1565
73 191 6060
73 200 8488
73 209 6881
73 215 352
73 219 3261
73 220 4600
73 225 9089
73 229 7876
73 230 7693
73 233 1505
73 236 5971
74 76 2980
74 83 2703
74 86 2876
74 92 9657
74 93 3307
74 95 1527
74 105 9999
74 111 4489
74 112 1720
74 114 4948
74 115 2211
74 118 2776
74 123 4951
74 130 695
74 135 3415
74 138 5551
74 144 3837
74 145 9
74 147 2684
74 148 9321
74 149 3673
74 155 8017
74 157 6449
74 163 5750
74 164 7285
74 168 54
74 173 7474
74 174 8842
74 175 1753
74 176 8905
74 181 4214
74 185 7432
74 186 1254
74 188 7240
74 191 4417
74 192 1111
74 194 8413
74 197 2860
74 206 3561
74 222 194
74 223 2748
74 224 9245
74 230 8406
74 233 1139
74 234 2440
74 235 24
75 81 4613
75 92 5431
75 97 3872
75 100 5960
75 102 3817
75 104 1650
75 107 5716
75 112 8761
75 114 1313
75 117 5583
75 121 2877
75 125 2036
75 128 7107
75 129 6525
75 135 2831
75 138 8709
75 144 2155
75 146 5798
75 150 3509
75 153 7233
75 160 1012
75 163 1825
75 166 1718
75 168 846
75 171 3906
75 184 2107
75 192 6332
75 197 4245
75 202 1127
75 209 3585
75 215 9599
75 218 3598
75 220 2014
75 222 6635
75 227 8315
75 230 210
76 77 354
76 84 6647
76 85 9394
76 86 5466
76 87 291
76 91 732
76 96 6137
76 97 3970
76 102 393
76 104 542
76 116 6989
76 118 8858
76 123 7078
76 124 6752
76 126 8252
76 131 78
76 134 6804
76 145 6281
76 147 2165
76 148 4974
76 150 5026
76 160 9773
76 164 1369
76 173 4337
76 185 4407
76 188 388
76 214 432
76 217 5864
76 225 9302
76 230 1931
76 231 7338
77 91 2302
77 92 1660
77 93 341
77 94 6162
77 95 6252
77 100 1077
77 102 2366
77 105 6888
77 108 5205
77 111 1264
77 119 1037
77 120 3711
77 123 731
77 130 7206
77 132 8558
77 133 5712
77 141 8487
77 142 2726
77 152 5203
77 155 9773
77 157 7965
77 163 8694
77 165 5555
77 168 1934
77 169 4175
77 170 3822
77 171 4692
77 176 1731
77 184 727
77 185 9124
77 189 914
77 193 3029
77 195 8863
77 196 4920
77 202 5247
77 221 9326
77 234 6559
77 235 7798
78 80 6878
78 90 3988
78 91 3224
78 95 4243
78 102 8373
78 107 1885
78 108 7174
78 111 6032
78 112 4438
78 113 6927
78 115 6168
78 118 5330
78 126 2498
78 128 7231
78 129 2768
78 130 557
78 140 7024
78 143 689
78 146 7150
78 148 8624
78 150 5730
78 151 242
78 154 5374
78 156 153
78 160 7680
78 163 5106
78 167 2908
78 168 5335
78 170 9057
78 175 5043
78 178 2476
78 187 9479
78 197 1864
78 199 631
78 202 6983
78 206 5611
78 207 6786
78 210 4008
78 222 8143
78 226 7177
78 230 1978
78 232 4721
79 82 1601
79 88 1661
79 90 2384
79 96 7936
79 99 9654
79 103 2421
79 104 9113
79 107 5353
79 108 4448
79 115 8650
79 120 167
79 121 5162
79 129 298
79 132 4415
79 135 9924
79 136 317
79 137 7659
79 138 436
79 140 4030
79 141 430
79 142 5408
79 145 3897
79 151 7758
79 152 9648
79 153 5475
79 158 8788
79 160 9867
79 161 5264
79 162 4776
79 164 4001
79 166 1881
79 167 2789
79 168 2948
79 178 9901
79 181 2450
79 182 4584
79 184 8173
79 185 4189
79 189 7723
79 193 9911
79 196 5152
79 197 4869
79 199 7008
79 201 9584
79 206 7647
79 208 1353
79 210 4245
79 211 9111
79 212 1528
79 214 7424
79 224 8573
79 228 3079
79 234 4227
80 83 213
80 84 736
80 85 5124
80 86 277
80 97 1411
80 99 7630
80 107 9753
80 109 2180
80 111 5930
80 113 701
80 116 5750
80 119 7039
80 121 5010
80 125 6233
80 129 4997
80 133 6880
80 136 8440
80 138 9188
80 142 4248
80 144 4167
80 146 4761
80 147 5397
80 154 1971
80 158 2468
80 166 5239
80 172 2318
80 184 1492
80 189 5089
80 193 5829
80 201 5565
80 214 1913
80 226 2827
80 229 6723
80 230 6772
80 235 8268
81 85 9305
81 87 1448
81 98 5166
81 99 928
81 101 5471
81 102 1846
81 106 8472
81 107 1160
81 115 4989
81 118 5375
81 120 9208
81 123 636
81 124 2044
81 135 2258
81 136 692
81 138 4105
81 140 5569
81 143 2350
81 145 3889
81 146 8742
81 148 3315
81 157 534
81 158 9915
81 165 1932
81 166 9568
81 167 4462
81 169 2515
81 173 9047
81 177 3736
81 182 4487
81 186 8260
81 188 4201
81 190 4292
81 191 3045
81 194 475
81 195 7283
81 200 4765
81 203 6369
81 209 7172
81 217 4685
81 223 3349
81 225 8215
81 227 2243
81 229 6035
81 230 5298
82 83 3286
82 84 7801
82 87 8419
82 89 1678
82 90 3741
82 96 3852
82 97 7490
82 99 4242
82 104 3469
82 111 1309
82 112 7330
82 116 6543
82 135 5371
82 137 4086
82 142 891
82 143 3926
82 144 1522
82 146 9929
82 150 2627
82 151 9928
82 154 1024
82 156 4343
82 162 5055
82 168 7815
82 169 8652
82 170 5083
82 172 8593
82 173 4504
82 174 2839
82 179 4767
82 181 9250
82 184 8930
82 190 3052
82 200 6593
82 202 3994
82 208 6792
82 211 4923
82 212 8051
82 216 4466
82 223 7736
82 230 9821
82 232 9794
82 234 4509
83 93 6579
83 95 2405
83 98 1237
83 100 7663
83 102 4503
83 107 4307
83 110 6044
83 112 7809
83 116 104
83 118 5007
83 120 289
83 125 4994
83 131 80
83 136 8992
83 148 5065
83 154 4068
83 160 6461
83 165 1299
83 172 9597
83 177 7675
83 180 2524
83 181 8240
83 182 4464
83 188 761
83 191 6419
83 192 7984
83 197 5221
83 198 8696
83 205 1732
83 216 5297
83 223 6616
83 224 4754
83 234 6782
84 89 5976
84 98 9009
84 99 6113
84 101 5148
84 102 501
84 107 4982
84 111 6366
84 113 984
84 114 9542
84 120 6723
84 124 3810
84 128 3977
84 130 9627
84 142 8632
84 143 1590
84 155 1048
84 158 5522
84 159 6489
84 160 6658
84 162 7747
84 163 320
84 166 1463
84 171 1465
84 175 5515
84 178 4882
84 183 1749
84 193 8896
84 194 2659
84 195 4669
84 197 7760
84 198 371
84 200 6056
84 202 2150
84 203 7142
84 205 1493
84 211 8009
84 214 9006
84 216 8565
84 223 461
84 231 2301
84 232 7466
85 87 8889
85 90 3764
85 97 6252
85 99 9796
85 100 3220
85 110 7472
85 122 8629
85 127 3386
85 130 2279
85 132 5035
85 137 5176
85 140 9105
85 141 9032
85 143 8124
85 145 9685
85 146 3233
85 149 5076
85 152 3886
85 154 1373
85 155 4868
85 157 3027
85 160 7104
85 167 9654
85 176 4213
85 177 1919
85 179 1923
85 182 5588
85 184 410
85 192 3796
85 193 635
85 194 8810
85 199 5485
85 206 7931
85 208 2596
85 210 8252
85 212 8725
85 215 5533
85 216 1819
85 218 9827
85 219 4146
85 220 627
85 221 6818
85 225 9138
85 227 3710
85 231 2949
85 235 7466
86 87 1156
86 90 7717
86 91 2444
86 94 6669
86 103 8452
86 109 6413
86 110 4000
86 117 2153
86 120 4114
86 123 4342
86 125 6556
86 133 9926
86 138 7425
86 148 7305
86 149 1651
86 155 4936
86 162 8352
86 168 2668
86 172 8385
86 174 8437
86 177 7133
86 178 3964
86 183 904
86 185 9213
86 186 7940
86 196 6200
86 197 1284
86 199 5314
86 203 5366
86 209 102
86 210 341
86 213 9174
86 215 2973
86 219 4039
86 228 8422
86 234 6149
87 97 295
87 119 8942
87 122 4456
87 125 9506
87 133 2449
87 138 806
87 139 7333
87 143 8662
87 144 8917
87 146 8792
87 155 3790
87 157 3128
87 161 2335
87 169 6765
87 171 6296
87 172 1944
87 179 2117
87 181 9605
87 182 6737
87 183 5342
87 207 9898
87 209 1651
87 210 1522
87 212 415
87 213 9027
87 214 5619
87 215 3868
87 216 3248
87 223 3151
87 231 4558
87 235 3994
88 98 3663
88 100 2208
88 101 5522
88 104 445
88 122 6027
88 133 6843
88 135 2319
88 136 2493
88 139 242
88 145 445
88 153 645
88 154 3262
88 155 976
88 162 4114
88 167 9249
88 172 6922
88 175 3272
88 182 8891
88 184 6825
88 189 5094
88 195 5991
88 196 8994
88 198 3549
88 202 5216
88 204 7358
88 205 2369
88 206 3672
88 209 4250
88 213 4570
88 215 8478
88 217 815
88 222 5040
89 92 9592
89 97 5844
89 104 3004
89 106 5081
89 107 8874
89 110 3970
89 116 5246
89 118 8639
89 119 4440
89 121 352
89 125 9872
89 128 9686
89 130 6388
89 133 3124
89 141 2146
89 142 3959
89 143 6031
89 157 2657
89 166 8507
89 167 3074
89 170 2401
89 174 9354
89 175 1387
89 177 8818
89 179 4806
89 191 3397
89 192 2197
89 193 976
89 194 8217
89 195 4503
89 196 6124
89 198 6894
89 200 2932
89 204 7483
89 207 1330
89 213 9785
89 215 8318
89 217 2437
89 220 392
89 222 5056
90 97 760
90 100 7294
90 103 3327
90 106 7649
90 108 5498
90 120 308
90 123 114
90 134 5487
90 135 4532
90 136 210
90 138 7584
90 146 1045
90 150 3331
90 152 4967
90 160 676
90 161 8437
90 162 8520
90 165 4755
90 171 3189
90 172 4216
90 184 3211
90 186 4956
90 188 329
90 189 4787
90 193 7261
90 196 5234
90 208 9066
90 216 1870
90 218 3409
90 219 4034
90 221 369
90 223 605
90 225 3633
91 96 2758
91 111 4379
91 112 9455
91 114 3677
91 115 1177
91 120 2901
91 132 238
91 133 5156
91 137 6846
91 138 7551
91 140 7395
91 152 2425
91 157 7413
91 164 243
91 165 3064
91 167 6031
91 174 5312
91 177 2145
91 179 2930
91 180 1990
91 184 1302
91 185 1692
91 190 3804
91 191 5986
91 193 8991
91 195 2119
91 199 2114
91 200 4519
91 204 5966
91 206 5292
91 213 7899
91 215 6228
91 230 2927
91 232 9322
92 96 490
92 98 6388
92 113 6163
92 118 7215
92 120 8542
92 121 3670
92 126 4204
92 129 6140
92 130 5172
92 135 4543
92 139 7421
92 141 1085
92 147 8293
92 154 2550
92 169 8720
92 171 5373
92 172 3062
92 173 7155
92 179 8106
92 184 5362
92 190 2601
92 191 9154
92 199 6068
92 200 4711
92 202 9646
92 203 3159
92 207 9845
92 214 9707
92 216 1724
92 222 4011
92 228 2583
92 233 4660
92 234 9453
93 95 8072
93 102 6901
93 103 8013
93 107 9402
93 120 8809
93 121 6152
93 122 1267
93 124 7404
93 125 7280
93 128 3963
93 138 519
93 139 8768
93 153 7411
93 157 9788
93 165 1188
93 182 2321
93 183 9957
93 186 9744
93 195 4571
93 197 9473
93 199 8190
93 202 1968
93 219 6862
93 221 5041
93 226 8485
93 229 7987
93 231 6647
93 235 2624
94 98 106
94 100 8111
94 101 9869
94 105 8060
94 109 7840
94 110 3601
94 111 8248
94 112 281
94 115 4908
94 119 5269
94 122 4650
94 127 6932
94 130 7764
94 131 5770
94 137 6216
94 147 2272
94 152 2574
94 162 3015
94 174 2239
94 175 8058
94 177 730
94 178 3944
94 193 6912
94 194 9511
94 198 3980
94 199 3259
94 201 956
94 202 7333
94 205 3065
94 207 5413
94 210 9787
94 215 3135
94 226 4651
94 227 5317
94 230 7669
94 232 3617
95 102 4678
95 107 7225
95 108 4091
95 113 4878
95 125 7670
95 132 8046
95 133 5667
95 134 3151
95 135 9661
95 138 4580
95 139 5371
95 157 4217
95 162 4534
95 163 5862
95 170 5403
95 175 7903
95 178 5897
95 181 8707
95 184 9720
95 186 5996
95 198 8960
95 204 6945
95 209 7262
95 210 4300
95 213 7331
95 218 8227
95 219 4355
95 222 7088
95 224 1135
95 225 8009
95 226 286
95 228 7997
95 230 2350
96 100 3718
96 105 930
96 107 6228
96 112 4361
96 115 1531
96 125 3602
96 132 3508
96 138 6270
96 162 4907
96 165 1061
96 167 232
96 176 3165
96 180 9208
96 181 5768
96 183 2388
96 184 6913
96 185 8463
96 190 3835
96 192 5039
96 197 620
96 199 810
96 204 3646
96 209 780
96 217 8734
96 219 7838
96 221 94
96 223 5729
97 99 8484
97 100 8886
97 101 6982
97 106 7092
97 110 9986
97 112 369
97 116 7466
97 117 2475
97 125 9517
97 127 8035
97 128 1343
97 134 3133
97 135 8706
97 140 687
97 141 4511
97 151 8843
97 152 688
97 157 5770
97 160 6960
97 179 5716
97 182 7091
97 187 3273
97 189 6165
97 192 8376
97 194 7857
97 197 6460
97 205 7267
97 207 1379
97 217 196
97 218 4028
97 222 4261
97 229 9937
97 232 4764
97 233 5029
98 100 4628
98 101 5754
98 116 2792
98 119 9336
98 122 2497
98 125 9011
98 130 1097
98 133 5504
98 134 3351
98 135 9815
98 146 2929
98 165 2880
98 175 2789
98 177 9603
98 183 2455
98 186 2245
98 188 1536
98 192 9701
98 196 18
98 197 3438
98 205 2912
98 207 3926
98 211 5925
98 220 4718
98 229 5916
98 231 8169
98 233 5239
98 236 4872
99 104 2029
99 107 7903
99 110 7074
99 122 8122
99 123 1174
99 124 4186
99 127 2854
99 132 3177
99 134 9535
99 139 7341
99 145 3091
99 147 727
99 150 8776
99 151 9408
99 153 2918
99 159 9920
99 161 5540
99 174 4554
99 179 7575
99 181 1324
99 183 7083
99 186 5380
99 207 5712
99 208 2771
99 220 7187
99 221 7898
99 223 3951
99 227 8855
99 236 1513
100 126 2749
100 127 2460
100 133 7911
100 139 308
100 148 6838
100 149 7637
100 150 5681
100 151 8044
100 153 2271
100 156 9944
100 157 650
100 159 9904
100 160 5297
100 165 3987
100 168 2371
100 170 9094
100 183 4599
100 184 4154
100 188 914
100 195 890
100 196 868
100 203 5552
100 206 1325
100 207 119
100 211 1038
100 212 747
100 214 6464
100 216 8948
100 218 8872
100 221 9591
100 223 306
100 225 8961
100 234 2232
101 102 895
101 105 1581
101 110 3564
101 111 3019
101 121 9126
101 122 6241
101 127 8371
101 134 1022
101 136 6505
101 138 6313
101 140 3739
101 150 2291
101 155 4801
101 162 5512
101 168 7418
101 169 2182
101 173 9126
101 174 1572
101 182 4327
101 185 2189
101 188 8134
101 194 3507
101 203 8413
101 204 3437
101 206 7710
101 209 7849
101 213 4798
101 214 7195
101 217 797
101 227 8164
101 230 2380
101 231 9640
101 234 8184
102 103 4990
102 105 5416
102 112 480
102 118 4253
102 121 6221
102 123 1338
102 131 5851
102 132 8460
102 133 9610
102 134 2613
102 137 6123
102 141 9323
102 152 4698
102 153 4005
102 155 7993
102 157 5484
102 160 5894
102 167 3740
102 168 9634
102 170 4568
102 181 4859
102 185 4606
102 186 9021
102 190 8876
102 191 6410
102 194 6050
102 195 3184
102 197 2193
102 199 3268
102 200 2295
102 203 4511
102 205 982
102 207 8894
102 209 6779
102 216 6077
102 217 3850
102 221 6215
102 224 4551
102 225 6062
102 228 950
102 230 8338
102 232 1274
102 235 1654
103 109 7779
103 113 1841
103 114 5620
103 120 1048
103 125 1901
103 131 1004
103 134 2610
103 138 181
103 139 7625
103 145 5037
103 146 8634
103 150 9446
103 155 5302
103 158 6901
103 168 7684
103 174 629
103 176 8880
103 178 6342
103 182 7532
103 183 1137
103 187 7751
103 189 8014
103 191 8853
103 192 2916
103 193 1232
103 206 1670
103 210 4403
103 222 657
103 224 2394
103 226 473
103 228 3515
103 234 6307
104 106 9498
104 114 5922
104 118 6705
104 120 3159
104 126 9255
104 127 9653
104 132 4163
104 133 65
104 135 1280
104 137 2945
104 139 6648
104 155 3583
104 158 2097
104 159 7690
104 164 2958
104 176 9315
104 182 1559
104 191 1724
104 198 3763
104 201 1353
104 207 7475
104 209 7446
104 214 6750
104 222 4795
104 228 8192
104 230 3311
104 231 1669
104 233 3935
104 235 7338
105 110 2014
105 112 7540
105 119 5731
105 124 6963
105 126 4747
105 129 5347
105 132 5080
105 133 453
105 144 1524
105 146 45
105 150 6365
105 152 6549
105 155 1680
105 159 8389
105 174 8143
105 175 6765
105 177 1033
105 178 2615
105 181 8378
105 182 3417
105 185 2333
105 186 3240
105 191 2787
105 198 7633
105 200 2032
105 201 3747
105 204 1235
105 205 8745
105 207 1518
105 209 7752
105 210 1732
105 212 5854
105 214 163
105 224 7569
105 229 2671
105 231 8630
105 234 3388
106 108 9916
106 109 6050
106 110 997
106 112 8930
106 116 8913
106 122 1486
106 123 3553
106 124 7616
106 126 9233
106 127 8466
106 131 9222
106 134 6819
106 135 4453
106 139 7381
106 141 5720
106 142 3197
106 143 7491
106 145 4846
106 150 1374
106 153 3999
106 154 6969
106 157 2769
106 166 9531
106 169 4111
106 176 8200
106 177 8261
106 179 9601
106 185 9491
106 189 5632
106 190 6127
106 192 6281
106 203 3978
106 204 7767
106 205 2789
106 214 2851
106 217 9718
106 220 681
106 221 6264
106 223 7893
106 224 3041
106 231 7172
106 234 8779
107 109 1879
107 111 3469
107 117 8622
107 124 7649
107 129 7424
107 137 3398
107 142 4151
107 143 3696
107 156 5417
107 161 4358
107 166 3697
107 171 7734
107 174 2393
107 175 8224
107 186 7648
107 192 1100
107 195 1257
107 197 7722
107 204 6968
107 205 997
107 207 4233
107 211 9751
107 213 8016
107 218 2606
107 225 5390
107 229 6250
107 232 8068
108 118 2599
108 123 4069
108 124 4011
108 126 2322
108 129 3437
108 132 4165
108 144 9114
108 145 9676
108 151 3225
108 152 569
108 155 8286
108 162 3533
108 166 1790
108 169 3943
108 170 1289
108 171 1999
108 173 5620
108 176 3743
108 179 584
108 180 8433
108 185 7786
108 189 8454
108 191 2291
108 198 8032
108 202 6205
108 206 2027
108 211 4085
108 212 121
108 214 7989
108 221 8935
108 223 189
108 230 5975
108 232 9496
109 112 6926
109 121 6200
109 133 5087
109 134 1556
109 135 8875
109 137 9987
109 143 8513
109 145 4387
109 147 9998
109 151 3576
109 155 6064
109 159 5376
109 168 9282
109 175 4782
109 177 255
109 185 9855
109 193 8693
109 200 3923
109 208 674
109 209 6925
109 211 1871
109 224 4288
109 229 4048
109 230 4927
109 232 3481
109 233 5434
110 113 2661
110 115 7365
110 121 5506
110 128 8284
110 133 9885
110 134 472
110 138 51
110 141 9431
110 143 6433
110 146 6538
110 147 7850
110 154 1414
110 159 7656
110 170 4692
110 175 7706
110 177 9124
110 181 9515
110 186 7961
110 187 7962
110 188 2043
110 197 3013
110 202 1077
110 203 5359
110 207 9024
110 213 8076
110 224 8877
110 229 2799
110 231 6852
110 234 4288
110 235 1288
111 119 6821
111 125 7693
111 126 1589
111 134 3665
111 139 8218
111 143 3029
111 148 358
111 157 9815
111 158 2898
111 159 9053
111 165 858
111 173 6435
111 185 5462
111 189 1038
111 190 2614
111 196 4186
111 198 2735
111 202 875
111 204 8370
111 213 4141
111 214 7423
111 221 2026
111 226 5041
111 236 4138
112 118 6447
112 122 4830
112 123 1952
112 124 7182
112 125 5128
112 131 1935
112 135 3697
112 137 6761
112 138 591
112 139 866
112 148 7763
112 151 8408
112 152 4722
112 160 7887
112 170 592
112 173 2298
112 174 4800
112 186 4951
112 197 2177
112 202 2495
112 203 1085
112 204 6808
112 205 5308
112 208 2374
112 211 7093
112 217 7026
112 219 675
112 223 4784
112 224 8170
112 225 3651
112 228 2087
112 232 8026
112 233 1364
112 234 5896
113 124 5211
113 125 5020
113 127 7082
113 148 9413
113 149 2627
113 150 2272
113 154 9741
113 159 1847
113 161 1681
113 165 2829
113 167 5419
113 168 7740
113 171 7426
113 173 7097
113 182 1458
113 185 9718
113 188 4611
113 190 253
113 191 316
113 202 6837
113 204 8270
113 206 5779
113 207 9418
113 209 8142
113 213 6879
113 217 6363
113 223 779
113 225 5153
113 226 2512
113 227 5143
113 229 3294
113 230 8926
113 233 114
113 235 6061
113 236 8641
114 115 507
114 118 8970
114 121 8313
114 125 2233
114 126 8672
114 129 1477
114 130 1828
114 135 4460
114 137 7254
114 152 8191
114 157 5192
114 160 7573
114 164 8267
114 169 9876
114 174 2127
114 181 9091
114 189 2731
114 190 1984
114 194 9749
114 201 3082
114 206 2358
114 211 3463
114 224 8817
114 229 238
114 234 1882
115 119 6736
115 125 2903
115 126 8390
115 127 7885
115 133 5435
115 136 6623
115 137 8178
115 143 1240
115 146 9733
115 147 8060
115 149 6347
115 159 4618
115 162 6417
115 173 9639
115 174 8981
115 177 4208
115 184 9633
115 191 1114
115 198 5143
115 199 2069
115 204 7835
115 205 8812
115 215 8734
115 220 4771
115 221 7523
115 222 8747
115 224 4589
115 231 3306
116 123 7578
116 124 134
116 127 4949
116 131 9144
116 135 1968
116 137 8412
116 138 6344
116 147 5192
116 148 2173
116 155 6119
116 168 806
116 170 7711
116 172 1439
116 181 2206
116 185 4453
116 186 4579
116 189 2188
116 191 8780
116 193 5202
116 197 6706
116 198 609
116 200 5673
116 202 8471
116 209 9115
116 212 5276
116 213 7928
116 229 5031
116 233 645
117 118 6463
117 119 7864
117 120 8083
117 131 3112
117 132 5714
117 136 300
117 143 2872
117 144 4987
117 146 8950
117 160 5344
117 165 6080
117 169 3423
117 171 2138
117 184 4561
117 185 9257
117 186 331
117 199 3427
117 200 3582
117 203 8200
117 204 2797
117 206 9642
117 209 5938
117 210 7660
117 216 388
117 219 1357
117 225 978
117 230 955
117 231 3687
118 119 2071
118 122 7564
118 125 6091
118 128 8131
118 129 5211
118 134 9828
118 143 6244
118 151 3563
118 155 7969
118 159 7740
118 163 4384
118 164 2953
118 167 7880
118 168 2436
118 173 7156
118 177 769
118 181 5469
118 187 8772
118 199 2444
118 202 5589
118 203 3446
118 205 3061
118 206 9797
118 216 1135
118 218 5572
118 219 1910
118 220 2315
118 230 6426
119 120 5150
119 121 3452
119 122 7496
119 124 9097
119 125 4112
119 136 9469
119 142 6491
119 144 1494
119 149 7387
119 152 7077
119 163 8301
119 172 6239
119 173 6165
119 174 4948
119 178 6798
119 179 521
119 180 6159
119 181 4900
119 182 4233
119 184 8966
119 186 179
119 189 920
119 190 6844
119 204 447
119 215 8378
119 218 2838
119 220 7393
119 221 8612
119 223 2859
119 225 310
120 126 7792
120 128 9222
120 131 417
120 134 2318
120 135 6755
120 139 719
120 141 6839
120 142 5686
120 149 3704
120 157 4142
120 159 5035
120 164 8516
120 169 5918
120 181 9035
120 186 2939
120 192 5357
120 195 132
120 196 5945
120 200 7658
120 201 9362
120 204 8871
120 211 7150
120 212 5089
120 218 8155
120 221 4030
120 233 8438
120 234 7045
120 235 5702
121 127 4281
121 134 170
121 140 222
121 144 8461
121 147 3347
121 150 3131
121 154 3074
121 156 7433
121 157 2964
121 171 9326
121 173 6637
121 175 3638
121 180 3956
121 186 8999
121 194 4744
121 201 418
121 202 4892
121 204 8527
121 207 9278
121 214 6776
121 215 1194
121 231 4964
122 124 551
122 128 439
122 136 6994
122 142 4296
122 144 8098
122 147 1041
122 148 2482
122 151 537
122 153 8239
122 156 9218
122 157 1019
122 161 1856
122 163 5177
122 166 6661
122 170 7419
122 174 4607
122 176 7656
122 179 6858
122 181 5159
122 186 9053
122 189 1185
122 191 8198
122 193 6958
122 195 9566
122 196 8447
122 202 8507
122 204 3411
122 211 2794
122 212 1459
122 213 2153
122 215 5052
122 220 3756
122 221 9929
122 222 9130
122 229 8063
122 234 4241
123 124 2416
123 125 3871
123 132 5698
123 136 544
123 141 3577
123 142 3276
123 149 9949
123 150 3287
123 152 2134
123 165 1253
123 167 4986
123 168 3782
123 170 5559
123 173 9922
123 176 6247
123 177 8010
123 179 3804
123 188 7996
123 192 2264
123 194 9442
123 211 4234
123 215 2628
123 216 1232
123 221 301
123 223 2966
123 224 2264
123 226 7730
123 227 7473
124 126 1631
124 127 6517
124 132 3286
124 142 2630
124 143 6705
124 144 1267
124 145 427
124 146 5722
124 154 7174
124 168 2904
124 169 3551
124 170 3074
124 174 1008
124 180 3032
124 182 2886
124 187 1099
124 188 8672
124 193 16
124 197 2128
124 201 9126
124 202 2075
124 203 4130
124 208 9803
124 209 4208
124 213 9746
124 225 4824
124 227 6828
124 229 4212
125 126 531
125 128 3684
125 130 3985
125 133 68
125 134 427
125 137 285
125 140 7999
125 143 4065
125 163 7810
125 170 1771
125 177 735
125 178 9255
125 185 1609
125 189 273
125 193 9554
125 196 9838
125 201 8193
125 210 911
125 211 1266
125 219 6990
125 224 318
125 225 8344
125 226 4199
125 227 6654
125 231 8536
125 233 1677
125 235 9043
126 127 5280
126 129 3292
126 134 8811
126 135 3693
126 136 7927
126 138 8506
126 139 7885
126 146 7416
126 151 7097
126 152 1574
126 158 4876
126 174 8570
126 175 5375
126 185 7378
126 186 5306
126 187 4088
126 190 9988
126 192 3983
126 193 4275
126 210 3366
126 214 220
126 216 9951
126 218 7720
126 230 3445
126 233 4194
127 128 8608
127 129 781
127 133 7311
127 140 2247
127 143 9424
127 144 6818
127 145 284
127 146 7171
127 147 57
127 149 9828
127 152 825
127 154 3429
127 155 89
127 157 3748
127 162 9914
127 165 7280
127 166 4679
127 171 2716
127 173 9993
127 176 7825
127 184 2679
127 186 927
127 187 2699
127 192 3120
127 193 3865
127 196 6143
127 197 2970
127 203 4009
127 209 8373
127 215 9525
127 216 8477
127 217 989
127 218 9756
127 222 3074
127 224 85
127 226 9964
127 232 8882
127 233 5724
127 234 6204
127 236 8941
128 131 7558
128 133 5999
128 135 9992
128 137 7416
128 138 7097
128 139 416
128 144 6688
128 145 1230
128 147 163
128 150 231
128 162 269
128 165 2229
128 166 7385
128 169 4430
128 173 8568
128 177 2998
128 183 3986
128 212 4454
128 214 2027
128 216 5668
128 217 3298
128 219 7246
128 221 1385
128 223 1580
128 224 8640
128 226 9793
128 227 6462
128 229 3716
128 230 193
128 232 1123
129 131 6290
129 141 7819
129 142 6502
129 143 9434
129 144 5946
129 148 7439
129 154 4634
129 159 1366
129 163 3288
129 164 265
129 165 9877
129 166 3709
129 167 2838
129 178 562
129 179 6533
129 180 485
129 182 1660
129 194 9001
129 197 3978
129 199 5099
129 201 7698
129 203 9650
129 207 9786
129 208 7362
129 211 6979
129 222 9967
129 226 6914
129 230 9665
129 231 4683
129 235 196
130 132 84
130 133 8940
130 136 9258
130 140 8742
130 141 35
130 151 9065
130 154 7157
130 155 301
130 160 2238
130 165 5778
130 177 9183
130 182 3133
130 191 6474
130 193 8261
130 203 7772
130 205 8561
130 209 448
130 212 5164
130 214 7494
130 215 6070
130 227 5039
130 233 8867
130 236 2596
131 132 7571
131 135 2920
131 136 8234
131 150 9985
131 154 655
131 158 9075
131 162 3065
131 163 8426
131 173 8600
131 176 8812
131 177 3932
131 184 160
131 196 9369
131 198 1990
131 213 4004
131 225 4012
131 227 2366
131 232 8215
132 137 1138
132 138 4630
132 141 5985
132 143 6503
132 147 5803
132 152 6486
132 153 9923
132 158 1390
132 162 8382
132 168 4066
132 169 3650
132 172 5918
132 178 6794
132 185 4462
132 186 5057
132 196 1100
132 197 8041
132 204 2565
132 206 3745
132 207 6502
132 209 4917
132 210 4087
132 215 8735
132 216 8150
132 218 9436
132 223 3849
132 233 920
133 136 5173
133 138 9393
133 139 6530
133 147 5843
133 159 7201
133 162 8236
133 172 4681
133 179 1213
133 181 4679
133 189 7636
133 191 7518
133 201 2476
133 204 5294
133 208 35
133 211 6851
133 213 5211
133 217 1033
133 221 2859
133 226 9125
133 233 3023
134 136 3793
134 137 5416
134 138 2373
134 152 1065
134 164 5394
134 166 4427
134 170 4143
134 182 2966
134 186 265
134 195 3291
134 197 5655
134 198 6203
134 205 1107
134 209 1161
134 216 1040
134 217 8163
134 218 2939
134 222 2645
134 225 6081
135 136 2083
135 137 1796
135 147 7967
135 151 2248
135 153 8433
135 156 6903
135 159 6095
135 160 9537
135 164 6225
135 167 314
135 174 1902
135 178 194
135 179 4116
135 182 5998
135 184 8666
135 185 3182
135 186 1756
135 190 9209
135 197 5153
135 198 781
135 199 2398
135 205 9961
135 210 6440
135 211 7120
135 218 679
135 227 2306
135 229 8923
135 231 3651
135 233 9416
136 142 7003
136 143 3587
136 144 6702
136 148 9318
136 152 7862
136 156 392
136 163 1977
136 175 1531
136 177 744
136 192 8998
136 196 781
136 199 3091
136 204 5505
136 208 8125
136 212 1999
136 213 94
136 219 6062
136 221 975
136 223 5047
136 226 900
136 229 3435
136 232 5688
137 138 2463
137 143 4706
137 144 881
137 149 4970
137 151 2206
137 154 3659
137 161 617
137 167 2534
137 170 3419
137 172 5916
137 183 8302
137 185 6168
137 191 4123
137 195 8211
137 197 5340
137 205 2559
137 210 926
137 212 4431
137 232 939
137 233 6854
137 235 9990
138 140 5293
138 146 9677
138 147 2425
138 152 6039
138 153 1051
138 169 7259
138 179 2098
138 192 2727
138 199 2358
138 204 2091
138 210 3342
138 215 7202
138 218 9196
138 231 7213
138 232 1375
138 233 8701
139 141 7896
139 143 4166
139 144 1005
139 145 7566
139 146 1638
139 149 9460
139 150 6238
139 154 233
139 156 4223
139 164 2105
139 171 340
139 177 1308
139 181 3077
139 184 2702
139 205 2458
139 206 6198
139 207 8402
139 214 1217
139 215 4952
139 216 5134
139 219 1865
139 221 2858
139 225 3995
139 229 7951
139 232 3176
139 233 4097
139 235 8858
140 147 6967
140 151 5451
140 153 3436
140 155 6207
140 157 5606
140 163 4954
140 180 5642
140 182 2132
140 189 4858
140 191 4409
140 192 9014
140 196 4700
140 200 9911
140 203 104
140 205 2446
140 210 8583
140 215 1390
140 218 3605
140 219 3590
140 226 8608
140 227 8712
141 155 4386
141 157 6113
141 163 8891
141 164 6515
141 167 549
141 171 7413
141 172 5719
141 175 4071
141 188 9128
141 199 3986
141 202 5091
141 204 8889
141 205 5633
141 219 9678
141 224 7220
141 233 1923
141 235 4681
142 145 3554
142 147 8196
142 151 7917
142 158 6835
142 168 255
142 172 663
142 174 4053
142 179 8703
142 184 3870
142 186 5325
142 187 3433
142 190 7280
142 205 7996
142 209 6839
142 210 2595
142 214 3125
142 216 407
142 221 8756
142 228 1364
142 230 4702
142 231 5031
142 232 3148
142 233 3906
143 156 9720
143 159 2689
143 164 3839
143 169 995
143 182 8921
143 189 1448
143 192 2310
143 195 6871
143 202 4859
143 204 5056
143 207 9743
143 210 838
143 212 5936
143 213 3507
143 214 9694
143 219 2404
143 227 8726
143 232 8497
144 145 8682
144 149 1409
144 153 8517
144 159 4136
144 162 1373
144 165 6172
144 170 1146
144 172 6569
144 177 2925
144 178 847
144 180 2826
144 182 6701
144 183 1866
144 188 7418
144 191 7661
144 198 3555
144 202 9256
144 203 2630
144 204 3342
144 209 1020
144 210 989
144 213 8500
144 219 6745
144 224 7829
144 228 3311
144 229 3277
144 230 7160
144 236 2656
145 148 7356
145 150 474
145 160 5505
145 163 5255
145 168 3730
145 175 9973
145 178 687
145 189 8260
145 191 9243
145 206 1130
145 212 4249
145 217 855
145 224 671
145 225 5218
145 227 9325
145 228 4639
145 231 5218
145 232 7766
145 236 5165
146 148 1708
146 166 6689
146 168 8247
146 171 1853
146 179 1202
146 181 1323
146 183 1870
146 188 1263
146 192 7249
146 194 976
146 198 274
146 200 193
146 202 9641
146 206 6785
146 208 3020
146 217 2146
146 223 4441
146 225 5615
146 227 783
146 232 5581
146 233 8987
147 150 607
147 153 3771
147 157 4035
147 161 8450
147 169 7819
147 173 4939
147 174 9543
147 180 4351
147 188 8028
147 192 5383
147 193 2780
147 200 2821
147 205 1697
147 206 5246
147 208 8838
147 209 155
147 215 8326
147 221 3571
147 226 4166
147 229 2370
147 231 1352
148 150 5861
148 151 5735
148 152 8443
148 162 6414
148 172 9686
148 173 763
148 174 3659
148 179 338
148 180 9574
148 181 4744
148 193 617
148 194 4775
148 195 3629
148 200 2137
148 204 8449
148 207 4668
148 208 2689
148 218 3197
148 226 8729
149 151 3242
149 154 5331
149 155 7162
149 156 7130
149 157 2499
149 167 4345
149 168 7048
149 176 5924
149 179 5040
149 180 9263
149 192 1783
149 195 7500
149 197 6071
149 209 7669
149 211 5986
149 215 1556
149 219 7151
149 222 674
149 229 2389
149 230 4705
149 232 8407
149 235 7182
150 153 6084
150 155 4153
150 164 8804
150 166 9634
150 169 9734
150 171 4579
150 173 4844
150 178 423
150 179 9629
150 183 994
150 186 9534
150 192 5123
150 195 8187
150 196 3262
150 197 7749
150 209 1404
150 211 1139
150 214 1076
150 216 2675
150 218 2243
150 222 6863
150 223 1402
150 227 6578
150 233 1110
150 234 4767
151 156 9086
151 160 8972
151 161 5161
151 162 2760
151 166 6111
151 167 9753
151 173 5645
151 175 2834
151 176 5051
151 177 110
151 183 3991
151 184 1992
151 190 3773
151 191 9922
151 195 2310
151 197 4790
151 198 1341
151 200 8043
151 213 7672
151 218 7418
151 220 6141
151 224 226
151 226 8873
152 158 4446
152 160 6874
152 162 8733
152 164 3329
152 168 6792
152 170 290
152 173 718
152 175 2899
152 176 9528
152 177 8540
152 189 5020
152 190 9862
152 211 6355
152 218 6047
152 227 9823
152 230 8757
152 234 8077
153 157 7052
153 165 4680
153 166 306
153 170 4027
153 171 9272
153 172 6315
153 176 4488
153 186 5760
153 192 8996
153 201 1403
153 202 6373
153 203 1111
153 207 1547
153 208 9898
153 209 4017
153 212 2995
153 213 1836
153 214 7087
153 218 8069
153 229 3719
153 232 5877
153 236 2511
154 156 5398
154 160 934
154 163 5228
154 170 8129
154 174 8734
154 176 2546
154 177 4109
154 180 2646
154 181 2318
154 187 5476
154 190 1009
154 192 4855
154 193 4201
154 194 9318
154 196 9801
154 199 2518
154 202 3234
154 208 5559
154 212 4027
154 213 7525
154 214 6902
154 215 8211
154 216 2799
154 228 1808
154 231 9082
154 236 3075
155 164 3389
155 171 1349
155 176 821
155 181 4794
155 184 8393
155 201 3306
155 202 7584
155 205 8359
155 212 7193
155 214 293
155 221 114
155 224 6924
156 160 4336
156 165 3617
156 166 1785
156 168 810
156 170 3979
156 177 4446
156 184 9127
156 187 8818
156 190 5679
156 191 74
156 194 3201
156 196 9110
156 200 3717
156 205 9803
156 215 2753
156 218 7475
156 221 4214
156 223 3046
156 224 487
156 230 3895
156 231 3967
156 236 5497
157 159 6776
157 173 1382
157 178 5380
157 180 1572
157 189 1031
157 192 9631
157 196 9323
157 202 1091
157 210 65
157 214 9112
157 217 977
157 223 3138
157 230 90
157 231 6390
158 161 43
158 164 906
158 187 7808
158 195 8141
158 196 1667
158 198 533
158 206 3990
158 207 5665
158 210 3498
158 220 4613
158 221 5600
158 223 5472
158 224 3529
158 225 1957
158 226 4847
158 227 1395
158 229 1206
158 231 5439
158 236 742
159 161 3771
159 162 4998
159 164 4968
159 166 8571
159 170 318
159 171 7862
159 180 7227
159 183 3067
159 186 98
159 198 18
159 209 7209
159 211 4430
159 212 1742
159 213 5347
159 214 5446
159 218 5769
159 220 8435
159 223 4652
159 226 5567
159 230 4435
159 231 8184
160 164 5204
160 171 8954
160 172 8949
160 175 2798
160 179 8287
160 181 1095
160 185 8994
160 192 4517
160 193 5105
160 202 9494
160 208 2147
160 220 3541
160 221 2482
160 224 9676
160 230 3383
160 236 9273
161 163 5722
161 169 2308
161 171 4923
161 176 4378
161 177 4558
161 178 3447
161 190 9908
161 198 9766
161 203 201
161 210 5716
161 211 2441
161 215 4437
161 219 9311
161 223 126
161 226 4236
161 232 3833
161 233 9259
162 164 9718
162 165 9833
162 175 2825
162 176 1540
162 189 2967
162 190 2350
162 191 926
162 195 7144
162 199 5235
162 204 9385
162 214 8164
162 217 26
162 219 9873
162 224 5368
162 225 8357
163 173 1927
163 185 5579
163 197 966
163 202 9685
163 204 4808
163 205 862
163 210 2947
163 214 7633
163 223 8760
163 232 547
163 233 9381
163 234 9701
164 165 6659
164 166 7784
164 167 7860
164 170 8488
164 171 8745
164 179 6934
164 194 6498
164 196 7601
164 200 8617
164 201 1977
164 204 3341
164 205 6077
164 207 9743
164 211 5156
164 212 83
164 214 7076
164 216 4300
164 217 5824
164 218 2210
164 220 6700
164 222 4172
164 234 4647
165 167 7325
165 169 2165
165 173 6904
165 176 996
165 181 4305
165 188 8336
165 193 4761
165 195 1729
165 199 5612
165 200 20
165 201 3563
165 211 8606
165 213 6569
165 219 4012
165 229 5999
165 231 4765
166 170 3681
166 175 7737
166 176 4632
166 179 5276
166 180 2032
166 184 2392
166 186 8538
166 191 6418
166 196 4616
166 197 3098
166 201 4474
166 206 7022
166 209 3101
166 213 627
166 215 3698
166 224 16
166 225 4416
166 229 1521
167 169 9848
167 172 6496
167 173 4099
167 178 2019
167 181 6415
167 185 2568
167 196 611
167 202 8013
167 208 5164
167 210 7268
167 211 8442
167 219 7856
167 222 5607
167 227 4215
167 231 164
167 236 4696
168 171 4632
168 181 4952
168 184 7749
168 185 3743
168 193 729
168 194 3247
168 195 1112
168 197 2553
168 200 7826
168 206 5762
168 207 7882
168 210 1168
168 224 3324
168 227 2190
168 232 2939
168 233 7112
168 236 6308
169 171 1957
169 175 2699
169 180 6493
169 189 802
169 191 2124
169 192 6519
169 197 4282
169 198 1819
169 199 6946
169 217 7754
169 224 2466
169 230 4194
169 232 2604
169 234 4696
170 171 3953
170 173 3560
170 181 8605
170 184 7786
170 185 2358
170 188 9148
170 200 1053
170 203 3029
170 210 1149
170 213 3089
170 215 3275
170 217 8526
170 218 8368
170 223 787
170 224 2165
170 228 6637
170 234 9270
171 172 3004
171 176 3897
171 179 4108
171 180 714
171 186 9376
171 191 8038
171 192 9398
171 195 5126
171 197 5691
171 200 783
171 206 5869
171 207 6201
171 225 7906
171 230 8707
171 233 7032
171 236 4323
172 175 1130
172 182 683
172 185 5564
172 186 4229
172 188 9414
172 190 796
172 192 5466
172 193 7160
172 201 6753
172 202 936
172 205 3923
172 206 5684
172 208 777
172 211 3070
172 212 9390
172 215 9497
172 218 174
172 220 3737
172 223 5411
172 225 4556
172 231 1208
173 174 3024
173 180 2592
173 181 1790
173 182 96
173 185 9838
173 188 3605
173 192 2674
173 197 43
173 199 4520
173 200 965
173 210 3323
173 217 4150
173 228 6449
173 234 6415
174 175 9889
174 177 6982
174 186 873
174 188 5009
174 191 9578
174 200 8487
174 215 7019
174 217 8761
174 222 7014
174 224 5202
174 225 8411
174 226 9064
174 231 6407
174 232 2484
175 177 941
175 179 8150
175 183 6247
175 184 1864
175 188 7125
175 190 2765
175 194 4059
175 196 1579
175 197 8228
175 198 9562
175 200 1484
175 201 7948
175 203 8181
175 206 2598
175 228 8079
175 230 7933
175 231 8400
175 233 2784
175 236 6624
176 179 8488
176 180 3481
176 181 8531
176 185 4479
176 191 9413
176 196 2104
176 199 9026
176 200 698
176 201 7062
176 202 5420
176 212 1890
176 214 9489
176 215 4766
176 216 7145
176 222 6082
176 225 8678
176 231 2640
176 233 8186
177 184 3372
177 186 2556
177 189 2406
177 196 6089
177 201 7191
177 202 4047
177 207 1464
177 209 6117
177 210 3261
177 217 3004
177 218 9814
177 220 5223
177 225 2441
177 234 8267
177 236 832
178 180 8937
178 190 2419
178 193 1246
178 195 9781
178 198 5844
178 201 3121
178 205 1104
178 214 1458
178 230 6808
178 231 2047
178 233 4425
179 181 9619
179 182 9160
179 183 4830
179 184 8724
179 185 4106
179 186 5372
179 187 5170
179 197 9692
179 204 1297
179 210 9882
179 218 364
179 223 2874
180 191 388
180 200 9134
180 204 6907
180 209 9437
180 211 971
180 218 7359
180 220 2816
180 222 1990
180 223 3288
180 225 8291
180 229 7583
180 230 5253
181 182 2342
181 184 6822
181 185 8267
181 186 4886
181 191 9144
181 196 4084
181 204 8506
181 207 6002
181 208 6575
181 213 5562
181 215 4151
181 217 7448
181 225 5341
181 227 6374
181 229 8949
181 230 9017
181 235 3411
182 197 2232
182 199 3312
182 202 6757
182 206 2752
182 207 6204
182 209 5983
182 210 8280
182 221 4201
182 224 2963
182 225 5564
182 227 3001
182 229 6660
182 230 4874
182 231 9479
182 233 6376
182 234 474
183 186 7219
183 187 5319
183 188 6590
183 189 6638
183 190 3944
183 193 8441
183 199 1853
183 203 8943
183 220 6139
183 234 580
184 188 2548
184 189 9065
184 195 8054
184 198 6896
184 203 8724
184 210 4780
184 214 6390
184 228 2060
184 229 2642
184 233 1788
184 234 7791
185 189 1510
185 196 3692
185 200 2787
185 207 5869
185 214 9579
185 218 6391
185 226 3271
186 188 6024
186 190 3937
186 191 8106
186 193 9249
186 195 7807
186 200 797
186 201 1951
186 203 3367
186 208 6130
186 213 7502
186 214 7975
186 218 6900
186 219 6812
186 221 1091
186 225 5363
186 232 404
186 234 8557
186 236 7329
187 194 2525
187 195 7851
187 196 4389
187 197 1951
187 199 1804
187 203 322
187 211 7916
187 213 7341
187 219 992
187 225 4162
187 226 6521
187 227 9821
187 230 1173
187 231 3833
187 234 2257
188 189 9050
188 192 670
188 193 2126
188 197 8749
188 203 5428
188 206 1248
188 209 5641
188 213 6999
188 214 1314
188 215 8326
188 219 4110
188 220 7139
188 224 5630
188 229 4882
188 233 6923
188 236 8538
189 191 987
189 194 7842
189 200 2951
189 203 6899
189 204 6557
189 205 2463
189 206 7705
189 207 7646
189 209 5545
189 212 6928
189 213 2213
189 216 842
189 226 6660
189 229 5134
189 231 5532
189 236 7850
190 194 444
190 200 7680
190 203 8344
190 206 8590
190 208 6895
190 216 9956
190 218 8347
190 219 1695
190 221 8206
190 222 7789
190 231 5081
190 234 4136
191 194 5373
191 200 1910
191 202 5322
191 203 5419
191 210 3977
191 213 6604
191 217 3303
191 219 7363
191 220 7391
191 230 2719
191 231 9068
192 193 8407
192 195 5251
192 197 5134
192 210 1485
192 212 2845
192 215 475
192 223 8260
192 224 5615
192 226 6612
192 232 670
192 233 8005
192 234 8226
193 195 3155
193 197 3044
193 203 9217
193 205 5548
193 208 1160
193 221 9009
193 222 4603
193 223 7287
193 224 9584
193 226 1110
194 205 3526
194 207 4329
194 215 2921
194 217 2847
195 201 3584
195 202 539
195 203 164
195 204 9051
195 205 8385
195 207 488
195 211 9833
195 212 3948
195 213 1564
195 216 1476
195 217 2247
195 218 8421
195 219 7496
195 221 1177
195 223 2902
195 227 7180
196 201 2394
196 216 5934
196 218 5825
196 222 860
196 234 2716
196 235 3181
196 236 9175
197 198 5375
197 199 4966
197 201 7564
197 204 6954
197 206 8367
197 216 9476
197 218 8559
197 220 7370
197 221 4651
197 223 1003
197 225 1365
198 206 6554
198 207 8961
198 209 4093
198 220 3394
198 221 7660
198 222 2474
198 223 6506
198 224 8642
198 234 7114
199 204 3990
199 208 2866
199 210 5537
199 213 6205
199 216 8594
199 218 7957
199 220 9431
200 201 2437
200 203 5628
200 204 3764
200 205 5299
200 207 8203
200 212 9613
200 216 8603
200 218 2963
200 220 4996
200 226 7216
200 232 6057
201 204 578
201 208 9110
201 212 1783
201 218 6056
201 221 4194
201 234 2966
201 236 9179
202 204 2369
202 211 7419
202 212 2437
202 222 2330
202 232 5848
202 235 2488
203 206 7368
203 211 7548
203 212 1144
203 221 2816
203 222 5642
203 225 9682
203 227 7619
203 228 4789
203 229 1496
204 208 920
204 210 5032
204 214 1880
204 215 7546
204 225 4280
204 227 6003
204 229 1488
205 209 9513
205 210 1077
205 213 873
205 225 8020
205 230 9111
205 232 1869
205 234 6069
205 235 1221
206 219 7005
206 221 6421
206 222 2223
206 228 8440
206 229 9369
206 230 6935
207 213 5628
207 216 4322
207 217 6685
207 218 4048
207 226 3294
207 227 7583
208 212 5631
208 216 7962
208 219 5233
208 227 6355
208 232 7039
209 210 7739
209 214 5355
209 220 3879
209 223 4037
209 229 5727
209 233 1256
210 213 4354
210 223 3885
210 228 8544
211 221 5041
211 228 9608
211 231 4964
212 215 532
212 219 8378
212 224 9409
212 226 872
212 227 3884
212 228 9208
212 229 3670
212 231 4840
212 232 9079
212 233 9963
213 218 5836
213 219 2605
213 227 4845
213 228 3241
214 224 284
214 225 6038
214 229 8593
214 234 5356
214 235 6769
215 219 9828
215 220 2822
215 221 186
215 224 4581
215 231 8336
215 233 8494
215 235 8114
215 236 6141
216 221 8778
216 225 293
216 230 9244
216 231 6545
217 221 4323
217 228 1920
217 232 5601
218 224 9826
218 225 3925
218 227 4667
218 228 7680
218 232 9380
219 220 7117
219 221 6389
219 224 1366
219 229 8184
219 230 9806
219 232 2476
220 222 4543
221 224 594
221 227 1057
221 233 5525
221 236 2807
222 228 7299
222 233 4083
223 225 8572
223 235 8923
224 227 9748
225 232 4033
226 233 3652
227 228 1807
227 229 4328
227 230 3908
227 231 4497
227 232 2795
227 234 9547
228 229 3141
228 233 2562
228 236 7000
229 230 7812
229 232 877
229 233 8681
230 235 9713
230 236 2752
231 234 3104
232 233 4054
233 236 332
234 236 2491
