61 473 56279 40
0 3 1288
0 5 8951
0 8 9146
0 20 9580
0 33 3463
0 35 2057
0 37 6312
0 42 1103
0 46 1006
0 55 3957
0 58 9149
1 5 6383
1 16 3918
1 18 3981
1 27 9625
1 30 3871
1 33 2916
1 34 7834
1 39 6741
1 40 1145
1 41 2639
1 46 3538
1 47 6627
1 52 7380
1 53 5861
1 55 8828
1 58 7781
1 59 6122
2 4 229
2 12 8032
2 13 6412
2 18 3661
2 21 7807
2 22 7855
2 23 2435
2 25 7543
2 26 1396
2 34 9239
2 38 5516
2 45 1461
2 51 9405
2 54 1718
2 55 7896
2 57 7567
2 59 9339
3 5 9617
3 10 2865
3 17 3548
3 20 8772
3 23 1838
3 27 2903
3 29 8091
3 31 769
3 34 1800
3 43 5903
3 48 2231
3 49 4777
3 56 9840
3 57 3234
3 58 8927
3 60 510
4 6 9778
4 16 2269
4 22 3837
4 27 8476
4 38 2283
4 39 2359
4 41 4252
4 46 7371
4 48 8172
4 56 825
5 6 7589
5 11 6735
5 14 619
5 26 2502
5 27 3303
5 30 1408
5 31 4344
5 33 7429
5 38 3811
5 39 2116
5 41 2022
5 51 7143
5 52 690
5 57 78
6 9 4331
6 12 288
6 14 8431
6 15 4634
6 19 401
6 20 9062
6 23 321
6 30 4074
6 35 3233
6 38 5984
6 42 8283
6 46 9974
6 51 5652
6 53 2711
7 9 3336
7 10 5706
7 11 3097
7 12 2401
7 15 2067
7 18 343
7 19 6212
7 27 4959
7 32 5941
7 33 2926
7 34 8601
7 35 3342
7 39 229
7 43 9184
7 56 9472
8 9 1331
8 11 3874
8 18 3996
8 26 3616
8 30 8347
8 32 7591
8 47 4548
8 48 4356
8 50 7789
8 53 8012
8 54 2095
8 58 806
9 10 3080
9 12 7169
9 13 2716
9 16 7168
9 18 8352
9 20 9892
9 21 2456
9 24 706
9 27 9037
9 34 5511
9 35 8467
9 36 3726
9 47 6565
9 53 6524
9 57 3042
9 60 6972
10 11 8441
10 13 3445
10 16 3217
10 18 4206
10 22 1646
10 24 398
10 27 4772
10 44 6132
10 45 8111
10 53 9224
10 55 7190
11 14 9363
11 18 1912
11 34 3888
11 35 8535
11 40 1695
11 41 2715
11 53 4089
12 15 7808
12 16 1122
12 21 9006
12 25 1858
12 39 1630
12 43 239
12 45 926
12 49 4931
12 51 6290
12 58 8896
13 24 9031
13 31 9663
13 35 4626
13 44 1446
13 45 2755
13 49 8954
13 50 9909
14 15 1162
14 16 634
14 19 6943
14 21 3353
14 29 8238
14 39 7411
14 43 9696
14 49 8433
14 52 9384
14 53 7428
14 56 7099
15 22 6158
15 23 3447
15 25 8816
15 32 7785
15 33 8738
15 34 1146
15 35 7082
15 39 6760
15 42 6552
15 43 6129
15 47 7018
15 56 6912
15 58 7250
15 60 4504
16 17 5631
16 23 2644
16 24 1024
16 26 2582
16 27 3627
16 30 5792
16 31 8268
16 32 5228
16 35 114
16 37 5269
16 43 9694
16 44 16
16 52 7554
16 56 1462
16 57 4319
16 58 7110
17 20 556
17 25 5705
17 30 1456
17 34 7383
17 36 4683
17 37 4345
17 42 4500
17 43 3043
17 44 1212
17 46 3498
17 48 9893
17 53 6480
17 54 6120
17 59 7175
17 60 2371
18 20 3033
18 23 2039
18 25 2407
18 33 4676
18 34 4529
18 37 4926
18 38 2363
18 44 4936
18 46 6501
18 47 8892
18 50 7565
18 51 3287
18 55 4072
19 25 8851
19 30 6989
19 37 4456
19 39 3858
19 43 6159
19 44 6231
19 45 1478
19 48 3794
19 53 8465
19 56 778
19 58 1772
20 22 7713
20 24 9725
20 33 6956
20 34 9561
20 38 9117
20 43 9889
20 44 892
20 48 547
20 51 2420
20 52 8773
20 53 698
20 54 8027
20 58 7598
21 24 8182
21 39 704
21 40 5267
21 44 8216
21 50 2895
21 53 8058
21 55 7918
21 57 256
21 59 8260
21 60 830
22 23 2265
22 26 7476
22 29 1773
22 40 6236
22 42 304
22 51 3057
22 53 3913
22 59 9238
23 28 6750
23 29 1524
23 33 3272
23 35 4374
23 38 2722
23 40 482
23 45 5677
23 50 9267
23 54 168
23 60 836
24 27 6173
24 28 9976
24 30 6656
24 32 8056
24 38 8695
24 46 2178
24 48 2986
24 50 441
24 51 7471
24 54 9772
24 60 569
25 36 942
25 39 8900
25 43 4167
25 44 1093
25 45 5992
25 50 3964
25 51 6778
25 53 2273
25 57 8974
26 29 3040
26 31 5184
26 37 9322
26 38 8164
26 45 7546
26 48 7191
26 50 5986
26 52 1558
26 56 1666
26 59 7103
27 31 60
27 33 978
27 35 8876
27 36 274
27 39 3357
27 40 7611
27 46 8509
27 48 2401
27 51 1866
27 54 7341
27 57 5875
28 35 6229
28 41 3996
28 60 5460
29 33 9710
29 37 4951
29 44 4007
29 48 8274
29 50 4552
29 54 9004
29 59 3076
30 32 8345
30 41 5026
30 43 2817
30 44 8078
30 49 9730
30 50 2481
30 51 5203
30 53 5112
30 55 8060
30 59 4013
31 38 4121
31 40 5544
31 44 6632
31 45 4002
31 51 9417
31 54 1923
32 33 1290
32 35 1829
32 42 2744
32 44 9387
32 46 5448
32 58 2216
33 37 6316
33 38 2847
33 41 7424
33 45 6978
33 49 4362
33 50 4144
33 51 6461
33 53 7375
33 59 7657
33 60 7896
34 36 2679
34 44 500
34 50 206
34 51 2994
34 55 9223
35 46 9064
35 47 8541
35 49 6632
36 42 1318
36 45 3357
36 51 5677
36 52 8013
36 53 809
37 48 1385
37 49 2642
37 52 4021
37 54 5304
37 55 9964
37 56 9880
38 39 4888
38 41 1324
38 42 6273
38 43 611
38 50 9819
38 51 4289
38 53 5733
38 55 8587
38 59 218
39 41 9885
39 48 7738
39 53 8798
39 54 118
39 57 6841
40 41 4606
40 42 1508
40 46 5142
40 51 6245
40 55 5429
40 57 6715
41 42 6211
41 46 8659
41 50 7490
41 55 5519
41 56 8836
41 57 7487
41 59 6816
42 43 3310
42 44 3456
42 48 3433
42 50 8274
42 52 5432
42 56 806
43 44 2804
43 45 4459
43 51 8081
43 56 6746
43 58 754
44 49 8288
44 50 8221
44 52 3564
44 54 1801
44 59 8952
45 47 1343
45 53 4624
45 55 2532
46 52 7692
47 48 1943
47 50 8673
47 53 4455
47 57 7997
47 58 4286
48 50 6106
48 52 450
48 56 9775
49 53 7506
49 54 6771
49 55 650
49 57 1714
49 60 6583
50 51 469
50 53 6260
50 56 6804
50 59 7986
53 54 3245
53 59 5907
53 60 9746
54 57 9128
55 56 5304
55 58 3300
55 60 2948
57 58 3132
58 60 6750
