47 258 7471 4
0 4 5237
0 6 759
0 11 1618
0 12 4656
0 15 9650
0 27 3554
0 29 1245
0 34 7324
1 4 8262
1 8 4228
1 10 3580
1 11 6947
1 16 693
1 22 2375
1 25 5451
1 38 2441
1 42 8209
1 43 8383
2 3 4970
2 8 7982
2 9 7782
2 10 9179
2 11 6611
2 13 5547
2 23 7716
2 25 3950
2 30 1022
2 37 2823
2 41 4428
2 42 9529
2 43 7681
2 44 6560
3 10 7006
3 13 3749
3 18 2772
3 19 6465
3 24 1179
3 27 8522
3 30 5052
3 32 5814
3 40 3693
3 41 5039
3 42 9510
3 45 1135
4 6 7963
4 15 4031
4 24 53
4 27 2389
4 29 879
4 34 8575
4 36 430
4 43 7696
4 45 3682
4 46 8435
5 6 9259
5 33 6792
5 34 4278
5 37 7220
6 24 581
6 30 6308
6 31 3172
6 33 7029
6 42 9120
6 45 6928
7 8 6751
7 19 6847
7 21 7572
7 22 5463
7 26 4543
7 31 4587
7 34 6581
7 39 8696
7 42 7520
7 45 5861
8 17 7405
8 20 9289
8 22 7302
8 23 2372
8 29 3876
8 34 3912
8 35 4624
8 40 20
8 42 510
8 44 3595
8 46 5321
9 22 182
9 25 991
9 26 4889
9 28 6874
9 33 287
9 35 4310
9 37 8243
9 38 8798
9 39 1658
9 40 1904
9 46 8555
10 14 7494
10 19 3763
10 20 8697
10 23 2873
10 26 149
10 28 5837
10 30 7783
10 41 2626
11 14 6418
11 15 514
11 16 4513
11 19 7945
11 21 5382
11 24 4544
11 25 9799
11 26 6850
11 27 2094
11 36 9342
11 38 6980
12 20 7323
12 25 6335
12 27 8514
12 28 2022
12 30 5534
12 35 4298
13 18 9197
13 25 2528
13 26 1481
13 36 2935
13 40 3256
13 41 5484
14 16 8588
14 39 6977
14 40 8645
14 42 7858
15 28 2345
15 29 5502
15 30 570
15 34 3352
15 36 9632
15 41 2354
15 44 7078
16 17 4779
16 18 5434
16 19 3633
16 20 3567
16 21 3202
16 22 9260
16 25 8111
16 30 7554
16 38 4568
16 39 1900
16 41 8158
16 44 4304
16 45 9425
17 21 9307
17 23 1451
17 25 530
17 26 5300
17 28 8093
17 40 3677
17 45 7267
18 23 6857
18 29 2090
18 34 8099
18 41 5031
18 43 3700
19 20 2828
19 24 4960
19 32 3535
19 33 2786
19 40 2964
19 46 2785
20 23 8995
20 37 9607
20 41 3093
20 45 3663
21 24 917
21 26 5859
21 34 6761
21 35 2264
21 36 6582
21 37 2923
21 40 6756
21 42 5551
21 44 5069
22 23 5704
22 29 2393
22 33 6082
22 35 4393
22 37 707
22 39 8763
23 28 666
23 29 1451
23 31 9920
23 35 74
23 38 5549
23 39 6260
23 44 1714
24 29 1755
24 32 3384
24 34 6499
25 27 9183
25 31 5453
25 33 3566
25 35 5579
25 41 9988
25 42 8829
26 29 3886
26 32 9255
26 39 818
26 46 2500
27 28 6809
27 33 4023
27 37 4387
27 44 4559
28 30 8107
28 43 2340
28 44 205
29 31 148
29 32 98
29 33 2954
29 38 7791
29 42 8593
29 45 9186
29 46 9143
30 38 6968
30 41 7344
30 42 6912
30 46 9134
31 32 1884
31 37 3037
31 40 9425
31 45 8753
32 35 4251
32 39 1423
32 40 3201
32 43 1893
32 46 1192
33 43 3754
34 36 5505
34 42 9899
35 37 1445
35 38 3704
35 41 1273
35 42 4834
35 44 9794
35 45 1962
36 38 3096
36 44 5420
37 41 5340
37 45 4546
37 46 9276
38 40 4695
38 42 6645
39 43 6860
40 42 5497
40 46 3951
41 42 2866
41 46 7220
42 45 5406
43 46 8211
