187 4337 2427 117
0 4 6359
0 9 9616
0 12 9251
0 14 7028
0 19 4573
0 20 11
0 22 8876
0 28 5998
0 32 3111
0 33 1652
0 49 2602
0 51 2565
0 57 9127
0 59 9391
0 60 8395
0 61 7523
0 76 9556
0 78 5305
0 89 1236
0 98 6403
0 100 7468
0 101 3628
0 108 867
0 109 3079
0 110 5533
0 113 9482
0 115 8154
0 116 9081
0 119 1545
0 128 8033
0 131 1035
0 137 9537
0 143 329
0 144 1781
0 148 6227
0 161 991
0 172 8900
0 174 5777
0 175 1390
0 179 5064
0 181 6423
1 2 204
1 9 8876
1 10 8256
1 14 9103
1 16 1619
1 28 3273
1 34 7365
1 38 3045
1 41 501
1 46 9013
1 47 6225
1 49 9454
1 51 5484
1 66 1173
1 67 6648
1 69 9703
1 70 5187
1 83 7861
1 90 8040
1 91 2146
1 100 310
1 101 9239
1 102 5982
1 104 2616
1 109 4182
1 111 7088
1 113 894
1 116 4375
1 117 143
1 122 9459
1 127 870
1 129 214
1 142 4443
1 145 1151
1 146 9543
1 147 3135
1 159 2917
1 172 1886
1 175 4904
1 176 7258
1 180 5922
1 182 8910
2 4 486
2 5 958
2 16 4257
2 17 5238
2 23 2207
2 25 3647
2 26 1540
2 28 3669
2 33 1097
2 34 2044
2 38 4240
2 40 8002
2 42 7527
2 46 204
2 50 1407
2 54 9673
2 56 6033
2 57 996
2 65 1586
2 67 7761
2 68 9179
2 70 2375
2 75 8092
2 81 9752
2 94 5110
2 95 2800
2 99 1828
2 102 6541
2 103 3148
2 106 6938
2 110 4128
2 125 3055
2 126 7643
2 128 994
2 132 2198
2 133 6225
2 135 1265
2 137 8295
2 141 2326
2 144 3826
2 149 6526
2 154 6476
2 156 5934
2 157 1646
2 159 8003
2 177 3513
2 178 2282
2 179 6164
3 5 8661
3 9 8441
3 11 3555
3 12 8815
3 13 7582
3 16 2904
3 22 7735
3 29 4271
3 30 6253
3 32 5558
3 40 6639
3 41 9309
3 42 4521
3 49 5855
3 53 6909
3 61 4118
3 63 6637
3 69 5311
3 78 9689
3 82 3759
3 84 2879
3 88 6727
3 89 8751
3 92 7172
3 94 310
3 97 9887
3 98 8499
3 108 8231
3 111 4492
3 123 1028
3 133 6493
3 134 9819
3 142 8795
3 144 4978
3 145 5589
3 147 1931
3 148 9773
3 149 3574
3 156 8990
3 159 7932
3 160 5351
3 168 5118
3 171 8100
3 177 4158
3 179 7267
3 182 5122
3 185 958
3 186 9799
4 9 1843
4 11 8373
4 16 4686
4 21 7110
4 23 5286
4 25 1328
4 30 7841
4 32 3974
4 34 4587
4 35 1549
4 49 5803
4 55 7802
4 57 6638
4 67 6765
4 75 6882
4 80 8055
4 81 8934
4 82 6734
4 85 7561
4 86 4943
4 93 94
4 97 2519
4 115 2316
4 119 563
4 123 3747
4 137 6400
4 146 4631
4 155 4352
4 156 330
4 159 1495
4 165 4686
4 179 4156
4 180 6568
4 182 449
5 15 4389
5 17 579
5 20 9036
5 27 1938
5 33 5934
5 37 5647
5 49 6789
5 58 2326
5 59 9846
5 66 5461
5 70 3698
5 73 7888
5 74 5057
5 82 8565
5 93 2910
5 98 237
5 99 3678
5 100 8481
5 108 1906
5 109 9495
5 110 9770
5 118 5656
5 124 7248
5 127 5435
5 130 6479
5 132 5540
5 134 1097
5 137 4348
5 144 9460
5 151 2911
5 153 5340
5 156 3267
5 162 8089
5 171 3341
5 178 611
5 182 4227
5 183 6339
5 186 2574
6 8 2131
6 20 4675
6 22 1242
6 23 4467
6 24 1957
6 25 3678
6 27 6562
6 33 1389
6 35 1992
6 42 2538
6 44 2964
6 45 1911
6 47 3834
6 49 5146
6 50 8844
6 51 5598
6 54 1083
6 57 923
6 61 7721
6 81 2547
6 82 5484
6 84 2375
6 92 1602
6 93 39
6 98 1061
6 101 3028
6 106 1292
6 108 9545
6 110 2530
6 111 5893
6 112 7602
6 116 441
6 125 6102
6 127 3339
6 128 8178
6 131 1320
6 136 6372
6 137 3661
6 139 6739
6 140 1625
6 143 9089
6 144 7011
6 146 275
6 151 7111
6 156 152
6 159 9774
6 162 1694
6 166 3312
6 168 4727
6 176 9724
6 181 766
6 183 498
6 184 6311
7 8 8128
7 10 9725
7 13 5296
7 23 801
7 26 5816
7 27 7196
7 30 1946
7 35 1576
7 40 517
7 41 6637
7 46 6745
7 47 6186
7 62 717
7 69 9633
7 72 4845
7 79 2866
7 83 9591
7 88 5381
7 91 8367
7 95 6697
7 97 2922
7 98 8409
7 102 5488
7 109 7394
7 113 2961
7 123 1319
7 125 440
7 133 6732
7 135 6848
7 136 2401
7 139 8908
7 146 6068
7 153 3168
7 162 8982
7 166 9983
7 169 9324
7 175 6381
7 180 1686
7 182 1371
7 186 8969
8 13 7498
8 15 9483
8 23 7628
8 31 116
8 33 4642
8 37 2428
8 38 1572
8 47 4407
8 50 8777
8 53 8454
8 56 8623
8 60 5885
8 66 9424
8 70 1008
8 73 7699
8 74 4274
8 78 131
8 86 4375
8 97 1528
8 100 5988
8 101 711
8 105 9527
8 108 452
8 114 1527
8 115 6366
8 116 9212
8 128 1806
8 129 9657
8 132 6825
8 136 6848
8 140 9872
8 145 4563
8 147 9133
8 148 3180
8 153 2040
8 158 4633
8 162 6319
8 168 3237
8 169 619
8 171 635
8 174 1336
8 176 2506
8 182 2946
9 16 9887
9 20 9596
9 21 5988
9 23 5703
9 31 8492
9 38 3842
9 42 8497
9 43 6317
9 44 8671
9 54 3517
9 67 9173
9 71 417
9 73 4194
9 75 4089
9 77 8378
9 78 848
9 82 4651
9 83 9200
9 84 8955
9 86 5074
9 90 1225
9 91 5729
9 100 3717
9 107 7243
9 108 4815
9 110 8866
9 115 216
9 119 9217
9 126 7429
9 128 3073
9 132 2599
9 139 7893
9 141 5710
9 146 2812
9 153 9789
9 155 7324
9 156 1347
9 160 2928
9 167 9380
9 169 7417
9 173 6531
9 175 5112
9 180 7696
9 183 8364
10 12 7309
10 16 2702
10 17 3216
10 31 8509
10 33 7363
10 35 9879
10 36 8714
10 39 6739
10 42 6117
10 43 3913
10 46 818
10 55 2741
10 58 4302
10 60 7556
10 62 4789
10 63 4585
10 64 6599
10 65 5354
10 67 7822
10 70 6056
10 74 7883
10 76 3135
10 78 3493
10 79 4645
10 80 9681
10 84 4699
10 93 7704
10 94 544
10 96 1260
10 99 9687
10 106 673
10 109 4625
10 110 4459
10 113 3486
10 116 7934
10 122 9419
10 124 6070
10 130 4723
10 133 4565
10 134 5823
10 136 9553
10 139 5454
10 149 7205
10 158 2296
10 159 3357
10 160 5913
10 171 3987
10 172 5221
10 178 8641
10 179 4985
10 181 3634
10 183 3034
11 13 4248
11 16 8515
11 19 2818
11 23 8806
11 24 3511
11 27 1701
11 28 9705
11 33 7816
11 36 2892
11 48 5679
11 60 5537
11 61 8518
11 67 4812
11 69 7676
11 71 7395
11 79 2280
11 80 3172
11 82 2214
11 84 3184
11 90 2454
11 96 6961
11 97 1245
11 101 8675
11 105 4782
11 120 5578
11 121 8330
11 122 8073
11 126 1783
11 127 5962
11 129 4987
11 131 3866
11 134 4406
11 137 4255
11 139 6279
11 143 7442
11 145 9544
11 157 3687
11 162 7368
11 163 6492
11 164 7113
11 168 4327
11 169 883
11 170 6366
11 173 8828
11 177 6525
11 185 6769
12 24 7538
12 26 4906
12 34 6993
12 35 9943
12 41 3536
12 43 1321
12 45 4901
12 55 5123
12 70 1560
12 74 5396
12 82 1727
12 83 345
12 87 863
12 90 6241
12 103 4010
12 104 4530
12 106 5573
12 107 40
12 108 7469
12 109 3172
12 113 3661
12 115 5922
12 117 7770
12 123 3207
12 124 1629
12 135 8628
12 139 6493
12 140 7746
12 146 3735
12 149 8549
12 150 5303
12 152 4012
12 154 3545
12 156 6854
12 158 3847
12 166 721
12 167 3968
12 173 6762
12 180 1768
12 184 556
13 14 8153
13 29 7108
13 30 976
13 37 9669
13 41 8827
13 44 2053
13 46 5621
13 50 2210
13 51 3246
13 55 5456
13 61 6859
13 63 3199
13 67 2821
13 68 1161
13 71 8960
13 72 3495
13 82 5976
13 84 257
13 86 6415
13 87 1242
13 104 2207
13 115 5769
13 116 7690
13 120 6324
13 126 5358
13 130 3077
13 133 2257
13 137 6316
13 146 65
13 150 7821
13 151 2884
13 154 4545
13 156 1599
13 157 9045
13 162 7253
13 164 5986
13 168 9207
13 171 7811
13 175 4288
13 177 4139
13 184 8807
14 15 3002
14 23 7243
14 25 1828
14 26 2652
14 29 798
14 30 6395
14 32 7176
14 33 7984
14 35 3254
14 37 8774
14 40 7382
14 41 513
14 42 5531
14 43 5380
14 46 8479
14 49 6085
14 50 3314
14 51 1987
14 53 357
14 54 783
14 55 3493
14 58 6342
14 60 617
14 66 9324
14 72 7125
14 79 9320
14 103 724
14 105 1008
14 108 9811
14 114 4939
14 117 2494
14 118 2574
14 121 6003
14 122 6930
14 128 7594
14 130 1493
14 132 9910
14 143 4762
14 144 9160
14 145 8239
14 146 6785
14 147 8170
14 150 4656
14 153 9604
14 157 3861
14 158 8949
14 168 4981
14 174 4790
14 175 7602
14 177 3908
14 183 5195
15 38 1514
15 40 9865
15 41 4561
15 43 2932
15 46 1549
15 51 2409
15 52 2694
15 55 2983
15 56 2221
15 60 9127
15 61 1077
15 63 5559
15 65 7794
15 70 4415
15 74 941
15 75 1306
15 77 8205
15 80 570
15 83 8277
15 85 5628
15 93 1962
15 94 190
15 95 9866
15 97 758
15 101 3190
15 105 9518
15 106 157
15 107 7172
15 108 648
15 118 823
15 120 7028
15 122 7450
15 125 2392
15 128 2923
15 132 6035
15 133 459
15 134 399
15 138 9574
15 140 8301
15 143 9844
15 144 2721
15 146 7607
15 163 113
15 164 1333
15 166 4151
15 170 9296
15 179 2502
15 183 3910
16 24 5798
16 30 1472
16 33 6648
16 41 9383
16 50 4550
16 54 2261
16 56 210
16 58 5070
16 62 4795
16 63 1289
16 64 9535
16 72 5391
16 75 673
16 87 5014
16 93 4433
16 97 595
16 101 9608
16 103 5063
16 106 9789
16 116 3814
16 118 3050
16 122 2371
16 123 3317
16 124 2124
16 125 3846
16 129 7019
16 131 4522
16 133 2239
16 134 1489
16 136 9464
16 137 6288
16 143 9749
16 144 865
16 145 4485
16 149 5868
16 150 850
16 156 9264
16 165 5869
16 169 1443
16 171 3627
16 174 2768
16 180 1846
16 185 1668
17 24 3015
17 30 2855
17 34 8638
17 37 2442
17 42 6654
17 45 4704
17 51 2524
17 52 3409
17 54 5242
17 60 9257
17 62 8970
17 65 1841
17 70 8553
17 75 9689
17 93 2384
17 102 3689
17 107 5941
17 108 1867
17 109 3744
17 112 7784
17 114 2442
17 124 1784
17 131 6211
17 134 1184
17 138 7524
17 140 5379
17 147 4629
17 148 4308
17 154 7596
17 157 9781
17 159 5955
17 161 4258
17 165 5535
17 177 6698
18 32 184
18 39 7075
18 40 6388
18 43 6954
18 48 1909
18 56 5648
18 57 830
18 60 5997
18 63 4044
18 66 4980
18 69 2672
18 70 7905
18 74 3488
18 75 3304
18 79 5351
18 82 6505
18 93 7136
18 94 8387
18 102 8942
18 104 3648
18 108 1792
18 110 8114
18 112 6752
18 113 7207
18 115 7103
18 116 8145
18 119 5647
18 121 4505
18 125 7432
18 126 7360
18 128 4276
18 130 550
18 135 6887
18 138 4939
18 142 9027
18 143 8828
18 148 5608
18 149 127
18 150 1951
18 157 2782
18 161 7040
18 174 7057
18 177 73
18 178 2761
18 180 3016
18 183 5619
18 185 3885
19 23 6871
19 28 2968
19 36 3048
19 51 218
19 54 3451
19 56 8415
19 57 6138
19 61 4959
19 68 1226
19 74 4818
19 79 8075
19 82 7690
19 84 509
19 85 7385
19 86 3707
19 88 1294
19 92 8688
19 94 4916
19 103 9676
19 107 2350
19 115 3705
19 119 9151
19 126 5694
19 129 3942
19 137 9235
19 139 463
19 144 4935
19 156 2208
19 163 4049
19 164 8885
19 166 7272
19 169 9791
19 186 3040
20 23 1908
20 26 3622
20 27 3121
20 28 50
20 33 808
20 37 5969
20 44 581
20 45 9033
20 52 6762
20 54 3315
20 59 5305
20 61 3576
20 65 4976
20 66 1101
20 68 2281
20 70 2298
20 71 3532
20 75 1290
20 80 666
20 81 366
20 86 2943
20 92 5292
20 94 322
20 97 247
20 98 6516
20 103 701
20 108 3168
20 109 8041
20 116 9140
20 121 1073
20 124 2318
20 129 2363
20 143 4823
20 145 7681
20 153 9837
20 159 6273
20 169 1519
20 177 7424
21 32 4856
21 38 3420
21 41 3083
21 46 7874
21 47 66
21 49 9254
21 63 7708
21 64 4255
21 67 4681
21 70 3293
21 71 8013
21 74 9669
21 80 8346
21 83 981
21 90 4578
21 92 3416
21 97 9337
21 99 5825
21 102 8322
21 114 2006
21 117 2412
21 119 8767
21 120 8390
21 121 6402
21 123 3744
21 126 7860
21 130 6661
21 138 98
21 139 1164
21 144 967
21 159 3453
21 161 6273
21 167 6901
21 169 6550
21 173 2620
21 177 5692
22 25 9550
22 26 9126
22 28 4391
22 29 9868
22 33 6552
22 34 6069
22 37 3510
22 41 3860
22 42 7975
22 45 6756
22 51 9361
22 52 8465
22 55 5665
22 59 4625
22 60 4925
22 61 8035
22 62 895
22 65 6144
22 75 2860
22 77 7875
22 82 3826
22 83 6542
22 89 5004
22 90 3786
22 93 3332
22 95 5509
22 102 3564
22 106 4994
22 107 3750
22 110 9104
22 111 3190
22 119 9006
22 127 3517
22 129 5159
22 131 7552
22 137 114
22 141 3059
22 144 721
22 145 9141
22 147 5414
22 151 8973
22 157 9961
22 160 4935
22 173 8996
22 174 3103
22 177 3178
22 178 2331
22 182 3325
22 184 967
23 34 1763
23 36 6747
23 39 5800
23 43 13
23 44 634
23 48 5565
23 50 3615
23 51 9449
23 52 8915
23 54 5053
23 55 3030
23 59 6411
23 63 101
23 66 8051
23 71 7182
23 73 7025
23 74 619
23 75 7822
23 77 1458
23 87 942
23 91 2646
23 96 2211
23 98 8324
23 99 7012
23 105 3735
23 107 4366
23 112 4521
23 114 4597
23 120 5928
23 124 855
23 132 5384
23 133 4486
23 135 582
23 142 9492
23 144 9800
23 145 4764
23 147 539
23 148 6565
23 149 9455
23 150 5712
23 153 7048
23 156 626
23 158 5357
23 160 29
23 161 2900
23 164 6010
23 172 2089
23 177 6933
23 178 4062
23 182 7261
23 184 5794
24 27 5912
24 37 4707
24 42 1306
24 48 3462
24 51 3039
24 54 1580
24 66 3444
24 67 1140
24 70 6435
24 73 7425
24 76 4569
24 82 6274
24 84 472
24 87 2433
24 89 4407
24 92 7275
24 93 2661
24 98 1417
24 99 2458
24 104 736
24 112 9234
24 117 9906
24 119 4046
24 125 2854
24 128 6696
24 131 3376
24 138 6960
24 140 4889
24 141 904
24 142 3672
24 152 3280
24 154 1254
24 155 8563
24 156 7666
24 157 1982
24 160 4058
24 163 4779
24 164 8236
24 177 2669
24 181 9042
24 186 6535
25 28 6999
25 36 1788
25 38 5506
25 44 9135
25 48 3905
25 51 7061
25 56 3068
25 57 5887
25 63 1315
25 72 5429
25 74 3398
25 77 520
25 79 646
25 84 1558
25 85 3960
25 88 7607
25 95 9123
25 108 3329
25 112 2496
25 119 301
25 120 8495
25 132 6677
25 134 6725
25 140 3687
25 143 5324
25 149 4118
25 151 9916
25 152 6822
25 153 3158
25 155 2403
25 159 8289
25 161 3132
25 170 9059
25 175 3578
25 176 8374
25 184 5835
25 185 8148
26 27 1449
26 28 6169
26 29 9605
26 30 3918
26 34 1772
26 36 1362
26 44 7633
26 50 2681
26 55 7964
26 56 681
26 57 2048
26 64 5556
26 65 7753
26 66 5472
26 69 6920
26 72 8468
26 73 3871
26 74 9392
26 83 1998
26 84 4520
26 85 8799
26 89 6914
26 90 1189
26 92 5592
26 103 6381
26 110 9428
26 111 6533
26 112 2194
26 113 7420
26 121 2187
26 122 2483
26 126 1186
26 134 6333
26 137 7291
26 144 2761
26 147 6834
26 152 2750
26 155 8235
26 158 8574
26 159 3608
26 160 3755
26 164 7430
26 167 5268
26 170 4284
26 175 9193
26 181 7982
26 182 4464
26 184 7438
27 29 5675
27 31 1693
27 38 1137
27 55 6638
27 56 5385
27 70 4767
27 82 3220
27 86 8770
27 87 1948
27 88 26
27 91 5922
27 98 9111
27 99 1837
27 101 2959
27 119 4996
27 122 5897
27 137 128
27 138 8807
27 148 9260
27 151 5915
27 152 1375
27 156 1550
27 160 2885
27 163 3563
27 173 728
27 174 1606
27 178 3431
27 186 1040
28 29 4976
28 31 4256
28 35 1598
28 36 4048
28 38 8470
28 39 3388
28 40 6207
28 41 6833
28 43 8224
28 44 2459
28 46 5281
28 52 988
28 60 2355
28 62 9814
28 66 2997
28 67 8957
28 69 3486
28 73 5578
28 74 3013
28 77 3294
28 82 5667
28 83 3647
28 84 8308
28 88 3561
28 91 8809
28 94 7022
28 96 3020
28 98 8480
28 108 6236
28 109 1941
28 110 6603
28 114 7590
28 125 5238
28 128 5508
28 130 9452
28 137 3408
28 154 5552
28 155 313
28 163 2974
28 166 5112
28 173 9226
28 180 2033
28 182 5304
28 184 8027
29 40 6629
29 41 459
29 45 554
29 53 2339
29 59 9058
29 67 1856
29 73 7854
29 74 1119
29 87 891
29 90 9171
29 100 9551
29 101 9794
29 105 3176
29 110 7978
29 116 6470
29 119 7921
29 121 9989
29 122 5329
29 123 146
29 126 7982
29 130 3249
29 140 5693
29 145 9013
29 147 2537
29 149 5595
29 152 5640
29 154 8900
29 156 1441
29 160 6173
29 166 575
29 169 4293
29 179 5718
29 182 3639
30 32 878
30 37 9195
30 42 8927
30 47 3002
30 48 277
30 53 995
30 57 1863
30 61 4215
30 67 1431
30 68 7267
30 71 4572
30 80 5248
30 81 1829
30 84 3294
30 85 3752
30 89 6944
30 90 7766
30 92 8309
30 95 9301
30 97 5155
30 103 186
30 104 933
30 106 8935
30 107 8195
30 111 4460
30 130 8635
30 131 8536
30 133 2716
30 134 966
30 137 658
30 138 3262
30 144 8239
30 154 7819
30 158 3355
30 160 3955
30 163 8405
30 166 3178
30 168 2197
30 170 1420
30 173 6443
30 175 1728
30 177 4981
30 179 8552
31 33 630
31 37 671
31 40 5844
31 43 528
31 50 5665
31 52 7935
31 59 1774
31 60 9307
31 61 5561
31 82 4045
31 87 1348
31 89 6412
31 90 7977
31 92 2001
31 94 7744
31 110 5700
31 113 4213
31 114 9876
31 115 8250
31 118 9578
31 122 6088
31 123 1424
31 127 6643
31 128 5854
31 131 8053
31 134 5981
31 139 7273
31 141 8702
31 142 6807
31 145 7199
31 151 7429
31 175 587
31 177 5041
31 183 8227
32 36 7219
32 39 5977
32 43 1995
32 49 7403
32 52 2134
32 62 4990
32 70 6196
32 72 9983
32 73 8096
32 75 500
32 76 8403
32 78 4708
32 79 5320
32 81 2689
32 85 1797
32 87 3469
32 92 6639
32 93 9429
32 94 8837
32 96 4293
32 98 5672
32 99 3623
32 100 9493
32 102 2392
32 106 5771
32 107 374
32 108 4341
32 119 5139
32 122 740
32 125 3550
32 129 1571
32 132 9857
32 136 9043
32 140 9894
32 142 1673
32 143 9715
32 146 4140
32 147 2685
32 153 6018
32 155 3718
32 160 4996
32 164 5236
32 178 511
32 179 9088
32 180 1052
33 37 9049
33 38 1520
33 40 7678
33 42 5691
33 45 6860
33 50 7060
33 51 1019
33 52 3942
33 54 117
33 67 9228
33 73 5670
33 75 5189
33 81 1179
33 85 5437
33 88 3959
33 89 4546
33 90 4600
33 91 7745
33 104 7320
33 106 9710
33 121 5289
33 123 429
33 124 3020
33 125 5236
33 126 6954
33 130 153
33 136 5214
33 139 5866
33 142 1817
33 149 8443
33 153 9634
33 154 9051
33 155 9683
33 162 1347
33 163 4198
33 168 9829
33 174 4646
33 175 9452
33 179 9371
33 180 3253
34 41 319
34 43 1927
34 44 3888
34 49 6343
34 50 9250
34 54 5918
34 62 7403
34 64 5969
34 67 7564
34 68 7580
34 72 2278
34 73 1871
34 77 2647
34 85 348
34 95 277
34 96 880
34 112 6830
34 116 9390
34 125 4074
34 128 1755
34 131 6529
34 134 2891
34 136 1193
34 137 2078
34 140 2721
34 149 3115
34 150 9459
34 155 1487
34 163 3332
34 168 6184
34 172 4760
34 183 6456
34 185 9315
35 47 2741
35 48 6935
35 53 729
35 59 3861
35 62 9924
35 63 4285
35 64 3677
35 65 8012
35 76 9461
35 77 8662
35 82 4409
35 84 6255
35 87 632
35 88 5623
35 92 2158
35 93 5057
35 101 6770
35 105 2703
35 108 775
35 110 8483
35 114 3550
35 116 9222
35 118 52
35 120 3705
35 122 9161
35 130 5646
35 132 6225
35 137 5926
35 138 223
35 146 8640
35 148 482
35 151 4730
35 158 2530
35 169 8186
35 177 2016
35 180 6228
36 42 3293
36 46 3428
36 47 2870
36 49 3689
36 51 2310
36 56 9799
36 61 550
36 65 7050
36 66 5613
36 67 4536
36 68 6592
36 72 7645
36 73 541
36 76 4721
36 79 8898
36 85 9391
36 87 7139
36 90 7367
36 91 7525
36 92 837
36 95 1807
36 98 1719
36 101 3290
36 103 5570
36 109 9364
36 113 1645
36 116 1784
36 119 9533
36 121 778
36 124 5315
36 126 6286
36 127 5809
36 128 2986
36 130 7023
36 141 3621
36 159 5163
36 162 4364
36 165 6517
36 166 2128
36 171 3311
36 181 6040
36 182 5067
37 40 5844
37 47 9747
37 49 2841
37 53 9082
37 55 6789
37 57 1668
37 58 6976
37 60 5501
37 63 280
37 66 8615
37 75 3004
37 79 1753
37 80 5303
37 82 3355
37 84 7307
37 90 5695
37 102 2632
37 104 2418
37 107 6309
37 108 2253
37 119 3681
37 122 7449
37 123 2305
37 125 1684
37 139 7184
37 141 4386
37 142 2875
37 149 665
37 153 7457
37 162 7303
37 164 4400
37 165 1171
37 166 2126
37 168 4523
37 169 2830
37 170 9269
37 171 7364
37 175 1515
37 179 2100
37 182 5394
38 42 1389
38 55 7695
38 56 9833
38 62 1801
38 68 9791
38 69 3963
38 80 6176
38 89 4882
38 99 8930
38 100 5856
38 103 4285
38 113 5253
38 115 5245
38 119 6564
38 123 7437
38 127 9661
38 128 8023
38 131 4611
38 134 3642
38 136 8193
38 143 6328
38 156 1245
38 157 9999
38 165 2417
38 170 7068
38 174 916
38 181 5803
38 184 3001
39 40 4469
39 45 790
39 55 3406
39 58 3319
39 63 6037
39 65 5219
39 67 1227
39 70 2296
39 79 9057
39 83 7613
39 89 6608
39 91 4133
39 92 101
39 97 2473
39 105 4066
39 108 9700
39 122 4194
39 127 7664
39 129 1747
39 132 7898
39 134 1264
39 135 4429
39 141 1174
39 144 5978
39 145 2342
39 155 1114
39 160 4505
39 169 2274
39 170 1825
39 174 3861
39 177 190
40 46 3558
40 54 7935
40 62 1734
40 66 4895
40 67 2394
40 69 8675
40 70 1809
40 79 7971
40 80 2174
40 86 8810
40 87 3825
40 89 543
40 91 9363
40 98 4603
40 100 3285
40 110 2489
40 115 9275
40 120 5502
40 122 874
40 124 6901
40 125 493
40 132 2895
40 133 9958
40 140 9409
40 147 7605
40 149 2737
40 150 3291
40 159 8789
40 162 1131
40 177 898
40 178 9998
41 42 5279
41 46 1308
41 50 5548
41 53 1703
41 55 7948
41 57 531
41 58 5808
41 59 3099
41 61 7873
41 66 4081
41 72 9646
41 75 4643
41 77 6036
41 85 9435
41 92 2834
41 94 2081
41 105 1255
41 106 7826
41 109 7061
41 112 6214
41 113 2245
41 118 2099
41 120 3941
41 121 7167
41 124 5914
41 126 5384
41 130 9088
41 131 9766
41 139 9604
41 141 6953
41 144 6626
41 145 1966
41 146 8438
41 147 4503
41 154 1474
41 161 9031
41 163 6133
41 165 8671
41 168 2745
41 170 7605
41 175 9321
41 176 2437
41 178 8923
41 183 7853
42 46 5061
42 48 7241
42 52 3028
42 58 1481
42 59 7705
42 61 435
42 68 506
42 69 2867
42 75 8075
42 80 1906
42 84 8029
42 90 3265
42 95 6641
42 96 2094
42 97 4084
42 100 1057
42 114 1577
42 116 9834
42 119 8590
42 120 3146
42 124 2553
42 125 7290
42 127 4760
42 130 767
42 131 2539
42 136 2367
42 137 3422
42 142 258
42 145 7880
42 156 8497
42 163 7801
42 165 8385
42 167 8434
42 174 3425
42 176 9518
42 177 353
42 181 7929
43 46 8963
43 59 3894
43 66 3112
43 70 6361
43 71 2692
43 76 5993
43 79 9815
43 81 5305
43 82 5381
43 91 2379
43 93 276
43 99 3269
43 105 1855
43 107 7516
43 108 5302
43 110 4480
43 116 6225
43 120 9943
43 123 7498
43 124 9512
43 125 4922
43 126 4694
43 127 9267
43 128 2840
43 131 4185
43 132 3489
43 144 4565
43 156 5600
43 159 839
43 161 6861
43 167 3744
43 174 7997
43 181 7401
43 185 4393
44 45 9689
44 46 6019
44 52 5738
44 57 50
44 59 5199
44 66 1369
44 82 7555
44 83 9835
44 84 2576
44 85 5252
44 87 3851
44 88 4034
44 89 4195
44 91 941
44 92 8830
44 95 2891
44 102 2677
44 105 6498
44 106 3912
44 111 3528
44 113 5868
44 115 8948
44 135 4550
44 137 1671
44 139 2416
44 143 250
44 144 1236
44 149 6201
44 154 9567
44 157 6073
44 161 7360
44 174 847
44 181 5093
44 183 8224
44 184 3603
45 53 623
45 66 5701
45 83 5199
45 85 6003
45 88 1595
45 90 9267
45 96 2720
45 101 9777
45 102 8935
45 106 2316
45 110 9602
45 114 7101
45 115 4099
45 116 9254
45 118 6731
45 129 9180
45 135 2708
45 139 7160
45 140 7901
45 147 4345
45 148 2564
45 150 6043
45 156 9128
45 161 7676
45 165 2997
45 169 4285
45 174 4740
45 175 5010
45 180 3562
45 181 3410
45 184 9189
46 48 6084
46 52 4166
46 55 6782
46 57 1215
46 59 9461
46 60 97
46 63 9430
46 65 2771
46 68 2627
46 77 6533
46 93 1565
46 96 1180
46 97 9731
46 102 6622
46 104 7804
46 108 5245
46 113 6716
46 122 9530
46 129 6257
46 135 8586
46 140 832
46 142 1153
46 143 8776
46 147 1135
46 152 2888
46 160 3479
46 161 5565
46 165 2334
46 168 6915
46 170 2412
46 172 9274
46 174 976
46 175 2430
46 176 5894
46 181 2777
47 53 32
47 54 5404
47 55 6241
47 59 1248
47 61 7144
47 63 1339
47 65 6257
47 66 6270
47 68 826
47 75 1616
47 80 555
47 87 2105
47 93 2383
47 98 6190
47 104 5839
47 105 8803
47 114 8670
47 123 1652
47 130 7167
47 131 6175
47 138 5201
47 149 8200
47 150 2494
47 154 6036
47 158 3577
47 161 1636
47 168 9613
47 173 6454
48 51 3448
48 55 7069
48 61 572
48 62 9002
48 63 7750
48 65 7970
48 68 7195
48 73 1758
48 76 7962
48 80 9203
48 81 2510
48 83 1265
48 86 1129
48 90 5607
48 92 1155
48 93 9746
48 98 4189
48 103 1257
48 107 1983
48 109 1430
48 117 2192
48 118 4695
48 122 7013
48 123 1608
48 125 9865
48 126 1735
48 132 259
48 133 8144
48 152 2165
48 153 9879
48 158 4038
48 159 2184
48 163 1331
48 175 3754
48 186 2089
49 50 4602
49 59 2900
49 61 906
49 62 8969
49 65 9837
49 70 2573
49 73 7654
49 76 288
49 80 6709
49 82 7217
49 92 4603
49 104 6754
49 110 4407
49 115 5253
49 116 2944
49 118 5997
49 121 8224
49 122 9349
49 124 2533
49 125 6709
49 127 768
49 128 1872
49 129 4234
49 130 1060
49 134 1634
49 146 2144
49 151 4714
49 154 3218
49 155 1712
49 157 9310
49 165 6996
49 171 8014
49 181 8844
49 186 2966
50 67 4017
50 69 4869
50 72 8792
50 81 612
50 88 3799
50 93 242
50 98 9029
50 101 1787
50 102 745
50 104 7583
50 109 7621
50 113 2836
50 118 8083
50 124 3894
50 125 6338
50 127 4753
50 130 2824
50 134 1483
50 137 3044
50 138 7910
50 140 9637
50 144 3255
50 147 8073
50 148 2749
50 151 8930
50 155 3295
50 156 3428
50 157 6130
50 158 2900
50 159 2115
50 162 8465
50 165 4539
50 173 4215
50 175 2752
50 183 4948
50 185 3786
51 52 2600
51 54 3222
51 55 3028
51 64 1604
51 67 1156
51 68 5979
51 69 9043
51 73 6844
51 79 7667
51 86 8
51 87 3470
51 91 1715
51 92 2416
51 97 5115
51 99 821
51 100 2705
51 106 3878
51 112 7383
51 115 3828
51 118 9804
51 119 2270
51 126 2956
51 129 6115
51 130 8602
51 131 7158
51 132 4837
51 135 8099
51 137 7174
51 148 2348
51 151 3998
51 152 8560
51 159 954
51 162 1635
51 164 354
51 165 5894
51 169 9643
51 177 7591
51 181 5588
51 182 6463
51 183 2124
51 184 7577
51 186 122
52 53 9846
52 55 4459
52 56 1778
52 61 475
52 72 7245
52 79 9990
52 84 8384
52 88 1334
52 95 2280
52 103 7998
52 104 3201
52 108 3822
52 110 4192
52 116 8253
52 121 5603
52 123 883
52 134 7632
52 137 665
52 140 3558
52 147 3451
52 149 8480
52 155 3755
52 157 300
52 158 6323
52 167 2299
52 168 4629
52 174 5037
52 176 353
52 181 6453
52 182 4259
52 183 3299
52 185 1721
53 54 9511
53 55 6058
53 56 9922
53 57 4747
53 61 2526
53 62 266
53 70 5568
53 72 1145
53 73 8010
53 77 15
53 88 7166
53 92 275
53 96 3169
53 97 1511
53 115 7388
53 119 2791
53 122 6880
53 125 2191
53 134 4409
53 144 6227
53 152 7392
53 153 7854
53 161 2683
53 162 4651
53 164 8326
53 170 8416
53 172 7700
53 173 6077
53 174 8967
53 176 3436
53 179 6189
53 182 2599
53 183 1190
53 185 2215
54 57 5997
54 68 6592
54 76 4742
54 86 7619
54 89 3615
54 90 9838
54 97 3301
54 99 6176
54 113 652
54 133 2650
54 135 5353
54 137 3756
54 142 4656
54 147 3971
54 150 5416
54 151 4558
54 152 6071
54 155 5413
54 156 5709
54 159 2367
54 172 5995
54 178 6661
54 180 8160
54 181 7096
54 182 8390
55 59 270
55 60 8089
55 64 8186
55 65 4512
55 66 8382
55 68 1444
55 70 4263
55 71 1478
55 73 6737
55 80 2735
55 86 4168
55 88 6377
55 92 9770
55 99 6645
55 100 7158
55 101 4785
55 107 4255
55 109 1470
55 117 3610
55 119 5169
55 121 6708
55 129 9936
55 130 7450
55 132 208
55 137 1888
55 141 5605
55 143 5835
55 145 9722
55 148 4558
55 153 8172
55 158 303
55 166 1021
55 167 5112
55 169 5841
55 171 5273
55 173 8065
55 179 1987
55 181 4420
55 186 7878
56 58 1792
56 65 9054
56 75 8090
56 83 351
56 84 6873
56 89 3284
56 95 5210
56 101 8040
56 106 8178
56 111 9059
56 121 2322
56 125 1491
56 130 9853
56 133 5383
56 138 4721
56 145 8885
56 146 4913
56 147 7048
56 156 1594
56 158 5509
56 162 9376
56 164 422
56 169 85
56 170 7271
56 172 1778
56 176 2509
56 178 3754
56 183 838
56 185 298
56 186 8048
57 61 2268
57 64 7015
57 65 9227
57 67 7487
57 69 2730
57 78 2989
57 82 1124
57 84 3127
57 88 2179
57 89 2492
57 92 7309
57 93 7621
57 95 3752
57 105 4065
57 107 5057
57 108 5488
57 111 6791
57 120 7038
57 124 5069
57 125 9938
57 127 6404
57 131 923
57 134 9743
57 135 9593
57 136 8265
57 138 8360
57 150 1901
57 151 9702
57 154 9510
57 169 8069
57 177 2937
57 182 9828
57 184 7925
58 66 6382
58 67 9120
58 76 4053
58 78 206
58 87 7063
58 106 8248
58 107 8165
58 114 5905
58 116 149
58 117 5750
58 119 8522
58 123 5386
58 126 9
58 128 2335
58 133 8719
58 137 5065
58 157 6400
58 162 933
58 163 1317
58 164 5365
58 166 6396
58 168 5902
58 171 9982
58 172 6443
58 175 7647
58 176 3095
58 183 5189
59 67 5513
59 69 7902
59 76 287
59 79 9320
59 82 6641
59 87 9131
59 92 682
59 97 3967
59 108 2012
59 115 3520
59 122 635
59 123 7972
59 133 5915
59 138 7614
59 143 9201
59 144 7753
59 147 9824
59 148 4931
59 154 8649
59 163 5580
59 165 7767
59 170 5174
59 172 7755
59 173 3270
59 179 2695
59 183 6478
59 184 4555
60 62 860
60 63 8920
60 64 6044
60 67 2000
60 69 8529
60 71 7836
60 73 5776
60 77 3097
60 78 8699
60 79 2158
60 82 6775
60 84 4983
60 95 7493
60 98 2187
60 101 3006
60 104 1430
60 105 3866
60 110 4570
60 111 3638
60 112 8230
60 123 3596
60 127 8676
60 139 1420
60 141 8363
60 142 2788
60 143 8442
60 144 4683
60 145 1401
60 150 3325
60 163 3955
60 166 4730
60 167 1056
60 168 1570
60 169 9250
60 176 8040
60 178 1612
60 183 2678
61 63 3096
61 64 598
61 72 7696
61 75 5694
61 87 7227
61 91 5108
61 95 5745
61 96 198
61 105 7077
61 108 5587
61 113 7407
61 118 265
61 120 2527
61 126 2646
61 127 1655
61 130 589
61 137 4476
61 146 7201
61 149 1762
61 151 8440
61 153 8586
61 158 9543
61 164 4195
61 166 3170
61 169 3315
61 180 7310
62 64 3169
62 73 5138
62 74 5716
62 79 620
62 80 9326
62 89 8624
62 96 4137
62 99 2480
62 107 6465
62 108 8717
62 109 8411
62 113 5177
62 117 3185
62 124 1934
62 127 1955
62 133 2450
62 134 6462
62 135 5362
62 138 5841
62 143 3036
62 146 5314
62 150 9443
62 157 7222
62 158 5440
62 165 9115
62 170 2629
62 179 3708
63 64 6451
63 73 7989
63 81 3640
63 82 6738
63 87 1501
63 91 1722
63 93 9908
63 97 9342
63 99 8946
63 100 5686
63 112 2877
63 115 698
63 122 8530
63 124 8343
63 125 9177
63 139 8014
63 146 6284
63 147 6962
63 153 9084
63 155 698
63 156 8988
63 161 3070
63 163 655
63 170 6432
63 175 5282
63 178 2077
63 181 6453
63 183 7005
63 185 6197
63 186 5298
64 69 3309
64 71 6650
64 75 2106
64 76 9909
64 77 2931
64 83 4694
64 87 4474
64 90 4075
64 91 7634
64 93 4778
64 101 5970
64 104 6527
64 108 2609
64 111 8096
64 112 7269
64 116 6591
64 136 8694
64 137 3547
64 143 4878
64 144 1100
64 152 3499
64 156 9743
64 159 2501
64 167 4362
64 171 3016
64 172 1911
64 173 9796
64 174 3841
64 176 1008
64 180 9668
64 184 8616
65 66 5947
65 76 3144
65 79 2575
65 81 7203
65 82 2572
65 88 4662
65 90 1304
65 91 3909
65 93 3860
65 96 2990
65 98 6961
65 99 6680
65 104 386
65 105 4319
65 112 4516
65 115 7593
65 118 2042
65 122 2954
65 124 810
65 125 1721
65 134 3664
65 137 6624
65 141 9236
65 144 3065
65 149 7276
65 153 248
65 156 8477
65 159 2730
65 161 3753
65 162 1170
65 164 5066
65 169 2482
65 171 4731
65 172 8957
65 174 6707
65 181 8913
65 183 3496
66 83 6852
66 84 9507
66 85 7282
66 93 5593
66 95 2281
66 102 795
66 105 7099
66 107 5348
66 114 9489
66 118 3109
66 119 962
66 120 953
66 126 5801
66 129 2273
66 131 6727
66 134 2091
66 136 2461
66 139 6125
66 141 4721
66 145 1800
66 147 8702
66 151 234
66 156 5993
66 159 4842
66 161 175
66 170 5771
66 172 5714
66 182 8515
67 71 6398
67 72 8480
67 74 2538
67 75 4059
67 79 4667
67 83 7765
67 88 9138
67 93 5874
67 96 4478
67 97 3410
67 100 9809
67 102 3926
67 105 4054
67 108 9365
67 121 1842
67 124 6354
67 126 1663
67 138 49
67 140 8046
67 142 2483
67 145 6728
67 146 620
67 152 9621
67 155 6708
67 158 7781
67 163 8020
67 164 2004
67 165 5685
67 167 3755
67 172 472
67 176 141
67 184 9756
67 185 8180
68 71 6424
68 76 8339
68 78 3900
68 81 173
68 85 9668
68 89 6049
68 90 69
68 91 645
68 93 1189
68 101 4012
68 102 3413
68 106 533
68 108 9215
68 110 6426
68 113 4890
68 120 9855
68 123 493
68 127 2951
68 133 6504
68 138 3159
68 140 810
68 143 7436
68 146 7430
68 147 7060
68 151 3647
68 154 112
68 156 2459
68 158 2855
68 162 3763
68 168 1988
68 169 6302
68 172 358
68 178 7053
68 179 7777
68 181 1097
68 185 5360
69 73 4102
69 79 4347
69 82 2177
69 83 5343
69 95 3060
69 96 3647
69 98 6170
69 108 9351
69 112 5818
69 113 5849
69 116 5741
69 120 292
69 121 5061
69 124 6031
69 136 8380
69 140 7111
69 142 8028
69 143 4082
69 148 7534
69 149 9781
69 150 4338
69 153 8984
69 164 7701
69 176 2064
69 177 370
69 179 7727
69 182 1309
69 184 7741
69 185 2016
69 186 5549
70 72 6296
70 94 8761
70 95 781
70 98 8817
70 99 7884
70 103 6119
70 104 163
70 106 5363
70 107 7852
70 109 7070
70 112 2471
70 121 8530
70 124 8900
70 129 7558
70 133 9910
70 134 9376
70 138 743
70 140 5808
70 145 3275
70 146 3594
70 156 5382
70 159 6040
70 163 1517
70 169 8127
70 177 5108
70 179 2378
70 180 912
70 183 2326
70 186 2959
71 75 7990
71 78 2397
71 79 8448
71 91 6040
71 95 4875
71 100 3710
71 101 8393
71 103 5080
71 106 737
71 115 1759
71 117 7422
71 120 4530
71 130 6391
71 131 3409
71 132 7613
71 134 8799
71 136 1471
71 144 3839
71 146 4572
71 150 5905
71 158 1633
71 159 2516
71 166 5356
71 167 8037
71 168 5628
71 171 2591
71 172 6448
71 177 2962
71 183 7589
71 184 9639
72 74 2605
72 75 1809
72 90 8768
72 93 6487
72 94 1396
72 101 8796
72 104 8510
72 105 1462
72 110 7706
72 112 3535
72 117 5861
72 119 2063
72 121 761
72 122 1969
72 124 959
72 126 936
72 135 1886
72 143 2782
72 146 5440
72 151 1837
72 152 4970
72 157 1039
72 158 1548
72 159 6083
72 160 1744
72 161 7325
72 172 4777
72 176 3752
72 178 273
72 179 7156
72 180 9498
72 184 6890
72 185 707
72 186 9781
73 78 8401
73 80 9507
73 88 7539
73 96 9772
73 100 749
73 103 3778
73 107 6524
73 109 6412
73 122 532
73 123 5421
73 125 227
73 127 2637
73 131 5126
73 132 7407
73 136 2457
73 139 9101
73 153 1296
73 157 9822
73 163 7671
73 169 4472
73 172 17
73 186 318
74 79 6918
74 86 2051
74 87 9545
74 88 7486
74 93 8485
74 95 5305
74 98 4045
74 99 933
74 103 7316
74 107 9244
74 110 1266
74 117 2490
74 118 2115
74 122 992
74 128 6605
74 130 5830
74 142 9448
74 156 1044
74 165 7811
74 166 2278
74 173 8556
74 174 4306
74 175 2957
74 176 9980
74 180 9881
74 184 5122
75 83 4495
75 87 3279
75 96 7498
75 101 2870
75 110 6335
75 121 7505
75 127 2851
75 133 3279
75 136 5650
75 139 9270
75 143 2377
75 149 5621
75 154 2151
75 172 136
75 176 2917
75 180 7991
76 79 7170
76 84 2993
76 88 4094
76 90 2306
76 95 5632
76 96 961
76 109 5643
76 112 7965
76 115 8337
76 117 7393
76 121 7399
76 122 885
76 142 2668
76 144 9490
76 146 8980
76 150 473
76 162 5126
76 165 7457
76 166 9747
76 170 5783
76 174 3129
76 175 568
76 177 6556
76 178 5469
76 179 5722
77 80 4085
77 81 1087
77 90 870
77 91 1000
77 93 5411
77 94 6149
77 99 5541
77 104 9433
77 105 956
77 106 8541
77 113 3579
77 119 5680
77 127 8121
77 128 6191
77 133 3472
77 138 4107
77 139 3880
77 151 6243
77 157 3421
77 158 6838
77 161 2391
77 162 6103
77 167 7252
77 175 2104
77 176 15
77 178 193
77 180 476
77 183 8552
77 186 7053
78 82 7150
78 84 1791
78 90 3860
78 94 5444
78 97 3089
78 98 5285
78 99 3821
78 103 9579
78 108 7608
78 109 7248
78 115 83
78 117 8002
78 120 3312
78 121 6074
78 124 6033
78 125 3359
78 128 9690
78 129 2590
78 131 4748
78 134 3678
78 140 8600
78 145 6998
78 151 8099
78 160 1340
78 171 3934
78 174 2931
78 186 6367
79 84 1909
79 85 3863
79 95 4549
79 97 3596
79 100 8917
79 105 9743
79 107 6406
79 108 8949
79 110 7084
79 115 3999
79 120 625
79 133 789
79 139 3886
79 146 7786
79 148 9434
79 150 500
79 151 1074
79 154 7689
79 155 5969
79 156 1318
79 157 1191
79 168 3340
79 170 4711
79 174 1166
79 178 4829
79 181 2823
79 182 2334
80 83 4278
80 87 6751
80 91 6862
80 93 564
80 94 8114
80 97 6428
80 98 3785
80 102 1875
80 104 6542
80 107 4179
80 109 8524
80 117 1874
80 118 7027
80 127 2980
80 131 7200
80 142 159
80 146 4532
80 151 6281
80 152 1886
80 154 3894
80 157 4497
80 159 5265
80 169 3328
80 175 9763
80 181 7886
80 182 1762
80 184 6574
80 185 5264
80 186 1407
81 83 3141
81 84 6003
81 86 8588
81 88 4381
81 90 520
81 91 1346
81 95 628
81 96 5585
81 107 3746
81 111 2233
81 117 3980
81 119 9709
81 123 2568
81 124 3928
81 125 1945
81 127 1265
81 129 5269
81 135 5956
81 137 710
81 145 2064
81 147 7149
81 149 4972
81 150 4257
81 151 3002
81 163 3840
81 178 5738
81 179 3087
81 182 464
81 183 8242
82 88 4460
82 94 6145
82 95 1079
82 101 8171
82 102 1630
82 104 4410
82 111 9677
82 116 9443
82 117 3787
82 118 3948
82 126 9256
82 127 8883
82 130 724
82 135 828
82 136 894
82 142 3916
82 147 2044
82 148 3827
82 150 8211
82 154 178
82 162 5141
82 163 2332
82 164 5385
82 167 60
82 168 3511
82 170 4908
82 174 9242
82 176 114
82 182 6763
82 186 8691
83 85 7074
83 86 4960
83 88 1508
83 95 25
83 96 9375
83 100 661
83 103 9146
83 107 7146
83 109 7641
83 110 9209
83 115 9766
83 119 4273
83 120 9379
83 122 4172
83 124 9798
83 125 4363
83 131 9776
83 132 1584
83 136 5274
83 138 9922
83 143 8130
83 144 2168
83 152 5814
83 161 8121
83 170 3240
83 173 4001
83 176 5345
83 181 8233
83 184 6629
84 86 7699
84 88 2000
84 89 5753
84 90 8258
84 94 5597
84 102 9759
84 105 408
84 115 6021
84 119 3304
84 125 255
84 127 216
84 128 1427
84 134 9955
84 138 5066
84 139 634
84 143 1710
84 146 2545
84 147 7591
84 149 8278
84 151 4848
84 158 8562
84 159 4183
84 161 3306
84 162 8743
84 166 6930
84 169 2287
84 176 3392
84 179 4296
84 180 1126
84 186 2515
85 94 2921
85 95 8834
85 101 710
85 106 2897
85 110 5865
85 113 3686
85 114 5858
85 115 4958
85 121 8105
85 130 1252
85 136 5779
85 140 3715
85 144 9608
85 145 2798
85 148 4811
85 149 3512
85 150 5186
85 153 7647
85 158 1013
85 162 6310
85 165 4686
85 171 249
85 176 2876
85 180 8327
85 184 2755
86 88 1757
86 89 4543
86 107 7115
86 117 1091
86 126 3061
86 127 2241
86 128 50
86 129 1385
86 135 806
86 136 6121
86 138 4254
86 143 3482
86 147 2214
86 148 1921
86 151 6973
86 152 3720
86 155 6211
86 157 7363
86 159 6035
86 167 4926
86 182 2699
87 88 3980
87 90 6225
87 92 2888
87 96 8200
87 97 1879
87 100 9594
87 104 1968
87 105 5076
87 110 8569
87 129 832
87 136 6164
87 154 7604
87 155 2039
87 156 2708
87 161 6364
87 162 3042
87 166 1558
87 167 2783
87 176 7009
87 178 1644
87 179 3978
87 182 1940
87 184 8508
87 185 7941
88 91 4056
88 98 4186
88 106 4129
88 108 1957
88 115 725
88 120 8741
88 123 7826
88 127 7512
88 129 8771
88 130 3907
88 135 1171
88 137 4543
88 138 5903
88 148 6687
88 156 2087
88 158 5050
88 160 7108
88 164 4804
88 168 597
88 174 124
88 176 7680
88 179 327
88 183 5184
89 94 5865
89 95 8733
89 98 6187
89 104 302
89 106 5014
89 116 3077
89 121 4468
89 124 105
89 129 6187
89 130 149
89 134 3083
89 136 7913
89 137 9085
89 139 3484
89 144 3771
89 145 6725
89 146 5218
89 147 8983
89 150 9656
89 157 4773
89 165 4999
89 175 4256
89 185 294
90 98 3449
90 99 8586
90 100 7928
90 111 9965
90 114 2509
90 118 4652
90 120 5173
90 122 1919
90 125 6479
90 126 1236
90 131 266
90 138 3488
90 140 861
90 142 2046
90 143 2680
90 145 502
90 152 3629
90 160 5046
90 163 8903
90 177 426
90 178 899
90 184 3321
91 95 2408
91 96 9321
91 111 4196
91 121 1600
91 131 8955
91 132 2613
91 133 4629
91 145 7548
91 147 7516
91 148 7208
91 150 7535
91 154 9121
91 159 9395
91 161 8903
91 165 2518
91 168 4852
91 173 1766
91 174 5181
91 176 9557
91 178 6517
92 98 9476
92 99 2579
92 102 7984
92 103 4634
92 112 8959
92 118 9566
92 123 7362
92 125 3886
92 131 7894
92 134 6176
92 135 1501
92 137 368
92 142 2111
92 145 3411
92 146 8671
92 155 4854
92 158 3235
92 160 348
92 163 8664
92 164 5238
92 165 9117
92 167 4391
92 169 8002
92 170 2142
92 171 3733
92 173 6867
92 183 7222
92 185 7484
92 186 3181
93 97 2271
93 99 5718
93 104 7364
93 105 8012
93 107 4305
93 114 4364
93 117 7846
93 124 2305
93 128 7569
93 129 2229
93 132 6137
93 138 1562
93 140 7848
93 148 7166
93 150 8324
93 156 5981
93 157 2085
93 159 2260
93 162 4910
93 164 6152
93 167 3073
93 169 2303
93 170 3395
93 173 184
93 178 4665
93 181 396
94 98 2720
94 99 1214
94 102 7008
94 108 4058
94 112 8883
94 115 3109
94 119 7725
94 124 6227
94 126 2880
94 138 6601
94 139 635
94 142 5667
94 143 5280
94 145 3554
94 146 5970
94 147 8746
94 148 4124
94 170 6884
94 173 1497
94 178 1237
95 101 2471
95 103 4852
95 108 9877
95 109 7831
95 114 6244
95 118 7048
95 119 6407
95 120 8030
95 121 4348
95 122 2888
95 124 5794
95 129 7996
95 130 913
95 133 3784
95 138 1379
95 145 3400
95 160 2454
95 161 6275
95 169 6398
95 175 8491
95 178 6663
95 182 6919
95 183 9049
96 99 5833
96 104 4190
96 108 5603
96 111 6318
96 113 5948
96 116 5717
96 121 5379
96 124 6622
96 129 9786
96 130 412
96 136 8019
96 140 7452
96 142 148
96 143 6734
96 145 9948
96 148 3480
96 158 3237
96 159 1120
96 160 134
96 164 310
96 169 7992
96 183 8114
96 184 3121
97 100 2801
97 101 1834
97 108 1324
97 111 9390
97 126 2542
97 129 2482
97 131 3480
97 134 9034
97 140 2582
97 142 2792
97 143 8411
97 144 7052
97 145 8868
97 147 8078
97 149 5768
97 153 5475
97 156 3955
97 167 6608
97 171 6526
97 173 8379
97 175 8145
98 101 8191
98 104 4257
98 108 8224
98 110 9415
98 113 4203
98 114 7984
98 121 4042
98 126 2566
98 127 2958
98 132 1353
98 133 6606
98 144 6341
98 148 910
98 149 3407
98 152 383
98 157 3428
98 163 6161
98 165 8596
98 167 1766
98 176 3568
98 177 6815
98 180 82
98 182 3918
98 183 8562
98 184 7310
98 186 6082
99 102 3265
99 103 2440
99 105 7843
99 112 5776
99 114 7879
99 117 2001
99 120 6968
99 122 211
99 123 6227
99 124 105
99 125 2538
99 126 4798
99 128 994
99 133 6699
99 135 500
99 151 5309
99 153 8312
99 157 3407
99 160 7963
99 170 9366
99 181 1743
99 184 9206
100 120 4180
100 123 3527
100 126 4586
100 131 1513
100 132 9446
100 133 7658
100 136 6839
100 137 6062
100 140 9009
100 141 7226
100 142 3646
100 143 4519
100 145 1611
100 150 5362
100 152 8522
100 155 3387
100 156 4492
100 158 1228
100 165 8074
100 166 4691
100 169 667
100 174 9146
100 184 6381
100 185 7768
101 106 548
101 107 8826
101 112 7935
101 125 1740
101 126 9010
101 131 3232
101 132 7342
101 136 5815
101 142 1710
101 144 3451
101 145 6453
101 146 3307
101 151 8625
101 155 3012
101 156 6722
101 162 9661
101 173 817
101 174 7776
101 175 8628
102 104 1728
102 106 9033
102 107 8162
102 112 8396
102 120 1583
102 123 5970
102 125 2762
102 127 3233
102 131 989
102 136 3611
102 140 5775
102 142 1653
102 146 37
102 158 8744
102 161 2339
102 162 9789
102 163 8625
102 169 2324
102 177 6232
102 185 7231
103 107 705
103 115 4568
103 117 8786
103 118 3436
103 121 1933
103 123 5343
103 126 4474
103 131 2661
103 135 8055
103 138 1760
103 142 9760
103 146 158
103 154 7994
103 156 2647
103 157 8665
103 165 241
103 170 8686
103 173 5948
103 179 6637
103 182 5431
104 106 13
104 107 9992
104 108 9129
104 110 2354
104 111 1444
104 116 962
104 117 741
104 118 5517
104 121 8616
104 126 2991
104 129 3744
104 130 1691
104 150 6777
104 153 9505
104 155 6104
104 157 8929
104 160 299
104 161 5396
104 162 7742
104 165 996
104 167 2997
104 177 6947
104 180 2252
104 181 4767
104 184 688
104 185 677
105 107 3821
105 109 2885
105 110 8923
105 112 4439
105 116 5687
105 118 8873
105 125 7569
105 133 1158
105 135 8766
105 136 7970
105 137 7613
105 138 6520
105 144 9810
105 146 6928
105 148 9677
105 149 1054
105 153 4849
105 155 41
105 156 6499
105 162 2022
105 163 9481
105 169 9233
105 173 5442
105 175 9287
105 180 5939
105 181 2915
105 183 7890
105 184 493
106 107 9635
106 108 3306
106 119 5645
106 122 7642
106 129 2240
106 130 7703
106 131 3734
106 133 3288
106 134 3952
106 135 3169
106 137 4936
106 138 5255
106 139 537
106 141 2285
106 142 3644
106 145 5811
106 146 2021
106 155 2490
106 166 7044
106 167 2676
106 171 5940
106 172 1617
106 175 5724
106 178 5496
106 185 3596
107 110 7473
107 111 3699
107 121 5913
107 124 8250
107 125 2422
107 128 8693
107 133 3999
107 134 6315
107 136 1468
107 140 7080
107 151 7325
107 152 7024
107 153 470
107 157 3530
107 161 1569
107 162 2926
107 163 9021
107 164 9540
107 166 6186
107 169 2432
107 173 245
107 175 2620
107 180 9062
107 181 7940
108 110 2056
108 111 6633
108 115 6895
108 122 5410
108 123 8715
108 125 2517
108 127 9027
108 129 8106
108 135 1626
108 139 5061
108 141 863
108 149 2245
108 151 1847
108 152 1406
108 154 1537
108 157 9793
108 160 728
108 168 99
108 173 4957
108 175 499
108 178 2802
108 183 2985
109 114 2862
109 115 8574
109 123 1725
109 125 4240
109 127 3995
109 128 307
109 146 9533
109 149 3643
109 150 3746
109 159 8398
109 160 882
109 161 329
109 163 4513
109 164 1153
109 173 879
109 180 1692
109 185 3512
110 115 974
110 126 3681
110 127 449
110 131 9214
110 132 2795
110 134 4733
110 138 1770
110 143 9337
110 149 5257
110 150 2826
110 155 6291
110 166 5864
110 170 1731
110 172 9286
110 177 1567
110 179 3097
111 115 941
111 118 655
111 120 7267
111 124 6305
111 131 9529
111 133 1732
111 134 1221
111 135 7577
111 147 9507
111 148 8091
111 150 2928
111 152 9665
111 153 6401
111 154 1037
111 156 4689
111 157 3384
111 161 5940
111 163 8889
111 169 5492
111 179 2019
111 184 7993
111 185 1647
112 113 4955
112 120 7625
112 121 3179
112 122 9053
112 124 7205
112 127 8383
112 131 9140
112 138 1815
112 139 8358
112 146 4982
112 148 5352
112 149 5930
112 158 8255
112 161 2953
112 162 342
112 164 6167
112 170 8684
112 171 9924
112 172 8276
112 174 5440
112 178 5641
113 115 4259
113 117 9885
113 118 3503
113 123 4748
113 128 9985
113 131 8077
113 132 4986
113 133 3981
113 138 9385
113 139 6408
113 140 1100
113 147 9841
113 154 2892
113 158 3379
113 159 9596
113 163 8295
113 171 327
113 176 327
113 177 6049
113 184 8981
113 186 4021
114 115 6375
114 119 8117
114 121 3839
114 125 5063
114 128 202
114 135 2751
114 144 9216
114 152 8
114 154 9700
114 156 8658
114 160 6704
114 162 7260
114 165 460
114 174 3456
114 176 9932
114 178 8119
114 180 1927
115 121 9792
115 131 7227
115 132 4951
115 134 9233
115 135 6903
115 141 7272
115 148 483
115 149 2519
115 154 2101
115 155 4086
115 160 4835
115 163 8815
115 168 4257
115 174 5079
115 184 5120
115 185 2601
116 121 7758
116 122 5823
116 123 8312
116 134 6229
116 135 7808
116 138 2278
116 142 8967
116 143 5940
116 155 8490
116 156 222
116 168 2636
116 172 5273
116 175 7097
116 181 8673
116 184 3799
117 118 5488
117 119 2323
117 122 8119
117 125 5525
117 126 3156
117 127 7054
117 135 3999
117 146 6190
117 151 8461
117 153 5312
117 154 9960
117 155 1760
117 159 6855
117 162 5649
117 167 7667
117 169 7715
117 173 4086
117 175 4551
117 182 6417
118 119 5499
118 122 3593
118 136 8433
118 138 5116
118 139 5999
118 141 6077
118 151 4359
118 157 108
118 164 4006
118 171 2868
118 176 9583
118 180 5590
118 182 4053
118 184 4869
119 122 1568
119 124 5574
119 125 3149
119 134 8456
119 136 5036
119 140 1843
119 144 3206
119 147 2967
119 148 4121
119 149 1913
119 151 5233
119 156 4622
119 160 3138
119 162 7243
119 164 6159
119 171 283
119 176 1632
119 178 5688
119 180 5422
119 183 6939
119 184 250
120 122 9296
120 124 1192
120 125 3657
120 130 2045
120 138 1767
120 143 8861
120 148 1633
120 153 84
120 156 1627
120 159 2301
120 160 677
120 162 5464
120 163 9835
120 170 6559
120 172 8313
120 186 3691
121 122 4071
121 123 729
121 124 404
121 126 6512
121 131 6066
121 134 3298
121 135 131
121 137 7887
121 148 1987
121 154 9054
121 160 5477
121 169 3187
121 172 5191
121 178 3758
122 123 4664
122 126 2015
122 134 6982
122 138 7657
122 139 4629
122 141 6339
122 144 9901
122 148 5724
122 151 1213
122 155 4050
122 157 745
122 161 7514
122 164 1689
122 165 2579
122 167 3823
122 168 5926
122 176 3825
122 177 3291
123 125 9678
123 126 3425
123 129 2242
123 132 7757
123 140 7839
123 143 8838
123 145 8586
123 148 6871
123 149 6897
123 153 1565
123 169 137
123 170 2093
123 171 8080
123 173 3658
123 175 1956
123 183 6346
123 186 2126
124 126 8612
124 127 7292
124 128 5224
124 130 7416
124 135 8857
124 136 1219
124 138 2384
124 139 1088
124 145 6669
124 146 7022
124 152 4695
124 153 4207
124 155 7418
124 168 9732
124 170 4573
124 180 3494
124 182 6010
124 183 3601
125 126 2890
125 127 4944
125 133 2099
125 134 4137
125 139 1717
125 140 6825
125 144 9854
125 151 2619
125 153 5652
125 155 5655
125 157 8343
125 164 3417
125 166 3252
125 167 6873
125 168 5852
125 170 2568
125 185 3950
126 130 5480
126 133 4303
126 137 4489
126 141 3711
126 144 8507
126 151 6004
126 152 8612
126 153 889
126 154 7460
126 160 4015
126 166 6418
126 172 9748
126 173 6429
126 174 8092
126 184 3268
126 186 8169
127 134 7802
127 139 4986
127 149 9761
127 150 128
127 151 1192
127 159 1015
127 162 9152
127 165 9169
127 168 834
127 170 1882
127 173 1515
127 177 5130
127 184 3669
128 136 5690
128 138 3592
128 143 882
128 150 1626
128 151 1522
128 158 39
128 167 4731
128 176 167
128 179 6316
129 135 1353
129 139 8401
129 142 3427
129 144 9919
129 149 7718
129 150 1871
129 155 2339
129 163 6382
129 174 9764
129 175 8824
129 181 7271
130 140 6752
130 146 8951
130 153 5340
130 155 370
130 156 5063
130 157 4737
130 160 5538
130 162 5730
130 168 4881
130 171 9779
130 173 5895
130 177 2927
130 178 9957
130 180 5235
131 138 361
131 142 5242
131 143 5861
131 145 5527
131 147 964
131 157 3548
131 161 7759
131 174 1311
131 177 7266
131 181 5466
131 184 6289
131 185 2908
131 186 7793
132 136 4006
132 153 8160
132 154 3120
132 156 7113
132 162 326
132 168 6168
132 169 5461
132 176 6045
132 178 9284
132 180 9116
132 181 6115
132 186 1121
133 135 368
133 140 7272
133 146 1822
133 148 7170
133 150 6145
133 151 9200
133 155 2680
133 158 6767
133 160 1618
133 164 6383
133 165 1103
133 172 9799
133 174 5903
133 176 9076
133 178 5035
133 179 796
133 184 1283
133 186 5909
134 136 6545
134 138 3521
134 142 4067
134 144 3427
134 149 5228
134 150 9645
134 152 1718
134 154 6449
134 155 1545
134 156 855
134 158 3585
134 161 22
134 163 2817
134 165 1336
134 167 6343
134 176 9924
134 179 1129
134 181 1531
134 182 5672
135 140 7885
135 142 6669
135 144 3620
135 147 1714
135 150 9022
135 152 43
135 164 9453
135 165 3767
135 168 2356
135 172 6710
135 175 6282
135 183 3758
136 140 7500
136 142 1593
136 145 9951
136 157 7681
136 161 7818
136 164 894
136 165 1373
136 169 601
136 173 9193
136 176 5513
136 177 731
136 179 2031
136 181 9519
136 185 2014
137 144 7432
137 145 3619
137 149 7423
137 150 2363
137 152 9008
137 157 435
137 160 3639
137 161 6088
137 165 307
137 170 6310
137 177 9948
137 181 890
137 184 5416
137 186 2186
138 139 9827
138 151 4884
138 156 2091
138 158 2116
138 163 3506
138 167 7784
138 168 3103
138 169 9692
138 177 6454
138 179 1021
138 184 9707
139 146 7779
139 148 377
139 149 7296
139 150 5841
139 151 8559
139 152 3141
139 158 1884
139 166 5873
139 171 76
139 174 6742
139 175 7990
140 143 2882
140 158 6591
140 161 8677
140 163 9957
140 165 2700
140 173 9125
140 176 1387
141 144 3994
141 146 9528
141 148 8218
141 149 7183
141 151 420
141 156 8754
141 160 9686
141 171 2463
141 173 3147
141 175 2640
141 183 2036
142 156 7595
142 166 5556
142 171 638
142 173 8959
142 181 4830
142 184 7876
142 185 7333
143 148 5286
143 151 8145
143 167 4493
143 173 4258
143 175 2588
143 185 2930
143 186 4824
144 154 7516
144 159 341
144 160 4977
144 161 7181
144 162 1531
144 163 9786
144 167 8670
144 170 2404
144 173 6063
144 174 8836
144 177 387
144 181 9574
145 151 2924
145 152 2873
145 170 8910
145 172 2709
145 176 9804
145 177 4360
145 178 4408
145 179 9387
145 180 5073
145 181 2657
145 182 3588
145 185 8974
146 148 651
146 151 6384
146 153 2647
146 156 8777
146 158 8687
146 162 49
146 169 2218
146 170 6794
146 174 7323
146 175 4903
146 177 515
147 162 5018
147 174 1197
147 178 438
147 181 5891
147 182 1518
147 183 3324
147 185 3649
148 154 3530
148 155 781
148 163 2126
148 170 5857
148 174 9084
148 180 8469
148 182 5499
149 155 2741
149 156 4924
149 158 6367
149 163 6563
149 164 258
149 169 3872
149 172 3890
149 175 197
149 179 3783
149 181 1011
149 185 5740
150 151 9996
150 152 8864
150 153 2555
150 164 2898
150 167 4117
150 170 2860
150 171 7641
150 175 4348
150 179 1763
150 182 275
151 155 5497
151 166 1552
151 183 7227
151 185 5975
152 154 5492
152 162 2003
152 169 7595
152 171 6795
152 172 2916
152 177 3585
152 178 85
152 185 3135
152 186 8312
153 154 9528
153 157 8865
153 160 8361
153 163 1675
153 164 1418
153 167 2781
153 171 6850
153 183 8953
154 158 9607
154 162 8780
154 170 7814
154 172 6853
154 174 3883
154 176 6492
154 180 5975
154 184 4869
155 158 6838
155 159 4168
155 161 5858
155 167 7418
155 169 2921
155 179 2293
155 184 6
156 160 4283
156 161 8860
156 167 8460
156 176 1734
156 184 1346
157 159 3753
157 161 9718
157 162 3078
157 164 3306
157 175 9282
157 176 5798
157 184 1399
157 185 8599
158 165 1311
158 167 5262
158 174 7224
158 178 1387
158 182 586
159 161 2609
159 167 8189
159 174 3770
159 181 4711
159 183 5299
160 162 8570
160 165 3332
160 166 1482
160 171 957
160 172 7217
160 177 2879
160 181 2387
160 183 7844
160 186 3910
161 163 5113
161 168 6391
161 176 1660
161 178 3214
161 179 7076
161 182 5088
161 183 9598
162 170 3999
162 171 1530
162 175 2462
162 179 5564
162 182 9233
162 183 4400
163 166 1690
163 175 7420
163 177 2301
163 179 8272
163 180 326
163 186 3089
164 168 4496
164 172 5747
164 175 809
164 176 8893
164 177 8337
164 178 3536
164 179 7152
164 180 9956
165 177 566
165 178 6933
165 183 782
166 167 7983
166 173 6468
166 178 2593
166 182 7015
166 186 2548
167 173 854
167 178 6320
167 181 9354
167 183 2110
167 184 3368
168 172 8939
168 173 3814
168 176 6014
168 178 4933
168 179 869
168 182 6850
169 172 8055
169 173 1183
169 179 249
169 181 6526
169 183 9336
170 171 8177
170 172 8991
170 173 91
170 175 9953
170 176 7984
171 180 5580
171 185 300
171 186 1801
172 176 4949
172 178 4279
172 184 8982
173 186 5592
174 175 1694
174 176 9973
174 177 7475
174 181 3417
175 179 6669
175 184 8332
175 185 7077
176 178 2981
176 179 6050
176 180 8111
176 181 2857
176 182 85
176 183 5047
176 185 5711
177 178 3034
177 186 725
178 179 5781
178 180 2935
178 184 1020
179 180 9730
179 181 5719
180 184 4485
181 186 1537
