237 7102 282420 195
0 2 7239
0 7 9685
0 9 3316
0 13 7687
0 14 3216
0 22 4353
0 27 1008
0 29 8781
0 37 7040
0 38 9619
0 44 3586
0 46 2036
0 47 4778
0 49 5089
0 51 9521
0 53 9322
0 55 981
0 65 5651
0 72 4697
0 73 3632
0 80 1597
0 93 2051
0 104 1847
0 105 7902
0 109 2959
0 111 8904
0 115 906
0 117 5478
0 122 4653
0 127 4901
0 136 4193
0 138 5836
0 140 8802
0 142 5588
0 143 6125
0 144 5564
0 147 1016
0 166 4633
0 175 5041
0 176 2445
0 180 4763
0 183 9305
0 189 5982
0 190 1470
0 194 3713
0 200 7832
0 202 7626
0 205 3519
0 211 7320
0 212 864
0 216 5317
0 220 6221
0 225 1646
0 230 5492
0 232 3167
0 234 8470
1 2 3793
1 6 3951
1 8 3252
1 17 422
1 19 6627
1 32 5405
1 33 9873
1 34 9992
1 35 7595
1 38 6466
1 42 2181
1 51 9157
1 52 2826
1 53 3732
1 56 2420
1 63 9477
1 66 4251
1 68 779
1 71 8118
1 72 7530
1 75 8462
1 79 9564
1 84 9652
1 87 6944
1 88 4958
1 92 2371
1 94 7432
1 95 50
1 98 4762
1 104 4079
1 106 5611
1 111 2339
1 112 9193
1 113 4719
1 120 6969
1 121 5621
1 123 1908
1 127 3282
1 129 5845
1 131 1372
1 140 5007
1 141 4719
1 147 7361
1 155 2437
1 156 770
1 161 9160
1 164 8513
1 167 6438
1 170 939
1 177 8359
1 179 9608
1 180 6232
1 185 6081
1 190 5209
1 192 5567
1 195 4447
1 199 3894
1 203 8200
1 206 6312
1 220 1494
1 221 9650
1 223 7296
1 225 4562
1 236 8508
2 6 2482
2 12 2758
2 14 5818
2 15 7775
2 18 3160
2 20 752
2 22 6080
2 42 3389
2 47 8889
2 55 6804
2 59 5319
2 62 6299
2 68 6199
2 69 1402
2 72 9492
2 84 9765
2 85 4718
2 86 3195
2 93 8361
2 97 1057
2 100 552
2 111 2146
2 117 7933
2 121 4179
2 126 6593
2 135 1358
2 151 9871
2 158 7232
2 167 9328
2 169 4015
2 175 615
2 182 5428
2 185 443
2 193 8800
2 194 7974
2 198 3590
2 201 5795
2 212 3252
2 215 8072
2 216 821
2 219 5653
2 221 1747
2 225 4120
2 234 8356
3 11 8766
3 12 3104
3 17 337
3 20 6167
3 22 686
3 27 652
3 28 4850
3 32 3548
3 34 7724
3 54 7448
3 55 2446
3 56 9333
3 66 7800
3 71 2399
3 72 6756
3 80 3829
3 82 5423
3 92 881
3 96 2282
3 101 4542
3 103 2568
3 110 7378
3 115 1056
3 118 3561
3 119 6180
3 123 4938
3 125 128
3 129 9483
3 133 816
3 138 7689
3 140 3594
3 142 4308
3 150 2450
3 153 4601
3 157 6354
3 160 6705
3 161 1473
3 162 8854
3 169 1315
3 171 4724
3 173 5719
3 179 9194
3 189 4586
3 191 8738
3 195 2047
3 199 667
3 209 9775
3 218 3711
3 223 8132
3 226 7100
3 232 9511
3 233 4524
3 236 6033
4 5 7308
4 7 60
4 16 2199
4 17 2586
4 22 2630
4 23 9474
4 29 2986
4 32 7862
4 39 586
4 41 2893
4 44 4484
4 49 1170
4 53 8698
4 55 6468
4 57 2535
4 61 8676
4 68 5114
4 71 2246
4 91 7431
4 94 2389
4 99 3149
4 102 1260
4 105 3002
4 111 8695
4 119 4240
4 122 387
4 124 3246
4 129 5447
4 136 2837
4 145 3560
4 149 1829
4 152 4784
4 157 7679
4 158 9011
4 160 1041
4 161 9045
4 164 8687
4 165 9137
4 166 7517
4 167 4032
4 168 6084
4 170 4953
4 172 3876
4 176 7528
4 178 1629
4 179 8448
4 188 7503
4 190 6292
4 192 3825
4 195 503
4 197 2946
4 204 5527
4 205 2689
4 206 1565
4 208 7070
4 209 7562
4 229 7226
4 236 6512
5 8 1190
5 17 9871
5 19 1821
5 22 652
5 25 9856
5 29 3162
5 33 1876
5 36 7142
5 40 2569
5 45 1315
5 52 7291
5 59 8455
5 64 7012
5 69 6091
5 70 4618
5 71 7317
5 74 1315
5 78 3768
5 81 8381
5 88 8300
5 91 1739
5 93 3184
5 94 3087
5 102 6810
5 108 1573
5 112 8964
5 117 7991
5 119 4295
5 122 9882
5 124 2060
5 127 2991
5 128 2696
5 130 6836
5 136 3274
5 141 3128
5 143 3378
5 146 8614
5 147 600
5 148 6243
5 152 7278
5 153 2185
5 163 9900
5 171 140
5 177 5952
5 178 8239
5 179 392
5 180 4966
5 182 47
5 195 96
5 196 5971
5 199 409
5 203 7485
5 204 7338
5 205 4147
5 209 9369
5 218 5702
5 221 7257
5 223 8261
5 230 3339
5 231 8600
5 234 9914
5 235 9015
6 13 2742
6 14 8580
6 15 8512
6 26 8841
6 27 2184
6 39 5332
6 41 7616
6 42 9086
6 54 9462
6 55 6524
6 57 7404
6 58 1464
6 63 782
6 66 8048
6 72 8542
6 73 7761
6 75 7148
6 82 712
6 84 7902
6 88 5597
6 97 7986
6 100 6798
6 104 5164
6 105 1732
6 122 171
6 123 9783
6 128 747
6 135 2446
6 138 1160
6 139 5169
6 146 1972
6 150 2821
6 153 2370
6 159 5814
6 160 8949
6 161 8272
6 176 3077
6 177 8615
6 178 8221
6 181 6478
6 182 4064
6 187 9961
6 188 2564
6 189 7400
6 192 365
6 198 8321
6 205 808
6 206 3935
6 207 3768
6 222 3837
6 224 3564
6 231 455
6 234 6728
6 236 8722
7 11 7754
7 12 2683
7 18 8382
7 23 9465
7 26 4303
7 48 7643
7 53 4589
7 55 587
7 57 3236
7 58 2696
7 66 7852
7 68 182
7 70 3385
7 71 497
7 79 6332
7 81 487
7 83 499
7 86 1178
7 87 4129
7 89 4096
7 90 5192
7 93 8929
7 94 5772
7 96 5323
7 98 6055
7 100 1247
7 102 4696
7 107 692
7 116 6004
7 119 2485
7 124 9896
7 126 2580
7 127 9433
7 131 699
7 150 9127
7 151 3529
7 152 9114
7 166 9513
7 167 7149
7 169 9254
7 173 5834
7 179 1625
7 180 7702
7 181 654
7 187 2676
7 188 7019
7 195 4355
7 198 4906
7 199 3485
7 204 7055
7 207 1376
7 211 6387
7 218 9857
7 219 8853
7 223 5297
7 229 4841
7 231 2739
7 233 1808
8 13 2356
8 23 1775
8 24 834
8 26 1119
8 28 6336
8 30 3965
8 35 6081
8 36 2648
8 44 5927
8 45 2098
8 48 177
8 50 6657
8 51 3890
8 55 1233
8 58 8050
8 63 6278
8 69 4768
8 71 1657
8 74 2001
8 75 1601
8 76 2624
8 93 3148
8 95 7057
8 98 998
8 101 2155
8 105 8916
8 108 2485
8 112 1527
8 113 8291
8 117 7498
8 120 7992
8 124 4125
8 126 7071
8 129 9702
8 131 8145
8 136 665
8 143 1661
8 144 7913
8 145 699
8 152 6674
8 155 4699
8 156 1774
8 158 3109
8 159 5672
8 162 8911
8 167 5038
8 168 8053
8 175 9030
8 183 2722
8 186 8917
8 187 7917
8 193 7783
8 196 8601
8 197 8610
8 200 156
8 203 1747
8 204 6013
8 209 7348
8 210 2871
8 212 5874
8 213 916
8 215 3412
8 217 1859
8 218 2213
8 219 1552
8 221 7372
8 222 2951
8 225 6287
8 226 3905
8 229 4669
8 230 1268
8 231 5868
8 234 6343
9 10 2771
9 24 4965
9 27 3590
9 35 7901
9 37 9549
9 38 8389
9 39 8421
9 42 3582
9 46 499
9 59 6313
9 62 43
9 63 5288
9 66 8858
9 68 5601
9 69 5612
9 70 6220
9 77 727
9 86 1807
9 95 4490
9 98 9286
9 101 9150
9 102 9113
9 103 7992
9 107 3238
9 108 9254
9 111 9454
9 115 5315
9 120 4248
9 127 131
9 129 9584
9 138 2346
9 143 9660
9 145 3170
9 155 5823
9 156 3759
9 162 2103
9 167 1041
9 168 5760
9 171 7257
9 173 4988
9 176 9046
9 178 3606
9 189 1724
9 194 2277
9 199 9570
9 202 1370
9 208 8412
9 209 5125
9 210 3443
9 212 6621
9 213 9471
9 217 5223
9 220 2287
9 229 779
9 234 6546
10 20 6231
10 28 6131
10 30 5847
10 31 8007
10 34 64
10 36 9751
10 38 9997
10 43 7128
10 45 2082
10 54 8102
10 58 5628
10 59 7656
10 63 5297
10 66 2746
10 68 8756
10 79 706
10 81 8753
10 84 5215
10 94 611
10 101 2133
10 110 8414
10 118 8597
10 121 1734
10 131 9172
10 138 6975
10 143 2919
10 149 3962
10 164 5496
10 166 5414
10 172 2510
10 174 7491
10 175 8512
10 176 7790
10 180 1767
10 181 4714
10 187 5180
10 190 5711
10 193 1610
10 199 9910
10 205 3819
10 207 3908
10 209 8409
10 217 2015
10 225 9609
10 227 7637
10 230 7354
10 231 1897
10 233 8602
10 236 9038
11 21 3152
11 22 1124
11 23 7312
11 24 8333
11 29 2800
11 30 3924
11 40 5218
11 42 8529
11 44 119
11 45 2669
11 48 6716
11 50 4869
11 52 8936
11 58 8956
11 60 5375
11 61 8370
11 71 4827
11 72 4814
11 74 3208
11 83 3825
11 90 3534
11 92 1706
11 94 174
11 102 1476
11 110 3078
11 111 7517
11 112 1361
11 113 3192
11 114 1865
11 118 5822
11 121 7632
11 132 9247
11 134 6267
11 137 1799
11 139 7207
11 142 7409
11 160 838
11 163 5110
11 171 2315
11 174 1781
11 176 7411
11 182 4926
11 189 2415
11 197 638
11 200 1963
11 220 5922
11 225 4346
11 227 1064
11 228 5010
11 229 5244
12 14 3224
12 23 3175
12 28 9927
12 34 8682
12 38 1648
12 40 7969
12 41 7606
12 47 497
12 49 9206
12 51 7233
12 61 2931
12 70 7284
12 81 5039
12 84 3193
12 87 2425
12 92 8714
12 109 4680
12 110 4526
12 112 5084
12 114 9531
12 115 239
12 117 3660
12 123 5722
12 124 1310
12 127 3963
12 142 5323
12 143 8267
12 144 6712
12 161 9676
12 163 3889
12 166 3091
12 167 929
12 178 167
12 180 7916
12 183 6623
12 185 2702
12 186 7395
12 188 5889
12 190 5695
12 191 3060
12 202 5676
12 204 7134
12 209 3769
12 213 8909
12 221 708
12 224 5004
13 16 5517
13 20 5362
13 21 3241
13 29 8972
13 36 9331
13 44 941
13 45 272
13 47 3378
13 50 9595
13 51 3429
13 52 4093
13 54 743
13 60 8261
13 61 1536
13 65 4960
13 70 7103
13 80 831
13 85 6815
13 87 2684
13 88 2425
13 89 4948
13 93 369
13 96 5231
13 98 2754
13 99 6617
13 102 5273
13 104 6501
13 105 5123
13 106 5409
13 108 6024
13 109 4774
13 111 2000
13 113 7621
13 119 4258
13 120 6795
13 124 8394
13 133 2276
13 134 8878
13 135 6230
13 140 1268
13 142 5439
13 152 9734
13 155 1962
13 157 3581
13 160 6851
13 165 9549
13 170 7881
13 171 9003
13 172 7796
13 174 5143
13 176 4113
13 179 145
13 180 9753
13 184 8602
13 186 310
13 191 4481
13 193 7612
13 194 9064
13 197 538
13 198 8570
13 204 1865
13 213 2924
13 215 8670
13 218 9405
13 225 6500
13 228 7411
13 230 4866
14 15 834
14 17 848
14 21 8337
14 24 494
14 27 2844
14 29 3748
14 30 888
14 31 4181
14 33 6999
14 35 9137
14 41 3162
14 43 1391
14 49 9101
14 58 3125
14 70 2255
14 72 6674
14 77 8269
14 81 2060
14 88 8628
14 95 674
14 107 3523
14 109 972
14 111 6853
14 118 1860
14 119 4311
14 130 1976
14 131 7155
14 132 5738
14 136 3200
14 138 1593
14 139 4391
14 144 3573
14 162 1929
14 163 9596
14 165 8458
14 169 4108
14 171 4669
14 177 2182
14 178 5789
14 188 2518
14 189 3825
14 197 4773
14 202 2016
14 209 1203
14 212 6754
14 217 7830
14 230 9597
14 231 8675
15 18 6274
15 28 2913
15 30 1345
15 31 6838
15 34 6866
15 38 9118
15 44 1165
15 52 6414
15 53 4220
15 56 9486
15 57 8401
15 64 1945
15 70 6932
15 72 5125
15 75 32
15 77 7239
15 83 9555
15 89 1257
15 90 4768
15 99 3278
15 101 2399
15 105 4429
15 113 9608
15 116 7409
15 117 6177
15 123 2954
15 125 1019
15 126 8759
15 134 784
15 135 8673
15 138 4006
15 142 5718
15 152 5759
15 153 9638
15 154 1252
15 156 5112
15 162 9151
15 173 4932
15 174 1898
15 183 6819
15 185 8961
15 187 4413
15 190 317
15 193 33
15 194 531
15 196 4576
15 200 8222
15 205 1806
15 217 5188
15 230 5254
15 231 3337
15 232 4163
16 17 5380
16 18 4663
16 19 8041
16 28 8901
16 31 1138
16 33 7979
16 40 9004
16 47 8827
16 48 9470
16 56 1244
16 58 2430
16 61 1989
16 67 6111
16 73 7352
16 96 1132
16 99 4303
16 103 5954
16 105 4689
16 108 5437
16 111 2858
16 124 2361
16 131 9957
16 133 7406
16 134 3363
16 139 3317
16 141 8643
16 143 8870
16 146 4502
16 148 6908
16 150 3562
16 151 6933
16 158 2694
16 165 3735
16 170 3733
16 177 3518
16 178 5810
16 181 4556
16 184 3526
16 185 4818
16 192 4190
16 198 9075
16 203 7679
16 206 8195
16 209 1792
16 213 9119
16 217 949
16 221 8782
16 222 5064
16 229 566
16 231 3572
17 21 3034
17 22 3556
17 28 5320
17 45 3217
17 62 2218
17 66 1438
17 68 4647
17 74 4931
17 80 657
17 96 9583
17 108 7483
17 113 3742
17 121 69
17 123 6640
17 127 3129
17 128 8366
17 129 8875
17 134 7933
17 135 3950
17 139 5094
17 144 3235
17 150 3683
17 153 2684
17 154 795
17 159 9422
17 161 1807
17 162 8959
17 169 3907
17 174 5115
17 177 3308
17 182 9891
17 184 9239
17 199 1370
17 201 7782
17 202 8024
17 205 2926
17 211 2449
17 212 36
17 214 939
17 215 3404
17 222 8781
17 223 1522
17 234 2516
18 28 240
18 31 316
18 35 60
18 38 6381
18 40 4243
18 41 8800
18 42 9275
18 48 5822
18 55 8118
18 56 5460
18 58 5322
18 59 5277
18 61 3489
18 64 2227
18 72 9381
18 77 8488
18 81 7155
18 84 6225
18 85 8886
18 89 9863
18 90 4070
18 91 9517
18 92 3758
18 94 3695
18 99 972
18 100 8290
18 122 1335
18 123 3406
18 136 7802
18 140 41
18 144 2361
18 146 9480
18 148 2575
18 156 9438
18 159 7172
18 171 2277
18 174 1792
18 178 4310
18 183 4377
18 185 4901
18 188 8416
18 190 561
18 196 1197
18 199 7704
18 205 2146
18 206 6098
18 220 1016
18 221 9559
18 224 5940
18 227 5221
18 228 3407
18 234 377
18 236 7715
19 21 3450
19 23 7639
19 29 8814
19 31 9127
19 32 5229
19 35 9606
19 42 3083
19 46 1419
19 51 6440
19 53 8756
19 57 7895
19 63 6223
19 67 6012
19 71 1735
19 79 1954
19 83 6587
19 85 5997
19 91 4158
19 98 2389
19 101 7212
19 106 5495
19 111 6420
19 117 5747
19 121 3704
19 125 2207
19 129 3096
19 130 6253
19 131 8989
19 132 5452
19 136 860
19 140 4535
19 143 8329
19 148 7384
19 150 2368
19 151 9601
19 154 7693
19 160 4055
19 161 6062
19 162 7622
19 163 3820
19 165 9345
19 168 4597
19 180 3054
19 181 5516
19 184 6524
19 185 9052
19 190 4971
19 200 5863
19 201 4044
19 203 5155
19 218 3823
19 219 8260
19 222 2535
19 224 3367
19 227 2359
19 228 4690
19 232 9975
19 235 875
19 236 7031
20 22 3048
20 31 5641
20 32 4338
20 35 7974
20 38 7233
20 40 5498
20 42 9720
20 45 2468
20 56 6183
20 57 2269
20 58 7034
20 60 414
20 67 3597
20 77 7929
20 83 414
20 87 8530
20 90 871
20 93 5660
20 102 8055
20 105 1272
20 110 1129
20 117 2378
20 120 8976
20 132 1139
20 133 3529
20 134 1087
20 136 8334
20 137 2394
20 138 2084
20 139 734
20 142 3239
20 156 5964
20 159 3769
20 160 4569
20 163 163
20 169 6888
20 170 6342
20 173 8240
20 178 2569
20 180 2702
20 181 7972
20 187 8954
20 192 401
20 202 9835
20 205 7699
20 209 6268
20 214 9275
20 215 3513
20 217 5113
20 218 8044
20 219 6789
20 224 4780
20 227 3048
20 232 6600
20 235 783
20 236 1870
21 27 7831
21 30 3432
21 32 3160
21 34 2301
21 36 2984
21 39 3424
21 42 8251
21 43 828
21 45 1358
21 56 3903
21 57 7125
21 65 5905
21 66 960
21 74 3384
21 75 8790
21 92 5784
21 96 6417
21 101 666
21 102 7848
21 105 3501
21 107 1445
21 108 6562
21 113 768
21 117 9455
21 118 3754
21 121 3273
21 122 4780
21 124 5
21 126 417
21 129 665
21 130 1227
21 131 4308
21 132 3752
21 135 1710
21 140 3573
21 141 3253
21 145 3772
21 149 9307
21 150 6540
21 152 2086
21 153 428
21 155 1244
21 162 650
21 166 8908
21 170 8236
21 172 6151
21 179 1012
21 181 5908
21 184 4485
21 185 9384
21 191 3282
21 195 5228
21 200 4956
21 202 6549
21 204 1137
21 208 4065
21 218 9738
21 220 6279
21 222 5635
21 224 1252
22 23 2410
22 24 6198
22 27 8434
22 35 4627
22 40 4018
22 41 4498
22 45 8713
22 47 2052
22 55 2435
22 59 3645
22 65 759
22 70 8428
22 71 219
22 73 7033
22 77 4889
22 86 211
22 87 962
22 92 2150
22 93 6845
22 95 4140
22 96 6288
22 97 6274
22 100 4873
22 108 9622
22 110 5015
22 113 3778
22 124 8452
22 125 2978
22 127 2769
22 131 3134
22 136 1339
22 139 2460
22 149 816
22 150 5614
22 153 5673
22 154 2598
22 162 3882
22 171 2777
22 172 9364
22 175 7401
22 178 9116
22 181 7330
22 190 8233
22 193 9972
22 194 9238
22 198 3985
22 202 831
22 207 609
22 214 449
22 215 739
22 218 6867
22 222 7307
22 228 9202
22 229 1878
23 26 4495
23 28 5282
23 32 9998
23 34 5442
23 41 4703
23 44 8262
23 45 6375
23 47 8519
23 50 7274
23 52 4297
23 55 9670
23 60 792
23 64 3476
23 65 6432
23 69 4726
23 76 1465
23 89 5380
23 90 1099
23 92 8374
23 96 3954
23 102 8696
23 108 7947
23 111 1703
23 117 5583
23 127 6337
23 128 5583
23 134 8213
23 135 3573
23 142 3391
23 144 7902
23 146 7307
23 147 8425
23 150 5411
23 154 5140
23 156 6201
23 160 8819
23 171 7675
23 173 3575
23 175 2412
23 180 5982
23 182 2976
23 187 2448
23 191 4336
23 203 7786
23 209 2643
23 210 4206
23 213 9339
23 214 9115
23 219 2873
23 221 2449
23 227 7966
23 229 9421
23 230 9146
23 231 4228
23 233 4321
24 26 8995
24 27 1297
24 28 87
24 29 8802
24 32 2841
24 33 7390
24 38 3475
24 40 1655
24 47 1343
24 58 1589
24 64 4000
24 68 7619
24 73 9856
24 74 6995
24 75 7811
24 80 9835
24 83 114
24 86 1951
24 87 3542
24 90 8168
24 93 609
24 110 7943
24 111 8158
24 112 8417
24 114 4481
24 117 4627
24 127 9248
24 128 3168
24 129 1342
24 131 2576
24 132 3291
24 134 2523
24 137 409
24 144 4182
24 146 7337
24 148 5718
24 153 1728
24 154 3866
24 159 5405
24 161 6243
24 165 5966
24 166 8608
24 178 4238
24 189 7070
24 197 6053
24 201 1385
24 204 7307
24 213 7256
24 220 4086
24 234 3482
25 33 2788
25 37 2472
25 39 8818
25 41 8414
25 46 6903
25 52 3943
25 55 4831
25 59 7582
25 62 7348
25 67 3261
25 70 629
25 72 8964
25 74 1058
25 83 1269
25 89 1608
25 90 247
25 91 123
25 92 3287
25 107 8224
25 108 5511
25 109 2061
25 110 8243
25 111 4574
25 114 8476
25 120 6280
25 124 2940
25 132 351
25 143 8782
25 146 5366
25 154 1673
25 155 5497
25 167 3167
25 173 9748
25 176 1608
25 181 874
25 182 4219
25 185 7592
25 188 1370
25 198 8063
25 204 5699
25 213 7443
25 223 7512
25 224 5089
25 232 4211
25 234 2119
26 29 6779
26 47 7797
26 58 7356
26 61 3526
26 64 604
26 65 1140
26 72 6863
26 77 550
26 78 7405
26 80 5109
26 81 9031
26 89 4050
26 90 8905
26 92 9018
26 94 8182
26 95 2180
26 100 9067
26 101 7905
26 103 8236
26 111 2113
26 113 8082
26 117 5921
26 122 9948
26 125 3353
26 133 6332
26 136 7019
26 137 158
26 139 4702
26 141 5221
26 144 5147
26 150 7404
26 153 1565
26 160 1004
26 161 8527
26 162 1967
26 166 5395
26 169 7260
26 170 6709
26 172 8668
26 175 3980
26 179 7880
26 188 8090
26 190 6122
26 192 4652
26 193 2064
26 194 8464
26 202 2396
26 205 2174
26 207 9816
26 211 2007
26 212 9343
26 213 5096
26 214 8260
26 217 7612
26 227 7652
26 231 3710
27 44 6396
27 47 3142
27 54 9658
27 60 5337
27 67 2342
27 74 8764
27 76 2939
27 80 5668
27 87 5931
27 89 229
27 91 9485
27 99 1477
27 109 3020
27 113 813
27 123 7501
27 124 4042
27 126 9969
27 127 1659
27 128 1179
27 131 8312
27 132 9350
27 138 3212
27 141 4872
27 148 6743
27 153 9407
27 155 7505
27 159 5214
27 164 9687
27 166 5167
27 172 9338
27 178 2187
27 180 9506
27 184 3825
27 189 5752
27 195 6239
27 196 29
27 199 3342
27 202 4215
27 203 3973
27 211 293
27 219 278
27 224 6941
27 226 3686
27 227 1119
27 231 5633
28 29 8625
28 33 1373
28 34 8041
28 35 4191
28 36 8865
28 38 9866
28 39 5719
28 41 97
28 43 7221
28 46 1174
28 48 3356
28 55 1950
28 60 9545
28 62 7824
28 64 4859
28 68 4570
28 69 9313
28 74 8473
28 76 7466
28 78 9853
28 84 1834
28 87 4578
28 89 2585
28 94 9807
28 98 4632
28 106 3074
28 108 8874
28 109 8503
28 112 8069
28 114 1761
28 123 1848
28 125 1647
28 131 809
28 141 7183
28 143 2015
28 148 5449
28 152 6981
28 153 9418
28 154 4219
28 159 3760
28 160 9824
28 161 2373
28 162 8221
28 167 2259
28 176 7145
28 177 2018
28 184 218
28 196 2263
28 199 141
28 202 4047
28 203 6009
28 204 6599
28 210 763
28 224 1346
28 225 3216
28 226 9475
28 230 9888
29 31 1689
29 33 1362
29 34 7289
29 37 6678
29 39 3687
29 40 9440
29 42 2218
29 45 6533
29 46 7623
29 48 7831
29 49 5546
29 50 4283
29 52 5636
29 54 1669
29 58 6382
29 65 1067
29 71 4957
29 73 3608
29 75 2691
29 77 5708
29 80 2012
29 83 4689
29 86 7779
29 88 3212
29 92 7913
29 96 9860
29 98 9612
29 100 5514
29 106 7110
29 107 5684
29 110 4822
29 113 107
29 114 3265
29 115 6146
29 117 6834
29 121 6650
29 125 4160
29 130 4919
29 131 6594
29 139 6372
29 148 8902
29 150 3607
29 154 9247
29 155 5519
29 163 7811
29 168 7325
29 175 5474
29 182 100
29 184 651
29 186 6104
29 189 7521
29 194 6031
29 195 5516
29 196 1287
29 201 656
29 203 7537
29 207 7358
29 220 156
29 221 2173
29 229 3846
29 231 625
30 31 5922
30 39 4408
30 40 382
30 41 5902
30 42 4775
30 47 1289
30 48 883
30 53 8438
30 60 3439
30 68 6845
30 74 9258
30 76 5664
30 77 6836
30 82 8450
30 84 5217
30 85 1166
30 87 9640
30 90 7399
30 94 261
30 103 8719
30 104 8756
30 107 9300
30 108 9090
30 113 7648
30 114 7229
30 117 1132
30 118 9594
30 121 3247
30 134 9324
30 138 3793
30 140 8150
30 143 9751
30 147 3292
30 151 7099
30 152 1480
30 153 3734
30 156 7136
30 164 6473
30 173 8253
30 175 1465
30 179 8351
30 182 8609
30 183 2536
30 185 828
30 191 3382
30 196 8736
30 201 6911
30 206 9896
30 209 8689
30 216 5628
30 221 2450
30 227 9510
31 40 5016
31 42 598
31 44 2753
31 45 3164
31 46 4160
31 48 8753
31 50 8394
31 62 8213
31 68 4229
31 70 8424
31 72 9860
31 73 1583
31 77 5444
31 91 7390
31 95 4966
31 105 6310
31 106 8733
31 114 7942
31 118 3360
31 119 7757
31 121 313
31 123 9678
31 124 2253
31 131 3967
31 135 7732
31 139 9136
31 140 5538
31 143 999
31 148 85
31 150 4682
31 154 1795
31 156 9172
31 157 3387
31 159 4972
31 161 9488
31 164 3682
31 165 3600
31 168 1561
31 171 5424
31 173 628
31 179 6378
31 182 1222
31 186 5491
31 187 6064
31 194 2264
31 199 7168
31 201 7130
31 204 7172
31 211 206
31 218 2006
31 227 4071
31 228 1766
31 229 9675
31 234 3405
31 236 1689
32 34 3952
32 39 2901
32 40 6047
32 41 7331
32 43 9502
32 45 1543
32 46 1220
32 49 5577
32 51 9748
32 53 5470
32 57 7104
32 66 9175
32 67 2240
32 68 98
32 76 201
32 77 9923
32 79 4973
32 80 6201
32 81 980
32 88 2025
32 101 9430
32 104 7955
32 106 6824
32 109 3697
32 110 408
32 111 678
32 112 4251
32 113 1291
32 122 6935
32 125 8764
32 129 8376
32 130 4101
32 132 9970
32 136 1740
32 145 8463
32 146 4396
32 153 2995
32 156 8696
32 160 6696
32 165 5146
32 166 4832
32 170 8375
32 174 1298
32 175 533
32 177 4282
32 179 3346
32 183 7794
32 184 5315
32 187 2064
32 190 7896
32 191 2051
32 192 6020
32 203 7755
32 206 3977
32 207 4205
32 208 2336
32 217 167
32 221 6202
32 224 2744
32 225 4486
32 226 2367
32 228 4944
32 232 6107
33 38 1308
33 43 3608
33 44 8279
33 46 4738
33 47 9513
33 50 9814
33 55 8308
33 61 492
33 62 3969
33 63 9001
33 65 5410
33 70 4278
33 71 3713
33 84 8624
33 85 150
33 94 7603
33 100 8765
33 109 4635
33 114 71
33 117 7873
33 122 6252
33 131 9823
33 133 2031
33 136 1528
33 137 7874
33 144 227
33 155 4803
33 157 5932
33 161 4465
33 164 6066
33 167 4988
33 168 6766
33 175 2528
33 176 593
33 181 8928
33 182 1991
33 184 1400
33 185 6961
33 187 2638
33 192 20
33 196 3372
33 197 8990
33 201 5453
33 205 4882
33 210 4982
33 212 5723
33 219 6348
33 224 1002
33 225 8813
33 228 7447
33 231 5121
33 235 5307
34 41 6877
34 45 6941
34 49 1289
34 52 3986
34 53 6920
34 54 5943
34 57 1573
34 60 4031
34 72 3987
34 73 1256
34 86 1200
34 87 7412
34 102 3325
34 106 166
34 108 3967
34 109 880
34 112 6045
34 119 8658
34 121 1832
34 125 6506
34 126 3878
34 127 3504
34 130 5426
34 138 1560
34 141 8553
34 144 5843
34 147 8356
34 148 6097
34 149 1530
34 151 8299
34 152 4412
34 157 3483
34 160 4354
34 171 9467
34 176 2775
34 184 8749
34 185 9297
34 186 3505
34 191 3863
34 199 9393
34 200 6323
34 201 6243
34 205 7349
34 206 9247
34 208 9816
34 213 6980
34 214 801
34 221 2190
34 222 4834
34 224 3643
34 227 1539
34 229 9230
34 232 3779
34 235 3537
34 236 1734
35 36 6268
35 37 3528
35 39 8775
35 44 8183
35 45 7391
35 47 9436
35 51 7825
35 52 8471
35 53 6079
35 54 3905
35 55 8908
35 56 6769
35 63 2915
35 77 8710
35 81 265
35 83 9282
35 87 1249
35 88 7640
35 91 1495
35 92 1292
35 101 3846
35 104 4161
35 106 3048
35 109 7099
35 110 4959
35 124 3500
35 125 867
35 129 719
35 130 3979
35 138 2153
35 144 1703
35 147 1962
35 148 6681
35 153 8787
35 160 2557
35 164 9788
35 167 732
35 175 2028
35 176 3096
35 178 6425
35 185 3536
35 189 2003
35 191 7198
35 193 8970
35 200 3990
35 201 5977
35 203 9811
35 205 8640
35 206 1225
35 207 262
35 209 2617
35 211 5107
35 220 8254
35 221 5397
35 225 6439
35 230 9877
35 232 7315
36 37 7609
36 40 5256
36 42 3171
36 44 6832
36 46 2548
36 48 9710
36 51 9911
36 56 4638
36 58 407
36 59 9364
36 70 5546
36 72 8028
36 76 2173
36 82 1118
36 84 1042
36 92 5945
36 110 2486
36 115 6452
36 120 5254
36 122 3444
36 125 3567
36 127 82
36 136 3862
36 143 4893
36 154 5532
36 155 6379
36 161 3025
36 163 4722
36 169 9041
36 178 10000
36 183 5515
36 184 7649
36 189 3197
36 190 7993
36 198 2897
36 200 4203
36 203 1499
36 205 6056
36 208 9258
36 214 799
36 220 8436
36 229 2165
36 230 748
36 231 7155
36 234 5138
37 41 4449
37 49 6825
37 50 4543
37 57 2774
37 61 9597
37 63 3769
37 66 9646
37 76 5765
37 84 2970
37 85 5770
37 86 5815
37 94 4905
37 96 9169
37 100 8429
37 102 4982
37 107 962
37 108 4595
37 109 5363
37 112 8996
37 115 7378
37 119 7277
37 126 4676
37 128 3882
37 130 3544
37 132 670
37 134 2988
37 145 483
37 149 2868
37 155 1553
37 157 114
37 168 1535
37 170 4613
37 175 7885
37 178 7544
37 182 1053
37 184 5626
37 185 112
37 188 5302
37 195 4917
37 201 804
37 209 2746
37 210 4603
37 214 3461
37 216 6277
37 223 5831
37 225 1639
37 230 163
38 42 7099
38 44 3343
38 58 872
38 62 9920
38 72 1896
38 77 5214
38 80 384
38 82 83
38 90 6441
38 92 5070
38 96 7745
38 97 2940
38 105 7000
38 107 6933
38 108 1095
38 110 6351
38 112 4587
38 115 9556
38 116 9704
38 118 545
38 121 3727
38 122 1423
38 129 3505
38 135 139
38 139 4878
38 140 6885
38 144 8720
38 157 8424
38 160 880
38 161 8703
38 162 8316
38 176 921
38 178 3287
38 180 4135
38 194 600
38 199 2864
38 200 2735
38 203 9467
38 209 8378
38 210 9952
38 212 830
38 213 6199
38 219 3066
38 220 633
38 221 4129
38 224 5300
38 225 4723
38 226 7589
38 228 688
38 230 8140
38 235 664
39 51 8656
39 52 1116
39 59 9635
39 61 7433
39 62 4998
39 66 7268
39 70 4855
39 75 1656
39 76 8719
39 82 3024
39 83 1833
39 85 594
39 86 4802
39 89 2975
39 101 4303
39 109 7940
39 112 1339
39 119 8765
39 123 9993
39 124 5679
39 132 7044
39 133 6809
39 135 1315
39 140 7675
39 145 7895
39 146 8133
39 157 1213
39 159 2655
39 160 617
39 166 8344
39 169 4260
39 171 2703
39 174 738
39 177 5832
39 179 5643
39 185 8922
39 187 2923
39 202 7811
39 205 2991
39 211 6762
39 213 9397
39 214 5300
39 219 2185
39 221 2929
39 226 2482
39 230 6075
39 231 5381
40 41 5113
40 44 9295
40 45 1947
40 46 7066
40 52 9350
40 56 512
40 59 7538
40 65 2569
40 66 1130
40 67 851
40 70 1094
40 73 3321
40 77 5056
40 81 6191
40 85 9761
40 88 3241
40 90 7859
40 93 9208
40 94 7015
40 95 8544
40 99 683
40 105 9292
40 107 8125
40 113 5437
40 117 9675
40 120 7443
40 134 1466
40 139 948
40 140 5309
40 145 1126
40 148 2065
40 149 8912
40 151 9355
40 158 1027
40 160 3691
40 165 9692
40 166 4339
40 170 769
40 172 6882
40 175 7670
40 179 7671
40 181 5434
40 185 4093
40 187 4302
40 188 1198
40 190 8261
40 193 3489
40 196 2969
40 201 3690
40 202 7970
40 206 4404
40 208 9513
40 210 4221
40 212 6588
40 215 2342
40 226 2376
40 232 1673
40 233 2880
41 42 5936
41 44 3503
41 50 6492
41 51 1089
41 52 7136
41 53 5807
41 57 7556
41 60 4672
41 64 9908
41 66 7058
41 69 8087
41 71 5167
41 73 9923
41 77 2205
41 79 2172
41 83 7629
41 84 6250
41 94 7671
41 97 1526
41 98 7522
41 100 2914
41 101 9243
41 102 9853
41 104 7433
41 107 7233
41 108 3793
41 110 3146
41 118 7061
41 133 341
41 135 4144
41 139 2510
41 141 4929
41 143 2315
41 145 2669
41 153 5174
41 158 9665
41 159 3076
41 160 1601
41 161 4836
41 174 3064
41 181 6037
41 182 8177
41 185 6415
41 192 4928
41 195 8327
41 196 9250
41 199 7266
41 203 9433
41 205 7743
41 216 5464
41 217 4037
41 221 8931
41 223 7315
41 235 8536
42 47 6905
42 48 6440
42 53 4788
42 59 4302
42 63 4674
42 68 6193
42 74 4542
42 76 4250
42 77 7616
42 86 1822
42 87 4100
42 95 6806
42 99 8588
42 106 185
42 112 6993
42 121 5782
42 123 8781
42 126 5563
42 127 4053
42 133 2962
42 135 5592
42 140 9649
42 141 5965
42 142 6510
42 145 7282
42 147 7909
42 150 9390
42 152 6534
42 154 7217
42 158 6879
42 161 6620
42 163 299
42 171 1989
42 174 8128
42 180 3151
42 181 7604
42 182 8512
42 192 2307
42 193 9074
42 196 8719
42 199 3765
42 203 4724
42 204 9201
42 207 4813
42 213 4288
42 217 706
42 218 6744
42 222 2077
42 224 2771
42 225 951
42 226 694
42 227 7675
42 230 4400
42 232 3245
43 46 7477
43 49 3713
43 53 3741
43 61 7368
43 69 2795
43 71 3225
43 73 5692
43 78 3663
43 84 1390
43 85 2681
43 87 3
43 88 6272
43 91 593
43 92 2572
43 99 5833
43 102 1740
43 103 6981
43 106 9571
43 113 8781
43 122 9835
43 124 6876
43 128 344
43 138 6686
43 139 217
43 145 9971
43 151 3695
43 160 4351
43 161 49
43 174 9822
43 177 642
43 178 1005
43 183 6976
43 184 2044
43 187 2185
43 188 8716
43 195 1688
43 201 9253
43 202 5363
43 216 1283
43 226 3400
43 228 3984
43 233 2716
44 47 2147
44 51 5904
44 54 9631
44 64 7170
44 66 8899
44 67 2324
44 73 6418
44 80 5930
44 82 4316
44 84 4534
44 92 3557
44 93 1700
44 98 1427
44 106 3446
44 113 7291
44 117 2225
44 122 2831
44 126 3094
44 127 7013
44 145 4040
44 146 1551
44 153 956
44 155 655
44 157 7650
44 163 5095
44 169 7932
44 173 3480
44 175 8225
44 177 8582
44 178 9212
44 180 8163
44 182 1717
44 184 3140
44 186 1026
44 190 4691
44 194 518
44 197 6756
44 203 1143
44 205 7373
44 206 7872
44 216 5932
44 217 7719
44 219 1671
44 220 5464
44 222 9130
44 227 7329
44 229 9697
44 234 9704
45 46 5553
45 53 4109
45 54 5397
45 59 3668
45 62 9671
45 65 9352
45 69 5488
45 71 2765
45 72 7988
45 74 635
45 76 3196
45 78 1628
45 83 9773
45 87 7986
45 93 6623
45 98 984
45 100 5560
45 101 1645
45 104 911
45 105 5414
45 106 7616
45 111 248
45 114 3784
45 125 3974
45 126 7396
45 127 1287
45 144 5501
45 148 3222
45 154 2826
45 155 295
45 156 9839
45 162 652
45 164 7851
45 165 62
45 167 2155
45 168 7157
45 175 4580
45 177 5444
45 181 69
45 183 8651
45 186 3434
45 189 314
45 196 2517
45 197 8797
45 202 3730
45 203 6324
45 204 5704
45 209 867
45 210 5651
45 218 9252
45 221 6563
45 223 619
45 226 7707
45 229 691
45 232 8955
45 236 8321
46 48 5578
46 49 9097
46 50 2261
46 52 2621
46 53 8253
46 55 2251
46 59 8864
46 62 4626
46 64 1535
46 75 6157
46 78 72
46 83 1475
46 88 8780
46 90 1048
46 92 7465
46 93 9820
46 99 5199
46 100 5871
46 106 2095
46 111 3586
46 124 9773
46 126 6453
46 133 1275
46 135 5855
46 137 9285
46 142 962
46 144 2473
46 147 892
46 152 1265
46 154 783
46 155 7593
46 161 6890
46 162 4027
46 167 9899
46 168 9810
46 169 8902
46 176 4990
46 177 5127
46 178 8120
46 179 4608
46 181 6897
46 182 7260
46 184 7507
46 185 5095
46 187 1949
46 189 2580
46 191 6043
46 195 9098
46 196 7946
46 198 3137
46 200 360
46 206 8937
46 211 8860
46 212 6644
46 216 7814
46 221 3245
46 229 2071
46 230 7230
46 234 3953
47 48 5170
47 51 3152
47 52 361
47 57 2705
47 68 1233
47 73 3840
47 80 9998
47 83 5197
47 88 2478
47 91 5909
47 92 6511
47 93 8463
47 97 7255
47 105 7448
47 108 4207
47 109 7924
47 113 7763
47 115 4411
47 122 2178
47 126 5495
47 128 9459
47 134 5878
47 136 1792
47 140 5444
47 144 2868
47 145 4119
47 146 9336
47 150 6053
47 156 7887
47 157 8846
47 165 1377
47 168 2190
47 180 2647
47 182 9634
47 185 7224
47 192 7463
47 201 3601
47 205 5502
47 212 4949
47 219 828
47 220 254
47 224 39
47 225 9328
47 227 6399
47 229 2243
47 233 4918
47 236 1135
48 51 8801
48 56 2293
48 57 323
48 58 3404
48 64 4133
48 65 8746
48 67 6252
48 73 8337
48 77 1222
48 84 246
48 86 1504
48 92 6146
48 94 8445
48 100 3320
48 106 783
48 109 9200
48 111 6997
48 117 9961
48 119 7452
48 129 5534
48 130 9504
48 132 9971
48 133 9354
48 138 3923
48 140 3711
48 144 8788
48 149 3169
48 165 4437
48 167 8677
48 169 3831
48 176 5861
48 177 2108
48 182 9013
48 187 562
48 189 5133
48 196 3401
48 198 4768
48 201 1909
48 230 247
48 231 8929
48 233 6412
49 56 6793
49 59 2139
49 66 4100
49 67 4931
49 73 2186
49 74 4664
49 80 9370
49 88 7062
49 91 1667
49 97 5545
49 98 8601
49 101 4216
49 102 6959
49 105 4717
49 107 2451
49 110 1077
49 115 8055
49 122 4633
49 123 4776
49 125 7111
49 132 4004
49 133 6818
49 136 6994
49 143 6597
49 153 416
49 156 3312
49 163 4623
49 166 4985
49 176 4973
49 178 2055
49 179 8140
49 184 947
49 185 9303
49 186 9911
49 189 2000
49 191 5178
49 198 6238
49 199 7564
49 201 692
49 202 7786
49 207 6349
49 212 8997
49 215 5304
49 218 9320
49 219 9254
49 221 7439
49 222 3018
49 226 2951
49 227 2246
49 228 4167
49 232 6851
49 235 6011
50 54 2119
50 63 5731
50 72 1882
50 80 3567
50 81 9679
50 87 2680
50 88 7407
50 90 9147
50 99 159
50 101 3824
50 103 8386
50 116 7396
50 117 3609
50 120 5235
50 122 540
50 126 2785
50 127 1345
50 134 3263
50 135 279
50 136 8922
50 137 9714
50 141 8030
50 148 6180
50 153 6202
50 154 4958
50 156 7856
50 157 3045
50 161 5430
50 167 2362
50 168 2423
50 172 9850
50 177 5271
50 179 1181
50 187 215
50 189 8418
50 191 9442
50 193 7352
50 194 6485
50 200 4464
50 201 9024
50 203 3995
50 206 5458
50 213 955
50 215 9307
50 219 9060
50 222 5437
50 231 5373
50 233 9155
51 54 1540
51 63 9458
51 64 6955
51 66 6411
51 68 1179
51 75 9859
51 76 5178
51 79 7767
51 85 1188
51 88 682
51 89 6531
51 90 8765
51 93 9992
51 96 3805
51 103 95
51 105 3471
51 106 9668
51 109 4938
51 114 4199
51 117 3218
51 118 7474
51 119 5666
51 131 4410
51 132 29
51 139 2070
51 142 63
51 144 3318
51 146 2804
51 147 5755
51 162 4475
51 164 423
51 171 9803
51 181 3714
51 183 8108
51 185 7331
51 187 656
51 191 9373
51 193 539
51 200 5369
51 203 2090
51 206 3694
51 215 3775
51 219 9190
51 225 6392
51 229 2247
51 231 9936
52 53 9264
52 59 4171
52 61 3287
52 64 2640
52 66 4832
52 71 8114
52 76 2208
52 87 1526
52 90 7669
52 96 4893
52 97 7699
52 101 3355
52 102 8753
52 103 4034
52 104 7214
52 108 7786
52 109 8296
52 111 8807
52 115 2645
52 116 5495
52 118 8718
52 120 3766
52 122 8034
52 123 3722
52 132 7701
52 134 8009
52 142 6519
52 146 9629
52 158 1512
52 160 5077
52 163 1380
52 164 3472
52 168 2341
52 170 8945
52 175 3290
52 178 6940
52 179 6349
52 181 1925
52 183 644
52 188 1032
52 195 9511
52 197 4435
52 198 2822
52 204 7640
52 212 751
52 220 7354
52 221 5983
52 222 6284
52 223 2621
52 225 6330
52 227 9661
52 229 2316
52 235 6211
53 55 5048
53 62 4544
53 63 4679
53 68 4015
53 89 2962
53 93 6142
53 99 6006
53 102 9591
53 103 7526
53 104 8950
53 106 9866
53 108 9130
53 109 9574
53 110 2297
53 112 3873
53 118 2733
53 121 3046
53 123 5157
53 125 3401
53 126 4161
53 127 8038
53 134 1098
53 141 873
53 143 8878
53 149 9863
53 164 1331
53 165 2985
53 166 2143
53 167 7235
53 168 5415
53 179 6404
53 182 6221
53 187 1260
53 192 9933
53 196 9430
53 197 3575
53 199 2646
53 201 7228
53 204 2349
53 218 5059
53 220 7717
53 223 1838
53 226 8801
53 229 9190
54 55 5150
54 58 2247
54 61 5893
54 67 9447
54 68 523
54 69 9752
54 71 6768
54 72 1525
54 77 6238
54 79 3808
54 85 1502
54 90 8317
54 94 5220
54 98 8450
54 114 7461
54 115 2507
54 126 8603
54 130 5614
54 132 2929
54 135 9664
54 136 1020
54 138 2824
54 142 7416
54 148 7611
54 152 9290
54 154 9117
54 161 9322
54 167 2042
54 170 9042
54 174 1169
54 176 351
54 178 5948
54 182 1761
54 184 77
54 188 2162
54 191 1698
54 202 7897
54 203 9089
54 216 8114
54 217 3603
54 219 9129
54 221 8102
54 223 340
54 226 5390
54 229 6741
54 230 9589
54 232 1531
54 235 6456
55 58 9660
55 67 8283
55 68 5397
55 79 6276
55 81 4873
55 85 9928
55 86 3438
55 88 7220
55 90 6035
55 91 3127
55 95 2687
55 96 377
55 101 2677
55 106 6727
55 111 583
55 120 2412
55 121 3596
55 126 62
55 127 9471
55 129 7323
55 133 3778
55 138 360
55 139 2269
55 141 6090
55 146 8177
55 151 620
55 153 5968
55 169 9235
55 170 1892
55 175 1784
55 179 8059
55 190 3869
55 191 7842
55 200 6015
55 206 5150
55 211 7184
55 217 2747
55 222 6907
55 223 7274
55 226 1991
55 229 8902
55 230 783
55 232 1197
55 233 3906
56 61 252
56 72 1444
56 81 313
56 85 8297
56 87 8506
56 90 2107
56 92 2463
56 97 553
56 100 3369
56 103 3384
56 107 1666
56 110 9720
56 112 4837
56 113 9120
56 121 8659
56 135 6497
56 143 4235
56 144 4535
56 146 8250
56 148 4341
56 149 5666
56 150 7972
56 163 2053
56 170 4176
56 171 4350
56 175 1870
56 183 6705
56 189 8290
56 203 3827
56 204 5814
56 206 7413
56 209 6862
56 213 4485
56 215 4813
56 220 1055
56 229 9614
56 232 8339
56 233 5391
56 236 213
57 58 5294
57 60 8058
57 63 6121
57 65 1354
57 66 1615
57 71 2235
57 83 1343
57 86 3812
57 91 5648
57 95 9445
57 102 5102
57 109 642
57 110 7346
57 111 4843
57 116 606
57 117 6482
57 121 4755
57 122 1183
57 124 4561
57 130 1015
57 131 307
57 138 7673
57 140 6490
57 146 2758
57 150 9668
57 160 9914
57 162 532
57 167 4412
57 174 8587
57 176 5285
57 177 9742
57 181 4460
57 182 8011
57 186 6954
57 190 4515
57 191 1468
57 192 7422
57 194 3705
57 205 8830
57 210 252
57 218 2019
57 222 9022
57 224 4901
57 227 7810
57 230 8444
58 59 6786
58 63 1954
58 67 5366
58 68 3545
58 69 3345
58 74 8402
58 76 2723
58 79 8622
58 83 122
58 84 9672
58 85 8603
58 88 2946
58 94 3668
58 96 5398
58 104 6948
58 109 3330
58 112 2945
58 114 7499
58 115 7733
58 120 3906
58 122 8795
58 126 6679
58 128 9929
58 130 6712
58 135 4264
58 137 6863
58 138 8710
58 139 8626
58 141 2511
58 143 3666
58 151 5146
58 155 304
58 156 549
58 159 7873
58 161 1880
58 164 9332
58 178 7858
58 182 6104
58 186 5733
58 189 1504
58 191 3811
58 198 830
58 200 1273
58 207 1365
58 208 5078
58 210 5519
58 212 9852
58 216 8933
58 218 5695
58 222 9646
58 223 499
58 227 6020
58 228 5358
58 233 6559
59 64 6907
59 68 4480
59 72 5624
59 78 4311
59 81 5310
59 85 5553
59 97 1126
59 103 3689
59 113 6382
59 123 9420
59 132 7611
59 140 5634
59 143 8348
59 161 3802
59 168 7084
59 179 9428
59 187 1898
59 190 7476
59 194 9067
59 200 8683
59 201 7667
59 203 3727
59 204 6599
59 206 2651
59 207 3805
59 208 119
59 209 5102
59 210 4503
59 212 9345
59 216 7700
59 222 6413
59 227 7692
59 232 2673
59 234 3811
59 236 8303
60 61 975
60 64 5584
60 70 7085
60 71 7733
60 75 1720
60 78 2958
60 81 2949
60 84 7706
60 85 8400
60 90 5959
60 91 2330
60 94 8096
60 96 5351
60 97 447
60 101 7687
60 102 8782
60 106 561
60 108 8837
60 109 1566
60 122 2680
60 123 7261
60 138 2476
60 140 2105
60 141 7235
60 154 5384
60 155 9437
60 156 6467
60 157 7137
60 159 7357
60 161 590
60 171 5752
60 172 8886
60 173 4537
60 176 6375
60 178 9311
60 179 4528
60 184 2839
60 188 4380
60 190 8226
60 191 6940
60 195 5649
60 196 1110
60 198 7233
60 206 3215
60 218 3126
60 221 4891
60 222 3801
60 223 1206
60 227 671
60 233 2971
61 62 81
61 67 5225
61 81 507
61 82 6770
61 84 7943
61 87 7267
61 94 536
61 95 9180
61 96 1551
61 100 1602
61 108 4795
61 109 4126
61 114 2759
61 115 3215
61 130 8544
61 131 3439
61 142 9233
61 143 6241
61 145 7008
61 146 7782
61 149 4795
61 151 3110
61 153 5944
61 164 8535
61 168 7606
61 172 8135
61 173 4284
61 174 9929
61 177 5791
61 178 265
61 188 9585
61 190 482
61 194 987
61 202 777
61 217 5982
61 222 2622
61 228 4944
62 63 688
62 64 1809
62 68 7645
62 69 3729
62 70 2244
62 71 4476
62 79 2684
62 81 771
62 86 495
62 89 7800
62 97 9716
62 98 4784
62 106 968
62 108 1291
62 111 4472
62 123 6697
62 126 7892
62 128 5667
62 133 7152
62 137 3621
62 138 4006
62 139 3033
62 140 6451
62 141 4793
62 142 5773
62 145 4297
62 149 5383
62 152 3391
62 158 7004
62 163 1162
62 166 4227
62 171 7118
62 175 2756
62 182 7668
62 187 8038
62 192 2418
62 201 5995
62 204 4506
62 205 977
62 210 5078
62 214 5686
62 217 3565
62 224 157
62 232 3264
63 64 2868
63 66 4461
63 76 7783
63 77 7979
63 78 9491
63 80 8637
63 82 2087
63 88 4419
63 90 9984
63 96 6407
63 102 211
63 106 9061
63 110 71
63 112 2815
63 116 5720
63 119 1311
63 122 4546
63 123 3444
63 125 4569
63 129 5216
63 132 2133
63 133 3889
63 136 6119
63 141 4448
63 143 5069
63 145 3730
63 152 7341
63 157 5013
63 158 6847
63 160 4932
63 162 1634
63 164 2758
63 169 183
63 171 7331
63 172 3732
63 173 7478
63 176 4271
63 177 2694
63 178 5482
63 179 9406
63 183 8091
63 188 4748
63 189 1747
63 192 6385
63 196 7071
63 199 1585
63 200 1438
63 207 7907
63 208 8287
63 211 9607
63 225 9420
63 226 3264
63 230 7068
64 71 1738
64 77 2406
64 83 7726
64 88 6909
64 89 1560
64 91 1474
64 98 1592
64 106 9463
64 113 3711
64 118 7044
64 132 9132
64 135 8465
64 138 2617
64 140 4908
64 148 7040
64 166 1596
64 169 408
64 172 1358
64 175 8227
64 179 5275
64 182 1307
64 185 6834
64 189 4466
64 192 1189
64 196 384
64 203 7662
64 207 2399
64 211 7694
64 212 5854
64 215 4206
64 219 8942
64 224 1078
64 226 7068
64 232 7326
65 72 5884
65 73 7535
65 74 3897
65 80 2719
65 84 783
65 86 3950
65 87 4765
65 90 5352
65 100 2637
65 103 5178
65 106 1308
65 109 9416
65 110 9123
65 112 1333
65 118 8440
65 119 6277
65 124 145
65 139 2558
65 140 8294
65 142 7383
65 145 4293
65 148 9352
65 149 6040
65 157 1150
65 160 6941
65 164 4318
65 168 4599
65 179 4067
65 195 4615
65 201 5
65 202 4649
65 205 3776
65 207 2832
65 214 8426
65 217 4189
65 228 209
65 229 3413
66 69 1665
66 71 3347
66 75 619
66 86 7170
66 93 7479
66 95 390
66 103 3823
66 106 37
66 110 3304
66 114 8337
66 123 239
66 125 1920
66 127 9605
66 130 3905
66 132 2563
66 133 7163
66 137 2315
66 141 7702
66 155 7937
66 169 8745
66 171 6782
66 178 3616
66 179 2781
66 184 4299
66 185 971
66 194 7481
66 196 8481
66 199 3197
66 205 6090
66 211 416
66 216 5597
66 217 3992
66 236 9487
67 71 5119
67 72 2678
67 73 3134
67 74 8945
67 79 2836
67 82 4679
67 83 8446
67 87 4110
67 98 9369
67 102 5411
67 103 6589
67 111 2258
67 113 2292
67 121 6323
67 128 9209
67 129 1760
67 141 6750
67 148 9953
67 149 5063
67 150 8609
67 152 5045
67 154 4201
67 157 3015
67 159 5274
67 169 8530
67 181 1477
67 186 443
67 190 1197
67 191 8862
67 192 3725
67 198 8147
67 201 757
67 203 4768
67 212 3625
67 215 5938
67 217 4113
67 225 6498
67 233 3118
68 73 2983
68 74 4805
68 76 7450
68 77 184
68 85 5668
68 86 6772
68 87 6539
68 90 3839
68 96 842
68 108 2984
68 109 3232
68 110 8623
68 111 5333
68 116 8176
68 119 5724
68 127 2276
68 128 842
68 143 5161
68 145 3612
68 148 3207
68 149 2970
68 150 9158
68 152 7575
68 154 8183
68 159 594
68 162 9526
68 164 9602
68 165 9920
68 166 3059
68 171 7670
68 172 318
68 174 5180
68 177 5727
68 180 9356
68 191 4098
68 195 202
68 196 5534
68 209 4343
68 211 7365
68 217 6411
68 221 4506
68 224 3697
68 226 6793
68 230 6319
68 233 28
68 234 6207
69 70 6382
69 74 6935
69 76 1440
69 79 9480
69 82 30
69 86 724
69 89 6288
69 91 5170
69 92 352
69 95 4982
69 99 5704
69 101 228
69 111 3045
69 116 3281
69 119 7150
69 121 9862
69 124 644
69 131 1361
69 138 6832
69 146 3554
69 155 7789
69 156 2294
69 160 4873
69 162 2164
69 168 126
69 173 7709
69 180 6897
69 184 7770
69 188 4359
69 189 1127
69 190 6257
69 194 3393
69 201 6840
69 202 4952
69 211 2170
69 219 975
69 221 9108
69 222 1970
69 223 8204
69 225 6196
69 231 9291
70 71 5297
70 75 7617
70 83 9643
70 85 7855
70 86 9927
70 89 5722
70 90 4722
70 97 4872
70 99 9360
70 105 1789
70 109 7196
70 115 5585
70 120 9587
70 122 6240
70 124 2951
70 125 1598
70 137 8716
70 139 5156
70 141 2679
70 152 7736
70 156 4573
70 159 4281
70 162 224
70 169 3992
70 170 6333
70 177 6682
70 179 2989
70 182 4960
70 183 3362
70 184 7864
70 195 5802
70 197 4683
70 198 5816
70 201 6766
70 202 9884
70 209 9902
70 215 496
70 223 8714
70 231 7014
70 234 5764
70 235 7559
71 73 5257
71 74 3605
71 75 5311
71 76 3528
71 80 3556
71 83 8913
71 84 5218
71 86 8519
71 97 566
71 106 5027
71 111 2216
71 112 7489
71 113 8713
71 120 7844
71 125 6742
71 126 659
71 127 4786
71 128 167
71 130 1818
71 135 6859
71 137 8518
71 138 9819
71 140 2060
71 141 363
71 149 9660
71 151 7711
71 153 9358
71 156 9852
71 157 3264
71 160 5182
71 166 6160
71 167 4587
71 170 5171
71 173 4431
71 179 4182
71 180 3629
71 183 6606
71 186 1409
71 187 1103
71 189 7934
71 203 7278
71 218 1784
71 219 7800
71 224 9514
71 228 391
71 235 9018
72 81 9529
72 82 3788
72 83 1619
72 85 8510
72 87 6821
72 95 7105
72 98 6999
72 100 654
72 106 6607
72 108 8728
72 109 7762
72 110 1328
72 112 1074
72 121 9936
72 122 3195
72 124 1756
72 133 7493
72 139 1027
72 140 1161
72 142 3533
72 151 4905
72 154 4952
72 156 4220
72 159 7891
72 162 9591
72 172 3863
72 173 4039
72 174 5076
72 177 5216
72 183 9007
72 188 9285
72 196 9881
72 197 4712
72 198 3112
72 206 518
72 207 6936
72 208 7074
72 210 6348
72 217 6941
72 218 7135
72 230 1807
72 233 4898
72 234 5341
73 78 8482
73 80 3250
73 89 2733
73 91 5819
73 95 4851
73 112 9587
73 114 497
73 125 1881
73 136 9408
73 138 8870
73 140 7324
73 143 2388
73 150 5472
73 155 2822
73 159 634
73 172 9476
73 175 5235
73 178 7022
73 184 8975
73 187 9816
73 190 2100
73 193 2039
73 199 593
73 212 3152
73 223 7584
73 227 5382
73 228 7262
73 230 1793
73 234 1583
74 77 4008
74 78 9329
74 85 2020
74 86 6812
74 87 4909
74 89 9437
74 90 7838
74 93 7518
74 97 7180
74 101 2129
74 103 8065
74 104 945
74 105 2905
74 108 3473
74 112 2973
74 115 3213
74 119 8604
74 125 4589
74 126 1927
74 131 6141
74 134 672
74 135 7487
74 139 280
74 141 8472
74 145 1425
74 146 2966
74 147 5313
74 148 6943
74 152 5363
74 158 160
74 164 4316
74 165 257
74 170 5546
74 173 3574
74 178 6076
74 195 2029
74 196 1008
74 203 7276
74 204 3330
74 212 9553
74 221 1556
74 222 9067
74 223 6006
74 225 5882
74 233 6352
75 78 9429
75 80 7916
75 81 8671
75 83 2641
75 86 5277
75 88 8414
75 90 6976
75 91 1940
75 92 4391
75 95 3606
75 107 5897
75 108 6685
75 111 2064
75 115 61
75 121 1613
75 122 1919
75 123 6541
75 124 4006
75 126 8770
75 134 3556
75 139 4246
75 145 5233
75 148 3326
75 154 9229
75 158 7085
75 163 1686
75 164 6799
75 169 2857
75 170 8046
75 171 1625
75 178 6093
75 181 6899
75 184 7171
75 188 5811
75 189 9999
75 190 5000
75 195 632
75 197 9132
75 198 1939
75 202 4630
75 210 8311
75 212 7551
75 213 4450
75 214 2536
75 216 519
75 218 9756
75 222 3868
75 223 8448
75 225 7229
75 226 5670
75 233 8168
76 78 2774
76 82 4221
76 86 801
76 88 2146
76 89 7937
76 95 8882
76 99 8789
76 101 3178
76 107 2040
76 108 3256
76 112 6039
76 118 380
76 121 9596
76 126 5387
76 127 1420
76 136 7495
76 138 8510
76 141 7656
76 143 2479
76 146 7292
76 153 477
76 158 3226
76 161 379
76 163 3317
76 164 522
76 170 6440
76 175 6337
76 183 3411
76 187 3881
76 188 5271
76 191 8890
76 199 2437
76 203 7650
76 206 8037
76 212 5509
76 215 5221
76 223 6969
76 225 8005
76 229 5428
76 234 2715
76 235 3751
77 79 6613
77 80 8007
77 85 949
77 87 7138
77 94 747
77 99 4615
77 109 2272
77 111 8744
77 113 6326
77 114 4551
77 116 6678
77 117 4585
77 123 688
77 125 3291
77 129 5146
77 134 5837
77 135 5104
77 138 2317
77 142 849
77 145 5261
77 149 2402
77 154 9915
77 156 8689
77 157 5695
77 163 800
77 168 6154
77 169 3075
77 172 643
77 176 5398
77 180 320
77 185 5561
77 187 1863
77 194 5394
77 195 6284
77 198 1412
77 206 7402
77 210 7742
77 211 3367
77 213 8898
77 215 7708
77 221 4337
77 223 5238
77 225 4137
77 227 7873
77 229 8988
77 233 5255
77 234 9389
78 79 4078
78 81 4675
78 93 8990
78 96 4687
78 97 8540
78 98 6835
78 100 5336
78 101 7965
78 103 7836
78 105 9090
78 108 7993
78 113 1518
78 114 5581
78 115 3372
78 118 3133
78 126 1221
78 129 5926
78 132 8084
78 134 6376
78 138 5038
78 140 6349
78 142 2001
78 146 4510
78 149 9578
78 153 4543
78 154 1074
78 158 3294
78 159 8018
78 160 2093
78 164 3796
78 171 8980
78 179 5870
78 180 8513
78 186 4647
78 188 2693
78 194 769
78 199 1354
78 209 9358
78 210 775
78 212 105
78 225 4450
78 228 7326
78 231 8133
78 233 7607
79 80 9154
79 86 3498
79 89 1017
79 95 1529
79 96 2927
79 99 7603
79 103 5548
79 111 3398
79 114 1960
79 117 5686
79 118 2863
79 119 969
79 127 3413
79 138 1016
79 150 9803
79 151 8723
79 155 5512
79 157 6043
79 166 611
79 167 3273
79 179 3292
79 181 2907
79 186 5452
79 191 1884
79 192 7909
79 199 3343
79 203 9608
79 204 7887
79 206 5885
79 207 7325
79 210 1904
79 213 6695
79 218 7496
79 220 2595
79 225 510
79 229 8778
79 231 8441
79 232 4875
80 81 9569
80 82 7081
80 84 6905
80 85 3339
80 91 5823
80 99 6863
80 103 654
80 107 1532
80 119 5543
80 120 6365
80 123 2606
80 125 3736
80 133 3273
80 135 3077
80 137 4932
80 139 1477
80 140 5856
80 153 2341
80 161 3329
80 175 1022
80 184 4196
80 192 1997
80 196 6712
80 197 4236
80 199 4863
80 211 8239
80 214 3472
80 217 4853
80 228 533
80 230 2359
80 233 3086
80 234 3769
80 236 1940
81 83 5683
81 84 8121
81 91 5820
81 94 8161
81 95 8744
81 97 7522
81 112 4054
81 115 6080
81 116 7563
81 121 8525
81 123 3938
81 132 3380
81 135 1839
81 143 2835
81 148 5782
81 150 8363
81 156 3711
81 157 1561
81 161 9499
81 164 3343
81 166 1966
81 177 7287
81 180 9451
81 183 285
81 190 4385
81 191 8789
81 192 6003
81 193 4459
81 194 822
81 196 9093
81 203 9394
81 204 3119
81 210 7440
81 212 3131
81 213 195
81 215 2389
81 220 8530
81 221 7976
81 222 9786
81 224 2861
81 228 2470
81 229 3194
81 233 9157
82 88 6786
82 96 6857
82 100 2860
82 103 3178
82 114 7064
82 121 9541
82 124 3453
82 127 4035
82 129 352
82 131 5550
82 140 8576
82 142 176
82 150 8358
82 156 5493
82 158 6391
82 160 7691
82 177 5241
82 178 2093
82 179 1026
82 188 2723
82 189 7403
82 199 7676
82 201 7132
82 203 7158
82 206 1583
82 211 5056
82 218 6283
82 220 6695
82 221 4762
82 222 5478
82 225 5520
82 231 5155
82 232 5962
82 235 9028
83 86 6203
83 89 6634
83 90 7705
83 94 9084
83 96 4028
83 101 1874
83 105 6899
83 106 961
83 108 7270
83 120 4827
83 122 7065
83 123 2208
83 124 4716
83 140 122
83 141 7386
83 146 989
83 149 4771
83 153 9064
83 154 6406
83 161 48
83 163 9346
83 168 8535
83 182 3832
83 184 1921
83 185 1075
83 187 9702
83 188 8769
83 191 2260
83 193 8655
83 196 2858
83 197 8498
83 198 1857
83 212 890
83 213 4747
83 218 9194
83 219 1334
83 221 6477
83 225 2962
83 229 9637
83 231 8056
83 232 2744
83 235 7103
84 85 4514
84 92 7056
84 94 1092
84 95 1483
84 96 2719
84 98 698
84 100 7464
84 109 9714
84 112 6923
84 120 813
84 122 3878
84 125 8279
84 126 3468
84 129 1498
84 134 6606
84 141 6605
84 149 5787
84 156 5669
84 159 1026
84 175 7839
84 182 5571
84 183 9531
84 188 3743
84 190 72
84 197 5092
84 198 4002
84 202 9842
84 207 3266
84 210 1052
84 214 2602
84 219 3572
84 221 7493
84 222 4098
84 225 960
84 228 9387
84 229 9262
84 230 6452
84 231 1276
84 234 7154
84 236 6216
85 90 7530
85 94 2633
85 95 6091
85 97 7273
85 99 5786
85 101 5199
85 105 7518
85 106 6769
85 111 6922
85 116 9365
85 119 1907
85 120 9604
85 127 8473
85 129 214
85 135 1045
85 138 7394
85 140 8592
85 142 2038
85 143 2723
85 145 7683
85 146 2776
85 153 1587
85 154 4548
85 155 9256
85 156 8883
85 162 7757
85 165 4258
85 172 9879
85 176 1494
85 177 1791
85 179 5901
85 188 6062
85 191 3890
85 193 6596
85 195 6636
85 199 6194
85 203 5793
85 205 8256
85 207 4326
85 212 6400
85 214 7730
85 215 1515
85 217 4934
85 221 675
85 227 2736
85 234 2955
86 89 1261
86 91 6605
86 94 3653
86 96 1739
86 97 9873
86 99 9819
86 102 731
86 103 8269
86 106 5607
86 109 9256
86 115 2953
86 120 8841
86 122 6409
86 130 514
86 135 6367
86 136 6742
86 140 2896
86 148 7061
86 149 7592
86 151 6166
86 154 7578
86 155 1553
86 162 8846
86 169 5990
86 170 7416
86 177 4864
86 181 8783
86 182 4853
86 184 9775
86 191 9809
86 192 6505
86 200 9163
86 201 3861
86 202 9351
86 216 4590
86 219 5907
86 225 3475
86 233 1233
86 235 4893
87 89 2526
87 91 1367
87 92 7509
87 93 5452
87 95 1347
87 100 8136
87 107 648
87 116 7532
87 117 6914
87 125 4573
87 127 4949
87 132 3187
87 133 1856
87 134 508
87 138 9113
87 143 1184
87 147 8074
87 152 9549
87 153 242
87 162 6242
87 166 8829
87 173 8269
87 176 7250
87 178 1869
87 188 411
87 191 6819
87 192 4786
87 195 3123
87 200 9708
87 201 921
87 206 3672
87 209 3989
87 212 1385
87 215 8706
87 217 1839
87 223 9104
87 227 4447
87 228 63
87 229 5234
87 232 873
88 91 1932
88 96 8595
88 97 2311
88 99 6301
88 103 5099
88 104 3096
88 105 4998
88 106 4518
88 113 3242
88 118 2450
88 120 2996
88 121 4917
88 130 8895
88 136 3429
88 141 6229
88 144 3913
88 145 3665
88 147 7552
88 156 9430
88 159 8639
88 160 4539
88 163 459
88 170 2062
88 171 8928
88 176 8801
88 178 7488
88 188 406
88 189 6420
88 191 1471
88 192 6105
88 200 7771
88 202 3423
88 203 7453
88 206 8622
88 207 299
88 208 3586
88 212 7709
88 215 3345
88 216 9165
88 221 2383
88 225 610
88 226 685
88 236 9678
89 90 9215
89 91 8879
89 94 6204
89 102 3703
89 104 5811
89 108 8362
89 114 4825
89 115 9807
89 120 2308
89 123 3804
89 127 3336
89 134 1285
89 135 8617
89 138 9213
89 143 615
89 144 3178
89 146 3941
89 148 9060
89 150 2787
89 151 5491
89 159 6131
89 162 3350
89 165 905
89 177 4545
89 178 8141
89 183 5206
89 196 4873
89 203 8935
89 204 4105
89 210 2198
89 213 4956
89 214 466
89 215 2572
89 218 2875
89 220 6257
89 221 4300
89 222 587
89 223 4120
89 228 1168
89 230 5808
90 91 672
90 96 5022
90 104 3041
90 105 6716
90 106 4597
90 107 3362
90 109 3542
90 110 4172
90 112 4379
90 117 2337
90 129 4995
90 131 5546
90 133 7595
90 136 9132
90 138 1517
90 140 6410
90 144 1211
90 150 4804
90 159 6876
90 165 4966
90 166 5425
90 171 7188
90 177 3505
90 178 2474
90 181 5338
90 182 8514
90 184 7506
90 185 6145
90 186 4358
90 194 8674
90 195 9678
90 198 7307
90 202 7378
90 203 1572
90 207 9024
90 210 4978
90 218 9997
90 230 1846
91 92 2953
91 106 8029
91 108 543
91 110 9751
91 119 2597
91 122 8645
91 123 8321
91 126 7503
91 134 5727
91 142 536
91 144 2713
91 150 8785
91 152 7614
91 164 3658
91 165 9530
91 184 8685
91 189 6546
91 191 6557
91 196 2455
91 198 5293
91 199 129
91 202 1145
91 209 4701
91 210 2172
91 215 2460
91 218 4927
91 222 974
91 223 7504
91 228 1261
91 229 9169
91 230 9580
91 231 4099
92 97 1756
92 101 7939
92 113 318
92 115 3214
92 120 4473
92 122 20
92 124 8546
92 134 1484
92 140 8028
92 141 8314
92 144 5749
92 149 6756
92 152 7160
92 160 4740
92 168 4182
92 171 1639
92 173 5081
92 174 579
92 175 106
92 176 2987
92 182 3650
92 183 1353
92 188 9459
92 189 4025
92 190 4941
92 191 9127
92 192 3
92 196 37
92 199 860
92 209 899
92 215 16
92 216 2525
92 218 3209
92 223 9875
92 224 9168
92 233 3388
93 99 4460
93 100 2201
93 101 366
93 107 3395
93 110 9664
93 111 8198
93 112 4426
93 113 2788
93 115 9886
93 117 4129
93 118 827
93 123 3019
93 132 358
93 136 4532
93 139 6986
93 140 735
93 143 9016
93 147 1593
93 154 5640
93 157 4448
93 158 6499
93 161 3783
93 169 2323
93 178 2320
93 179 5433
93 185 8736
93 186 3746
93 192 4906
93 193 2670
93 194 2422
93 195 9533
93 197 5908
93 198 3327
93 199 7383
93 208 7018
93 209 4846
93 212 3774
93 213 5004
93 214 5786
93 215 9308
93 218 5749
93 219 8266
93 221 6240
93 222 2310
93 223 6353
93 224 7627
93 229 7786
93 231 1365
93 233 6953
93 234 5258
93 236 3284
94 97 6388
94 105 9
94 107 316
94 108 7055
94 114 4833
94 115 3317
94 122 2416
94 128 1302
94 133 3569
94 134 432
94 136 6246
94 137 885
94 141 3147
94 143 944
94 144 6193
94 162 8260
94 180 3449
94 185 9369
94 186 3128
94 187 5873
94 191 4296
94 193 3842
94 197 4593
94 199 697
94 207 8271
94 209 8374
94 214 5972
94 224 1378
94 225 7286
94 226 4814
94 228 176
94 232 8753
94 233 2967
94 234 9986
95 103 9666
95 105 7851
95 117 2315
95 121 2472
95 126 8342
95 128 3278
95 130 6518
95 133 5436
95 134 9783
95 136 9751
95 144 2147
95 148 9174
95 149 8851
95 152 7911
95 165 9786
95 166 6834
95 171 9171
95 179 6509
95 180 2304
95 181 7464
95 184 237
95 186 8310
95 187 5833
95 190 3218
95 210 6415
95 216 2341
95 225 695
95 226 794
95 231 7474
95 235 9375
96 97 9945
96 99 413
96 102 1988
96 107 3563
96 109 2289
96 117 2480
96 118 4752
96 120 4278
96 122 1310
96 123 7604
96 124 3564
96 127 1662
96 128 1994
96 129 4932
96 138 5889
96 139 8559
96 140 9688
96 141 2837
96 143 591
96 145 7818
96 147 3976
96 149 341
96 150 3729
96 154 4215
96 155 5709
96 161 6682
96 163 342
96 165 6413
96 168 71
96 177 683
96 181 7065
96 183 8686
96 199 8654
96 201 1009
96 209 990
96 217 6976
96 219 6566
96 226 6386
96 227 9639
96 230 3906
96 236 58
97 98 2391
97 103 1589
97 105 1174
97 110 1866
97 111 9107
97 123 9673
97 124 5442
97 129 8641
97 132 1155
97 135 1616
97 136 1798
97 140 4793
97 143 3867
97 152 1542
97 153 2147
97 155 7144
97 157 5529
97 158 4378
97 160 636
97 164 7610
97 166 5334
97 170 8128
97 171 4755
97 178 1666
97 183 5360
97 187 6916
97 188 8543
97 192 9838
97 193 3673
97 197 191
97 198 4152
97 207 9433
97 208 6321
97 213 7907
97 227 9656
97 228 3834
97 229 6381
97 231 7661
97 236 3744
98 99 1254
98 109 7085
98 110 5710
98 113 3475
98 115 6923
98 118 8948
98 121 1451
98 122 3397
98 134 8264
98 135 3127
98 149 8266
98 157 5104
98 171 7707
98 175 8203
98 177 90
98 179 2506
98 180 1457
98 186 7364
98 194 790
98 199 8718
98 200 4665
98 202 1802
98 208 1931
98 211 6698
98 214 3400
98 216 6375
98 220 1109
98 231 7624
98 233 1136
98 235 3392
99 104 8512
99 118 7292
99 125 4721
99 128 7873
99 141 3040
99 142 1562
99 148 2858
99 152 4513
99 165 9307
99 166 2558
99 169 8
99 173 2623
99 185 8961
99 196 5261
99 202 8078
99 203 3901
99 204 7944
99 212 6861
99 213 1124
99 214 9581
99 219 6007
99 224 8652
99 227 4985
99 232 2444
99 234 1172
99 236 3821
100 102 9393
100 104 5603
100 107 1305
100 108 7578
100 111 2517
100 112 5215
100 119 3931
100 124 1231
100 126 3962
100 127 7612
100 128 146
100 129 6971
100 130 7455
100 131 2990
100 132 4231
100 136 5985
100 137 5340
100 140 9950
100 145 3107
100 146 263
100 151 910
100 154 6324
100 161 1701
100 162 7189
100 168 5591
100 174 5064
100 176 2824
100 185 726
100 189 1955
100 191 1594
100 192 7255
100 204 11
100 211 1606
100 213 6859
100 217 869
100 226 8638
101 104 8576
101 109 5105
101 114 8935
101 115 8151
101 117 5771
101 132 3576
101 134 230
101 136 4176
101 138 1326
101 143 4397
101 145 3677
101 148 9619
101 149 7958
101 151 9003
101 158 3602
101 162 6735
101 165 9738
101 170 5904
101 173 9423
101 176 9151
101 180 2089
101 183 3285
101 184 7243
101 185 7699
101 190 4929
101 197 3235
101 211 7055
101 213 8877
101 221 9540
101 222 6313
101 223 9766
101 229 8737
101 230 330
101 233 6479
102 108 8474
102 109 7288
102 114 7203
102 115 3158
102 116 7929
102 133 7359
102 142 1730
102 144 6279
102 145 468
102 148 1604
102 149 1965
102 150 3423
102 159 6431
102 161 3191
102 163 4177
102 164 6948
102 177 2881
102 188 1534
102 191 1653
102 203 6375
102 211 6379
102 215 700
102 225 7111
102 228 6160
102 230 9451
102 232 7444
103 111 3321
103 112 2216
103 116 5181
103 122 490
103 127 2255
103 132 3070
103 133 9546
103 138 917
103 139 8789
103 142 3905
103 143 492
103 146 1325
103 148 8049
103 149 3791
103 150 3761
103 156 8020
103 157 2413
103 159 3054
103 166 5399
103 170 1835
103 181 8909
103 187 5705
103 188 6784
103 191 4976
103 198 1528
103 201 5802
103 203 400
103 210 3268
103 215 8161
103 217 807
103 221 6962
103 226 8193
103 229 1318
103 236 478
104 105 81
104 107 935
104 111 9588
104 122 8777
104 123 2863
104 124 1372
104 125 8148
104 128 1951
104 133 6207
104 134 6970
104 137 6699
104 145 1778
104 152 1422
104 153 8707
104 158 2278
104 160 6230
104 164 9446
104 170 9901
104 172 8407
104 176 1957
104 178 8787
104 192 7142
104 193 9400
104 198 4508
104 202 4340
104 204 3957
104 206 2639
104 209 4170
104 210 4768
104 212 1980
104 213 4011
104 214 838
104 222 1293
104 228 6107
104 231 7200
105 106 92
105 109 4015
105 110 4881
105 113 2271
105 114 6430
105 125 7052
105 132 8583
105 138 4838
105 148 4947
105 149 4938
105 150 7416
105 152 8372
105 156 2292
105 163 1143
105 168 6099
105 171 1857
105 173 2118
105 176 4757
105 183 6455
105 186 1174
105 187 9857
105 192 7759
105 200 7434
105 206 6184
105 209 5919
105 210 1165
105 212 5407
105 213 1679
105 216 6110
105 221 7012
105 225 8879
105 235 3189
106 107 8573
106 108 6830
106 111 9725
106 114 3331
106 119 1682
106 120 4090
106 129 9200
106 137 5334
106 139 4713
106 140 9473
106 142 4163
106 144 5190
106 145 8109
106 146 4563
106 148 8813
106 151 5590
106 153 28
106 154 3312
106 167 4573
106 168 9695
106 173 1113
106 174 9723
106 177 1735
106 179 1273
106 185 7918
106 193 4319
106 204 4378
106 205 1587
106 215 7487
106 216 4899
106 220 8981
106 224 3390
106 227 5120
106 229 3628
107 108 9840
107 114 3069
107 117 4649
107 121 1715
107 123 2621
107 125 3250
107 127 6564
107 128 7655
107 137 4362
107 145 1012
107 150 6842
107 151 1336
107 156 8915
107 160 5833
107 164 7992
107 168 429
107 169 1935
107 182 7232
107 193 6170
107 199 2719
107 206 2940
107 209 1323
107 213 214
107 217 9084
107 221 1518
107 227 4022
107 228 1185
107 229 2574
107 232 1456
108 109 4335
108 112 2191
108 113 2640
108 114 7617
108 116 2873
108 119 3024
108 121 3887
108 122 2798
108 125 4246
108 133 7516
108 134 237
108 146 8399
108 172 5489
108 173 3232
108 176 7555
108 183 1389
108 193 3795
108 194 7096
108 196 6996
108 197 7104
108 198 5223
108 207 8656
108 208 1842
108 217 8840
108 218 3808
108 219 3098
108 227 96
108 231 7707
108 234 5038
108 235 2213
109 115 6655
109 116 844
109 118 5064
109 124 9641
109 130 418
109 133 6225
109 134 2796
109 135 9661
109 137 4776
109 143 5987
109 146 489
109 150 9152
109 152 8710
109 154 4105
109 159 951
109 168 6323
109 171 3548
109 172 6511
109 175 4749
109 176 8788
109 177 195
109 181 7121
109 183 7151
109 187 7378
109 189 2336
109 193 5725
109 195 6116
109 196 4617
109 229 6824
109 231 9008
109 232 3362
109 235 4856
110 114 2357
110 118 5116
110 120 5171
110 127 4910
110 128 5308
110 129 5440
110 131 1300
110 133 6869
110 138 2735
110 139 1217
110 143 4666
110 149 9515
110 154 8740
110 155 2992
110 156 330
110 160 4934
110 162 6141
110 163 8287
110 165 2705
110 167 2135
110 168 4507
110 170 1796
110 174 573
110 179 8963
110 186 7294
110 197 7225
110 203 5584
110 204 3739
110 209 1640
110 210 6440
110 213 7241
110 214 6336
110 217 5877
110 218 4187
110 222 2471
110 223 8250
110 226 9586
110 228 6613
110 233 9157
110 235 4078
111 112 5132
111 114 4975
111 118 2831
111 120 8758
111 129 2516
111 133 1300
111 134 5832
111 141 2629
111 147 949
111 155 5864
111 156 9149
111 157 689
111 158 2606
111 162 1708
111 164 2344
111 165 9873
111 167 7403
111 175 5950
111 176 729
111 177 7265
111 181 6629
111 193 197
111 194 9583
111 199 3499
111 200 4950
111 206 680
111 207 1472
111 208 4160
111 219 7964
111 225 8736
111 229 1767
111 232 9008
111 233 4492
111 234 49
112 119 6067
112 121 2461
112 122 266
112 129 3894
112 131 8105
112 133 3226
112 139 7398
112 142 1222
112 153 9340
112 154 1306
112 156 6732
112 158 4808
112 160 2624
112 161 8636
112 162 9315
112 163 1454
112 164 8882
112 169 8135
112 170 5530
112 171 3940
112 177 9792
112 179 9714
112 180 8887
112 181 2611
112 182 1752
112 183 3855
112 188 1226
112 191 188
112 193 6134
112 206 4530
112 211 4985
112 213 9676
112 214 5672
112 232 3775
112 233 6816
113 115 4185
113 117 7887
113 118 3769
113 122 4814
113 128 5794
113 133 3773
113 136 1034
113 138 1167
113 140 6557
113 144 6930
113 145 4606
113 151 9172
113 155 3485
113 159 359
113 160 8820
113 164 8472
113 179 3689
113 181 7834
113 182 1379
113 183 535
113 188 2926
113 190 3649
113 201 4119
113 217 9580
113 221 3506
113 225 4897
113 231 6172
114 116 1914
114 120 7154
114 122 2552
114 129 1009
114 133 5806
114 143 7675
114 144 4797
114 146 4423
114 148 4688
114 152 73
114 161 5560
114 162 5132
114 163 579
114 166 5845
114 169 2409
114 170 1299
114 171 7334
114 172 2563
114 176 9239
114 177 7788
114 185 2319
114 187 2367
114 205 8888
114 206 4826
114 207 6141
114 214 2545
114 215 7794
114 218 8959
114 219 3302
114 220 7563
114 222 8259
114 230 2309
114 232 3620
115 127 5929
115 130 2204
115 132 5192
115 133 4046
115 134 2588
115 136 759
115 143 6347
115 144 6166
115 148 8639
115 161 9116
115 162 4714
115 165 4489
115 166 3818
115 175 2732
115 176 1308
115 180 1312
115 185 3249
115 187 9494
115 191 6719
115 195 2112
115 198 442
115 208 3217
115 209 2516
115 211 6646
115 212 4203
115 214 5912
115 216 8752
116 122 9499
116 127 5115
116 134 7251
116 136 8221
116 137 284
116 140 4447
116 141 5674
116 144 7143
116 146 159
116 164 8662
116 167 5363
116 173 1517
116 177 9576
116 184 2589
116 190 3860
116 191 529
116 194 6701
116 199 9917
116 207 7322
116 208 9151
116 212 9775
116 213 2211
116 221 4020
116 225 4134
116 227 4779
116 228 4839
116 232 943
116 233 2946
116 235 8835
117 131 1965
117 132 781
117 138 6744
117 146 615
117 153 7125
117 154 7895
117 163 232
117 169 2090
117 171 5533
117 172 4656
117 174 3944
117 185 5074
117 187 4418
117 197 2416
117 198 1492
117 200 4740
117 204 6710
117 205 7148
117 210 9296
117 211 3258
117 212 2078
117 214 3375
117 222 7979
117 223 4881
117 224 8123
117 227 4392
117 232 7372
118 120 2762
118 122 185
118 124 871
118 127 2295
118 140 7450
118 143 3818
118 146 8528
118 147 1345
118 148 6763
118 151 9959
118 152 2713
118 160 7302
118 161 1962
118 163 574
118 166 8291
118 180 2911
118 195 3963
118 196 3202
118 198 6206
118 211 5492
118 212 8428
118 213 4832
118 216 5960
118 219 9317
118 221 6593
118 223 6219
118 224 4658
118 226 8966
118 227 9427
118 231 7203
118 235 511
118 236 7388
119 121 1454
119 125 6774
119 136 1157
119 140 6967
119 142 6304
119 144 5962
119 151 4492
119 152 6519
119 154 5099
119 156 5873
119 157 9324
119 158 5416
119 159 2424
119 163 4550
119 168 7262
119 172 489
119 176 9382
119 190 1686
119 192 7774
119 194 4542
119 197 1514
119 199 2906
119 203 9873
119 204 5712
119 215 4050
119 218 3088
119 223 1383
119 224 2713
119 225 6830
119 227 4478
119 232 3038
120 125 9341
120 131 7921
120 133 3548
120 142 7675
120 148 3373
120 155 7315
120 156 1140
120 159 147
120 168 8161
120 170 5222
120 172 9597
120 176 5837
120 180 8431
120 181 8669
120 183 4740
120 184 1837
120 185 8184
120 186 1995
120 187 1915
120 188 5944
120 190 3134
120 192 2998
120 195 9741
120 204 2452
120 208 3993
120 213 1594
120 215 2377
120 217 2312
120 221 1941
120 222 3956
120 223 2959
120 225 7423
120 228 4125
120 229 1429
120 232 2007
120 233 7366
121 122 1219
121 123 6736
121 130 2130
121 135 7873
121 137 2262
121 143 100
121 152 9865
121 153 1507
121 154 6939
121 159 8738
121 160 5191
121 161 5081
121 164 6339
121 169 4775
121 176 3860
121 178 1577
121 185 2181
121 187 3529
121 193 4793
121 195 382
121 198 2147
121 199 1129
121 200 6218
121 201 9412
121 204 6440
121 206 1955
121 208 4787
121 214 3272
121 217 2289
121 220 4434
121 221 6662
121 222 5078
121 225 260
121 227 9093
121 229 1233
121 233 778
121 236 6057
122 123 4583
122 132 4814
122 135 6954
122 145 8392
122 148 6051
122 150 7446
122 151 8645
122 152 6712
122 154 1857
122 158 8441
122 161 6996
122 166 9739
122 168 8839
122 169 8503
122 171 3728
122 173 2963
122 180 2716
122 181 5763
122 185 7755
122 186 560
122 188 6603
122 190 2362
122 198 2981
122 202 6483
122 204 4949
122 206 4856
122 215 8586
122 218 5633
122 221 8798
122 222 5199
122 223 4198
122 232 4457
122 235 9362
123 131 1975
123 139 7206
123 140 5331
123 141 7012
123 142 9048
123 146 6303
123 147 3593
123 150 2390
123 163 932
123 169 9498
123 173 3495
123 176 6280
123 177 6351
123 178 6949
123 186 6833
123 187 1625
123 189 80
123 193 7169
123 195 3885
123 201 3132
123 203 1236
123 205 3231
123 209 4122
123 215 3643
123 217 5235
123 222 2866
123 223 9082
123 224 2428
123 227 8609
123 231 7331
123 232 7393
123 236 2146
124 126 6971
124 128 9446
124 129 5962
124 130 3510
124 132 9723
124 137 7101
124 145 6107
124 148 6438
124 150 8428
124 151 8802
124 159 6640
124 161 7309
124 162 2242
124 165 7562
124 176 5355
124 184 5702
124 187 3051
124 193 3527
124 199 3710
124 200 3388
124 202 6788
124 206 4395
124 209 1080
124 211 686
124 214 6000
124 221 7529
124 226 7918
124 229 8296
124 231 366
124 235 9453
124 236 7146
125 129 4080
125 141 9406
125 144 1078
125 145 4992
125 146 4007
125 148 6273
125 149 5154
125 155 4289
125 159 5783
125 163 1312
125 164 130
125 165 3231
125 167 5777
125 173 2916
125 179 1604
125 182 256
125 185 9496
125 186 7415
125 189 9018
125 190 10000
125 191 317
125 196 8561
125 204 8948
125 211 5172
125 212 4540
125 214 3934
125 215 5626
125 218 9421
125 220 7240
125 222 3600
125 225 4318
125 227 8731
125 230 7445
125 231 184
125 234 3207
125 235 9328
126 132 165
126 137 4401
126 144 5760
126 150 5569
126 160 238
126 165 508
126 167 1744
126 169 916
126 171 8651
126 174 9403
126 181 1614
126 182 1465
126 191 1767
126 192 7529
126 193 7992
126 194 3822
126 196 8574
126 201 1495
126 205 6746
126 206 4114
126 207 586
126 210 4883
126 211 44
126 213 6472
126 226 9367
126 232 7539
126 233 5265
127 128 9700
127 130 6886
127 135 9077
127 136 2469
127 138 1831
127 141 3950
127 142 6032
127 143 3735
127 148 9927
127 149 760
127 154 959
127 155 2025
127 156 7613
127 157 3185
127 161 6460
127 180 4996
127 183 8973
127 185 8294
127 187 3918
127 189 8034
127 191 5371
127 198 332
127 204 9838
127 214 7462
127 219 5517
127 229 8871
128 139 3285
128 140 130
128 152 5082
128 154 6613
128 155 2244
128 161 7262
128 165 1499
128 168 4964
128 169 833
128 175 4984
128 177 8387
128 180 6060
128 183 8751
128 187 39
128 189 6223
128 192 6305
128 199 8240
128 200 9888
128 211 9555
128 212 8269
128 213 6821
128 217 3411
128 218 4139
128 219 5643
128 221 2331
128 230 9566
129 132 4914
129 135 3325
129 138 8374
129 139 348
129 156 6144
129 158 9910
129 168 8943
129 175 1784
129 177 5573
129 183 7267
129 188 3067
129 189 9669
129 193 9545
129 199 3135
129 200 1119
129 205 4987
129 209 750
129 211 9276
129 219 9772
129 225 3021
129 232 7998
129 236 4217
130 138 2239
130 145 2446
130 146 1961
130 156 7845
130 160 2419
130 162 9768
130 176 6372
130 181 547
130 185 5658
130 186 9843
130 188 7769
130 193 5483
130 195 9922
130 199 1563
130 201 6864
130 207 6179
130 215 4595
130 219 2649
130 221 9730
130 225 9791
130 227 1352
130 230 5771
130 231 2838
130 235 7883
131 132 413
131 134 1062
131 139 225
131 144 7343
131 146 3200
131 159 3053
131 161 5052
131 162 3239
131 163 4878
131 169 7558
131 170 692
131 173 8605
131 176 631
131 177 6854
131 178 8191
131 186 9413
131 190 3687
131 192 2518
131 197 6860
131 202 1774
131 203 9653
131 206 3516
131 208 1502
131 209 5254
131 210 6574
131 212 7871
131 214 3090
131 217 33
131 219 797
131 225 5337
131 227 2058
131 231 8288
132 138 4459
132 141 8393
132 144 9036
132 155 1601
132 156 5863
132 159 6490
132 166 109
132 168 3656
132 170 6196
132 171 5468
132 173 6317
132 178 4302
132 187 6552
132 189 9932
132 200 3259
132 204 766
132 206 789
132 219 7481
132 225 2207
133 145 8111
133 150 4719
133 154 1406
133 158 6604
133 160 4879
133 162 5212
133 163 2306
133 164 4201
133 166 5339
133 169 3610
133 171 2344
133 174 6828
133 184 3177
133 189 9530
133 193 5700
133 194 8929
133 195 7248
133 197 4853
133 200 4899
133 203 5149
133 205 6895
133 209 3428
133 219 7757
133 224 2556
133 232 5747
133 235 8413
134 137 7535
134 142 773
134 144 7475
134 147 4206
134 148 4107
134 151 4022
134 155 7507
134 157 9889
134 158 1208
134 163 1304
134 165 3198
134 166 9509
134 167 7167
134 173 558
134 174 1123
134 175 819
134 177 8041
134 180 1754
134 181 1450
134 192 6596
134 194 8457
134 195 2905
134 196 7985
134 198 7810
134 203 6354
134 208 7002
134 209 5282
134 212 5618
134 215 6717
134 217 1816
134 218 6987
134 222 9850
134 223 6692
134 228 9871
134 231 5998
134 235 2941
135 137 548
135 138 5422
135 143 3609
135 151 8044
135 157 8372
135 161 4533
135 164 8411
135 170 5416
135 171 5942
135 174 9230
135 176 8492
135 180 1294
135 182 706
135 192 3578
135 194 6986
135 197 4452
135 201 1515
135 202 2953
135 204 791
135 216 5894
135 217 2055
135 219 7156
135 220 4110
135 226 9837
135 231 9978
136 138 8158
136 141 534
136 146 4160
136 149 4873
136 152 4278
136 153 541
136 157 8332
136 162 4871
136 166 9350
136 175 5094
136 178 5830
136 179 9714
136 183 2507
136 191 7223
136 196 6029
136 198 4021
136 200 220
136 211 4243
136 219 9778
136 221 7263
136 224 2800
136 227 6010
136 228 6605
136 236 5597
137 138 9661
137 141 5311
137 143 7328
137 146 660
137 147 2615
137 148 2200
137 151 5976
137 154 886
137 158 4521
137 161 7363
137 164 5741
137 165 7707
137 171 3599
137 179 8667
137 182 2216
137 183 1061
137 185 9632
137 186 6799
137 188 9140
137 189 579
137 191 5096
137 193 7327
137 197 6185
137 200 9117
137 201 1681
137 202 5622
137 206 8881
137 207 8649
137 208 8257
137 222 7932
137 226 9363
137 229 1305
137 235 4326
137 236 6834
138 139 8277
138 142 3873
138 145 9785
138 154 5408
138 156 1388
138 161 2788
138 163 2917
138 172 1311
138 181 7074
138 187 3979
138 195 9024
138 200 3625
138 214 8506
138 215 3428
138 218 3868
138 220 8130
138 221 3652
138 228 4241
138 232 4566
138 233 8192
138 236 3018
139 140 2505
139 144 1592
139 151 6572
139 152 7404
139 153 8652
139 158 433
139 164 7373
139 166 7404
139 173 328
139 182 5678
139 184 219
139 185 6728
139 187 2237
139 190 1365
139 192 4344
139 196 3625
139 202 7241
139 207 1198
139 210 572
139 211 1309
139 215 848
139 216 116
139 220 6662
139 221 7490
139 226 4734
139 228 334
139 232 7701
139 236 8143
140 156 4447
140 161 872
140 162 8076
140 163 5379
140 171 459
140 173 2711
140 180 104
140 184 2203
140 186 4763
140 199 7319
140 201 4
140 205 9150
140 206 3931
140 212 824
140 213 482
140 224 5651
140 226 8931
140 232 9534
140 233 3606
141 142 9428
141 143 3752
141 146 3013
141 151 1454
141 154 2500
141 155 713
141 157 8931
141 161 5431
141 163 3852
141 168 7417
141 171 8901
141 172 3228
141 173 1598
141 174 1600
141 177 8300
141 179 9950
141 186 6785
141 193 4652
141 205 143
141 208 3251
141 211 6743
141 215 4577
141 220 8608
141 222 8123
142 150 3491
142 156 6967
142 159 514
142 163 8746
142 165 6198
142 167 8472
142 173 5647
142 176 7313
142 183 8785
142 186 1621
142 192 1705
142 194 3060
142 196 7750
142 201 2652
142 211 465
142 214 8858
142 223 2659
142 224 1336
142 233 771
142 236 7055
143 144 7218
143 148 2373
143 151 904
143 156 2869
143 174 1861
143 175 7236
143 176 8793
143 177 523
143 185 7485
143 190 951
143 194 3032
143 195 5411
143 200 1993
143 213 6643
143 220 155
143 226 9244
143 230 1364
143 231 2256
143 233 8639
143 236 5404
144 157 8228
144 162 528
144 163 4364
144 165 6429
144 169 2533
144 172 3495
144 187 3081
144 193 762
144 195 938
144 198 7607
144 199 7467
144 200 656
144 202 9693
144 204 5984
144 205 4341
144 211 6103
144 219 9481
144 220 6389
144 226 8940
145 146 4981
145 158 3907
145 160 7161
145 166 1681
145 168 8692
145 172 2477
145 178 7940
145 181 3468
145 188 9990
145 197 7377
145 210 9260
145 233 9320
146 148 3867
146 149 4027
146 158 7407
146 168 4057
146 169 5580
146 175 8794
146 177 5654
146 183 4936
146 187 4171
146 188 9359
146 194 6512
146 195 1646
146 196 5398
146 201 9272
146 205 1114
146 207 4625
146 210 5230
146 211 7590
146 217 1191
146 220 4314
146 221 2522
146 224 4133
146 226 793
146 228 6958
146 230 5076
147 168 1278
147 169 7603
147 172 6762
147 174 17
147 179 4695
147 181 6338
147 187 9355
147 190 4982
147 197 7001
147 198 8785
147 207 6759
147 208 159
147 212 9132
147 215 3988
147 218 6264
147 219 1373
147 226 8764
147 228 9747
147 232 199
147 234 9650
147 235 2415
148 157 671
148 163 7351
148 168 2359
148 170 8298
148 173 7331
148 174 132
148 179 1835
148 183 3112
148 188 4762
148 195 3022
148 203 2956
148 216 2919
148 230 6892
148 231 4492
148 234 2770
148 236 8989
149 154 1012
149 156 5958
149 171 6628
149 174 3400
149 177 1258
149 178 3057
149 179 6650
149 183 8396
149 184 125
149 186 8446
149 191 8174
149 193 4259
149 196 2539
149 198 1937
149 202 531
149 205 2408
149 218 7091
149 222 5511
149 227 6695
149 228 8921
149 232 3397
149 233 9519
150 155 4673
150 158 3657
150 161 4805
150 166 8081
150 180 7967
150 184 4940
150 185 6287
150 190 1957
150 191 997
150 193 4958
150 197 6003
150 202 3902
150 203 875
150 206 8403
150 209 4570
150 223 2574
150 224 7792
150 229 8960
150 233 4430
150 235 7956
151 162 5179
151 164 5927
151 166 8545
151 169 4547
151 170 9271
151 175 7181
151 176 883
151 181 9639
151 184 103
151 195 991
151 207 1466
151 210 262
151 214 818
151 220 1593
151 222 9177
151 232 7177
151 233 7916
151 235 1185
151 236 3885
152 157 8090
152 163 8180
152 165 587
152 167 5864
152 168 5691
152 171 1303
152 183 2009
152 186 2528
152 189 5827
152 190 7645
152 191 7341
152 198 1740
152 200 8364
152 202 9649
152 205 1300
152 208 8420
152 210 3349
152 211 9015
152 217 3994
152 219 3378
152 220 8718
152 224 481
152 226 8039
153 154 143
153 159 6683
153 161 1806
153 170 6258
153 174 7777
153 177 4384
153 193 5455
153 194 7919
153 202 430
153 221 6714
153 222 1618
153 223 3042
153 224 9179
154 158 9763
154 169 1917
154 177 1843
154 179 4692
154 183 4753
154 184 1982
154 192 9790
154 194 6989
154 213 3845
154 220 8266
154 222 8554
154 223 8201
154 228 5759
154 231 9923
154 233 2169
155 158 3255
155 163 5544
155 172 929
155 181 3324
155 182 7096
155 183 3333
155 185 8303
155 186 3141
155 189 9197
155 190 3155
155 195 1297
155 197 3333
155 198 8096
155 200 4450
155 202 2218
155 203 7267
155 205 5808
155 208 4101
155 217 1672
155 228 3943
155 229 791
155 231 3985
155 236 1077
156 158 9874
156 161 3837
156 172 5430
156 175 5683
156 178 6610
156 179 6014
156 183 9400
156 185 3586
156 186 2087
156 187 6429
156 191 1391
156 195 5399
156 203 6784
156 205 8787
156 208 7281
156 212 5827
156 218 4001
156 222 7493
156 226 1380
156 227 5452
156 231 4778
156 233 7519
156 234 3687
157 167 8493
157 171 1840
157 172 6030
157 173 3510
157 178 5504
157 180 8473
157 183 7951
157 187 8959
157 188 1092
157 190 3330
157 199 9854
157 206 6312
157 209 7020
157 211 2928
157 212 8447
157 213 6853
157 219 653
157 220 7208
157 223 6929
157 230 7968
157 234 411
157 236 9254
158 171 2436
158 176 6839
158 179 2634
158 180 6292
158 182 736
158 185 6536
158 186 7555
158 188 57
158 197 6304
158 200 7296
158 203 7347
158 210 615
158 213 8137
158 215 6298
158 220 9845
158 221 7221
158 227 5025
158 228 6248
158 232 4156
158 235 4350
159 161 7357
159 165 22
159 167 6658
159 168 9058
159 169 3341
159 174 7328
159 176 5462
159 177 7284
159 189 8000
159 193 2087
159 196 7511
159 204 2034
159 209 2720
159 210 2883
159 212 4462
159 213 465
159 216 3727
159 219 6490
159 220 1142
159 223 6072
159 227 6895
159 229 4231
160 164 8393
160 167 9180
160 169 1242
160 171 9907
160 172 6082
160 174 2677
160 176 72
160 181 7263
160 186 6038
160 190 5497
160 201 2631
160 203 1857
160 205 5695
160 208 6183
160 209 1260
160 210 8818
160 211 9044
160 212 7098
160 213 7315
160 214 5042
160 217 4535
160 222 3712
160 223 3504
160 225 4218
160 228 6544
160 232 9549
161 168 6463
161 173 8357
161 174 4772
161 176 7906
161 177 9825
161 179 4438
161 181 4622
161 182 2288
161 186 6395
161 192 6424
161 194 3268
161 195 2974
161 198 27
161 200 7998
161 201 8908
161 206 4206
161 213 7812
161 216 4724
161 217 4999
161 221 6210
161 228 6913
161 230 3229
161 231 9695
162 163 6091
162 171 1840
162 173 4338
162 176 8167
162 177 7363
162 180 6226
162 182 7975
162 186 2863
162 201 2407
162 207 3920
162 212 5043
162 213 5390
162 214 3581
162 216 8323
162 220 5399
162 222 3888
162 225 6018
162 228 2674
162 229 2017
162 231 3705
162 233 6019
162 234 8104
163 169 2532
163 170 6336
163 171 1762
163 177 9779
163 178 8156
163 181 8721
163 190 6126
163 192 9179
163 200 3067
163 208 386
163 212 2913
163 213 4762
163 214 6429
163 216 8176
163 219 7609
163 224 4159
163 228 8455
164 171 8417
164 175 8761
164 177 3028
164 181 10
164 183 7965
164 193 6112
164 197 8718
164 198 7346
164 203 2101
164 215 3621
164 216 3592
164 217 6742
164 219 4935
164 228 2391
165 166 6947
165 172 6760
165 175 9716
165 177 6314
165 181 7724
165 184 373
165 192 2262
165 197 935
165 198 6892
165 201 4251
165 203 5416
165 204 2044
165 210 9275
165 211 1841
165 212 7729
165 213 9833
165 214 1185
165 215 7881
165 223 906
165 224 5296
165 226 2669
165 229 8910
165 231 9620
165 232 1481
165 233 4736
165 235 7779
166 168 252
166 169 2405
166 183 4859
166 184 3950
166 196 2919
166 201 7194
166 208 8357
166 209 4429
166 214 2503
166 218 5028
166 224 8421
166 226 7763
166 227 9635
166 229 7833
166 230 6914
166 231 7548
166 235 3204
166 236 789
167 171 2561
167 172 9407
167 178 1816
167 180 2325
167 181 9951
167 185 7176
167 194 3397
167 195 4747
167 197 8053
167 202 6257
167 206 7373
167 207 8564
167 209 9465
167 219 5504
167 220 5815
167 223 9938
167 224 1880
167 227 5794
167 228 589
168 170 1258
168 173 9195
168 177 6160
168 178 1704
168 185 9071
168 186 813
168 187 3075
168 189 2053
168 191 5459
168 196 5651
168 197 3451
168 202 8021
168 203 496
168 205 8246
168 209 6630
168 212 6710
168 214 4456
168 219 2733
168 225 661
168 227 3007
168 229 6218
168 234 4388
169 173 4638
169 175 952
169 185 4543
169 189 1056
169 196 7228
169 199 4745
169 201 6382
169 202 5111
169 203 4447
169 204 5266
169 212 4351
169 215 6330
169 217 981
169 221 494
169 231 1717
169 233 1675
170 176 9386
170 178 4178
170 179 2872
170 182 4898
170 187 310
170 195 3906
170 197 9440
170 199 1697
170 202 9619
170 207 6695
170 209 2918
170 222 192
171 173 6248
171 177 7567
171 178 6028
171 180 7781
171 181 2614
171 183 4122
171 185 3061
171 187 9406
171 188 3774
171 189 9724
171 192 8106
171 193 5284
171 197 2360
171 200 4361
171 201 7987
171 203 1883
171 207 2821
171 224 7610
171 227 121
171 230 8182
172 178 6242
172 179 9047
172 180 3489
172 181 9249
172 183 1639
172 184 2590
172 195 4068
172 197 4338
172 198 2034
172 205 8456
172 209 327
172 215 9125
172 216 10
172 221 2732
172 226 6605
172 227 6930
172 233 432
172 234 6931
173 176 4784
173 177 9575
173 178 4512
173 186 6578
173 196 2218
173 199 6182
173 200 7173
173 201 3547
173 202 3199
173 209 8382
173 217 1457
173 218 4973
173 226 5862
173 229 8506
173 230 4396
173 234 8606
174 175 2166
174 177 1976
174 179 7427
174 180 6557
174 182 9053
174 183 2527
174 186 7912
174 187 2679
174 192 5944
174 199 1148
174 201 6433
174 206 4830
174 211 7112
174 214 8614
174 218 2388
174 220 2215
174 224 5262
174 227 1864
174 229 8518
174 230 5361
174 231 1956
175 176 666
175 179 7690
175 180 6438
175 194 4544
175 204 5141
175 209 6342
175 211 3937
175 212 9957
175 214 7500
175 216 7261
175 219 9050
175 224 4105
175 225 8459
175 227 5607
175 230 3496
175 231 1481
176 183 5725
176 184 9909
176 185 4611
176 186 7006
176 187 3109
176 188 6987
176 191 6969
176 201 5596
176 202 2774
176 205 9759
176 208 6168
176 212 1489
176 217 1742
176 218 7196
176 219 3638
176 224 6737
176 229 6720
176 230 8277
176 231 728
176 232 3073
176 235 3688
177 179 5120
177 192 1953
177 208 7469
177 211 9932
177 212 3116
177 214 5106
177 221 9816
177 226 7296
177 229 8468
177 231 1153
178 181 7867
178 184 4757
178 192 3542
178 200 4648
178 205 3722
178 206 1455
178 210 3079
178 213 8281
178 215 845
178 218 6400
178 224 2420
178 225 4988
178 229 9383
178 233 2091
179 189 1056
179 191 844
179 193 7287
179 196 2977
179 201 1942
179 218 7668
179 220 3285
179 224 3093
179 228 7447
179 230 2747
179 233 6540
179 234 7021
179 236 2078
180 185 5955
180 186 8803
180 191 3642
180 193 1858
180 194 1418
180 197 954
180 201 3120
180 202 4713
180 208 9169
180 216 4000
180 217 8048
180 223 7796
180 224 5058
180 226 6840
180 231 4223
180 232 3821
181 183 6450
181 185 2055
181 186 592
181 189 1826
181 192 7441
181 193 8284
181 197 6342
181 198 6801
181 201 2816
181 202 6404
181 207 8013
181 221 2148
181 226 7972
181 231 1951
181 232 1446
181 234 3014
182 183 8455
182 185 5106
182 190 5443
182 192 2712
182 194 4680
182 201 3934
182 202 3547
182 203 6694
182 208 5859
182 210 7026
182 211 5912
182 213 200
182 215 367
182 217 8478
182 220 8037
182 223 3935
182 230 5395
182 231 8114
182 233 331
183 187 445
183 197 9486
183 199 4503
183 204 8881
183 206 8177
183 221 4285
183 223 8573
183 224 1229
183 231 1918
183 236 1240
184 194 2747
184 199 5282
184 200 3842
184 201 9434
184 205 8210
184 208 3310
184 211 6036
184 222 1937
184 225 6117
184 228 3589
184 229 3831
184 230 2449
184 232 7432
184 234 7018
184 235 8596
185 188 5986
185 203 7218
185 205 7950
185 207 4405
185 221 4463
185 227 3444
185 229 3168
185 230 5711
185 231 6420
185 232 1827
185 234 4783
186 192 8066
186 193 7175
186 194 8246
186 195 3506
186 204 6444
186 211 8691
186 217 1242
186 223 6974
186 227 3709
186 228 8240
186 232 6702
186 233 7982
186 236 3242
187 188 8233
187 191 5957
187 196 561
187 198 6304
187 200 1568
187 204 2706
187 205 4809
187 206 689
187 209 5517
187 212 285
187 214 1693
187 217 2555
187 219 3270
187 222 7399
187 226 3429
187 232 8201
188 193 2068
188 195 6289
188 197 74
188 198 4688
188 200 2974
188 214 9903
188 224 9583
188 225 6066
188 226 2020
188 231 2839
188 235 8861
189 194 7323
189 197 7651
189 198 3817
189 199 3299
189 200 3259
189 203 5893
189 211 9667
189 213 7992
189 214 5992
189 215 6471
189 216 5850
189 218 7846
189 221 5169
189 222 9038
189 232 9743
189 234 2528
190 191 1135
190 199 1326
190 206 3364
190 208 2158
190 212 861
190 215 5803
190 216 5020
190 219 3203
190 222 8149
190 225 27
190 229 3386
190 230 1418
190 231 7261
190 232 6083
190 233 4661
190 234 8252
191 192 7955
191 201 3117
191 202 2169
191 204 5502
191 221 218
191 224 8837
191 232 2250
191 236 4787
192 193 6341
192 202 2714
192 207 6455
192 218 4941
192 219 2018
192 220 7674
192 223 445
192 225 5580
192 228 5743
193 198 1521
193 200 9312
193 211 7683
193 214 5703
193 219 5834
193 221 457
193 224 2392
194 195 8210
194 198 9887
194 201 2736
194 205 7177
194 208 9230
194 213 4572
194 214 8099
194 216 2695
194 224 4809
194 232 3626
194 235 523
195 196 7269
195 198 7111
195 199 4149
195 200 5746
195 207 1674
195 208 6795
195 209 7318
195 214 6159
195 219 5482
195 231 5703
196 210 8597
196 224 566
196 234 9247
196 235 3125
196 236 2327
197 202 9824
197 204 9883
197 207 7827
197 211 5876
197 214 3194
197 220 6377
197 222 1568
197 225 2864
197 230 7769
197 231 6682
197 232 7789
197 233 6517
197 235 8213
198 206 2254
198 215 6408
198 218 593
198 223 4178
198 227 5403
198 232 7580
199 207 6414
199 208 9737
199 217 9521
199 219 9088
199 220 4734
199 222 3892
199 223 5838
199 225 5856
199 228 8038
199 234 4715
199 236 3459
200 207 4979
200 219 5288
200 222 2263
200 223 4722
200 233 7963
201 210 8156
201 212 9753
201 222 8233
201 224 5928
201 227 7236
202 213 2773
202 214 5042
202 217 5691
202 220 8667
202 232 7822
202 235 1276
203 205 6348
203 206 6804
203 209 2209
203 210 772
203 213 2780
203 221 4923
203 225 4997
203 231 2681
204 207 9939
204 215 7092
204 217 9866
204 225 9190
204 227 9523
204 232 1918
204 234 6854
205 208 5577
205 211 6474
205 212 2464
205 213 3076
205 214 9073
205 217 148
205 219 9429
205 221 5462
205 223 9853
205 225 1421
205 228 5929
205 232 1219
205 234 2410
205 235 2719
206 207 8361
206 209 540
206 211 8826
206 213 4404
206 215 7921
206 216 4596
206 226 7922
206 231 3732
206 233 4245
206 236 3416
207 208 9785
207 217 5259
207 220 9962
207 221 9762
207 227 9937
207 233 4990
208 214 6012
208 216 709
208 225 7576
208 228 8920
208 229 2896
208 236 6904
209 210 3594
209 211 6931
209 217 6609
209 225 9568
209 226 6425
209 227 2277
209 232 4994
210 214 7191
210 217 5005
210 220 1515
210 226 8421
210 228 3399
211 219 8106
211 220 2366
211 223 7446
211 224 1033
211 226 6696
211 228 3201
211 231 6925
211 232 1286
212 213 6406
212 215 9071
212 224 9156
212 226 346
212 233 1503
212 236 5266
213 214 39
213 215 6453
213 216 7914
213 218 5385
213 225 9008
213 227 1826
213 232 951
213 233 5261
213 236 7964
214 217 244
214 221 5747
214 222 2315
214 224 9493
214 230 3891
214 232 4012
215 217 425
215 220 7184
215 225 6360
215 229 137
215 234 2127
216 218 1482
216 220 5270
216 221 5328
216 224 5613
216 225 2867
216 228 4444
216 230 1276
216 234 6359
217 220 3153
217 222 6429
217 223 4923
217 225 5443
217 226 3542
217 231 5057
218 224 4406
218 228 1310
218 231 6269
218 232 107
218 234 9624
218 236 8055
219 221 4663
219 225 3314
220 221 391
220 226 9941
220 232 4391
220 235 9447
220 236 1152
221 226 9491
221 229 533
222 223 685
222 225 9494
222 229 807
222 233 2701
223 225 5770
223 227 4577
223 228 8759
223 230 7860
223 233 1464
224 230 7189
225 228 8970
225 233 4025
226 229 523
226 234 5539
227 234 9563
228 229 7082
228 230 282
228 231 5161
228 235 5124
229 230 6085
229 232 6522
229 235 1287
230 232 572
230 233 7581
231 232 3450
231 236 2655
232 235 2124
233 236 6253
