202 5201 3853 103
0 2 7262
0 4 6600
0 7 3723
0 8 576
0 12 5027
0 20 9635
0 23 2580
0 30 3615
0 31 8567
0 42 4403
0 43 3895
0 44 5813
0 47 5650
0 49 2844
0 52 9200
0 56 8903
0 60 4744
0 65 8577
0 69 9010
0 70 7977
0 72 6459
0 73 7971
0 82 2617
0 87 7069
0 89 7878
0 97 8628
0 99 7250
0 101 3431
0 105 7059
0 120 3696
0 121 8549
0 130 7468
0 133 9400
0 137 817
0 144 3026
0 153 3605
0 157 5955
0 158 5957
0 162 9832
0 163 8323
0 173 575
0 175 8990
0 182 807
0 187 6006
0 192 1885
0 194 3906
0 196 6706
0 198 4494
0 201 8135
1 8 641
1 9 7257
1 10 8987
1 12 7302
1 14 6653
1 27 7157
1 31 5918
1 37 6639
1 42 2085
1 55 7143
1 56 7945
1 58 2618
1 63 117
1 70 7085
1 72 2446
1 73 941
1 74 4453
1 79 6979
1 81 9540
1 84 6370
1 85 2219
1 96 8699
1 102 9969
1 105 8905
1 112 3526
1 114 6296
1 116 7591
1 119 248
1 123 7230
1 129 8310
1 130 7120
1 134 7428
1 136 6086
1 137 7553
1 142 9195
1 144 2384
1 159 1346
1 163 6826
1 165 8897
1 166 1653
1 168 9497
1 171 5056
1 173 5701
1 175 8131
1 180 1480
1 185 2037
1 188 562
1 189 8022
1 199 2701
2 4 5906
2 15 8082
2 16 2834
2 19 508
2 25 9211
2 30 880
2 38 8550
2 46 5839
2 51 880
2 52 6917
2 58 4184
2 61 8014
2 64 9896
2 65 3889
2 67 7818
2 68 7892
2 73 4149
2 74 6300
2 76 4268
2 79 2294
2 83 3436
2 84 8442
2 90 586
2 96 1507
2 108 7635
2 110 4295
2 114 6050
2 119 4641
2 124 6653
2 138 1453
2 139 7310
2 144 3742
2 149 593
2 150 541
2 154 3949
2 155 8836
2 160 8981
2 169 9825
2 174 936
2 181 6150
2 186 377
2 192 9939
2 194 4666
2 196 5650
3 9 7852
3 16 3109
3 19 2972
3 23 6815
3 26 691
3 27 1765
3 32 5337
3 33 1337
3 35 5216
3 36 7117
3 37 7070
3 40 1482
3 41 6442
3 42 8575
3 43 3287
3 51 7342
3 53 4409
3 59 8398
3 62 7211
3 63 1322
3 70 9662
3 79 6374
3 87 7914
3 90 8457
3 91 5657
3 92 6673
3 93 2956
3 94 4259
3 96 9615
3 98 1355
3 99 9646
3 100 694
3 108 4917
3 109 5288
3 111 3817
3 121 7581
3 122 9367
3 127 633
3 128 8651
3 134 3470
3 138 3742
3 139 9962
3 156 8972
3 157 7476
3 158 3687
3 159 5217
3 172 7070
3 174 6518
3 176 22
3 181 2678
3 182 9761
3 195 5991
3 197 6550
3 201 2061
4 5 5453
4 13 1337
4 14 8945
4 20 762
4 22 811
4 23 6733
4 31 6311
4 33 6329
4 35 5019
4 47 4146
4 49 5029
4 50 9312
4 51 5782
4 52 9961
4 55 658
4 56 6174
4 64 1683
4 66 665
4 68 916
4 72 2021
4 76 5126
4 78 3959
4 80 8413
4 81 6151
4 84 9733
4 86 2540
4 93 3828
4 97 8147
4 99 1716
4 101 7575
4 108 1121
4 109 5771
4 110 9746
4 111 9295
4 114 1198
4 115 5136
4 122 5210
4 123 1731
4 133 2429
4 134 6891
4 137 264
4 140 6834
4 144 2139
4 152 7098
4 155 3641
4 157 9051
4 160 5027
4 171 3211
4 175 8834
4 176 3598
4 179 4151
4 180 5389
4 184 949
4 188 5735
4 193 8264
4 195 9887
4 199 7759
5 8 4189
5 9 2459
5 23 9512
5 26 5146
5 27 6936
5 28 2893
5 35 2303
5 39 6982
5 42 7149
5 46 8275
5 50 671
5 56 6365
5 62 5472
5 65 2587
5 68 932
5 69 8756
5 73 9500
5 74 223
5 76 324
5 82 3770
5 85 8459
5 88 371
5 91 6788
5 97 9
5 103 9542
5 108 2400
5 111 97
5 113 665
5 114 2844
5 129 9440
5 136 9021
5 137 7727
5 140 7764
5 141 9568
5 142 6970
5 143 728
5 160 1322
5 164 4975
5 165 554
5 168 7768
5 170 386
5 171 7267
5 174 9157
5 176 4877
5 179 2333
5 185 8393
5 188 4260
5 189 112
5 198 24
5 199 9871
6 7 3127
6 12 7219
6 16 3186
6 18 827
6 26 9300
6 27 5314
6 31 1052
6 36 3283
6 38 8546
6 44 7050
6 46 4062
6 49 6117
6 50 2216
6 56 3658
6 60 3577
6 61 274
6 64 4208
6 66 1756
6 70 213
6 74 3752
6 76 579
6 77 5050
6 91 9801
6 93 9779
6 100 4996
6 107 4340
6 114 1950
6 115 8348
6 117 2440
6 120 9345
6 123 9110
6 129 5304
6 131 8128
6 134 1736
6 137 252
6 139 563
6 143 5083
6 149 6352
6 150 787
6 157 3287
6 158 8510
6 160 4463
6 166 7531
6 167 9238
6 168 1903
6 176 6480
6 180 2940
6 183 2411
6 184 4915
6 186 2187
6 188 1231
6 191 5423
6 197 363
6 200 4115
7 10 5840
7 23 1607
7 25 9584
7 30 3415
7 32 9482
7 40 9025
7 42 3523
7 48 8226
7 52 9278
7 53 1974
7 56 2546
7 58 7527
7 60 8472
7 66 9227
7 67 4189
7 70 1820
7 71 5719
7 78 2956
7 82 659
7 92 6956
7 96 5270
7 98 5573
7 102 707
7 107 561
7 114 6251
7 119 1352
7 121 6653
7 127 3415
7 132 6464
7 134 4152
7 137 9776
7 141 9837
7 142 6602
7 143 812
7 153 7166
7 154 9711
7 161 5433
7 165 906
7 167 6792
7 171 3653
7 178 7261
7 179 6207
7 188 4735
7 191 8226
7 194 6897
8 11 8135
8 13 5103
8 18 6055
8 29 6081
8 32 6589
8 33 7324
8 34 5775
8 38 4222
8 44 43
8 45 709
8 46 1290
8 47 6065
8 51 6093
8 59 2044
8 60 1228
8 68 4231
8 69 5832
8 82 9119
8 84 7223
8 85 3697
8 88 5251
8 91 5440
8 99 4055
8 105 2313
8 109 6753
8 115 2306
8 118 9390
8 119 4660
8 124 6433
8 127 2446
8 132 9807
8 141 7866
8 150 1606
8 152 7608
8 154 1837
8 156 3460
8 162 8454
8 163 4393
8 167 9532
8 169 8964
8 176 7496
8 177 3194
8 184 1191
8 185 5696
8 194 8512
9 11 6220
9 13 347
9 14 4430
9 23 2501
9 25 2880
9 26 8409
9 28 618
9 32 6240
9 36 8610
9 44 4910
9 48 6628
9 57 6545
9 61 2663
9 64 947
9 69 8352
9 70 5814
9 76 9079
9 78 8700
9 82 5195
9 86 6146
9 92 7629
9 95 1256
9 97 702
9 101 705
9 103 2386
9 111 2927
9 118 9022
9 119 4362
9 120 8333
9 122 4811
9 124 1820
9 131 7192
9 133 8969
9 136 2210
9 140 5616
9 141 4417
9 145 9403
9 149 4342
9 151 775
9 157 725
9 160 3319
9 164 6187
9 165 2967
9 166 2624
9 182 7278
9 184 723
9 188 6826
9 197 7522
9 200 6426
10 16 1232
10 20 2738
10 23 7919
10 26 3572
10 30 4095
10 38 8480
10 42 651
10 44 7367
10 52 4902
10 56 5281
10 58 2225
10 59 9009
10 66 6812
10 75 5345
10 83 6107
10 86 9320
10 92 8652
10 100 6386
10 101 2192
10 103 1728
10 114 1424
10 115 236
10 117 1358
10 119 8392
10 120 8636
10 122 6961
10 123 50
10 128 3984
10 131 7330
10 133 6681
10 134 5022
10 144 9369
10 146 934
10 149 9780
10 160 3114
10 172 7568
10 173 8381
10 174 4431
10 177 4301
10 180 9335
10 184 5622
10 185 7974
10 187 8303
10 188 8351
10 189 6298
10 194 2873
10 195 9435
11 14 4166
11 17 7218
11 20 2924
11 25 669
11 30 5726
11 33 5922
11 40 3170
11 43 6723
11 48 2535
11 50 563
11 51 4091
11 55 5955
11 58 821
11 61 2233
11 63 9205
11 64 283
11 65 1978
11 68 6063
11 72 2141
11 74 2259
11 80 6731
11 81 6741
11 85 9087
11 96 752
11 99 2868
11 101 8734
11 107 3223
11 117 3024
11 118 460
11 129 7030
11 130 2497
11 134 1952
11 135 8208
11 145 755
11 146 5485
11 148 58
11 155 3289
11 165 6338
11 166 1402
11 168 8160
11 169 4157
11 173 4795
11 175 2363
11 177 6239
11 182 9087
11 185 3434
11 188 2101
11 193 1888
11 197 6709
11 201 1075
12 14 702
12 33 2977
12 46 6395
12 53 8323
12 62 2275
12 66 8590
12 67 6168
12 71 5911
12 75 695
12 87 2109
12 89 7398
12 92 2378
12 93 1180
12 96 1329
12 98 5504
12 104 2917
12 107 4906
12 109 3512
12 110 3413
12 115 9542
12 117 789
12 126 6695
12 129 206
12 134 7144
12 135 9931
12 139 9447
12 142 8051
12 144 9594
12 148 7813
12 151 6838
12 153 1076
12 154 1850
12 162 4734
12 164 4380
12 166 4011
12 167 1936
12 169 3821
12 170 2818
12 174 5418
12 176 9332
12 181 5828
12 185 6935
12 186 2426
12 190 8044
12 196 9944
12 198 4540
12 200 4291
13 14 8407
13 18 7460
13 19 305
13 20 2924
13 22 3427
13 26 2989
13 31 5702
13 32 9217
13 33 9148
13 36 7669
13 39 7528
13 44 4950
13 45 862
13 46 6506
13 50 4947
13 51 1537
13 56 5540
13 58 5249
13 63 5681
13 64 131
13 67 1735
13 75 5058
13 83 6064
13 101 6196
13 107 9380
13 109 7964
13 110 2495
13 115 9241
13 119 8896
13 122 4438
13 125 2615
13 132 2905
13 138 7646
13 144 8400
13 146 5061
13 150 9375
13 157 7627
13 161 1610
13 162 125
13 163 1403
13 167 8521
13 168 1158
13 174 8244
13 176 3557
13 183 8739
13 185 1180
13 191 9571
13 193 9689
13 195 7695
14 16 4675
14 18 2059
14 19 8939
14 20 9825
14 25 7595
14 33 1267
14 42 8037
14 52 7991
14 54 662
14 57 9338
14 58 5549
14 66 8850
14 71 7152
14 73 5571
14 83 5789
14 90 8791
14 91 557
14 97 5212
14 105 5163
14 111 9655
14 116 4179
14 117 5188
14 128 1232
14 132 8994
14 133 3103
14 136 6201
14 141 8116
14 142 4709
14 145 3011
14 157 6056
14 160 2758
14 164 900
14 167 3785
14 177 5845
14 183 6179
14 186 5579
14 189 8703
14 190 5333
14 191 1776
14 195 6032
15 16 8665
15 17 7998
15 19 650
15 21 768
15 25 2201
15 26 6819
15 30 4603
15 32 3353
15 35 6419
15 36 7125
15 38 508
15 42 1267
15 44 8520
15 46 7062
15 54 4175
15 56 9993
15 61 6210
15 64 2768
15 65 8908
15 70 5484
15 75 9895
15 78 8918
15 80 8924
15 89 6058
15 90 2927
15 91 69
15 93 1681
15 99 5915
15 107 5466
15 108 29
15 114 3151
15 115 1120
15 116 500
15 124 6406
15 128 5544
15 139 6430
15 142 8696
15 143 7505
15 146 6292
15 150 2891
15 151 7198
15 154 422
15 156 4717
15 158 3590
15 159 69
15 162 8148
15 164 6145
15 165 137
15 166 6335
15 169 3633
15 172 9273
15 187 2866
15 191 726
15 192 7432
15 193 4171
15 195 2317
15 200 528
16 17 6045
16 22 7195
16 24 3641
16 26 1143
16 31 8762
16 35 1204
16 36 2699
16 40 27
16 42 159
16 44 2176
16 55 4325
16 56 6699
16 58 2220
16 59 2937
16 61 8499
16 63 4186
16 65 3291
16 70 8479
16 72 5562
16 75 5662
16 85 7111
16 87 222
16 97 5618
16 100 3994
16 107 3070
16 109 7265
16 110 2283
16 117 4417
16 122 836
16 123 5800
16 127 2210
16 129 629
16 151 217
16 154 746
16 159 934
16 161 3401
16 163 5047
16 171 4492
16 176 3
16 177 621
16 183 4882
16 184 4103
16 185 4628
16 197 3572
16 199 9757
17 25 9318
17 36 3955
17 39 6480
17 42 6150
17 49 9181
17 54 6809
17 56 4986
17 57 3326
17 58 681
17 64 5025
17 81 9337
17 82 3720
17 89 2095
17 91 8241
17 98 536
17 99 8835
17 100 7812
17 101 3525
17 107 679
17 111 9993
17 113 571
17 114 6520
17 115 2956
17 116 9008
17 118 7369
17 119 8211
17 124 7237
17 137 9092
17 145 6630
17 148 2257
17 163 1676
17 167 8144
17 168 3059
17 169 2228
17 170 5626
17 171 4551
17 175 3898
17 178 4496
17 186 9962
17 188 3800
17 195 4135
17 197 4114
17 200 1181
17 201 2657
18 19 9231
18 26 9366
18 30 6189
18 31 8727
18 41 6779
18 45 9076
18 48 8832
18 53 5177
18 56 2537
18 60 5652
18 62 4205
18 68 38
18 73 3853
18 75 4340
18 83 5388
18 85 1521
18 99 1066
18 100 3867
18 101 5218
18 106 4512
18 111 1073
18 123 5153
18 132 2945
18 135 2206
18 141 8024
18 145 8892
18 146 6359
18 159 1471
18 163 1821
18 164 6764
18 168 5385
18 175 803
18 179 9812
18 185 743
18 186 6205
18 189 6381
18 196 8605
18 197 9676
18 198 6417
18 199 16
19 29 1720
19 30 8475
19 31 7212
19 32 8865
19 45 4268
19 54 4973
19 55 8058
19 58 5797
19 59 4046
19 61 7221
19 67 7343
19 72 2578
19 78 6909
19 79 9766
19 86 7870
19 103 8350
19 104 2955
19 105 7234
19 107 5583
19 115 3188
19 117 7293
19 118 3192
19 123 8716
19 128 7800
19 132 3472
19 139 569
19 141 4400
19 143 3985
19 144 6482
19 149 8445
19 150 8781
19 155 743
19 159 5850
19 160 2885
19 161 3446
19 162 2637
19 172 8857
19 173 7078
19 176 645
19 180 7543
19 191 1067
19 201 4532
20 25 5748
20 32 363
20 33 7021
20 36 4847
20 41 8837
20 52 7815
20 53 3642
20 61 9711
20 63 6420
20 67 263
20 78 4253
20 81 3819
20 85 7770
20 86 5027
20 97 1617
20 100 1354
20 101 5329
20 102 2437
20 107 8642
20 109 2046
20 111 8637
20 112 3583
20 119 3654
20 121 7159
20 122 3231
20 124 7596
20 130 377
20 131 5862
20 132 4786
20 133 4128
20 134 9188
20 136 3531
20 146 5711
20 151 2430
20 152 1505
20 155 1153
20 164 5624
20 166 5501
20 168 1374
20 170 7177
20 173 5793
20 176 8986
20 179 9623
20 181 3307
20 184 9137
20 191 3982
20 192 3286
20 197 595
20 200 8896
21 28 7223
21 30 240
21 32 5476
21 38 5260
21 39 9760
21 46 1357
21 52 4308
21 54 6991
21 60 665
21 65 3109
21 68 4631
21 69 4946
21 77 1080
21 85 9505
21 91 3227
21 93 2256
21 95 9834
21 96 3199
21 97 2510
21 102 9774
21 104 4681
21 109 4415
21 110 7907
21 111 7461
21 114 9526
21 115 6026
21 118 8565
21 119 3180
21 120 7772
21 128 412
21 130 7609
21 133 5601
21 136 2888
21 137 5410
21 138 4395
21 149 644
21 150 7241
21 160 6064
21 164 4225
21 167 7881
21 187 1039
21 192 4551
21 193 752
22 23 668
22 25 7750
22 27 2167
22 31 7747
22 34 9463
22 35 5655
22 39 3082
22 40 2302
22 48 5349
22 51 7576
22 54 8544
22 57 5563
22 61 111
22 71 7566
22 80 1363
22 84 7224
22 87 2002
22 90 4806
22 97 1277
22 98 9709
22 111 9592
22 115 6876
22 116 3498
22 120 7814
22 122 7142
22 124 1251
22 127 8310
22 131 3318
22 132 9481
22 134 1639
22 136 7748
22 145 8972
22 146 9699
22 151 1830
22 154 5545
22 161 245
22 164 7217
22 170 5693
22 175 5599
22 176 83
22 180 8896
22 182 315
22 183 3952
22 189 7000
22 194 709
22 198 7600
23 24 9060
23 26 3820
23 31 3943
23 37 9517
23 47 9854
23 49 5227
23 62 9830
23 65 5471
23 66 8827
23 72 1827
23 75 2997
23 76 1510
23 83 4216
23 94 466
23 101 1970
23 106 948
23 109 2138
23 110 1232
23 111 5678
23 115 85
23 117 4319
23 121 1309
23 127 5753
23 132 6123
23 140 2727
23 143 6813
23 145 8924
23 147 8702
23 148 5545
23 161 2264
23 166 4709
23 170 5986
23 176 5443
23 177 3560
23 181 4345
23 185 5331
23 189 8639
23 193 585
23 197 319
23 198 4500
23 201 4912
24 26 2606
24 33 6426
24 34 9641
24 41 5707
24 42 2368
24 58 132
24 67 950
24 70 1819
24 73 3951
24 76 7043
24 79 4046
24 80 1414
24 83 1371
24 92 6207
24 98 1201
24 102 5514
24 108 9183
24 112 3665
24 114 2807
24 115 6585
24 118 3696
24 120 3392
24 122 2879
24 123 4666
24 124 9730
24 125 7212
24 126 4849
24 127 798
24 131 7196
24 134 2721
24 139 2076
24 142 7584
24 144 3603
24 147 8934
24 150 9689
24 152 4816
24 158 334
24 159 3460
24 167 9557
24 172 7967
24 177 206
24 180 8185
24 181 313
24 185 5570
24 186 6526
24 188 9857
24 192 2585
24 193 3284
24 194 1041
24 200 4535
25 28 1495
25 41 7498
25 45 2341
25 47 1073
25 49 957
25 50 2153
25 51 6550
25 52 635
25 55 368
25 58 7451
25 64 6518
25 70 9307
25 76 2009
25 77 2119
25 80 4127
25 82 121
25 89 9753
25 98 6195
25 99 2423
25 100 5459
25 111 306
25 112 8555
25 117 3569
25 122 8507
25 124 8190
25 126 214
25 128 1261
25 129 3805
25 132 845
25 137 8031
25 145 8561
25 155 1772
25 156 8768
25 162 7572
25 169 1365
25 170 9467
25 172 6288
25 173 7810
25 174 6591
25 178 4220
25 180 1258
25 187 9599
26 34 40
26 36 2084
26 38 5833
26 40 8398
26 41 3185
26 44 422
26 46 3430
26 49 3934
26 52 3544
26 53 8523
26 56 5460
26 58 3542
26 64 4537
26 65 4873
26 66 4894
26 68 9358
26 71 3495
26 72 5325
26 83 8347
26 85 3074
26 86 3832
26 96 6471
26 100 7742
26 108 6494
26 110 4386
26 116 6022
26 119 2095
26 124 9266
26 128 9766
26 129 9498
26 131 5487
26 138 3327
26 140 5325
26 145 7685
26 147 8670
26 149 3288
26 155 7544
26 157 9610
26 164 6914
26 170 6205
26 174 4056
26 176 2405
26 180 5084
26 181 2818
26 184 2355
26 187 5448
26 188 8839
26 194 7057
26 195 7134
26 196 8967
26 198 3311
27 29 661
27 40 4423
27 53 6109
27 58 6449
27 60 1240
27 61 1650
27 63 5874
27 66 7733
27 68 5390
27 71 119
27 75 6750
27 77 2610
27 81 5430
27 100 952
27 102 8503
27 104 5397
27 106 1121
27 107 5800
27 112 1543
27 117 3475
27 118 7661
27 121 5231
27 123 2564
27 124 5253
27 127 2756
27 132 7758
27 136 6169
27 137 2895
27 140 7928
27 142 1581
27 154 6103
27 157 3658
27 158 4678
27 159 6351
27 161 5693
27 162 7551
27 167 7517
27 182 7873
27 184 6559
27 190 5257
27 191 543
27 195 6313
27 198 1774
27 199 7364
27 200 221
28 33 6639
28 43 1335
28 45 8337
28 48 1425
28 53 2199
28 55 2102
28 65 8843
28 75 7204
28 77 2950
28 83 6215
28 85 1834
28 86 506
28 89 892
28 97 3489
28 99 9619
28 101 2804
28 108 1917
28 109 4041
28 117 2743
28 123 6407
28 125 2689
28 133 8872
28 139 644
28 143 5698
28 145 9486
28 149 8135
28 150 6937
28 154 243
28 156 7345
28 162 8955
28 164 4597
28 172 6047
28 173 6496
28 176 2896
28 182 8794
28 184 8434
28 185 4461
28 190 4962
28 194 3871
28 200 4650
29 30 2294
29 33 5109
29 48 1927
29 49 2758
29 55 4688
29 61 7814
29 67 7134
29 71 5806
29 73 8473
29 74 4928
29 76 8694
29 89 4276
29 96 9408
29 97 8067
29 100 6308
29 104 9744
29 119 8143
29 123 6748
29 124 349
29 126 1226
29 145 8592
29 147 6964
29 158 5723
29 161 3822
29 165 6633
29 168 7962
29 171 3571
29 180 3421
29 190 9644
29 194 2425
30 31 9108
30 32 4964
30 34 9998
30 49 1022
30 52 6429
30 53 2815
30 54 8608
30 59 7187
30 66 2642
30 68 5207
30 69 1915
30 82 5430
30 84 5293
30 97 8558
30 101 2334
30 103 6336
30 106 5173
30 109 9382
30 111 5400
30 112 8838
30 114 197
30 116 302
30 119 5123
30 122 9235
30 130 650
30 133 2985
30 134 8323
30 136 9093
30 139 7385
30 143 8912
30 145 6535
30 148 5597
30 153 3780
30 155 6777
30 156 8113
30 157 470
30 163 8041
30 165 5526
30 166 629
30 170 7679
30 172 6521
30 174 9757
30 176 6368
30 177 3872
30 183 9381
30 190 8044
30 191 4772
30 195 5591
30 200 73
31 35 324
31 36 6090
31 39 5516
31 43 7208
31 49 2795
31 56 8468
31 59 3047
31 64 3795
31 67 9904
31 81 5214
31 90 7396
31 95 5571
31 112 7902
31 115 4826
31 116 3012
31 120 456
31 121 47
31 129 7534
31 137 3426
31 142 1635
31 146 7177
31 159 301
31 160 1336
31 161 1320
31 163 6785
31 170 3045
31 171 47
31 181 325
31 198 8384
32 34 5321
32 38 4908
32 40 5240
32 41 6604
32 42 4718
32 50 1883
32 66 828
32 73 7170
32 74 7613
32 75 5882
32 80 8178
32 81 5293
32 83 8887
32 84 2503
32 87 1676
32 91 571
32 93 8794
32 94 2096
32 98 2129
32 101 5846
32 102 5510
32 104 6336
32 107 6629
32 110 7533
32 112 4043
32 119 3166
32 121 2501
32 124 7733
32 126 2883
32 127 9199
32 128 9497
32 135 773
32 145 1505
32 147 106
32 157 1092
32 158 6504
32 160 948
32 167 2623
32 169 5213
32 177 9468
32 180 5920
32 186 442
32 191 8894
32 194 9623
32 200 7320
33 39 4703
33 42 7681
33 43 847
33 54 1226
33 62 6569
33 69 1329
33 72 841
33 73 4472
33 79 6098
33 80 7758
33 84 4504
33 94 7729
33 98 992
33 99 4682
33 102 8584
33 104 3094
33 110 376
33 113 2926
33 116 4036
33 119 5860
33 121 9271
33 122 8446
33 125 7533
33 126 5089
33 128 9837
33 131 8371
33 133 2980
33 139 6876
33 150 9181
33 152 476
33 156 9048
33 157 8173
33 162 8570
33 167 8124
33 172 8263
33 178 4011
33 187 5720
33 188 9825
33 191 7659
33 194 3944
33 199 9376
33 201 5598
34 41 964
34 42 4569
34 43 6778
34 46 8419
34 47 1354
34 48 5453
34 52 165
34 56 6514
34 69 9262
34 74 1098
34 75 9955
34 86 9860
34 87 8368
34 89 9838
34 99 6130
34 100 3851
34 101 6553
34 103 1790
34 104 9157
34 105 4839
34 108 3171
34 111 4140
34 116 1299
34 120 832
34 122 5767
34 125 6929
34 126 1932
34 127 9122
34 130 3939
34 133 4176
34 134 5959
34 135 4782
34 142 8084
34 143 91
34 144 8400
34 151 7273
34 154 5698
34 158 5197
34 161 6025
34 162 4674
34 163 9272
34 166 1121
34 172 1694
34 174 2949
34 175 5284
34 198 2266
34 199 3598
35 48 5919
35 54 1714
35 57 2681
35 59 6588
35 68 23
35 72 1022
35 74 3718
35 77 7291
35 79 9893
35 80 2232
35 88 1024
35 90 896
35 99 7524
35 101 3534
35 118 8986
35 121 2713
35 127 9963
35 128 638
35 130 2624
35 131 3976
35 132 4431
35 136 9506
35 137 7095
35 139 3860
35 140 8345
35 141 5699
35 145 3667
35 151 5139
35 153 5407
35 156 6241
35 157 4749
35 160 4884
35 166 5147
35 167 6382
35 169 7577
35 170 3299
35 174 6280
35 175 5438
35 178 4556
35 180 6714
35 192 8832
35 194 3692
35 196 7979
35 197 1205
35 198 2931
35 200 6539
36 41 1479
36 43 1693
36 44 5804
36 46 4788
36 49 7256
36 56 213
36 63 6738
36 65 2959
36 70 2995
36 77 4467
36 78 6880
36 80 8977
36 84 8639
36 85 631
36 87 3595
36 88 1776
36 90 6374
36 92 9367
36 99 6767
36 100 1243
36 104 913
36 112 3874
36 115 2629
36 121 59
36 122 197
36 124 2943
36 127 9210
36 131 3041
36 138 1619
36 146 7670
36 147 6289
36 148 1740
36 153 8462
36 154 6618
36 165 383
36 166 3547
36 167 421
36 173 2413
36 186 1917
36 195 660
37 39 3412
37 41 6586
37 44 7433
37 45 9919
37 49 7347
37 52 4814
37 54 9883
37 56 824
37 59 9375
37 61 9621
37 62 7269
37 67 7362
37 68 8396
37 70 7518
37 72 4412
37 74 1078
37 81 9843
37 86 3691
37 87 4775
37 89 6910
37 90 2440
37 91 7578
37 96 4481
37 102 6233
37 106 4085
37 107 4857
37 108 2652
37 118 6737
37 120 9486
37 128 3816
37 130 3654
37 133 5017
37 144 8174
37 145 3607
37 148 6639
37 154 432
37 160 9525
37 166 5146
37 170 6099
37 174 5470
37 188 6576
37 189 4721
37 190 9124
37 191 9614
37 192 523
37 195 8072
37 199 5584
37 200 1613
38 40 2601
38 44 34
38 46 6915
38 47 2390
38 48 3845
38 55 9267
38 61 1612
38 68 2386
38 74 2597
38 76 4265
38 80 9778
38 84 5073
38 86 4718
38 88 1605
38 90 2979
38 91 250
38 93 3085
38 94 6205
38 97 2624
38 100 5743
38 102 403
38 106 7742
38 111 1532
38 119 4525
38 120 653
38 121 5458
38 125 8895
38 129 4719
38 141 5810
38 148 5404
38 150 6117
38 151 6560
38 152 7406
38 158 7608
38 159 1623
38 169 9901
38 172 7883
38 179 7991
38 182 9787
38 183 3402
38 188 9678
38 190 9916
38 191 8154
38 194 4232
38 200 5159
39 44 2745
39 47 4385
39 49 2269
39 53 9602
39 57 2499
39 58 1749
39 61 2120
39 62 6367
39 68 759
39 72 5447
39 78 1018
39 79 2745
39 94 7655
39 101 1496
39 109 2064
39 113 8777
39 121 1798
39 122 9818
39 123 62
39 126 8492
39 140 2742
39 145 59
39 146 907
39 151 8340
39 152 9151
39 153 4458
39 156 1111
39 157 3144
39 158 1914
39 161 7860
39 165 2243
39 170 8506
39 171 5535
39 175 8114
39 185 1686
39 186 4098
39 199 6864
40 43 5549
40 45 7865
40 47 843
40 50 7780
40 52 8238
40 53 8796
40 58 9397
40 60 4377
40 74 9370
40 76 7742
40 81 7407
40 84 544
40 86 6875
40 92 8560
40 93 1233
40 100 1462
40 109 300
40 111 6480
40 116 6692
40 119 4520
40 121 95
40 124 8817
40 126 1243
40 127 6170
40 131 4325
40 136 8027
40 139 5901
40 143 2891
40 149 1525
40 170 704
40 172 999
40 174 9432
40 177 9377
40 178 6700
40 179 3697
40 184 4503
40 186 5032
40 187 8939
40 189 224
40 190 1880
40 194 2020
40 195 4076
40 197 2474
40 198 8973
40 200 1254
41 45 4860
41 46 3266
41 47 4517
41 50 6460
41 56 3514
41 60 7574
41 61 6645
41 62 3281
41 68 4520
41 70 9948
41 73 996
41 74 1089
41 75 8088
41 76 4203
41 77 9247
41 82 5423
41 83 2351
41 84 4930
41 85 9732
41 86 6381
41 89 9801
41 94 7772
41 95 4603
41 96 7216
41 111 8266
41 115 6729
41 117 7683
41 122 5599
41 128 3951
41 129 4197
41 131 3476
41 133 613
41 134 7501
41 136 9941
41 143 13
41 144 7899
41 149 3638
41 159 1904
41 161 6419
41 163 6704
41 165 7767
41 170 4428
41 173 6905
41 180 3931
41 181 9627
41 185 3744
41 191 6674
41 196 4883
41 199 1921
41 201 8114
42 48 2745
42 52 4669
42 54 1287
42 75 3330
42 79 8778
42 83 9894
42 86 9315
42 90 7479
42 93 9511
42 101 2120
42 109 9262
42 110 92
42 113 1712
42 114 7874
42 118 8740
42 119 8351
42 121 6655
42 123 4732
42 124 5518
42 128 4429
42 131 4019
42 132 8146
42 137 4692
42 140 969
42 145 4094
42 147 1087
42 150 4732
42 152 3725
42 155 4394
42 166 3774
42 167 1136
42 170 2390
42 171 2278
42 172 49
42 174 8400
42 176 5592
42 178 7506
42 187 6719
42 188 2900
42 200 682
43 44 7215
43 54 2326
43 56 4155
43 57 5044
43 58 9995
43 62 6536
43 67 7967
43 70 3196
43 71 1545
43 75 1041
43 77 8511
43 80 8082
43 82 6346
43 83 8104
43 85 6616
43 89 60
43 98 9909
43 109 5436
43 110 6710
43 116 496
43 119 3449
43 120 6514
43 121 7367
43 127 8714
43 140 6200
43 141 4451
43 143 8886
43 151 6445
43 152 5207
43 155 2918
43 156 7496
43 162 2898
43 164 5576
43 165 9479
43 170 9444
43 174 8427
43 182 7858
43 183 9675
43 184 2848
43 186 7787
43 187 6051
43 191 4061
43 193 5787
43 195 9177
43 196 6829
43 197 3349
43 198 7912
44 47 2495
44 52 9979
44 53 3311
44 60 982
44 62 6986
44 67 9310
44 69 7543
44 73 3544
44 76 6362
44 79 147
44 85 7084
44 90 7748
44 93 7200
44 101 6204
44 103 1553
44 105 7758
44 106 6605
44 111 595
44 113 5214
44 114 6767
44 116 7048
44 118 4583
44 123 3177
44 124 3333
44 127 919
44 128 6187
44 130 3080
44 133 552
44 134 5319
44 135 4620
44 136 8212
44 137 9690
44 139 1561
44 153 866
44 154 2211
44 170 5897
44 171 8405
44 172 6024
44 182 6811
44 189 2955
44 190 2296
44 195 3833
44 198 6610
44 199 5641
44 201 7845
45 47 2908
45 49 7297
45 56 7796
45 65 7630
45 66 8566
45 67 4751
45 70 4511
45 73 2968
45 76 6337
45 83 6859
45 84 2499
45 89 8622
45 90 8145
45 94 8408
45 102 6503
45 105 3197
45 109 432
45 110 652
45 119 7781
45 122 6138
45 123 3924
45 125 7601
45 130 3663
45 133 3066
45 142 6905
45 144 3127
45 146 8262
45 149 2990
45 157 8280
45 160 1028
45 168 2079
45 173 4568
45 174 3816
45 178 5181
45 180 3535
45 181 9875
45 184 4918
45 187 1132
45 190 8203
45 191 1191
45 192 8747
45 193 3090
45 200 1146
46 47 8786
46 57 9697
46 58 7001
46 61 2254
46 62 4153
46 63 3632
46 65 1288
46 67 7116
46 69 6608
46 79 3841
46 83 6945
46 87 2675
46 88 4051
46 94 3547
46 99 7386
46 106 7182
46 107 7833
46 108 3160
46 111 435
46 119 7622
46 125 4914
46 130 1473
46 131 4757
46 136 7859
46 139 8168
46 140 5896
46 141 2101
46 148 8335
46 154 169
46 160 6412
46 162 7983
46 163 508
46 165 2552
46 171 8789
46 185 8298
46 189 165
46 190 5766
46 192 9113
46 200 4599
47 54 4950
47 56 3856
47 60 3775
47 62 1683
47 63 1610
47 68 4367
47 70 5851
47 84 450
47 88 6965
47 91 2698
47 97 3318
47 98 4357
47 103 1947
47 105 4831
47 106 2202
47 110 5570
47 112 1199
47 113 8526
47 114 1729
47 118 4047
47 119 8710
47 120 2854
47 121 3081
47 129 4392
47 137 8427
47 138 7821
47 139 1997
47 144 2823
47 145 5328
47 149 7904
47 152 6755
47 156 9710
47 160 5985
47 167 4517
47 169 9848
47 170 8634
47 173 321
47 179 8761
47 182 1077
47 186 6578
47 189 540
47 193 5456
47 194 3843
47 199 7235
48 49 5669
48 50 2423
48 53 6023
48 54 7305
48 56 5760
48 57 5085
48 66 6452
48 74 8826
48 82 6813
48 85 2546
48 95 6515
48 97 1567
48 102 8354
48 113 4763
48 116 4053
48 122 9177
48 128 2771
48 129 276
48 130 4389
48 146 2359
48 148 7063
48 152 4286
48 153 5752
48 154 3925
48 157 3258
48 159 6461
48 160 3986
48 162 9887
48 165 7778
48 167 2005
48 169 8635
48 170 3409
48 172 9155
48 175 9686
48 177 2984
48 186 7042
48 187 5212
48 188 179
48 189 275
48 192 1425
48 195 1037
48 200 9159
48 201 7600
49 51 46
49 57 1359
49 64 105
49 65 7924
49 70 8476
49 72 1477
49 77 2139
49 79 9926
49 85 9762
49 86 3581
49 93 9184
49 95 6536
49 102 1057
49 106 7151
49 111 3551
49 113 1321
49 121 9942
49 128 1396
49 132 6856
49 135 7401
49 143 5934
49 145 8308
49 146 2077
49 154 921
49 160 1015
49 161 42
49 166 4719
49 173 37
49 181 357
49 182 5450
49 183 2126
49 188 5518
49 192 8485
49 195 9616
49 201 5056
50 57 4667
50 59 4853
50 65 9599
50 66 7758
50 68 3378
50 71 305
50 73 8366
50 75 5297
50 76 3723
50 79 8034
50 80 2766
50 85 4845
50 86 4514
50 106 1119
50 112 5091
50 113 9622
50 119 4472
50 122 9456
50 126 4902
50 132 8937
50 133 4969
50 134 9820
50 136 7796
50 140 2245
50 150 3263
50 153 3158
50 156 9607
50 158 850
50 160 9878
50 161 3446
50 163 5656
50 167 6499
50 170 8251
50 173 7134
50 177 4036
50 179 178
50 194 7318
51 59 3760
51 62 4668
51 65 9641
51 66 3575
51 75 6297
51 80 2223
51 81 2945
51 84 4547
51 89 8843
51 91 5295
51 98 1787
51 99 9507
51 102 8370
51 103 8884
51 104 9192
51 105 3197
51 109 7923
51 115 2817
51 118 8776
51 119 8315
51 122 5000
51 124 9018
51 125 5225
51 127 1253
51 135 6028
51 142 9515
51 143 4900
51 147 4104
51 155 5970
51 159 2560
51 163 3426
51 164 5491
51 166 136
51 167 803
51 175 5631
51 178 4857
51 183 470
51 184 9283
51 186 2671
51 187 4881
51 194 5074
51 195 6186
52 64 9544
52 73 8151
52 75 6325
52 76 4821
52 84 7150
52 85 5540
52 87 8979
52 90 9520
52 91 9886
52 94 2840
52 95 683
52 96 7938
52 99 2132
52 101 1443
52 106 4217
52 107 3730
52 108 693
52 114 1321
52 115 6037
52 119 7729
52 120 8942
52 123 6149
52 128 5489
52 130 9417
52 133 7591
52 136 4037
52 140 8671
52 144 4346
52 151 2658
52 154 4935
52 155 2752
52 159 8618
52 163 6114
52 172 3329
52 173 7139
52 191 3106
52 197 2517
52 199 9728
53 57 7509
53 58 6502
53 62 7633
53 66 42
53 68 2991
53 75 7606
53 76 9983
53 79 1806
53 84 8458
53 85 6396
53 86 6911
53 89 548
53 96 8335
53 98 6451
53 105 7690
53 108 6463
53 110 2702
53 111 9345
53 113 7984
53 119 410
53 122 3197
53 124 6825
53 127 5789
53 133 8012
53 142 7147
53 143 3969
53 145 7896
53 149 9468
53 151 5374
53 159 1461
53 167 7543
53 168 9169
53 169 7071
53 180 6857
53 182 483
53 188 1303
53 189 9126
54 55 7519
54 58 6184
54 65 518
54 66 280
54 76 9825
54 78 5039
54 79 2778
54 82 6847
54 83 3525
54 93 3710
54 95 3007
54 98 4840
54 105 2125
54 111 7547
54 119 6135
54 120 6899
54 124 7304
54 128 9590
54 129 4877
54 131 6643
54 141 396
54 144 5855
54 149 9347
54 151 7917
54 152 7064
54 153 6640
54 154 4172
54 157 7656
54 158 1045
54 159 8945
54 160 587
54 165 2744
54 168 9962
54 169 894
54 171 6945
54 176 4212
54 177 3982
54 183 4742
54 186 9200
54 189 8596
54 192 4695
54 198 4102
54 200 846
55 64 934
55 66 2581
55 70 317
55 74 1338
55 80 2073
55 83 2740
55 84 7638
55 88 9764
55 91 1050
55 95 1869
55 97 2920
55 101 6861
55 104 4211
55 105 6431
55 107 9139
55 110 3332
55 128 7571
55 129 6883
55 141 7774
55 144 50
55 147 678
55 150 3382
55 151 4091
55 157 7736
55 164 2275
55 166 3989
55 167 4739
55 169 9429
55 188 8680
55 190 5205
56 57 7654
56 61 5761
56 63 2303
56 67 347
56 68 7741
56 70 6160
56 72 9171
56 77 381
56 81 4395
56 87 4314
56 89 8225
56 97 2234
56 103 6135
56 104 9343
56 105 3023
56 119 9033
56 120 2801
56 136 9338
56 137 4085
56 138 9327
56 139 914
56 148 7004
56 152 5389
56 153 3966
56 172 1677
56 173 9514
56 174 9978
56 177 7059
56 182 7947
56 183 425
56 184 5904
56 185 4613
57 70 4870
57 73 416
57 77 9881
57 78 1736
57 79 7798
57 81 6672
57 84 8933
57 85 8155
57 86 100
57 88 1343
57 95 1549
57 96 8390
57 100 9977
57 103 8040
57 114 6072
57 124 7813
57 125 8582
57 127 8042
57 132 503
57 135 3559
57 142 298
57 145 3293
57 148 2132
57 151 7888
57 154 7651
57 161 7758
57 162 5302
57 167 4768
57 171 6029
57 175 1082
57 180 6669
57 182 6790
57 185 4156
57 188 318
57 191 5235
57 192 3390
57 195 2336
57 197 1478
58 62 2406
58 63 2878
58 64 1933
58 67 7666
58 77 3720
58 80 5746
58 81 6776
58 84 9052
58 87 9317
58 89 1969
58 94 706
58 95 2917
58 104 4010
58 106 5785
58 109 8596
58 110 672
58 112 8067
58 119 7008
58 127 924
58 136 5586
58 142 8696
58 147 7052
58 152 1083
58 155 3482
58 156 7999
58 162 2966
58 164 1567
58 166 1152
58 168 9840
58 172 5077
58 183 597
58 184 5791
58 186 738
58 187 1837
58 191 900
58 192 6524
58 195 3958
59 61 1225
59 62 62
59 64 4840
59 69 3927
59 71 2264
59 80 8364
59 82 2069
59 84 8888
59 86 2551
59 92 9982
59 95 2266
59 99 7123
59 100 7080
59 109 7761
59 111 1748
59 114 2536
59 119 3775
59 126 4793
59 142 7190
59 147 5127
59 148 845
59 150 8090
59 152 4923
59 163 5279
59 165 1324
59 168 2536
59 170 1840
59 171 3132
59 173 4408
59 174 2200
59 175 1947
59 179 458
59 184 1758
59 187 1113
59 188 5309
59 191 117
59 195 3476
60 76 8056
60 80 4018
60 88 1791
60 93 3361
60 97 8816
60 105 7789
60 108 6911
60 109 5430
60 116 551
60 117 5356
60 118 8935
60 119 9533
60 129 988
60 130 5755
60 131 820
60 134 7371
60 139 3605
60 150 6999
60 151 6164
60 161 5572
60 163 2364
60 168 7927
60 169 8121
60 170 6902
60 171 4173
60 188 336
60 190 7534
60 193 4068
60 195 3368
61 65 5209
61 75 5556
61 76 1314
61 83 3402
61 88 3877
61 93 975
61 94 389
61 100 5446
61 101 9874
61 105 1314
61 108 5290
61 109 23
61 110 1011
61 111 70
61 121 5127
61 125 4519
61 134 8971
61 136 6433
61 151 5187
61 152 2583
61 153 3101
61 162 2870
61 168 6922
61 170 3132
61 173 1239
61 181 6772
61 187 9237
61 188 1110
61 195 8727
61 200 2184
62 66 1662
62 68 214
62 71 6371
62 74 4979
62 79 7945
62 85 2030
62 88 2037
62 89 9554
62 91 844
62 92 2385
62 93 3677
62 99 7594
62 100 9607
62 102 4954
62 107 3151
62 110 6994
62 124 8602
62 126 1197
62 134 9386
62 143 4800
62 145 1808
62 146 4827
62 150 3210
62 151 5692
62 152 9844
62 160 3633
62 165 7685
62 166 3376
62 167 2858
62 170 2433
62 174 6508
62 175 2334
62 181 5446
62 193 1746
62 195 5951
63 65 7196
63 71 1991
63 74 3170
63 79 7458
63 80 1534
63 84 7667
63 91 3565
63 95 4249
63 97 476
63 100 3460
63 103 3001
63 107 9828
63 108 9985
63 109 5974
63 110 3870
63 111 3424
63 112 8055
63 118 3998
63 121 3948
63 122 6909
63 126 8081
63 129 2168
63 130 2674
63 135 6591
63 136 4659
63 138 8890
63 139 8962
63 141 6835
63 145 4358
63 146 1839
63 149 360
63 153 9440
63 154 8778
63 157 4106
63 164 4193
63 165 9660
63 171 7606
63 179 1197
63 180 9810
63 190 6620
63 194 7918
63 196 6944
64 65 2064
64 66 3267
64 68 4252
64 71 4238
64 75 6346
64 78 9093
64 81 1404
64 82 789
64 84 6937
64 89 8258
64 90 1382
64 98 7644
64 100 1383
64 101 1866
64 102 7924
64 107 9700
64 109 8997
64 111 6981
64 112 5403
64 119 1861
64 123 5308
64 127 4159
64 132 9645
64 133 6522
64 140 8716
64 142 5473
64 143 6453
64 147 7929
64 149 105
64 162 5882
64 163 5181
64 165 1495
64 170 3236
64 185 2626
64 186 734
64 194 673
64 195 6766
65 67 9596
65 69 1477
65 70 6775
65 79 6557
65 86 4891
65 89 9355
65 94 482
65 99 817
65 102 8502
65 105 5842
65 112 4495
65 115 4374
65 116 1970
65 123 493
65 128 9131
65 132 6335
65 133 2452
65 134 4640
65 155 2215
65 159 4172
65 163 9030
65 166 1688
65 173 888
65 177 3820
65 196 1572
65 197 9532
65 201 2865
66 69 1652
66 72 726
66 78 3263
66 85 5360
66 86 1681
66 88 6273
66 95 5799
66 97 739
66 105 8516
66 111 4388
66 114 3973
66 118 8034
66 120 8912
66 137 3842
66 140 6120
66 149 1217
66 153 8851
66 157 9752
66 159 5572
66 161 8851
66 162 6268
66 163 1842
66 164 5192
66 167 351
66 171 2329
66 174 7646
66 176 1434
66 177 8336
66 179 7777
66 185 3444
66 187 2033
66 198 7775
67 68 5501
67 76 7259
67 79 1559
67 90 3409
67 93 7520
67 97 8442
67 104 2190
67 108 220
67 109 1004
67 113 3859
67 118 8064
67 119 8068
67 128 7694
67 129 979
67 132 6907
67 138 5936
67 142 1724
67 143 7909
67 150 3034
67 155 3929
67 166 7628
67 173 5856
67 174 8197
67 178 1597
67 179 3841
67 180 7425
67 183 9226
67 187 7960
67 190 2737
67 191 2781
67 192 672
67 193 5486
68 70 4548
68 80 9182
68 81 1968
68 85 5517
68 87 1630
68 96 5428
68 103 6311
68 111 5625
68 113 2365
68 120 2808
68 125 6245
68 127 1983
68 130 3751
68 131 9151
68 138 9656
68 139 5774
68 144 7621
68 145 3164
68 146 9299
68 148 4859
68 154 9659
68 170 6327
68 172 6432
68 174 416
68 175 5576
68 180 1561
68 181 8606
68 182 5211
68 190 2050
68 194 4375
68 198 6259
68 199 4055
69 76 8611
69 78 3484
69 80 7223
69 81 3308
69 84 1154
69 86 2933
69 91 2441
69 99 5542
69 100 4185
69 107 2338
69 108 2322
69 110 213
69 114 7102
69 115 6198
69 117 9766
69 118 397
69 119 6176
69 124 4928
69 129 4886
69 130 8005
69 131 3603
69 133 4998
69 135 6456
69 136 2358
69 140 53
69 143 7417
69 145 4094
69 147 5679
69 148 4605
69 149 5548
69 152 9596
69 164 8510
69 173 9945
69 174 2217
69 176 3164
69 179 4276
69 190 5732
69 192 3933
69 193 6708
69 196 8107
69 197 2522
70 80 6086
70 83 7107
70 86 7175
70 89 8968
70 90 2617
70 92 2786
70 93 2098
70 101 9584
70 105 3442
70 107 9876
70 109 1639
70 110 9706
70 113 3971
70 114 6188
70 116 5041
70 123 3883
70 129 8762
70 134 859
70 138 1950
70 139 2588
70 140 1397
70 145 2269
70 149 6523
70 152 2711
70 153 1327
70 155 2823
70 158 88
70 159 3069
70 161 6468
70 163 6887
70 164 1317
70 170 1321
70 171 5614
70 174 4948
70 177 420
70 186 6579
70 187 8453
70 190 6743
70 193 5406
70 201 7415
71 72 8284
71 78 2472
71 80 8104
71 86 4711
71 87 5696
71 88 1560
71 95 3692
71 102 6655
71 103 4954
71 107 9233
71 108 738
71 112 9275
71 118 6696
71 130 9547
71 133 4447
71 138 1547
71 139 6280
71 143 7343
71 146 9517
71 150 466
71 157 6435
71 162 8384
71 164 5627
71 166 1569
71 175 8090
71 177 6615
71 189 4253
71 192 8870
71 193 2859
71 196 663
71 201 609
72 75 5314
72 80 3914
72 89 4418
72 91 391
72 93 7777
72 102 9188
72 103 1383
72 112 8556
72 115 8748
72 116 2249
72 120 446
72 124 9838
72 127 8625
72 128 1984
72 131 5699
72 132 1727
72 137 3493
72 141 6866
72 147 6525
72 150 2460
72 163 532
72 164 6126
72 170 5922
72 173 9896
72 184 9088
72 190 698
72 194 1936
72 196 2376
73 74 2379
73 78 2179
73 91 9661
73 92 6336
73 93 6379
73 96 6583
73 98 2298
73 100 2739
73 102 4686
73 103 8632
73 109 3802
73 112 4286
73 113 4307
73 115 8610
73 120 7549
73 123 9152
73 127 6249
73 129 5768
73 135 6538
73 136 7267
73 141 2887
73 143 3511
73 148 7441
73 150 4588
73 154 5590
73 156 4822
73 157 7147
73 161 2418
73 162 2901
73 164 6980
73 169 4469
73 175 2111
73 176 624
73 178 6473
73 182 2478
73 194 5805
73 198 7320
73 199 7407
74 78 4965
74 79 5099
74 80 6331
74 83 8250
74 85 773
74 86 5346
74 89 8816
74 91 1907
74 93 7561
74 104 8142
74 107 2330
74 108 3363
74 112 6145
74 113 6834
74 116 9554
74 118 4833
74 122 8842
74 124 8004
74 127 5209
74 129 1721
74 131 9013
74 139 481
74 140 3735
74 145 9715
74 146 2513
74 148 8076
74 151 152
74 153 3977
74 155 5456
74 157 5082
74 160 5060
74 164 5863
74 174 4159
74 178 2646
74 186 5197
74 187 6309
74 188 9853
74 192 7662
74 194 552
75 78 8176
75 80 4686
75 84 6357
75 85 6525
75 98 6310
75 101 1658
75 105 5080
75 106 748
75 109 4830
75 110 731
75 112 9990
75 115 9995
75 129 4286
75 131 6065
75 137 2231
75 138 570
75 140 7558
75 143 2148
75 144 8220
75 147 3582
75 150 1350
75 152 4795
75 153 423
75 154 2233
75 157 2915
75 161 3503
75 162 5823
75 167 5301
75 168 969
75 175 2317
75 177 1270
75 179 8164
75 184 2186
75 185 7865
75 189 6592
75 194 446
75 195 3346
75 198 1314
76 78 4914
76 85 1097
76 103 1008
76 116 5958
76 122 9717
76 123 1989
76 127 540
76 129 1385
76 136 1623
76 140 3234
76 146 7593
76 154 9453
76 155 3523
76 161 6602
76 163 9645
76 170 5406
76 171 5172
76 175 8813
76 176 7844
76 178 8549
76 179 2640
76 185 1994
76 187 6345
76 192 5527
77 79 6991
77 89 4699
77 90 6763
77 96 2456
77 101 8056
77 104 1153
77 105 9296
77 106 1618
77 112 9640
77 113 1905
77 119 8944
77 121 5011
77 123 2821
77 125 8751
77 126 3711
77 127 5877
77 129 1964
77 136 3193
77 138 700
77 140 2150
77 144 7410
77 152 5753
77 153 1153
77 155 6337
77 157 5915
77 158 5004
77 163 3922
77 164 2456
77 168 9845
77 170 1824
77 171 5634
77 174 860
77 175 4190
77 180 5171
77 181 4447
77 189 4461
77 193 2799
77 195 1318
77 200 4216
78 83 8253
78 92 3224
78 93 1218
78 98 4734
78 107 5051
78 110 8444
78 113 2935
78 118 961
78 125 6182
78 128 4075
78 135 7434
78 136 2869
78 137 3808
78 142 719
78 147 6783
78 149 5279
78 152 9902
78 158 8698
78 159 3814
78 164 9722
78 165 3632
78 166 7898
78 169 3281
78 173 834
78 175 5002
78 192 6242
78 198 3081
78 201 6542
79 81 1502
79 83 9943
79 94 1371
79 97 4177
79 104 3113
79 105 4804
79 118 6069
79 119 6537
79 123 6636
79 128 4827
79 136 732
79 137 9194
79 146 1559
79 158 3187
79 160 5435
79 163 3498
79 165 3351
79 170 689
79 173 7864
79 175 4452
79 181 7053
79 187 1517
79 189 2379
79 191 2222
79 192 1333
79 199 7986
79 200 7555
79 201 1045
80 83 173
80 84 8433
80 85 240
80 86 1104
80 92 9044
80 94 3677
80 100 4146
80 103 5123
80 107 8659
80 112 4922
80 115 9947
80 118 5333
80 123 8970
80 124 6436
80 130 1297
80 131 8445
80 132 883
80 138 5355
80 139 2843
80 141 94
80 150 9628
80 154 1270
80 157 2871
80 158 5860
80 159 4203
80 160 3243
80 161 7847
80 162 825
80 187 5659
80 192 5790
80 198 2035
80 201 8855
81 84 5161
81 96 982
81 97 2377
81 99 5812
81 100 3148
81 101 7009
81 103 1291
81 105 2922
81 110 2527
81 116 7458
81 117 7072
81 122 7105
81 135 1747
81 136 2912
81 159 277
81 167 7510
81 169 2383
81 173 2942
81 174 4071
81 178 7269
81 179 1112
81 181 2752
81 183 4203
81 193 1574
81 194 6633
81 196 9649
82 84 6199
82 87 5976
82 93 8143
82 100 7751
82 110 5467
82 115 4750
82 124 422
82 127 125
82 129 4320
82 132 2060
82 133 4782
82 134 7971
82 135 1906
82 140 9347
82 141 3235
82 142 6602
82 149 9105
82 152 3792
82 153 7874
82 154 4012
82 155 2909
82 156 8719
82 164 7873
82 168 7987
82 176 1288
82 178 5396
82 180 2256
82 182 7275
82 183 1760
82 184 9392
82 186 6992
82 191 3108
82 194 135
82 198 9254
82 199 4832
82 200 9693
83 85 8488
83 90 3839
83 92 5192
83 93 7625
83 94 2771
83 99 7130
83 101 7140
83 105 7769
83 120 2630
83 121 2046
83 133 8199
83 136 1783
83 140 7536
83 145 1446
83 149 3231
83 150 417
83 152 4437
83 153 8513
83 157 4369
83 161 3785
83 165 6508
83 167 3571
83 170 9075
83 178 6734
83 181 3668
83 183 3579
83 190 7457
83 195 6909
83 196 1854
83 199 5050
83 201 9993
84 92 2360
84 94 9198
84 96 9157
84 103 4115
84 109 5214
84 110 1515
84 115 487
84 116 7248
84 118 2445
84 124 6155
84 130 2642
84 133 9461
84 135 5650
84 136 5224
84 143 6385
84 146 80
84 148 3445
84 149 4644
84 155 3584
84 160 7319
84 161 9160
84 163 6553
84 173 850
84 174 2058
84 179 1417
84 180 3528
84 181 9468
84 182 7025
84 191 6597
84 201 1178
85 91 4172
85 99 3431
85 104 3663
85 105 5942
85 108 9099
85 110 1555
85 112 2852
85 116 7592
85 140 8255
85 141 2102
85 142 5368
85 143 9449
85 144 5545
85 146 8292
85 149 5669
85 150 4376
85 151 802
85 154 2244
85 160 2990
85 161 3028
85 164 4344
85 165 4086
85 168 4865
85 176 6832
85 177 2666
85 179 2527
85 181 6053
85 182 2458
85 184 7569
85 191 5563
85 192 3783
85 193 9720
85 196 6521
85 197 7907
85 199 9524
85 200 4683
85 201 8321
86 101 6865
86 102 2985
86 106 3233
86 118 7741
86 132 1524
86 134 6698
86 141 9091
86 143 725
86 148 7577
86 155 7834
86 156 236
86 158 6425
86 159 9061
86 163 6797
86 166 4426
86 167 488
86 169 6484
86 171 1622
86 180 2260
86 184 5124
86 198 2483
86 199 4846
87 94 2531
87 96 3848
87 104 7004
87 105 8000
87 106 7745
87 108 3842
87 111 342
87 112 7015
87 113 809
87 115 7881
87 123 6708
87 124 9626
87 125 5137
87 128 6231
87 133 2970
87 136 1283
87 141 1030
87 151 5815
87 156 3009
87 160 2182
87 161 6763
87 162 2475
87 168 4114
87 169 3601
87 170 6844
87 173 3511
87 191 2060
87 192 6481
87 196 2270
87 199 2307
88 98 2571
88 99 4195
88 101 223
88 125 890
88 127 4644
88 130 4929
88 134 9939
88 145 6626
88 149 1038
88 154 7591
88 156 5699
88 159 6416
88 160 9358
88 165 2199
88 168 7791
88 169 9134
88 173 7265
88 175 7905
88 177 3150
88 183 2504
88 184 2346
89 96 7302
89 97 9178
89 99 6386
89 100 7387
89 106 985
89 112 5025
89 118 3149
89 120 1205
89 122 9656
89 129 3024
89 133 6405
89 136 6019
89 138 8294
89 140 5094
89 146 49
89 147 8461
89 154 4127
89 164 8319
89 165 2487
89 167 3462
89 168 4499
89 173 412
89 175 748
89 177 4066
89 181 3833
89 183 2819
89 187 7415
89 190 3959
89 194 6614
89 195 7954
89 197 1613
90 92 2875
90 94 5012
90 95 324
90 98 920
90 99 8863
90 101 7933
90 103 5012
90 104 551
90 107 9926
90 108 5689
90 110 5472
90 112 3277
90 113 5918
90 123 7559
90 125 2608
90 128 2114
90 130 7265
90 138 3705
90 140 6464
90 149 1365
90 152 5547
90 155 4923
90 160 8822
90 164 4100
90 165 8219
90 169 711
90 170 9783
90 172 7838
90 173 9760
90 174 2112
90 176 1518
90 190 2294
90 191 3574
91 92 2382
91 99 4845
91 101 8322
91 104 2059
91 105 2716
91 108 4606
91 113 6353
91 118 7325
91 119 6701
91 121 7291
91 123 4365
91 125 8114
91 128 584
91 137 5434
91 139 2823
91 143 626
91 159 4020
91 160 6274
91 161 6457
91 169 489
91 191 5713
91 194 6691
91 197 170
91 201 6083
92 94 7158
92 97 429
92 98 5642
92 102 2465
92 106 2602
92 107 8115
92 109 3671
92 115 4714
92 116 6112
92 117 3659
92 133 9005
92 136 1606
92 138 5913
92 140 8971
92 142 8101
92 145 5972
92 148 9523
92 159 7890
92 161 6768
92 170 7568
92 172 9032
92 178 4772
92 183 4005
92 191 3640
92 194 804
92 195 7299
93 94 5334
93 96 5009
93 100 7477
93 103 7858
93 104 4381
93 108 7589
93 112 7349
93 122 3957
93 123 8474
93 125 2571
93 129 208
93 136 5375
93 139 1798
93 141 3407
93 151 3876
93 152 4781
93 155 3510
93 156 2161
93 159 3280
93 162 8065
93 163 1835
93 164 3462
93 170 9740
93 171 377
93 172 8880
93 176 8724
93 179 1486
93 180 1993
93 181 1805
93 185 7668
93 188 1275
93 192 7773
93 201 4263
94 97 6556
94 98 8073
94 99 3538
94 104 3215
94 105 4306
94 109 1818
94 113 1321
94 119 4619
94 129 2721
94 144 6947
94 150 2124
94 153 9058
94 156 7673
94 161 2474
94 162 2499
94 163 4094
94 177 2958
94 179 4962
94 181 7466
94 186 4225
94 189 3008
94 192 2274
95 98 7822
95 111 2838
95 114 6243
95 115 1609
95 120 1053
95 121 8327
95 124 2287
95 125 7624
95 128 1117
95 129 7254
95 134 1697
95 136 2924
95 146 6506
95 147 4099
95 149 5710
95 150 868
95 154 7397
95 155 8228
95 156 2484
95 157 357
95 172 5527
95 179 1868
95 184 5299
95 189 8282
95 198 4418
95 200 5979
96 97 4644
96 99 746
96 105 8546
96 112 3456
96 120 3730
96 127 5724
96 128 2311
96 131 8212
96 134 3148
96 140 6894
96 149 3276
96 162 9807
96 174 4221
96 181 1988
96 183 4908
96 185 7503
96 186 1557
96 190 9691
96 191 3315
96 192 6283
96 193 2058
96 194 4188
96 198 9072
97 99 9623
97 104 6337
97 106 9599
97 110 5071
97 111 4071
97 113 2759
97 114 2901
97 116 1411
97 120 8534
97 122 3603
97 126 1128
97 130 2503
97 132 8853
97 136 104
97 137 8073
97 139 6095
97 141 670
97 143 6812
97 148 5133
97 151 7063
97 154 626
97 162 9322
97 163 546
97 165 5488
97 167 2286
97 170 3467
97 173 5650
97 175 4536
97 185 3702
97 186 4328
97 191 9991
97 192 5711
98 99 2253
98 100 7699
98 108 901
98 109 8857
98 120 6414
98 124 8955
98 127 3794
98 129 7008
98 135 9669
98 136 3351
98 137 6959
98 139 9213
98 142 3623
98 143 9996
98 148 4931
98 150 4191
98 154 5358
98 156 8293
98 160 9106
98 161 9883
98 165 4300
98 170 3381
98 172 7639
98 174 3219
98 177 8184
98 179 8082
98 182 6597
98 183 1029
98 184 8917
98 189 4198
98 194 5401
98 196 5719
98 197 2776
98 201 8396
99 101 5277
99 102 9342
99 117 4722
99 126 6674
99 129 2615
99 130 7269
99 131 9291
99 134 5794
99 137 3584
99 142 3639
99 149 8741
99 154 2500
99 158 9447
99 164 1170
99 168 921
99 176 7825
99 183 972
99 184 9214
99 186 2544
99 191 1337
99 192 7897
99 197 8188
100 102 1670
100 103 5805
100 107 1247
100 108 6181
100 115 474
100 121 7709
100 127 3649
100 129 7423
100 133 7499
100 137 2859
100 138 4020
100 139 4370
100 140 9217
100 141 5414
100 145 2260
100 146 1461
100 149 3882
100 150 4214
100 153 4010
100 160 1649
100 162 4334
100 163 9300
100 167 1798
100 171 2741
100 172 3393
100 173 363
100 175 8491
100 177 7614
100 187 8267
100 194 2124
100 196 7113
100 199 7202
101 103 1996
101 104 1137
101 108 9967
101 111 5536
101 113 4800
101 120 6878
101 127 9030
101 128 4008
101 132 8306
101 133 8485
101 135 780
101 146 4944
101 147 2392
101 150 1603
101 151 8565
101 152 7262
101 156 2873
101 159 4795
101 161 9564
101 162 3467
101 168 1346
101 169 4277
101 177 4381
101 184 7704
101 189 33
101 201 1550
102 111 1548
102 115 9700
102 123 5674
102 124 9998
102 126 2729
102 131 83
102 132 2330
102 136 4635
102 152 666
102 153 5860
102 154 1371
102 157 3507
102 158 754
102 162 9543
102 166 2738
102 168 7876
102 175 7309
102 182 5966
102 183 3371
102 187 2851
102 192 6667
102 195 2220
102 197 3750
103 105 9688
103 107 4045
103 108 8702
103 110 8787
103 114 1153
103 116 5802
103 117 7744
103 119 9985
103 124 8975
103 125 1417
103 127 5857
103 131 3595
103 133 2878
103 134 5608
103 139 8370
103 142 8359
103 151 2369
103 155 5701
103 160 3084
103 164 1682
103 167 3823
103 169 7954
103 171 7049
103 172 3370
103 175 1173
103 182 2609
103 184 9822
103 185 692
103 186 1071
103 194 1906
103 200 4236
104 105 1707
104 106 428
104 107 1837
104 108 5984
104 114 850
104 115 1779
104 116 5750
104 122 6842
104 125 3929
104 128 8060
104 136 3545
104 142 1318
104 144 5141
104 146 7191
104 147 9306
104 149 2010
104 156 9652
104 157 9518
104 161 1192
104 162 5941
104 163 6496
104 167 9893
104 173 9908
104 181 7753
104 182 5779
104 184 9847
104 189 9311
104 190 4832
104 191 5355
104 195 1552
105 107 857
105 108 5180
105 114 3386
105 115 8993
105 119 8634
105 121 822
105 122 2143
105 131 9449
105 138 57
105 152 509
105 154 8245
105 156 4154
105 162 250
105 163 8063
105 166 4891
105 169 1581
105 173 8342
105 179 5102
105 183 8495
105 193 7709
105 195 7088
106 109 4880
106 116 9349
106 121 2508
106 128 7383
106 143 1090
106 146 738
106 147 3912
106 148 7121
106 153 7103
106 158 5287
106 159 6668
106 163 732
106 164 1378
106 174 4579
106 175 9834
106 176 8888
106 177 6153
106 179 3211
106 180 6035
106 185 6367
106 189 2470
106 196 2529
106 198 4115
106 200 3373
106 201 7274
107 112 3463
107 115 6160
107 116 727
107 119 4954
107 123 8332
107 125 6620
107 130 8053
107 131 9887
107 132 9794
107 133 2532
107 139 1535
107 140 7545
107 144 4596
107 150 8655
107 156 985
107 158 8670
107 160 1240
107 161 13
107 166 5574
107 169 5988
107 172 3118
107 175 1777
107 176 3085
107 182 872
107 184 1437
107 186 3810
107 188 6229
107 192 4021
107 200 5480
108 109 8390
108 110 5686
108 114 8340
108 116 3202
108 117 2968
108 121 8331
108 124 9171
108 129 4227
108 131 8100
108 134 6380
108 138 5448
108 141 7225
108 148 4361
108 149 7054
108 155 8979
108 161 4815
108 164 8790
108 167 2449
108 168 4574
108 171 767
108 172 3607
108 177 9504
108 179 6900
108 183 5743
108 190 1591
108 197 798
108 201 6537
109 113 9255
109 116 9170
109 117 7486
109 119 356
109 121 4362
109 131 8666
109 132 6246
109 137 9644
109 139 3873
109 142 8195
109 145 9626
109 149 4174
109 163 350
109 164 6075
109 171 2156
109 172 1002
109 180 9351
109 181 5699
109 183 5354
109 184 966
109 185 8697
109 188 4115
109 193 724
109 195 5693
109 196 6007
109 198 501
109 199 4257
109 200 9839
110 111 5648
110 121 8714
110 123 2135
110 124 2986
110 126 5935
110 127 754
110 128 9342
110 132 8890
110 136 2623
110 138 6183
110 139 9930
110 140 7468
110 141 2022
110 167 9200
110 181 2974
110 186 6092
110 187 4738
110 188 9247
110 201 8657
111 112 1844
111 123 8568
111 130 5391
111 131 9802
111 137 8017
111 145 823
111 150 6939
111 151 1400
111 152 9337
111 160 7609
111 161 645
111 162 408
111 167 2855
111 168 9642
111 170 8911
111 174 5798
111 179 8555
111 192 6105
111 193 4386
111 195 4654
111 197 1731
111 200 7147
112 113 2982
112 114 7040
112 115 5541
112 127 7194
112 130 5632
112 137 7496
112 140 754
112 141 2398
112 143 9953
112 147 2454
112 148 3768
112 152 3325
112 154 6977
112 157 392
112 158 129
112 160 2822
112 163 8917
112 165 765
112 168 2482
112 170 2264
112 179 7805
112 183 9242
112 184 5894
112 186 7090
112 189 3796
112 197 2182
113 116 8835
113 117 4575
113 120 629
113 126 5
113 134 8264
113 137 1535
113 142 7194
113 143 6618
113 144 5934
113 145 713
113 147 3708
113 156 7537
113 157 7455
113 163 6208
113 167 7502
113 168 4155
113 170 7712
113 174 6515
113 176 2891
113 177 1950
113 193 6691
113 200 6881
113 201 8907
114 119 3654
114 123 1302
114 130 1298
114 132 4850
114 140 3227
114 141 5497
114 153 3649
114 157 7651
114 160 7835
114 161 3074
114 165 3755
114 175 3364
114 178 610
114 179 3649
114 180 9104
114 181 6603
114 184 3030
114 188 8051
114 190 7854
114 191 3347
114 192 7301
114 194 4977
114 197 5485
114 198 7072
115 116 81
115 119 8484
115 121 912
115 123 101
115 127 9577
115 132 9676
115 135 1169
115 139 4508
115 140 7341
115 143 3116
115 155 5445
115 156 1146
115 157 6669
115 160 1940
115 162 6511
115 172 8595
115 177 5789
116 118 870
116 121 8099
116 122 3225
116 129 8932
116 134 1955
116 143 1520
116 144 935
116 147 5471
116 148 2263
116 149 9056
116 154 9064
116 155 7724
116 159 1441
116 171 230
116 173 8564
116 174 9667
116 179 8450
116 180 8843
116 188 4099
116 189 3402
116 190 4925
116 200 6370
116 201 8923
117 122 7783
117 123 6483
117 127 4365
117 128 4281
117 137 1833
117 139 858
117 144 2332
117 147 3452
117 149 9394
117 150 2453
117 152 5775
117 155 269
117 160 6628
117 165 2739
117 168 6691
117 171 5934
117 172 3781
117 173 7527
117 175 4634
117 176 5742
117 180 618
117 183 3584
117 186 1419
117 188 5645
117 191 4219
117 193 6817
117 198 9488
118 119 4575
118 125 7975
118 127 5048
118 128 1497
118 133 1201
118 135 7739
118 139 2877
118 145 5850
118 151 2849
118 153 6649
118 154 3280
118 156 6403
118 163 6597
118 165 350
118 166 2000
118 169 9523
118 170 9007
118 172 8592
118 174 5958
118 181 3280
118 187 9166
118 189 2226
118 196 7261
118 197 315
118 200 2697
118 201 8775
119 129 1566
119 130 1301
119 139 2281
119 141 2755
119 144 3815
119 145 4343
119 149 2707
119 152 8004
119 154 1256
119 169 5656
119 174 9741
119 179 8943
119 183 1468
119 184 7894
119 185 3813
119 188 9901
119 195 4407
119 197 7235
119 200 1114
120 122 1969
120 128 6793
120 134 4448
120 135 4238
120 137 4846
120 140 2413
120 142 9929
120 147 908
120 149 1706
120 151 9890
120 162 8526
120 169 40
120 172 6544
120 183 4995
120 186 1332
120 191 3978
120 196 9783
120 198 8459
120 200 9258
121 123 2374
121 125 7753
121 127 9578
121 128 3311
121 133 4972
121 134 5734
121 135 5310
121 136 2158
121 149 1632
121 151 4005
121 156 1871
121 160 2721
121 162 6543
121 164 198
121 165 7672
121 172 6530
121 175 3079
121 179 7399
121 185 4199
121 186 6228
121 193 7836
121 196 4047
121 197 9820
121 199 7352
122 125 8118
122 128 8047
122 130 7212
122 137 2877
122 138 566
122 140 9303
122 150 332
122 153 2086
122 161 3328
122 167 6957
122 177 2542
122 179 6886
122 183 2650
122 192 8106
122 195 2865
122 197 2893
122 198 9641
122 200 7966
123 125 6690
123 138 941
123 139 2586
123 147 2889
123 152 5062
123 153 220
123 159 1637
123 167 6742
123 177 6835
123 179 4575
123 182 1841
123 185 7396
123 186 6530
123 187 6770
123 188 8281
123 191 6209
123 193 8903
123 194 3765
123 197 2252
123 198 7541
124 125 5279
124 128 4712
124 130 2178
124 131 267
124 132 8395
124 140 7850
124 143 7593
124 145 7010
124 146 2505
124 149 9502
124 152 126
124 163 702
124 164 749
124 170 2779
124 173 6005
124 182 6161
124 188 3981
124 191 3283
124 200 2031
125 135 8626
125 136 6197
125 141 6120
125 144 6614
125 149 7776
125 154 5844
125 155 9913
125 157 624
125 159 523
125 164 6631
125 172 1812
125 175 5661
125 177 663
125 186 6133
125 188 9363
125 190 7510
125 191 3053
125 196 1439
125 199 5098
125 201 5206
126 136 8122
126 139 646
126 143 1679
126 151 9857
126 152 4191
126 157 7547
126 159 3038
126 161 2898
126 162 7992
126 167 4692
126 173 7022
126 180 3502
126 199 4252
126 201 9476
127 130 9929
127 132 3188
127 134 9591
127 137 7978
127 140 2051
127 155 9724
127 165 7768
127 166 5675
127 169 7950
127 186 9211
127 187 7937
127 195 4037
127 198 2318
127 199 4625
128 129 6881
128 130 9990
128 132 4619
128 141 5491
128 144 3790
128 150 7018
128 151 2334
128 152 9824
128 153 9351
128 155 1431
128 156 1909
128 157 3509
128 158 4875
128 162 3722
128 166 9929
128 169 4611
128 170 1483
128 177 4570
128 179 5290
128 180 4916
128 184 2932
128 193 5827
128 194 9206
129 139 8042
129 143 3182
129 145 3788
129 150 1722
129 158 9724
129 159 4638
129 165 2271
129 181 7823
129 183 3411
129 184 1486
129 185 1472
129 188 6901
129 190 8797
129 194 1247
129 195 9101
129 196 5483
129 197 2961
129 198 903
129 200 858
130 131 9098
130 133 8791
130 135 9789
130 141 3116
130 148 446
130 151 1041
130 153 1450
130 156 1173
130 158 7165
130 160 1011
130 175 7319
130 178 3749
130 179 5401
130 181 4236
130 187 59
130 190 8568
130 195 2609
131 132 3423
131 135 7394
131 152 4499
131 159 2920
131 161 5342
131 163 1296
131 170 5221
131 172 415
131 180 4198
131 182 7194
131 188 7275
131 190 1923
131 191 6898
131 193 9960
131 198 7052
132 137 847
132 145 6385
132 147 6050
132 153 1971
132 156 1663
132 157 3328
132 158 4767
132 160 1530
132 162 5964
132 163 9428
132 166 4170
132 169 1912
132 171 909
132 176 1355
132 179 4953
132 197 4285
132 198 3876
132 201 492
133 136 455
133 137 6654
133 141 4428
133 156 6838
133 160 1754
133 165 3892
133 174 1078
133 176 3516
133 188 3884
133 191 4641
133 193 4679
133 195 3661
133 200 2018
133 201 9143
134 136 4922
134 141 8981
134 153 1099
134 155 8753
134 157 4814
134 158 947
134 159 5149
134 167 6261
134 197 820
134 199 1797
135 142 7977
135 144 4054
135 148 2053
135 149 8464
135 154 3127
135 160 3939
135 171 3095
135 174 204
135 179 4231
135 180 5946
135 185 2752
135 186 9314
135 187 6130
135 192 6044
135 197 7194
135 198 7151
135 199 7549
136 137 1803
136 143 2843
136 147 5880
136 153 2496
136 156 5960
136 160 5811
136 164 1966
136 165 4287
136 167 7576
136 174 3533
136 175 3557
136 177 7773
136 180 4339
136 183 4884
136 184 727
136 185 354
136 188 9963
136 190 5010
136 194 8117
136 200 6340
136 201 8448
137 138 7043
137 144 8466
137 145 3577
137 150 2351
137 154 305
137 159 9237
137 164 2901
137 166 1467
137 167 275
137 174 7849
137 178 8154
137 180 9662
137 184 6273
137 187 1197
138 139 8569
138 146 2209
138 148 3785
138 157 943
138 158 230
138 159 5670
138 164 3784
138 174 5277
138 180 1536
138 183 5350
138 187 6103
138 190 2291
138 196 2003
138 197 3576
139 140 3618
139 143 1835
139 144 1652
139 146 802
139 147 9623
139 148 7786
139 151 3891
139 155 1560
139 159 5676
139 162 3989
139 165 1663
139 168 2086
139 169 6772
139 171 7688
139 175 8702
139 177 7438
139 180 7483
139 188 3962
139 189 6109
139 198 9638
139 201 5105
140 142 1967
140 146 1905
140 147 3489
140 158 3631
140 161 8006
140 165 5776
140 166 4111
140 170 4940
140 173 7901
140 174 9266
140 175 3214
140 179 1408
140 184 9368
140 185 2632
140 186 3599
140 188 4126
140 192 8969
140 197 1010
141 144 5734
141 148 7329
141 158 7284
141 159 2400
141 162 8190
141 163 2580
141 170 9859
141 171 1950
141 172 1217
141 175 1736
141 177 6376
141 196 4548
141 197 1335
142 143 4352
142 144 8082
142 145 9499
142 152 1081
142 153 2982
142 157 8647
142 159 1410
142 161 3356
142 170 8087
142 171 7554
142 173 6364
142 179 2506
142 186 1161
142 190 3747
142 197 9682
143 145 1610
143 146 9645
143 153 2224
143 154 6300
143 161 7689
143 164 452
143 166 9093
143 171 3212
143 173 9050
143 174 7192
143 176 4168
143 178 8899
143 179 2158
143 190 8372
143 191 3771
143 193 7650
143 195 2120
143 200 2307
144 146 2413
144 151 5361
144 152 8416
144 155 4215
144 156 5018
144 157 4542
144 164 1347
144 165 3694
144 168 7897
144 169 7748
144 170 7135
144 176 6192
144 181 1831
144 190 8193
144 194 3788
144 195 8302
144 199 9604
145 148 8546
145 152 8883
145 155 939
145 159 1282
145 161 2160
145 162 7868
145 166 1509
145 168 5402
145 169 8663
145 171 5458
145 173 1102
145 183 6355
145 184 820
145 185 8136
145 186 1342
145 197 9928
145 198 6342
146 152 8632
146 153 466
146 155 7067
146 158 3400
146 159 9224
146 162 629
146 165 3774
146 167 4982
146 169 5339
146 179 4731
146 187 9422
146 188 4630
146 191 3394
146 192 2781
146 194 7727
146 199 1782
146 201 3337
147 148 2625
147 149 3822
147 159 6782
147 160 7610
147 161 3871
147 166 6691
147 169 5193
147 170 6853
147 172 7149
147 174 9703
147 177 6832
147 180 7101
147 182 9247
147 186 4018
147 192 1705
147 195 7648
147 199 1865
148 149 7484
148 157 6611
148 161 1462
148 162 8057
148 176 2229
148 186 3955
148 194 8829
148 196 113
148 200 3132
149 153 9243
149 155 5571
149 158 9657
149 162 1254
149 163 423
149 164 1578
149 166 1673
149 167 7743
149 172 1374
149 173 7301
149 174 1765
149 175 1515
149 185 69
149 186 9334
149 189 7619
149 193 5083
149 196 37
150 152 2310
150 154 2701
150 162 3751
150 167 8382
150 175 1311
150 177 9628
150 180 2480
150 186 3272
150 196 7712
151 154 2878
151 163 674
151 173 3709
151 175 4034
151 176 6080
151 177 9765
151 184 1517
151 192 9096
152 159 1864
152 169 2835
152 172 7323
152 175 8701
152 181 3366
152 182 8777
152 188 453
152 189 6359
152 193 8922
152 194 9449
152 195 7502
152 196 7095
153 154 2989
153 169 4219
153 173 9243
153 174 2728
153 177 5603
153 182 6451
153 183 67
153 186 8657
153 188 3643
153 190 8502
153 192 5254
153 199 4476
154 155 2215
154 156 6723
154 157 625
154 159 8351
154 161 7668
154 165 7053
154 169 381
154 180 7775
154 183 7168
154 186 7941
154 188 4479
154 193 292
155 158 1938
155 161 524
155 165 8616
155 168 2926
155 170 1001
155 177 2751
155 179 2274
155 181 8340
155 188 8217
155 191 1346
155 192 7498
156 160 7011
156 161 4115
156 164 48
156 166 1336
156 169 8876
156 172 3380
156 177 8171
156 180 6061
156 181 3925
156 187 4132
156 197 9084
157 163 5207
157 168 5784
157 169 4446
157 171 6478
157 174 9226
157 176 7904
157 182 2361
157 188 3212
157 190 7126
157 191 9301
157 197 2521
157 198 9287
157 199 8150
157 200 780
158 159 4717
158 165 8542
158 166 3324
158 169 6669
158 171 2033
158 172 9986
158 182 5544
158 187 3535
158 189 7536
158 196 869
158 198 6069
159 170 553
159 172 3706
159 186 8818
159 192 9137
159 198 9767
159 201 840
160 161 3439
160 167 1190
160 176 7665
160 185 8921
160 187 9468
160 188 4591
160 191 9484
160 195 2552
160 197 6907
160 200 4565
160 201 774
161 163 1347
161 168 2041
161 169 8070
161 174 3852
161 177 4186
162 166 8983
162 170 949
162 173 5412
162 174 8222
162 175 7886
162 176 8284
162 181 8890
162 185 621
162 188 5888
162 189 8378
162 190 5893
162 193 6396
162 194 3082
162 197 453
162 198 9312
163 169 8218
163 173 6615
163 174 4785
163 183 6319
163 193 4668
163 199 8028
163 201 4818
164 166 195
164 170 2425
164 171 6319
164 173 9891
164 174 8791
164 178 5676
164 179 6613
164 187 4812
164 193 8252
164 199 3243
165 168 1423
165 170 3577
165 175 5371
165 177 9544
165 178 1904
165 179 1470
165 186 5876
165 198 5358
166 169 1595
166 170 9510
166 183 7511
166 189 1141
166 190 5615
166 194 407
166 201 4376
167 173 8618
167 174 5158
167 177 5418
167 183 8030
167 185 600
167 187 58
167 198 1943
167 199 6255
167 200 5117
168 170 9126
168 171 6968
168 178 1515
168 184 8895
168 193 2798
168 196 7327
168 197 2249
169 172 1556
169 176 4190
169 179 3813
169 180 4467
169 181 3987
169 182 8212
169 183 4127
169 184 1501
169 189 1741
169 193 5404
169 196 6727
170 171 6506
170 173 7815
170 175 2152
170 179 9503
170 181 8681
170 182 651
170 187 3427
170 189 7572
170 192 9764
170 193 7423
170 194 5894
170 195 2360
170 196 1755
171 174 985
171 178 109
171 184 1163
171 185 5356
171 188 9799
171 190 1911
171 197 2329
171 201 3303
172 176 9997
172 178 900
172 182 127
172 184 4152
172 190 4906
172 191 7872
172 192 2858
172 196 9220
172 200 1740
172 201 1266
173 181 9365
173 184 1043
173 186 4631
173 190 7435
174 185 5379
174 198 975
174 199 7775
174 201 2374
175 176 4607
175 178 2314
175 180 9222
175 181 2582
175 185 8552
175 193 6903
176 179 1943
176 183 1649
176 184 3045
176 186 7456
176 189 1664
176 190 4975
176 192 3905
176 196 4367
177 178 3465
177 186 2594
177 196 4567
177 199 3874
177 200 1292
177 201 2085
178 188 960
178 191 4686
179 183 3924
179 187 670
179 195 5208
180 181 7948
180 197 7808
180 198 9264
180 200 2775
180 201 7912
181 188 1119
181 189 4710
181 190 439
181 193 8451
181 194 592
182 189 2785
182 194 1903
182 196 3340
183 184 1720
183 185 2990
183 186 698
183 187 5230
183 188 6411
183 190 1733
183 192 1128
183 194 1921
183 199 4151
184 185 6498
184 191 172
184 194 6044
184 198 1707
185 186 4712
185 188 9622
185 189 7754
185 191 9342
185 197 213
186 188 8461
186 189 9620
186 193 4042
186 199 8279
187 188 1078
187 195 5423
188 189 7984
188 200 4928
188 201 4562
189 191 6931
189 192 4655
189 193 7911
189 194 252
189 197 4611
189 198 7172
189 199 1671
190 192 7260
190 195 3281
190 198 4117
191 192 9686
191 193 4519
191 194 9145
191 195 5681
191 198 7022
191 199 5544
192 193 8270
192 194 9428
192 196 5643
192 197 7603
192 198 3349
192 199 9367
193 196 5492
193 198 9331
193 201 5059
194 196 6008
194 197 4193
194 199 5561
195 196 1613
