125 1898 48861 0
0 7 3011
0 10 9449
0 14 4555
0 15 2014
0 20 1435
0 22 1443
0 25 7584
0 28 1667
0 30 4750
0 33 2707
0 38 2306
0 39 2699
0 40 8744
0 42 6411
0 44 9947
0 46 1919
0 50 4611
0 51 1922
0 53 3591
0 55 1045
0 59 235
0 61 7835
0 64 6604
0 69 3153
0 72 8864
0 73 7853
0 80 4147
0 84 6831
0 88 9562
0 99 2912
0 105 2554
0 106 4056
0 110 3548
0 111 9754
0 112 5935
0 117 1471
0 121 1714
1 3 5078
1 5 3576
1 12 6842
1 26 6479
1 33 5139
1 44 4204
1 50 5360
1 52 2079
1 58 71
1 60 4533
1 62 5738
1 67 8856
1 69 3185
1 70 698
1 76 2973
1 84 8241
1 89 6423
1 95 1830
1 102 7965
1 104 1041
1 105 8417
1 115 5599
1 124 8579
2 3 1473
2 4 1633
2 18 6759
2 20 9337
2 26 1842
2 28 8517
2 32 1103
2 33 5254
2 38 5667
2 42 1608
2 44 8304
2 46 6912
2 50 4968
2 55 61
2 57 4043
2 58 7974
2 64 5545
2 71 3822
2 74 9793
2 87 4006
2 88 5704
2 89 8095
2 93 710
2 102 9024
2 108 6186
2 113 4671
2 114 8083
2 116 5848
3 8 1403
3 17 7107
3 18 4755
3 19 9879
3 20 3887
3 24 1368
3 36 2455
3 39 2679
3 41 2731
3 48 419
3 53 3180
3 56 1080
3 57 2231
3 58 3401
3 61 1307
3 63 9204
3 67 5817
3 69 2637
3 77 964
3 78 3423
3 80 4332
3 81 4702
3 84 4444
3 86 1445
3 88 5925
3 100 1197
3 109 1947
3 110 2861
3 112 6198
3 123 3881
4 6 5886
4 11 1552
4 12 8298
4 13 6804
4 14 3381
4 24 1455
4 27 2636
4 29 998
4 38 2124
4 48 678
4 60 870
4 64 2649
4 66 5087
4 67 1236
4 88 7512
4 91 5272
4 95 7947
4 98 8477
4 111 965
4 113 8306
4 116 2956
4 119 7641
4 122 1831
4 123 1979
5 15 8435
5 16 9983
5 22 9277
5 32 8045
5 33 5364
5 34 2442
5 40 1529
5 42 2682
5 45 1473
5 48 2192
5 53 4040
5 55 5805
5 59 3936
5 60 3797
5 61 1177
5 62 7414
5 67 2525
5 72 6701
5 74 8084
5 81 5401
5 82 6500
5 83 628
5 87 6527
5 93 5556
5 99 9514
5 101 2827
5 103 3594
5 104 9789
5 109 5340
5 110 8039
5 111 6381
5 112 7834
5 113 777
5 115 4933
5 118 6660
6 16 4280
6 18 1933
6 23 817
6 27 8404
6 28 1254
6 30 7147
6 33 2251
6 34 3634
6 39 2299
6 43 9601
6 44 9735
6 49 9867
6 51 1783
6 54 5139
6 71 837
6 80 6007
6 81 8538
6 83 4663
6 84 6585
6 89 1575
6 92 6237
6 100 7123
6 102 1718
6 114 4718
6 116 8870
6 120 6375
6 122 5815
7 13 2262
7 15 5958
7 28 6403
7 34 5774
7 37 8930
7 38 9876
7 43 8583
7 51 7275
7 52 336
7 53 1215
7 58 5608
7 62 9958
7 65 1236
7 69 2666
7 71 9429
7 73 2681
7 85 2596
7 95 6159
7 97 9701
7 98 5787
7 100 9684
7 101 2369
7 102 9529
7 105 103
7 115 2712
7 116 9910
7 118 3089
7 119 9907
7 124 9258
8 17 8499
8 21 3421
8 23 1728
8 26 540
8 30 613
8 33 2126
8 35 6100
8 44 5671
8 58 3388
8 66 7844
8 71 7226
8 74 370
8 75 1353
8 76 1940
8 79 1383
8 81 8611
8 85 4345
8 92 5587
8 94 3413
8 96 1224
8 104 4687
8 105 5245
8 109 432
8 118 7230
8 119 2535
9 10 8154
9 15 3565
9 16 118
9 22 9398
9 31 9582
9 33 4520
9 40 1519
9 44 908
9 47 7549
9 53 9279
9 63 2035
9 70 4910
9 75 4595
9 81 9166
9 84 7218
9 96 5372
9 99 2116
9 101 3281
9 102 1666
9 104 1840
9 105 8397
9 112 4455
9 113 9019
9 114 6449
9 117 6818
9 119 7904
10 12 640
10 13 7155
10 20 7349
10 27 1828
10 31 1101
10 34 1274
10 40 6307
10 46 6887
10 56 5882
10 65 3342
10 68 628
10 70 1498
10 73 4603
10 76 2735
10 77 3176
10 78 8021
10 80 1355
10 82 5342
10 83 8232
10 88 3137
10 89 670
10 93 1992
10 107 2645
10 110 7277
10 116 7829
10 117 4443
10 119 1553
10 122 565
10 124 5301
11 21 1689
11 22 2701
11 25 1051
11 30 7934
11 31 7110
11 37 6159
11 39 3825
11 42 748
11 44 967
11 47 800
11 49 6539
11 56 9130
11 58 4767
11 65 2610
11 66 3724
11 68 9479
11 70 138
11 71 2030
11 73 4370
11 76 9683
11 79 1381
11 81 1129
11 83 3321
11 87 4592
11 90 4140
11 97 2478
11 98 297
11 114 8426
11 120 5230
11 124 640
12 14 166
12 18 7749
12 23 305
12 28 289
12 29 8170
12 31 2679
12 32 6442
12 45 8448
12 53 8127
12 56 8760
12 58 905
12 62 5590
12 66 4394
12 67 2483
12 68 8683
12 70 2244
12 71 2006
12 72 3112
12 77 4570
12 81 9412
12 82 9142
12 86 9494
12 87 1573
12 93 3043
12 102 2955
12 103 5094
12 106 4899
12 114 7015
12 116 536
12 120 7376
12 124 591
13 15 3965
13 19 2210
13 20 6954
13 21 93
13 27 3009
13 40 986
13 42 7633
13 46 906
13 55 6084
13 58 2090
13 59 4135
13 61 924
13 66 4826
13 72 4715
13 77 7118
13 82 1743
13 93 7638
13 94 7922
13 95 347
13 97 9480
13 99 1532
13 103 5867
13 105 6749
13 106 6849
13 110 4552
13 111 6869
13 112 2415
13 114 4191
13 116 1279
13 117 6444
13 119 1289
13 123 2698
14 16 2021
14 18 7549
14 19 1824
14 20 9384
14 23 5260
14 36 3163
14 38 4050
14 43 8121
14 47 4905
14 48 1592
14 52 7767
14 53 8613
14 57 6009
14 64 3742
14 66 4745
14 78 4613
14 80 8928
14 83 3408
14 90 5085
14 93 8131
14 98 991
14 101 2182
14 107 810
14 110 4456
14 119 917
15 16 4419
15 18 2845
15 21 6609
15 26 1289
15 34 7385
15 35 7438
15 37 4190
15 44 2078
15 46 4657
15 50 6174
15 55 8799
15 58 2617
15 64 3247
15 72 3711
15 73 2835
15 74 6860
15 79 844
15 90 7439
15 101 8144
15 102 3794
15 113 5475
15 114 6312
15 117 9968
15 119 1351
15 120 1621
15 122 5429
16 18 4304
16 28 9073
16 29 8738
16 35 9658
16 42 7009
16 44 986
16 45 1581
16 51 14
16 52 4387
16 59 2462
16 69 1541
16 73 7170
16 76 9017
16 77 4818
16 79 4636
16 86 9815
16 90 5120
16 96 9363
16 97 9209
16 103 5725
16 106 4711
16 107 8045
16 109 2848
16 113 8100
16 115 4580
16 118 6530
16 120 6707
17 18 3125
17 21 1799
17 25 4518
17 26 2248
17 27 185
17 29 1822
17 33 7380
17 35 6392
17 36 4242
17 37 1535
17 39 2414
17 47 9480
17 51 9727
17 53 6687
17 54 2712
17 57 2587
17 64 2619
17 65 3051
17 68 1193
17 70 8741
17 88 5932
17 93 539
17 101 4611
17 102 4940
17 107 1191
17 112 5947
17 114 7655
17 122 3863
18 20 5638
18 22 740
18 25 9265
18 31 8068
18 34 5711
18 37 839
18 38 7358
18 39 3050
18 43 1116
18 45 3345
18 52 3736
18 63 6602
18 70 4783
18 71 97
18 75 8780
18 76 9475
18 81 1944
18 84 3058
18 87 5181
18 90 1118
18 91 1891
18 93 1901
18 99 2265
18 100 7135
18 101 5206
18 104 3083
18 105 8312
18 107 2549
18 108 9367
18 109 8908
18 110 7957
18 112 8693
18 121 8147
18 122 7067
19 21 1046
19 23 3118
19 25 8606
19 34 2185
19 41 1497
19 43 6521
19 49 6023
19 58 2298
19 61 3156
19 65 8086
19 68 7482
19 74 4229
19 75 9663
19 84 5353
19 85 6425
19 88 3273
19 91 1137
19 92 3778
19 95 9224
19 98 4379
19 110 871
19 116 1030
19 120 4523
19 121 4512
20 21 7729
20 22 3849
20 35 608
20 38 1264
20 45 6178
20 50 5202
20 56 930
20 62 5954
20 64 4369
20 65 5715
20 69 2035
20 72 1627
20 79 1589
20 83 4398
20 86 2275
20 88 208
20 90 3051
20 106 6191
20 108 6289
20 109 4178
20 110 2932
20 115 8533
20 117 9136
20 123 4531
21 27 6404
21 29 7132
21 43 1677
21 60 4812
21 62 9597
21 64 1867
21 65 8240
21 67 6922
21 71 4212
21 72 3770
21 77 6660
21 78 7468
21 85 7068
21 86 1064
21 89 6337
21 92 7874
21 93 4732
21 96 4543
21 98 2703
21 100 1280
21 102 1057
21 103 9702
21 109 8207
21 113 4621
21 115 2565
21 120 9674
21 123 3004
22 29 5321
22 30 4606
22 32 7929
22 36 7928
22 37 5227
22 42 2663
22 43 7525
22 44 6699
22 59 471
22 64 6263
22 67 1994
22 69 1164
22 72 4807
22 75 2057
22 81 5098
22 83 7960
22 85 6553
22 86 9665
22 89 4631
22 95 3731
22 96 5306
22 99 8884
22 104 2679
22 105 7942
22 106 3202
22 110 3992
22 111 1471
22 115 8730
22 118 250
23 25 850
23 27 7328
23 37 2800
23 46 3405
23 49 2573
23 50 2325
23 51 2590
23 58 2893
23 59 5147
23 61 8102
23 62 1014
23 65 9636
23 67 1357
23 72 5792
23 75 6000
23 79 7003
23 82 4831
23 92 8016
23 94 4532
23 100 6968
23 103 2282
23 114 1878
23 121 5468
23 123 3138
24 25 2005
24 27 311
24 29 8231
24 33 5515
24 35 7589
24 36 8861
24 39 7344
24 40 8050
24 42 2485
24 43 1966
24 48 7698
24 52 2908
24 53 3380
24 57 8414
24 58 9184
24 64 4836
24 66 3724
24 74 5732
24 78 8214
24 87 8199
24 92 8714
24 95 1231
24 96 7919
24 99 7536
24 104 2043
24 105 2250
24 112 9518
24 114 8725
24 118 428
24 122 9079
25 26 8430
25 30 2478
25 34 1119
25 39 3959
25 41 6059
25 44 4169
25 47 431
25 48 4097
25 49 9133
25 53 6324
25 56 6487
25 59 5210
25 61 5416
25 66 2588
25 84 2408
25 85 4683
25 86 9921
25 87 9633
25 89 7328
25 90 8149
25 91 163
25 92 2749
25 93 1814
25 95 7559
25 101 5244
25 105 3966
25 107 5926
25 111 3942
25 117 6083
25 119 5881
25 123 2083
26 28 8532
26 31 9564
26 35 3101
26 45 7329
26 68 1266
26 71 3420
26 79 7900
26 85 178
26 93 8046
26 95 7970
26 96 2234
26 97 8520
26 100 728
26 103 3892
26 112 9664
26 120 3959
27 30 1489
27 40 9308
27 42 3120
27 47 3854
27 48 9843
27 55 5656
27 56 6955
27 58 2580
27 59 321
27 65 3123
27 70 1659
27 80 1349
27 81 1459
27 86 7013
27 87 4906
27 89 8785
27 90 876
27 95 3091
27 106 5390
27 114 8092
27 115 1825
27 119 7641
28 32 6343
28 34 7508
28 37 3585
28 44 8125
28 48 8624
28 52 1927
28 67 4200
28 70 7047
28 83 2715
28 84 4533
28 91 2235
28 93 3279
28 98 8561
28 102 3716
28 114 6122
28 116 503
28 120 5119
28 123 332
29 33 3874
29 45 3236
29 46 2807
29 50 9010
29 53 4436
29 67 7470
29 75 282
29 76 6318
29 78 7214
29 84 4554
29 85 3298
29 89 985
29 100 4444
29 101 7014
29 107 5883
29 111 4753
29 119 8914
29 121 839
29 122 493
29 123 1412
30 31 3307
30 32 2507
30 33 3478
30 35 9537
30 38 2750
30 40 3097
30 60 9340
30 63 4229
30 66 2784
30 69 145
30 71 8747
30 75 3000
30 77 5327
30 79 8561
30 81 4747
30 85 7678
30 87 3009
30 99 4428
30 100 1338
30 103 5447
30 119 4219
30 122 9467
30 123 9080
31 33 6478
31 38 3730
31 40 1033
31 53 3938
31 60 4987
31 65 6198
31 66 9112
31 69 523
31 80 1591
31 81 2528
31 85 7301
31 87 105
31 89 8393
31 92 8046
31 100 621
31 104 384
31 117 6216
31 118 1600
31 123 7431
32 33 1836
32 40 789
32 41 7185
32 43 7770
32 44 9176
32 46 3676
32 48 2872
32 55 9034
32 59 665
32 66 5152
32 67 5042
32 70 1641
32 72 9786
32 75 7786
32 77 5613
32 78 3563
32 84 7125
32 85 1164
32 92 7783
32 100 2934
32 102 2215
32 104 9119
32 119 9914
33 36 1873
33 37 7387
33 39 7057
33 42 1444
33 43 1276
33 56 5178
33 67 9871
33 69 1548
33 70 4852
33 73 1697
33 74 6629
33 92 98
33 95 3002
33 112 8935
33 117 2937
33 118 8743
33 120 3325
33 122 2096
34 37 5799
34 47 1118
34 49 5967
34 54 1018
34 56 263
34 57 974
34 62 1765
34 67 9132
34 72 5121
34 74 7661
34 83 9556
34 88 125
34 92 5830
34 93 5833
34 97 2912
34 99 3346
34 102 4330
34 104 3769
34 106 3522
34 108 7522
34 113 6184
34 114 8006
34 122 7680
35 42 8175
35 55 7585
35 57 9002
35 63 4631
35 85 9217
35 88 8753
35 97 9024
35 111 3978
35 113 1277
35 117 2690
35 124 4012
36 42 2965
36 45 2800
36 48 2640
36 50 1098
36 51 7205
36 61 6706
36 64 3459
36 65 6622
36 67 7483
36 70 3784
36 72 1072
36 78 7100
36 86 6637
36 87 7367
36 90 6660
36 99 2326
36 104 6547
36 111 1040
36 114 6722
36 115 1553
37 48 262
37 49 2668
37 51 903
37 53 1291
37 60 8805
37 66 6298
37 74 1949
37 77 1389
37 83 583
37 85 7590
37 86 9614
37 87 3446
37 88 7138
37 91 2433
37 97 2509
37 99 2008
37 106 3793
37 107 7364
37 110 5088
37 115 6713
37 116 4865
37 124 5822
38 40 8919
38 43 6012
38 44 6565
38 45 4818
38 54 7353
38 62 6869
38 75 202
38 80 6057
38 84 5542
38 88 2673
38 103 3625
38 116 2916
38 121 9794
38 123 218
38 124 7405
39 42 4449
39 43 8371
39 59 6674
39 72 9545
39 80 2827
39 84 7229
39 86 1852
39 87 6756
39 94 4801
39 98 3957
39 103 4390
39 107 5977
39 113 8200
39 120 8188
39 123 710
39 124 6501
40 49 6859
40 63 2956
40 64 6952
40 69 1411
40 73 3918
40 76 4587
40 84 5467
40 94 1136
40 98 7457
40 100 9576
40 101 2775
40 102 7144
40 104 2731
40 105 8481
40 106 1279
40 107 9472
40 108 833
40 109 4962
40 110 2644
40 111 828
40 115 9469
40 123 413
40 124 2300
41 42 9354
41 44 6108
41 49 8375
41 50 4178
41 53 1275
41 54 8362
41 55 8617
41 64 5080
41 67 6639
41 69 3198
41 71 370
41 75 6771
41 77 4028
41 78 8702
41 82 4171
41 87 6409
41 88 3792
41 91 5152
41 92 3231
41 94 9937
41 104 5486
41 106 9342
41 108 8798
41 110 5363
41 111 4343
41 114 5248
41 115 447
41 116 8435
41 118 9487
41 123 3842
42 45 2949
42 46 7726
42 47 5802
42 59 4882
42 63 7789
42 71 2864
42 73 6052
42 77 810
42 87 8011
42 88 4192
42 89 586
42 94 2399
42 100 9845
42 112 7429
42 122 1808
42 123 8995
43 45 8904
43 56 8728
43 58 9710
43 60 3161
43 62 6985
43 64 4219
43 75 2498
43 80 6010
43 83 1778
43 88 9347
43 89 2649
43 91 6448
43 94 5919
43 100 2654
43 102 5377
43 110 1333
43 114 5761
43 123 9945
43 124 6987
44 48 2889
44 51 7688
44 64 7286
44 69 265
44 77 8718
44 82 821
44 87 865
44 88 9208
44 90 7935
44 92 1636
44 93 330
44 94 3534
44 95 8988
44 96 6613
44 108 3526
44 109 7962
44 110 6955
44 111 3452
44 114 5900
44 119 5415
44 122 634
45 48 4034
45 52 9820
45 59 8159
45 61 2073
45 74 6093
45 76 2859
45 77 1918
45 84 2340
45 88 6252
45 100 6761
45 112 3254
45 121 24
45 122 3322
45 123 7295
45 124 4452
46 51 373
46 58 4395
46 62 291
46 70 5679
46 80 982
46 96 3551
46 98 4401
46 99 2224
46 105 9022
46 106 5033
46 109 8698
46 115 960
46 121 1577
46 124 7838
47 51 5279
47 56 2485
47 57 560
47 58 831
47 71 8342
47 73 1823
47 76 8204
47 82 9429
47 93 525
47 94 6644
47 95 3540
47 100 8831
47 109 560
47 112 9649
47 116 57
47 123 2349
48 49 6160
48 52 1318
48 56 1193
48 57 9227
48 60 4680
48 61 6061
48 62 8172
48 64 9349
48 67 1424
48 75 1126
48 76 3844
48 85 6110
48 86 6089
48 87 3169
48 89 396
48 91 3490
48 94 4016
48 97 6775
48 99 8961
48 108 9580
48 112 5885
48 113 2352
48 114 1232
48 116 4519
48 117 5744
48 120 5893
49 51 3867
49 56 8755
49 62 360
49 66 2180
49 69 6073
49 70 5111
49 73 8006
49 76 647
49 77 1636
49 84 7807
49 85 4442
49 93 7216
49 97 8019
49 98 7472
49 103 1680
49 104 3407
49 111 7387
49 117 2181
49 124 2693
50 59 1740
50 60 6053
50 67 5394
50 71 3000
50 76 3077
50 83 4094
50 87 6372
50 92 7092
50 95 7518
50 106 1823
50 109 5908
50 111 3369
50 115 4521
50 116 819
50 118 7981
50 119 3119
50 121 1655
51 56 4168
51 63 3281
51 64 166
51 66 7593
51 67 714
51 75 6204
51 80 5913
51 90 5260
51 92 9362
51 100 2603
51 111 1957
52 54 7216
52 55 4244
52 56 4951
52 60 5664
52 69 9808
52 71 8175
52 72 4361
52 82 8065
52 85 1725
52 86 4236
52 89 7969
52 92 7515
52 98 4988
52 100 1887
52 103 3920
52 114 2855
52 115 3462
52 117 8722
52 119 2345
52 122 8966
52 123 9349
53 58 7116
53 60 1021
53 61 7086
53 68 1630
53 71 9725
53 74 5165
53 75 19
53 80 1397
53 85 9808
53 87 4026
53 93 4966
53 94 694
53 100 121
53 101 5200
53 102 6481
53 103 5824
53 104 6328
53 106 5999
53 113 8699
53 116 6359
53 117 1712
53 121 529
53 122 3759
54 55 8552
54 57 7059
54 67 5967
54 72 3639
54 76 7780
54 83 9848
54 85 4811
54 89 5366
54 95 6220
54 98 4385
54 103 8337
54 106 8093
54 109 8510
54 117 9298
54 121 818
55 56 859
55 58 5351
55 60 9039
55 64 1677
55 67 5066
55 69 8453
55 71 9867
55 79 3033
55 82 8683
55 88 8030
55 97 1077
55 99 7186
55 118 4746
55 119 3327
56 67 6226
56 78 926
56 79 4300
56 80 4687
56 83 8513
56 86 4473
56 92 1024
56 96 9954
56 98 8955
56 100 3046
56 101 2706
56 113 7901
56 119 5740
56 120 8422
57 60 9364
57 64 7398
57 67 3359
57 69 9148
57 70 8086
57 72 2456
57 76 5588
57 84 209
57 88 9337
57 91 3711
57 97 8645
57 103 6187
57 110 4313
57 115 5901
57 116 4878
57 123 6545
58 59 4059
58 61 1567
58 65 8497
58 66 2514
58 69 8739
58 74 8081
58 75 5810
58 76 3104
58 79 6855
58 82 6997
58 87 6837
58 93 9132
58 94 242
58 97 2271
58 100 3346
58 103 5438
58 104 5177
58 112 4090
58 117 3569
58 118 9048
58 122 2433
58 123 1088
59 66 543
59 67 2500
59 72 8485
59 74 7853
59 80 7152
59 83 3941
59 87 3419
59 102 5290
59 106 6966
59 108 9444
59 112 4391
59 117 1463
59 119 3472
60 61 9704
60 67 9289
60 68 4901
60 70 5692
60 73 4553
60 75 3123
60 84 2881
60 87 364
60 90 6195
60 92 757
60 93 5933
60 104 6501
60 112 6043
60 117 3924
61 62 5153
61 66 5506
61 68 9593
61 71 360
61 73 9394
61 81 7215
61 89 8317
61 101 9952
61 116 1936
61 120 97
61 124 785
62 63 2757
62 66 9173
62 69 723
62 77 9948
62 92 6465
62 97 2780
62 102 208
62 108 6067
62 112 3747
62 116 4962
62 117 8735
62 118 5760
62 119 7835
63 65 5269
63 74 1632
63 77 1003
63 82 8837
63 89 7176
63 90 668
63 94 3617
63 97 8036
63 99 7239
63 101 320
63 110 4845
63 113 2628
63 119 6902
63 120 3997
63 121 5664
63 123 7398
63 124 1033
64 86 4962
64 87 1860
64 90 3348
64 92 826
64 96 2248
64 98 3417
64 105 6510
64 106 167
64 108 8758
64 109 6204
65 66 787
65 72 5328
65 76 6594
65 79 8675
65 80 4459
65 82 8659
65 94 412
65 105 9443
65 115 2610
65 118 2653
65 120 8586
65 123 3607
65 124 6518
66 67 1445
66 68 6581
66 79 7355
66 80 6648
66 88 2349
66 94 3306
66 96 2582
66 100 7920
66 102 1786
66 103 9472
66 106 6095
66 110 1701
66 113 7090
66 117 898
67 74 9486
67 85 1162
67 86 2646
67 89 4695
67 92 1242
67 93 7446
67 98 1982
67 99 4167
67 107 443
67 110 8366
67 122 2712
68 74 7147
68 75 5661
68 83 8998
68 84 2633
68 87 3302
68 88 6117
68 89 2175
68 92 7788
68 100 1276
68 102 7784
68 103 8570
68 104 775
68 108 7944
68 110 4866
68 114 8741
68 120 3583
69 74 9439
69 76 5218
69 79 7453
69 80 6840
69 85 2437
69 86 7662
69 91 3010
69 101 6854
69 102 2433
69 104 6553
69 105 9991
69 111 9101
69 113 1148
69 116 1232
69 118 3915
69 120 5122
70 74 5840
70 75 6408
70 81 7643
70 83 8779
70 89 6933
70 95 4268
70 96 4069
70 102 5351
70 103 3615
70 104 2163
70 106 635
70 107 1240
70 108 5127
70 111 5658
70 115 685
70 122 8282
71 75 5457
71 81 3123
71 88 4817
71 89 8375
71 96 7022
71 98 1058
71 101 4034
71 102 1794
71 107 5040
71 114 4417
71 115 1818
71 123 4923
72 76 2510
72 79 6864
72 81 9383
72 82 5116
72 86 793
72 87 5534
72 91 1707
72 95 4309
72 102 9633
72 103 4000
72 104 6428
72 110 6119
72 112 7199
72 119 5245
72 120 7967
72 123 8840
73 74 8434
73 79 2556
73 81 9630
73 82 7569
73 83 5161
73 85 6935
73 91 5281
73 98 8192
73 103 6493
73 112 4502
73 118 9795
73 119 2203
73 121 4252
73 124 7742
74 79 9841
74 81 9153
74 86 3427
74 93 2329
74 97 7981
74 102 6548
74 105 8429
74 106 5784
74 111 8625
74 113 999
75 84 352
75 87 9000
75 90 2114
75 96 3114
75 98 6362
75 100 7366
75 102 4622
75 103 7217
75 106 4251
75 113 6888
75 115 6544
75 124 5693
76 79 8713
76 81 9021
76 84 2300
76 86 5161
76 92 8382
76 95 5661
76 96 6143
76 108 2477
76 113 8345
76 115 3895
76 116 1710
76 119 1348
76 121 3616
76 122 2368
76 123 3032
77 81 235
77 83 2878
77 85 236
77 87 3152
77 94 8930
77 96 7033
77 97 2788
77 103 152
77 108 1875
77 110 3185
77 112 1535
77 114 5658
77 115 1052
77 123 5527
78 85 9759
78 94 7191
78 103 6148
78 104 7831
78 105 5729
78 106 2206
78 108 3061
78 109 7015
78 112 3609
78 119 5869
78 122 4519
79 86 7310
79 90 5843
79 91 4915
79 93 3731
79 94 164
79 97 962
79 99 9497
79 109 9006
79 123 6646
80 83 5468
80 85 6632
80 88 8583
80 90 9046
80 94 1474
80 96 9605
80 97 3515
80 100 8567
80 102 4822
80 106 8510
80 116 6751
80 119 6591
80 121 8424
80 123 7568
80 124 7303
81 82 9643
81 84 2656
81 89 9756
81 94 8337
81 96 8047
81 97 3770
81 98 3011
81 99 6100
81 102 5736
81 106 9815
81 107 7346
81 108 4848
81 111 495
81 114 8810
81 115 2292
81 119 5930
81 124 7903
82 85 690
82 87 8864
82 88 7545
82 105 8320
82 107 6999
82 116 5973
82 118 8378
83 86 7821
83 96 8701
83 98 2034
83 100 4073
83 107 4681
83 108 6796
83 111 6452
83 114 2092
84 88 4305
84 90 4457
84 91 2646
84 92 2026
84 93 5599
84 102 654
84 104 7878
84 111 4725
84 112 5887
84 114 7251
84 123 646
85 86 9225
85 90 6608
85 98 5126
85 101 6771
85 110 5843
85 116 7380
85 117 1716
85 120 6107
85 123 48
86 96 7342
86 99 5046
86 100 9780
86 101 3921
86 106 6495
86 107 8665
86 109 2980
86 110 2302
86 111 8905
86 119 6994
86 121 2764
86 122 8861
87 93 9092
87 95 4533
87 97 8012
87 100 5349
87 107 8279
87 112 3831
87 115 9692
87 116 7426
87 122 1098
87 124 4980
88 89 7026
88 91 1437
88 92 6952
88 93 8180
88 101 5931
88 102 6425
88 104 2185
88 105 2932
88 110 3094
88 114 2462
88 116 4026
88 117 3376
88 118 3162
89 96 2021
89 100 5132
89 102 6771
89 103 8859
89 106 8230
89 109 2179
89 111 9194
89 113 1892
89 122 1979
89 123 675
90 91 5187
90 92 563
90 93 4436
90 97 7800
90 103 8032
90 108 6803
90 118 6991
91 98 2915
91 100 3072
91 102 2178
91 106 183
91 114 9175
91 116 5676
91 119 3033
91 123 2147
91 124 7858
92 93 1827
92 98 3457
92 111 4543
92 112 8975
92 124 1186
93 98 9922
93 101 70
93 109 9219
93 110 2085
93 112 1910
93 114 2082
93 116 2653
93 123 9255
93 124 321
94 95 8356
94 97 2336
94 103 8443
94 105 6855
94 116 8790
94 120 6494
94 121 276
94 123 4614
95 104 2308
95 107 6768
95 110 6754
95 121 8647
95 122 9995
95 123 9727
96 97 6474
96 100 3371
96 102 7654
96 104 3159
96 105 4866
96 106 920
96 108 456
96 111 5659
96 113 2592
96 115 2900
96 120 1690
96 122 7186
96 124 3650
97 99 598
97 107 3767
97 110 4098
97 113 7392
97 118 711
97 122 2008
97 123 2037
98 100 4487
98 101 8012
98 102 951
98 110 2085
98 113 3330
98 116 7835
98 118 5806
98 119 1668
99 100 5801
99 109 5015
99 112 4036
99 113 1468
99 115 9970
99 116 2890
99 117 1257
99 120 5803
99 124 3957
100 103 4794
100 105 9625
100 108 8252
100 110 3824
100 111 3891
100 113 3171
100 118 1041
100 120 4530
101 103 3149
101 117 9820
102 105 453
102 107 4714
102 109 4747
102 111 5201
102 112 3642
102 113 2331
102 117 471
102 118 811
103 115 1355
103 116 2673
103 123 4979
104 106 3255
104 108 2465
104 109 3668
104 110 276
104 112 2158
104 115 1137
105 108 6952
105 111 3858
105 114 8155
105 115 7861
105 119 3926
105 121 3607
105 122 7297
106 111 8713
106 112 5385
106 115 7394
106 116 4887
106 120 2897
107 108 3102
107 111 5564
107 123 481
108 109 5197
108 116 1856
108 119 2830
109 112 465
109 114 7993
109 115 8882
109 116 6464
109 117 4224
109 119 3213
110 116 5521
110 122 9766
111 114 4353
111 120 2031
111 123 8850
112 113 7098
112 117 330
114 117 4002
114 119 2794
115 116 3088
115 117 559
115 119 7621
115 123 3596
116 122 2299
117 118 4033
117 121 9395
117 122 3435
117 124 6789
118 121 4232
118 122 9524
120 121 7242
120 122 7144
121 123 1191
123 124 1022
