254 7963 79654 26
0 1 9235
0 2 3734
0 3 1064
0 8 4560
0 14 6353
0 16 8784
0 19 3219
0 24 9100
0 26 8939
0 44 2673
0 50 2586
0 54 8907
0 57 2507
0 67 9928
0 69 9513
0 74 816
0 76 5534
0 78 3677
0 79 5055
0 83 152
0 86 5559
0 94 3239
0 95 9620
0 96 9340
0 98 5363
0 100 701
0 108 5317
0 114 8985
0 116 6796
0 117 9799
0 123 2815
0 126 6963
0 129 9278
0 132 7469
0 135 974
0 142 1097
0 145 423
0 148 3925
0 153 5957
0 157 1793
0 164 1018
0 169 1479
0 170 9515
0 171 1227
0 187 6458
0 207 1888
0 209 6888
0 211 2494
0 214 2789
0 217 6773
0 219 1351
0 221 7378
0 222 1069
0 223 9370
0 225 2281
0 226 2589
0 227 7635
0 230 4295
0 234 7764
0 235 5460
0 245 1868
0 247 5895
0 251 3363
1 4 2622
1 10 8750
1 14 302
1 23 4472
1 27 9215
1 28 3906
1 29 3256
1 30 2517
1 35 5220
1 40 1865
1 41 3949
1 46 521
1 50 4813
1 51 9960
1 63 3620
1 68 203
1 69 1021
1 73 5637
1 76 3857
1 79 1138
1 83 4589
1 88 5767
1 90 1986
1 92 2569
1 95 4424
1 97 9424
1 99 87
1 101 8801
1 104 9987
1 110 9825
1 114 538
1 116 4797
1 117 2639
1 118 7965
1 119 631
1 125 8801
1 126 1726
1 129 6260
1 139 6042
1 140 3159
1 149 2593
1 151 2109
1 155 6747
1 161 9310
1 162 916
1 164 122
1 171 6319
1 178 1830
1 193 7269
1 198 8255
1 209 5508
1 210 530
1 217 4836
1 220 501
1 228 8044
1 232 3001
1 233 852
1 234 7415
1 237 340
1 240 8363
1 242 7939
1 244 588
1 247 7826
1 250 7345
1 252 3851
2 16 2879
2 20 1932
2 22 6879
2 25 3262
2 35 275
2 37 5210
2 39 2289
2 41 2742
2 43 8973
2 46 9329
2 69 3438
2 73 4784
2 79 2857
2 81 7787
2 93 1982
2 95 2247
2 96 8238
2 102 3155
2 108 9831
2 123 7358
2 125 6857
2 129 3036
2 136 1964
2 140 693
2 141 5014
2 153 8768
2 155 8517
2 156 1368
2 162 2737
2 166 1484
2 169 7626
2 170 4716
2 176 6483
2 180 4517
2 181 7646
2 189 8394
2 192 5044
2 194 275
2 202 8962
2 203 415
2 205 7053
2 208 1510
2 209 6944
2 211 6593
2 222 620
2 223 8421
2 225 1216
2 228 4516
2 236 1986
2 241 2583
2 242 8662
2 245 1067
2 249 1880
2 250 2635
2 251 413
3 7 7784
3 8 2170
3 13 4653
3 18 9402
3 24 9569
3 32 3670
3 36 4538
3 37 2075
3 39 662
3 44 1238
3 48 6546
3 50 8006
3 54 9782
3 57 5812
3 59 850
3 62 2577
3 73 5010
3 77 8460
3 81 231
3 82 8953
3 86 124
3 90 7882
3 95 9605
3 101 6902
3 114 9535
3 124 773
3 125 1105
3 131 4088
3 135 7502
3 140 7844
3 142 4725
3 143 1571
3 145 9512
3 148 4735
3 149 951
3 163 2168
3 165 7669
3 167 1064
3 168 553
3 172 8146
3 177 8025
3 183 599
3 187 4470
3 194 7604
3 204 3575
3 215 8614
3 216 7139
3 231 5572
3 237 8493
3 241 8479
3 242 9079
3 244 8113
3 246 1967
3 250 966
3 251 8364
3 252 2277
3 253 8567
4 9 4242
4 12 8409
4 15 7431
4 16 5321
4 21 7516
4 32 1673
4 33 6773
4 39 8789
4 43 4239
4 46 8875
4 47 2538
4 48 9880
4 61 764
4 70 7435
4 76 42
4 80 8392
4 84 6189
4 90 943
4 92 8419
4 93 2456
4 97 4505
4 99 3495
4 105 816
4 111 8539
4 113 9239
4 118 9835
4 123 3678
4 124 9867
4 125 6022
4 130 5455
4 131 985
4 139 3724
4 146 1988
4 147 8720
4 153 8106
4 169 1350
4 170 102
4 173 7030
4 175 3939
4 176 9104
4 181 1158
4 185 5054
4 192 2001
4 197 217
4 208 7443
4 212 1167
4 218 4266
4 221 601
4 227 2240
4 232 6695
4 234 5634
4 237 8341
4 240 8408
4 243 7241
4 252 3660
5 6 5925
5 9 4538
5 10 9614
5 20 9467
5 23 5472
5 25 2745
5 35 9923
5 47 8373
5 48 5291
5 49 6277
5 53 3456
5 54 7064
5 55 7719
5 62 2132
5 63 528
5 68 4556
5 74 117
5 75 1259
5 77 3242
5 79 3506
5 82 1103
5 85 7929
5 89 4305
5 92 4369
5 95 2907
5 103 6349
5 107 7276
5 115 6591
5 119 4432
5 126 986
5 130 40
5 131 113
5 140 3743
5 145 7171
5 148 4192
5 150 8341
5 151 2757
5 153 2915
5 159 457
5 165 478
5 167 9089
5 177 7337
5 178 5558
5 182 590
5 183 7111
5 184 7735
5 185 3723
5 186 4818
5 193 6466
5 194 4412
5 196 2734
5 200 808
5 201 3931
5 207 3784
5 212 3657
5 217 4113
5 220 2553
5 222 8147
5 224 6216
5 231 4220
5 240 8069
5 247 9663
5 248 764
5 250 1456
6 7 8718
6 14 2726
6 16 3639
6 22 6567
6 26 4524
6 27 2951
6 30 5297
6 31 5211
6 32 1683
6 37 9710
6 39 5934
6 40 9760
6 46 6601
6 48 5552
6 54 614
6 55 444
6 62 9432
6 64 9436
6 67 1639
6 68 5007
6 69 4837
6 72 5246
6 73 6877
6 77 5247
6 90 7250
6 93 4713
6 95 2470
6 108 9585
6 110 5571
6 119 7669
6 121 6069
6 133 1200
6 146 1276
6 147 7026
6 155 4542
6 157 6321
6 158 8576
6 164 3884
6 167 1238
6 170 4256
6 174 1291
6 176 3214
6 182 2905
6 184 3574
6 189 6359
6 192 2790
6 194 1448
6 198 3836
6 208 6736
6 212 5792
6 214 326
6 220 2851
6 223 8189
6 226 7330
6 227 8040
6 229 5900
6 231 5467
6 240 1814
6 241 7503
6 243 625
6 246 1287
6 247 8284
6 251 6876
7 8 980
7 11 8270
7 14 988
7 19 6423
7 20 8625
7 34 4602
7 39 2758
7 40 4681
7 41 4475
7 44 4158
7 47 4212
7 48 9303
7 51 8356
7 62 4351
7 70 1578
7 76 7055
7 83 5822
7 88 2026
7 89 5517
7 90 1197
7 91 8440
7 94 6701
7 97 4283
7 100 8293
7 102 5151
7 103 3728
7 104 306
7 105 6478
7 107 3273
7 109 2776
7 111 5000
7 120 1031
7 125 2188
7 126 1524
7 129 4523
7 132 1118
7 139 3654
7 140 5717
7 144 2413
7 145 2490
7 146 7712
7 155 3921
7 156 8608
7 157 8661
7 163 8243
7 166 6468
7 168 2104
7 171 9428
7 182 887
7 196 4723
7 199 7224
7 205 2244
7 217 2948
7 221 9937
7 233 2336
7 241 4173
7 246 478
7 248 7900
7 250 1758
7 251 9023
7 253 3515
8 9 7227
8 19 9288
8 21 5202
8 32 5943
8 35 4189
8 37 2219
8 43 9591
8 44 4774
8 50 3794
8 54 4241
8 55 7021
8 59 7135
8 62 7928
8 70 8486
8 72 8030
8 74 132
8 76 7624
8 77 1225
8 80 8145
8 101 5565
8 102 983
8 104 3511
8 111 3464
8 116 2723
8 118 7457
8 119 7336
8 124 4845
8 127 61
8 134 1918
8 147 890
8 157 2981
8 159 6571
8 162 9061
8 164 4637
8 169 3491
8 177 5032
8 182 9401
8 184 6153
8 185 8231
8 188 6736
8 196 2269
8 203 4260
8 205 2797
8 206 4532
8 215 1117
8 221 1138
8 225 9402
8 226 66
8 227 8315
8 231 2921
8 234 7252
8 236 6313
8 241 8819
8 243 3835
8 247 1143
9 17 229
9 27 4803
9 32 2729
9 34 5058
9 35 3186
9 38 3534
9 48 7032
9 54 738
9 56 6706
9 57 9652
9 59 8369
9 67 2730
9 68 7807
9 69 649
9 74 3158
9 75 4161
9 76 9436
9 81 7628
9 87 3807
9 89 6086
9 92 3782
9 95 6003
9 103 9549
9 104 3462
9 111 4838
9 113 4663
9 114 8581
9 119 8243
9 122 69
9 123 1982
9 125 951
9 133 2172
9 136 4134
9 138 1940
9 139 4260
9 140 354
9 141 2859
9 142 6242
9 144 5291
9 148 2069
9 149 6290
9 156 1100
9 159 5613
9 166 6377
9 168 9098
9 176 1835
9 178 7611
9 183 8692
9 190 2069
9 198 5515
9 199 2155
9 208 8500
9 211 6272
9 227 207
9 229 6986
9 231 1193
9 233 4120
9 239 8582
9 241 7624
9 242 1411
10 13 1591
10 17 8089
10 20 1569
10 23 5990
10 24 7313
10 28 6008
10 31 6050
10 37 1550
10 39 3693
10 47 892
10 48 449
10 51 1642
10 54 6354
10 56 231
10 58 174
10 64 8169
10 65 2161
10 66 3291
10 68 3969
10 69 548
10 75 3077
10 80 4172
10 82 2851
10 88 6527
10 91 8973
10 92 7823
10 95 1690
10 101 2691
10 105 2256
10 108 1446
10 109 7072
10 113 401
10 125 5143
10 128 307
10 129 7527
10 132 1819
10 133 1802
10 134 7084
10 142 2357
10 145 3754
10 148 7731
10 151 8155
10 152 4822
10 164 734
10 171 4541
10 172 8319
10 180 1731
10 182 1993
10 184 9422
10 186 4770
10 193 3136
10 196 4548
10 197 6863
10 206 3528
10 207 4371
10 208 1586
10 216 4649
10 219 3659
10 232 2598
10 236 8596
10 237 1083
10 238 5337
10 241 3766
10 244 4371
10 247 6538
10 250 274
11 15 8232
11 19 1746
11 21 9798
11 23 7216
11 29 690
11 39 7368
11 41 8558
11 44 8961
11 47 8838
11 57 7650
11 61 1685
11 62 8477
11 64 5202
11 73 8071
11 75 8837
11 93 1288
11 95 2255
11 98 981
11 101 643
11 107 9383
11 115 9671
11 124 5947
11 129 9847
11 132 9671
11 136 9057
11 137 868
11 139 188
11 140 789
11 144 3734
11 147 148
11 150 9451
11 154 9692
11 157 8139
11 158 5985
11 165 7030
11 167 967
11 170 4455
11 175 171
11 177 9832
11 180 4355
11 184 1011
11 192 4968
11 196 175
11 199 5925
11 201 9455
11 202 403
11 205 4414
11 207 8039
11 212 2580
11 215 2594
11 218 9462
11 231 262
11 233 916
11 234 9885
11 235 3890
11 237 100
11 242 2436
11 245 3328
11 247 2027
11 249 5252
11 251 956
11 253 9445
12 20 1493
12 21 4354
12 25 5736
12 27 7959
12 33 5780
12 40 3925
12 43 5441
12 44 6373
12 45 3453
12 46 6144
12 50 3373
12 59 9200
12 63 5646
12 70 8247
12 71 7740
12 72 7152
12 76 4286
12 77 9101
12 83 7080
12 89 2502
12 92 9184
12 93 8757
12 98 4696
12 102 5095
12 113 543
12 116 5135
12 122 92
12 123 4341
12 125 1598
12 127 2013
12 131 9542
12 135 8452
12 137 8536
12 138 3051
12 142 8108
12 144 6656
12 145 888
12 147 1308
12 153 9609
12 156 8227
12 159 3231
12 176 3729
12 178 3018
12 181 4032
12 182 7623
12 187 5087
12 188 433
12 195 4774
12 204 8585
12 212 3974
12 215 2778
12 217 24
12 224 3349
12 225 7341
12 226 4094
12 227 9866
12 238 4189
12 240 5487
12 241 9582
12 246 8290
12 248 5938
12 249 3335
13 14 5373
13 22 2680
13 30 4930
13 34 9146
13 39 945
13 46 3414
13 47 2568
13 58 7724
13 59 3409
13 60 2266
13 64 4910
13 68 1880
13 79 4411
13 86 1008
13 88 950
13 94 278
13 96 2987
13 103 4213
13 104 2441
13 105 3523
13 109 4175
13 117 6394
13 118 2522
13 119 6993
13 120 9173
13 124 9507
13 126 658
13 127 8767
13 130 8555
13 135 2005
13 136 5336
13 137 9208
13 141 8962
13 148 8423
13 153 7496
13 156 415
13 163 3191
13 167 2051
13 169 2965
13 170 7606
13 175 8972
13 178 5891
13 181 3056
13 185 1793
13 186 2263
13 192 1306
13 199 9477
13 200 9761
13 202 8826
13 204 8131
13 205 9592
13 206 7761
13 210 7937
13 212 9861
13 215 9745
13 220 1348
13 222 7141
13 223 4588
13 225 8975
13 231 5490
13 239 2943
13 240 4809
13 244 2392
13 245 7216
13 250 1969
13 251 3013
13 253 1374
14 33 6900
14 43 1611
14 49 9575
14 50 4982
14 52 5954
14 54 4180
14 59 249
14 60 5953
14 76 9941
14 80 334
14 84 5175
14 85 1661
14 87 6231
14 91 6437
14 98 6982
14 101 4895
14 102 4071
14 104 9175
14 111 6124
14 117 8236
14 123 5547
14 127 3219
14 133 776
14 134 6580
14 137 6816
14 139 2589
14 140 6865
14 142 1797
14 153 3707
14 154 9043
14 155 8337
14 156 5434
14 164 8845
14 165 154
14 168 7000
14 170 9829
14 175 1292
14 177 8656
14 179 9651
14 188 308
14 190 7543
14 192 3162
14 206 8737
14 213 7371
14 214 9656
14 215 9380
14 222 3435
14 225 4923
14 228 4505
14 230 2877
14 232 6462
14 233 9565
14 235 3023
14 239 2814
14 240 8523
14 244 4934
14 250 6244
15 22 397
15 27 7496
15 30 4601
15 33 9480
15 35 6046
15 36 3664
15 37 8183
15 51 7226
15 56 3549
15 59 4138
15 62 9025
15 65 813
15 80 413
15 81 1818
15 87 3802
15 88 3520
15 93 1053
15 94 1886
15 95 5852
15 97 8498
15 101 6473
15 105 4906
15 108 7718
15 111 1253
15 114 2750
15 119 9341
15 124 7076
15 126 4517
15 127 8077
15 129 9520
15 130 1466
15 132 3022
15 136 9074
15 145 2272
15 146 221
15 149 1399
15 154 3045
15 155 5319
15 159 7385
15 160 23
15 161 1827
15 169 91
15 182 8059
15 194 6857
15 195 9434
15 197 5388
15 213 1039
15 221 6597
15 222 1907
15 227 1057
15 232 4654
15 234 4087
15 236 5170
15 238 4747
15 244 8667
15 246 1717
15 249 6578
15 251 5186
16 17 5676
16 20 9726
16 21 850
16 22 5972
16 32 7759
16 36 4846
16 40 7863
16 41 7336
16 52 4603
16 58 1379
16 60 6478
16 61 6471
16 65 3829
16 66 1167
16 67 109
16 68 5788
16 72 6676
16 75 3939
16 77 3490
16 78 2203
16 79 5438
16 84 9332
16 87 9982
16 91 7206
16 94 3175
16 96 7955
16 100 5270
16 104 545
16 106 6288
16 112 1648
16 118 340
16 119 6936
16 126 4494
16 127 4710
16 129 1421
16 135 4257
16 137 3828
16 141 5661
16 147 196
16 148 7895
16 151 7241
16 156 7562
16 161 406
16 165 6690
16 169 215
16 170 9997
16 177 6703
16 187 9827
16 193 7717
16 194 7185
16 196 1652
16 197 3809
16 198 1853
16 203 6806
16 208 1749
16 209 7536
16 210 151
16 213 5157
16 219 2957
16 222 5191
16 223 3388
16 226 5437
16 228 274
16 229 1552
16 237 7087
16 238 8791
16 241 662
16 251 2111
17 20 2502
17 25 3529
17 26 653
17 33 7592
17 34 2585
17 38 1887
17 41 4049
17 42 7046
17 45 2060
17 49 4146
17 55 405
17 56 3846
17 61 6523
17 62 6966
17 72 8038
17 76 8992
17 78 6520
17 82 3405
17 84 9671
17 92 1597
17 94 3123
17 96 3073
17 103 9685
17 108 7647
17 110 7367
17 112 6586
17 127 1529
17 134 7332
17 138 5138
17 139 6916
17 142 4326
17 145 9533
17 146 6751
17 147 5045
17 148 6887
17 160 6929
17 161 861
17 162 9106
17 170 2039
17 173 9942
17 176 1167
17 177 1856
17 178 9168
17 181 7176
17 183 3298
17 188 2902
17 191 2587
17 192 5005
17 193 2171
17 203 923
17 206 8817
17 207 2624
17 210 36
17 212 8733
17 218 8218
17 219 4966
17 220 5484
17 221 2570
17 223 5385
17 224 1520
17 228 574
17 229 4148
17 231 7252
17 235 1021
17 236 3432
17 240 280
17 241 6241
18 20 4024
18 21 1377
18 28 9891
18 32 8472
18 37 8619
18 43 8384
18 44 6705
18 46 5625
18 47 8394
18 53 7009
18 65 9972
18 66 5859
18 72 8142
18 73 4550
18 74 4416
18 80 6289
18 92 2563
18 94 7769
18 99 5908
18 100 711
18 102 1322
18 117 8926
18 118 1490
18 129 6217
18 130 6059
18 134 5269
18 136 6847
18 138 558
18 139 767
18 140 3193
18 144 335
18 151 9251
18 160 4301
18 166 1760
18 168 9552
18 171 5133
18 176 7395
18 192 7913
18 199 6278
18 212 9486
18 214 600
18 215 9050
18 216 4640
18 220 4810
18 221 6307
18 222 2516
18 227 935
18 242 4921
18 243 2900
18 245 383
18 246 8450
18 249 9015
18 252 726
19 21 8763
19 23 9358
19 24 276
19 35 7925
19 41 9779
19 56 1468
19 59 2229
19 62 4046
19 64 5620
19 71 763
19 72 6151
19 77 3797
19 82 3218
19 83 2379
19 85 4604
19 99 8747
19 102 6096
19 108 5991
19 112 130
19 122 7521
19 124 9925
19 132 5224
19 136 6440
19 138 9058
19 149 585
19 150 8552
19 160 2321
19 163 7824
19 166 3442
19 167 5464
19 170 7524
19 172 9965
19 179 7059
19 193 9865
19 194 2270
19 195 4996
19 198 5335
19 218 1872
19 219 1546
19 230 3552
19 241 8467
19 243 6211
19 244 6186
19 245 1885
19 248 7548
20 25 5404
20 34 2030
20 46 2141
20 48 6346
20 49 4620
20 50 441
20 64 3767
20 74 7953
20 76 3669
20 77 6852
20 79 5694
20 81 4700
20 96 1709
20 102 4431
20 105 4343
20 108 7554
20 116 596
20 118 7101
20 120 3012
20 121 5373
20 124 8466
20 132 7585
20 133 5492
20 145 1324
20 146 192
20 147 6909
20 154 3620
20 157 5916
20 159 6789
20 160 8216
20 161 8065
20 163 4747
20 165 7603
20 166 1469
20 170 4403
20 171 8681
20 172 7
20 174 9671
20 180 9389
20 184 5893
20 185 2951
20 191 2262
20 193 5281
20 194 5708
20 197 391
20 198 6079
20 204 5224
20 206 7099
20 208 8362
20 226 5923
20 227 8334
20 231 1784
20 234 9134
20 241 4319
20 244 4752
20 251 3995
21 22 404
21 24 3042
21 28 902
21 31 1748
21 39 4238
21 44 1835
21 47 8192
21 49 6952
21 50 3808
21 51 4611
21 54 6338
21 59 3389
21 61 7109
21 72 1372
21 74 7445
21 75 5732
21 77 2298
21 81 3277
21 82 5496
21 83 8461
21 86 234
21 93 1893
21 94 8551
21 99 90
21 101 5614
21 104 4791
21 111 7141
21 112 3802
21 121 3675
21 124 5664
21 131 2313
21 133 8840
21 135 2826
21 139 2293
21 141 4570
21 158 4951
21 161 5384
21 164 1897
21 165 6633
21 187 3950
21 189 9683
21 201 320
21 202 7402
21 203 3234
21 204 2495
21 208 7554
21 209 8791
21 213 8615
21 218 8119
21 219 8235
21 222 1061
21 232 7259
21 242 412
21 244 7905
21 245 6375
21 247 2238
21 250 3789
22 26 5817
22 34 9967
22 37 63
22 38 7791
22 42 3761
22 49 5877
22 51 7260
22 59 3520
22 64 2315
22 69 8530
22 71 7659
22 81 2688
22 82 1150
22 83 7767
22 93 4028
22 97 5772
22 99 6965
22 100 465
22 102 364
22 109 3066
22 112 5711
22 113 3214
22 114 4903
22 122 8594
22 124 4582
22 125 4596
22 128 6749
22 133 2300
22 148 4216
22 149 1577
22 155 1457
22 156 7430
22 157 2396
22 158 4584
22 159 4527
22 161 7519
22 168 2535
22 173 1406
22 176 3665
22 182 4121
22 190 5180
22 201 6957
22 211 7662
22 213 8540
22 214 7450
22 219 7340
22 220 5736
22 232 7737
22 237 9363
22 240 2865
22 248 6773
22 253 2646
23 24 4599
23 25 1247
23 27 982
23 30 2766
23 31 587
23 32 9397
23 38 7901
23 47 1717
23 53 2661
23 59 61
23 61 2389
23 72 3419
23 74 4034
23 80 8932
23 83 7339
23 84 5251
23 85 2437
23 92 6502
23 93 947
23 100 4250
23 101 6005
23 103 2690
23 104 2541
23 115 9814
23 118 8876
23 120 9148
23 121 9937
23 122 7451
23 128 6107
23 129 4178
23 131 5106
23 134 690
23 145 9198
23 158 8528
23 159 8743
23 160 7409
23 165 600
23 168 8909
23 169 8862
23 170 5738
23 171 3650
23 176 2363
23 179 2668
23 183 7082
23 184 5566
23 188 2185
23 191 8473
23 195 4891
23 203 5162
23 204 5297
23 208 9707
23 209 9081
23 210 7264
23 212 6136
23 223 6503
23 224 7125
23 225 6218
23 231 2402
23 246 2245
23 252 405
24 33 916
24 35 350
24 40 3034
24 42 8773
24 45 2157
24 46 8290
24 48 80
24 49 5226
24 54 3070
24 62 3613
24 64 3882
24 67 3844
24 71 566
24 77 3475
24 80 5462
24 81 2832
24 83 8490
24 85 7612
24 89 6716
24 97 3459
24 98 6149
24 102 3053
24 103 6412
24 104 5666
24 107 6400
24 113 5937
24 114 9611
24 115 1020
24 120 8425
24 122 4810
24 126 4914
24 129 799
24 136 9528
24 139 6248
24 141 8502
24 146 4400
24 147 6055
24 151 5547
24 162 8737
24 163 850
24 167 8622
24 170 241
24 171 4154
24 172 4849
24 173 6775
24 176 212
24 177 6943
24 185 4725
24 189 153
24 192 2114
24 199 3297
24 203 7009
24 209 1420
24 215 7281
24 216 8005
24 218 4127
24 224 7086
24 225 9938
24 239 592
24 242 2828
24 243 537
24 246 5430
24 250 115
24 253 8899
25 26 5382
25 27 3360
25 28 7327
25 39 1485
25 41 3239
25 42 378
25 46 3694
25 49 6136
25 54 9286
25 56 6540
25 67 7951
25 68 8356
25 70 3534
25 71 8654
25 79 1509
25 81 6954
25 82 4067
25 85 3781
25 95 1289
25 116 7553
25 117 825
25 126 329
25 136 8163
25 141 6013
25 142 5104
25 148 4456
25 149 1474
25 150 8670
25 165 5066
25 166 9695
25 173 2520
25 185 1433
25 187 705
25 188 9605
25 202 9026
25 203 6223
25 206 9768
25 208 4974
25 211 233
25 216 820
25 218 6062
25 219 6510
25 221 9740
25 229 3231
25 232 3176
25 244 4364
25 247 868
26 35 2142
26 38 9998
26 46 6426
26 51 6738
26 53 9162
26 63 5463
26 67 8279
26 68 5419
26 70 6415
26 71 5459
26 73 9018
26 77 3997
26 84 5181
26 89 6335
26 91 3001
26 93 2903
26 98 2676
26 105 112
26 112 9719
26 115 6095
26 117 4701
26 120 5425
26 125 9786
26 130 5626
26 132 1178
26 138 1614
26 142 6973
26 144 7707
26 146 8489
26 147 8621
26 156 9932
26 162 6032
26 169 3746
26 173 704
26 174 5228
26 180 3755
26 183 2532
26 189 684
26 190 9959
26 198 288
26 205 8209
26 211 5902
26 212 5720
26 214 2453
26 217 6516
26 219 8409
26 220 1260
26 223 5116
26 226 3967
26 236 7582
26 237 3126
26 238 3448
26 239 2453
26 240 4374
26 251 828
27 28 2277
27 30 6727
27 37 7120
27 38 6064
27 44 4723
27 47 8008
27 49 4117
27 50 9686
27 53 8604
27 54 2614
27 56 1252
27 61 8088
27 83 5538
27 84 8276
27 85 5242
27 91 6641
27 102 2034
27 104 8649
27 106 3551
27 109 9143
27 111 4267
27 113 6838
27 116 2837
27 120 4912
27 121 5382
27 125 1802
27 128 1446
27 131 3516
27 136 1434
27 141 6007
27 145 4337
27 148 4320
27 156 1725
27 161 3292
27 165 263
27 169 8243
27 184 2786
27 186 1937
27 188 5856
27 190 1262
27 195 7894
27 202 9772
27 204 4174
27 207 6751
27 210 4391
27 225 2436
27 228 5155
27 234 1816
27 240 9739
27 241 2062
27 244 3129
27 245 5716
27 253 5622
28 34 9659
28 49 2489
28 53 9940
28 54 8977
28 58 6330
28 60 9631
28 64 4766
28 73 4601
28 77 4979
28 84 7288
28 85 6258
28 90 2676
28 94 9207
28 95 7940
28 101 55
28 104 8232
28 111 7202
28 121 3287
28 122 2589
28 128 8429
28 130 1249
28 145 2308
28 154 9139
28 155 1088
28 156 2447
28 160 2966
28 164 6001
28 166 908
28 168 3102
28 178 7557
28 181 2274
28 184 1967
28 186 1549
28 187 1180
28 188 7603
28 194 624
28 195 5847
28 196 9454
28 198 9506
28 202 6128
28 204 1557
28 205 7445
28 207 6048
28 208 8920
28 217 7197
28 237 4564
28 246 564
28 247 8346
28 252 832
28 253 7086
29 32 2778
29 37 4909
29 39 7502
29 44 8248
29 46 5453
29 50 1979
29 54 8805
29 68 356
29 76 1982
29 77 8448
29 78 2205
29 83 439
29 86 2717
29 88 1504
29 95 3983
29 98 5584
29 99 8084
29 100 318
29 104 2084
29 111 2161
29 113 8788
29 115 3270
29 116 8840
29 120 8141
29 125 3112
29 129 7621
29 132 1929
29 139 6855
29 144 4581
29 149 2268
29 155 4452
29 157 8356
29 170 4715
29 175 3241
29 179 6357
29 185 6190
29 187 9759
29 193 1727
29 194 2664
29 197 7353
29 198 9140
29 208 6283
29 217 4851
29 218 1070
29 221 7926
29 226 1808
29 235 7835
29 237 4008
29 238 2708
30 33 3087
30 38 5329
30 39 8136
30 43 6089
30 46 8948
30 49 9265
30 51 5570
30 53 2793
30 59 3639
30 70 4907
30 77 6611
30 80 3879
30 85 6703
30 90 6885
30 91 2388
30 94 3519
30 109 4699
30 111 2076
30 115 3137
30 119 6239
30 120 755
30 125 7650
30 126 6299
30 130 2453
30 131 9105
30 132 2023
30 138 1567
30 141 4105
30 144 828
30 145 2544
30 148 4391
30 162 8563
30 167 6579
30 170 9113
30 174 5691
30 180 8265
30 182 8572
30 188 202
30 194 6019
30 199 1368
30 204 7511
30 208 9920
30 209 6641
30 210 460
30 214 5314
30 226 728
30 227 6828
30 232 512
30 234 3465
30 239 4024
30 240 147
30 241 7306
30 243 6545
30 245 391
30 246 615
30 249 4168
30 251 9551
31 32 3244
31 36 1843
31 37 5736
31 41 2629
31 45 690
31 49 1513
31 54 8460
31 55 5438
31 67 489
31 85 6057
31 86 541
31 90 560
31 91 308
31 92 7
31 96 6357
31 98 6185
31 100 231
31 105 7178
31 109 7550
31 114 9122
31 119 1828
31 123 6605
31 127 3938
31 149 6996
31 150 1112
31 167 2494
31 168 1738
31 169 2224
31 170 5706
31 173 8332
31 174 8724
31 177 3881
31 178 9309
31 193 5592
31 202 6495
31 205 2192
31 217 3045
31 218 263
31 229 6268
31 230 4333
31 232 825
31 236 2255
31 237 7088
31 242 6542
31 246 2732
31 251 8176
31 253 3110
32 35 3723
32 44 2470
32 52 7141
32 55 4896
32 56 6688
32 58 9899
32 60 2692
32 61 1359
32 64 1665
32 65 1613
32 71 1728
32 85 7266
32 86 2891
32 87 8898
32 97 8131
32 100 5524
32 104 7725
32 108 5832
32 110 2292
32 111 5716
32 114 8466
32 115 5773
32 117 3483
32 119 3606
32 122 7264
32 124 5143
32 129 4124
32 133 7295
32 135 2494
32 149 2182
32 165 8236
32 168 4880
32 174 2532
32 176 4925
32 179 1536
32 180 9919
32 182 2564
32 186 9450
32 190 6400
32 196 2634
32 205 5639
32 207 780
32 210 4199
32 211 9352
32 222 9297
32 229 571
32 236 2810
32 237 9442
32 239 1680
32 244 3392
32 250 8585
32 253 6513
33 36 6113
33 37 6042
33 43 6426
33 45 9858
33 55 4456
33 58 9842
33 62 573
33 65 9666
33 66 2536
33 74 6499
33 88 9325
33 92 6280
33 95 8967
33 100 8407
33 104 3583
33 107 3518
33 110 3827
33 113 598
33 121 9260
33 144 8200
33 147 187
33 162 4133
33 167 8078
33 171 7290
33 174 309
33 176 9626
33 177 9382
33 182 5114
33 184 2227
33 195 9983
33 197 4608
33 203 5831
33 206 1460
33 213 7286
33 215 1414
33 218 1866
33 228 6515
33 230 7438
33 236 9829
33 239 3969
33 243 9050
33 244 2588
33 245 6215
33 248 6204
33 249 8408
33 253 9693
34 40 3720
34 43 640
34 44 1281
34 46 4920
34 47 1041
34 49 2906
34 50 7523
34 59 4101
34 61 6629
34 63 8619
34 64 390
34 65 7673
34 73 1947
34 79 8656
34 81 5104
34 83 3015
34 84 2615
34 91 4933
34 93 8872
34 95 2411
34 96 257
34 107 2016
34 111 6985
34 117 623
34 123 2512
34 125 7306
34 128 4059
34 129 1745
34 131 6285
34 133 6806
34 135 5125
34 139 815
34 141 9243
34 142 828
34 149 8300
34 152 2798
34 153 3594
34 162 5738
34 163 9202
34 166 7686
34 167 410
34 169 6159
34 177 2716
34 178 6481
34 180 8200
34 184 8654
34 192 5733
34 193 8030
34 194 1511
34 198 8047
34 208 1043
34 214 9939
34 235 346
34 238 3003
34 241 8721
34 243 1136
34 247 5670
35 50 3284
35 54 2187
35 55 2802
35 61 2170
35 62 5247
35 69 676
35 82 1091
35 83 3723
35 84 2263
35 86 3343
35 87 2911
35 90 9499
35 92 1789
35 94 1773
35 101 6727
35 104 7905
35 108 3050
35 109 3734
35 116 7419
35 119 6875
35 120 8369
35 121 2171
35 127 3772
35 137 8780
35 140 5828
35 145 7475
35 146 8416
35 150 7785
35 156 4666
35 166 3803
35 167 6283
35 169 1991
35 175 9311
35 177 4251
35 179 5474
35 186 7684
35 193 33
35 195 3446
35 196 4152
35 199 1840
35 202 8710
35 205 8936
35 211 9377
35 216 3413
35 217 8447
35 221 4525
35 223 3258
35 224 3898
35 229 1474
35 233 1511
35 234 7462
35 237 4034
35 238 4459
35 245 4450
35 248 2648
36 37 9386
36 38 9020
36 41 4049
36 43 2880
36 51 4165
36 55 1189
36 57 8647
36 60 3053
36 63 6129
36 65 3414
36 66 9346
36 69 4719
36 73 124
36 86 8300
36 91 350
36 96 8513
36 97 1497
36 102 5405
36 105 278
36 106 6377
36 111 4759
36 112 7349
36 114 8062
36 115 5436
36 118 1352
36 122 3212
36 127 193
36 128 2292
36 130 9644
36 131 1262
36 147 8738
36 148 3417
36 160 13
36 161 7575
36 163 4604
36 164 5040
36 169 6620
36 174 9519
36 175 4832
36 180 7213
36 183 8633
36 184 1594
36 189 9518
36 206 4098
36 207 8949
36 215 303
36 218 4205
36 219 8287
36 228 3125
36 235 2215
36 240 3608
36 246 6983
36 251 5472
37 43 4413
37 44 968
37 46 5495
37 52 9674
37 69 4797
37 71 4540
37 75 6364
37 80 901
37 84 213
37 88 6763
37 89 2827
37 92 8094
37 95 5761
37 100 1350
37 104 1334
37 109 1715
37 110 6282
37 111 3554
37 117 1473
37 121 7075
37 127 2435
37 132 4492
37 136 2484
37 138 5719
37 139 9049
37 140 2963
37 141 1712
37 143 7663
37 144 3276
37 149 5669
37 155 3445
37 157 2118
37 158 5506
37 159 1091
37 160 3129
37 161 2202
37 167 689
37 187 4331
37 190 3998
37 197 456
37 202 2662
37 205 8892
37 216 6609
37 221 1284
37 225 6830
37 226 8979
37 232 3620
37 236 5766
37 245 3394
37 248 5036
38 40 831
38 42 6419
38 43 5170
38 44 5988
38 52 1125
38 57 8816
38 62 7830
38 67 610
38 70 4872
38 77 2725
38 81 741
38 82 4924
38 87 5855
38 91 8814
38 98 9944
38 105 8720
38 107 6194
38 109 2038
38 112 3309
38 121 4366
38 125 781
38 127 9366
38 128 1154
38 134 9184
38 137 3684
38 139 2683
38 160 1497
38 163 274
38 167 2977
38 168 7747
38 169 8226
38 173 4434
38 175 4614
38 187 2159
38 190 1138
38 201 4199
38 211 2157
38 218 7344
38 222 6774
38 228 6495
38 229 9104
38 230 5391
38 240 5902
38 243 5029
38 245 13
38 249 9552
38 251 5996
39 41 3628
39 42 1886
39 43 8472
39 44 105
39 61 6019
39 62 6473
39 68 2176
39 75 5733
39 77 1348
39 86 7729
39 87 6097
39 88 2912
39 96 9046
39 97 6734
39 102 6672
39 109 9470
39 112 4365
39 118 1471
39 121 4716
39 122 9840
39 124 1928
39 129 6420
39 132 873
39 133 1735
39 144 2953
39 145 7504
39 152 1497
39 154 9083
39 155 4644
39 157 1260
39 158 9818
39 165 1281
39 166 805
39 168 4216
39 169 287
39 172 749
39 173 5702
39 176 4656
39 181 3011
39 184 3073
39 187 3918
39 191 1938
39 195 7381
39 203 9044
39 204 2192
39 205 3215
39 211 959
39 218 823
39 222 2786
39 227 4638
39 231 9662
39 237 5432
39 241 9994
39 244 9714
39 245 2373
39 251 6226
39 252 9927
40 41 5325
40 46 2360
40 47 4205
40 49 4085
40 50 7419
40 53 6660
40 54 7314
40 60 3380
40 62 7609
40 67 3456
40 70 6604
40 78 5093
40 82 4965
40 86 481
40 91 1178
40 92 2711
40 97 2203
40 103 7746
40 108 2227
40 111 5580
40 118 9011
40 122 6237
40 124 7230
40 129 3958
40 135 3998
40 139 7815
40 142 2409
40 143 9463
40 145 9983
40 152 9086
40 153 7729
40 158 3645
40 167 7663
40 169 7491
40 172 9142
40 179 8856
40 180 846
40 182 7571
40 183 5217
40 184 8428
40 189 7980
40 197 9091
40 200 4160
40 201 2762
40 202 8990
40 204 3181
40 207 5356
40 208 3613
40 214 6735
40 218 4768
40 223 7895
40 224 4027
40 228 2145
40 237 1610
40 241 3289
40 250 3989
40 251 7710
40 252 8972
41 42 6830
41 51 2297
41 54 840
41 56 8813
41 57 2487
41 58 1758
41 59 3745
41 64 4747
41 65 5779
41 66 6714
41 68 2183
41 70 2415
41 71 6485
41 72 447
41 83 1616
41 87 2709
41 91 5077
41 92 2965
41 99 578
41 105 7610
41 109 3106
41 113 8452
41 120 9545
41 124 2996
41 127 690
41 131 9037
41 136 2219
41 138 4159
41 141 7994
41 143 7660
41 146 4445
41 148 6895
41 149 4846
41 152 2800
41 156 732
41 157 9445
41 160 8519
41 164 6956
41 165 1227
41 170 8959
41 176 4091
41 184 2236
41 188 7738
41 191 8561
41 194 1247
41 202 4599
41 209 8028
41 210 9164
41 214 3319
41 216 2116
41 218 5913
41 223 7074
41 235 9979
41 242 5582
41 246 7900
41 253 1182
42 44 9534
42 49 2252
42 50 615
42 51 7831
42 55 2056
42 59 7569
42 65 7839
42 66 6007
42 67 2747
42 70 9259
42 77 9940
42 79 7791
42 81 9554
42 84 410
42 87 9137
42 90 6073
42 91 8080
42 95 8880
42 98 9500
42 101 5860
42 102 9263
42 109 5157
42 110 7381
42 112 3684
42 118 4505
42 119 848
42 122 3834
42 127 9872
42 129 1718
42 139 5866
42 142 5488
42 143 7378
42 144 58
42 150 7114
42 152 320
42 157 9571
42 159 3856
42 163 5286
42 164 9933
42 170 6763
42 171 4068
42 173 3779
42 185 9408
42 187 5565
42 190 2117
42 191 2707
42 195 9659
42 212 4233
42 219 864
42 220 813
42 224 6727
42 229 2462
42 230 8910
42 231 9907
42 240 6735
42 242 2927
43 46 2578
43 49 2076
43 50 2958
43 53 564
43 56 2140
43 57 9816
43 65 9854
43 77 6963
43 84 586
43 85 1557
43 88 8680
43 90 5486
43 104 1909
43 107 3156
43 108 6076
43 109 9190
43 113 7929
43 114 6425
43 116 653
43 117 5308
43 122 116
43 123 2391
43 125 8111
43 129 3369
43 131 1454
43 136 8170
43 144 47
43 146 4797
43 147 9358
43 149 3659
43 160 4179
43 162 6179
43 163 2111
43 164 7299
43 170 1570
43 173 6006
43 183 9121
43 187 9160
43 188 3914
43 199 9384
43 209 1701
43 210 2567
43 212 3149
43 214 5737
43 218 9719
43 222 6587
43 225 8181
43 229 158
43 230 5351
43 232 6293
43 233 1119
43 251 5334
43 253 5565
44 45 6499
44 55 6034
44 56 6435
44 57 3363
44 67 9830
44 70 8234
44 71 2879
44 72 4227
44 75 8362
44 78 6825
44 79 12
44 83 3387
44 99 8866
44 102 9328
44 109 2933
44 110 2093
44 111 6762
44 112 168
44 116 6338
44 123 1769
44 132 2396
44 137 5702
44 138 5066
44 142 5778
44 146 6800
44 160 5804
44 162 5577
44 163 8406
44 167 4249
44 168 6703
44 170 3660
44 171 1588
44 173 5976
44 176 3968
44 178 4073
44 182 9780
44 188 2466
44 201 9444
44 202 5271
44 205 3228
44 208 5861
44 210 6543
44 213 1499
44 218 5767
44 223 1200
44 224 1537
44 227 7808
44 229 5421
44 233 9264
44 236 3086
44 237 1457
44 240 5772
44 247 8692
44 251 4133
44 252 4596
44 253 7945
45 46 7913
45 47 8258
45 51 416
45 88 8895
45 92 6130
45 93 3990
45 95 2672
45 97 1609
45 105 1707
45 107 7289
45 114 705
45 119 9253
45 121 8965
45 126 1527
45 133 9429
45 134 3563
45 135 3233
45 136 4551
45 140 3525
45 147 8613
45 152 3110
45 159 8877
45 163 8682
45 164 9948
45 168 6222
45 173 691
45 189 8975
45 201 2613
45 208 7071
45 209 2921
45 215 2324
45 231 1919
45 239 6254
45 248 6566
45 251 3262
46 50 8693
46 55 8699
46 57 3493
46 58 2872
46 64 643
46 66 4269
46 70 5514
46 72 8210
46 82 5846
46 84 7745
46 91 5916
46 95 1457
46 96 2052
46 97 4839
46 104 5602
46 108 9641
46 114 7370
46 116 48
46 119 8916
46 125 2118
46 126 9846
46 132 4464
46 135 87
46 139 3352
46 140 2917
46 144 409
46 154 2267
46 158 4354
46 162 3687
46 164 7414
46 168 4104
46 169 770
46 170 9418
46 172 1990
46 185 9796
46 189 5935
46 190 3124
46 193 168
46 197 6150
46 201 3533
46 205 9458
46 208 3200
46 210 3179
46 212 7550
46 213 600
46 216 6987
46 221 895
46 223 2228
46 230 9770
46 232 9338
46 234 2751
46 235 26
46 242 6951
46 249 8952
46 250 6397
47 48 1404
47 53 2172
47 56 4791
47 72 2226
47 73 2768
47 76 8045
47 78 7219
47 82 630
47 86 3406
47 90 3655
47 92 7804
47 97 640
47 104 4353
47 106 2975
47 110 4186
47 115 359
47 117 2565
47 125 9011
47 126 8205
47 128 4797
47 139 4111
47 144 7263
47 145 4756
47 146 5694
47 147 2682
47 153 3857
47 156 1427
47 159 7371
47 168 2356
47 171 8305
47 174 949
47 178 9627
47 194 805
47 196 9311
47 198 6522
47 199 3648
47 203 1755
47 205 8238
47 211 8040
47 217 667
47 218 157
47 225 8580
47 228 1505
47 234 9574
47 237 714
47 247 2421
47 251 5492
48 49 5062
48 51 1434
48 55 4663
48 67 8094
48 68 5295
48 71 4209
48 76 7004
48 81 2001
48 86 282
48 91 7486
48 95 5118
48 102 8774
48 104 1314
48 109 636
48 120 3619
48 139 5333
48 140 9425
48 143 9601
48 147 782
48 149 6351
48 151 4603
48 153 7927
48 162 7797
48 163 1087
48 165 5683
48 168 4867
48 169 9133
48 172 6032
48 174 1560
48 182 9140
48 183 3354
48 186 5242
48 187 7942
48 191 8341
48 196 3482
48 211 4807
48 212 1237
48 217 7239
48 219 9587
48 225 2186
48 227 9937
48 236 3186
48 237 507
48 238 2575
48 244 5610
48 247 4306
48 250 3858
49 55 9063
49 62 3605
49 66 250
49 69 6704
49 75 3402
49 85 9336
49 86 9817
49 87 6210
49 92 6565
49 100 6991
49 108 1438
49 109 4240
49 113 7551
49 118 9616
49 119 1880
49 121 7603
49 125 1903
49 126 1379
49 128 2568
49 130 3790
49 132 7691
49 133 5312
49 143 8435
49 146 3764
49 147 6228
49 152 7842
49 163 6146
49 165 5568
49 170 440
49 171 4624
49 172 2653
49 173 8714
49 177 7992
49 184 8900
49 185 4524
49 191 4573
49 193 311
49 196 7584
49 197 9522
49 200 2287
49 201 2052
49 203 1975
49 208 3520
49 209 6536
49 210 6011
49 211 8175
49 212 3351
49 213 2344
49 214 883
49 215 7980
49 217 2993
49 218 7168
49 220 8907
49 221 5563
49 222 4133
49 224 7466
49 227 9181
49 228 6016
49 229 6336
49 230 9164
49 231 3648
49 233 6102
49 238 1239
49 244 5311
49 246 3232
49 252 7137
50 51 4759
50 52 7185
50 53 2293
50 60 804
50 64 8622
50 75 2237
50 77 7593
50 81 7812
50 82 8553
50 86 2020
50 93 1772
50 95 2612
50 103 7244
50 110 4211
50 123 1229
50 124 4420
50 128 9196
50 129 2304
50 131 2108
50 133 71
50 135 7175
50 137 4178
50 139 716
50 140 8617
50 142 2430
50 143 8378
50 147 7180
50 152 8340
50 153 3854
50 154 3546
50 155 5181
50 157 2326
50 160 8815
50 161 9852
50 162 4212
50 166 640
50 168 6492
50 174 8067
50 182 343
50 188 1772
50 191 3512
50 192 6901
50 208 7228
50 213 1135
50 217 6690
50 222 4699
50 228 4770
50 230 3763
50 237 8926
50 238 7518
50 239 2260
50 240 4503
51 53 9604
51 59 4397
51 60 2482
51 67 4759
51 70 1972
51 76 8743
51 78 9271
51 87 6247
51 88 6948
51 93 9953
51 97 2208
51 102 5485
51 104 6589
51 105 3542
51 108 7431
51 113 5503
51 118 2083
51 122 5958
51 128 8299
51 137 3359
51 139 2520
51 146 2861
51 148 2952
51 151 7310
51 152 3570
51 160 4275
51 168 4272
51 170 7214
51 173 9295
51 175 2367
51 178 5202
51 190 2389
51 191 2081
51 193 2900
51 195 6414
51 198 8125
51 199 6798
51 200 1007
51 205 2083
51 206 3886
51 208 9789
51 216 3168
51 218 6937
51 221 9806
51 223 1163
51 232 6857
51 236 8953
51 238 2157
51 241 5505
51 243 2356
51 247 5024
51 248 1767
51 252 5197
52 58 9642
52 59 6421
52 60 2529
52 65 6490
52 73 6366
52 76 7786
52 83 2662
52 84 7705
52 88 5093
52 89 8104
52 90 5984
52 91 394
52 95 1371
52 99 9352
52 103 4612
52 106 843
52 107 4039
52 128 2399
52 130 5143
52 143 1387
52 149 5734
52 153 3158
52 160 9715
52 166 2895
52 169 4785
52 171 7370
52 176 5113
52 178 4739
52 181 5622
52 185 7359
52 189 5117
52 194 5138
52 195 3988
52 196 72
52 197 9668
52 199 9575
52 203 3341
52 206 3986
52 211 1117
52 214 2071
52 219 7763
52 227 4949
52 233 1290
52 235 1013
52 236 8493
52 253 3051
53 64 9809
53 66 1487
53 68 8111
53 69 5049
53 78 6404
53 79 6196
53 84 5239
53 87 5551
53 89 9913
53 94 8310
53 99 2964
53 102 729
53 104 5027
53 106 1
53 109 7036
53 112 6250
53 115 2599
53 118 5971
53 125 2413
53 128 9728
53 130 6308
53 139 2756
53 142 6299
53 144 1757
53 145 6296
53 146 8315
53 151 2819
53 161 3741
53 163 9799
53 164 5339
53 165 9864
53 169 8556
53 172 9976
53 174 3787
53 175 6434
53 176 5222
53 178 488
53 182 6849
53 188 7077
53 198 4352
53 199 7903
53 204 4157
53 205 1374
53 206 2021
53 213 3595
53 215 7660
53 216 4018
53 217 5976
53 218 1499
53 220 7219
53 223 2439
53 227 1892
53 231 342
53 232 8844
53 233 3439
53 239 2984
53 245 9911
53 248 9767
53 252 6936
54 56 4958
54 58 456
54 65 1901
54 77 6815
54 82 9374
54 84 1350
54 89 3474
54 98 6086
54 102 3059
54 103 2803
54 107 5955
54 110 8701
54 111 8107
54 117 447
54 129 449
54 132 2273
54 135 3393
54 142 3365
54 145 9858
54 151 5786
54 152 8870
54 158 3625
54 160 3841
54 162 6252
54 163 7057
54 174 3442
54 177 104
54 178 2642
54 181 7472
54 188 4166
54 189 5306
54 191 3458
54 195 665
54 197 5316
54 199 7603
54 201 8013
54 211 8815
54 215 3978
54 216 3000
54 219 758
54 222 538
54 225 8848
54 229 2495
54 232 9816
54 236 2678
54 240 7722
54 251 1727
54 252 9007
54 253 4537
55 63 6729
55 64 3045
55 68 6377
55 78 6127
55 80 6650
55 82 6518
55 84 5872
55 85 1394
55 86 5923
55 94 1748
55 99 9808
55 102 1035
55 105 8638
55 111 1808
55 118 5800
55 131 75
55 142 7816
55 143 7944
55 147 941
55 150 32
55 152 7330
55 155 536
55 158 4849
55 171 3009
55 173 7077
55 175 5312
55 179 6075
55 184 4378
55 186 2018
55 190 9860
55 191 1342
55 202 6563
55 204 6970
55 207 1432
55 211 4436
55 217 1738
55 219 8821
55 223 8850
55 229 2832
55 236 6720
55 239 8820
55 243 7192
55 244 7516
55 245 1904
55 249 1032
56 57 4105
56 61 1630
56 63 8769
56 66 7755
56 67 8374
56 73 9520
56 79 7426
56 85 7531
56 86 6167
56 87 9070
56 88 7041
56 90 6663
56 92 9682
56 95 3960
56 98 7581
56 101 9809
56 105 7908
56 106 1683
56 110 1305
56 121 7454
56 128 6460
56 129 7898
56 130 524
56 133 9334
56 137 1755
56 140 3560
56 147 6820
56 148 5818
56 150 5653
56 151 1073
56 154 388
56 157 4769
56 158 7830
56 163 1985
56 164 4020
56 165 2618
56 166 9898
56 167 2865
56 170 2622
56 172 8974
56 177 817
56 179 903
56 184 1333
56 197 6808
56 199 4571
56 201 9716
56 202 4559
56 204 7830
56 207 2956
56 214 7107
56 215 3741
56 216 9511
56 223 2713
56 229 6642
56 231 538
56 246 7971
56 247 4891
56 249 5371
57 61 6907
57 66 6375
57 67 1152
57 68 4348
57 69 6141
57 76 8108
57 78 6088
57 83 5665
57 86 3248
57 90 3644
57 92 8523
57 94 3869
57 99 390
57 103 2029
57 106 334
57 108 5742
57 110 2340
57 119 3272
57 122 2321
57 127 7465
57 129 8559
57 131 9734
57 134 793
57 142 7661
57 147 3397
57 154 6087
57 155 9714
57 158 8593
57 162 4910
57 163 1791
57 166 9168
57 167 3164
57 170 4543
57 174 1952
57 179 9465
57 180 4634
57 184 1761
57 185 6634
57 190 1497
57 196 9920
57 204 2383
57 205 5354
57 212 2831
57 218 8927
57 220 3299
57 223 2422
57 225 6660
57 228 7158
57 231 2805
57 238 7615
57 241 6583
57 242 5856
57 247 88
57 248 7190
57 250 3875
57 251 9309
57 252 1106
58 60 2313
58 62 9295
58 65 6578
58 77 2053
58 86 2350
58 89 3123
58 91 8843
58 94 9045
58 98 4941
58 104 8546
58 109 8068
58 111 9302
58 112 1294
58 124 1938
58 125 9333
58 130 756
58 132 5205
58 141 189
58 142 586
58 145 5482
58 149 4101
58 152 6931
58 155 1604
58 168 6213
58 170 7623
58 180 7940
58 183 1971
58 189 7922
58 191 9921
58 198 3477
58 202 9982
58 206 7581
58 219 7507
58 220 3579
58 227 7559
58 228 8312
58 229 2213
58 233 6894
58 234 2084
58 238 1788
58 244 4291
58 245 7544
58 248 8017
58 250 3751
58 251 2468
58 253 8279
59 60 2924
59 63 5281
59 64 5538
59 65 4285
59 67 7999
59 76 9800
59 79 2843
59 80 8966
59 82 2609
59 95 6931
59 99 6651
59 110 8241
59 113 7579
59 116 9820
59 120 6319
59 132 4974
59 133 8593
59 138 2032
59 139 7268
59 140 218
59 146 6234
59 157 7627
59 158 2948
59 160 2394
59 162 1247
59 165 161
59 167 613
59 174 6452
59 177 8179
59 186 4450
59 191 6895
59 196 8039
59 199 1019
59 200 1323
59 207 3094
59 210 8535
59 213 8513
59 214 522
59 218 1171
59 221 6646
59 222 2682
59 230 7838
59 233 2520
59 234 636
59 241 5466
59 244 8685
59 245 9531
59 247 1025
59 251 8670
60 63 593
60 67 8547
60 76 7165
60 78 8433
60 81 1686
60 82 7452
60 84 5177
60 88 5924
60 89 1254
60 91 2010
60 100 9239
60 102 6292
60 103 4830
60 119 1791
60 122 1023
60 130 2229
60 132 5063
60 133 9263
60 134 6388
60 136 4315
60 137 2310
60 138 5478
60 139 7452
60 141 3830
60 143 4288
60 144 3860
60 149 5830
60 151 4694
60 155 6420
60 158 6299
60 162 868
60 167 8242
60 169 2046
60 171 3477
60 172 2374
60 173 3669
60 186 4857
60 187 2570
60 193 8454
60 194 570
60 205 1382
60 206 865
60 207 4214
60 210 4458
60 212 8317
60 216 8924
60 226 8328
60 228 3290
60 229 2068
60 231 6051
60 233 8692
61 66 391
61 70 7811
61 71 5302
61 75 7656
61 82 9478
61 87 757
61 88 5749
61 91 35
61 95 685
61 96 7073
61 99 8054
61 100 9741
61 102 3280
61 108 3100
61 110 907
61 112 8580
61 115 2163
61 117 7734
61 118 8400
61 123 1244
61 124 8139
61 126 9270
61 130 7390
61 131 9117
61 134 5585
61 141 4756
61 146 3950
61 151 1854
61 174 5241
61 178 4650
61 181 5943
61 183 3647
61 186 8657
61 188 829
61 192 3786
61 194 5513
61 202 9745
61 203 9487
61 205 4335
61 207 8049
61 210 6763
61 211 8305
61 216 8407
61 233 9972
61 234 5608
61 237 412
61 240 6065
61 244 7853
61 248 3147
61 251 9574
61 252 4747
62 73 9271
62 76 2352
62 99 4183
62 106 2125
62 109 610
62 110 2130
62 111 3450
62 112 7800
62 123 2218
62 124 7629
62 141 3071
62 145 8862
62 146 994
62 148 5302
62 149 2018
62 153 1633
62 156 1216
62 157 8009
62 163 3736
62 165 8128
62 168 740
62 172 5106
62 174 6640
62 180 9998
62 183 4753
62 184 2017
62 186 1477
62 187 9444
62 196 9947
62 201 2788
62 202 1282
62 205 7643
62 208 9711
62 209 7477
62 212 1737
62 214 7718
62 223 8971
62 224 5110
62 225 635
62 227 2916
62 231 9785
62 233 6367
62 236 5406
62 243 1332
62 247 8465
62 251 9262
63 66 2561
63 69 5975
63 75 7211
63 77 8695
63 79 4824
63 80 9460
63 83 5952
63 84 1911
63 98 6738
63 99 645
63 102 9694
63 107 9691
63 110 788
63 114 9294
63 116 3408
63 121 4894
63 127 8279
63 140 9977
63 141 7912
63 142 5302
63 146 2694
63 151 2385
63 152 8556
63 158 7907
63 160 578
63 166 9251
63 169 8005
63 177 5727
63 179 4032
63 180 7584
63 184 3589
63 191 3668
63 192 8956
63 194 4867
63 196 8141
63 199 5332
63 200 5576
63 201 4679
63 204 1995
63 222 4789
63 234 2753
63 235 2222
63 241 1145
63 251 2730
63 252 4650
64 65 3551
64 75 8006
64 76 3269
64 81 9624
64 84 386
64 87 6521
64 90 7071
64 99 4746
64 100 9146
64 107 6201
64 109 5668
64 113 2637
64 121 3343
64 122 3016
64 123 4455
64 127 3775
64 128 5046
64 137 6688
64 140 8836
64 151 2709
64 156 3579
64 157 9839
64 162 6096
64 163 5512
64 169 1857
64 171 8102
64 176 330
64 177 2006
64 179 8444
64 181 1376
64 182 9710
64 183 2236
64 184 3099
64 187 1042
64 197 3436
64 199 7731
64 200 5300
64 202 8777
64 205 3725
64 209 5131
64 214 3993
64 216 2899
64 217 4668
64 229 4157
64 230 2558
64 231 2748
64 234 1973
64 237 1992
64 246 687
64 252 4749
64 253 2244
65 68 9577
65 70 6138
65 74 8516
65 75 6034
65 77 4936
65 80 5281
65 81 6831
65 84 837
65 89 41
65 103 972
65 106 8580
65 122 1322
65 123 7102
65 129 7047
65 130 8369
65 140 3056
65 145 7331
65 148 7723
65 155 5808
65 163 4332
65 175 3321
65 177 7715
65 178 2371
65 181 8887
65 183 4417
65 198 1583
65 199 3820
65 200 285
65 215 2630
65 220 1121
65 226 2322
65 229 1213
65 230 6119
65 240 2023
65 250 4940
65 252 1122
66 67 7908
66 68 6511
66 70 5427
66 72 2575
66 73 9794
66 74 2031
66 77 6289
66 78 8044
66 81 6393
66 84 2612
66 85 8262
66 90 4122
66 92 418
66 97 6246
66 99 1997
66 106 4642
66 108 3607
66 114 9995
66 116 4907
66 127 4441
66 130 3318
66 139 261
66 142 4128
66 152 356
66 154 8810
66 158 2485
66 161 4166
66 163 3754
66 169 4594
66 171 6111
66 173 4867
66 177 4431
66 180 7301
66 185 1081
66 191 8883
66 207 5475
66 210 6336
66 211 6544
66 213 1380
66 216 684
66 217 6438
66 224 9995
66 227 2181
66 242 3541
67 68 5928
67 69 6794
67 72 5161
67 74 6691
67 86 7846
67 93 8460
67 97 780
67 98 7397
67 100 3990
67 111 3710
67 117 6441
67 123 9638
67 129 6703
67 130 8095
67 131 56
67 138 3702
67 142 9890
67 144 5212
67 145 8599
67 150 7632
67 152 1033
67 157 3197
67 162 9122
67 166 186
67 167 2946
67 172 346
67 184 4996
67 185 6305
67 190 5393
67 201 2610
67 203 9500
67 207 7835
67 210 8950
67 215 8
67 218 7133
67 220 1151
67 229 3919
67 236 6368
67 237 8619
67 242 5833
67 248 4206
67 249 6149
67 250 2971
68 69 6985
68 70 5135
68 74 8131
68 75 1843
68 78 4165
68 80 2408
68 85 6013
68 88 9134
68 92 8604
68 97 1141
68 103 9692
68 104 8760
68 108 1090
68 117 4054
68 125 4157
68 133 3183
68 136 5261
68 143 6858
68 144 1653
68 149 4394
68 154 295
68 157 1867
68 160 6533
68 164 1981
68 172 5945
68 173 7933
68 174 996
68 176 6738
68 177 5110
68 182 8650
68 193 7316
68 197 4388
68 198 5740
68 199 8548
68 207 4652
68 215 2926
68 219 2943
68 222 348
68 227 4415
68 228 2947
68 234 2083
68 237 2078
68 242 9550
68 249 8255
68 250 680
68 252 69
69 70 6937
69 74 6325
69 82 8249
69 83 2504
69 90 9025
69 91 2297
69 95 5573
69 99 5652
69 102 1997
69 109 7281
69 110 2463
69 116 8636
69 118 4989
69 121 6064
69 122 2026
69 123 7163
69 128 5741
69 132 1068
69 135 6894
69 136 941
69 137 7253
69 138 8820
69 140 422
69 143 2819
69 146 4279
69 152 3608
69 154 4380
69 167 1051
69 168 6446
69 173 2453
69 178 4829
69 184 9079
69 191 4636
69 196 5170
69 205 4123
69 206 882
69 208 656
69 209 9296
69 211 7879
69 212 4267
69 214 7604
69 219 3439
69 221 3733
69 222 7289
69 225 6381
69 227 7619
69 237 1736
69 238 2517
69 250 728
69 251 6823
69 253 5690
70 81 1442
70 85 5737
70 88 4454
70 93 9148
70 96 4875
70 100 5447
70 101 1548
70 103 9249
70 109 8793
70 114 9229
70 122 2085
70 126 4242
70 127 504
70 130 1521
70 133 5199
70 138 208
70 141 3652
70 144 5462
70 145 3732
70 147 4925
70 152 3091
70 168 3866
70 176 7378
70 181 2705
70 197 3099
70 199 864
70 201 7082
70 206 2592
70 211 8901
70 212 2200
70 215 4250
70 217 973
70 223 9490
70 227 2234
70 229 3675
70 232 5955
70 242 5558
70 244 4751
70 253 996
71 79 1127
71 83 5493
71 87 2387
71 91 5714
71 95 1178
71 99 9652
71 102 6743
71 103 7726
71 111 6621
71 112 653
71 116 2189
71 117 6105
71 119 7795
71 123 4719
71 135 5981
71 137 5379
71 140 713
71 141 3220
71 150 8744
71 154 9894
71 155 4432
71 165 2822
71 166 4865
71 169 3427
71 177 5267
71 178 9744
71 179 6125
71 180 488
71 184 8919
71 187 1579
71 191 7026
71 192 5091
71 195 9020
71 198 1675
71 199 3105
71 202 4104
71 206 6361
71 212 932
71 213 6055
71 215 7573
71 220 4452
71 222 3795
71 227 2789
71 233 7805
71 239 687
71 240 8739
71 247 6322
71 250 8808
72 76 5535
72 79 8747
72 103 3549
72 105 7097
72 112 513
72 118 7717
72 119 9781
72 120 8539
72 121 625
72 123 2410
72 125 7411
72 127 8930
72 128 1396
72 129 2201
72 131 8026
72 141 2852
72 142 3088
72 150 2792
72 153 4356
72 158 2418
72 160 9511
72 166 5889
72 175 5628
72 179 8237
72 183 164
72 188 5540
72 190 501
72 191 7043
72 194 4687
72 203 339
72 205 540
72 216 4470
72 219 9073
72 224 2867
72 232 6100
72 237 4484
72 241 8312
72 246 7826
72 253 8738
73 76 1967
73 80 2576
73 84 2325
73 88 7828
73 93 3307
73 96 4900
73 99 6861
73 100 898
73 104 8918
73 121 981
73 126 4170
73 131 2678
73 137 3260
73 146 4043
73 150 5733
73 154 5868
73 155 1990
73 156 8581
73 160 7308
73 161 2541
73 164 3790
73 166 4277
73 168 9422
73 169 5662
73 170 2887
73 171 1048
73 173 7885
73 175 1370
73 177 4690
73 187 3564
73 190 5088
73 206 1856
73 207 1194
73 212 2067
73 219 8
73 224 8562
73 226 5762
73 228 271
73 232 1132
73 248 4471
74 75 7715
74 80 9884
74 85 7134
74 89 4281
74 93 1895
74 94 7510
74 95 8667
74 99 2012
74 102 5792
74 107 4811
74 109 2027
74 114 9793
74 124 2061
74 127 6400
74 132 1246
74 140 1735
74 141 5601
74 143 2927
74 146 2176
74 149 1403
74 154 8138
74 159 5076
74 161 7764
74 162 1930
74 164 2840
74 167 9028
74 182 4357
74 188 6903
74 189 9382
74 192 6106
74 193 1578
74 198 5725
74 201 7867
74 202 8562
74 207 5482
74 212 7866
74 213 8520
74 214 9559
74 218 2003
74 219 488
74 220 1798
74 226 6024
74 234 3734
74 237 6706
74 243 4302
74 246 7059
74 250 360
74 253 5100
75 77 2076
75 80 2979
75 86 3918
75 94 22
75 98 5534
75 99 2330
75 106 1385
75 112 3642
75 114 6479
75 117 8598
75 128 7646
75 135 6142
75 172 5559
75 179 5517
75 183 2681
75 189 4442
75 190 4873
75 196 3245
75 197 447
75 204 4094
75 208 8288
75 211 2000
75 216 7218
75 218 4967
75 222 1535
75 225 3770
75 227 3960
75 231 3785
75 236 395
75 238 9779
75 240 2949
75 241 2107
75 242 1671
75 246 8173
75 250 7507
76 77 2822
76 80 7602
76 81 9112
76 82 3266
76 83 2378
76 89 4701
76 91 3
76 96 7088
76 98 5867
76 104 1088
76 113 9538
76 119 312
76 120 1034
76 131 9741
76 141 1939
76 154 8875
76 181 8154
76 185 2962
76 187 2537
76 189 6024
76 193 806
76 207 6241
76 208 6209
76 212 9197
76 214 571
76 221 9038
76 222 4959
76 223 2986
76 224 890
76 227 6902
76 240 6742
76 242 7543
76 245 7197
76 246 9990
76 247 1973
76 249 631
76 251 6743
76 252 2388
77 89 9405
77 90 9598
77 93 2388
77 103 8097
77 108 8545
77 112 2597
77 113 1906
77 115 6405
77 116 5292
77 123 7173
77 137 9101
77 139 9775
77 141 7469
77 144 8721
77 148 5306
77 149 2806
77 153 6542
77 157 1693
77 160 7284
77 165 9044
77 167 9129
77 170 2162
77 172 2221
77 174 6028
77 181 7219
77 189 7982
77 193 8278
77 197 8656
77 200 3385
77 201 8481
77 204 3333
77 207 9415
77 210 4398
77 212 554
77 229 6201
77 237 5672
77 243 1498
77 247 4402
78 87 9992
78 89 3135
78 91 3086
78 99 6477
78 110 3159
78 111 5034
78 112 1345
78 127 271
78 130 8425
78 131 8628
78 132 9133
78 137 72
78 139 370
78 150 1258
78 152 1307
78 153 6651
78 157 1503
78 161 5015
78 168 634
78 171 5369
78 175 5438
78 180 8262
78 185 2252
78 186 1519
78 187 7561
78 189 6936
78 192 2736
78 194 1858
78 195 63
78 196 299
78 199 4241
78 201 3876
78 213 3100
78 214 5931
78 218 2349
78 225 5046
78 235 1505
78 253 446
79 85 1135
79 86 4496
79 88 1330
79 90 9002
79 91 831
79 93 8748
79 101 5823
79 102 2520
79 104 2401
79 110 7157
79 112 8277
79 113 1233
79 121 7230
79 124 8104
79 127 3200
79 130 8854
79 133 1596
79 141 6129
79 142 1414
79 144 8386
79 150 5965
79 152 7461
79 157 332
79 160 5729
79 161 9478
79 165 1622
79 166 8911
79 167 2986
79 168 192
79 171 8845
79 174 7345
79 181 9173
79 184 4855
79 190 4405
79 197 9269
79 199 7512
79 200 196
79 216 7919
79 218 8959
79 228 4326
79 236 5986
79 242 3110
80 81 220
80 83 7570
80 85 8848
80 86 4210
80 89 5874
80 104 2448
80 106 5538
80 116 5634
80 119 2719
80 121 1665
80 125 2773
80 129 1838
80 133 1810
80 136 6272
80 139 2443
80 144 1219
80 146 9576
80 147 3694
80 151 592
80 153 3291
80 158 6066
80 162 9902
80 170 9908
80 183 5477
80 184 5601
80 192 9126
80 199 2222
80 200 5486
80 211 5760
80 214 2325
80 218 8544
80 222 5058
80 225 2884
80 230 8597
80 232 9451
80 233 9650
80 243 3415
80 246 5945
80 248 5075
80 249 9561
80 252 3922
81 84 228
81 88 6099
81 103 7723
81 104 6536
81 111 9317
81 117 266
81 123 5633
81 125 8538
81 129 8161
81 134 3877
81 143 7030
81 148 5175
81 161 8493
81 166 1867
81 170 7302
81 177 4347
81 188 9175
81 189 847
81 192 2354
81 194 9616
81 195 8908
81 202 9617
81 204 9130
81 207 8662
81 210 5252
81 212 7597
81 216 138
81 218 7834
81 220 610
81 223 3337
81 226 8909
81 230 5264
81 235 9094
81 236 284
81 243 5923
81 246 4232
81 249 8261
82 84 8728
82 88 7705
82 89 3947
82 95 2806
82 100 723
82 102 4558
82 103 6716
82 110 944
82 114 9839
82 122 867
82 128 7376
82 130 9298
82 132 7934
82 137 4461
82 143 8961
82 145 6662
82 156 724
82 160 5858
82 162 7838
82 172 7391
82 174 7324
82 177 3228
82 178 4026
82 182 3237
82 189 5293
82 190 9794
82 193 5058
82 194 7773
82 196 9240
82 198 7253
82 200 4129
82 206 8210
82 215 8506
82 221 6409
82 227 7674
82 228 5054
82 229 6119
82 234 4496
82 238 3401
82 239 1200
82 251 9510
83 88 8940
83 90 6271
83 97 3645
83 98 1743
83 101 5293
83 104 1344
83 112 1479
83 119 5114
83 121 5109
83 125 2688
83 129 7920
83 131 2972
83 134 2143
83 139 5911
83 140 306
83 141 5108
83 142 3498
83 145 9278
83 159 2197
83 162 5283
83 165 7530
83 172 3293
83 173 4148
83 176 2306
83 177 5971
83 184 979
83 189 9035
83 190 7781
83 193 9677
83 196 3858
83 199 8772
83 201 3176
83 203 5268
83 207 1597
83 208 3158
83 209 7922
83 216 7761
83 217 4134
83 227 5429
83 233 5658
83 237 5817
83 244 7598
83 250 4331
84 89 1066
84 91 395
84 94 8496
84 97 8511
84 100 9907
84 102 8718
84 103 9346
84 108 6804
84 112 9307
84 113 881
84 121 4005
84 123 4909
84 130 9542
84 141 2969
84 142 2063
84 144 4960
84 148 501
84 149 1486
84 150 9989
84 156 5463
84 158 3668
84 161 9698
84 165 3652
84 166 4512
84 171 6793
84 179 471
84 180 5920
84 182 6654
84 185 4070
84 196 1561
84 197 2413
84 200 9761
84 201 1659
84 203 2258
84 207 8561
84 209 6114
84 210 5089
84 217 2783
84 232 1128
84 235 2992
84 242 3048
84 248 5801
84 250 6502
85 92 625
85 94 1437
85 98 2775
85 99 8291
85 100 156
85 103 6584
85 109 8023
85 111 1242
85 116 417
85 117 9948
85 122 2508
85 123 9993
85 130 2676
85 145 2109
85 147 176
85 152 6567
85 154 9347
85 158 8973
85 159 2337
85 162 8834
85 169 3436
85 171 6864
85 174 1541
85 175 1902
85 181 8927
85 187 4178
85 196 6876
85 197 2981
85 198 6744
85 199 5177
85 203 9362
85 207 9024
85 209 6754
85 210 2637
85 215 3255
85 220 4494
85 223 3110
85 227 727
85 232 2586
85 234 8332
85 236 8299
85 238 2585
85 240 6085
85 242 4615
85 252 6390
85 253 2992
86 89 5383
86 92 2480
86 95 3196
86 97 4083
86 102 5160
86 103 2431
86 114 3094
86 116 9744
86 117 7191
86 122 2395
86 124 8205
86 129 8249
86 130 5405
86 139 4660
86 141 5795
86 143 3068
86 148 870
86 151 2705
86 155 7098
86 157 9947
86 162 2537
86 169 4685
86 170 3488
86 172 4664
86 173 4908
86 179 3518
86 182 1380
86 190 7564
86 191 3476
86 200 6331
86 201 5166
86 203 6352
86 205 9270
86 208 4533
86 209 5822
86 210 8104
86 211 8338
86 221 5368
86 226 6606
86 228 8597
86 239 1251
86 240 6414
86 241 1099
86 244 1558
86 246 1026
86 247 2900
86 251 5143
86 252 8376
86 253 2648
87 90 4611
87 91 8743
87 92 6531
87 93 9723
87 94 2574
87 95 7459
87 106 3216
87 112 793
87 116 5558
87 119 159
87 120 9182
87 122 3666
87 125 5674
87 134 6636
87 135 7178
87 141 3894
87 149 141
87 156 9721
87 161 2710
87 166 9924
87 167 78
87 178 6457
87 179 3053
87 181 1880
87 182 3294
87 186 3651
87 188 7775
87 189 377
87 190 4824
87 192 8306
87 197 73
87 200 3043
87 211 489
87 213 7914
87 215 2180
87 220 8431
87 221 7828
87 222 6923
87 226 4974
87 230 3418
87 233 5790
87 236 3572
87 237 7468
87 238 185
87 239 9911
87 245 9094
87 248 1961
87 250 3233
88 109 9536
88 114 4836
88 120 4171
88 122 7062
88 127 9036
88 130 9956
88 134 9087
88 140 1635
88 143 2231
88 146 4506
88 149 5769
88 155 775
88 156 5054
88 157 4390
88 159 2878
88 164 9637
88 167 3238
88 170 4306
88 171 9832
88 173 7558
88 175 9345
88 177 5831
88 196 9342
88 198 1005
88 212 8053
88 217 9650
88 224 8928
88 228 114
88 230 3727
88 236 1390
88 238 9406
88 245 4381
89 90 8205
89 93 6589
89 94 8460
89 96 3598
89 98 1251
89 99 9940
89 102 5991
89 106 3866
89 112 9219
89 126 7116
89 134 3138
89 140 1035
89 142 9445
89 148 9851
89 154 8408
89 155 1831
89 157 668
89 163 3984
89 164 7756
89 166 2542
89 169 5168
89 170 2942
89 171 4540
89 172 6389
89 176 3930
89 178 2287
89 187 9680
89 189 1086
89 190 5847
89 195 9863
89 196 9192
89 204 4583
89 211 5379
89 213 5711
89 220 9351
89 223 5842
89 225 775
89 226 9339
89 229 7139
89 233 1696
89 234 2568
89 235 6155
89 243 4184
89 248 9533
90 96 1857
90 97 544
90 98 9942
90 108 6746
90 114 3323
90 115 8874
90 116 2532
90 128 7721
90 129 1070
90 135 4096
90 136 478
90 142 2624
90 143 4257
90 145 6149
90 147 8142
90 150 1572
90 151 1425
90 158 9677
90 159 972
90 160 4771
90 161 6809
90 163 2713
90 166 9258
90 171 7396
90 172 5767
90 173 5732
90 175 3606
90 176 6431
90 180 5678
90 183 9964
90 186 1211
90 193 2094
90 196 2695
90 197 6348
90 198 2693
90 206 1454
90 209 5582
90 211 3515
90 215 1142
90 221 6175
90 227 3675
90 237 9956
90 239 9539
90 246 7245
91 96 4816
91 100 343
91 115 2755
91 118 6896
91 120 4558
91 122 3258
91 125 9356
91 128 8808
91 134 685
91 137 3593
91 140 6999
91 148 6847
91 165 9491
91 170 5994
91 202 4381
91 213 6029
91 216 6055
91 219 3914
91 220 8846
91 221 3934
91 222 5606
91 223 9207
91 229 1161
91 230 4360
91 243 7516
91 246 9930
91 248 4897
91 253 8070
92 93 668
92 97 3478
92 99 1806
92 100 9157
92 101 8907
92 103 2180
92 121 3071
92 122 7176
92 132 8316
92 134 2338
92 138 6576
92 143 5719
92 146 9990
92 149 7501
92 152 1804
92 153 9585
92 154 6466
92 160 8541
92 161 7552
92 163 7664
92 166 6162
92 169 7093
92 173 8135
92 174 5354
92 178 6999
92 179 15
92 181 6687
92 195 2965
92 196 6634
92 197 8657
92 203 5151
92 206 6399
92 209 7815
92 210 1414
92 216 1453
92 217 1664
92 220 6940
92 221 6262
92 226 7237
92 231 7143
92 233 3904
92 238 7963
92 239 5656
92 242 8059
92 248 7737
93 98 6470
93 99 6910
93 108 9983
93 111 6227
93 112 8944
93 117 1159
93 123 8251
93 125 1965
93 128 5073
93 131 3571
93 134 5533
93 136 4080
93 139 604
93 143 512
93 149 4766
93 151 8047
93 154 6365
93 160 8769
93 161 5288
93 164 4256
93 171 4178
93 172 4271
93 173 9302
93 175 5626
93 177 2026
93 178 4904
93 179 3414
93 182 9923
93 184 8983
93 190 1571
93 193 7087
93 196 5310
93 198 6762
93 199 853
93 201 3712
93 208 3619
93 217 5385
93 219 4367
93 220 948
93 222 4469
93 224 1654
93 225 6224
93 234 3343
93 236 6847
93 239 8003
93 240 463
93 245 6223
93 248 913
93 253 421
94 97 2991
94 98 4349
94 101 6363
94 103 7248
94 106 5000
94 108 3020
94 112 9148
94 114 3412
94 116 2190
94 119 6225
94 122 1383
94 131 1082
94 136 6363
94 138 6709
94 140 4926
94 141 554
94 143 8981
94 145 9070
94 150 443
94 153 855
94 159 3656
94 165 7105
94 167 6935
94 168 8176
94 172 5487
94 178 4490
94 182 8092
94 185 3173
94 186 9498
94 187 2501
94 189 6043
94 191 4862
94 197 8618
94 203 7310
94 208 7478
94 222 9943
94 235 372
94 236 23
94 237 1676
94 238 8775
94 244 1809
94 248 9566
95 101 5307
95 103 7267
95 115 7970
95 116 5767
95 126 5854
95 129 2172
95 136 2215
95 143 8197
95 144 7622
95 146 259
95 161 6906
95 166 9094
95 167 2252
95 170 9693
95 172 5514
95 175 3540
95 179 3678
95 181 658
95 186 6264
95 187 1793
95 188 3286
95 193 6138
95 197 2163
95 198 5222
95 199 8560
95 204 5930
95 207 4569
95 209 9446
95 210 9522
95 211 5049
95 212 144
95 215 3032
95 217 8925
95 223 1811
95 225 3887
95 226 2164
95 229 2927
95 230 4132
95 237 4011
95 241 8195
95 242 4251
95 243 2188
95 250 5685
95 251 9739
96 99 5443
96 103 6349
96 107 666
96 110 9744
96 115 5131
96 118 5383
96 119 7543
96 123 9896
96 126 9160
96 127 1664
96 131 2034
96 134 5784
96 136 4290
96 142 4820
96 145 6648
96 147 428
96 151 7873
96 153 5468
96 154 4950
96 161 4950
96 162 9195
96 169 6589
96 172 7488
96 173 7835
96 176 3739
96 179 248
96 181 9063
96 193 7055
96 194 258
96 196 3818
96 198 3421
96 200 4878
96 205 2623
96 207 3642
96 208 7632
96 212 2227
96 221 5506
96 222 7944
96 227 5352
96 229 6670
96 232 9281
96 234 8717
96 237 3594
96 238 1039
96 242 4886
96 246 73
96 251 9830
96 252 2317
97 98 223
97 100 2784
97 101 2252
97 103 5472
97 105 5773
97 107 6587
97 109 7201
97 116 6724
97 117 8607
97 119 7076
97 131 9779
97 135 816
97 138 9826
97 139 5793
97 141 3301
97 142 8165
97 145 1907
97 147 7060
97 148 8173
97 150 5369
97 152 9198
97 156 914
97 160 7952
97 161 2948
97 163 9926
97 166 5129
97 167 1259
97 168 2377
97 170 720
97 171 2879
97 173 7730
97 176 4704
97 181 5522
97 195 806
97 201 9076
97 205 7112
97 208 3057
97 209 2225
97 214 1171
97 217 1248
97 218 5613
97 220 1610
97 222 9356
97 223 2257
97 224 523
97 231 1612
97 232 6528
97 238 8625
97 244 2042
97 251 1277
97 253 590
98 113 7975
98 118 7417
98 121 3554
98 122 1211
98 125 8167
98 127 9800
98 141 7015
98 144 7245
98 145 5942
98 148 8754
98 149 314
98 151 3800
98 153 6469
98 160 2096
98 163 7858
98 164 1435
98 166 8356
98 168 5393
98 173 9124
98 178 3471
98 182 6532
98 187 1155
98 188 9690
98 194 3196
98 195 3542
98 197 6537
98 200 3859
98 203 4651
98 213 1528
98 216 4597
98 217 1751
98 223 351
98 232 1409
98 240 5442
98 241 3978
98 243 6727
98 245 2937
98 249 4266
98 251 8707
98 252 5951
99 100 9795
99 101 6016
99 104 6922
99 110 200
99 111 2898
99 119 1799
99 120 9566
99 124 7278
99 129 9859
99 130 8079
99 134 977
99 135 8387
99 141 5580
99 142 2040
99 143 1103
99 145 3135
99 146 7138
99 153 514
99 155 1027
99 157 6772
99 162 6812
99 167 8923
99 176 9143
99 180 6285
99 184 161
99 185 4085
99 187 2781
99 189 4559
99 193 7038
99 197 9328
99 200 6000
99 202 4906
99 204 9166
99 207 699
99 211 2309
99 214 750
99 218 5202
99 220 3898
99 226 3125
99 232 1873
99 234 2026
99 235 3331
99 239 6897
99 251 1876
99 252 4441
100 103 43
100 109 6974
100 113 3749
100 118 5593
100 120 1951
100 127 7661
100 131 9476
100 132 9940
100 138 6660
100 139 1143
100 140 2987
100 146 4103
100 149 1359
100 153 3701
100 155 7280
100 156 2550
100 157 277
100 158 7824
100 162 2899
100 166 9140
100 169 246
100 171 2527
100 174 2552
100 175 3094
100 176 6832
100 177 8667
100 179 1348
100 182 6107
100 184 5598
100 185 5564
100 187 8683
100 194 3486
100 196 513
100 201 7143
100 202 2874
100 203 9512
100 213 6230
100 217 9559
100 218 2400
100 221 7714
100 225 4028
100 233 1314
100 244 5456
100 245 1090
100 247 1493
100 249 1671
100 251 43
101 105 3742
101 110 7919
101 113 2563
101 122 9156
101 124 6319
101 125 7243
101 132 6532
101 135 2128
101 139 8898
101 151 8165
101 153 8553
101 154 3936
101 161 7106
101 163 1805
101 164 3196
101 168 6576
101 170 3148
101 174 6795
101 176 6028
101 180 1350
101 181 7731
101 189 4119
101 195 4838
101 196 8203
101 198 7931
101 199 119
101 202 5844
101 216 812
101 220 5018
101 222 9094
101 229 3872
101 237 9485
101 248 376
101 251 3991
102 104 4058
102 106 5603
102 108 8697
102 109 5733
102 111 2276
102 113 2219
102 114 7286
102 117 5332
102 119 3137
102 136 979
102 140 1761
102 141 109
102 145 3210
102 146 4533
102 151 8934
102 152 414
102 158 3625
102 164 9568
102 168 1518
102 171 1144
102 172 63
102 173 8294
102 178 6061
102 183 1966
102 186 3549
102 189 6744
102 193 5911
102 194 1809
102 196 5101
102 197 9078
102 200 1011
102 204 8380
102 210 327
102 211 3865
102 218 1280
102 225 3799
102 231 1698
102 238 3310
102 242 7024
102 243 2684
102 245 950
103 104 8417
103 106 5190
103 108 6964
103 114 711
103 117 6068
103 119 9652
103 125 6264
103 137 1737
103 138 5237
103 143 5204
103 147 1242
103 149 4734
103 153 1692
103 156 9585
103 159 6056
103 163 4886
103 164 1817
103 168 14
103 181 5799
103 184 6721
103 187 3113
103 190 7629
103 191 311
103 195 1607
103 196 6258
103 197 3437
103 208 8890
103 209 5156
103 211 8875
103 215 6874
103 221 2806
103 223 3050
103 225 2105
103 227 7533
103 231 8224
103 232 7182
103 236 3167
103 239 3494
103 240 4921
103 244 7318
104 105 826
104 107 8690
104 120 8787
104 124 9754
104 130 1374
104 133 8833
104 134 1072
104 137 1858
104 138 5699
104 140 6619
104 142 7281
104 151 4938
104 153 6639
104 155 1063
104 164 3253
104 173 1414
104 175 4391
104 180 5012
104 187 1755
104 194 3279
104 195 7874
104 198 3508
104 201 3094
104 202 4840
104 203 6632
104 204 8892
104 206 2692
104 207 4581
104 209 1657
104 210 2198
104 211 9013
104 213 1928
104 214 577
104 216 6590
104 219 8410
104 226 2501
104 229 288
104 234 2459
104 245 6384
104 246 9059
105 108 71
105 110 9130
105 114 9896
105 119 4250
105 122 6158
105 123 4483
105 127 9133
105 131 8130
105 132 2887
105 135 7323
105 140 8494
105 145 8834
105 151 2765
105 163 8810
105 166 254
105 170 6478
105 172 6474
105 173 8785
105 175 658
105 178 9364
105 180 4186
105 185 4973
105 192 3645
105 200 2715
105 201 8564
105 205 6833
105 223 4359
105 224 1543
105 235 8944
105 240 9495
105 246 4640
105 249 5711
105 250 9922
105 253 7176
106 107 6623
106 112 5389
106 115 5489
106 125 6122
106 131 4048
106 146 9584
106 149 1652
106 150 6488
106 157 5255
106 162 8717
106 164 733
106 166 6800
106 169 4162
106 170 4011
106 187 974
106 188 7818
106 192 4078
106 200 5468
106 202 3286
106 207 5999
106 209 7291
106 212 3171
106 216 3657
106 217 4533
106 220 9510
106 222 3133
106 223 630
106 236 2932
106 238 7060
106 241 9893
106 242 869
106 248 826
107 114 2372
107 118 5474
107 120 7006
107 121 3452
107 129 5298
107 134 8287
107 138 3423
107 139 795
107 144 3567
107 145 8598
107 146 5891
107 147 5826
107 148 9422
107 150 9277
107 157 3998
107 166 9910
107 170 1775
107 171 4070
107 176 6916
107 179 4244
107 183 5675
107 187 7479
107 194 3720
107 198 6434
107 199 6149
107 201 3397
107 202 9178
107 203 6989
107 206 4638
107 215 3865
107 223 3967
107 224 3333
107 228 6150
107 234 767
107 236 5174
107 241 8425
107 250 2879
107 251 4023
108 113 9685
108 114 8193
108 115 9680
108 118 3537
108 119 562
108 121 3948
108 136 2734
108 140 3838
108 142 8333
108 149 3793
108 151 3871
108 152 3244
108 154 6864
108 159 1726
108 163 8756
108 166 6667
108 177 3518
108 181 9527
108 182 9308
108 184 9551
108 192 9984
108 195 8725
108 197 1081
108 199 5539
108 207 7435
108 212 9177
108 215 9489
108 217 4603
108 218 7713
108 223 6050
108 232 707
108 235 6990
108 239 9007
108 240 2514
108 242 4473
108 248 2952
109 113 5855
109 118 4501
109 120 5090
109 126 3971
109 128 1063
109 131 5042
109 135 9280
109 145 4490
109 151 1801
109 159 1989
109 161 5385
109 165 1437
109 167 257
109 173 2568
109 181 9596
109 182 2843
109 185 7402
109 189 1837
109 199 8159
109 209 8668
109 214 2137
109 215 7721
109 216 2217
109 219 254
109 226 7326
109 230 5335
109 232 9737
109 233 6352
109 236 1500
109 237 6718
109 238 5490
109 241 2627
109 242 6897
109 247 7676
109 248 6346
110 121 6674
110 129 5571
110 132 4327
110 140 483
110 155 1560
110 158 7697
110 160 7980
110 161 7388
110 165 5592
110 168 9204
110 178 4389
110 180 2227
110 181 58
110 183 3899
110 185 3193
110 187 2778
110 191 5013
110 193 3680
110 194 8027
110 200 2457
110 204 3218
110 207 9522
110 208 2218
110 210 472
110 216 5371
110 219 308
110 220 4183
110 222 3106
110 229 3157
110 236 3383
110 239 7395
110 243 5928
110 244 1733
110 246 9873
110 250 1796
111 112 174
111 113 5519
111 125 2712
111 131 3398
111 136 4751
111 137 980
111 139 229
111 141 5710
111 155 5657
111 156 735
111 160 3917
111 163 4173
111 167 4947
111 169 3185
111 172 4002
111 178 4071
111 191 4367
111 196 5574
111 197 487
111 200 7613
111 201 2367
111 202 941
111 213 5815
111 214 7974
111 218 9019
111 221 4197
111 225 1053
111 230 2923
111 232 1584
111 248 4883
111 251 1350
111 252 58
112 123 566
112 125 409
112 127 9719
112 129 2947
112 132 1229
112 146 7226
112 150 2192
112 151 8731
112 156 3655
112 157 3255
112 164 5770
112 165 4534
112 170 9153
112 172 221
112 174 9018
112 190 6335
112 192 3830
112 204 1725
112 207 9066
112 208 3448
112 210 6421
112 215 2136
112 216 508
112 224 9492
112 228 758
112 230 4680
112 231 9933
112 232 5997
112 233 2326
112 235 3366
112 237 8801
112 238 2964
112 239 1361
112 241 9347
112 245 6121
112 247 9128
112 248 1112
112 251 9865
112 252 3683
113 115 3091
113 117 4114
113 118 2316
113 124 8037
113 126 3507
113 129 9876
113 133 981
113 142 1
113 144 4587
113 153 1595
113 154 205
113 158 9066
113 159 8588
113 163 3317
113 170 3506
113 175 7812
113 176 9684
113 179 2168
113 184 1046
113 192 9219
113 202 3507
113 213 4860
113 215 336
113 217 9401
113 222 6825
113 224 9525
113 227 8578
113 232 7836
113 234 6530
113 238 1623
113 240 6510
113 242 9428
113 245 7222
113 248 1658
113 249 7275
113 252 5752
113 253 1564
114 116 384
114 119 7761
114 128 5116
114 138 667
114 149 2735
114 154 396
114 158 5078
114 166 6593
114 167 4160
114 175 8587
114 177 1600
114 179 6857
114 182 8818
114 184 405
114 189 8442
114 190 8936
114 193 2953
114 205 4544
114 206 8951
114 211 73
114 213 3800
114 215 7699
114 219 921
114 220 6627
114 222 9640
114 224 3450
114 233 2630
114 241 6644
114 245 8672
114 246 275
114 248 5008
114 251 8743
115 116 9133
115 120 8012
115 126 8483
115 130 880
115 134 8328
115 140 9886
115 141 5108
115 143 5843
115 153 9812
115 156 6872
115 164 6543
115 170 803
115 183 103
115 191 658
115 194 5545
115 195 4224
115 198 8006
115 200 2839
115 202 2797
115 203 1765
115 210 4154
115 213 9260
115 220 710
115 221 7422
115 222 8926
115 235 1049
115 244 6757
115 245 7893
115 246 5279
115 250 4770
116 128 6988
116 129 1478
116 130 7673
116 131 1948
116 132 4647
116 135 200
116 137 4863
116 146 5335
116 149 1431
116 161 4589
116 162 4136
116 169 2446
116 176 8211
116 180 8617
116 183 7727
116 187 8553
116 188 4956
116 192 3443
116 196 1649
116 198 4174
116 203 1922
116 205 8023
116 207 1627
116 208 4579
116 212 747
116 214 1480
116 217 4299
116 218 3837
116 221 6366
116 226 2545
116 240 799
116 242 5566
116 249 3414
116 250 5074
117 120 5574
117 137 7570
117 141 8097
117 152 1238
117 158 3417
117 160 3474
117 163 3391
117 179 2386
117 181 4582
117 183 9627
117 189 6255
117 190 1639
117 194 3699
117 198 9577
117 204 3425
117 207 3355
117 210 340
117 211 5919
117 215 8685
117 218 6713
117 221 89
117 230 1747
117 232 3727
117 240 2383
117 243 4503
117 245 6248
117 248 4230
117 249 3621
117 253 9983
118 122 463
118 125 1875
118 126 8123
118 127 6978
118 130 4110
118 131 3406
118 132 9049
118 134 13
118 137 3674
118 144 2349
118 146 8419
118 149 210
118 150 7051
118 152 5869
118 154 6064
118 156 7447
118 162 4941
118 164 2395
118 165 7532
118 177 3115
118 179 1237
118 181 8906
118 189 2648
118 195 5038
118 203 6705
118 208 7355
118 209 2713
118 225 9308
118 230 8029
118 231 4226
118 234 9491
118 235 7485
118 239 4346
118 243 1087
118 245 934
118 251 3892
118 252 7928
119 124 8453
119 125 559
119 129 5768
119 130 2975
119 133 1982
119 134 994
119 135 2713
119 148 9401
119 150 9310
119 152 3245
119 163 8430
119 167 6201
119 173 9890
119 174 5331
119 177 6478
119 180 7580
119 181 5732
119 184 2503
119 188 7935
119 192 2738
119 193 6073
119 198 5813
119 200 8589
119 207 7665
119 210 7665
119 211 3714
119 212 4975
119 213 5057
119 215 1302
119 216 8445
119 219 9500
119 223 1223
119 224 4018
119 232 981
119 236 6207
119 237 5727
119 241 9338
120 124 9623
120 130 3601
120 135 5827
120 136 2856
120 141 9563
120 144 4113
120 147 1312
120 155 9360
120 159 1204
120 163 6494
120 165 5382
120 166 2241
120 169 8053
120 170 1767
120 174 3747
120 176 7847
120 180 3207
120 181 3061
120 184 6345
120 190 3803
120 203 7877
120 216 5589
120 218 4575
120 227 7906
120 230 6041
120 237 9132
120 238 5474
120 240 1694
120 243 8976
120 249 5738
120 252 5131
121 124 3803
121 127 5520
121 129 77
121 131 668
121 136 5064
121 137 743
121 145 2198
121 148 3719
121 150 8961
121 154 2241
121 161 6726
121 162 5293
121 178 6169
121 184 209
121 192 4650
121 194 2340
121 198 8992
121 201 4502
121 207 4903
121 210 314
121 214 6476
121 219 6101
121 232 2534
121 235 1752
121 237 7208
121 239 7875
121 240 4323
121 242 5704
121 246 9027
121 247 4173
121 248 5697
122 123 3966
122 124 6394
122 125 9533
122 127 1483
122 130 6415
122 131 6285
122 137 3353
122 143 4122
122 144 977
122 146 5853
122 152 4799
122 159 4780
122 160 1726
122 161 8032
122 164 5402
122 169 4713
122 170 2993
122 171 1641
122 176 1178
122 177 5110
122 178 1259
122 180 9460
122 186 6336
122 190 1319
122 191 1877
122 206 8690
122 207 8473
122 214 6230
122 218 9954
122 221 2470
122 222 1540
122 224 5554
122 227 8211
122 233 4858
122 234 9392
122 236 1408
122 238 6364
122 239 6279
122 242 5514
122 250 2918
123 124 9914
123 129 4485
123 133 5824
123 142 841
123 144 3059
123 148 6900
123 149 7007
123 153 9113
123 162 3926
123 163 93
123 165 4809
123 167 4832
123 170 2434
123 172 1544
123 175 207
123 190 2913
123 197 2058
123 205 6883
123 206 7007
123 209 7383
123 211 5786
123 214 9857
123 217 1541
123 218 547
123 224 1863
123 227 8575
123 235 2464
123 237 4506
123 238 5976
123 245 5298
123 248 3168
123 251 8623
124 130 3412
124 131 8204
124 134 7313
124 144 6122
124 145 7656
124 148 3419
124 156 7268
124 157 3443
124 158 874
124 164 8640
124 166 9728
124 175 5061
124 185 4396
124 192 4820
124 193 4777
124 197 8057
124 212 6987
124 218 1460
124 220 9096
124 226 8638
124 230 8352
124 232 4544
124 242 2323
124 245 1168
124 249 4643
124 250 1870
124 252 6953
125 135 2740
125 138 2186
125 142 3466
125 143 9869
125 148 6478
125 152 9135
125 164 5079
125 168 1754
125 169 5710
125 170 6367
125 172 8195
125 173 275
125 175 1169
125 182 9204
125 188 7545
125 191 475
125 192 2509
125 193 5946
125 196 524
125 200 4987
125 205 1788
125 207 2661
125 215 7232
125 221 3265
125 224 1849
125 226 9484
125 233 5089
125 242 6648
125 244 6620
125 245 1490
125 247 8032
126 127 7906
126 131 2499
126 136 5692
126 139 1714
126 140 5051
126 141 7853
126 142 6361
126 144 617
126 145 7950
126 146 3355
126 148 8665
126 150 9392
126 152 1615
126 153 9996
126 155 5635
126 157 7746
126 158 485
126 164 3008
126 165 794
126 171 8105
126 177 829
126 178 1942
126 183 6007
126 184 7042
126 192 7553
126 194 1702
126 196 3348
126 200 6493
126 203 6967
126 206 4374
126 208 9776
126 214 5097
126 215 3078
126 216 6124
126 226 295
126 229 3439
126 230 2793
126 232 8994
126 234 7832
126 236 5680
126 247 8712
126 253 5124
127 129 4633
127 132 8621
127 133 6510
127 136 8739
127 137 3435
127 147 4419
127 148 1415
127 150 9633
127 154 3333
127 156 3586
127 159 1191
127 161 4285
127 163 3903
127 166 9478
127 167 6631
127 176 1255
127 179 9638
127 181 9015
127 185 6312
127 191 8764
127 193 2140
127 197 8448
127 203 8671
127 206 2051
127 207 6527
127 209 7506
127 210 2428
127 214 4602
127 220 6958
127 222 7960
127 230 767
127 232 6532
127 233 9981
127 236 5429
127 241 2165
127 243 6356
127 244 2057
127 252 8385
127 253 4499
128 147 2445
128 149 8400
128 153 2041
128 157 1054
128 159 1946
128 162 1210
128 166 8868
128 167 1913
128 169 1184
128 177 4011
128 180 3152
128 185 1368
128 188 7095
128 192 9123
128 196 870
128 197 7123
128 198 4878
128 202 157
128 203 1499
128 204 731
128 208 5931
128 209 1707
128 210 7609
128 212 6625
128 214 3135
128 221 5004
128 222 9242
128 224 6923
128 226 2721
128 232 9232
128 235 8042
128 236 9176
128 244 3622
129 131 5418
129 134 8081
129 141 3854
129 149 9754
129 160 881
129 165 1792
129 166 7903
129 169 5336
129 170 7213
129 173 5161
129 175 3857
129 178 7760
129 184 6670
129 190 2163
129 196 3397
129 197 2120
129 201 2284
129 204 1973
129 223 940
129 227 2157
129 228 367
129 230 6003
129 232 5061
129 233 9567
129 237 6043
129 240 4333
129 244 7223
129 247 2890
129 251 9938
129 252 8629
129 253 6799
130 133 926
130 140 5670
130 142 5308
130 147 2137
130 149 2656
130 157 1687
130 159 6875
130 160 1287
130 161 3635
130 165 4591
130 171 9775
130 172 8291
130 174 5009
130 179 6689
130 185 3161
130 193 6999
130 195 3050
130 199 4422
130 202 9129
130 205 4836
130 206 8805
130 217 9188
130 220 8065
130 223 8443
130 230 3259
130 240 4757
130 242 4528
130 243 3848
130 249 5770
131 136 7543
131 150 273
131 151 3804
131 153 9298
131 158 4841
131 168 261
131 170 8569
131 173 9869
131 189 6504
131 194 5523
131 196 9550
131 199 966
131 204 4452
131 207 7732
131 208 5807
131 213 1785
131 214 4670
131 220 7765
131 225 1613
131 240 5680
131 241 4689
131 244 7937
131 250 6837
131 251 8198
132 134 2157
132 135 5288
132 137 2085
132 139 4071
132 145 2156
132 148 6732
132 152 6952
132 153 8372
132 155 891
132 159 7146
132 165 7313
132 167 9792
132 169 7780
132 174 5834
132 182 7084
132 184 639
132 190 7666
132 195 325
132 200 9450
132 201 6680
132 203 377
132 205 3982
132 207 3507
132 211 7326
132 213 4225
132 221 9505
132 223 856
132 224 4043
132 227 4242
132 228 2332
132 229 5681
132 232 1816
132 236 8924
132 239 3154
132 243 4772
132 244 3676
132 250 3823
132 253 7573
133 140 9303
133 142 2508
133 149 2087
133 151 9405
133 153 3555
133 159 878
133 161 9319
133 164 6427
133 165 5850
133 167 284
133 170 2136
133 174 1851
133 178 3350
133 179 540
133 185 4313
133 190 2911
133 191 6888
133 198 5436
133 201 2067
133 202 6892
133 203 2496
133 217 1180
133 225 2454
133 234 6536
133 235 5610
133 239 1550
133 242 1129
133 248 5707
133 251 6865
134 140 3822
134 150 6506
134 151 3315
134 155 1794
134 159 3159
134 160 61
134 163 8081
134 173 8599
134 176 5759
134 177 1678
134 180 6020
134 187 8035
134 192 9248
134 193 3353
134 203 9489
134 210 1512
134 215 334
134 224 4241
134 229 7035
134 230 8104
134 238 9723
134 239 3187
134 240 5853
134 241 1477
134 250 8535
135 146 3031
135 147 5783
135 148 5090
135 152 4102
135 154 9842
135 157 3158
135 164 7723
135 166 5631
135 175 8271
135 178 7724
135 179 7056
135 183 7178
135 189 1355
135 190 301
135 195 66
135 198 5366
135 199 9438
135 202 8018
135 212 4631
135 218 6173
135 232 5658
135 234 9297
135 242 3730
135 246 4062
136 148 6362
136 150 2059
136 154 2912
136 158 4297
136 160 6320
136 165 1198
136 169 5702
136 171 8390
136 187 1172
136 192 5747
136 195 3655
136 201 3331
136 203 8765
136 214 2707
136 215 9388
136 217 8747
136 225 8184
136 226 1637
136 230 3022
136 231 8376
136 236 8571
136 240 5973
136 244 5363
136 246 2738
136 252 6594
136 253 5298
137 141 3806
137 143 3698
137 157 4436
137 162 4126
137 169 6900
137 175 8773
137 182 6160
137 183 3366
137 188 930
137 189 7789
137 192 2158
137 195 7074
137 197 2998
137 199 8526
137 207 3060
137 209 2118
137 212 8129
137 218 2496
137 220 4029
137 224 9011
137 230 2353
137 232 5290
137 235 9033
137 238 575
137 244 6459
137 246 9060
137 251 3222
138 139 5446
138 145 4402
138 146 2551
138 147 417
138 150 1774
138 151 614
138 152 3287
138 155 8318
138 158 5565
138 162 1530
138 170 5733
138 174 6960
138 188 1509
138 191 8300
138 193 6610
138 200 3143
138 201 8491
138 204 9238
138 210 1235
138 213 3737
138 216 3233
138 228 2741
138 232 3086
138 245 985
138 246 2450
138 247 360
138 252 4261
139 150 9390
139 153 6594
139 155 4978
139 158 6577
139 163 6355
139 165 5951
139 167 9157
139 168 1433
139 174 964
139 176 2447
139 193 398
139 201 181
139 216 4524
139 225 1161
139 228 455
139 229 713
139 232 8009
139 235 6737
139 238 5619
139 240 6377
139 241 4122
139 245 2820
139 246 7993
139 249 7061
139 250 7347
139 253 389
140 146 2830
140 147 3876
140 148 1439
140 155 902
140 157 4488
140 159 7462
140 167 3613
140 170 2223
140 173 3569
140 174 9298
140 175 6124
140 177 9987
140 180 212
140 192 8881
140 199 5694
140 200 2986
140 203 1177
140 209 9998
140 213 6405
140 214 7619
140 222 6066
140 227 9801
140 236 4642
140 238 8546
140 250 2886
140 251 9278
141 149 5236
141 154 150
141 157 1826
141 159 4437
141 162 2892
141 166 4037
141 169 1786
141 172 2832
141 177 7475
141 185 2447
141 189 36
141 194 5795
141 195 3875
141 197 3934
141 201 7306
141 205 8138
141 207 3798
141 209 521
141 213 3868
141 215 745
141 222 3576
141 227 8477
141 229 4403
141 230 3140
141 231 3141
141 233 3619
141 238 497
141 239 8524
141 243 5556
141 247 296
141 249 8138
141 252 1839
142 143 3292
142 147 6271
142 148 5406
142 149 6335
142 151 8163
142 152 9987
142 153 3646
142 157 3222
142 160 9983
142 171 6919
142 172 142
142 174 4340
142 178 1840
142 184 1403
142 188 8175
142 193 8999
142 197 2727
142 199 1494
142 201 1771
142 204 8651
142 206 8023
142 207 6399
142 208 9706
142 210 1656
142 211 6847
142 214 7573
142 215 2883
142 216 6757
142 220 647
142 230 8030
142 236 5587
142 241 1559
142 243 2480
142 246 7275
142 253 666
143 146 9950
143 150 1667
143 159 9347
143 161 6472
143 165 7289
143 173 1498
143 175 2310
143 180 2816
143 182 7522
143 185 2867
143 190 5722
143 193 3675
143 194 5075
143 196 5934
143 198 2466
143 204 6193
143 211 9443
143 219 4416
144 147 3093
144 150 9249
144 152 5042
144 157 1005
144 171 937
144 173 3350
144 174 6086
144 177 241
144 179 2255
144 183 9985
144 185 2787
144 186 9856
144 188 8088
144 189 919
144 198 9769
144 208 7213
144 209 3736
144 211 8791
144 220 1499
144 221 7092
144 222 9391
144 228 8323
144 233 6097
144 234 9200
144 235 868
144 236 411
144 242 4638
144 244 8030
144 249 4682
144 252 6886
144 253 3263
145 150 6005
145 167 9305
145 168 6862
145 169 5898
145 170 219
145 174 8662
145 176 171
145 178 2487
145 181 7288
145 182 6658
145 183 9066
145 184 7855
145 189 2990
145 192 1948
145 200 3329
145 203 6287
145 209 7456
145 210 9779
145 233 4657
145 248 4350
145 252 3023
146 149 8807
146 150 9126
146 152 8341
146 158 1415
146 161 5230
146 167 9293
146 168 8478
146 172 5460
146 174 9839
146 177 3701
146 190 5702
146 191 3318
146 214 2490
146 215 9403
146 218 9045
146 222 8406
146 224 7745
146 226 7016
146 229 4170
146 250 1937
147 151 4805
147 152 1501
147 157 5832
147 161 3765
147 169 6697
147 172 9062
147 177 5654
147 179 8953
147 183 4652
147 188 1886
147 189 7985
147 196 818
147 197 5317
147 205 2523
147 208 6236
147 210 5406
147 217 2913
147 218 7761
147 223 2870
147 225 3788
147 227 2026
147 229 7852
147 234 8592
147 237 3263
147 240 9445
147 246 8261
147 250 8305
147 253 9487
148 156 8713
148 163 227
148 164 7495
148 165 9242
148 168 5270
148 171 2482
148 174 891
148 175 3891
148 178 2003
148 182 2032
148 192 1220
148 201 2846
148 206 3771
148 210 8482
148 211 1710
148 218 9560
148 219 5178
148 221 7386
148 226 9316
148 227 2634
148 229 4534
148 236 6706
148 241 5494
148 243 377
148 250 1722
148 251 8881
149 150 3522
149 152 6591
149 156 5127
149 157 70
149 158 1643
149 161 1298
149 171 9382
149 172 820
149 196 4928
149 209 981
149 210 6565
149 217 2518
149 226 1475
149 233 2832
149 235 8492
149 239 9913
149 242 8324
149 246 724
149 252 4768
150 153 3263
150 157 5053
150 159 7699
150 163 8382
150 165 6302
150 167 8879
150 169 6484
150 171 4218
150 172 5082
150 182 9143
150 184 6670
150 187 6621
150 191 6829
150 207 5037
150 208 6715
150 212 8583
150 217 9348
150 236 575
150 237 9190
150 239 3339
150 241 2095
150 244 7667
150 245 1815
150 248 4488
151 163 645
151 165 3993
151 168 3888
151 174 8647
151 175 3601
151 178 5454
151 179 4682
151 180 6765
151 182 4403
151 183 7108
151 185 6921
151 188 834
151 191 5366
151 193 3297
151 195 6930
151 197 5633
151 208 1554
151 216 4155
151 217 6950
151 218 1994
151 225 8833
151 228 9534
151 230 437
151 235 4106
151 236 9548
151 240 6455
151 248 2799
152 154 9564
152 160 1036
152 172 5577
152 173 9113
152 174 2088
152 176 4102
152 184 8435
152 188 8412
152 196 2788
152 200 2979
152 203 4553
152 205 9560
152 213 3425
152 214 6345
152 215 1505
152 221 2200
152 234 8716
152 235 2668
152 237 3574
152 240 1148
152 241 4467
152 242 2969
152 243 5389
152 245 2343
152 247 1048
152 249 1531
153 156 9327
153 158 9323
153 163 8721
153 166 7786
153 169 3180
153 178 4801
153 179 8816
153 187 822
153 195 8479
153 203 3168
153 205 5346
153 215 5916
153 218 4899
153 236 6441
153 237 2908
153 239 7865
153 240 7021
153 251 5177
154 164 7893
154 165 2891
154 170 5553
154 174 1245
154 178 8082
154 179 3044
154 182 1700
154 185 678
154 186 1015
154 193 1844
154 203 553
154 215 4224
154 217 4808
154 222 29
154 224 3900
154 233 4970
154 239 6573
154 241 5691
154 244 800
154 246 180
154 248 2373
155 156 4542
155 159 4683
155 161 2101
155 164 3542
155 174 3014
155 176 3105
155 181 1249
155 189 7054
155 202 5780
155 203 6638
155 208 4223
155 214 2487
155 219 5508
155 222 9899
155 225 7914
155 227 5888
155 230 4762
155 231 7820
155 238 831
155 240 1453
155 246 3451
155 247 7183
155 248 7411
155 250 5472
155 251 3270
156 157 6155
156 162 9549
156 170 4952
156 174 9163
156 178 6440
156 179 7615
156 182 5878
156 185 714
156 187 2772
156 194 6806
156 196 8275
156 197 1160
156 198 7989
156 203 9590
156 206 5515
156 213 8267
156 214 8409
156 223 7349
156 234 2985
156 236 6353
156 237 3173
156 245 9302
156 246 5116
156 250 7893
156 253 9992
157 160 8847
157 162 8070
157 169 3625
157 172 8535
157 175 5232
157 179 2325
157 182 2955
157 191 8427
157 192 4314
157 197 6200
157 199 7259
157 200 40
157 202 3158
157 204 9212
157 205 1306
157 207 9279
157 209 2101
157 210 1922
157 211 1577
157 213 9450
157 218 5828
157 219 2535
157 224 9940
157 227 3378
157 236 8462
157 237 1961
157 242 1298
157 244 3626
157 249 2745
157 251 4326
158 162 2550
158 166 3490
158 168 4390
158 169 9228
158 180 2528
158 183 4276
158 186 7119
158 192 626
158 193 3728
158 203 4262
158 205 4144
158 206 3348
158 219 9107
158 222 5810
158 224 8131
158 225 6742
158 242 6031
159 160 136
159 166 8321
159 167 4723
159 168 4345
159 169 5045
159 177 9355
159 178 2617
159 179 8630
159 180 7227
159 181 5407
159 190 6339
159 192 5772
159 197 406
159 198 4865
159 201 5623
159 202 9549
159 212 1774
159 216 3822
159 217 1990
159 227 9000
159 230 6072
159 231 9635
159 232 8825
159 233 3339
159 237 6988
159 238 7050
159 248 651
159 249 5886
159 251 5617
159 253 2358
160 161 3012
160 163 9427
160 167 2456
160 173 5250
160 177 8340
160 181 5545
160 193 4365
160 199 6776
160 203 418
160 206 3154
160 210 6545
160 216 6429
160 223 4597
160 225 88
160 227 8628
160 228 8978
160 231 4093
160 233 8827
160 235 5090
160 242 4733
160 243 7181
160 246 422
160 247 800
160 248 1077
160 249 4753
160 250 474
161 162 8927
161 170 5446
161 173 3194
161 174 4782
161 175 3999
161 177 2337
161 183 5206
161 185 5368
161 190 5780
161 196 6644
161 197 2595
161 204 4949
161 207 7816
161 210 6419
161 214 2903
161 215 476
161 216 7699
161 218 6236
161 225 772
161 226 1685
161 232 7118
161 234 364
161 238 1251
161 244 2910
161 247 1175
162 165 777
162 170 1096
162 181 1293
162 182 1435
162 183 8499
162 184 2916
162 188 5884
162 189 9381
162 191 617
162 198 3808
162 201 8031
162 204 8092
162 205 9340
162 206 2514
162 208 8324
162 209 5267
162 213 3472
162 233 1846
162 236 9383
162 238 3727
163 166 969
163 169 2176
163 173 7899
163 175 2873
163 177 7224
163 180 1004
163 181 6368
163 182 9357
163 183 4446
163 184 905
163 188 8238
163 190 5204
163 191 2257
163 193 366
163 209 7923
163 212 5010
163 214 5264
163 220 7064
163 221 6260
163 226 8063
163 227 4343
163 228 1602
163 234 1465
163 235 1932
163 237 3627
163 239 9659
163 248 3933
163 250 5538
164 165 5756
164 170 9895
164 173 9766
164 174 7882
164 182 7669
164 183 6773
164 193 1208
164 202 6505
164 203 6957
164 217 1361
164 224 1569
164 226 9754
164 229 7942
164 236 9814
164 237 89
164 245 1162
164 248 3640
164 249 3679
165 168 7345
165 173 4374
165 174 2744
165 176 1923
165 177 8877
165 198 3616
165 200 5235
165 203 9603
165 208 3670
165 209 4438
165 210 2060
165 214 6485
165 217 5412
165 223 9560
165 224 9963
165 225 452
165 228 1954
165 230 1919
165 233 9162
165 235 4195
165 236 9575
165 238 2808
165 239 3844
165 241 3519
165 245 8801
166 169 7360
166 170 3777
166 175 4296
166 176 3009
166 179 166
166 182 8017
166 183 4360
166 184 2572
166 187 5338
166 189 575
166 190 6716
166 192 9758
166 195 6579
166 200 8626
166 202 6565
166 216 7226
166 220 5312
166 221 957
166 227 1155
166 228 902
166 232 2574
166 235 9411
166 236 1147
166 243 987
166 245 5408
167 172 4626
167 174 4186
167 175 3688
167 177 2552
167 180 485
167 189 7036
167 190 6602
167 192 8929
167 193 5154
167 195 9844
167 197 9332
167 205 5923
167 209 9636
167 211 5291
167 214 178
167 217 5244
167 218 8845
167 219 2710
167 226 1229
167 227 2505
167 229 3332
167 237 3571
167 239 1479
167 246 739
168 171 4402
168 172 940
168 173 7733
168 175 9971
168 177 2149
168 181 1606
168 185 6969
168 190 6129
168 192 9578
168 199 2128
168 202 6048
168 204 4289
168 206 6909
168 207 6543
168 221 683
168 226 1895
168 230 5234
168 233 2194
168 234 2389
168 238 8174
168 239 913
168 240 9505
168 241 4243
168 247 2393
168 249 463
169 174 3735
169 178 1981
169 179 6294
169 186 1557
169 190 5533
169 192 8511
169 196 6751
169 201 2871
169 207 8694
169 209 5198
169 210 1001
169 216 6936
169 221 325
169 228 1669
169 232 8904
169 234 9130
169 235 9171
169 237 9096
169 239 9266
169 241 9297
169 243 6305
169 246 1358
169 250 8269
169 252 7521
169 253 7704
170 178 2060
170 179 9551
170 184 3880
170 186 8850
170 187 4734
170 195 1931
170 198 6216
170 202 2688
170 203 7663
170 205 8023
170 211 5541
170 214 807
170 219 6022
170 231 914
170 233 7843
170 243 3464
170 246 5793
170 250 6399
171 172 1177
171 176 4010
171 179 906
171 183 6599
171 185 337
171 205 529
171 210 6425
171 211 335
171 213 8505
171 215 268
171 222 2845
171 224 59
171 226 6291
171 227 2833
171 230 7898
171 231 1026
171 233 621
171 234 8269
171 237 75
171 241 1820
171 243 9278
171 251 3665
171 253 7160
172 174 7545
172 176 5894
172 185 2234
172 189 2388
172 192 3335
172 196 397
172 198 4844
172 199 5429
172 207 5085
172 209 6994
172 216 5950
172 221 256
172 223 1804
172 228 5808
172 229 9108
172 234 1341
172 236 805
172 238 2897
172 239 4372
172 247 9425
172 248 4322
172 251 7634
172 252 7542
172 253 6927
173 176 3690
173 177 430
173 182 932
173 183 8717
173 187 2728
173 194 8428
173 198 5658
173 201 2746
173 205 4425
173 211 9236
173 218 6156
173 219 3915
173 221 7403
173 222 7595
173 224 7164
173 225 7156
173 231 3358
173 237 388
173 241 5030
173 244 8627
173 247 5421
173 248 8052
173 249 1479
173 250 6682
173 251 3816
174 177 2829
174 178 8025
174 181 7785
174 184 2336
174 185 7615
174 202 6759
174 207 979
174 211 5242
174 216 3640
174 220 2683
174 225 8156
174 226 841
174 229 6434
174 232 6756
174 236 6121
174 241 9501
174 246 9827
175 179 6641
175 180 1436
175 183 3250
175 191 5582
175 194 5225
175 200 9402
175 202 5192
175 212 2624
175 215 5379
175 219 2414
175 220 392
175 223 6611
175 224 8404
175 229 6064
175 250 7218
176 179 3894
176 184 3939
176 188 2870
176 192 4997
176 193 7295
176 195 1395
176 199 7934
176 203 143
176 205 3082
176 208 8377
176 212 7127
176 216 7498
176 221 3654
176 224 2748
176 228 1893
176 230 5010
176 233 3273
176 234 2287
176 242 8769
176 245 5294
176 248 1836
176 253 7377
177 178 5871
177 191 9073
177 192 5196
177 194 705
177 201 3899
177 204 9086
177 205 535
177 206 4323
177 212 1319
177 214 6572
177 217 7682
177 219 6250
177 227 469
177 232 1499
177 236 5308
177 239 1504
177 240 3497
177 253 3349
178 181 6507
178 182 8508
178 183 8911
178 185 1992
178 187 5607
178 194 4244
178 195 183
178 199 6531
178 205 5586
178 211 8327
178 218 3374
178 230 7960
178 232 5337
178 233 9976
178 236 9243
178 242 7070
178 246 8562
178 253 7339
179 183 6250
179 188 3900
179 192 2726
179 198 2687
179 201 7058
179 204 3349
179 206 2279
179 211 1117
179 214 3600
179 218 9957
179 221 5901
179 222 4084
179 223 9599
179 231 8038
179 243 490
179 250 3069
179 253 6923
180 181 5537
180 182 4100
180 185 7973
180 192 8074
180 193 9414
180 198 270
180 211 3393
180 212 2042
180 214 4151
180 215 8494
180 229 3065
180 231 1079
180 240 6075
180 243 3603
180 250 8065
181 182 9915
181 186 3964
181 187 6633
181 189 9563
181 192 6408
181 193 84
181 194 7335
181 199 6134
181 206 3371
181 209 1943
181 215 9001
181 216 2480
181 217 5594
181 219 2718
181 225 1133
181 238 300
181 242 7936
181 244 9002
181 246 996
182 193 7274
182 203 7317
182 206 2917
182 213 2065
182 214 7037
182 215 4051
182 216 3306
182 218 2426
182 223 8907
182 227 6657
182 228 5364
182 234 9019
182 238 1324
182 242 2071
182 246 9780
182 251 8524
183 187 5075
183 190 2679
183 191 4958
183 196 7886
183 197 2591
183 204 1299
183 207 6844
183 211 3141
183 212 5027
183 214 5525
183 217 8348
183 223 2350
183 228 4310
183 234 8491
183 235 5924
183 248 7208
183 250 7744
183 253 6623
184 191 5232
184 195 4135
184 197 3981
184 202 2562
184 204 8787
184 213 1093
184 215 8679
184 224 1160
184 225 6512
184 228 4494
184 229 5948
184 233 9663
184 236 3934
184 250 2814
184 252 6065
184 253 3537
185 190 7154
185 196 8585
185 200 5462
185 201 2368
185 204 5896
185 211 1808
185 222 3828
185 226 279
185 228 6289
185 229 1121
185 238 3108
185 240 3557
185 245 2602
185 249 4115
185 253 8837
186 193 642
186 194 9026
186 200 8508
186 201 4225
186 209 8899
186 212 1673
186 214 4505
186 218 783
186 224 7307
186 228 4186
186 231 647
186 235 5271
186 242 8049
186 243 8592
186 245 5204
186 249 947
186 252 2071
187 189 2299
187 190 5376
187 191 8608
187 192 7620
187 194 7700
187 203 5906
187 204 4524
187 205 6970
187 206 8410
187 214 4118
187 224 4692
187 226 2564
187 229 2526
187 237 3703
187 238 512
187 246 7978
187 248 23
187 249 2515
188 193 7760
188 195 9820
188 197 1846
188 204 3075
188 208 5704
188 210 8111
188 213 9707
188 217 9851
188 219 462
188 222 6733
188 224 7443
188 230 4101
188 233 5710
188 244 2602
188 252 5763
189 194 2310
189 196 7208
189 206 8652
189 213 2980
189 215 1576
189 216 2332
189 221 5620
189 231 3314
189 232 6207
189 233 1144
189 235 5957
189 240 9821
189 250 70
189 252 1644
190 192 9591
190 193 2264
190 201 2738
190 203 354
190 209 1038
190 213 7960
190 218 5841
190 224 7977
190 225 2544
190 227 3915
190 232 3381
190 236 9144
190 238 499
190 239 7377
190 243 936
190 246 6661
190 247 8175
191 194 1783
191 195 1787
191 197 6000
191 199 5995
191 202 9147
191 205 2234
191 210 977
191 214 282
191 216 888
191 219 4414
191 220 6864
191 224 9896
191 225 7806
191 233 5201
191 235 835
191 238 3618
191 239 9195
191 248 2576
191 252 9056
192 196 3148
192 202 5820
192 208 6099
192 209 7606
192 219 4403
192 222 6043
192 228 8414
192 229 4414
192 235 4898
192 241 3607
192 251 4823
192 253 28
193 198 1380
193 211 4069
193 212 6975
193 214 442
193 217 2156
193 222 5194
193 223 8334
193 228 4106
193 232 8224
193 238 5789
193 239 9156
193 240 2127
193 241 2531
193 243 101
193 247 9073
193 248 8251
193 249 9835
193 251 3298
193 252 1402
194 201 1077
194 205 8039
194 206 1394
194 207 2635
194 208 5860
194 210 2701
194 221 7312
194 227 8198
194 228 9553
194 232 7893
194 239 2533
194 243 8039
194 246 2699
195 197 9898
195 199 6088
195 202 545
195 212 5785
195 217 9145
195 226 6818
195 227 6289
195 232 6437
195 233 4010
195 238 2912
195 244 9384
195 250 3944
195 253 9786
196 197 267
196 198 4059
196 204 1261
196 206 6544
196 207 9688
196 210 4456
196 211 4912
196 216 2446
196 218 7144
196 219 5556
196 220 8882
196 225 6318
196 230 1869
196 232 5251
196 234 5973
196 238 5727
196 241 3325
196 244 8142
196 245 6866
196 246 5900
196 247 3962
196 253 5864
197 199 7296
197 201 2599
197 208 3035
197 217 9953
197 218 7529
197 223 3540
197 225 5448
197 233 5649
197 236 897
197 242 4109
197 247 6493
198 199 581
198 205 1483
198 211 6863
198 214 7936
198 217 7031
198 220 1977
198 223 5388
198 227 3874
198 229 7636
198 231 7553
198 233 2066
198 234 968
198 236 7356
198 240 1717
198 250 3095
198 251 4402
199 206 5940
199 208 4483
199 209 6940
199 212 1823
199 213 6794
199 214 1705
199 216 5158
199 232 6777
199 236 5301
199 238 225
199 243 7087
199 245 164
199 246 4260
199 250 3919
200 207 897
200 210 8859
200 214 648
200 231 9765
200 234 5658
200 236 9952
200 237 9571
200 239 7133
200 241 6633
200 245 3364
200 246 8823
200 249 8278
200 250 2445
201 205 2578
201 211 7053
201 212 2582
201 217 2766
201 218 4715
201 225 8024
201 227 1974
201 232 6124
201 233 3294
201 234 9416
201 235 5401
201 236 7038
201 237 4238
201 240 8210
201 241 2245
201 245 3860
201 246 2587
202 215 4108
202 219 1357
202 220 5176
202 223 2856
202 225 4331
202 229 4152
202 239 3209
202 243 2870
202 245 9254
202 247 4210
202 248 4362
202 250 8217
202 251 2923
203 206 1605
203 211 7322
203 215 2580
203 225 3333
203 232 1671
203 249 7068
204 207 1766
204 210 2912
204 217 4333
204 221 6512
204 225 3720
204 227 9003
204 228 9263
204 229 2220
204 230 5900
204 231 1718
204 233 1006
204 249 3307
204 250 4911
204 253 1398
205 207 4460
205 208 725
205 210 7322
205 213 4770
205 215 5267
205 216 353
205 219 9129
205 224 5569
205 232 9721
205 238 6527
205 242 9400
205 243 3022
205 247 60
205 252 10000
206 208 3585
206 217 8009
206 220 9442
206 221 9577
206 224 8227
206 230 8838
206 231 7574
206 235 3669
206 237 9176
206 241 3280
206 244 8743
207 214 1983
207 218 943
207 221 2451
207 222 5661
207 226 3142
207 246 9444
207 249 7592
207 251 1903
208 232 6647
208 237 6738
208 241 2469
208 245 9526
208 246 5330
208 250 4404
208 251 6124
208 252 8622
209 214 3018
209 215 8797
209 229 3861
209 231 8744
209 233 9899
209 234 8208
209 236 1750
209 238 5313
209 243 1214
209 245 397
209 246 8032
209 249 4185
209 251 9872
210 215 7088
210 217 3283
210 220 9845
210 225 9080
210 229 5382
210 232 6083
210 235 8458
210 238 7552
210 239 2841
210 241 3429
210 243 8691
210 246 2845
210 248 2225
210 250 7812
210 251 9236
210 252 1959
211 214 3722
211 219 7831
211 221 2794
211 225 2656
211 226 9585
211 227 4473
211 233 7697
211 234 6675
211 244 3830
211 253 2571
212 216 3654
212 234 3549
212 237 1825
212 244 6658
212 248 4588
212 250 3335
213 216 4563
213 218 1668
213 220 1586
213 227 9132
213 233 1778
213 235 7545
213 237 771
213 240 1276
213 241 9322
213 245 7033
213 247 2217
213 252 2562
213 253 3325
214 215 3406
214 217 1837
214 218 9322
214 225 4737
214 236 9218
214 237 7516
214 240 3676
214 241 3694
214 245 517
214 246 5187
214 250 8811
214 251 5745
215 235 7027
215 237 7959
215 240 8175
215 242 7114
215 243 1971
215 245 7579
215 246 7286
215 253 6616
216 218 5045
216 220 7947
216 223 5069
216 227 7477
216 228 177
216 236 5108
216 244 5643
216 247 650
216 252 4636
217 220 1978
217 226 261
217 230 8896
217 234 7239
217 235 235
217 238 2614
217 239 4035
217 246 7543
217 247 2366
217 251 66
218 222 1970
218 232 1694
218 234 6123
218 238 4760
218 243 6888
218 250 5919
218 253 8456
219 225 1839
219 226 6714
219 232 6198
219 235 7633
219 237 7413
219 239 6903
219 240 5611
219 244 4853
219 245 4196
219 253 1178
220 225 3519
220 231 8791
220 234 7911
220 236 6890
220 237 1425
220 242 6452
220 250 1683
221 224 4910
221 227 2321
221 229 8604
221 231 1741
221 239 9174
221 241 4107
221 246 3920
221 247 1026
221 251 4431
222 232 8852
222 233 5246
222 236 4210
222 241 1498
222 243 8096
222 247 2473
222 251 1684
223 227 7942
223 228 9025
223 230 1151
223 233 8348
223 235 4248
224 234 180
224 237 6819
224 242 4615
224 245 452
224 246 4370
224 247 3910
224 251 3041
225 227 1628
225 237 5013
225 250 5114
226 230 4258
226 231 9450
226 234 854
226 236 5237
226 243 5840
226 245 2720
226 253 9966
227 232 3328
227 234 8215
227 236 1110
227 239 1414
227 240 7532
227 241 6400
227 242 3894
227 250 9731
227 251 4567
228 233 2046
228 242 148
228 244 5450
228 245 2462
228 248 1420
228 250 9103
228 253 675
229 232 9744
229 246 6335
229 251 8900
230 237 422
230 240 3652
230 242 7654
230 245 730
230 253 3262
231 234 2187
231 240 4854
231 244 6168
231 246 7459
232 236 1020
232 240 2032
232 242 4603
232 246 2467
232 248 1189
232 253 3148
233 235 1238
233 236 5423
233 253 3858
234 235 1794
234 247 2519
235 237 9112
235 243 8643
236 237 1114
236 241 6522
236 244 8017
237 240 352
237 242 1180
237 253 9202
238 239 9780
238 246 1936
238 251 4129
238 253 176
239 241 483
239 242 1750
239 250 2569
240 250 6796
240 252 4908
240 253 8830
241 243 7477
241 244 8291
241 246 5363
241 252 9634
241 253 5742
242 243 7402
242 252 9469
243 247 4582
243 252 670
243 253 2066
245 251 9936
246 247 711
246 248 6449
246 250 543
246 253 3913
247 248 4772
251 253 654
