209 5562 134658 117
0 8 6563
0 13 1859
0 28 886
0 29 7924
0 30 8496
0 37 2496
0 41 8008
0 42 4045
0 44 6269
0 53 5096
0 54 8511
0 59 3630
0 63 3260
0 66 1131
0 72 1379
0 73 1658
0 87 279
0 95 9745
0 97 2420
0 101 1989
0 115 28
0 119 5518
0 121 5840
0 124 1294
0 128 2050
0 130 3764
0 136 9056
0 139 4716
0 140 7456
0 142 6425
0 144 6342
0 146 4903
0 148 9911
0 155 8113
0 157 5393
0 159 2847
0 165 5673
0 169 1627
0 182 4297
0 184 205
0 186 6607
0 192 7258
0 195 7374
0 196 7893
0 197 9077
0 200 7242
0 201 4219
0 207 4025
1 3 4834
1 6 2507
1 17 7385
1 21 3604
1 22 4878
1 31 9325
1 32 1369
1 34 6623
1 35 8925
1 36 2287
1 44 1303
1 45 5979
1 47 9986
1 57 8379
1 61 2682
1 64 5184
1 74 4730
1 75 9927
1 84 7331
1 85 2930
1 89 4868
1 100 848
1 111 8322
1 112 7920
1 113 5369
1 117 4170
1 123 6442
1 127 734
1 128 8025
1 130 675
1 136 918
1 139 5526
1 149 1377
1 150 1641
1 152 1591
1 153 8322
1 154 3896
1 158 5879
1 165 2085
1 169 7291
1 170 1385
1 174 3169
1 176 4327
1 177 7436
1 188 1254
1 205 6785
1 206 1256
2 11 2381
2 12 7941
2 13 4933
2 14 664
2 23 5445
2 29 7496
2 31 6713
2 33 5672
2 39 2592
2 41 5851
2 42 6882
2 43 7489
2 55 180
2 64 8454
2 72 2837
2 84 7679
2 87 9871
2 88 4552
2 89 3967
2 98 8405
2 111 7462
2 119 5816
2 122 3897
2 123 871
2 124 8516
2 125 5021
2 133 1756
2 140 9419
2 143 1708
2 146 2763
2 150 2287
2 154 3877
2 155 3136
2 158 1559
2 164 919
2 167 9530
2 168 1318
2 178 1415
2 181 5774
2 189 5003
2 192 7383
2 193 271
2 195 6244
2 197 9440
2 202 9022
2 203 5358
2 207 8534
3 5 2099
3 15 3249
3 18 945
3 20 1941
3 24 3280
3 27 5980
3 35 4340
3 39 3830
3 40 6921
3 42 298
3 44 113
3 47 425
3 55 2411
3 59 5545
3 60 6391
3 62 5073
3 67 5562
3 69 4025
3 74 9428
3 77 7971
3 79 1458
3 80 3286
3 85 9292
3 90 916
3 95 1830
3 99 3813
3 110 2248
3 117 5620
3 121 5667
3 122 4273
3 126 275
3 131 3965
3 133 115
3 134 3588
3 145 6296
3 147 6290
3 152 4461
3 164 1257
3 166 9767
3 168 4245
3 171 8015
3 172 6689
3 179 5579
3 181 3664
3 182 5612
3 189 7185
3 191 7076
3 197 1571
3 200 8782
3 202 5951
4 7 3125
4 11 6481
4 14 6344
4 15 1609
4 22 2702
4 23 2925
4 28 2311
4 31 924
4 35 588
4 40 5694
4 42 2545
4 46 3412
4 53 4558
4 58 1051
4 63 6634
4 66 822
4 68 2745
4 71 7003
4 74 4048
4 84 4606
4 90 5609
4 95 2084
4 101 2612
4 104 2053
4 105 6683
4 106 3193
4 114 5159
4 120 6463
4 143 2102
4 144 4390
4 148 8556
4 153 539
4 154 8286
4 156 7857
4 157 6973
4 158 8966
4 159 6
4 161 9306
4 162 7428
4 163 3831
4 166 9463
4 168 480
4 173 8939
4 174 4730
4 175 2776
4 177 7731
4 178 8573
4 183 4107
4 184 3663
4 194 5478
4 195 4471
4 197 7252
4 205 1425
5 20 9635
5 21 1908
5 27 2882
5 31 6669
5 36 1521
5 38 5658
5 39 7128
5 52 6265
5 53 9272
5 58 1318
5 61 510
5 63 7613
5 68 4636
5 70 508
5 72 7153
5 78 9230
5 79 3286
5 80 1722
5 88 5774
5 91 1919
5 102 3079
5 105 5384
5 109 3825
5 110 898
5 112 9122
5 119 6567
5 125 7084
5 128 3571
5 132 8323
5 133 2604
5 142 7780
5 143 3945
5 149 2035
5 158 3407
5 163 9691
5 171 362
5 172 4377
5 177 8821
5 180 6776
5 182 3587
5 185 1004
5 190 3333
5 194 410
5 195 6279
5 198 5306
5 199 9901
5 201 6653
5 205 9384
5 206 4694
5 207 8968
6 8 8610
6 16 4556
6 18 4303
6 31 7397
6 32 7667
6 35 1030
6 37 1618
6 38 2768
6 48 6609
6 49 8196
6 50 5310
6 51 6776
6 64 6120
6 69 911
6 72 5456
6 76 303
6 77 8693
6 84 502
6 86 2861
6 89 2502
6 91 2263
6 94 4161
6 95 3129
6 98 298
6 103 840
6 110 1155
6 117 6701
6 120 9543
6 126 5667
6 132 2094
6 134 8118
6 135 7207
6 139 7096
6 140 4764
6 143 2360
6 144 1288
6 146 6356
6 147 2155
6 156 7078
6 159 9902
6 162 3562
6 165 8268
6 173 3211
6 179 7468
6 186 687
6 189 2817
6 195 2390
6 200 180
6 204 2681
6 208 5616
7 9 7035
7 10 1889
7 15 7769
7 18 4710
7 19 2909
7 28 9176
7 34 5471
7 44 4130
7 47 6161
7 50 9059
7 51 7204
7 59 4396
7 66 8815
7 71 6654
7 77 4101
7 86 3012
7 87 5765
7 95 9200
7 96 1766
7 100 6040
7 104 2231
7 107 7965
7 117 9064
7 118 9513
7 121 42
7 131 8334
7 133 4930
7 137 1130
7 139 1888
7 140 2397
7 144 1282
7 149 9481
7 151 7743
7 154 5442
7 159 4194
7 160 2538
7 163 4508
7 164 1984
7 171 4207
7 176 1087
7 189 3691
7 192 856
7 200 9726
7 201 8308
7 205 3541
8 12 8315
8 22 5270
8 30 1948
8 34 7220
8 35 2418
8 38 5603
8 39 5288
8 42 7619
8 47 6309
8 49 3663
8 51 2028
8 52 2589
8 55 642
8 56 5953
8 62 1783
8 67 1000
8 69 5102
8 78 7015
8 79 2975
8 80 2376
8 93 10
8 94 6276
8 98 4926
8 102 4426
8 103 3981
8 107 3894
8 114 1810
8 116 3137
8 125 51
8 127 5921
8 133 9849
8 135 4426
8 138 4911
8 147 986
8 148 6292
8 151 6701
8 156 3795
8 159 8191
8 161 3188
8 163 2652
8 164 5134
8 169 3520
8 170 4277
8 172 8813
8 173 177
8 176 6940
8 183 5335
8 184 5596
8 185 6547
8 192 6089
8 193 7426
8 198 6374
8 204 7367
8 206 8981
9 11 4212
9 14 3327
9 15 4241
9 17 7756
9 26 789
9 28 3353
9 31 9122
9 33 7719
9 41 8946
9 44 819
9 45 9022
9 52 5880
9 54 7130
9 55 2311
9 56 5141
9 60 2919
9 61 7069
9 63 4696
9 64 1545
9 69 8464
9 70 5281
9 71 4142
9 80 8050
9 81 6732
9 86 5692
9 88 4546
9 89 7181
9 93 7215
9 98 6234
9 101 6865
9 103 936
9 110 6106
9 112 6431
9 114 7207
9 115 5763
9 116 4576
9 124 7309
9 129 9606
9 132 6024
9 134 1075
9 135 2896
9 136 4793
9 141 9998
9 149 3862
9 158 809
9 160 1124
9 162 338
9 164 5914
9 167 8980
9 179 1751
9 188 8377
9 189 2708
9 192 7089
9 193 9027
9 194 5194
9 197 506
9 199 1382
9 203 3852
9 206 6725
10 12 9698
10 13 9077
10 17 5517
10 25 1784
10 32 9100
10 33 3362
10 35 2635
10 45 238
10 59 7938
10 67 188
10 68 917
10 71 1171
10 73 289
10 74 1173
10 75 5015
10 78 5929
10 84 2182
10 96 6989
10 100 4874
10 101 1864
10 103 670
10 108 1921
10 115 3882
10 128 2376
10 136 3742
10 144 8440
10 147 7179
10 148 1147
10 156 5769
10 157 1224
10 160 5884
10 164 4956
10 165 6332
10 171 2728
10 173 9261
10 177 6573
10 179 1043
10 185 5438
10 186 7489
10 197 5654
10 198 6930
10 199 4590
10 201 5119
10 203 5878
10 206 1107
11 25 6075
11 31 3008
11 38 2270
11 39 5369
11 46 1939
11 53 2718
11 54 559
11 65 3816
11 67 1782
11 69 9140
11 70 3597
11 71 8343
11 73 5058
11 78 8765
11 80 1300
11 85 54
11 87 5265
11 88 328
11 91 3152
11 95 8308
11 102 1738
11 104 5651
11 105 7314
11 106 9783
11 116 6837
11 119 6123
11 120 8838
11 124 3
11 128 4943
11 129 922
11 130 6980
11 135 9290
11 146 3832
11 150 4809
11 154 6633
11 156 1536
11 160 2806
11 167 8088
11 168 3427
11 169 9022
11 174 6851
11 179 5173
11 181 449
11 189 5076
11 190 2468
11 197 4693
11 198 997
11 201 6416
11 208 5583
12 14 3728
12 17 7602
12 21 7671
12 27 8192
12 28 1093
12 29 4904
12 30 2010
12 36 3
12 37 1140
12 42 893
12 50 4187
12 51 3819
12 52 5416
12 54 2361
12 57 9844
12 59 5104
12 64 8140
12 68 2746
12 71 3904
12 73 5620
12 75 2064
12 80 596
12 83 2770
12 87 9714
12 90 9377
12 94 6490
12 95 5257
12 96 2450
12 107 6409
12 115 3065
12 121 5049
12 137 4022
12 141 3475
12 153 3805
12 154 8984
12 162 76
12 163 9790
12 164 8963
12 170 467
12 176 2239
12 177 5821
12 178 7038
12 179 6421
12 180 264
12 181 9916
12 189 1370
12 190 9925
12 191 9427
12 196 6543
12 198 2154
12 199 9836
12 200 6037
12 203 7284
12 205 8645
12 207 4463
12 208 3379
13 15 1058
13 17 9817
13 18 2768
13 20 64
13 27 3631
13 28 5468
13 34 7637
13 36 607
13 38 4859
13 42 1696
13 48 5037
13 57 1155
13 65 278
13 67 1510
13 70 7774
13 72 358
13 73 8215
13 75 8061
13 76 7409
13 82 8124
13 89 9628
13 90 602
13 92 4541
13 99 8028
13 105 4237
13 117 8697
13 123 7734
13 126 894
13 138 3534
13 141 6265
13 145 1032
13 146 7436
13 151 6205
13 158 3559
13 162 4055
13 165 7982
13 173 5124
13 176 3956
13 177 6818
13 181 4383
13 186 8046
13 189 4060
13 190 4453
13 197 1470
13 198 2918
13 204 1082
14 16 1662
14 18 2188
14 21 1797
14 22 8336
14 32 56
14 34 409
14 44 7677
14 54 5357
14 70 6025
14 73 1523
14 75 3923
14 83 8673
14 84 8329
14 86 8029
14 87 1634
14 88 4340
14 89 4998
14 90 7584
14 98 63
14 100 3689
14 101 2777
14 104 4194
14 106 3994
14 109 6303
14 112 3723
14 113 5646
14 117 5135
14 118 9644
14 121 9063
14 126 1546
14 130 4782
14 131 2563
14 132 4091
14 135 7765
14 139 7464
14 148 9910
14 150 64
14 154 7995
14 158 4164
14 160 6219
14 161 1494
14 164 6270
14 166 521
14 167 2319
14 176 6360
14 179 3599
14 185 2049
14 188 1468
14 205 1618
14 207 7025
15 16 5732
15 20 1327
15 21 8677
15 25 4990
15 28 6090
15 32 9146
15 33 4763
15 34 8494
15 39 1757
15 42 7386
15 45 9421
15 48 8695
15 55 9599
15 63 883
15 66 9595
15 67 587
15 72 8835
15 84 6083
15 88 7588
15 93 5437
15 97 3401
15 98 6284
15 100 220
15 104 5211
15 107 2304
15 108 6110
15 114 9478
15 118 8413
15 127 8507
15 128 3221
15 129 7585
15 132 7425
15 135 4292
15 146 2150
15 158 5982
15 164 7750
15 170 353
15 174 9840
15 181 9677
15 182 7361
15 184 6723
15 186 3105
15 188 4082
15 190 1356
15 195 566
15 196 4572
15 204 9598
15 206 5772
16 18 1179
16 22 8947
16 28 832
16 30 8958
16 33 4166
16 52 7293
16 55 1247
16 56 993
16 60 7374
16 61 8457
16 66 5987
16 69 8263
16 73 4452
16 80 4974
16 81 921
16 82 5491
16 84 7179
16 86 7219
16 88 3319
16 92 2053
16 97 2480
16 102 6788
16 104 5298
16 106 9737
16 107 5224
16 110 5836
16 111 9955
16 113 7192
16 117 4720
16 132 2678
16 137 7389
16 138 2703
16 139 3818
16 140 5943
16 144 434
16 145 5160
16 150 4426
16 152 7659
16 158 4252
16 162 9596
16 168 3418
16 171 399
16 175 3414
16 195 8746
16 204 9539
16 206 1306
16 208 6157
17 19 9241
17 21 143
17 27 8171
17 31 5284
17 32 3190
17 37 6353
17 38 3172
17 40 1451
17 41 8583
17 45 5302
17 46 5810
17 47 4274
17 50 406
17 52 725
17 55 4704
17 60 1249
17 64 6210
17 72 1556
17 73 871
17 74 1093
17 80 4941
17 83 2766
17 90 2617
17 91 5144
17 95 9523
17 102 1605
17 103 1993
17 106 4291
17 113 2082
17 115 1470
17 116 9670
17 118 3716
17 119 3831
17 121 2755
17 126 2800
17 130 1938
17 131 3375
17 133 9863
17 134 3740
17 135 3236
17 137 887
17 145 5355
17 147 5912
17 153 6176
17 155 8240
17 158 2413
17 160 2966
17 162 318
17 165 6240
17 167 9359
17 178 2885
17 179 2337
17 180 2649
17 181 5754
17 182 9691
17 183 8097
17 184 1009
17 189 5362
17 196 7513
17 201 8296
17 204 5013
17 205 5811
18 25 5245
18 28 2362
18 29 9980
18 32 960
18 35 3990
18 42 2652
18 43 2434
18 45 1001
18 60 3386
18 61 4479
18 65 1425
18 74 3152
18 76 8975
18 78 711
18 79 4316
18 89 1572
18 93 5675
18 94 7394
18 96 1617
18 101 8052
18 107 7447
18 110 552
18 128 9593
18 133 8955
18 136 581
18 145 5664
18 146 958
18 149 1109
18 152 5903
18 155 1972
18 156 9298
18 160 9603
18 165 687
18 167 387
18 168 5574
18 171 5623
18 177 8540
18 186 490
18 198 5681
18 202 6052
18 203 8633
18 208 742
19 23 272
19 24 1132
19 26 3077
19 28 5855
19 31 9043
19 35 6107
19 42 2558
19 45 1753
19 51 7347
19 55 5369
19 65 4126
19 76 4565
19 78 4277
19 82 7088
19 100 5308
19 103 9459
19 104 51
19 105 5038
19 110 8697
19 115 4082
19 116 1755
19 121 6087
19 125 4599
19 129 6066
19 130 7463
19 131 4272
19 136 703
19 138 2284
19 146 923
19 151 8134
19 154 1299
19 162 5261
19 165 7274
19 166 9702
19 168 1105
19 171 210
19 172 4341
19 177 4688
19 179 2274
19 183 9481
19 187 7228
19 190 9838
19 193 5652
19 194 8293
19 196 8206
19 197 7168
19 200 9400
19 205 4387
19 206 7959
20 22 3336
20 24 364
20 25 5582
20 26 6346
20 27 2873
20 31 6698
20 32 1572
20 35 5203
20 38 2031
20 40 4597
20 45 3330
20 46 2543
20 58 2300
20 60 8989
20 63 8963
20 71 6044
20 72 2177
20 73 9402
20 77 9771
20 82 8000
20 89 7407
20 90 4352
20 93 2442
20 97 29
20 98 5880
20 101 3616
20 104 645
20 112 5304
20 114 2718
20 116 8120
20 117 5090
20 129 1382
20 132 3640
20 139 605
20 141 9274
20 143 3690
20 150 5357
20 151 5601
20 152 4527
20 153 9202
20 158 299
20 161 7447
20 162 4217
20 163 6192
20 165 4866
20 167 8419
20 182 8053
20 197 2546
20 201 656
20 204 3441
20 206 8752
20 208 8018
21 23 8811
21 32 946
21 47 7055
21 58 1506
21 61 1050
21 63 6981
21 64 9456
21 71 2625
21 73 1652
21 74 7975
21 77 2253
21 79 6218
21 82 2069
21 86 5845
21 90 7548
21 93 3111
21 102 6228
21 109 2580
21 114 8210
21 116 7734
21 117 6929
21 118 685
21 121 4678
21 123 5304
21 130 6386
21 131 5462
21 133 6589
21 136 2399
21 146 8970
21 153 707
21 161 9743
21 166 4200
21 172 9962
21 175 2150
21 176 407
21 188 6415
21 191 2562
21 194 1103
21 201 7068
21 208 3087
22 24 7959
22 29 9002
22 35 6737
22 39 7461
22 47 1253
22 49 6993
22 53 1502
22 54 7076
22 58 7678
22 61 2764
22 64 8547
22 70 5431
22 74 4092
22 77 5536
22 80 1922
22 90 3451
22 93 2951
22 97 1230
22 100 6218
22 104 3703
22 113 3882
22 114 8706
22 119 1507
22 121 2529
22 124 4995
22 128 9041
22 131 2738
22 134 8777
22 139 5665
22 146 4268
22 151 2914
22 153 7757
22 154 5792
22 160 3212
22 162 551
22 165 6840
22 168 3764
22 170 2290
22 171 365
22 173 9207
22 177 1028
22 186 2734
22 197 2074
23 34 2548
23 44 7521
23 45 5486
23 47 4621
23 51 4739
23 57 952
23 59 5929
23 67 7182
23 68 5087
23 69 7568
23 84 2330
23 85 3127
23 93 1561
23 96 2588
23 105 8612
23 107 3975
23 108 3317
23 118 7669
23 124 2493
23 131 7032
23 134 7956
23 139 7019
23 140 1559
23 144 3112
23 145 2631
23 148 8018
23 155 2840
23 157 4309
23 158 8155
23 159 5390
23 160 5440
23 163 7450
23 165 1725
23 169 6244
23 171 6380
23 172 258
23 173 5374
23 178 7393
23 180 3395
23 187 4501
23 193 7238
23 205 4418
24 32 5558
24 33 5171
24 34 7754
24 36 1754
24 51 2627
24 52 7791
24 53 695
24 70 9746
24 73 3943
24 77 2257
24 80 6089
24 87 8468
24 91 4393
24 94 8349
24 95 9297
24 96 6990
24 100 1226
24 102 9912
24 111 4120
24 112 3196
24 115 3619
24 116 4455
24 117 6151
24 120 5252
24 121 3971
24 129 6423
24 145 8216
24 147 5525
24 148 7115
24 150 954
24 151 3945
24 158 1426
24 160 839
24 171 7541
24 177 5983
24 179 3705
24 181 5173
24 182 9226
24 183 7560
24 186 5329
24 190 1092
24 191 4608
24 195 2278
24 197 2667
24 201 1153
24 206 2571
24 208 6575
25 27 5463
25 31 3158
25 48 852
25 49 3967
25 50 8058
25 51 6443
25 57 109
25 64 9837
25 66 3455
25 69 5823
25 71 8434
25 76 9278
25 78 2232
25 83 7301
25 85 2458
25 87 5884
25 92 1806
25 93 8707
25 94 9950
25 96 1195
25 98 7299
25 101 5931
25 104 6653
25 107 788
25 118 9658
25 125 1796
25 130 7148
25 132 9072
25 141 6675
25 144 3072
25 145 3250
25 151 9835
25 153 4531
25 162 9340
25 164 5623
25 166 5010
25 167 971
25 169 9029
25 173 9853
25 174 9659
25 178 4540
25 180 9545
25 183 7277
25 184 9697
25 187 5347
25 190 2636
25 197 6155
26 32 7078
26 34 7238
26 38 9123
26 45 7604
26 47 279
26 49 9880
26 50 9295
26 55 8060
26 56 3103
26 60 6395
26 63 9333
26 68 6629
26 70 9779
26 71 9259
26 88 7337
26 94 5379
26 103 6388
26 106 6924
26 121 7987
26 128 860
26 131 6686
26 133 7727
26 136 5117
26 137 1783
26 140 4517
26 144 4562
26 152 251
26 154 7434
26 160 1769
26 162 9472
26 169 7070
26 176 747
26 187 1284
26 193 5800
26 194 1092
26 201 7857
26 203 9117
27 30 1845
27 31 516
27 36 7080
27 37 4186
27 45 1313
27 46 3796
27 61 1221
27 62 3071
27 64 6513
27 70 283
27 79 1091
27 84 3435
27 85 7575
27 87 5472
27 88 1733
27 90 7402
27 91 485
27 94 4290
27 98 798
27 105 6433
27 106 2995
27 113 9941
27 114 3779
27 125 7546
27 128 3939
27 132 2929
27 148 5952
27 151 4877
27 154 626
27 164 3469
27 174 372
27 184 9920
27 186 2155
27 188 121
27 194 6072
27 197 9782
27 206 8792
27 208 5208
28 39 8566
28 46 8013
28 49 6473
28 55 408
28 68 1288
28 71 8247
28 72 7147
28 73 5928
28 80 3244
28 86 5481
28 96 6333
28 100 1245
28 101 6196
28 103 2051
28 104 1944
28 109 7058
28 110 5664
28 111 3007
28 118 31
28 123 5815
28 125 6280
28 129 5371
28 132 3736
28 136 609
28 142 8037
28 145 8490
28 146 661
28 147 6882
28 155 8230
28 157 6662
28 158 5392
28 159 559
28 164 8810
28 165 2137
28 166 9248
28 168 7189
28 170 2556
28 175 846
28 179 5458
28 185 2022
28 187 5160
28 205 9517
28 206 1928
28 207 8907
29 31 3831
29 32 6454
29 33 8140
29 34 3098
29 39 3810
29 41 7904
29 46 1916
29 49 2675
29 51 4563
29 57 8560
29 59 5159
29 64 6506
29 70 6958
29 74 570
29 79 7339
29 87 4180
29 93 4529
29 95 8842
29 99 4484
29 100 9157
29 107 8883
29 115 3046
29 127 7223
29 129 1593
29 132 578
29 135 7821
29 136 2120
29 138 2793
29 142 4169
29 143 9294
29 150 7674
29 151 5677
29 156 6879
29 165 738
29 172 6633
29 174 1555
29 183 3912
29 186 6228
29 187 1576
29 190 2490
29 200 5967
29 202 5506
29 205 7150
29 207 4639
29 208 3060
30 38 2754
30 45 7716
30 49 9229
30 50 2277
30 58 9111
30 61 1510
30 62 268
30 68 349
30 79 7336
30 82 6973
30 84 8356
30 85 5482
30 88 3922
30 90 7049
30 91 9670
30 93 131
30 97 3888
30 101 9683
30 102 1827
30 103 9188
30 104 278
30 106 4305
30 123 726
30 125 8900
30 129 5685
30 131 4404
30 137 7397
30 138 7801
30 142 6478
30 143 6284
30 155 4396
30 156 4093
30 157 4143
30 164 9283
30 171 612
30 179 5239
30 181 4274
30 183 4212
30 187 7876
30 188 9205
30 189 8357
30 190 3229
30 193 2762
30 195 8340
30 202 2465
30 205 6465
31 37 6617
31 38 3970
31 40 1413
31 45 3464
31 54 771
31 57 6894
31 58 1803
31 59 2067
31 63 9026
31 66 499
31 67 5200
31 72 9584
31 73 8969
31 75 9336
31 76 6709
31 81 3803
31 91 7727
31 94 7713
31 97 4313
31 109 2886
31 111 2528
31 119 6906
31 129 275
31 138 2258
31 146 5098
31 147 5281
31 148 3160
31 151 5041
31 152 9760
31 154 5195
31 157 4032
31 162 3462
31 165 3438
31 168 5190
31 172 9178
31 176 4315
31 178 9344
31 179 1333
31 190 796
31 193 9806
31 197 9397
31 198 7716
31 201 7638
31 204 6562
31 207 905
32 34 3187
32 38 5410
32 40 3580
32 41 352
32 42 9741
32 51 2072
32 52 5803
32 66 6008
32 68 4696
32 69 6815
32 70 6904
32 73 5020
32 85 5449
32 91 1787
32 100 8752
32 103 924
32 104 4141
32 106 1773
32 110 1681
32 118 308
32 121 9247
32 123 1389
32 125 2837
32 131 8050
32 132 5223
32 134 5383
32 154 3655
32 162 5413
32 163 5223
32 175 2054
32 176 9104
32 193 2160
32 202 8282
32 208 5815
33 35 3838
33 38 2872
33 42 2622
33 43 4683
33 49 7172
33 60 5591
33 63 6713
33 70 5
33 72 1315
33 81 141
33 82 3855
33 88 2203
33 97 5042
33 104 7262
33 105 3362
33 113 254
33 114 8525
33 116 771
33 124 6036
33 125 3516
33 129 1125
33 130 2496
33 132 9031
33 139 3353
33 142 4278
33 145 5514
33 151 9148
33 153 8562
33 157 3604
33 160 219
33 168 2963
33 172 6803
33 174 2128
33 175 9752
33 176 4503
33 177 7150
33 185 5969
33 186 3118
33 192 6975
33 193 8185
33 196 1813
33 197 3889
33 199 6901
33 203 5290
34 37 5981
34 38 36
34 41 3187
34 50 4488
34 54 7301
34 62 8013
34 64 7313
34 68 5053
34 69 4568
34 72 9474
34 73 520
34 78 7584
34 83 3928
34 90 2076
34 91 6076
34 93 6249
34 104 3429
34 113 6391
34 117 4017
34 120 4422
34 123 8244
34 125 9485
34 132 3200
34 133 2385
34 138 2382
34 139 4055
34 148 5108
34 152 9204
34 153 4048
34 177 5019
34 178 1682
34 187 4743
34 189 7663
34 191 8487
34 198 2758
34 199 2298
34 201 348
34 205 8092
34 206 2052
35 37 3459
35 42 8406
35 44 6014
35 50 6341
35 59 3655
35 66 3111
35 69 9021
35 72 8582
35 75 1845
35 77 5675
35 85 1765
35 88 7905
35 89 8907
35 90 9024
35 92 8273
35 98 2530
35 100 7564
35 101 6330
35 102 8815
35 112 6784
35 113 3250
35 118 2957
35 120 2377
35 123 3135
35 133 3522
35 135 3055
35 136 3302
35 139 3673
35 142 3260
35 143 6382
35 146 2850
35 149 4913
35 151 9858
35 153 9596
35 154 8778
35 165 5326
35 176 9136
35 179 4473
35 182 1516
35 183 162
35 184 5180
35 187 8048
35 190 6001
35 191 1340
35 193 1805
35 199 7368
35 200 2271
35 206 4463
36 38 7454
36 41 1733
36 53 7149
36 54 5023
36 55 9200
36 56 5199
36 58 5454
36 66 63
36 68 2209
36 69 8814
36 73 8840
36 86 1107
36 95 1912
36 100 4075
36 103 5384
36 105 913
36 106 1460
36 107 4819
36 108 1070
36 109 3266
36 111 7623
36 112 6186
36 113 2483
36 125 2051
36 130 7645
36 138 4037
36 145 4012
36 153 6807
36 154 6095
36 159 9325
36 163 7463
36 164 3214
36 165 7128
36 168 8617
36 177 6158
36 179 1939
36 180 8889
36 186 6215
36 197 4743
36 201 8697
37 47 8908
37 57 5074
37 59 9455
37 62 2306
37 63 6164
37 69 7981
37 71 5200
37 72 9409
37 76 9121
37 78 4192
37 79 4828
37 80 5439
37 82 6386
37 96 3884
37 97 7835
37 101 5664
37 106 6579
37 113 4164
37 116 2149
37 118 768
37 122 5623
37 126 6234
37 131 8728
37 132 5314
37 137 6426
37 140 9129
37 156 3773
37 158 9086
37 160 8153
37 165 7894
37 166 61
37 172 9554
37 174 6964
37 180 2063
37 181 7482
37 182 3372
37 183 5855
37 185 7847
37 186 3401
37 188 4866
37 189 8462
37 191 7484
37 193 8289
37 198 8786
37 204 3398
37 208 8191
38 40 3062
38 42 4487
38 43 6645
38 45 1117
38 50 845
38 74 2530
38 76 7473
38 77 1563
38 78 1440
38 79 4437
38 81 9118
38 82 6287
38 85 6603
38 87 5499
38 93 7763
38 95 774
38 97 6586
38 100 1364
38 103 4267
38 105 8544
38 110 7731
38 111 9249
38 113 7983
38 115 1009
38 117 1712
38 121 8557
38 123 510
38 125 8023
38 126 9756
38 127 1489
38 137 2603
38 145 1121
38 146 6038
38 150 4038
38 159 3445
38 162 1975
38 163 4837
38 165 9406
38 172 5555
38 175 7390
38 176 3144
38 177 6308
38 181 5351
38 198 5192
38 204 7591
38 206 8752
39 41 4381
39 42 532
39 44 1780
39 46 4779
39 48 5746
39 49 7924
39 54 2312
39 58 394
39 60 7647
39 61 2907
39 66 5759
39 71 3276
39 72 7626
39 80 62
39 85 9513
39 86 4447
39 87 5691
39 90 9439
39 99 2053
39 102 8309
39 103 4046
39 104 9316
39 105 6439
39 107 3984
39 108 1849
39 112 8149
39 116 6652
39 121 9666
39 124 968
39 127 5115
39 129 4829
39 131 67
39 133 1588
39 138 3089
39 141 6000
39 142 731
39 143 9933
39 145 7699
39 150 7617
39 152 8899
39 161 5391
39 169 3734
39 170 5684
39 177 3181
39 178 3129
39 180 2770
39 182 1557
39 184 5864
39 188 5665
39 190 3845
39 193 788
39 194 8346
39 197 2235
39 198 3819
39 200 4041
39 202 8398
39 205 9086
39 206 9987
39 207 4002
39 208 6558
40 42 713
40 45 718
40 46 1700
40 49 4915
40 53 9339
40 56 6972
40 64 4343
40 66 5707
40 71 5699
40 75 7215
40 80 217
40 83 5491
40 84 9434
40 90 3345
40 103 9545
40 104 6796
40 108 5522
40 117 4687
40 118 7852
40 121 4240
40 123 8462
40 128 555
40 134 9593
40 135 1586
40 137 6393
40 140 1499
40 142 5484
40 144 3310
40 147 5642
40 148 9827
40 152 7833
40 153 9026
40 159 7638
40 162 6743
40 167 2059
40 169 6345
40 175 5330
40 180 3291
40 181 6857
40 182 4180
40 185 2144
40 187 9342
40 189 9103
40 190 5115
40 194 3744
40 195 4041
40 196 6736
40 201 4947
40 205 9087
41 42 9051
41 45 1829
41 48 4181
41 50 2447
41 62 1642
41 70 8193
41 72 4596
41 75 7998
41 79 372
41 81 973
41 84 7962
41 89 8011
41 90 5070
41 97 3956
41 107 4562
41 108 1556
41 109 9671
41 115 7012
41 116 8206
41 122 2614
41 125 1760
41 130 7860
41 133 7086
41 139 3028
41 141 4169
41 143 9379
41 145 8108
41 147 5354
41 149 4051
41 151 6201
41 154 4924
41 156 1658
41 157 4758
41 162 6002
41 164 4747
41 178 9317
41 179 6077
41 180 5948
41 183 5046
41 185 7433
41 193 160
41 198 7103
41 201 6858
41 204 6172
41 205 5732
42 46 6228
42 48 2095
42 55 2954
42 57 8076
42 60 3244
42 63 4047
42 65 3371
42 67 6747
42 68 7307
42 70 9015
42 71 9237
42 76 6310
42 78 6967
42 79 4846
42 81 4643
42 86 7639
42 87 4864
42 88 1625
42 93 132
42 98 5007
42 99 6972
42 100 1943
42 101 6332
42 110 2772
42 113 3830
42 119 8896
42 120 4030
42 121 1443
42 134 2451
42 144 6192
42 145 1220
42 146 9157
42 151 2231
42 165 7190
42 175 6985
42 184 7498
42 194 3878
42 196 9124
42 199 4240
42 201 8908
43 52 3472
43 54 6357
43 55 3985
43 65 1022
43 68 7638
43 71 7204
43 74 2612
43 78 9982
43 83 1534
43 84 9048
43 95 2003
43 100 12
43 104 1063
43 111 8644
43 116 6015
43 118 2108
43 120 7933
43 125 1553
43 131 3805
43 132 1727
43 140 5829
43 141 8628
43 156 7638
43 167 346
43 168 63
43 174 6556
43 180 3314
43 197 6022
43 198 7072
43 201 3812
44 45 3538
44 46 1713
44 50 6767
44 51 8759
44 53 2045
44 55 3400
44 56 7059
44 62 1136
44 69 8009
44 70 1011
44 74 4234
44 77 7094
44 80 5837
44 85 7106
44 101 823
44 103 436
44 112 4032
44 113 6202
44 114 305
44 140 8105
44 142 247
44 148 2958
44 155 6289
44 157 1652
44 161 1628
44 165 8561
44 173 372
44 181 3772
44 184 277
44 188 9511
44 189 3385
44 191 543
44 194 5145
44 201 5936
44 202 9052
44 208 3294
45 54 1819
45 55 1949
45 63 7314
45 64 8748
45 66 1249
45 72 2920
45 75 9420
45 79 1977
45 80 6377
45 88 19
45 98 9326
45 105 6670
45 107 1882
45 108 5675
45 110 8083
45 112 7873
45 118 459
45 121 5813
45 124 9005
45 125 7504
45 126 5403
45 127 3831
45 135 3392
45 136 1275
45 138 2149
45 147 1904
45 148 4473
45 151 7047
45 156 1038
45 158 8881
45 159 1078
45 160 5239
45 161 7148
45 169 4978
45 170 4508
45 181 2417
45 199 605
45 204 3111
45 206 1461
46 54 4578
46 58 938
46 62 6522
46 65 6977
46 71 4741
46 72 1847
46 78 2013
46 81 8161
46 83 4178
46 87 1630
46 88 2845
46 95 961
46 102 2944
46 103 1832
46 104 2817
46 117 1767
46 121 7093
46 128 3488
46 129 2033
46 138 8591
46 142 7439
46 147 9778
46 154 9688
46 163 5533
46 164 5813
46 166 3516
46 172 8253
46 178 1914
46 184 1411
46 187 288
46 190 5544
46 191 7448
46 197 9786
46 198 7105
46 199 7404
46 200 4159
46 205 3368
46 206 4805
47 49 3670
47 50 5295
47 56 257
47 57 7588
47 59 4882
47 60 2720
47 61 8539
47 62 4603
47 63 6840
47 65 7703
47 67 9721
47 71 9428
47 74 2436
47 80 641
47 90 1488
47 94 292
47 96 7441
47 101 7485
47 104 542
47 106 1336
47 111 5705
47 124 8240
47 126 6529
47 146 7899
47 150 3390
47 153 1441
47 159 4590
47 161 6823
47 165 1581
47 167 2768
47 172 1418
47 176 5106
47 181 393
47 185 9392
47 194 9598
47 196 5373
47 205 1171
48 50 5473
48 51 4305
48 53 5337
48 56 7630
48 57 3737
48 63 5388
48 64 9549
48 73 7871
48 76 824
48 77 8298
48 78 7541
48 81 2549
48 85 9133
48 88 4597
48 96 8998
48 99 2323
48 104 6850
48 105 7889
48 109 2934
48 114 4463
48 116 9531
48 117 8088
48 118 6399
48 119 5848
48 120 766
48 129 2491
48 130 2904
48 131 4500
48 132 9910
48 133 9375
48 135 8086
48 136 6386
48 137 8597
48 140 6873
48 141 2238
48 142 8211
48 143 7185
48 157 8663
48 160 9919
48 166 4854
48 174 4199
48 177 7075
48 178 5527
48 179 7820
48 184 1969
48 189 9691
48 190 4064
48 197 698
48 199 1222
48 205 2161
49 50 7284
49 53 9622
49 54 6503
49 56 8940
49 58 6639
49 60 5774
49 64 2043
49 73 8804
49 78 2185
49 85 8996
49 93 4615
49 101 405
49 106 803
49 112 8742
49 115 4379
49 118 9681
49 125 8389
49 127 3439
49 128 9709
49 129 765
49 130 9479
49 132 7250
49 137 8005
49 138 6384
49 146 4153
49 157 5702
49 158 2317
49 161 1673
49 165 8100
49 169 1434
49 170 5500
49 183 6870
49 184 4958
49 185 3935
49 195 4730
49 196 2725
49 199 1825
49 203 4104
49 204 7987
49 205 2856
50 52 71
50 57 8995
50 59 4537
50 64 7987
50 65 4485
50 67 3722
50 68 1268
50 71 9745
50 73 3730
50 74 9712
50 84 5810
50 89 2960
50 95 7127
50 100 1090
50 103 1119
50 107 3277
50 109 2866
50 111 2885
50 125 1528
50 127 4576
50 128 8600
50 139 8847
50 140 7601
50 141 900
50 144 6239
50 151 5262
50 159 773
50 161 2191
50 166 5809
50 168 4002
50 175 6127
50 184 2330
50 190 112
50 197 2180
50 203 5632
50 205 9905
50 207 6856
50 208 2158
51 54 1991
51 55 8947
51 67 3666
51 70 8551
51 71 5337
51 73 8166
51 79 321
51 80 6700
51 81 4099
51 82 5712
51 88 3806
51 90 8674
51 92 459
51 95 6850
51 96 1767
51 97 4791
51 98 360
51 103 8418
51 108 2157
51 111 5091
51 112 177
51 117 9114
51 119 8680
51 120 2089
51 128 5075
51 129 1808
51 134 3647
51 140 2664
51 155 157
51 158 2320
51 162 5523
51 165 562
51 166 9343
51 167 9598
51 172 6977
51 176 1724
51 178 6508
51 181 8511
51 182 2715
51 187 2233
51 197 5266
51 199 1454
52 54 9260
52 55 4390
52 57 5804
52 59 8902
52 60 9478
52 62 6368
52 63 8331
52 65 9619
52 66 6649
52 73 7680
52 75 6113
52 79 4225
52 81 1876
52 91 2836
52 97 4564
52 98 5061
52 102 3301
52 107 7216
52 108 8293
52 112 6013
52 114 9184
52 115 306
52 124 9126
52 127 9133
52 136 8574
52 139 9558
52 155 4215
52 160 2566
52 163 3868
52 165 4987
52 168 4375
52 171 2142
52 173 367
52 175 7246
52 187 2521
52 188 49
52 193 4488
52 197 1446
52 201 9258
52 206 4123
52 208 2708
53 62 2126
53 65 208
53 67 8883
53 79 2897
53 80 9016
53 88 5148
53 89 8221
53 91 3538
53 94 1680
53 95 655
53 98 9109
53 102 9151
53 107 8055
53 108 7271
53 113 2991
53 124 2396
53 126 8901
53 133 2474
53 136 1955
53 142 8758
53 145 1992
53 150 379
53 153 4595
53 154 3890
53 155 2156
53 157 4848
53 160 5566
53 161 340
53 162 7266
53 165 6826
53 168 9294
53 177 2657
53 178 781
53 201 2166
53 203 735
53 205 3116
54 57 8277
54 58 3858
54 60 2000
54 65 4890
54 67 4882
54 73 9989
54 74 951
54 78 5962
54 80 9233
54 84 2054
54 85 8884
54 86 9553
54 92 4782
54 101 6474
54 104 1009
54 105 9249
54 107 4473
54 115 9917
54 118 1880
54 125 1509
54 126 4900
54 129 8615
54 136 1138
54 147 6886
54 148 4805
54 152 2444
54 158 1323
54 161 8667
54 163 5886
54 165 4602
54 168 1953
54 169 1831
54 174 9915
54 178 617
54 185 7816
54 187 8494
54 193 9238
54 194 990
54 195 111
54 200 1803
54 207 8149
55 66 8731
55 69 328
55 70 44
55 73 5037
55 81 4471
55 84 5962
55 86 3617
55 89 153
55 90 8136
55 97 9477
55 98 74
55 104 7958
55 106 809
55 110 5675
55 116 4795
55 125 6361
55 128 905
55 129 7308
55 130 9825
55 131 3840
55 132 9027
55 134 2106
55 141 2539
55 146 8416
55 150 8086
55 151 1552
55 155 433
55 164 2058
55 165 9670
55 167 1525
55 170 5517
55 172 9764
55 175 3517
55 176 4808
55 183 4048
55 189 2016
55 193 3621
55 196 5908
55 197 3273
55 198 6029
55 205 5334
55 208 9130
56 57 6409
56 63 8624
56 64 331
56 67 3433
56 69 398
56 71 3814
56 74 557
56 75 4704
56 76 5530
56 78 6322
56 79 1187
56 82 9985
56 83 7865
56 85 2325
56 91 7754
56 95 7533
56 96 3388
56 103 8052
56 107 5621
56 110 4325
56 111 5022
56 114 708
56 116 6176
56 117 5830
56 124 4739
56 130 2173
56 133 3990
56 137 510
56 141 8988
56 149 5293
56 150 6589
56 151 3447
56 154 5568
56 168 7166
56 179 6392
56 184 9754
56 191 4698
56 195 7027
56 196 3113
56 197 9068
56 198 1974
56 199 4665
57 59 2102
57 61 6171
57 74 2807
57 77 2868
57 81 618
57 83 2885
57 84 7484
57 86 8327
57 89 9265
57 96 6120
57 97 6853
57 101 3776
57 103 591
57 107 8057
57 112 3253
57 114 5021
57 115 6081
57 118 7224
57 119 7314
57 124 691
57 125 6404
57 126 4313
57 127 2326
57 130 8109
57 132 2448
57 138 5023
57 139 936
57 141 898
57 144 2700
57 149 6725
57 155 9557
57 163 4560
57 165 5989
57 172 51
57 185 917
57 188 2677
57 197 5084
57 201 1525
57 208 4703
58 63 2019
58 67 3761
58 68 9048
58 71 7836
58 72 4564
58 74 2632
58 75 484
58 76 1706
58 79 1257
58 82 3302
58 83 9013
58 92 9613
58 93 2286
58 97 6109
58 98 3862
58 100 9360
58 102 4594
58 103 1782
58 106 8898
58 108 1613
58 111 7954
58 113 7022
58 119 7707
58 120 5919
58 123 7722
58 125 1653
58 127 4961
58 129 1112
58 134 2483
58 136 4065
58 143 2101
58 153 7760
58 154 4494
58 159 6933
58 163 4968
58 168 5169
58 169 2067
58 179 9878
58 181 7068
58 186 6781
58 189 6524
58 194 6245
58 195 910
58 196 7402
58 207 761
59 66 7838
59 70 3657
59 71 3407
59 73 5489
59 76 4924
59 78 8062
59 79 6074
59 83 6701
59 87 8331
59 91 6054
59 93 6555
59 94 7805
59 100 5941
59 104 5673
59 109 9002
59 124 6716
59 125 5800
59 132 5072
59 134 2844
59 135 2488
59 136 608
59 141 6500
59 145 5927
59 146 3755
59 154 6429
59 156 9168
59 158 9338
59 162 938
59 166 3705
59 170 2411
59 172 3668
59 173 9973
59 174 8914
59 177 9000
59 179 1181
59 186 9044
59 192 7156
59 195 7902
59 199 522
59 201 3720
59 203 9533
59 205 4439
60 64 8369
60 68 4984
60 73 2847
60 74 9193
60 77 9524
60 81 6799
60 86 3282
60 89 7383
60 92 9198
60 94 4873
60 96 9773
60 106 319
60 115 3656
60 119 9926
60 122 1196
60 124 4620
60 126 4722
60 127 1009
60 130 7934
60 131 3704
60 132 190
60 133 3666
60 134 7287
60 136 3242
60 142 1251
60 143 8604
60 144 6172
60 148 2507
60 162 178
60 169 3566
60 173 6211
60 181 8996
60 184 8641
60 185 5383
60 192 4971
60 203 6964
61 65 2895
61 68 1373
61 70 3599
61 83 7096
61 99 4576
61 100 5011
61 104 3235
61 110 4471
61 111 2889
61 117 4114
61 120 1943
61 127 872
61 129 5206
61 131 559
61 134 7998
61 140 1545
61 141 8638
61 148 9713
61 150 889
61 156 6323
61 157 5284
61 160 262
61 169 5926
61 170 3950
61 171 8952
61 172 1073
61 177 151
61 179 7849
61 185 8843
61 187 4088
61 197 4290
61 199 7346
61 200 306
61 205 9608
62 64 5251
62 65 4064
62 66 9817
62 67 2449
62 86 2489
62 88 4769
62 91 5648
62 102 6660
62 103 4335
62 105 8061
62 108 5799
62 114 6620
62 116 5487
62 118 4635
62 121 5500
62 132 3814
62 136 4818
62 139 7874
62 145 9535
62 153 6413
62 157 3761
62 161 6464
62 165 9611
62 176 2878
62 178 9139
62 184 4338
62 186 2572
62 187 8216
62 193 1183
62 197 8471
62 203 1983
62 208 2402
63 64 6067
63 75 4081
63 78 4793
63 79 3253
63 81 1899
63 83 4702
63 87 4645
63 89 5901
63 92 5281
63 95 3531
63 99 3263
63 100 5492
63 111 4446
63 113 8619
63 114 2865
63 121 3878
63 122 8294
63 132 6803
63 133 8196
63 140 1365
63 145 6742
63 154 7259
63 163 1203
63 166 9342
63 171 4039
63 179 8812
63 181 5680
63 186 1556
63 188 6611
63 190 5251
63 194 9828
63 198 6695
63 202 9172
63 204 1423
63 205 8254
63 207 8845
63 208 7089
64 65 4886
64 68 2436
64 69 9170
64 74 6555
64 78 8840
64 80 8042
64 83 6237
64 88 7458
64 89 8841
64 93 7119
64 96 2311
64 99 369
64 110 561
64 113 7487
64 116 4829
64 117 1354
64 118 8206
64 125 361
64 127 5839
64 128 27
64 129 5527
64 130 1813
64 132 5483
64 133 3839
64 136 4791
64 139 8634
64 147 3736
64 160 6570
64 168 461
64 169 2146
64 170 7707
64 171 4510
64 173 1754
64 174 4315
64 175 612
64 181 6686
64 184 1431
64 185 8104
64 188 9504
64 189 9747
64 195 730
64 198 7594
64 200 6686
64 202 7582
64 203 1037
64 205 9654
64 207 8061
64 208 2417
65 69 1722
65 73 5299
65 81 7551
65 84 2351
65 93 3817
65 94 3737
65 98 3046
65 114 5853
65 115 2737
65 116 8596
65 120 7129
65 121 1759
65 122 8174
65 125 4137
65 126 5776
65 127 7631
65 133 3258
65 143 3034
65 146 7931
65 150 1491
65 155 8767
65 161 9710
65 163 7962
65 164 1918
65 168 7485
65 172 1102
65 179 5922
65 180 2293
65 182 888
65 191 1030
65 197 4920
65 201 8547
65 204 5816
65 207 2098
66 69 3087
66 73 9821
66 77 625
66 84 507
66 88 8117
66 92 3412
66 94 6846
66 95 2263
66 98 1066
66 99 6320
66 101 9063
66 105 2292
66 107 9476
66 108 7156
66 114 1846
66 115 1126
66 130 4935
66 136 2954
66 143 835
66 149 5250
66 151 1154
66 154 2282
66 168 5521
66 173 2908
66 174 7029
66 176 8627
66 177 7793
66 186 3806
66 188 8663
66 190 9113
66 191 5360
66 197 3670
66 199 6027
66 205 1096
66 207 9756
66 208 9045
67 68 7640
67 72 6744
67 73 3218
67 77 5692
67 79 2776
67 89 1339
67 90 1214
67 91 3702
67 92 9170
67 98 6464
67 103 9468
67 106 3833
67 111 2480
67 119 5422
67 122 6860
67 123 6054
67 126 7651
67 130 9322
67 133 7887
67 141 7006
67 145 620
67 149 3562
67 152 5407
67 153 2623
67 158 5779
67 160 660
67 165 9532
67 166 555
67 167 7293
67 169 6809
67 174 9105
67 175 9744
67 187 8762
67 193 8532
67 196 4575
68 79 5124
68 85 5712
68 92 7857
68 102 7846
68 103 3123
68 104 7405
68 115 333
68 121 5582
68 123 1063
68 129 7457
68 141 9980
68 150 5234
68 153 6252
68 158 152
68 165 9393
68 171 8678
68 172 243
68 173 3799
68 175 1156
68 178 5109
68 179 5857
68 185 7822
68 193 2498
68 194 8540
68 197 9224
68 200 6404
68 205 7767
68 208 5720
69 70 6845
69 73 1031
69 77 5655
69 78 9545
69 79 7383
69 89 8223
69 95 1581
69 98 8635
69 101 8947
69 110 4274
69 115 2345
69 116 5447
69 117 4802
69 132 7033
69 134 8372
69 140 7001
69 142 2575
69 143 7270
69 159 2753
69 168 7329
69 171 1912
69 180 3405
69 187 6014
69 189 1539
69 191 1302
69 200 8546
69 207 9323
70 79 1037
70 85 8297
70 87 7691
70 90 5708
70 92 5048
70 96 1771
70 105 8017
70 113 8762
70 119 8152
70 123 3379
70 125 3646
70 127 6092
70 128 9834
70 129 5891
70 134 5204
70 135 4266
70 136 5826
70 140 4220
70 142 5042
70 143 2970
70 144 2682
70 150 4437
70 152 8207
70 153 1814
70 156 7827
70 160 4847
70 161 1813
70 163 8623
70 170 7876
70 175 9360
70 176 1203
70 179 5332
70 183 6080
70 184 2188
70 193 3618
70 194 6696
70 197 3851
70 199 1598
70 202 3720
70 203 4799
70 207 2945
71 75 1966
71 83 8827
71 85 3456
71 88 4408
71 90 128
71 91 8882
71 94 4528
71 96 7791
71 98 3957
71 103 7518
71 107 6059
71 110 5553
71 118 9414
71 121 4898
71 123 1467
71 124 8970
71 131 622
71 132 8802
71 133 5182
71 136 6039
71 145 8719
71 152 8382
71 154 5499
71 156 9439
71 157 179
71 159 652
71 163 7191
71 165 1347
71 177 7692
71 180 8874
71 183 6625
71 191 8433
71 203 5274
71 204 230
71 205 2252
71 206 2868
72 77 4782
72 85 7551
72 86 2294
72 88 6049
72 90 3407
72 93 4024
72 95 6854
72 102 1268
72 106 9041
72 112 6121
72 115 7740
72 116 3823
72 118 6513
72 124 5602
72 127 4329
72 129 3024
72 132 9790
72 133 2480
72 134 6772
72 139 6291
72 140 3444
72 142 2681
72 145 379
72 153 1100
72 154 4975
72 159 1421
72 161 8929
72 171 8817
72 183 6444
72 184 3920
72 185 1721
72 190 7439
72 195 7262
72 201 5132
72 203 618
72 206 9334
73 76 4647
73 80 7147
73 83 8339
73 100 9153
73 101 4726
73 107 5380
73 112 7125
73 114 1994
73 115 8127
73 118 499
73 133 8040
73 137 6740
73 138 8241
73 142 608
73 147 2225
73 151 3850
73 153 7704
73 159 3357
73 161 9429
73 164 7764
73 166 5483
73 169 3126
73 171 8228
73 174 1058
73 175 4184
73 180 6088
73 183 1897
73 189 3900
73 191 9757
73 192 2915
73 200 1042
73 204 5455
74 77 8617
74 86 5797
74 87 1649
74 93 8391
74 94 5716
74 99 6493
74 100 6968
74 123 2980
74 132 6631
74 133 5804
74 136 8412
74 137 1676
74 143 5853
74 144 2357
74 145 2836
74 147 7954
74 161 2736
74 164 3396
74 165 2928
74 166 3968
74 171 7559
74 172 9211
74 181 66
74 191 2569
74 200 4815
74 205 7995
74 206 5708
75 77 9523
75 79 4853
75 85 4578
75 88 2259
75 95 1589
75 97 8637
75 99 6120
75 107 9729
75 109 9332
75 111 3314
75 112 8276
75 114 8924
75 116 2849
75 120 1642
75 124 9389
75 128 1544
75 134 4810
75 135 5155
75 136 3361
75 138 5192
75 139 8278
75 141 3612
75 144 2193
75 146 2521
75 150 864
75 152 427
75 158 5339
75 160 7507
75 169 3479
75 171 9150
75 174 1463
75 175 2557
75 177 5892
75 178 6655
75 179 2713
75 181 1961
75 182 3144
75 183 5803
75 185 6770
75 194 2391
75 205 6746
76 92 670
76 93 740
76 97 1306
76 101 7627
76 115 2417
76 120 2747
76 123 4006
76 134 8609
76 138 8115
76 139 5051
76 143 1279
76 150 4114
76 155 6339
76 156 3655
76 158 4584
76 160 7435
76 161 3453
76 162 7036
76 169 5238
76 173 7737
76 174 926
76 180 1665
76 187 8205
76 188 7490
76 194 6450
76 195 9912
76 196 7647
76 201 9295
76 202 5263
76 206 3895
76 208 5649
77 78 4086
77 81 1778
77 83 1657
77 85 3554
77 87 517
77 91 2294
77 93 4281
77 95 1262
77 103 7070
77 104 3078
77 106 9053
77 112 1284
77 113 3064
77 114 5761
77 116 7421
77 118 1116
77 120 3967
77 129 8061
77 131 8445
77 134 6260
77 135 3038
77 141 427
77 145 5906
77 146 7487
77 151 3911
77 156 7786
77 165 7073
77 174 9024
77 179 4750
77 181 7796
77 185 7119
77 198 425
77 199 3155
77 202 2597
77 206 3418
78 80 3821
78 83 4951
78 85 8336
78 88 2610
78 95 4336
78 97 743
78 109 2452
78 110 8728
78 114 1276
78 117 1681
78 120 646
78 121 9088
78 123 7174
78 124 5498
78 127 3229
78 130 9557
78 132 2400
78 137 5497
78 146 3190
78 147 6164
78 159 5741
78 165 1791
78 171 8200
78 176 4722
78 179 397
78 184 4601
78 185 6800
78 186 6696
78 193 4766
78 194 1384
78 195 9001
78 197 2674
78 202 8005
78 204 7033
78 206 5825
79 88 8400
79 90 3680
79 96 9174
79 101 5106
79 103 4975
79 104 2980
79 109 9303
79 114 38
79 116 5421
79 117 9102
79 118 6611
79 119 6820
79 120 4174
79 124 8555
79 132 7350
79 137 5108
79 143 1759
79 146 5127
79 148 1039
79 150 8663
79 151 1721
79 153 5242
79 160 6694
79 161 6790
79 162 3291
79 165 6458
79 172 3775
79 181 5222
79 183 4098
79 184 220
79 186 4894
79 189 6629
79 191 6831
79 193 6439
79 200 4443
79 206 3476
80 81 5391
80 88 1905
80 89 1744
80 90 3410
80 91 9429
80 92 2934
80 102 2185
80 105 3135
80 110 7562
80 121 7731
80 125 6257
80 127 1497
80 129 2992
80 139 110
80 141 9105
80 142 5791
80 156 4748
80 159 5981
80 164 5051
80 166 7609
80 167 6715
80 173 1682
80 176 3881
80 178 8552
80 179 8085
80 182 8124
80 191 4044
80 195 4305
80 197 3432
80 198 2561
80 201 999
80 205 235
81 84 1899
81 93 3880
81 96 5835
81 102 633
81 104 9189
81 109 1273
81 113 6074
81 116 8743
81 118 6386
81 128 3489
81 130 7254
81 131 757
81 135 3665
81 149 517
81 158 7649
81 165 3264
81 167 6098
81 169 977
81 170 560
81 172 437
81 178 3926
81 181 1144
81 182 4455
81 183 6482
81 184 9456
81 186 9643
81 189 5700
81 195 5005
81 196 1169
81 198 3923
81 201 5199
81 207 7234
82 85 7997
82 89 7169
82 90 6325
82 94 8766
82 97 6792
82 108 855
82 110 6681
82 112 1749
82 113 7899
82 115 453
82 119 545
82 124 849
82 126 8980
82 128 9600
82 138 1243
82 141 929
82 142 7019
82 145 7747
82 146 9860
82 151 4934
82 152 1119
82 153 9935
82 159 7873
82 161 3984
82 172 8985
82 179 8085
82 180 6473
82 183 8571
82 189 109
82 193 1850
82 196 9356
82 198 6957
82 199 9356
82 203 1798
82 207 9520
82 208 5031
83 85 4585
83 86 5747
83 89 100
83 90 3336
83 95 8906
83 104 7486
83 108 5
83 110 4440
83 111 6551
83 118 3778
83 133 8530
83 136 8036
83 139 783
83 148 5217
83 149 361
83 153 1172
83 160 70
83 164 7097
83 165 1290
83 168 9645
83 178 7439
83 180 2224
83 187 2863
83 193 77
83 202 5672
83 204 8153
84 86 3665
84 87 7339
84 91 8367
84 99 4536
84 105 8294
84 106 9038
84 111 8807
84 115 7291
84 116 4492
84 118 6804
84 122 8187
84 130 7892
84 134 5919
84 135 5114
84 139 9831
84 140 6051
84 143 8408
84 145 9420
84 157 2510
84 159 1635
84 160 7953
84 167 7662
84 176 463
84 178 8806
84 182 6935
84 185 7356
84 186 2226
84 187 5331
84 188 1316
84 191 5526
84 192 2651
84 193 3288
84 195 826
84 196 4570
84 200 8988
84 203 6666
85 86 7654
85 87 1581
85 92 5846
85 99 8686
85 100 1553
85 102 7852
85 103 8702
85 107 6601
85 112 8411
85 114 1082
85 118 9877
85 121 4202
85 129 9893
85 132 8935
85 136 5519
85 139 1829
85 145 4313
85 147 3957
85 154 1242
85 155 9168
85 156 7329
85 157 2521
85 159 7096
85 160 8678
85 161 2737
85 163 7579
85 164 8151
85 167 2429
85 172 1407
85 175 5075
85 194 9205
85 196 6248
85 197 6183
85 198 7033
85 205 7636
85 207 4604
85 208 4951
86 89 9632
86 93 1996
86 96 522
86 104 9170
86 105 995
86 113 1147
86 121 9363
86 127 4991
86 129 2141
86 132 7740
86 134 6972
86 141 8936
86 145 6979
86 148 8056
86 158 3686
86 163 8788
86 164 7049
86 167 5461
86 172 2832
86 176 4329
86 177 8957
86 178 3931
86 179 7073
86 182 5324
86 188 9513
86 190 8681
86 197 9970
86 203 514
86 206 3894
86 208 767
87 88 7029
87 91 7389
87 95 149
87 96 1981
87 106 8387
87 107 2019
87 121 3578
87 126 3488
87 128 4054
87 129 9159
87 130 4049
87 131 6416
87 134 3871
87 135 1060
87 138 4314
87 139 8495
87 140 1847
87 142 2331
87 147 804
87 151 3865
87 154 8245
87 157 9080
87 160 3004
87 162 1588
87 167 1362
87 170 3281
87 179 5555
87 183 7690
87 184 9086
87 185 5262
87 192 10000
87 194 6098
87 200 4579
87 202 9967
87 207 3801
88 90 5891
88 93 989
88 99 8145
88 100 8772
88 101 7813
88 114 6905
88 117 3512
88 125 7228
88 129 8329
88 142 4368
88 143 3110
88 144 3817
88 150 3264
88 152 1153
88 157 3860
88 158 7652
88 159 7591
88 161 5652
88 164 8609
88 165 5850
88 167 87
88 169 7453
88 172 3098
88 173 5620
88 178 8013
88 179 1453
88 183 4757
88 184 3641
88 185 8441
88 186 7651
88 187 3080
88 188 4486
88 207 8265
89 95 1131
89 96 4344
89 100 7277
89 106 4636
89 111 8850
89 115 7270
89 117 9974
89 120 4419
89 122 7288
89 131 255
89 133 7667
89 135 457
89 137 3468
89 139 1562
89 140 5918
89 141 5460
89 152 1797
89 159 7953
89 161 2010
89 165 1874
89 169 2109
89 172 7162
89 175 1310
89 178 8261
89 179 5742
89 182 891
89 187 138
89 188 5494
89 194 5264
89 197 5576
89 198 5615
89 200 2809
89 201 3847
90 92 6435
90 95 3617
90 101 1362
90 107 9976
90 108 3227
90 114 8015
90 117 2649
90 121 8105
90 134 7685
90 144 1726
90 145 5023
90 151 4609
90 152 5992
90 161 1999
90 166 8272
90 170 7817
90 172 2834
90 187 5221
90 189 8843
90 205 4494
91 96 4464
91 97 7581
91 100 8670
91 102 4089
91 104 2311
91 108 2796
91 109 8772
91 110 4395
91 114 171
91 115 1937
91 117 1709
91 121 4472
91 125 5049
91 131 3410
91 134 9396
91 142 9567
91 145 2424
91 147 2811
91 152 8295
91 164 4390
91 165 6089
91 166 8568
91 169 4366
91 170 9230
91 175 8897
91 180 1907
91 185 4262
91 191 586
91 199 4965
91 201 5397
92 107 5906
92 136 3445
92 137 9575
92 139 4381
92 141 2651
92 150 8722
92 152 3474
92 164 7232
92 167 8296
92 170 1888
92 171 1649
92 180 1958
92 183 1380
92 188 2316
92 192 6817
92 194 6174
92 195 2622
92 198 3581
92 205 7855
92 208 8656
93 99 2863
93 100 1203
93 103 8418
93 104 9574
93 107 112
93 108 8699
93 109 6759
93 111 148
93 118 7646
93 123 6823
93 125 1078
93 129 3363
93 134 5093
93 136 309
93 139 1672
93 140 3419
93 141 7662
93 150 8087
93 156 3932
93 157 6147
93 159 9618
93 162 843
93 170 9959
93 173 5552
93 174 1317
93 177 4019
93 178 6041
93 183 4121
93 191 8075
93 192 4875
93 195 8629
93 200 4161
93 205 9391
93 206 1828
93 208 6898
94 96 9408
94 98 5488
94 99 8476
94 107 9727
94 108 9911
94 111 4459
94 121 9864
94 124 7679
94 132 1372
94 134 2517
94 136 1993
94 138 4281
94 144 651
94 146 4974
94 150 6994
94 158 4957
94 166 9043
94 168 9059
94 174 3823
94 176 6794
94 177 316
94 181 72
94 185 7582
94 191 9713
94 192 7013
94 199 6560
94 201 1257
94 202 6266
94 207 4766
95 99 3673
95 102 711
95 106 3965
95 107 6132
95 109 1054
95 110 6490
95 117 6486
95 119 3631
95 120 1639
95 125 9771
95 127 6525
95 128 2378
95 133 8136
95 134 9369
95 138 5113
95 140 8635
95 149 8561
95 152 6960
95 155 430
95 158 3744
95 159 4405
95 165 8933
95 172 4034
95 180 6755
95 186 4001
95 187 6840
95 190 9166
95 193 3950
95 197 4658
96 98 9040
96 100 8350
96 106 2548
96 116 6598
96 117 6172
96 118 2638
96 121 7712
96 126 1578
96 131 5781
96 132 8864
96 136 3002
96 143 1316
96 147 2130
96 151 4437
96 153 5166
96 157 7689
96 158 9063
96 181 3842
96 183 119
96 184 5309
96 188 6816
96 189 2864
96 192 649
96 193 8908
96 199 4524
96 200 5030
97 101 9584
97 109 6506
97 111 795
97 120 9168
97 122 5068
97 124 7240
97 126 9599
97 136 165
97 137 5153
97 138 5559
97 141 6999
97 142 7223
97 144 4041
97 147 1326
97 148 4475
97 149 6491
97 153 5891
97 158 1569
97 160 938
97 169 7240
97 175 4706
97 181 6970
97 182 320
97 185 5842
97 190 7580
97 191 8616
97 193 719
97 196 5275
97 199 5700
97 201 9527
98 99 8806
98 101 264
98 106 1431
98 112 1207
98 117 7235
98 121 7122
98 125 2156
98 128 8433
98 129 7615
98 135 2606
98 139 9920
98 141 3736
98 142 1759
98 145 4524
98 148 7034
98 150 496
98 152 6340
98 163 6924
98 172 5811
98 174 4768
98 175 9074
98 177 3963
98 180 777
98 181 2937
98 185 8435
98 187 2277
98 188 9260
98 194 2713
98 199 6883
98 201 4942
98 202 6723
98 204 7589
98 205 7174
98 208 6660
99 101 167
99 103 6347
99 106 2274
99 107 5980
99 119 3825
99 120 7171
99 124 3539
99 127 7559
99 131 6190
99 142 217
99 149 3107
99 154 5100
99 156 3567
99 158 8858
99 161 8092
99 165 7941
99 166 5966
99 170 4911
99 172 8573
99 174 7584
99 177 3724
99 180 2175
99 181 9926
99 182 7862
99 184 4322
99 185 1615
99 189 130
99 191 4799
99 192 9990
99 196 2038
100 102 633
100 110 1620
100 111 931
100 115 7848
100 118 1825
100 123 615
100 132 2922
100 137 8249
100 140 3850
100 157 3962
100 159 4246
100 165 3231
100 167 396
100 168 4515
100 169 2947
100 172 6554
100 175 5178
100 177 4767
100 193 7792
100 195 6232
100 200 9168
100 207 1422
101 103 9759
101 105 255
101 106 4116
101 108 38
101 109 6703
101 110 250
101 114 6218
101 123 8075
101 129 9877
101 131 3578
101 137 6998
101 139 1399
101 141 2164
101 148 506
101 149 1354
101 151 6964
101 152 3271
101 157 9528
101 164 7673
101 166 8520
101 173 8805
101 174 6158
101 177 5429
101 190 2637
101 191 41
101 193 3218
101 196 8407
101 197 2734
101 205 5396
101 206 8611
102 106 1625
102 114 6844
102 116 1304
102 117 9282
102 118 8034
102 128 5097
102 129 1608
102 130 8917
102 133 8908
102 137 3317
102 152 1546
102 156 5662
102 159 9798
102 161 8142
102 169 360
102 174 6950
102 187 4719
102 196 4426
102 197 2866
102 199 7603
102 201 5964
102 203 7636
102 208 4553
103 110 4564
103 112 5948
103 113 5052
103 120 1027
103 122 2359
103 124 9364
103 128 1653
103 129 9311
103 136 1454
103 138 2824
103 140 8980
103 142 2481
103 147 5573
103 153 6023
103 154 9572
103 155 490
103 156 5868
103 157 475
103 167 7294
103 168 358
103 176 204
103 178 3783
103 181 6820
103 185 6783
103 186 9898
103 192 4379
103 196 1062
103 197 7421
103 198 7096
103 201 6919
103 208 6572
104 108 3344
104 113 6829
104 118 9628
104 122 3523
104 124 3829
104 130 9443
104 131 1464
104 133 1822
104 145 7166
104 151 4853
104 152 3240
104 154 3596
104 156 2556
104 158 126
104 159 1325
104 160 3150
104 168 7454
104 169 8505
104 170 3680
104 171 8455
104 172 3394
104 178 5527
104 184 8789
104 186 551
104 187 9784
104 188 5888
104 191 661
104 194 7435
104 197 851
104 198 7553
104 202 2036
104 205 9805
105 110 3812
105 111 7020
105 112 1385
105 115 4477
105 117 473
105 118 6506
105 119 6089
105 122 5301
105 123 9245
105 126 6697
105 129 2687
105 134 2078
105 135 7204
105 139 9544
105 140 1097
105 143 3825
105 144 2268
105 146 130
105 150 5927
105 153 3297
105 154 3018
105 155 6252
105 161 1738
105 163 8776
105 166 6300
105 170 46
105 171 410
105 173 8935
105 178 4795
105 181 4716
105 188 5043
105 193 2960
105 197 8949
105 199 6733
105 206 7874
106 107 5252
106 108 1583
106 110 4574
106 111 6434
106 122 1350
106 123 6844
106 129 565
106 132 9478
106 135 710
106 138 3131
106 139 9674
106 140 6873
106 149 9004
106 155 6108
106 156 6720
106 161 3323
106 169 7585
106 170 1043
106 174 6458
106 175 4628
106 180 3044
106 186 2228
106 187 7913
106 193 4195
106 194 4824
106 195 8306
106 201 3196
106 205 5529
106 206 8575
107 119 4439
107 121 3646
107 125 4711
107 130 4385
107 133 3211
107 138 488
107 141 2150
107 144 8245
107 150 6286
107 151 4609
107 152 6923
107 153 4165
107 154 4972
107 155 6538
107 157 3421
107 164 9969
107 166 9146
107 167 4771
107 175 4911
107 176 1769
107 177 7306
107 180 4917
107 182 9091
107 187 4370
107 193 5337
107 197 5288
107 202 5276
107 205 8185
107 207 6708
108 111 2028
108 112 7833
108 116 9140
108 118 1780
108 119 9714
108 127 4633
108 128 6981
108 139 6671
108 141 1855
108 143 6966
108 145 7844
108 146 9146
108 148 9802
108 164 1630
108 170 3684
108 172 101
108 173 7491
108 176 1068
108 177 5978
108 178 196
108 182 732
108 183 4460
108 186 405
108 190 4083
108 191 2646
108 200 3455
108 201 5008
109 112 9854
109 121 2989
109 123 215
109 125 3714
109 130 1516
109 131 9477
109 133 2322
109 136 5000
109 137 6555
109 151 5876
109 153 6534
109 154 511
109 163 9198
109 169 2528
109 170 2659
109 172 822
109 173 9585
109 178 8155
109 185 399
109 188 9946
109 193 8182
109 199 1513
109 202 8348
109 208 3045
110 113 208
110 115 2985
110 118 8417
110 133 188
110 134 4231
110 135 7675
110 139 4764
110 141 1106
110 142 9746
110 143 2117
110 144 4449
110 145 301
110 146 3847
110 147 8469
110 149 81
110 150 9215
110 151 7531
110 154 2098
110 155 9254
110 157 368
110 161 837
110 171 4448
110 175 6545
110 179 1165
110 184 5072
110 188 5547
110 189 1511
110 190 1998
110 191 7452
110 197 7090
110 201 1252
110 205 8922
110 207 5733
111 114 2524
111 115 4993
111 122 3233
111 134 4708
111 136 3516
111 137 8769
111 140 8095
111 143 6287
111 146 8277
111 157 7706
111 161 3860
111 162 2964
111 166 2375
111 167 6251
111 168 6153
111 172 8915
111 174 8043
111 175 5502
111 177 7321
111 178 7899
111 180 5915
111 182 9748
111 184 8446
111 192 6862
111 195 7417
111 197 7041
111 198 3208
111 203 5606
111 205 7821
111 207 2197
112 122 3150
112 123 493
112 128 6172
112 130 5691
112 131 4604
112 133 9880
112 134 3434
112 136 606
112 138 3447
112 140 7288
112 143 4452
112 145 8732
112 146 5246
112 148 8469
112 157 26
112 159 9039
112 165 8987
112 166 393
112 169 863
112 170 6628
112 173 3128
112 174 1496
112 175 3826
112 182 3332
112 184 6397
112 185 9736
112 188 5333
112 194 6228
112 195 7612
112 200 1427
112 201 3623
112 206 6998
113 116 5202
113 117 8003
113 118 3167
113 120 5930
113 121 8109
113 124 9054
113 125 9354
113 133 4708
113 134 8983
113 136 46
113 137 3086
113 138 7458
113 139 7964
113 141 6064
113 146 4362
113 149 8560
113 153 4642
113 155 475
113 158 3734
113 163 4532
113 164 6036
113 167 6315
113 170 977
113 173 7416
113 184 9860
113 190 6453
113 191 8924
113 192 2260
113 193 7047
113 195 4667
113 197 8011
113 204 604
113 208 2295
114 117 9728
114 121 7990
114 122 8561
114 125 1713
114 126 9953
114 127 6109
114 132 3782
114 136 1985
114 138 6728
114 142 4300
114 143 4796
114 144 6285
114 145 6380
114 149 9241
114 151 4150
114 153 243
114 157 3932
114 158 1598
114 162 7602
114 174 9585
114 175 4094
114 178 4540
114 179 5420
114 184 1978
114 186 5541
114 190 8928
114 194 5282
114 200 4133
114 203 6057
115 116 2700
115 118 6822
115 123 7569
115 130 9527
115 131 1848
115 135 8472
115 140 3913
115 149 8328
115 150 1466
115 152 5024
115 154 5636
115 160 6260
115 161 2336
115 162 6636
115 163 5125
115 164 7417
115 169 886
115 172 4053
115 179 1648
115 181 3576
115 187 6083
115 189 881
115 200 9248
115 206 9647
116 120 3031
116 121 70
116 122 6527
116 125 6938
116 128 5160
116 143 6076
116 147 7427
116 148 7979
116 149 8268
116 152 546
116 156 2625
116 157 2081
116 158 986
116 159 2071
116 161 3349
116 162 4374
116 166 4528
116 170 9155
116 172 8666
116 173 2443
116 174 9961
116 175 1314
116 179 7359
116 180 9506
116 181 1455
116 183 1758
116 186 807
116 188 1047
116 194 3099
116 199 9885
116 204 2813
116 207 5764
117 125 6239
117 126 8479
117 127 2620
117 132 6409
117 135 6385
117 139 8152
117 140 3044
117 151 3859
117 152 7977
117 155 3691
117 160 8343
117 163 1055
117 164 6950
117 173 907
117 177 1517
117 184 9449
117 187 968
117 188 7760
117 193 1346
117 196 7232
117 197 4299
117 203 8729
117 204 9657
117 205 6250
117 207 7405
118 122 8754
118 127 4204
118 136 1995
118 147 2552
118 148 6209
118 149 8144
118 153 8050
118 158 8190
118 160 6955
118 165 8873
118 170 6476
118 173 9284
118 174 1246
118 177 729
118 187 4154
118 195 9528
118 196 5339
118 200 7207
118 203 3393
118 204 5859
119 120 4031
119 126 3357
119 135 4813
119 141 6072
119 150 6223
119 156 674
119 161 3375
119 177 7562
119 183 8700
119 192 8067
119 193 6676
119 194 5738
119 196 1842
119 199 9285
119 203 9394
119 206 5635
120 130 9448
120 137 260
120 145 2605
120 148 3722
120 149 6416
120 152 1878
120 155 8363
120 156 3395
120 157 3505
120 162 4791
120 165 144
120 167 2818
120 170 9650
120 176 2609
120 179 8215
120 183 8678
120 199 8341
120 206 9238
120 208 468
121 124 6638
121 125 50
121 129 2506
121 131 9056
121 148 8895
121 154 5289
121 159 8544
121 166 1981
121 167 4029
121 173 8087
121 176 1763
121 182 3889
121 186 7711
121 192 3901
121 193 6232
121 201 7940
121 202 5542
121 206 722
122 123 4135
122 126 3732
122 135 1557
122 137 4115
122 142 2334
122 147 4650
122 148 3979
122 151 8842
122 153 2836
122 162 8386
122 164 8796
122 165 272
122 167 620
122 168 8360
122 169 8055
122 172 2683
122 173 9993
122 178 2587
122 188 1881
122 192 3315
122 193 4917
122 194 9935
122 200 8477
122 206 5893
122 207 7314
123 125 9263
123 130 2607
123 132 6232
123 136 6762
123 144 8756
123 149 2790
123 150 3458
123 157 3862
123 167 2806
123 168 2817
123 170 1829
123 179 5670
123 180 8198
123 182 4642
123 184 932
123 185 1402
123 188 5697
123 196 8372
123 200 1032
123 202 7912
123 203 1442
123 208 2055
124 126 4937
124 132 5932
124 134 8895
124 137 763
124 138 150
124 142 7748
124 145 4305
124 147 5235
124 159 3848
124 167 3247
124 168 4250
124 169 6117
124 174 1857
124 175 2736
124 179 8715
124 184 1349
124 191 6949
124 195 3332
124 197 1826
124 198 2693
124 199 9439
124 200 6197
124 206 4543
124 207 5010
125 126 3104
125 134 6663
125 153 7163
125 157 110
125 159 2323
125 164 2257
125 169 9875
125 173 9410
125 174 8179
125 180 1197
125 188 6030
125 192 2858
125 194 9630
125 196 5746
125 197 7474
125 201 3030
125 203 584
126 127 7351
126 137 2889
126 138 9584
126 139 3744
126 142 2237
126 151 7882
126 152 3473
126 153 5411
126 160 3776
126 168 9667
126 177 1112
126 181 4908
126 186 6701
126 200 4010
126 202 8753
126 206 2282
126 208 5597
127 128 1192
127 130 4751
127 132 3996
127 136 4796
127 140 2927
127 148 5655
127 156 4964
127 159 2033
127 165 3876
127 168 8136
127 173 6091
127 177 288
127 187 5772
127 189 2488
127 191 1016
127 199 1654
127 200 5854
127 201 8961
127 202 5818
128 133 7925
128 139 1122
128 144 150
128 148 7379
128 151 5692
128 156 5543
128 158 1049
128 164 3691
128 168 9652
128 170 4510
128 177 2039
128 190 5080
128 199 7071
128 202 4774
128 207 9670
129 130 8433
129 140 361
129 143 1912
129 147 8245
129 148 6165
129 151 4793
129 154 5105
129 155 1185
129 159 7994
129 165 39
129 169 8914
129 174 81
129 179 795
129 180 1182
129 181 8312
129 182 8013
129 184 8794
129 186 2826
129 188 1395
129 189 7904
129 193 7693
129 197 3222
129 199 2171
129 203 1613
130 131 5768
130 134 4392
130 136 6247
130 144 293
130 145 8244
130 149 8280
130 150 7029
130 153 5002
130 159 9670
130 163 6756
130 178 2039
130 181 8522
130 189 8445
130 190 7055
130 192 7205
130 197 6621
130 199 149
130 200 4019
130 202 3421
130 204 4191
130 205 9907
130 208 9580
131 136 3927
131 139 3647
131 145 9992
131 146 4826
131 155 2301
131 156 9429
131 159 4660
131 161 11
131 169 2740
131 173 6774
131 175 7739
131 177 6155
131 183 3949
131 186 4818
131 187 4018
131 191 5615
131 196 1103
131 200 5845
131 201 5576
131 202 4710
131 203 2652
131 207 6506
132 133 4174
132 135 8183
132 138 6431
132 139 5096
132 145 934
132 150 6482
132 151 2471
132 152 6777
132 157 3712
132 158 2708
132 161 8045
132 166 4725
132 168 1134
132 174 757
132 180 557
132 182 382
132 185 235
132 192 5837
132 196 6569
132 197 6187
132 204 5039
133 138 4164
133 140 8817
133 150 7545
133 152 1100
133 161 3011
133 183 8849
133 184 2408
133 188 3986
133 190 9932
133 191 1125
133 193 3706
133 194 4024
133 196 183
133 198 3060
133 206 963
134 140 1862
134 142 9068
134 146 860
134 150 8122
134 151 7206
134 153 1560
134 156 9314
134 157 2167
134 158 7068
134 159 9982
134 163 7742
134 164 1288
134 169 1819
134 172 3255
134 176 9101
134 185 6905
134 187 5137
134 188 4704
134 193 5829
134 198 2195
134 199 908
134 201 8112
134 203 1524
135 138 898
135 139 5117
135 140 7274
135 145 4417
135 146 8775
135 147 7577
135 155 9278
135 159 4336
135 161 4365
135 162 4098
135 164 570
135 166 6657
135 168 1763
135 169 3006
135 170 9512
135 177 6331
135 191 5286
135 192 550
135 194 1399
135 197 6878
135 199 5013
135 202 3358
135 205 5396
136 142 1492
136 143 4624
136 150 8788
136 151 256
136 155 8136
136 159 444
136 168 7656
136 169 9278
136 172 2321
136 176 2882
136 179 4101
136 181 3086
136 184 6977
136 185 8846
136 186 1110
136 187 4979
136 196 8004
136 197 4348
136 205 7111
136 208 4628
137 140 8339
137 141 18
137 144 8582
137 149 8320
137 150 816
137 159 5590
137 169 7592
137 182 8092
137 185 1198
137 186 180
137 188 7410
137 191 9964
137 194 7822
137 196 8182
137 198 2383
137 200 5483
137 203 5577
137 204 1321
137 206 2979
138 139 6601
138 159 3269
138 163 5196
138 166 2371
138 175 5066
138 177 5700
138 182 3404
138 184 3288
138 186 1656
138 188 3366
138 191 2295
138 192 8252
138 194 52
138 197 2163
138 203 8356
139 140 3228
139 148 4219
139 168 1965
139 170 6119
139 174 2804
139 175 2508
139 176 9062
139 177 7777
139 181 7915
139 185 1979
139 189 7837
139 192 6387
139 196 309
139 201 1325
139 202 2042
139 208 9594
140 153 7443
140 164 1282
140 166 1078
140 167 8693
140 173 4168
140 177 3168
140 182 3952
140 183 5938
140 185 5543
140 188 4617
140 191 2662
140 195 715
140 201 366
140 202 4750
141 144 3690
141 145 2280
141 160 7486
141 166 2451
141 168 3565
141 173 9346
141 180 1985
141 182 7212
141 184 225
141 185 6021
141 187 6419
141 191 887
141 192 1390
141 199 2171
141 207 3900
141 208 8621
142 143 4758
142 145 1220
142 146 2227
142 151 5936
142 152 3551
142 153 1583
142 161 7954
142 163 2624
142 164 3741
142 175 6293
142 180 4049
142 183 2237
142 187 6359
142 188 4043
142 190 4815
142 193 8533
142 196 6502
142 200 4034
142 203 5692
142 204 1811
143 154 2217
143 155 2051
143 167 5568
143 169 465
143 173 6289
143 175 7654
143 179 7007
143 180 7288
143 181 9258
143 182 1079
143 187 7248
143 188 3662
143 192 3713
143 193 5099
143 198 1048
143 205 9828
143 207 3182
144 146 3085
144 147 4653
144 148 8151
144 154 3903
144 157 7094
144 167 8666
144 171 8751
144 176 5761
144 177 5340
144 182 1579
144 183 5812
144 194 6049
144 195 2954
144 198 3335
144 199 2603
144 200 2098
144 204 9687
144 208 7328
145 149 6252
145 151 6448
145 155 451
145 160 5215
145 162 9282
145 164 2480
145 165 7333
145 169 3337
145 179 1475
145 181 9547
145 182 1255
145 184 4834
145 187 8300
145 197 6909
145 200 122
145 201 451
145 206 9752
146 148 4274
146 151 4437
146 157 7766
146 158 7454
146 159 453
146 160 9370
146 163 4952
146 167 4561
146 169 1912
146 171 2693
146 172 4620
146 173 1940
146 178 4685
146 180 4676
146 182 8717
146 185 9629
146 189 7644
146 191 9702
146 196 571
146 198 7197
146 203 4247
147 148 2507
147 150 1896
147 155 9452
147 156 5951
147 158 9312
147 159 5908
147 163 5996
147 166 301
147 172 2898
147 174 6969
147 175 6050
147 176 6450
147 177 8949
147 186 7191
147 187 5707
147 189 3443
147 194 9031
147 196 3355
147 198 3014
147 202 4574
147 207 8580
147 208 729
148 152 5601
148 157 907
148 158 9275
148 159 227
148 161 826
148 166 6182
148 167 9352
148 170 2102
148 177 8341
148 181 3548
148 189 9406
148 191 7769
148 192 5255
148 193 3765
148 194 2425
148 198 8867
148 199 1424
148 200 4988
149 162 6326
149 164 7895
149 167 1161
149 169 3116
149 171 4191
149 181 1754
149 184 4334
149 188 2229
149 198 5018
149 199 570
149 205 6814
149 206 7079
150 153 2819
150 160 8621
150 164 6627
150 168 6632
150 171 5614
150 177 7525
150 187 2587
150 188 4690
150 189 9844
150 191 3565
150 195 4125
150 196 2249
150 198 4090
150 199 9757
150 201 6661
151 155 3293
151 156 5964
151 160 1950
151 161 5360
151 165 1869
151 166 2912
151 167 7394
151 171 1101
151 174 2298
151 177 5979
151 178 43
151 180 2382
151 182 3693
151 185 7948
151 190 1245
151 193 5903
151 195 7083
151 196 9624
151 198 4960
151 206 4332
151 207 3603
151 208 8187
152 164 8452
152 170 7688
152 171 5524
152 177 7950
152 178 2648
152 182 2584
152 184 6090
152 188 5769
152 190 9779
152 191 6436
152 197 2563
152 198 1501
152 206 4338
152 208 6130
153 157 262
153 160 7532
153 162 1662
153 163 8943
153 165 2056
153 166 6521
153 169 2952
153 172 3794
153 179 1180
153 180 9830
153 183 7567
153 187 7551
153 189 2907
153 190 6382
153 197 6431
153 203 1894
153 204 4229
153 208 3278
154 157 3461
154 158 2694
154 159 1716
154 161 9799
154 166 7252
154 168 9755
154 172 9900
154 174 5853
154 180 8663
154 184 6052
154 186 433
154 191 96
154 194 5612
155 156 8472
155 169 3372
155 173 2594
155 174 3824
155 176 6785
155 179 4171
155 190 449
155 192 1412
156 164 7058
156 166 952
156 168 1404
156 170 6208
156 177 7362
156 178 5054
156 179 6246
156 180 2147
156 185 3535
156 187 8500
156 188 4258
156 189 7789
156 191 2346
156 193 8663
156 196 5222
156 198 9248
156 204 895
156 206 3588
157 158 1656
157 166 9579
157 172 4685
157 182 4406
157 185 6115
157 187 8503
157 190 1131
157 194 4551
157 199 1383
157 203 4533
157 206 5472
158 162 3145
158 171 4232
158 172 3789
158 175 228
158 180 4053
158 181 5284
158 182 962
158 189 4110
158 202 7199
158 207 5697
159 164 6217
159 167 1805
159 169 8548
159 171 2784
159 172 9726
159 186 487
159 190 6682
159 193 9090
159 195 4395
159 198 2668
159 201 8002
159 204 3106
159 208 5063
160 173 8648
160 178 4415
160 180 6280
160 186 1476
160 193 9762
160 196 4242
160 197 4695
160 199 6564
160 200 276
160 202 3525
160 203 2245
160 204 9127
161 165 5096
161 169 7223
161 170 353
161 173 861
161 178 2832
161 179 5427
161 183 6021
161 184 2699
161 187 3577
161 198 7665
161 202 5314
162 164 4237
162 171 1590
162 181 7305
162 186 6833
162 191 3821
162 197 3692
162 202 7207
162 203 4540
162 206 9711
162 207 4336
163 165 1042
163 168 1411
163 170 9453
163 176 4475
163 193 8354
163 196 5562
163 197 2057
163 199 4879
163 205 4433
164 168 93
164 171 1941
164 173 9363
164 175 3284
164 186 2016
164 187 7101
164 190 4646
164 192 2995
164 193 7785
164 201 7846
164 203 4752
165 166 6497
165 168 4171
165 169 7053
165 178 1603
165 181 6624
165 183 2237
165 184 2007
165 189 9388
165 192 5209
165 206 430
165 208 7025
166 173 4736
166 182 867
166 184 1824
166 187 9913
166 190 8184
166 193 7168
166 201 158
166 204 8034
166 205 3724
167 168 2478
167 185 4033
167 191 6843
167 198 9
167 199 8999
168 177 8368
168 178 7639
168 182 2780
168 183 5816
168 184 9994
168 189 4188
168 192 8868
168 197 760
168 203 2217
168 207 2674
169 173 348
169 175 3631
169 183 2577
169 184 3604
169 185 4234
169 187 7125
169 190 4821
169 192 8720
169 194 702
169 197 1308
169 199 7772
169 200 8224
169 203 498
169 208 7878
170 171 7170
170 175 6191
170 176 1951
170 178 5408
170 197 5513
170 203 9883
170 207 9265
170 208 9211
171 176 1414
171 181 405
171 182 4821
171 183 4348
171 186 8063
171 189 1714
171 192 2509
171 198 4632
171 200 503
171 206 5828
172 173 8544
172 177 8204
172 185 480
172 188 9083
172 189 6926
172 195 5360
172 196 7705
172 199 5132
172 206 9498
172 207 9486
173 174 496
173 178 343
173 180 3828
173 189 9732
173 190 2975
173 194 5188
173 195 5095
173 201 8391
173 203 101
173 206 6222
173 207 455
174 178 2497
174 180 3375
174 186 5229
174 193 6611
174 201 5941
175 176 2130
175 177 8143
175 179 1958
175 194 1536
175 197 7744
175 199 4682
175 204 9916
175 205 5386
176 179 2507
176 181 9963
176 189 686
176 195 7085
176 196 7777
176 198 3504
176 199 8657
176 200 5014
176 203 5139
176 204 6819
176 207 5134
177 178 4177
177 185 4722
177 187 1840
177 188 541
177 190 1046
177 200 1524
177 202 493
178 181 8108
178 197 9957
178 200 7643
179 188 6501
179 189 1597
179 198 8416
179 200 4818
180 187 6615
180 188 8781
180 195 1657
180 197 5578
180 198 8465
180 199 2889
180 202 1714
180 204 2232
180 207 312
180 208 5088
181 184 9419
181 185 1535
181 186 8963
181 190 591
181 197 8118
181 201 5679
181 204 496
181 208 1371
182 186 1527
182 190 6381
182 197 679
182 198 9986
182 208 3059
183 189 4969
183 193 9812
183 205 1472
184 185 8299
184 187 3014
184 191 5725
184 195 8564
184 198 3200
184 199 1302
184 207 2022
185 193 7764
185 194 2477
185 206 3203
185 208 2050
186 189 869
186 195 36
186 197 5319
186 198 239
187 195 8596
187 196 7471
187 200 8347
187 201 1453
187 202 3386
187 208 8244
188 190 7735
188 191 651
188 195 9616
188 197 1198
188 198 300
188 199 8232
188 200 255
188 201 6207
188 204 5846
189 193 6814
189 197 3061
189 203 8465
189 206 4391
189 207 3189
189 208 43
190 196 231
190 197 166
191 193 5521
191 198 4892
191 199 6996
191 204 9412
191 205 3581
191 206 8433
192 193 2171
192 195 5320
192 199 7305
192 205 4872
192 206 2877
192 207 4562
193 194 1352
193 195 3790
193 196 815
193 197 2287
193 199 164
193 200 3801
193 202 8917
193 204 2143
194 196 4710
194 198 2542
194 202 1397
194 204 2775
194 207 8519
195 199 343
195 201 5392
195 204 4320
195 206 1114
195 207 9566
196 203 1531
196 205 1877
197 198 7432
197 199 9060
197 200 8121
197 203 799
198 207 9664
198 208 9210
199 200 483
199 201 7599
199 204 3935
200 201 420
200 203 3466
201 204 2704
202 203 7132
203 204 9600
204 205 8592
204 208 543
