47 287 12010 47
0 5 4207
0 9 3821
0 11 2702
0 15 1232
0 17 342
0 20 357
0 21 2310
0 28 7615
0 30 3298
0 32 6096
0 40 2689
0 43 5164
1 8 4952
1 14 158
1 16 5049
1 22 3065
1 24 6754
1 25 937
1 27 328
1 29 7509
1 39 9044
1 44 8003
1 45 4240
2 3 6678
2 4 291
2 7 2458
2 12 6566
2 16 7238
2 19 6788
2 26 4860
2 45 962
3 4 7788
3 6 9441
3 13 4900
3 20 3218
3 27 6592
3 30 607
3 31 5841
3 34 9191
3 36 787
3 38 7050
3 39 6369
3 40 3144
3 43 6842
4 5 4678
4 6 4696
4 7 4347
4 8 1972
4 17 73
4 24 4872
4 25 8527
4 27 92
4 30 1463
4 37 2391
4 40 4200
4 41 8078
5 6 5948
5 7 7365
5 11 243
5 19 2166
5 21 2522
5 24 4454
5 28 2008
5 30 407
5 32 146
5 34 654
5 37 2512
5 41 5240
5 42 6604
5 43 504
6 7 6329
6 8 9533
6 9 8624
6 15 5580
6 21 6935
6 23 6787
6 25 592
6 30 280
6 33 6859
6 35 461
6 36 983
6 41 8148
6 43 6594
6 45 8349
7 8 9211
7 12 1799
7 16 6067
7 23 1202
7 32 5525
8 9 4983
8 15 3013
8 17 1872
8 18 3526
8 19 1221
8 20 6355
8 21 7025
8 22 390
8 27 2027
8 32 6716
8 41 8223
8 42 1020
9 10 9093
9 11 8232
9 14 7585
9 19 4665
9 20 7701
9 21 1169
9 25 1241
9 28 1558
9 30 8774
9 33 1790
9 40 2205
9 41 4846
9 44 6079
10 13 3544
10 16 4374
10 19 149
10 20 9903
10 24 5160
10 27 2182
10 34 5752
10 37 5380
10 40 514
10 43 772
10 46 5100
11 20 9907
11 21 7571
11 25 756
11 30 9488
11 37 3552
11 38 5626
11 41 9956
11 46 6776
12 13 9676
12 18 3905
12 23 6439
12 27 2703
12 28 531
12 34 7869
12 36 7846
12 41 4527
12 44 740
13 14 6098
13 15 2837
13 20 2729
13 21 965
13 25 2417
13 27 8752
13 29 9993
13 37 7168
14 18 967
14 19 4270
14 26 9359
14 33 8876
14 40 7172
14 42 7771
14 43 4535
14 44 5937
15 18 6542
15 20 8992
15 21 4164
15 26 3940
15 27 9817
15 28 1300
15 44 4765
15 45 4427
16 27 5597
16 28 8701
16 32 3133
16 43 8905
16 44 6460
16 45 1946
17 19 8082
17 26 6701
17 27 5086
17 29 2654
17 36 7076
17 37 6627
17 38 9166
17 41 4016
17 43 7341
18 19 160
18 28 3141
18 44 1365
19 27 6993
19 33 6200
19 37 1627
19 41 1825
19 43 3119
19 44 9565
20 21 7392
20 25 3181
20 26 3189
20 33 9092
20 37 536
20 38 5658
20 39 7413
20 41 4030
20 44 7806
21 29 9709
21 36 3355
21 38 1438
21 43 9836
22 26 8213
22 30 9668
22 32 5231
22 34 3721
22 38 7447
22 41 2028
23 25 1649
23 26 2395
23 32 6798
23 34 3010
23 35 7199
23 38 7954
23 39 3677
23 41 4332
23 42 3733
24 26 1927
24 28 7230
24 34 9189
25 28 9848
25 30 8652
25 32 5979
25 35 2980
25 43 1860
26 27 8359
26 30 1007
26 36 9873
26 38 8650
26 42 6732
26 45 9199
27 39 3305
27 42 433
27 45 3533
28 31 5641
28 35 4332
28 36 6774
28 37 8231
28 43 963
29 32 179
29 38 3666
29 45 4817
29 46 7497
30 33 8128
30 35 3678
30 39 3543
30 41 4647
31 32 3962
31 33 3542
31 39 841
31 41 46
31 43 2732
31 45 1764
31 46 107
32 37 513
32 41 2301
32 43 9338
32 45 2536
33 37 9003
33 38 1433
33 39 7637
33 43 1511
33 45 4354
34 35 2607
34 36 8503
34 38 481
34 39 5616
34 42 6189
35 40 6499
35 41 6582
35 45 8494
36 42 6582
36 44 8866
36 46 9192
37 41 3822
37 42 4320
37 46 2755
38 41 233
38 42 1356
38 46 1610
39 40 6078
40 41 3200
40 45 4617
41 43 4302
42 45 8365
43 46 9019
