88 1021 12059 83
0 1 3382
0 3 7368
0 4 8359
0 5 9659
0 6 7969
0 14 6181
0 15 3950
0 16 2484
0 19 7926
0 23 3166
0 24 9822
0 26 216
0 27 1395
0 32 8431
0 34 6926
0 43 8519
0 46 9267
0 47 8307
0 50 8376
0 55 346
0 56 4865
0 58 1803
0 59 4742
0 62 4755
0 65 5582
0 70 748
0 71 4177
0 74 4855
0 78 2103
0 83 6412
1 3 3412
1 7 7395
1 9 4563
1 16 7636
1 25 7628
1 27 4688
1 29 3339
1 32 6068
1 38 7545
1 39 7498
1 41 7410
1 43 8182
1 44 9017
1 49 6157
1 52 9409
1 54 2114
1 59 8786
1 60 2665
1 62 4615
1 64 3887
1 65 4687
1 69 2489
1 70 4235
1 71 8664
1 77 7529
1 80 1773
1 83 3533
1 87 1694
2 4 2109
2 14 3741
2 15 5008
2 17 5781
2 24 4508
2 27 2624
2 39 5883
2 40 1949
2 42 610
2 43 5148
2 53 992
2 56 3069
2 57 8875
2 58 3437
2 76 196
2 85 6088
3 8 6307
3 14 1016
3 15 8981
3 16 1586
3 26 6276
3 27 4153
3 39 1617
3 45 7531
3 46 172
3 48 5641
3 51 7976
3 53 7138
3 55 8042
3 56 2558
3 59 753
3 62 5143
3 63 2065
3 64 9899
3 65 9202
3 66 7015
3 69 2232
3 73 3488
3 85 6034
4 10 6600
4 13 746
4 19 4800
4 20 1623
4 24 5923
4 33 2678
4 34 6418
4 35 6715
4 36 1867
4 37 6055
4 43 4995
4 45 3119
4 47 2204
4 50 65
4 51 905
4 54 8111
4 55 1154
4 58 690
4 63 8478
4 64 6504
4 69 8419
4 83 4925
4 84 9408
5 14 3044
5 21 9133
5 22 2306
5 24 6905
5 25 9669
5 27 6025
5 32 3674
5 40 5233
5 42 2414
5 44 4377
5 49 9567
5 52 8832
5 58 9028
5 66 2039
5 72 7448
5 76 5298
5 81 7160
5 84 9386
5 85 6508
6 15 8609
6 22 8589
6 24 2533
6 28 9878
6 32 2831
6 37 3520
6 42 7802
6 49 2811
6 54 4147
6 55 9189
6 62 6355
6 65 5254
6 67 4291
6 71 2881
6 73 5531
6 74 1841
6 75 6420
6 76 7607
6 78 7845
6 82 2187
7 20 6294
7 21 211
7 22 2814
7 28 3826
7 35 1498
7 37 4504
7 39 4709
7 47 7927
7 50 656
7 61 895
7 62 4789
7 66 5799
7 67 6592
7 72 6313
7 77 3743
7 79 2027
7 81 1137
7 85 4388
7 87 2876
8 11 9822
8 13 2610
8 14 6588
8 15 8281
8 20 145
8 26 3022
8 28 3392
8 29 2420
8 33 3189
8 40 8861
8 48 5941
8 55 8914
8 58 7602
8 60 9576
8 61 5981
8 62 9877
8 87 3948
9 11 2198
9 12 1975
9 15 3560
9 28 7355
9 30 4534
9 43 3746
9 44 8232
9 45 704
9 46 3034
9 47 7069
9 48 8362
9 49 6911
9 59 6329
9 65 6736
9 67 6344
9 68 7111
9 75 4855
9 78 3393
9 82 7203
9 85 4745
10 23 4677
10 26 522
10 28 5960
10 29 7498
10 32 8351
10 38 3682
10 41 3433
10 43 3441
10 44 2070
10 48 180
10 54 1729
10 55 9945
10 56 4614
10 63 9974
10 73 671
10 81 8665
10 83 9882
10 84 4303
11 13 4909
11 17 984
11 22 1406
11 26 6568
11 28 2901
11 30 8470
11 32 6880
11 37 1989
11 48 4519
11 50 135
11 52 3822
11 54 6178
11 68 1170
11 69 1415
11 70 16
11 75 3160
12 14 1969
12 22 8029
12 24 2234
12 28 4327
12 29 3462
12 30 5658
12 32 277
12 38 6902
12 40 2457
12 43 5913
12 48 1139
12 49 4610
12 52 2397
12 64 6905
12 68 6573
12 74 9396
12 75 7270
12 77 3610
12 81 6385
12 83 6338
13 15 7181
13 16 6258
13 18 8429
13 20 1153
13 22 8856
13 24 9030
13 35 3575
13 36 5166
13 37 1349
13 38 3607
13 39 1222
13 40 8111
13 41 303
13 45 8347
13 50 7298
13 52 1455
13 55 4683
13 58 9013
13 64 8409
13 66 6750
13 69 8183
13 80 3088
13 81 5142
13 82 539
13 84 3444
14 15 4306
14 17 6210
14 22 7179
14 26 9216
14 27 3074
14 28 2534
14 29 2853
14 31 428
14 43 7670
14 48 7763
14 57 6065
14 58 4284
14 67 5351
14 68 5614
14 69 6928
14 74 1020
14 76 5823
15 16 6145
15 19 4413
15 20 5704
15 26 5305
15 35 6890
15 37 2190
15 39 9899
15 40 565
15 53 3817
15 56 7283
15 58 5988
15 61 4477
15 62 8710
15 63 1274
15 68 740
15 69 3558
15 70 2164
15 71 1
15 74 3565
15 78 2648
15 79 1641
15 81 8099
15 82 2177
15 85 374
16 24 2784
16 30 3009
16 31 1612
16 35 5000
16 39 223
16 41 9849
16 45 7700
16 53 335
16 56 852
16 57 2173
16 59 2798
16 62 8017
16 65 9584
16 66 7077
16 76 5639
16 77 4341
16 78 2382
16 84 3424
17 19 2279
17 22 4540
17 26 2042
17 29 1027
17 30 4854
17 43 1372
17 45 7206
17 46 8319
17 47 4646
17 50 424
17 53 1445
17 55 5307
17 58 5051
17 62 7640
17 64 3547
17 75 4809
17 78 3288
17 80 9170
17 81 5170
17 82 9873
17 86 4962
18 19 9862
18 23 5211
18 25 3056
18 30 7958
18 36 3648
18 45 6748
18 46 4595
18 47 2639
18 48 6212
18 52 3976
18 55 1406
18 63 8402
18 64 7196
18 65 9838
18 67 1163
18 68 3556
18 71 3514
18 73 2514
18 77 7795
18 79 6076
18 81 3177
18 82 2557
19 22 3148
19 28 455
19 36 1142
19 38 6942
19 40 3327
19 45 982
19 46 7372
19 47 4216
19 51 3802
19 52 2729
19 62 9040
19 66 622
19 69 9001
19 73 7391
19 74 3456
19 87 4307
20 21 6041
20 24 836
20 26 2467
20 27 4127
20 28 4198
20 30 5774
20 32 4444
20 35 5932
20 49 6581
20 55 1291
20 58 9180
20 62 5747
20 69 7927
20 78 1390
20 80 2895
20 83 8343
21 25 2409
21 27 3200
21 28 3778
21 32 852
21 33 1134
21 36 1890
21 41 3586
21 42 301
21 47 2584
21 51 2906
21 55 8384
21 68 4957
21 69 8239
21 70 4063
21 73 6389
21 76 9588
21 80 3914
21 84 6762
21 86 3400
22 23 6015
22 26 2188
22 29 5251
22 37 8581
22 39 4183
22 46 6336
22 48 2671
22 51 1539
22 55 6387
22 57 5001
22 60 8319
22 72 7565
22 76 3062
22 80 129
22 86 2962
23 30 8156
23 37 3041
23 39 1706
23 40 2171
23 58 4861
23 59 6733
23 61 3300
23 63 8184
23 68 5783
23 74 8173
23 81 1571
23 82 9005
23 86 8926
24 25 6375
24 27 7415
24 30 8517
24 31 8440
24 35 8097
24 38 1549
24 39 1893
24 43 5467
24 45 5463
24 52 6080
24 58 9338
24 59 8532
24 63 4106
24 67 5738
24 71 2570
24 78 5079
24 83 1598
24 87 5763
25 27 5697
25 31 5144
25 35 5333
25 42 8411
25 45 9844
25 46 9639
25 47 8129
25 53 8542
25 60 8617
25 63 5328
25 75 3485
25 80 3804
25 86 9467
26 28 4694
26 29 9950
26 33 4510
26 48 670
26 49 8732
26 50 1823
26 59 9303
26 65 2087
26 79 4912
26 82 3465
26 83 3710
27 33 3658
27 36 7411
27 37 4491
27 40 1652
27 43 7574
27 44 5975
27 45 2147
27 50 4147
27 57 7268
27 60 9374
27 69 2643
27 73 6720
27 76 9529
27 80 2656
27 81 8919
27 87 8576
28 29 277
28 32 9086
28 33 1330
28 35 1979
28 42 3730
28 43 5446
28 46 5512
28 47 5691
28 50 2352
28 55 110
28 59 6761
28 64 4169
28 65 8206
28 70 4516
28 71 4639
28 78 4675
28 85 6790
28 87 52
29 34 7779
29 38 2310
29 41 5421
29 50 4557
29 51 6637
29 55 7247
29 57 73
29 73 4982
29 75 786
29 76 8748
29 79 765
29 83 1386
29 84 5429
29 85 888
29 86 9459
30 32 9070
30 34 7364
30 36 1881
30 38 5341
30 41 5797
30 43 5827
30 44 9935
30 50 6365
30 54 1377
30 62 2266
30 68 4070
30 73 4931
30 80 2157
30 82 1766
30 84 6685
30 85 3705
31 39 7766
31 48 4305
31 51 9988
31 52 3186
31 53 6812
31 56 6166
31 61 3466
31 63 211
31 78 2425
31 79 7610
31 83 2382
31 84 8500
32 36 2786
32 38 5409
32 41 8121
32 48 6844
32 49 5351
32 52 4374
32 53 7649
32 54 2354
32 55 2191
32 59 1339
32 65 2078
32 73 7741
32 75 5235
32 79 2123
33 38 1352
33 44 8744
33 48 4215
33 50 5853
33 51 1985
33 52 6532
33 54 6142
33 55 3334
33 57 8942
33 60 3599
33 61 8091
33 63 6430
33 65 273
33 70 9802
33 71 6891
33 76 2617
33 78 5610
33 87 4864
34 36 8957
34 39 3870
34 43 4833
34 47 5330
34 52 3184
34 53 4377
34 57 5810
34 59 4201
34 77 3647
34 78 4653
34 79 5843
34 81 8996
34 83 9434
35 37 6778
35 39 770
35 43 450
35 46 2299
35 47 5628
35 49 2231
35 57 2381
35 64 5274
35 65 9104
35 66 806
35 68 5076
35 71 3827
35 77 5136
35 81 1721
35 84 326
35 87 7867
36 42 6528
36 43 8058
36 50 7844
36 52 925
36 53 6550
36 58 1961
36 67 7136
36 71 6906
36 80 2551
36 85 7988
37 38 3004
37 39 6772
37 43 7785
37 46 4042
37 48 9911
37 53 5791
37 54 3599
37 55 8695
37 58 3257
37 59 1776
37 62 8930
37 63 1425
37 68 2626
37 72 7201
37 78 3427
37 86 4592
38 44 3769
38 48 1875
38 58 556
38 60 7766
38 61 1760
38 65 4948
38 66 2854
38 71 4324
38 72 4644
38 74 6751
38 76 4226
38 78 9147
38 80 7655
38 81 5300
38 82 4981
38 83 5059
38 85 1205
38 86 549
38 87 7609
39 45 2575
39 47 8616
39 48 7162
39 49 4049
39 52 7466
39 53 7203
39 57 6544
39 62 8150
39 63 1285
39 67 6754
39 73 5354
39 74 4230
39 76 6027
39 77 962
39 83 4717
40 55 1645
40 62 4046
40 63 34
40 71 253
40 72 1990
40 74 1806
40 78 8648
40 82 336
40 85 4819
41 42 8768
41 44 2949
41 47 2078
41 50 9704
41 52 6606
41 56 6235
41 62 4388
41 66 9536
41 70 9853
42 46 3744
42 50 1763
42 51 9539
42 54 7144
42 56 1643
42 58 9118
42 67 5453
42 68 5560
42 69 2940
42 70 6091
42 76 5351
42 87 9037
43 47 706
43 53 969
43 54 8347
43 56 2088
43 60 62
43 63 3941
43 69 6593
43 70 6068
43 71 9042
43 79 8867
43 87 2998
44 51 3096
44 52 7850
44 58 5397
44 61 9819
44 67 7303
44 75 6982
44 81 9825
44 82 3416
44 83 1006
45 46 6842
45 49 2734
45 58 3436
45 61 6860
45 62 5153
45 64 3913
45 66 7161
45 83 1863
45 84 1076
46 47 4071
46 49 2472
46 56 4779
46 59 3340
46 63 907
46 65 6481
46 69 8789
46 73 6544
46 75 7898
46 76 3700
46 79 4771
46 80 4082
46 82 4221
46 83 3285
46 87 5177
47 48 3020
47 57 8970
47 58 9009
47 60 8596
47 64 5648
47 66 4222
47 71 6843
47 74 161
47 82 5460
47 83 9350
48 49 968
48 55 3148
48 57 7931
48 63 9327
48 64 6054
48 67 7748
48 79 2247
48 81 5138
49 56 8966
49 58 6588
49 59 4100
49 60 7201
49 62 5873
49 70 4643
49 71 653
49 73 3063
50 51 8520
50 52 6490
50 64 4006
50 65 6050
50 66 6264
50 67 192
50 68 7345
50 69 8127
50 70 193
50 72 4030
50 73 3135
50 74 3792
50 75 7598
50 81 2645
50 84 8479
51 54 7447
51 58 3116
51 62 5939
51 64 8121
51 65 5998
51 66 878
51 67 7085
51 72 7048
51 73 550
51 75 1745
51 78 9884
51 80 5373
51 84 6753
52 54 9956
52 62 9545
52 63 1479
52 70 3903
52 76 1804
52 81 5775
52 86 8387
52 87 9377
53 60 9948
53 64 7545
53 78 7710
53 79 6679
53 81 1820
53 82 7148
54 57 7345
54 59 949
54 61 9199
54 63 650
54 65 8886
54 69 4441
54 71 7324
54 73 4641
54 74 1318
54 80 7630
54 82 8288
54 85 9043
55 59 7867
55 60 7334
55 62 3907
55 69 6141
55 70 9421
55 72 1101
55 75 7179
55 76 6897
55 78 472
55 79 4459
55 84 2789
56 61 2317
56 62 3105
56 74 4383
56 78 3449
56 83 1778
56 86 2376
56 87 1443
57 61 293
57 65 2882
57 67 705
57 70 8244
57 74 6416
57 78 8193
57 79 4514
57 80 5780
57 82 6292
57 86 8122
58 61 7660
58 62 9357
58 67 8097
58 68 4711
58 69 8656
58 70 6753
58 74 7493
59 63 4493
59 67 8783
59 68 6669
59 71 9008
59 73 8363
59 81 9358
59 82 2770
60 63 9933
60 65 7750
60 66 2039
60 69 508
60 72 2836
60 73 7318
60 78 8769
60 85 6268
61 63 1870
61 71 5342
61 73 8143
61 80 9539
61 84 1490
62 63 5692
62 67 3473
62 85 9380
63 68 4899
63 69 5803
63 70 5162
63 73 4742
63 77 7893
63 79 6723
63 81 6321
64 67 2078
64 69 4681
64 70 2037
64 74 2679
64 77 6411
64 78 1270
64 83 118
64 87 2943
65 72 1526
65 73 8194
65 86 8698
66 71 2823
66 73 836
66 76 4127
66 79 5603
66 81 8017
67 69 9717
67 72 6454
67 76 2637
67 77 9972
67 79 8268
67 80 9231
67 81 2806
67 82 4135
68 72 4420
68 80 6221
68 82 9683
68 85 7051
68 87 9654
69 71 7700
69 75 4529
69 77 9316
69 86 2203
69 87 4132
70 76 9798
70 77 6588
70 81 8371
70 82 4967
70 87 769
71 72 7982
71 73 1108
71 75 2455
71 84 9920
72 74 7337
72 76 8524
72 77 3835
72 78 7016
72 86 8645
73 75 8179
73 76 1491
73 78 5294
73 80 4046
73 81 8742
73 82 6142
73 86 1285
74 78 7604
74 81 9535
74 83 3614
74 84 6793
74 85 8679
74 87 6133
75 76 8211
75 81 310
75 85 8046
76 78 9855
76 79 2230
76 80 8007
76 84 558
76 85 8269
77 80 6310
78 87 4406
79 80 5795
79 85 3
79 86 3896
80 81 4302
80 84 2456
80 87 1965
81 82 7153
81 83 2329
81 86 2115
82 83 3878
82 84 2516
83 84 1792
84 85 8535
84 86 7691
85 86 2191
86 87 7766
