242 7205 190204 236
0 4 9127
0 12 8568
0 16 6191
0 27 1754
0 30 5976
0 38 7292
0 40 8568
0 42 9910
0 47 814
0 49 99
0 52 2574
0 53 6333
0 58 9874
0 64 4647
0 66 2058
0 67 2186
0 68 6503
0 69 9930
0 70 2853
0 71 1758
0 75 1757
0 83 8951
0 84 8782
0 87 4536
0 90 9162
0 91 8382
0 97 4496
0 100 27
0 116 9001
0 123 5295
0 124 6595
0 126 9873
0 132 3977
0 135 3406
0 149 6891
0 150 8036
0 166 1822
0 170 7562
0 175 810
0 195 6225
0 196 1875
0 198 6672
0 207 577
0 208 8155
0 211 8242
0 216 4282
0 227 6601
0 229 8620
0 232 3085
0 236 8399
0 240 1571
1 4 6868
1 7 797
1 9 5247
1 10 7363
1 12 2234
1 19 4660
1 23 869
1 36 8775
1 39 5562
1 41 6513
1 43 3213
1 46 6117
1 49 9015
1 55 4472
1 61 7207
1 65 4112
1 72 4784
1 78 96
1 82 4002
1 89 838
1 90 3083
1 93 3111
1 101 9439
1 102 9117
1 104 443
1 107 839
1 110 8954
1 111 3493
1 112 4541
1 120 2502
1 122 2337
1 125 6852
1 148 5290
1 150 6096
1 159 9312
1 161 8134
1 163 5621
1 164 4718
1 170 8926
1 175 3620
1 179 6798
1 180 5872
1 181 4573
1 185 3848
1 186 7182
1 188 4355
1 206 8311
1 209 4762
1 213 7470
1 220 9354
1 224 9246
1 226 1117
1 228 1014
2 3 4356
2 8 3301
2 10 1012
2 12 6964
2 13 8566
2 14 4866
2 24 5116
2 28 7160
2 29 1012
2 32 4581
2 36 7043
2 42 7644
2 43 2565
2 46 8539
2 48 8697
2 49 284
2 57 8036
2 60 7652
2 63 3050
2 66 5190
2 74 9
2 76 2272
2 79 6425
2 80 906
2 85 1202
2 92 3443
2 101 2178
2 108 5701
2 115 6230
2 116 7795
2 118 5453
2 120 7184
2 130 7768
2 131 1574
2 141 2914
2 144 5700
2 151 8810
2 153 8428
2 154 2280
2 160 1429
2 163 7874
2 168 1109
2 175 3733
2 176 4515
2 180 707
2 206 3898
2 210 7637
2 221 406
2 225 6900
2 232 6831
2 233 666
2 234 5971
2 238 1437
3 15 5565
3 19 7853
3 27 2548
3 29 9223
3 30 4366
3 32 5080
3 34 7206
3 41 5393
3 52 6865
3 55 7553
3 56 3129
3 63 9240
3 70 8342
3 73 3501
3 80 4727
3 83 2702
3 84 5423
3 88 4069
3 90 2089
3 94 9681
3 97 3655
3 102 3664
3 105 2691
3 108 5232
3 110 7137
3 115 4179
3 118 5782
3 120 1660
3 122 1886
3 123 5883
3 125 365
3 129 3739
3 132 8640
3 133 7248
3 137 8592
3 148 1237
3 157 7387
3 159 3683
3 162 2906
3 166 2621
3 176 7893
3 177 2267
3 178 3080
3 181 3556
3 182 3173
3 183 2225
3 186 7493
3 190 4599
3 197 3161
3 199 2570
3 201 1838
3 202 2758
3 208 8061
3 209 8720
3 211 5998
3 215 795
3 216 1462
3 223 7470
3 224 1244
3 226 6806
3 227 9314
3 237 56
4 6 3031
4 15 4182
4 22 1350
4 25 2853
4 28 4703
4 29 1570
4 31 7994
4 44 1664
4 45 3592
4 47 8124
4 48 2150
4 60 864
4 70 3667
4 73 7349
4 79 9189
4 80 2787
4 83 700
4 88 3725
4 92 9569
4 95 3410
4 96 5569
4 103 8279
4 104 7401
4 106 537
4 112 3510
4 113 3549
4 116 8935
4 118 9079
4 119 5260
4 120 3427
4 121 5875
4 122 9864
4 134 405
4 135 3035
4 137 8303
4 143 7584
4 149 4957
4 162 7234
4 166 4170
4 171 5758
4 172 2352
4 176 4934
4 179 9865
4 180 3532
4 186 1406
4 188 6139
4 192 8124
4 195 8454
4 199 6728
4 208 2846
4 211 4052
4 212 5144
4 218 810
4 220 6672
4 224 9193
4 225 1340
5 14 1509
5 15 3986
5 16 7168
5 24 8530
5 26 7290
5 30 4388
5 34 7341
5 35 3621
5 37 7830
5 39 4981
5 40 2917
5 43 2884
5 56 4331
5 57 7286
5 75 7584
5 76 6505
5 78 1692
5 80 1540
5 83 3753
5 86 3819
5 91 7611
5 99 8408
5 103 8750
5 110 9025
5 117 9641
5 124 1935
5 132 1705
5 136 1827
5 143 2917
5 145 2618
5 149 8567
5 157 7993
5 160 5435
5 172 3091
5 177 7932
5 178 9397
5 181 2144
5 185 3599
5 189 4051
5 193 6951
5 194 5111
5 198 660
5 202 9903
5 204 6817
5 205 1846
5 221 6278
5 223 8797
5 226 8812
5 235 3097
5 239 6778
5 241 7992
6 11 7065
6 12 8501
6 15 4362
6 17 877
6 18 1877
6 22 895
6 23 4268
6 26 8976
6 32 7390
6 39 9049
6 40 1709
6 41 4190
6 43 3043
6 45 4826
6 57 6461
6 60 7236
6 63 6539
6 69 1880
6 78 7103
6 84 6999
6 90 8256
6 92 8205
6 93 8257
6 96 4999
6 100 7710
6 102 9824
6 115 9193
6 116 9663
6 117 9347
6 122 1370
6 135 5112
6 147 5688
6 148 8572
6 153 9166
6 157 6058
6 159 6571
6 160 3250
6 164 2116
6 167 1064
6 170 9424
6 175 1283
6 178 1921
6 179 595
6 181 4422
6 184 6275
6 191 1846
6 193 1609
6 195 2098
6 198 1988
6 199 1032
6 200 4266
6 205 9463
6 206 2553
6 210 7733
6 211 1151
6 219 8646
6 222 4828
6 225 4950
6 226 2643
6 227 1166
6 228 1941
6 230 3617
6 233 9372
6 238 2701
7 12 310
7 14 7886
7 15 1888
7 16 7837
7 20 3768
7 22 1821
7 23 8348
7 27 8746
7 28 628
7 36 8549
7 40 7504
7 41 148
7 46 2830
7 47 3302
7 48 1759
7 60 944
7 62 5076
7 63 584
7 64 3722
7 70 5673
7 71 2326
7 74 3647
7 75 3421
7 76 9090
7 85 6147
7 86 7236
7 88 2731
7 94 7031
7 95 7720
7 96 1639
7 97 6032
7 100 9755
7 101 5101
7 107 4236
7 108 5069
7 116 8136
7 120 5040
7 123 9783
7 125 4375
7 134 8336
7 136 5465
7 137 5673
7 142 505
7 143 734
7 152 7118
7 157 8357
7 171 6898
7 177 5143
7 188 2276
7 189 1270
7 193 2827
7 206 9177
7 207 9771
7 211 7744
7 215 64
7 216 4949
7 219 9891
7 220 3641
7 221 1783
7 222 1417
7 225 2895
7 226 8170
7 230 7372
7 232 6530
7 235 2171
7 239 7505
8 11 4624
8 12 6833
8 16 2999
8 17 8278
8 18 5027
8 20 7806
8 22 8447
8 25 4261
8 27 1076
8 30 7278
8 31 211
8 49 3498
8 53 3896
8 55 6064
8 57 4620
8 60 2049
8 62 9435
8 65 1338
8 66 9014
8 69 4505
8 70 7478
8 77 4128
8 79 417
8 80 7424
8 85 4672
8 88 8498
8 91 65
8 94 7161
8 96 7155
8 103 774
8 104 1350
8 110 7633
8 114 7569
8 116 6750
8 118 4432
8 122 6267
8 123 355
8 132 369
8 152 6081
8 154 1713
8 155 9338
8 156 113
8 159 7212
8 160 9305
8 161 5004
8 162 3121
8 164 919
8 167 3063
8 176 1969
8 181 9713
8 182 4797
8 187 4790
8 189 5792
8 194 3988
8 195 4642
8 196 4136
8 203 4177
8 212 5772
8 216 4782
8 239 2252
9 12 1167
9 17 7879
9 20 9646
9 25 8795
9 26 1819
9 32 3894
9 36 12
9 46 6990
9 47 2316
9 48 4746
9 50 2111
9 51 9899
9 58 8432
9 61 9943
9 86 5337
9 88 3106
9 90 1908
9 99 8130
9 102 5010
9 108 9661
9 114 7444
9 116 2431
9 118 3760
9 123 1560
9 124 2049
9 127 8821
9 133 1766
9 138 3677
9 141 3237
9 142 5954
9 143 546
9 153 5949
9 158 2144
9 160 2311
9 163 9366
9 167 4345
9 169 138
9 171 3027
9 174 6342
9 176 7116
9 182 8276
9 184 5232
9 191 6795
9 199 9733
9 208 161
9 221 3222
9 224 1595
9 231 9060
10 12 2900
10 17 8565
10 18 1451
10 19 3306
10 28 9288
10 30 2372
10 34 6411
10 35 2061
10 37 7426
10 57 4829
10 59 8060
10 67 6856
10 68 6682
10 71 3900
10 73 4533
10 79 3150
10 84 2938
10 86 248
10 88 6953
10 90 2719
10 93 3756
10 108 4266
10 109 6908
10 113 9825
10 114 411
10 126 8350
10 130 5575
10 134 584
10 135 1349
10 138 4490
10 139 9624
10 144 942
10 148 2350
10 149 3063
10 153 5119
10 166 4378
10 167 1054
10 168 8999
10 171 5136
10 174 2745
10 175 9501
10 178 2028
10 181 2126
10 183 6396
10 187 1712
10 189 3240
10 191 2011
10 196 9485
10 197 9935
10 198 9538
10 200 7198
10 202 5674
10 203 6113
10 206 9285
10 207 7638
10 209 5424
10 216 1677
10 222 2929
10 223 3783
10 226 7129
10 234 5687
11 18 5913
11 19 1750
11 22 4784
11 26 2085
11 30 1867
11 33 8092
11 36 4223
11 38 1438
11 41 6438
11 42 3487
11 44 5439
11 46 5230
11 55 5676
11 58 2724
11 59 7183
11 62 3099
11 66 5394
11 70 3030
11 71 883
11 72 7253
11 81 9571
11 86 7160
11 89 9580
11 99 3530
11 104 2929
11 112 789
11 114 2545
11 121 2889
11 123 9026
11 125 5294
11 126 8786
11 127 4416
11 132 4693
11 140 2856
11 144 4524
11 159 6240
11 160 7029
11 161 2656
11 164 1560
11 168 419
11 171 859
11 172 2042
11 174 3768
11 176 7667
11 177 6308
11 184 785
11 189 4251
11 192 9956
11 193 6831
11 195 8527
11 204 4349
11 212 8781
11 216 6199
11 219 1976
11 222 7435
11 223 9283
11 232 6505
11 236 9591
11 240 8060
11 241 7511
12 13 3863
12 19 8700
12 20 494
12 21 2643
12 22 6159
12 25 876
12 27 4292
12 33 615
12 44 5936
12 47 8981
12 51 3049
12 52 5376
12 53 6586
12 54 3327
12 56 9390
12 59 7406
12 61 1122
12 70 1291
12 73 7379
12 74 1367
12 77 6081
12 80 6236
12 89 4191
12 90 2741
12 92 41
12 94 4940
12 95 1665
12 101 4782
12 108 4586
12 121 2488
12 124 5971
12 126 4884
12 129 7833
12 131 9637
12 136 9492
12 144 3954
12 153 2615
12 154 9789
12 157 7681
12 161 9623
12 162 2370
12 163 2148
12 166 4331
12 167 2911
12 172 7045
12 179 4856
12 180 6887
12 182 2383
12 185 6821
12 186 3287
12 187 3146
12 189 7725
12 192 1418
12 195 1186
12 197 6948
12 199 6038
12 209 4184
12 212 9708
12 215 4456
12 219 3236
12 222 8335
12 225 8342
12 232 9520
12 235 3802
12 237 9431
12 239 6780
12 240 7062
13 16 9652
13 18 9632
13 19 9894
13 22 7569
13 27 9797
13 28 2900
13 29 1829
13 30 6378
13 31 1069
13 36 8753
13 43 4645
13 50 2961
13 56 6248
13 58 2323
13 63 7339
13 65 6353
13 68 8055
13 77 1171
13 78 1666
13 80 5764
13 88 9084
13 91 6570
13 92 5754
13 94 5184
13 97 1509
13 113 8851
13 119 1876
13 124 2000
13 130 9364
13 131 3513
13 134 4736
13 136 7219
13 138 5803
13 140 5068
13 148 8728
13 159 4387
13 160 876
13 162 3910
13 172 954
13 174 9639
13 175 7102
13 176 2787
13 179 4210
13 182 3058
13 186 6422
13 187 627
13 192 4027
13 201 2463
13 206 5982
13 207 1607
13 210 4176
13 212 2555
13 213 3200
13 216 2064
13 222 630
13 223 852
13 224 4501
13 226 1836
13 230 6812
13 233 9267
13 239 4889
13 241 6174
14 15 2125
14 16 3576
14 17 9432
14 18 3111
14 20 22
14 22 5950
14 23 9243
14 24 8573
14 27 8293
14 30 7206
14 31 7198
14 35 5757
14 36 5605
14 38 6752
14 45 934
14 46 3257
14 49 6415
14 52 281
14 54 5332
14 55 3132
14 56 1863
14 61 4270
14 69 9094
14 75 9312
14 79 3539
14 82 8112
14 83 509
14 85 2299
14 97 4125
14 108 4547
14 119 9855
14 123 5110
14 124 4235
14 127 4744
14 128 506
14 129 1695
14 130 2104
14 132 2013
14 133 8445
14 135 8847
14 139 1879
14 147 1762
14 149 1164
14 150 7402
14 156 7159
14 157 397
14 163 8038
14 165 445
14 167 1363
14 170 5425
14 172 6413
14 175 5600
14 183 1602
14 185 2704
14 189 8210
14 191 1000
14 194 7546
14 202 5548
14 203 7387
14 210 114
14 211 2416
14 216 7615
14 220 624
14 226 6587
14 231 920
14 232 410
15 19 2538
15 21 2460
15 25 141
15 27 400
15 30 4713
15 33 6498
15 34 1861
15 37 4502
15 46 5631
15 49 3272
15 52 7000
15 55 2560
15 64 2877
15 67 4847
15 71 7081
15 74 4190
15 77 4964
15 84 4690
15 86 386
15 88 9526
15 89 6188
15 91 1349
15 97 4485
15 100 4499
15 102 4451
15 110 3711
15 111 5123
15 113 3236
15 118 2029
15 120 5677
15 121 125
15 126 8702
15 127 7525
15 129 6232
15 130 9547
15 136 7075
15 144 1103
15 146 8735
15 149 860
15 155 885
15 159 4262
15 160 4957
15 162 3564
15 168 1972
15 173 2970
15 176 5608
15 192 9634
15 205 3489
15 206 2902
15 208 4495
15 210 9447
15 214 7717
15 221 6887
15 225 3642
15 226 1560
15 236 3765
16 19 5982
16 22 8976
16 23 3044
16 34 7349
16 39 7922
16 43 2220
16 44 4594
16 45 2897
16 52 3550
16 54 6028
16 56 6030
16 63 5809
16 71 6421
16 72 6676
16 81 7234
16 83 2020
16 85 552
16 90 6943
16 92 9438
16 94 9246
16 95 5471
16 96 9636
16 98 2611
16 100 9112
16 101 3659
16 103 5071
16 104 5638
16 109 1914
16 111 2130
16 118 4707
16 119 2344
16 121 882
16 125 3666
16 131 7068
16 133 1178
16 144 5169
16 146 1769
16 147 8634
16 149 3494
16 153 3713
16 154 1365
16 163 8436
16 169 8827
16 174 7538
16 176 110
16 182 5888
16 185 5538
16 197 3018
16 206 109
16 210 1508
16 231 1059
16 235 2904
16 238 1242
16 240 5103
16 241 4569
17 21 7947
17 27 6545
17 32 1829
17 34 8463
17 35 2362
17 36 1553
17 38 6667
17 46 5205
17 47 9378
17 50 7528
17 51 8025
17 54 5437
17 57 7026
17 61 5226
17 64 1094
17 66 5193
17 72 9393
17 74 6911
17 84 9284
17 85 8005
17 89 5233
17 98 7665
17 114 2960
17 115 6500
17 128 5806
17 129 8465
17 130 7363
17 131 8721
17 133 7054
17 142 5077
17 144 1031
17 147 3370
17 151 9767
17 152 4868
17 153 2010
17 170 7992
17 176 8538
17 177 7864
17 178 3191
17 180 3843
17 183 58
17 187 3896
17 190 7715
17 191 3743
17 201 6238
17 206 9316
17 207 77
17 219 6632
17 220 1608
17 222 2296
17 232 2138
17 238 1683
18 34 2583
18 42 5375
18 44 9687
18 46 1725
18 53 3613
18 54 4826
18 55 9878
18 83 9697
18 92 7346
18 95 3864
18 96 9274
18 97 8751
18 99 5085
18 100 6534
18 102 6110
18 114 1305
18 118 7422
18 122 3040
18 124 3306
18 126 4494
18 127 231
18 138 573
18 146 2670
18 149 7614
18 151 8427
18 155 7643
18 156 5602
18 157 2278
18 159 521
18 167 6837
18 169 6937
18 188 6601
18 189 7489
18 196 1181
18 201 499
18 202 139
18 203 7040
18 205 6724
18 210 4357
18 218 1139
18 221 1351
18 223 851
18 225 9365
18 231 5666
18 232 9193
18 233 8043
18 234 993
18 236 5186
18 237 2304
18 239 4434
19 20 9871
19 23 8713
19 35 7665
19 38 5829
19 40 7415
19 44 6243
19 50 2682
19 52 8723
19 59 3636
19 63 611
19 65 2507
19 67 6341
19 68 3788
19 69 8560
19 70 6388
19 71 2472
19 73 1727
19 82 5361
19 96 1761
19 99 2139
19 102 2129
19 103 8850
19 108 17
19 111 1540
19 115 1361
19 117 9953
19 120 7526
19 128 3289
19 137 9928
19 138 5574
19 139 4500
19 144 9906
19 152 1296
19 160 539
19 175 9782
19 180 6460
19 181 969
19 182 5699
19 183 4861
19 185 9250
19 191 3432
19 192 1347
19 193 255
19 198 9630
19 204 2584
19 210 1047
19 213 9715
19 218 2544
19 220 1068
19 222 3103
19 230 6808
19 233 5757
19 235 9034
19 239 3640
19 240 1599
19 241 8498
20 29 4582
20 33 2602
20 38 7736
20 42 830
20 51 3722
20 60 2468
20 61 3142
20 74 3009
20 81 7668
20 85 8227
20 88 5570
20 95 7008
20 96 8074
20 100 4150
20 104 9078
20 105 6844
20 106 3511
20 107 4779
20 112 7535
20 117 5894
20 120 9276
20 121 67
20 125 2407
20 130 2970
20 131 5573
20 140 6558
20 143 9400
20 144 6548
20 148 6473
20 149 8289
20 150 4338
20 151 5021
20 153 5223
20 159 433
20 163 701
20 164 8211
20 169 3490
20 172 5128
20 174 9933
20 175 7474
20 177 8911
20 180 1280
20 186 2717
20 187 3445
20 191 6388
20 196 2043
20 211 3268
20 214 6726
20 215 9638
20 221 2463
20 222 5282
20 226 4536
20 232 2516
20 237 7768
21 27 9001
21 28 7686
21 38 1156
21 40 8275
21 42 5398
21 45 4991
21 51 8470
21 52 6235
21 60 6542
21 61 7801
21 69 4607
21 70 1915
21 76 9759
21 87 8526
21 89 2193
21 96 5449
21 100 8181
21 101 1563
21 109 582
21 110 6598
21 117 778
21 128 1643
21 133 8495
21 140 9343
21 147 7017
21 148 6964
21 151 2620
21 153 5029
21 157 6149
21 159 6495
21 160 8874
21 161 9327
21 163 8236
21 165 1677
21 167 9625
21 170 3235
21 177 9947
21 186 5181
21 187 6033
21 194 7850
21 196 935
21 197 6414
21 200 5149
21 201 7757
21 206 3892
21 208 6766
21 209 6208
21 210 3956
21 223 6742
21 228 2294
22 25 1194
22 31 792
22 33 3140
22 36 1194
22 41 4423
22 43 6563
22 54 1483
22 62 6802
22 63 4913
22 65 2689
22 67 5714
22 73 1312
22 77 4813
22 87 3359
22 89 7233
22 91 525
22 92 6450
22 95 4666
22 102 5812
22 104 1539
22 105 6684
22 108 6481
22 110 9768
22 113 1333
22 114 6691
22 118 1343
22 126 4822
22 129 1082
22 134 7005
22 135 2687
22 138 3700
22 142 6776
22 143 3662
22 150 9660
22 155 5782
22 161 450
22 162 8138
22 163 952
22 166 9974
22 168 6022
22 176 897
22 181 7598
22 185 9811
22 186 8521
22 188 4284
22 190 8575
22 192 9439
22 196 5312
22 200 9777
22 204 9141
22 205 300
22 206 408
22 215 524
22 217 2561
22 222 4192
22 230 5794
22 232 5373
22 233 5690
22 234 8445
22 237 6358
22 238 1404
23 24 5350
23 25 6674
23 28 6896
23 37 9425
23 39 4934
23 42 1554
23 43 6291
23 44 6949
23 46 9271
23 47 8076
23 56 1270
23 62 5292
23 64 8810
23 80 4882
23 82 6822
23 83 719
23 87 1235
23 88 7116
23 90 990
23 93 7626
23 102 5073
23 106 4562
23 126 7896
23 130 7394
23 137 5601
23 140 4266
23 153 5386
23 158 2455
23 163 3738
23 167 3254
23 175 1704
23 179 7533
23 185 1595
23 192 3484
23 194 9579
23 196 8394
23 200 4705
23 204 1505
23 206 2426
23 207 1878
23 211 5788
23 212 5308
23 219 7890
23 220 9755
23 224 9641
23 225 3715
23 226 3114
23 235 2692
23 237 8901
24 25 9530
24 27 5969
24 29 806
24 34 3059
24 35 942
24 48 6945
24 55 7250
24 56 8268
24 59 4595
24 64 3408
24 66 9761
24 72 1267
24 73 7847
24 74 1992
24 81 5890
24 83 9561
24 84 1365
24 86 50
24 94 7367
24 99 5868
24 104 6670
24 105 9085
24 107 5748
24 114 6588
24 119 5541
24 126 8432
24 130 2509
24 134 4964
24 145 6858
24 151 892
24 161 2314
24 163 9114
24 166 6168
24 167 7125
24 168 9717
24 177 2299
24 186 7899
24 189 358
24 195 2822
24 200 4429
24 202 3138
24 205 7640
24 213 3786
24 218 660
24 222 1006
24 225 8971
24 228 4329
24 235 7780
25 31 9013
25 35 8082
25 36 2209
25 40 8964
25 41 9772
25 44 3637
25 53 974
25 59 8493
25 61 4479
25 63 5856
25 66 7469
25 67 2056
25 74 6491
25 77 2576
25 84 8181
25 88 8826
25 92 7084
25 93 8434
25 94 3000
25 99 4892
25 102 6634
25 106 766
25 111 4986
25 113 3410
25 114 2409
25 115 7981
25 120 3579
25 132 6794
25 138 2473
25 139 8591
25 145 8276
25 148 1608
25 150 2411
25 158 3928
25 162 606
25 164 9940
25 165 5617
25 171 9211
25 176 5287
25 179 4883
25 180 312
25 181 8790
25 182 2516
25 192 1001
25 193 9724
25 196 3388
25 197 9780
25 198 5878
25 204 5852
25 205 5936
25 206 6769
25 208 4626
25 218 3768
25 223 2767
25 225 6141
25 228 4662
26 27 6866
26 34 8044
26 42 5420
26 44 7942
26 51 7582
26 55 6384
26 61 1727
26 62 7005
26 64 8674
26 65 5581
26 66 1080
26 69 8680
26 76 8253
26 80 2214
26 84 8065
26 86 6435
26 88 8855
26 93 1337
26 97 9579
26 99 3296
26 101 655
26 104 9133
26 109 6018
26 112 7181
26 118 6276
26 120 8041
26 121 4520
26 125 6128
26 128 9160
26 133 415
26 144 6086
26 145 4862
26 146 3278
26 150 4492
26 155 488
26 156 3456
26 157 8469
26 170 8570
26 172 2159
26 175 9595
26 179 8316
26 180 6298
26 181 5267
26 182 791
26 185 6643
26 186 2940
26 190 7262
26 191 9489
26 194 2116
26 197 7406
26 199 3964
26 204 3096
26 205 9728
26 208 1022
26 222 20
26 224 4502
26 225 9597
26 226 1474
26 235 451
27 29 1561
27 31 152
27 33 3481
27 36 524
27 37 8791
27 42 5648
27 50 8447
27 51 1919
27 52 7451
27 54 3331
27 56 9465
27 58 7070
27 62 9072
27 76 3954
27 77 5338
27 78 5914
27 79 1170
27 86 7088
27 93 6672
27 94 311
27 96 2550
27 99 6549
27 100 1207
27 101 4524
27 102 8798
27 108 529
27 109 9752
27 110 1928
27 115 8126
27 120 1354
27 125 4876
27 131 3407
27 132 7582
27 138 8929
27 144 4117
27 148 6370
27 151 4291
27 156 4788
27 161 160
27 166 5207
27 173 944
27 185 5895
27 191 9586
27 193 2320
27 201 7278
27 205 6580
27 213 5872
27 221 6944
27 226 7445
27 230 4729
27 232 2557
27 233 482
27 241 1394
28 30 4278
28 33 1632
28 35 3972
28 42 9339
28 43 977
28 48 3257
28 53 5784
28 54 2472
28 55 6851
28 56 387
28 64 5459
28 67 8755
28 71 2696
28 76 5381
28 83 3822
28 88 1280
28 89 9994
28 91 1213
28 93 8855
28 99 4643
28 106 1923
28 107 2026
28 112 7165
28 120 4907
28 125 6942
28 126 7223
28 127 186
28 145 988
28 150 1449
28 152 7312
28 154 1520
28 158 3010
28 160 7616
28 163 6143
28 167 5128
28 172 3855
28 191 4384
28 192 7662
28 193 6396
28 194 1771
28 195 4563
28 201 3954
28 203 5838
28 208 545
28 209 2806
28 210 3966
28 212 4908
28 225 6918
28 227 3998
28 229 6518
28 230 5833
28 233 1131
28 234 640
29 30 3403
29 35 6396
29 37 6476
29 45 9616
29 51 287
29 52 9286
29 55 6513
29 56 6475
29 66 7703
29 70 8075
29 72 2867
29 84 3945
29 88 5698
29 93 3395
29 95 8646
29 101 2848
29 102 4131
29 107 7130
29 108 4329
29 109 9740
29 126 6980
29 129 9207
29 130 3396
29 137 9254
29 147 6229
29 153 9190
29 157 5108
29 169 4399
29 170 7303
29 171 4670
29 173 4563
29 174 8047
29 177 8516
29 178 5215
29 184 5236
29 186 8168
29 187 3033
29 199 6139
29 202 2815
29 204 6012
29 206 1177
29 207 5042
29 214 1192
29 226 4148
29 227 6729
29 228 7997
29 229 989
29 235 6713
29 238 2620
30 31 3064
30 32 1864
30 34 2368
30 42 9530
30 44 2634
30 46 9675
30 56 449
30 71 8193
30 81 8091
30 84 5131
30 99 8899
30 101 9746
30 102 2793
30 106 8510
30 110 6258
30 111 7513
30 122 1569
30 127 2463
30 129 6802
30 131 3966
30 133 5649
30 145 1552
30 151 7627
30 153 8995
30 154 3174
30 157 5102
30 176 2830
30 177 4007
30 178 5050
30 180 1488
30 192 3060
30 196 5925
30 200 6712
30 203 9518
30 212 8729
30 213 1339
30 216 9771
30 218 26
30 223 3227
30 224 9831
30 226 5474
30 227 1080
30 228 5725
30 230 5894
30 235 5589
30 238 2511
30 241 9960
31 35 8680
31 39 4491
31 41 6355
31 43 7061
31 45 2606
31 60 862
31 63 9994
31 64 5278
31 73 5417
31 75 597
31 76 9663
31 78 2643
31 83 2787
31 87 9998
31 89 6153
31 99 4420
31 104 2173
31 109 9826
31 111 3925
31 114 3598
31 122 7566
31 125 9086
31 126 1241
31 128 2797
31 129 6823
31 132 5409
31 137 4666
31 142 7458
31 148 4010
31 154 253
31 160 47
31 168 3693
31 172 9630
31 178 927
31 179 823
31 185 1599
31 191 9045
31 195 9168
31 199 3286
31 203 5517
31 208 330
31 210 4516
31 211 5060
31 223 8301
31 229 1559
31 232 6332
31 234 4782
31 236 7731
31 237 822
31 240 9473
32 35 295
32 37 8816
32 43 1197
32 44 2339
32 50 2300
32 55 2111
32 57 2677
32 75 5911
32 77 8174
32 79 2886
32 81 6833
32 84 8887
32 90 7999
32 94 2723
32 97 4924
32 99 654
32 100 545
32 101 6873
32 108 4256
32 109 1979
32 115 954
32 118 3298
32 119 2872
32 122 8433
32 132 6901
32 143 7418
32 145 3435
32 149 2992
32 150 8519
32 155 7109
32 163 7054
32 186 9011
32 187 395
32 189 980
32 190 1388
32 193 6090
32 195 4833
32 197 5614
32 204 6808
32 205 653
32 207 6077
32 208 60
32 215 5786
32 219 5469
32 220 1573
32 222 8411
32 223 4796
32 230 2293
32 233 6078
32 234 6592
32 237 3386
32 238 9937
33 34 7075
33 41 7488
33 51 6955
33 67 4741
33 71 2225
33 80 210
33 84 4575
33 91 3353
33 93 9531
33 97 9137
33 108 4230
33 115 770
33 116 6772
33 121 8026
33 122 8459
33 123 4336
33 128 2614
33 132 5925
33 136 529
33 139 6657
33 141 5214
33 142 2801
33 143 1937
33 144 2574
33 146 5738
33 150 4756
33 151 9510
33 158 5860
33 159 9021
33 162 9885
33 166 5835
33 168 1683
33 172 5517
33 173 9027
33 174 2589
33 178 7980
33 183 6486
33 185 1459
33 186 7603
33 187 3532
33 194 7305
33 197 928
33 200 5888
33 205 8360
33 209 4074
33 214 5557
33 215 4736
33 218 5430
33 225 6405
33 229 5082
33 238 3018
33 239 9001
34 35 6649
34 36 385
34 49 1842
34 54 9938
34 66 425
34 76 899
34 86 3006
34 88 5828
34 96 5347
34 100 257
34 102 2086
34 103 6111
34 106 4949
34 112 7964
34 113 4599
34 119 5383
34 122 4608
34 132 4965
34 143 4855
34 155 5790
34 157 7029
34 160 6543
34 161 9477
34 163 3930
34 164 65
34 166 874
34 167 4174
34 170 2696
34 174 2946
34 178 1803
34 180 8869
34 203 3637
34 211 6339
34 220 6284
34 221 4988
34 224 2222
34 225 7277
34 226 4243
34 228 6870
34 229 6821
34 230 7054
34 240 3799
34 241 4763
35 42 2325
35 45 5399
35 48 4742
35 49 2028
35 52 1089
35 56 3619
35 57 3888
35 61 5863
35 71 4390
35 73 7449
35 79 8871
35 80 3764
35 81 3417
35 83 6011
35 90 173
35 92 6709
35 97 315
35 105 1352
35 106 4463
35 109 3162
35 118 8570
35 120 7679
35 129 7816
35 130 7422
35 131 2672
35 133 722
35 134 1948
35 135 2774
35 137 5152
35 139 9728
35 140 6531
35 145 7229
35 147 1708
35 148 7631
35 151 8066
35 155 313
35 157 1214
35 169 8471
35 172 5194
35 176 5017
35 184 7445
35 187 2252
35 193 6373
35 207 961
35 210 2623
35 218 8372
35 222 2602
35 228 8008
35 235 6832
35 239 2813
36 47 4754
36 48 7733
36 53 3677
36 56 8224
36 61 2373
36 67 2516
36 71 6812
36 80 9589
36 82 7440
36 86 8774
36 87 501
36 92 8906
36 93 6194
36 95 728
36 103 9589
36 106 548
36 107 627
36 109 9619
36 111 8692
36 116 6983
36 119 1051
36 121 4026
36 127 7474
36 131 2643
36 133 2946
36 138 6215
36 147 7826
36 149 3558
36 155 7492
36 156 7221
36 157 655
36 158 1110
36 159 9330
36 161 6562
36 163 9125
36 169 1701
36 170 8662
36 173 1923
36 174 7581
36 175 2054
36 178 2651
36 179 3602
36 189 7968
36 191 7502
36 193 222
36 198 5848
36 211 964
36 219 7970
36 229 6456
36 230 6563
36 237 1894
36 239 9717
36 241 32
37 41 8863
37 45 4782
37 48 242
37 49 9405
37 51 4805
37 59 3717
37 60 3764
37 64 8256
37 65 1398
37 66 297
37 83 7543
37 84 2623
37 88 5457
37 90 9746
37 91 6809
37 92 3837
37 93 5364
37 96 4898
37 97 8124
37 98 6835
37 100 584
37 101 8679
37 103 3988
37 110 9551
37 118 2938
37 125 7525
37 126 6896
37 127 1161
37 128 3389
37 134 4036
37 136 9622
37 138 3079
37 143 7894
37 145 6156
37 148 5938
37 151 5528
37 154 779
37 159 6593
37 164 8118
37 166 728
37 170 1827
37 176 8382
37 185 5826
37 189 2934
37 201 9189
37 203 1679
37 205 6844
37 207 6686
37 208 9779
37 212 3205
37 215 7584
37 227 1794
37 236 4577
37 237 7017
37 238 4040
38 41 1092
38 42 3420
38 46 32
38 47 7145
38 49 8078
38 56 4038
38 58 3569
38 65 6561
38 66 6822
38 67 7087
38 68 4268
38 69 8225
38 81 4057
38 85 6068
38 88 9518
38 89 5613
38 103 4900
38 106 3946
38 107 4110
38 115 6704
38 128 1693
38 133 8093
38 142 7248
38 143 5245
38 144 6500
38 145 9935
38 146 6390
38 148 3049
38 149 4452
38 156 9443
38 158 3259
38 159 7827
38 160 3416
38 161 1785
38 163 9550
38 166 4399
38 170 9345
38 172 9135
38 177 2612
38 183 3813
38 185 755
38 186 8469
38 193 4515
38 198 3349
38 200 6419
38 204 1417
38 206 8401
38 207 5175
38 212 9913
38 215 9968
38 217 8324
38 219 7615
38 228 2294
38 235 948
38 240 1550
39 40 2068
39 42 6080
39 44 4908
39 53 6157
39 60 6748
39 72 2574
39 78 9908
39 83 9185
39 84 1602
39 86 2140
39 87 166
39 88 9657
39 89 5356
39 94 1076
39 95 2402
39 96 2433
39 100 5108
39 103 4065
39 111 919
39 112 5333
39 113 2086
39 115 6163
39 120 1567
39 124 853
39 127 7456
39 137 7663
39 142 1467
39 147 3003
39 148 3029
39 151 5215
39 154 8742
39 158 4954
39 162 4654
39 163 7519
39 166 5102
39 169 4395
39 187 7943
39 191 2635
39 193 9865
39 202 1551
39 203 632
39 204 9771
39 208 4681
39 211 4750
39 213 370
39 214 77
39 215 9303
39 218 4777
39 220 9881
39 222 7287
39 223 8058
39 234 3960
39 236 7438
39 239 8073
40 43 8327
40 47 5040
40 57 5521
40 62 9461
40 63 2382
40 65 2755
40 66 6508
40 72 3267
40 79 6428
40 82 9839
40 84 1108
40 87 1007
40 89 2443
40 90 9400
40 93 3629
40 100 9077
40 102 5658
40 104 540
40 117 1427
40 119 2432
40 125 9687
40 127 9427
40 128 5578
40 134 1754
40 141 9781
40 144 4051
40 145 7107
40 146 1900
40 149 2880
40 150 2477
40 156 7389
40 159 4882
40 160 1493
40 162 3372
40 163 8980
40 165 8124
40 168 4342
40 169 9469
40 179 7040
40 182 367
40 188 4013
40 192 6902
40 196 7399
40 201 873
40 202 1919
40 204 7132
40 207 7000
40 212 3437
40 218 7814
40 224 1970
40 225 8822
40 227 5673
40 228 1826
40 231 3389
40 234 9114
40 239 952
41 42 7329
41 45 9229
41 50 5414
41 54 9596
41 55 7970
41 61 2104
41 64 2104
41 68 1564
41 69 9180
41 70 4513
41 78 948
41 82 7917
41 83 2230
41 84 6335
41 85 7483
41 88 5821
41 89 9125
41 92 1722
41 98 1197
41 126 8510
41 128 7804
41 157 4248
41 160 196
41 164 498
41 169 5421
41 170 8364
41 171 6253
41 179 7547
41 180 3209
41 191 5024
41 192 5103
41 197 4338
41 198 2202
41 199 5300
41 201 4926
41 206 1806
41 209 3541
41 211 5806
41 215 3218
41 219 9859
41 223 5323
41 224 2336
41 226 9560
41 231 2774
41 239 9020
42 49 6593
42 50 4866
42 56 8477
42 64 4677
42 77 5052
42 92 9554
42 95 5077
42 98 8958
42 106 5402
42 108 5348
42 114 3338
42 125 374
42 129 9425
42 132 945
42 139 695
42 142 2217
42 145 4672
42 148 80
42 156 1446
42 163 4973
42 170 8718
42 171 8085
42 173 4477
42 175 6419
42 180 7459
42 185 1435
42 190 4064
42 203 483
42 204 5756
42 206 4452
42 215 9565
42 219 5372
42 221 2218
42 229 1299
42 230 4201
42 240 2392
43 46 5319
43 47 5177
43 48 8083
43 51 4073
43 53 8768
43 56 4844
43 57 8918
43 67 1069
43 69 9632
43 70 8988
43 74 75
43 76 7972
43 82 4541
43 93 2515
43 100 1876
43 101 214
43 104 2982
43 105 3460
43 107 79
43 114 1708
43 116 1143
43 119 577
43 120 9903
43 121 9133
43 123 9131
43 131 2940
43 134 6218
43 135 7479
43 143 363
43 144 6896
43 148 2751
43 158 16
43 161 7144
43 164 3553
43 168 2003
43 171 4725
43 172 5572
43 173 6020
43 175 8522
43 184 7501
43 193 7633
43 194 6183
43 195 3764
43 202 7449
43 204 8797
43 205 4887
43 207 2663
43 211 4677
43 212 2800
43 215 5210
43 225 7260
43 229 1038
43 231 9206
43 239 4669
44 52 2274
44 58 4585
44 63 5558
44 66 5199
44 69 3737
44 98 5672
44 99 2918
44 103 9208
44 107 788
44 110 6799
44 111 3524
44 123 7523
44 126 1548
44 132 6185
44 134 2301
44 135 5456
44 139 5652
44 154 4661
44 167 7801
44 170 2465
44 173 4750
44 174 4409
44 176 2757
44 178 6263
44 184 1546
44 188 8875
44 189 9741
44 194 5356
44 197 4963
44 198 2534
44 203 7558
44 204 4151
44 210 31
44 213 598
44 215 3998
44 219 3888
44 220 1444
44 222 7464
44 230 9360
44 232 8853
44 234 7692
44 236 4879
44 241 6790
45 47 8906
45 52 1742
45 58 5366
45 66 4581
45 71 9265
45 72 4168
45 74 1920
45 78 4233
45 79 85
45 83 8125
45 84 9197
45 90 4191
45 96 6003
45 97 6716
45 108 6939
45 109 9180
45 110 7463
45 112 8656
45 122 3010
45 133 5234
45 135 796
45 138 3369
45 139 8092
45 142 3630
45 145 8908
45 155 4200
45 159 2255
45 160 3698
45 162 7927
45 168 3436
45 169 4325
45 171 2345
45 172 2286
45 179 4917
45 180 3852
45 183 4794
45 184 33
45 188 9750
45 197 5827
45 198 7913
45 202 3604
45 204 3128
45 208 1561
45 211 5448
45 214 7131
45 218 5261
45 223 1119
45 224 1521
45 227 2128
45 229 6159
45 230 4906
45 238 8471
45 239 8682
46 48 7050
46 53 9801
46 56 3659
46 57 3265
46 60 6617
46 64 6287
46 66 317
46 72 5619
46 73 4317
46 74 1446
46 86 272
46 88 4462
46 89 9949
46 91 792
46 95 6754
46 96 5675
46 98 5658
46 108 118
46 110 6182
46 118 5762
46 119 655
46 147 8977
46 154 6555
46 156 1252
46 159 9783
46 161 1305
46 164 4298
46 165 9282
46 170 6540
46 174 419
46 176 7863
46 178 2754
46 179 253
46 181 3040
46 197 5207
46 201 2329
46 208 4471
46 209 9190
46 213 9431
46 220 6742
46 229 1504
46 233 4498
46 239 9459
47 49 4634
47 52 2582
47 65 8414
47 67 9735
47 70 1498
47 71 4784
47 72 6174
47 78 8697
47 80 5844
47 81 7087
47 82 3748
47 87 6042
47 93 8856
47 95 3059
47 98 2768
47 99 5798
47 110 2802
47 112 6640
47 116 5540
47 126 5621
47 132 6736
47 135 4271
47 136 3833
47 139 1204
47 140 7388
47 145 7974
47 148 6356
47 159 9664
47 165 2477
47 166 2827
47 168 5513
47 179 8105
47 181 4216
47 182 4126
47 184 3703
47 185 7047
47 186 821
47 188 846
47 189 6902
47 190 8577
47 191 5634
47 192 1451
47 197 750
47 199 1959
47 200 6055
47 203 3833
47 206 3304
47 210 8257
47 217 2843
47 220 4527
47 224 8212
47 227 7415
47 229 6999
47 231 3376
48 49 3431
48 50 8016
48 54 7327
48 58 1883
48 63 1737
48 65 2479
48 67 5868
48 75 3908
48 77 1102
48 85 8711
48 88 85
48 98 6249
48 103 243
48 105 4407
48 108 9168
48 113 6832
48 118 103
48 120 2962
48 121 211
48 122 1796
48 126 843
48 131 6365
48 133 6934
48 140 9878
48 141 979
48 142 4109
48 148 8344
48 151 1512
48 154 324
48 159 4191
48 163 2364
48 166 7889
48 174 777
48 176 1382
48 177 8311
48 180 8690
48 181 1480
48 185 966
48 194 2246
48 197 4473
48 202 3202
48 204 7039
48 205 4872
48 211 5791
48 212 2048
48 214 8193
48 217 1083
48 220 4279
48 222 1321
48 230 3823
48 232 6895
48 237 1390
48 238 3122
48 239 852
49 51 3825
49 58 7246
49 60 540
49 64 2036
49 74 693
49 78 1731
49 97 1813
49 99 3514
49 101 2363
49 105 1617
49 109 7377
49 115 3181
49 117 1901
49 118 5543
49 123 8292
49 138 5522
49 143 3819
49 148 6038
49 151 8448
49 154 8495
49 161 82
49 165 8592
49 178 5947
49 182 7546
49 183 8812
49 196 4698
49 198 2365
49 201 244
49 206 6036
49 208 5339
49 213 9025
49 227 9136
49 239 9826
49 240 8269
50 51 34
50 52 6704
50 68 5983
50 70 8975
50 71 7282
50 77 4515
50 81 8470
50 87 2361
50 89 9512
50 90 586
50 92 3675
50 93 1541
50 94 3195
50 96 6199
50 98 4052
50 99 2429
50 103 5179
50 107 1355
50 114 5279
50 120 3859
50 128 2229
50 131 6996
50 132 8507
50 134 62
50 140 2114
50 141 6498
50 142 8238
50 143 750
50 145 8503
50 150 6883
50 152 3625
50 161 9789
50 163 9885
50 165 6448
50 173 8944
50 177 8038
50 180 2228
50 181 345
50 182 5157
50 184 4090
50 187 9877
50 188 3662
50 193 7215
50 194 5290
50 195 4228
50 206 866
50 210 4602
50 212 9006
50 214 5479
50 215 9462
50 216 2995
50 217 2626
50 218 7700
50 227 9746
50 230 8361
50 238 9010
50 239 5578
51 59 8065
51 66 9391
51 68 3592
51 72 7459
51 74 1645
51 75 2863
51 76 8826
51 78 6156
51 82 90
51 87 9424
51 90 9138
51 93 1199
51 94 5089
51 99 7446
51 101 6887
51 102 7762
51 103 7738
51 107 9838
51 111 7395
51 114 2937
51 116 7687
51 118 7869
51 121 5954
51 122 453
51 129 5194
51 132 9271
51 134 9144
51 136 8919
51 138 9035
51 140 9202
51 156 4701
51 157 3935
51 158 8007
51 162 2389
51 164 3472
51 165 5359
51 169 480
51 183 8651
51 184 3677
51 188 7533
51 192 3555
51 196 779
51 199 8084
51 202 6158
51 211 961
51 213 1508
51 214 4094
51 215 2276
51 222 5787
51 233 5734
51 234 3821
52 55 821
52 66 6709
52 74 1319
52 80 393
52 81 6888
52 84 8317
52 87 1304
52 88 4249
52 95 9008
52 99 3418
52 102 2374
52 105 5332
52 107 934
52 109 9862
52 118 7945
52 121 921
52 124 67
52 127 140
52 129 5673
52 130 6489
52 131 4022
52 135 12
52 140 3065
52 147 769
52 148 2580
52 155 4233
52 156 2272
52 159 2192
52 161 2308
52 166 6406
52 169 8414
52 171 5899
52 173 7071
52 174 2988
52 183 9036
52 186 1121
52 188 9562
52 193 4324
52 197 9746
52 198 1439
52 201 4898
52 207 9542
52 208 3140
52 215 9511
52 217 5363
52 225 8536
52 231 6275
52 232 5410
52 236 3805
52 237 3694
52 239 936
53 56 1907
53 62 9130
53 64 3192
53 69 1140
53 70 2259
53 72 7551
53 77 6168
53 80 4750
53 85 4830
53 86 4866
53 89 5793
53 93 9569
53 95 6607
53 100 9723
53 107 1623
53 110 2189
53 112 720
53 114 8914
53 117 4667
53 118 9393
53 120 8884
53 128 3628
53 130 481
53 146 6835
53 147 5216
53 151 71
53 152 6808
53 158 1343
53 162 6226
53 165 942
53 166 3159
53 167 9432
53 168 1358
53 171 7942
53 173 5859
53 175 8696
53 176 1972
53 187 681
53 191 6903
53 193 2580
53 194 6002
53 197 2950
53 202 9961
53 204 9232
53 207 2863
53 209 5096
53 211 5335
53 212 2233
53 219 9151
53 226 1796
53 227 2845
53 228 2864
53 231 804
53 234 4577
53 237 2543
53 239 6094
54 55 5599
54 59 4957
54 67 4232
54 69 2571
54 70 616
54 74 5014
54 76 2075
54 77 8985
54 79 2649
54 82 180
54 85 8493
54 87 3314
54 96 420
54 101 4596
54 103 8971
54 109 9549
54 110 7677
54 111 5247
54 116 5234
54 117 1204
54 118 1765
54 123 6054
54 125 8253
54 129 4443
54 130 2860
54 132 5607
54 139 2695
54 143 2174
54 147 9000
54 149 8584
54 153 6870
54 162 7303
54 166 1483
54 167 7609
54 171 5439
54 176 3536
54 178 5192
54 183 5685
54 184 7718
54 185 421
54 189 8808
54 215 3452
54 216 8896
54 219 5234
54 223 4492
54 229 4948
54 231 3280
54 234 4928
54 235 2471
54 236 8875
55 60 1381
55 67 5432
55 69 8162
55 72 3719
55 80 4909
55 84 625
55 89 7155
55 92 1975
55 96 2738
55 97 2596
55 100 9466
55 101 8324
55 102 4874
55 104 8946
55 112 6559
55 117 3756
55 121 3399
55 124 1327
55 131 1016
55 133 8699
55 135 9924
55 143 5170
55 153 5089
55 156 7472
55 169 5127
55 170 6405
55 172 908
55 173 5188
55 176 2450
55 177 8371
55 182 1763
55 184 2579
55 187 6959
55 190 8812
55 192 7752
55 196 3997
55 197 1468
55 199 4167
55 206 2575
55 207 2127
55 211 4451
55 212 5517
55 219 9159
55 225 197
55 226 8717
55 229 9571
55 240 1731
56 59 7582
56 64 651
56 72 4078
56 73 5897
56 81 5159
56 92 3782
56 112 1150
56 113 1728
56 114 4620
56 120 7241
56 124 4451
56 127 3097
56 128 6598
56 140 8275
56 141 7950
56 146 7775
56 162 1724
56 167 6049
56 169 6685
56 174 3736
56 175 161
56 178 4818
56 179 9155
56 181 2260
56 184 5601
56 186 4550
56 188 7740
56 198 5888
56 202 7130
56 203 4645
56 204 3432
56 207 1313
56 211 9699
56 214 5348
56 216 4927
56 219 6924
56 226 3506
56 238 7959
56 241 248
57 58 859
57 60 7221
57 65 7260
57 66 6599
57 70 4200
57 71 6632
57 76 348
57 78 1373
57 79 4209
57 82 9091
57 88 6590
57 90 504
57 95 5250
57 100 6928
57 102 6481
57 107 4737
57 111 5142
57 114 2255
57 119 2227
57 121 9114
57 137 4761
57 138 3118
57 141 3681
57 146 1011
57 150 1305
57 153 441
57 155 3814
57 160 2775
57 163 4560
57 167 3124
57 168 1214
57 169 7803
57 173 7886
57 178 2939
57 187 8514
57 192 6928
57 197 4731
57 208 6685
57 212 7910
57 215 5049
57 218 5928
57 221 209
57 222 3529
57 226 6033
57 234 9579
57 236 7285
57 239 7358
58 60 7266
58 61 3116
58 73 469
58 88 7941
58 89 4439
58 92 2648
58 94 2354
58 108 8015
58 118 2389
58 120 7697
58 123 1160
58 137 7778
58 138 7341
58 140 5721
58 148 5254
58 149 4793
58 151 9543
58 154 5886
58 155 4812
58 158 990
58 170 1205
58 171 2909
58 175 6966
58 176 7996
58 186 1020
58 190 6520
58 196 3105
58 208 1236
58 212 6578
58 213 2704
58 221 5491
58 224 6680
58 228 3450
58 236 6553
58 241 3520
59 64 3179
59 65 4722
59 66 9058
59 68 3348
59 71 139
59 75 8168
59 78 8896
59 82 2624
59 84 4135
59 95 9516
59 96 4565
59 99 9996
59 101 2721
59 106 6423
59 107 2009
59 109 7866
59 115 3328
59 116 3299
59 118 5742
59 126 4874
59 128 2631
59 132 302
59 135 2446
59 137 5907
59 146 2721
59 149 6759
59 155 2139
59 158 2089
59 162 2600
59 163 6103
59 166 863
59 167 4024
59 171 3982
59 174 8523
59 176 1907
59 178 1210
59 180 3040
59 184 986
59 185 6811
59 186 3161
59 197 5914
59 199 3
59 200 6436
59 206 3022
59 220 3966
59 221 3168
59 225 1857
59 231 377
60 63 2743
60 71 9613
60 72 4313
60 73 7269
60 75 7706
60 77 4914
60 78 9211
60 93 3545
60 96 9286
60 107 3405
60 112 4187
60 114 2883
60 116 1053
60 117 4068
60 122 312
60 124 8326
60 126 2085
60 129 5591
60 130 1932
60 134 5154
60 136 4585
60 144 9536
60 147 2038
60 150 3017
60 156 9345
60 164 6427
60 166 5374
60 167 8166
60 168 6003
60 170 9613
60 178 9813
60 183 9020
60 194 9181
60 195 6756
60 199 5668
60 200 2408
60 203 7158
60 205 7032
60 206 9858
60 209 2118
60 211 6071
60 216 5998
60 217 10000
60 218 841
60 219 538
60 223 9696
60 224 8554
60 227 760
60 229 2237
60 237 5591
60 239 2504
61 64 5950
61 73 6316
61 74 2328
61 78 9756
61 89 4085
61 90 648
61 91 5256
61 95 2501
61 98 1513
61 103 1560
61 107 8181
61 111 8538
61 118 2896
61 119 3000
61 131 6207
61 132 5418
61 135 6854
61 137 780
61 138 6748
61 140 7475
61 142 8016
61 147 3477
61 153 7409
61 157 7921
61 158 2434
61 159 2534
61 161 37
61 169 4226
61 171 3068
61 175 5281
61 183 2826
61 187 1343
61 191 2726
61 199 3989
61 202 3055
61 203 2339
61 204 5488
61 207 3186
61 208 2056
61 212 827
61 218 8238
61 221 7509
61 226 4566
61 233 8932
61 234 6942
61 239 8201
62 64 1268
62 65 2948
62 66 4575
62 67 985
62 68 7668
62 71 4603
62 72 7242
62 73 5654
62 76 2722
62 92 3967
62 97 5998
62 98 4210
62 105 8807
62 106 2772
62 107 8505
62 110 6257
62 115 1535
62 129 4876
62 131 3973
62 137 1531
62 138 9084
62 141 8422
62 142 4070
62 148 4032
62 149 3904
62 150 1677
62 152 7109
62 154 9869
62 157 1368
62 163 9278
62 166 5432
62 171 5389
62 176 4974
62 179 7129
62 182 7224
62 188 1883
62 189 2586
62 192 7528
62 194 1938
62 196 7724
62 198 5638
62 202 8377
62 205 3426
62 206 7606
62 209 2850
62 210 3261
62 212 676
62 213 3344
62 223 927
62 224 9435
62 227 5628
62 228 7583
62 229 8659
62 236 4998
62 237 6366
62 239 5792
63 70 4411
63 71 4147
63 72 4033
63 73 7365
63 74 4742
63 79 4407
63 82 2557
63 83 5842
63 86 6573
63 87 1573
63 92 8247
63 95 7758
63 97 8699
63 104 8024
63 105 9751
63 109 5709
63 111 3919
63 125 5473
63 131 2219
63 146 4459
63 149 8453
63 156 8424
63 157 4047
63 174 8984
63 175 886
63 189 8961
63 197 7746
63 198 7491
63 199 7166
63 203 9079
63 206 3424
63 208 6383
63 215 7810
63 216 7688
63 221 2160
63 222 5032
63 226 3460
63 236 365
63 238 1672
63 239 7061
63 240 4822
64 71 4336
64 72 5819
64 73 3373
64 74 2254
64 75 1008
64 84 6560
64 86 4035
64 87 1546
64 93 7934
64 98 5104
64 100 4761
64 102 8042
64 108 2442
64 113 6824
64 118 767
64 120 8632
64 127 3622
64 129 4965
64 133 133
64 135 7041
64 138 5423
64 139 3036
64 145 1417
64 152 8694
64 157 3051
64 158 5603
64 167 8825
64 169 7490
64 170 354
64 177 9675
64 184 3223
64 185 1542
64 190 3608
64 192 3689
64 195 2452
64 196 895
64 203 8021
64 215 4507
64 217 4342
64 218 7878
64 222 5219
64 225 4083
64 226 7197
64 229 8013
64 235 7100
64 241 9998
65 66 7087
65 71 3060
65 75 7062
65 77 6757
65 83 6019
65 88 1375
65 89 5709
65 92 4570
65 95 1297
65 96 2521
65 104 1161
65 112 557
65 115 1135
65 119 9188
65 122 2461
65 125 8219
65 131 1304
65 149 5083
65 151 174
65 159 9678
65 164 3472
65 165 3256
65 167 5889
65 172 1783
65 175 2
65 179 7681
65 184 957
65 192 7536
65 193 4476
65 202 3874
65 205 580
65 209 3315
65 210 3925
65 216 4050
65 219 7943
65 221 40
65 222 5416
65 238 368
66 69 3208
66 70 4227
66 72 8130
66 77 3749
66 82 9383
66 85 1521
66 88 8810
66 90 5236
66 92 4814
66 108 3169
66 109 8467
66 117 1896
66 125 4912
66 128 8527
66 136 3084
66 147 9800
66 148 6284
66 156 9656
66 163 8355
66 167 9794
66 172 2200
66 180 9176
66 181 1236
66 184 1981
66 187 8448
66 188 8319
66 190 328
66 192 6128
66 194 9691
66 197 9611
66 205 7293
66 208 4223
66 210 879
66 212 9433
66 216 4355
66 221 8530
66 223 7801
66 230 7370
66 234 296
66 235 7126
66 239 5336
67 68 7815
67 73 9569
67 76 4038
67 78 3090
67 80 3688
67 81 4178
67 83 3203
67 86 58
67 90 951
67 103 6703
67 104 8400
67 107 8964
67 111 7515
67 115 7569
67 117 5075
67 120 8079
67 126 7859
67 135 6092
67 138 9198
67 143 6321
67 146 4017
67 147 4810
67 150 2443
67 152 1485
67 160 9802
67 169 5956
67 172 1585
67 179 8480
67 182 6898
67 183 833
67 184 2164
67 185 6708
67 187 9968
67 188 4834
67 190 6540
67 195 8233
67 203 9111
67 205 7851
67 206 9977
67 207 7758
67 209 5177
67 211 9580
67 213 170
67 215 3168
67 220 1542
67 226 1140
67 228 9157
67 229 3299
67 230 4202
67 231 2118
67 233 218
67 234 2046
67 236 7342
67 240 4169
68 75 1661
68 78 7752
68 80 7701
68 85 3884
68 87 7032
68 92 1203
68 93 8610
68 95 1634
68 96 5642
68 98 6087
68 100 3063
68 101 5433
68 106 7519
68 121 5324
68 122 7336
68 125 7999
68 128 8897
68 129 5636
68 133 8966
68 134 3703
68 135 4616
68 140 7755
68 144 8592
68 145 7539
68 147 2936
68 153 5005
68 154 4625
68 156 1115
68 158 2312
68 159 7420
68 168 7429
68 169 4739
68 171 2817
68 173 8251
68 182 3922
68 184 9722
68 190 9615
68 192 5928
68 195 5777
68 198 8678
68 202 3488
68 203 6250
68 204 4669
68 210 217
68 214 6924
68 216 2828
68 219 8618
68 225 2414
68 227 8757
68 229 1228
68 230 6649
68 234 4112
68 236 8835
68 237 4051
68 238 2550
69 70 6958
69 71 4990
69 76 6381
69 85 2256
69 89 4109
69 96 2244
69 99 4229
69 100 9607
69 111 7642
69 112 6567
69 116 4221
69 120 9045
69 125 3346
69 127 4396
69 130 4564
69 135 4532
69 138 1762
69 139 9669
69 144 7374
69 147 4162
69 163 4484
69 166 5487
69 171 3768
69 174 1008
69 176 1080
69 181 733
69 182 7730
69 184 5151
69 187 957
69 200 8870
69 211 2372
69 219 8900
69 220 7312
69 230 4870
69 233 631
69 234 326
69 235 8823
70 75 8796
70 77 9890
70 78 920
70 81 1745
70 89 3449
70 90 8917
70 92 7525
70 95 5926
70 100 1700
70 101 878
70 107 1215
70 111 1554
70 113 4677
70 124 9016
70 132 110
70 135 9489
70 136 5218
70 142 358
70 147 348
70 150 3211
70 162 8060
70 163 3090
70 176 3902
70 177 4863
70 178 7678
70 187 8926
70 189 2490
70 190 7222
70 198 2362
70 199 3209
70 203 7144
70 204 1207
70 210 3849
70 221 3224
70 224 1811
70 225 5821
70 231 1210
70 232 448
70 233 7591
70 234 3484
71 74 5476
71 76 9526
71 83 3600
71 85 8453
71 88 8200
71 91 5215
71 92 1519
71 99 6445
71 106 3640
71 112 8123
71 114 9131
71 115 1076
71 117 7552
71 120 3587
71 122 349
71 130 8877
71 131 5092
71 135 9367
71 145 4232
71 151 8736
71 160 8691
71 161 7924
71 162 8813
71 178 8226
71 179 3675
71 183 7559
71 184 4290
71 190 4219
71 197 2150
71 200 7458
71 201 7511
71 206 2001
71 207 7456
71 213 2355
71 215 9532
71 217 2442
71 224 8350
71 225 2060
71 227 1846
71 228 3652
71 230 8590
72 73 2445
72 74 1977
72 76 3990
72 80 3349
72 83 6973
72 84 8567
72 85 3010
72 93 7253
72 95 1494
72 96 6670
72 97 6016
72 102 3550
72 108 3991
72 111 1317
72 115 9975
72 118 1531
72 119 9420
72 130 203
72 131 2830
72 132 8336
72 133 334
72 135 6624
72 146 2810
72 149 8277
72 151 6096
72 152 8948
72 156 4251
72 160 3866
72 170 6594
72 181 1729
72 184 1136
72 187 2519
72 189 4275
72 194 70
72 198 7319
72 199 4579
72 207 7110
72 213 8833
72 221 8477
72 227 3966
72 232 7530
73 78 4454
73 82 4966
73 87 4831
73 93 2250
73 95 1123
73 96 6302
73 98 2259
73 100 8843
73 101 9237
73 102 2137
73 105 2030
73 108 5016
73 110 4102
73 111 774
73 114 7631
73 117 8827
73 118 234
73 121 674
73 123 7544
73 129 5395
73 134 7861
73 138 579
73 143 9894
73 147 4748
73 154 800
73 157 9937
73 160 4551
73 161 7699
73 163 3374
73 174 5919
73 180 6946
73 181 3811
73 182 6812
73 184 8768
73 187 8599
73 188 3920
73 189 1970
73 196 6597
73 197 5493
73 203 3616
73 205 4646
73 206 2155
73 213 9594
73 223 4892
73 233 2509
74 80 5925
74 83 627
74 85 2968
74 90 1814
74 97 4822
74 108 5794
74 111 9590
74 112 6116
74 114 2643
74 133 8356
74 137 7999
74 138 6696
74 140 4611
74 144 269
74 146 8691
74 151 1549
74 161 170
74 165 8444
74 166 346
74 173 3230
74 174 5093
74 179 286
74 180 9717
74 181 6438
74 185 3896
74 186 783
74 187 2806
74 188 132
74 195 6222
74 199 8327
74 201 5879
74 209 1994
74 212 5379
74 213 2133
74 219 8877
74 222 3728
74 227 2817
74 228 563
74 240 801
75 77 451
75 84 7349
75 86 4877
75 87 188
75 93 5157
75 96 4067
75 99 3454
75 100 2223
75 104 1254
75 105 2926
75 106 4994
75 122 4866
75 138 6310
75 139 7338
75 151 3256
75 152 6697
75 154 9054
75 156 7245
75 157 4412
75 158 444
75 159 8626
75 161 2929
75 162 7557
75 187 3409
75 208 3533
75 217 5024
75 219 3712
75 228 2167
76 77 8419
76 84 3883
76 85 2105
76 86 661
76 91 2798
76 99 7894
76 109 4569
76 111 7851
76 113 7224
76 115 7976
76 129 2111
76 140 2168
76 143 365
76 147 4524
76 151 8643
76 152 3348
76 154 8497
76 155 837
76 167 1560
76 172 9154
76 178 9951
76 183 4265
76 193 8648
76 196 1427
76 198 5976
76 199 9383
76 202 9941
76 207 8452
76 210 9481
76 211 6557
76 212 6812
76 230 1940
76 232 8592
76 239 9966
77 81 471
77 84 3952
77 90 9102
77 93 6925
77 96 6818
77 106 4955
77 112 2182
77 113 8226
77 114 9264
77 116 6034
77 121 8644
77 123 7022
77 124 9096
77 128 7026
77 139 4238
77 148 2864
77 154 4652
77 160 338
77 162 9265
77 168 6125
77 171 4472
77 188 6598
77 189 9426
77 192 8212
77 194 8834
77 197 6170
77 198 5510
77 201 9796
77 202 1213
77 206 3525
77 208 4800
77 210 7139
77 213 6495
77 219 7597
77 226 6641
77 234 1121
77 236 735
77 238 2833
77 240 4959
78 81 4282
78 83 5798
78 91 7173
78 94 3234
78 101 750
78 114 659
78 115 6770
78 123 4850
78 129 5579
78 134 2197
78 135 3176
78 137 5026
78 140 6896
78 144 7383
78 145 7476
78 161 3094
78 168 472
78 169 8808
78 170 101
78 180 7470
78 181 9161
78 183 1472
78 191 7561
78 192 8595
78 214 4510
78 216 9352
78 226 2765
78 234 9088
78 236 5679
79 81 8500
79 83 5979
79 84 2757
79 94 2648
79 95 7844
79 97 5116
79 99 2723
79 107 6750
79 111 4671
79 115 9972
79 117 8767
79 119 9874
79 123 3166
79 126 257
79 127 618
79 128 8860
79 131 4471
79 134 3402
79 136 6649
79 141 8836
79 148 6357
79 149 2609
79 152 7608
79 153 789
79 158 1987
79 160 4970
79 161 6775
79 162 8278
79 169 4611
79 171 3561
79 172 1066
79 178 4539
79 179 888
79 186 7508
79 190 7364
79 193 7603
79 197 9711
79 205 4383
79 209 1075
79 210 1360
79 211 7660
79 213 1210
79 222 3714
79 223 4309
79 228 727
79 238 8918
79 239 998
80 82 9094
80 83 9654
80 85 9494
80 88 9668
80 91 8561
80 95 8657
80 98 1726
80 100 8949
80 114 2952
80 117 3695
80 129 3653
80 131 683
80 132 721
80 134 7189
80 142 3440
80 144 3900
80 145 2508
80 147 8362
80 156 7874
80 160 3636
80 161 8771
80 164 9809
80 168 8396
80 170 8247
80 171 7353
80 172 8963
80 173 7428
80 178 6638
80 180 8028
80 186 3693
80 195 7889
80 200 6860
80 204 6812
80 206 8321
80 209 8648
80 213 910
80 218 9678
80 224 8072
80 232 7038
80 236 6862
81 82 9509
81 85 3331
81 90 902
81 93 1931
81 97 3981
81 99 641
81 103 4487
81 105 6903
81 106 3852
81 108 6556
81 119 3231
81 120 4976
81 123 9606
81 125 3742
81 128 9301
81 135 4262
81 137 3707
81 143 861
81 144 1197
81 147 1303
81 150 6199
81 159 3951
81 165 7639
81 166 6245
81 167 6520
81 170 1091
81 174 6924
81 176 5282
81 179 7113
81 182 6626
81 188 1971
81 189 349
81 190 9023
81 203 5485
81 204 3756
81 208 4485
81 210 9479
81 211 4679
81 213 7628
81 215 7385
81 219 6877
81 234 1031
81 241 7180
82 95 4747
82 98 6826
82 101 7584
82 105 4396
82 113 321
82 116 3271
82 123 717
82 124 4037
82 129 365
82 135 7128
82 137 2427
82 157 1918
82 161 4051
82 170 6258
82 176 6571
82 180 8349
82 182 2259
82 185 2710
82 186 4496
82 196 1129
82 200 6651
82 201 4879
82 203 760
82 206 9831
82 220 5093
82 222 5000
82 227 8425
82 228 1405
82 230 8513
82 232 2882
82 235 4719
82 239 2306
83 85 8964
83 101 2845
83 106 3204
83 107 7680
83 110 4071
83 111 7210
83 115 2128
83 116 7594
83 117 2890
83 124 2511
83 128 5082
83 131 5907
83 132 9882
83 134 693
83 142 6353
83 143 2054
83 149 1446
83 151 51
83 152 5642
83 154 7617
83 157 8265
83 166 4708
83 168 5070
83 170 9311
83 175 171
83 183 5739
83 186 771
83 198 9943
83 203 9428
83 204 4249
83 218 4348
83 220 1571
83 221 7455
83 223 8426
83 224 4312
83 229 124
83 235 4210
84 88 2308
84 89 9470
84 94 8694
84 96 6472
84 98 856
84 102 6962
84 112 9576
84 115 6781
84 118 6346
84 119 6596
84 125 8012
84 127 2564
84 131 3017
84 132 76
84 133 5164
84 142 2416
84 148 2373
84 150 3295
84 152 4381
84 157 62
84 158 6049
84 159 6820
84 166 7814
84 171 9917
84 172 5413
84 173 6209
84 174 3862
84 179 4064
84 180 9240
84 188 454
84 189 2072
84 190 4242
84 211 4484
84 212 4402
84 213 9084
84 218 8859
84 226 7425
84 229 7731
84 230 1357
84 236 7175
84 237 7465
85 89 9169
85 91 3392
85 94 7962
85 97 4477
85 99 2330
85 100 7737
85 108 3041
85 111 1336
85 114 3781
85 124 9222
85 133 298
85 139 5916
85 142 6489
85 147 4545
85 154 7312
85 158 2456
85 168 463
85 170 2465
85 185 5523
85 193 966
85 194 6350
85 195 3113
85 196 7959
85 204 5088
85 206 370
85 214 8346
85 215 2041
85 221 7643
85 224 7126
85 227 8207
85 230 4919
85 231 5536
85 232 2681
85 236 4455
85 239 6568
85 241 6517
86 102 1916
86 105 7225
86 107 8563
86 110 2059
86 113 7405
86 129 4970
86 143 3388
86 144 7420
86 151 1560
86 152 3038
86 153 1292
86 154 6079
86 155 2410
86 156 4704
86 159 3524
86 163 2892
86 165 872
86 168 6899
86 175 838
86 179 870
86 183 2351
86 193 3285
86 194 3295
86 203 5724
86 214 3080
86 215 3241
86 217 9924
86 223 300
86 229 6531
86 232 801
87 95 8163
87 99 8826
87 100 7447
87 101 2717
87 102 7885
87 105 8424
87 114 9789
87 116 8279
87 125 5605
87 127 6851
87 129 7540
87 131 9539
87 135 406
87 140 1568
87 143 5800
87 151 9887
87 153 9588
87 158 5412
87 160 9943
87 167 1565
87 173 8442
87 176 6774
87 178 5068
87 180 3796
87 191 4628
87 195 6461
87 199 8403
87 202 8516
87 224 7456
87 232 8591
87 234 8809
88 90 7392
88 92 3874
88 97 4028
88 103 4051
88 105 7878
88 106 3300
88 113 6145
88 119 2497
88 122 9512
88 123 688
88 128 1985
88 133 9986
88 138 771
88 142 7882
88 143 7371
88 151 4417
88 154 8346
88 156 1843
88 157 4782
88 164 7447
88 168 7229
88 169 7693
88 174 4475
88 176 1170
88 180 8243
88 185 8217
88 188 6345
88 196 3967
88 203 3283
88 205 9862
88 206 3815
88 208 9488
88 216 6713
88 228 2832
88 229 9036
88 237 3666
88 238 9920
88 240 3141
88 241 1891
89 90 9564
89 97 505
89 98 6704
89 99 8888
89 105 1107
89 106 5669
89 119 4517
89 120 722
89 130 5973
89 131 2815
89 133 1643
89 139 3920
89 147 5741
89 154 3078
89 155 2742
89 160 8090
89 163 7823
89 167 6629
89 170 4323
89 171 7260
89 173 2429
89 177 8271
89 178 8531
89 181 2041
89 183 4975
89 185 4947
89 191 8805
89 197 9704
89 199 3614
89 204 7594
89 208 7178
89 210 315
89 211 418
89 215 317
89 218 4215
89 219 831
89 229 5115
89 231 9324
89 236 8587
89 241 9685
90 93 6694
90 94 3248
90 99 8756
90 106 188
90 109 2938
90 114 8842
90 122 2865
90 125 3463
90 126 8574
90 132 5645
90 139 7015
90 141 5848
90 142 7945
90 144 2053
90 148 1433
90 152 5705
90 155 2079
90 159 1455
90 160 1632
90 165 628
90 166 987
90 167 1147
90 168 7849
90 169 483
90 171 9845
90 175 9945
90 189 5507
90 191 5621
90 192 5081
90 197 7001
90 205 5064
90 207 6574
90 209 31
90 210 329
90 213 2539
90 214 8994
90 219 3183
90 227 8382
90 234 282
90 241 191
91 94 9425
91 100 2349
91 102 2691
91 107 1058
91 109 4233
91 110 2105
91 111 1106
91 112 8541
91 113 1428
91 114 7760
91 116 7072
91 117 5628
91 118 533
91 120 2586
91 126 4237
91 130 9625
91 132 5895
91 136 8045
91 142 1053
91 147 6845
91 150 5823
91 151 1624
91 153 9954
91 154 6804
91 155 7957
91 156 9454
91 159 4963
91 164 9954
91 165 9552
91 166 3938
91 170 8117
91 173 4174
91 175 14
91 183 1130
91 184 999
91 186 5020
91 188 1238
91 190 8792
91 199 9457
91 203 1228
91 205 9818
91 206 2216
91 211 9810
91 218 434
91 220 3781
91 228 7980
91 234 5576
92 96 2722
92 99 6453
92 112 3203
92 116 4582
92 120 137
92 128 2019
92 130 7138
92 135 269
92 137 6508
92 140 5225
92 141 65
92 142 9170
92 146 620
92 148 6841
92 152 5979
92 155 8678
92 160 5663
92 163 5132
92 174 7295
92 176 2685
92 177 570
92 178 52
92 186 9339
92 193 4214
92 198 2936
92 200 7418
92 202 9432
92 207 765
92 210 3246
92 213 6067
92 219 7927
92 221 1361
93 96 2987
93 98 4435
93 103 5144
93 104 1857
93 107 3758
93 110 5219
93 118 5120
93 129 103
93 137 9139
93 139 7801
93 140 2954
93 142 7261
93 146 373
93 155 2824
93 158 1185
93 160 4568
93 162 2102
93 164 7403
93 165 2987
93 166 6509
93 174 8399
93 175 849
93 176 4986
93 177 7655
93 179 3473
93 183 9885
93 184 1643
93 185 6879
93 188 8485
93 192 8645
93 198 7711
93 202 2626
93 204 9362
93 214 9371
93 219 2221
93 223 6065
93 226 2503
93 228 874
93 231 1675
93 235 2055
93 236 2243
94 98 8203
94 99 3500
94 100 5648
94 101 1558
94 105 4710
94 108 4359
94 113 4411
94 121 3291
94 141 4103
94 143 7576
94 144 8425
94 145 5986
94 147 4980
94 148 9219
94 149 1980
94 150 378
94 153 5501
94 155 8036
94 158 1654
94 165 664
94 173 3470
94 174 2804
94 177 4710
94 180 8085
94 186 5668
94 187 4473
94 192 4466
94 203 2856
94 206 8901
94 221 3985
94 224 5020
94 228 232
94 231 7558
94 239 6730
94 241 7367
95 100 7353
95 104 4387
95 105 5704
95 109 2307
95 111 2459
95 112 3819
95 113 445
95 114 9238
95 116 9896
95 117 1568
95 118 3083
95 120 8440
95 133 6246
95 141 4021
95 147 9938
95 156 2810
95 157 62
95 171 3396
95 172 5082
95 176 5014
95 183 3793
95 184 4561
95 188 8801
95 191 8663
95 194 1673
95 195 7099
95 199 7562
95 206 8273
95 209 7995
95 216 3655
95 217 9811
95 220 9069
95 221 4023
95 223 3549
95 228 7813
95 234 7416
95 235 8155
95 240 6717
95 241 7669
96 98 1042
96 99 2070
96 106 2454
96 110 9963
96 113 5433
96 122 115
96 125 29
96 127 4519
96 129 1600
96 130 9568
96 140 6749
96 143 7416
96 146 807
96 164 3476
96 173 9923
96 174 1767
96 178 1211
96 179 1573
96 184 6778
96 189 9591
96 190 9337
96 196 3737
96 205 9815
96 206 8743
96 207 7892
96 208 5192
96 212 2362
96 215 6815
96 222 2268
96 227 4925
96 231 4544
96 235 6558
97 101 7413
97 116 8654
97 117 2951
97 120 7547
97 121 2685
97 127 7285
97 137 6263
97 140 2420
97 148 6697
97 152 4442
97 153 4419
97 158 2345
97 159 812
97 162 9146
97 165 3060
97 170 2638
97 172 366
97 173 3761
97 187 9317
97 193 7663
97 197 7567
97 200 8552
97 212 5503
97 216 4662
97 220 6797
97 224 5323
97 232 8810
97 234 3280
98 99 9994
98 118 8900
98 119 6799
98 132 630
98 133 3009
98 135 8435
98 138 1919
98 147 2390
98 148 4557
98 158 4190
98 159 7281
98 161 6731
98 162 8485
98 168 2486
98 169 8604
98 170 251
98 172 2053
98 177 3506
98 182 3797
98 192 1708
98 196 3773
98 211 5860
98 213 6848
98 215 6078
98 216 458
98 220 5999
98 226 3774
98 229 9719
98 233 9731
98 234 770
98 239 8052
98 241 5129
99 101 10
99 104 5583
99 107 5835
99 111 2320
99 128 3602
99 129 932
99 130 5164
99 133 9709
99 134 6802
99 135 2042
99 137 601
99 143 9639
99 144 6631
99 145 7910
99 151 161
99 156 3690
99 160 8899
99 161 3952
99 163 5670
99 172 7301
99 175 931
99 183 3397
99 184 2543
99 191 2279
99 192 589
99 205 9955
99 207 9987
99 208 4797
99 216 9644
99 225 2877
99 234 8541
99 235 803
99 237 8122
99 240 7429
100 102 8591
100 104 9508
100 105 1333
100 110 5840
100 112 5824
100 113 7689
100 114 1019
100 118 7310
100 125 8560
100 126 4572
100 129 1915
100 130 41
100 131 8493
100 134 2079
100 141 270
100 144 9113
100 145 94
100 146 3075
100 149 6310
100 150 5636
100 153 8055
100 157 8670
100 161 5310
100 165 768
100 168 8868
100 174 1191
100 184 8047
100 187 8259
100 190 9874
100 195 6175
100 200 2791
100 201 6316
100 205 1573
100 216 3093
100 217 7603
100 224 2425
100 226 2636
100 227 525
100 228 7205
100 231 4844
100 234 6453
100 235 1
100 236 6017
101 106 5855
101 108 2660
101 111 7847
101 114 7725
101 117 4791
101 119 3058
101 128 6038
101 132 3890
101 133 173
101 134 7003
101 137 3854
101 140 3418
101 155 8923
101 156 9859
101 157 1537
101 160 4348
101 162 3324
101 165 7706
101 166 6392
101 171 7784
101 173 7650
101 174 9763
101 184 7730
101 191 4586
101 197 4902
101 206 5694
101 208 9263
101 210 4992
101 211 1600
101 216 7065
101 218 8670
101 226 3714
101 231 214
101 235 8233
101 236 7596
102 104 2132
102 116 8815
102 118 3993
102 119 5124
102 120 6553
102 123 8270
102 126 9170
102 128 2568
102 129 8781
102 136 4831
102 139 2349
102 140 8695
102 141 7688
102 142 1024
102 149 2794
102 150 940
102 154 1097
102 156 8842
102 161 8790
102 162 6772
102 163 3335
102 169 4667
102 182 3622
102 187 7316
102 195 3645
102 203 9763
102 208 2690
102 215 1007
102 230 3042
102 232 795
102 233 7493
103 107 8573
103 110 8709
103 117 7021
103 119 2855
103 123 825
103 124 672
103 125 2058
103 135 9562
103 136 6803
103 140 302
103 147 3080
103 148 1040
103 149 9421
103 160 4409
103 161 1707
103 163 8668
103 169 1812
103 172 6499
103 176 5845
103 186 7826
103 189 9039
103 193 4855
103 199 5992
103 201 2760
103 203 4914
103 205 2620
103 225 7399
103 226 1849
103 232 8888
103 240 4682
103 241 9830
104 112 3418
104 113 6200
104 117 8615
104 128 5351
104 131 7839
104 142 6246
104 143 4171
104 151 8139
104 163 7375
104 168 5823
104 169 9407
104 173 2832
104 190 8653
104 193 1633
104 195 7746
104 199 1499
104 200 788
104 207 648
104 210 8009
104 213 2899
104 214 1390
104 217 4133
104 219 4401
104 221 718
104 223 1686
104 225 604
104 232 8137
105 110 7834
105 115 5933
105 121 9284
105 126 6834
105 130 7262
105 134 7105
105 142 3683
105 147 7967
105 150 1477
105 159 5730
105 160 3367
105 163 8840
105 166 7146
105 169 1505
105 177 4216
105 178 1655
105 182 6069
105 184 127
105 187 4853
105 193 2870
105 200 4477
105 201 7510
105 203 9360
105 204 6096
105 208 1519
105 213 6836
105 216 2072
105 217 8884
105 218 174
105 228 3432
105 229 1434
105 231 428
105 233 4670
105 240 7302
105 241 115
106 111 941
106 112 2091
106 113 818
106 117 360
106 120 8999
106 125 5005
106 126 1857
106 127 7030
106 132 9361
106 139 8371
106 145 2696
106 158 739
106 160 2131
106 161 6654
106 165 7732
106 173 35
106 176 4101
106 179 5334
106 191 3667
106 192 6173
106 193 9268
106 206 684
106 210 5298
106 215 1502
106 219 2094
106 222 804
106 225 7597
106 227 4306
106 233 8461
106 236 5953
106 237 7198
107 109 5505
107 111 9803
107 112 7153
107 119 7258
107 120 1541
107 121 1821
107 122 5143
107 128 480
107 142 8037
107 144 9799
107 145 2682
107 150 6723
107 153 6157
107 157 9596
107 162 4718
107 163 8792
107 166 8689
107 169 3610
107 170 2000
107 171 5835
107 178 777
107 183 802
107 188 2472
107 191 7191
107 193 7838
107 194 8645
107 199 6771
107 200 8427
107 204 3313
107 213 8119
107 221 5568
107 222 8192
107 224 2668
107 229 4999
107 231 9600
107 236 4654
108 110 8002
108 111 6099
108 115 3303
108 118 6486
108 120 4773
108 121 310
108 122 8295
108 123 3130
108 125 5436
108 127 1713
108 129 2301
108 131 4139
108 134 9749
108 135 3212
108 138 5996
108 156 968
108 157 6812
108 158 1641
108 161 8494
108 164 6931
108 168 8764
108 183 1858
108 194 7311
108 198 1831
108 200 1212
108 201 9602
108 203 7226
108 206 7284
108 214 2760
108 218 9559
108 224 9322
108 225 4682
108 232 1111
108 233 4818
108 237 5401
108 238 4039
109 117 8595
109 120 6904
109 124 859
109 133 2320
109 139 2590
109 141 3487
109 145 6324
109 147 7449
109 149 6761
109 152 5324
109 158 3503
109 164 6991
109 166 6186
109 176 5182
109 177 2174
109 183 8620
109 189 4816
109 190 9703
109 196 3063
109 197 567
109 204 6298
109 207 5977
109 208 7045
109 214 2723
109 226 8586
110 113 1644
110 117 3960
110 118 9884
110 119 9391
110 120 8796
110 126 9722
110 127 4771
110 133 9236
110 141 6166
110 146 2432
110 148 5007
110 159 396
110 160 684
110 161 682
110 166 7513
110 168 9861
110 169 938
110 174 2087
110 175 614
110 176 5354
110 184 5716
110 185 3241
110 188 8291
110 193 6877
110 196 1692
110 199 6174
110 200 9349
110 204 2563
110 212 2012
110 218 2662
110 222 4989
110 226 8579
110 234 8554
110 237 3451
111 113 3495
111 114 9025
111 115 6289
111 118 9838
111 125 6368
111 130 6815
111 133 4179
111 136 2953
111 140 517
111 142 3130
111 144 1058
111 148 2176
111 152 5797
111 157 7113
111 175 8789
111 183 7823
111 186 2556
111 191 2953
111 195 8474
111 197 4538
111 200 9432
111 202 439
111 207 4319
111 224 2959
111 225 3391
111 226 6390
111 230 50
111 241 3561
112 113 1176
112 116 6492
112 119 7334
112 120 3644
112 121 9453
112 131 2252
112 133 6153
112 144 1150
112 147 4989
112 156 8361
112 158 7568
112 171 633
112 172 7655
112 177 2819
112 178 415
112 180 6838
112 183 1994
112 188 2571
112 195 8109
112 200 3808
112 205 8078
112 207 2730
112 209 7491
112 211 1932
112 214 7313
112 222 7195
112 223 9530
112 227 2067
112 229 576
112 231 1111
112 233 7559
113 119 4838
113 121 105
113 124 8059
113 125 4527
113 126 6734
113 128 1415
113 131 2844
113 139 7225
113 142 7672
113 144 4549
113 150 5303
113 152 6179
113 157 8069
113 158 8620
113 159 856
113 164 4545
113 165 4867
113 170 974
113 174 9115
113 181 5135
113 185 7463
113 194 2699
113 198 7851
113 199 5286
113 209 6572
113 213 5550
113 218 7189
113 220 718
113 225 1409
113 228 3219
113 230 7550
113 238 9835
113 239 6801
113 240 4202
113 241 7192
114 116 5697
114 118 368
114 121 5838
114 125 4596
114 130 1429
114 137 3108
114 139 9669
114 143 4005
114 144 8075
114 145 8951
114 151 7854
114 152 4804
114 153 9584
114 156 3494
114 163 6648
114 174 6610
114 178 3176
114 187 6749
114 193 5351
114 196 1950
114 198 1882
114 214 6958
114 219 5098
114 222 6355
114 226 8996
114 228 3375
114 233 6016
114 235 3123
114 240 4005
115 116 3439
115 117 7303
115 121 6859
115 125 6751
115 128 1394
115 133 4892
115 140 2923
115 156 7526
115 164 6976
115 165 7234
115 176 8008
115 180 2298
115 181 4227
115 183 7302
115 187 9536
115 196 4466
115 199 3368
115 200 1003
115 201 7895
115 204 2273
115 205 843
115 208 9416
115 209 5831
115 211 657
115 213 1809
115 214 2219
115 217 6299
115 220 3318
115 221 2227
115 223 6924
115 226 6830
115 233 73
115 235 7926
115 237 3774
115 239 6997
115 241 9896
116 119 1863
116 122 772
116 125 8080
116 126 3047
116 142 3229
116 143 8086
116 155 3382
116 160 3927
116 161 1574
116 163 6561
116 173 208
116 181 6531
116 187 1592
116 188 4467
116 190 2154
116 193 9732
116 195 1798
116 200 5179
116 203 3649
116 204 4879
116 206 2730
116 208 3851
116 210 1488
116 215 5411
116 217 1349
116 218 8702
116 220 1294
116 227 3968
116 229 6360
116 237 9280
117 119 4923
117 121 8105
117 122 8736
117 125 1994
117 128 3259
117 132 1780
117 142 5824
117 147 4378
117 157 7273
117 158 8789
117 162 7885
117 164 2407
117 168 8005
117 170 7933
117 178 361
117 181 7860
117 183 8131
117 186 9643
117 188 6255
117 189 3055
117 192 1735
117 193 5009
117 200 7556
117 202 7093
117 212 9829
117 213 4037
117 221 5245
117 224 9599
117 228 7908
117 229 8344
117 231 4583
118 121 5217
118 127 7238
118 129 442
118 137 3650
118 138 6835
118 143 1862
118 145 510
118 147 9632
118 148 5443
118 149 303
118 151 381
118 156 3355
118 157 3971
118 161 3961
118 162 6510
118 164 1184
118 165 8107
118 171 3904
118 172 2397
118 176 3495
118 179 2432
118 182 9582
118 184 791
118 185 3522
118 188 9492
118 189 6863
118 190 7111
118 192 3573
118 195 1267
118 196 5187
118 198 8845
118 199 8699
118 201 4411
118 204 9706
118 206 9611
118 207 2755
118 209 5264
118 214 5761
118 222 7321
118 223 1595
118 229 9470
118 233 7880
118 238 9515
118 239 1132
118 241 3
119 121 9922
119 136 9940
119 139 562
119 140 7011
119 144 853
119 145 3858
119 150 1139
119 151 9112
119 152 3341
119 153 1994
119 159 1549
119 161 1255
119 162 6218
119 164 4177
119 166 4738
119 184 4334
119 189 5489
119 192 2490
119 193 8380
119 194 1662
119 200 9809
119 201 5856
119 206 72
119 209 7314
119 214 2448
119 217 2177
119 218 8452
119 223 5316
119 226 7554
119 228 364
119 232 5576
119 234 7745
119 240 4560
120 121 950
120 123 5650
120 124 372
120 127 5662
120 135 2848
120 138 2915
120 148 7956
120 150 6610
120 154 1011
120 156 2243
120 160 4393
120 163 8366
120 168 7053
120 172 2805
120 175 8720
120 179 6062
120 188 8537
120 193 1340
120 194 8050
120 195 7481
120 196 760
120 200 4672
120 204 4655
120 205 9314
120 209 4156
120 211 2604
120 218 4376
120 219 5788
120 233 6309
120 236 8189
120 240 3122
121 128 2429
121 137 3867
121 139 5575
121 140 918
121 144 5533
121 169 4894
121 176 5994
121 181 2706
121 190 8328
121 194 7343
121 196 7823
121 197 539
121 198 8434
121 199 4804
121 204 5465
121 206 9351
121 209 4529
121 215 1514
121 223 7136
121 227 7481
121 230 2014
121 233 3293
121 236 3977
122 124 6277
122 126 877
122 131 8571
122 137 210
122 143 8590
122 144 938
122 145 9941
122 147 4726
122 148 2318
122 152 393
122 155 2379
122 157 9176
122 172 9593
122 178 3226
122 183 2701
122 185 6570
122 187 5374
122 188 473
122 191 7342
122 195 1468
122 196 9576
122 197 3288
122 203 4437
122 206 7392
122 215 7460
122 221 3213
122 222 2318
122 223 4543
122 224 9942
122 228 9699
122 230 4311
122 231 2782
122 233 8833
122 239 7044
122 241 7628
123 124 6106
123 133 3634
123 137 9922
123 139 3514
123 140 7344
123 141 2228
123 143 1350
123 144 3174
123 159 7302
123 169 149
123 171 6804
123 172 2975
123 174 6182
123 181 6327
123 182 1977
123 183 1493
123 194 973
123 196 1650
123 199 1756
123 203 7237
123 208 2392
123 225 7726
123 227 1460
123 234 4325
123 235 1564
123 236 7816
123 238 2668
123 239 1249
123 240 1121
124 137 3858
124 142 4960
124 144 8063
124 148 3702
124 154 2794
124 156 2124
124 157 1627
124 167 4007
124 168 7143
124 170 168
124 171 3145
124 175 2538
124 179 9597
124 183 874
124 205 498
124 207 9845
124 210 1125
124 212 4329
124 217 6275
124 219 2296
124 228 2252
124 229 6305
124 231 9430
124 234 4215
124 240 8462
125 127 9369
125 129 1590
125 132 1002
125 135 2588
125 136 6806
125 140 4548
125 146 1335
125 156 4829
125 157 6669
125 160 8018
125 162 6954
125 164 4947
125 165 3450
125 167 6005
125 172 9743
125 174 1455
125 178 6863
125 179 5388
125 185 4622
125 188 6602
125 190 9743
125 194 2158
125 195 4808
125 198 4486
125 199 9146
125 201 9310
125 202 8706
125 205 6650
125 207 8154
125 208 2753
125 210 414
125 216 7311
125 223 9251
125 232 334
125 233 2907
125 234 4830
126 129 4796
126 140 9104
126 146 7801
126 147 812
126 148 1626
126 159 941
126 168 3575
126 171 2366
126 173 1806
126 176 7690
126 183 7619
126 185 3811
126 186 380
126 188 8834
126 196 193
126 200 2080
126 206 475
126 207 9459
126 209 8723
126 223 6770
126 229 3137
126 231 2327
126 232 7884
126 233 4712
126 241 8529
127 128 1374
127 135 8271
127 137 8497
127 142 8505
127 144 6483
127 149 9218
127 151 5515
127 153 8354
127 154 414
127 155 4264
127 157 1497
127 159 41
127 161 7291
127 166 4913
127 185 3080
127 191 122
127 196 1546
127 197 7344
127 198 4697
127 206 4583
127 210 9035
127 211 3643
127 220 1611
127 223 7797
127 227 7101
127 228 6448
127 236 673
127 238 9652
128 134 5326
128 142 3921
128 144 6010
128 146 4388
128 153 1815
128 166 2007
128 169 2727
128 175 703
128 178 6454
128 180 3239
128 181 5596
128 184 1066
128 196 2073
128 204 1589
128 206 5111
128 209 2583
128 215 5337
128 216 5533
128 217 5623
128 222 2500
128 233 3216
128 235 8439
128 239 4509
128 240 3812
129 131 4193
129 141 6888
129 142 5043
129 148 5585
129 149 1898
129 150 5187
129 160 4628
129 164 9006
129 166 9883
129 168 5537
129 171 3423
129 172 5310
129 174 9076
129 177 9133
129 183 7237
129 191 7516
129 194 7249
129 197 3270
129 199 8006
129 205 8326
129 210 8111
129 212 1727
129 213 3008
129 214 2122
129 215 3174
129 221 943
129 222 5413
129 225 5133
129 227 3590
129 229 9379
129 232 1054
129 233 3666
129 234 6116
129 235 2523
129 240 5883
130 132 7955
130 136 5681
130 139 8835
130 148 9734
130 151 9168
130 153 3276
130 159 5157
130 160 3838
130 163 1902
130 173 9422
130 178 7684
130 180 7301
130 185 7713
130 186 1114
130 191 3252
130 196 1277
130 201 379
130 204 7157
130 205 1650
130 208 7335
130 209 2718
130 216 9368
130 220 2568
130 221 109
130 222 6719
130 223 1430
130 225 9738
130 231 2196
130 236 3131
130 240 1468
131 139 3367
131 147 5983
131 148 4613
131 156 4599
131 157 8647
131 161 4169
131 163 1481
131 165 2544
131 167 2220
131 168 7050
131 175 3324
131 181 3442
131 186 7667
131 189 730
131 190 3502
131 195 8159
131 199 5559
131 202 7450
131 205 6127
131 206 8463
131 212 1135
131 214 4210
131 215 6767
131 217 3101
131 218 3351
131 222 7355
131 228 3220
131 236 9180
132 135 8234
132 141 9080
132 145 5610
132 149 6728
132 156 9577
132 157 851
132 163 6535
132 166 8522
132 174 6258
132 190 8660
132 196 732
132 205 8794
132 208 4383
132 209 2520
132 210 9251
132 216 2421
132 217 7936
132 218 2604
132 219 4744
132 221 8332
132 225 9041
132 227 2089
132 231 5373
132 233 9345
132 234 9395
132 237 1786
132 239 9607
133 141 6608
133 149 8518
133 152 6062
133 155 8613
133 158 9942
133 163 5178
133 164 5452
133 167 8307
133 170 5884
133 175 644
133 177 8577
133 183 1349
133 188 1391
133 196 386
133 199 5458
133 200 955
133 201 4009
133 202 1106
133 207 3677
133 208 416
133 211 7954
133 212 4967
133 234 2255
134 140 9727
134 142 6840
134 143 8031
134 152 4020
134 159 6865
134 160 4393
134 163 9141
134 165 9367
134 172 7712
134 173 3961
134 177 5147
134 181 1050
134 183 6918
134 186 3243
134 187 43
134 188 9160
134 193 5359
134 197 7744
134 198 5042
134 204 8991
134 213 1551
134 218 3954
134 223 231
134 224 9442
134 225 1198
134 226 4593
134 238 897
135 142 7906
135 144 2165
135 145 8783
135 146 3234
135 155 6177
135 156 4917
135 159 7396
135 163 5535
135 169 8382
135 173 6047
135 174 8345
135 176 2350
135 181 6532
135 187 8679
135 188 8487
135 191 4211
135 195 6170
135 201 7705
135 202 7452
135 204 3201
135 209 6210
135 210 4398
135 211 1002
135 214 6657
135 232 3386
135 236 6849
135 240 7562
136 139 5806
136 141 6829
136 147 2092
136 148 645
136 150 4223
136 151 9245
136 161 2079
136 163 2739
136 169 9747
136 172 3213
136 178 4866
136 189 983
136 194 5380
136 196 7502
136 198 8102
136 201 673
136 206 8982
136 207 552
136 209 6812
136 212 381
136 215 5537
136 216 7893
136 220 848
136 225 6142
136 230 1845
136 231 6553
136 233 7637
136 236 7448
137 140 1094
137 144 9217
137 146 3228
137 149 616
137 160 8724
137 163 8818
137 173 734
137 174 1609
137 177 8152
137 178 6556
137 184 7373
137 188 4700
137 191 7677
137 192 8324
137 195 6885
137 196 5235
137 200 3826
137 205 3244
137 207 6812
137 213 3205
137 229 1883
137 238 339
138 142 9215
138 144 1695
138 145 9699
138 146 2669
138 147 1866
138 150 2651
138 152 441
138 154 4986
138 162 793
138 164 1229
138 167 8383
138 169 1323
138 175 3908
138 176 7907
138 188 3589
138 190 1126
138 193 6257
138 196 8062
138 197 30
138 200 4340
138 213 908
138 214 3403
138 216 3611
138 217 7519
138 223 384
138 226 3706
138 227 6759
138 229 8344
138 238 2346
139 141 2625
139 143 115
139 151 7931
139 156 6866
139 157 2817
139 159 1835
139 167 2963
139 170 5501
139 171 3951
139 178 634
139 185 9578
139 189 7803
139 194 1274
139 198 3344
139 199 8206
139 202 2843
139 208 6483
139 209 8935
139 217 5127
139 222 4280
139 228 7662
139 232 8965
139 233 2633
139 235 5212
139 237 6045
139 240 8516
140 142 7756
140 143 8419
140 145 7840
140 152 3614
140 154 82
140 156 4541
140 161 532
140 163 4323
140 171 2816
140 177 2102
140 181 5281
140 182 7600
140 184 29
140 190 6310
140 191 6712
140 195 9174
140 197 4249
140 201 2492
140 206 1481
140 208 3184
140 213 693
140 215 1522
140 225 5093
140 226 920
140 227 6868
140 230 4382
140 235 9089
140 236 9961
140 238 8856
140 239 3503
141 144 7970
141 150 4433
141 163 2541
141 164 9154
141 165 3768
141 167 6374
141 168 2993
141 170 9530
141 171 4840
141 172 5863
141 181 4432
141 183 3281
141 186 8402
141 198 73
141 199 2686
141 200 5509
141 208 8374
141 209 8992
141 211 9745
141 220 7799
141 228 4749
141 238 1402
142 147 5420
142 149 945
142 154 9277
142 155 187
142 159 5556
142 160 6367
142 165 9880
142 177 6419
142 180 2909
142 188 7158
142 190 7444
142 197 1659
142 206 3332
142 210 2468
142 215 7057
142 216 4235
142 241 2500
143 146 2159
143 147 9889
143 149 8236
143 153 6901
143 154 219
143 160 7629
143 163 6373
143 175 4264
143 176 1199
143 182 8359
143 189 722
143 190 1183
143 197 908
143 208 611
143 221 6338
143 222 5642
143 238 7480
144 145 2808
144 152 5062
144 158 4277
144 159 5964
144 164 6833
144 165 4509
144 166 476
144 167 4825
144 174 922
144 177 8121
144 181 1990
144 184 8346
144 185 778
144 188 4071
144 191 3582
144 194 7068
144 197 5903
144 204 9064
144 210 8809
144 217 4935
144 218 3529
144 220 2957
144 227 1569
144 228 9965
144 229 692
144 230 5926
144 231 7838
144 232 7579
144 233 8321
144 235 4037
144 237 5681
144 238 9475
144 239 2190
145 146 3014
145 147 1743
145 148 9509
145 151 927
145 152 3677
145 161 5485
145 169 9986
145 171 3465
145 188 2044
145 191 2590
145 193 4698
145 199 3701
145 201 5820
145 204 9081
145 211 6297
145 214 129
145 232 1270
145 237 6535
145 240 8445
146 148 8847
146 154 3880
146 156 2520
146 164 1726
146 165 2147
146 171 3943
146 182 7406
146 188 108
146 190 7120
146 191 2131
146 192 315
146 195 2859
146 203 4322
146 209 3135
146 214 2909
146 216 7303
146 219 3812
146 227 6424
146 229 4370
146 231 7081
146 238 573
146 241 4518
147 151 7774
147 152 4704
147 159 953
147 164 3942
147 165 4934
147 167 2886
147 174 4323
147 176 4466
147 178 8077
147 179 7080
147 184 3450
147 186 3940
147 190 1065
147 191 393
147 195 2176
147 206 2430
147 214 8061
147 219 3244
147 225 2521
147 226 8269
147 228 7687
147 233 3563
147 240 4052
148 149 5765
148 151 9885
148 155 4605
148 158 1247
148 175 2691
148 176 3014
148 178 2204
148 186 6668
148 188 3690
148 196 3532
148 197 9642
148 202 8131
148 207 6800
148 208 2856
148 209 3424
148 213 7105
148 214 1049
148 226 540
148 234 5915
148 238 8552
149 152 6689
149 154 7916
149 161 5544
149 170 5781
149 184 3490
149 185 6518
149 186 3177
149 190 1209
149 193 6233
149 194 3724
149 197 380
149 201 3914
149 213 5335
149 214 4998
149 215 805
149 216 7794
149 217 2525
149 225 6979
149 226 8033
149 232 9485
149 237 8512
149 238 9917
150 156 6356
150 158 9980
150 162 5618
150 167 9883
150 170 8996
150 173 3829
150 177 4837
150 187 2531
150 200 6655
150 212 4613
150 215 1278
150 216 5007
150 221 6834
150 232 2000
150 235 7698
150 238 2656
150 239 5751
151 152 5196
151 159 3157
151 161 8528
151 175 4436
151 181 7839
151 182 875
151 204 7692
151 209 785
151 211 2873
151 213 8445
151 214 4967
151 217 9589
151 224 4316
151 226 2042
151 229 6
151 234 6295
152 156 3791
152 160 8800
152 161 1311
152 162 1973
152 163 3593
152 166 367
152 173 5040
152 174 8414
152 176 7517
152 178 1066
152 180 2876
152 182 732
152 188 8571
152 193 3321
152 201 209
152 209 1485
152 212 3275
152 214 4649
152 215 2967
152 223 4224
152 228 7854
152 237 2693
152 239 4307
153 159 3246
153 164 8264
153 165 7438
153 169 7295
153 171 1850
153 178 4169
153 181 6678
153 183 392
153 188 6045
153 189 994
153 193 4020
153 195 132
153 196 969
153 197 309
153 201 8249
153 204 7187
153 207 6997
153 210 8949
153 215 7713
153 216 6798
153 223 731
153 229 2481
153 240 3147
154 156 3288
154 163 8822
154 169 62
154 175 371
154 176 678
154 178 280
154 179 8042
154 182 4688
154 187 1742
154 190 8287
154 192 3265
154 193 5571
154 194 9889
154 195 7107
154 200 1183
154 203 6547
154 206 9020
154 210 5470
154 217 7784
154 222 2420
154 226 213
154 227 1470
154 229 8567
154 241 8663
155 159 7833
155 160 7330
155 162 2579
155 167 8813
155 168 7045
155 181 4556
155 184 2747
155 186 1425
155 188 9871
155 190 8199
155 192 228
155 194 6817
155 197 1842
155 210 981
155 212 4183
155 217 8233
155 224 4310
155 225 766
155 230 2593
155 231 2278
155 233 9893
155 236 8285
155 241 6606
156 158 779
156 159 8139
156 162 7040
156 166 5816
156 167 6246
156 172 2275
156 174 6895
156 177 4724
156 178 8341
156 180 7893
156 181 6397
156 186 7578
156 189 1934
156 192 4772
156 193 3300
156 199 4441
156 200 3428
156 201 1469
156 207 9455
156 208 3199
156 214 9530
156 217 2728
156 220 3273
156 223 9423
156 227 3100
156 229 2314
156 234 5617
156 241 5036
157 165 7526
157 166 3347
157 167 9194
157 170 8040
157 172 7597
157 173 9241
157 176 2693
157 182 8001
157 204 3149
157 205 6550
157 206 9989
157 208 7242
157 215 2310
157 216 6975
157 220 3706
157 239 9441
158 159 8755
158 166 56
158 167 3945
158 170 397
158 172 807
158 173 8839
158 176 947
158 179 2710
158 183 7105
158 184 964
158 190 615
158 195 1708
158 202 8465
158 203 2681
158 208 642
158 216 9785
158 223 7943
158 232 8535
159 160 915
159 163 1367
159 164 5717
159 168 6974
159 170 7939
159 171 8588
159 172 6488
159 174 4333
159 182 4078
159 185 7566
159 188 6949
159 189 8326
159 190 6262
159 192 4535
159 195 9729
159 206 1144
159 212 5536
159 217 5016
159 218 4457
159 220 9390
159 221 7030
159 227 7784
159 233 5785
159 234 7083
160 161 5800
160 162 9359
160 164 3327
160 170 6806
160 171 2789
160 172 2482
160 173 5529
160 181 7752
160 184 8424
160 186 5898
160 188 7584
160 196 3724
160 201 4477
160 202 9930
160 216 2494
160 217 8119
160 218 6167
160 225 9150
160 240 3571
161 164 6325
161 175 9220
161 182 9331
161 186 1986
161 188 9949
161 189 8850
161 192 863
161 194 6248
161 195 7465
161 196 1229
161 197 9132
161 199 8303
161 201 3697
161 202 196
161 209 8318
161 211 5141
161 213 1247
161 218 6857
161 223 9717
161 226 3752
161 233 4625
162 163 8456
162 164 9100
162 166 6954
162 169 7185
162 170 3044
162 174 9168
162 178 3186
162 181 432
162 183 5273
162 184 3690
162 187 3894
162 188 488
162 194 169
162 196 3135
162 200 2238
162 201 6398
162 204 6984
162 207 410
162 208 3162
162 210 298
162 215 2225
162 217 3313
162 223 9125
162 225 5340
162 229 2036
162 233 8494
163 167 416
163 169 408
163 171 9649
163 175 5550
163 180 2047
163 186 8257
163 189 5912
163 204 6222
163 206 2428
163 209 6681
163 210 3344
163 213 6025
163 214 230
163 220 440
163 226 347
163 227 8677
163 228 5171
163 229 6734
163 231 2102
163 237 4644
164 165 9766
164 169 7820
164 171 8553
164 172 9384
164 176 602
164 185 3510
164 193 8612
164 202 4326
164 207 4309
164 208 7389
164 212 7697
164 214 8035
164 215 9984
164 222 8746
164 227 3238
164 230 8039
164 231 7694
164 238 8165
164 240 5804
165 171 2814
165 176 8180
165 182 74
165 183 8991
165 186 86
165 189 5943
165 193 6563
165 208 1930
165 209 3353
165 215 9262
165 217 2190
165 219 432
165 225 4072
165 229 7624
165 230 5026
165 233 3766
165 235 9512
166 175 853
166 178 7980
166 183 176
166 185 8075
166 196 9609
166 198 8609
166 203 3096
166 209 2598
166 212 790
166 213 2696
166 220 6024
166 222 3254
166 224 8548
166 227 8318
166 231 9254
166 234 1006
166 236 1886
166 239 7988
167 170 418
167 176 8085
167 178 4682
167 179 5876
167 183 8997
167 188 199
167 211 7737
167 215 1754
167 216 8920
167 223 9333
167 226 9621
167 227 3492
167 228 3628
167 231 490
167 232 8620
167 236 5312
167 237 7500
167 238 3165
168 172 1501
168 173 8626
168 179 5353
168 181 74
168 189 2941
168 192 6972
168 196 9760
168 199 4091
168 211 517
168 216 4000
168 221 6094
168 227 9840
168 228 8523
168 230 7970
168 232 7853
168 235 1452
169 172 5137
169 181 1326
169 186 8619
169 190 126
169 201 614
169 202 1401
169 205 959
169 216 3008
169 225 777
169 229 3360
169 234 5606
169 235 8993
169 238 7775
169 240 9527
170 171 4341
170 173 4684
170 182 5504
170 193 3602
170 195 3488
170 201 6673
170 205 9064
170 214 2812
170 219 6062
170 225 3386
170 226 5404
170 228 9417
170 229 4553
170 233 7600
170 234 3853
170 238 9486
170 241 471
171 173 2161
171 183 7427
171 191 2112
171 194 8187
171 195 8655
171 197 7416
171 204 1871
171 207 8549
171 212 658
171 220 3141
171 221 9457
171 233 5871
172 176 9075
172 179 315
172 182 8118
172 189 9320
172 193 1628
172 198 6181
172 199 7368
172 201 4080
172 204 1588
172 207 8612
172 208 8945
172 213 3706
172 220 6694
172 224 574
172 226 706
172 227 3066
172 230 6295
173 175 9493
173 180 3280
173 182 4176
173 196 9605
173 197 2875
173 198 8387
173 199 8538
173 203 2980
173 205 7756
173 211 6899
173 215 8928
173 217 7132
173 218 9697
173 229 9670
173 235 6908
173 236 9089
173 238 8411
174 175 1565
174 179 2183
174 185 8785
174 190 8187
174 195 2020
174 197 929
174 199 9838
174 201 2769
174 204 1156
174 207 2306
174 214 2146
174 221 7835
174 226 6490
174 230 7181
174 234 8584
174 239 417
175 180 8770
175 181 6537
175 182 7038
175 184 5845
175 189 7678
175 196 6417
175 198 9567
175 200 854
175 201 3424
175 202 9883
175 203 6796
175 208 4724
175 212 9353
175 213 1265
175 223 5076
175 229 4236
175 238 11
175 239 7554
175 241 4158
176 180 5508
176 193 33
176 195 7471
176 197 4238
176 206 7224
176 212 3221
176 214 5321
176 215 1302
176 219 489
176 220 5463
176 221 9210
176 222 2185
176 226 138
176 228 1526
176 237 1510
176 239 1559
177 179 7016
177 180 8405
177 185 4003
177 189 9149
177 194 2901
177 195 5268
177 198 1184
177 204 6920
177 205 884
177 207 3975
177 211 4975
177 217 9460
177 218 4157
177 222 9390
177 224 5108
177 233 3398
177 236 4427
177 237 7278
177 238 6891
178 179 471
178 183 17
178 184 6908
178 185 5710
178 189 4797
178 190 4622
178 193 8526
178 198 6989
178 201 5708
178 202 7122
178 209 9111
178 211 4301
178 223 6580
178 225 2351
178 227 7210
178 229 2209
178 233 9295
178 234 2390
178 235 6422
178 236 8713
179 184 4187
179 192 9738
179 196 1288
179 198 3235
179 199 7767
179 203 1327
179 204 5986
179 207 4945
179 220 4647
179 221 5258
179 223 4936
179 225 8118
179 232 549
179 236 2394
179 238 6782
179 239 7978
179 240 1728
180 186 518
180 188 9338
180 191 6568
180 193 8878
180 199 2380
180 207 8360
180 211 4263
180 213 486
180 215 672
180 218 9066
180 220 8638
180 230 5496
180 233 3205
180 236 6053
180 239 7293
181 187 6597
181 188 6130
181 192 3047
181 193 617
181 206 2907
181 207 3590
181 214 3487
181 216 3630
181 219 8461
181 222 372
181 223 7564
181 224 5839
181 225 1370
181 229 783
181 238 3504
181 239 3455
182 186 9975
182 189 5603
182 190 1491
182 191 276
182 193 6290
182 194 5414
182 198 4251
182 200 6367
182 201 1962
182 206 1048
182 212 2617
182 217 7184
182 227 53
182 229 6087
182 235 1122
182 236 6086
182 238 7842
182 239 2028
182 240 2038
182 241 2225
183 186 7470
183 191 229
183 194 617
183 195 5125
183 197 2619
183 198 1281
183 199 3101
183 200 1289
183 203 9454
183 205 9375
183 210 7249
183 211 5724
183 220 5037
183 232 3667
183 236 4132
183 240 5922
184 187 3884
184 198 2027
184 199 3871
184 205 9149
184 214 2949
184 228 6088
184 230 2767
184 239 4755
185 186 485
185 187 8286
185 192 1598
185 194 5529
185 195 4154
185 207 4524
185 211 2634
185 218 4359
185 219 7232
185 229 4362
185 230 3334
185 236 9064
185 239 8358
186 188 1431
186 204 8638
186 205 2711
186 208 5029
186 211 3081
186 222 5484
186 223 3512
186 225 1492
186 227 5641
186 233 2032
186 235 8765
186 237 3553
186 240 6850
187 193 7853
187 195 8262
187 201 7413
187 204 2729
187 207 1404
187 209 3223
187 212 5640
187 216 3895
187 218 4649
187 219 6309
187 221 9411
187 223 4686
187 224 984
187 235 6457
187 239 2428
188 192 2629
188 193 3075
188 194 1806
188 195 889
188 196 8507
188 203 6252
188 204 2471
188 211 7966
188 212 4834
188 215 4028
188 220 7968
188 223 7562
188 233 1481
188 235 2450
188 241 4056
189 202 8099
189 208 4268
189 214 38
189 215 3996
189 219 3129
189 220 3140
189 221 6685
189 227 2145
189 228 1700
189 232 478
189 233 2058
189 235 1499
190 205 738
190 206 4495
190 207 9375
190 212 674
190 216 23
190 219 3469
190 222 1344
190 228 6828
190 229 9902
190 236 4788
190 241 1248
191 192 4537
191 201 5328
191 202 3087
191 204 7955
191 205 1564
191 212 7264
191 218 9139
191 219 993
191 224 3002
191 232 3290
191 235 6698
191 239 6312
192 204 8534
192 212 1805
192 218 7525
192 223 5992
192 231 568
192 235 6942
192 238 2783
192 239 8345
192 240 3095
193 194 3155
193 197 5311
193 213 7000
193 214 5606
193 215 8484
193 219 9796
193 228 1419
193 237 6704
194 196 3848
194 208 4468
194 210 3009
194 211 6153
194 213 9153
194 215 585
194 218 4845
194 221 2034
194 222 4653
194 225 6558
194 232 4660
194 235 3361
194 238 787
195 197 4643
195 199 5945
195 201 3809
195 207 6674
195 212 6967
195 221 1829
195 224 9929
195 227 8632
195 228 5663
195 240 224
196 197 1571
196 200 5509
196 202 9441
196 204 335
196 212 4655
196 213 3486
196 214 4966
196 223 6179
196 225 2869
196 238 5539
197 199 7105
197 201 8448
197 203 2302
197 209 6039
197 213 3848
197 214 7179
197 217 2862
197 220 2330
197 222 7678
197 229 3890
197 233 4163
197 235 4484
197 236 27
197 237 2829
198 199 3106
198 201 8993
198 202 4379
198 207 6413
198 208 4727
198 209 4395
198 217 9183
198 220 3922
198 221 2821
198 222 6204
198 223 4499
198 240 6644
199 202 1729
199 208 9473
199 214 8236
199 223 7532
199 225 9509
199 226 2993
199 235 1298
199 241 1803
200 203 4933
200 204 329
200 213 1696
200 216 2926
200 220 9680
200 225 6267
200 230 4130
200 233 3772
200 234 1165
200 239 3012
200 240 7784
201 209 2414
201 211 73
201 212 3057
201 220 7887
201 232 8443
201 234 4586
201 240 8650
202 210 7518
202 212 3782
202 218 832
202 222 3500
202 229 7676
202 230 5164
202 236 1004
203 216 3658
203 225 2375
203 228 988
203 234 1096
203 237 3774
203 239 6505
204 206 4785
204 209 443
204 213 5847
204 216 761
204 219 5504
204 220 6587
204 221 2922
204 226 4085
204 238 6717
204 241 1046
205 210 1850
205 213 111
205 220 6173
205 222 514
205 230 805
205 235 5613
205 237 1214
205 238 1295
205 239 6725
205 240 3348
205 241 8255
206 208 779
206 212 672
206 215 3258
206 224 7968
206 227 1580
206 229 444
206 230 5474
206 233 5702
206 236 6082
206 239 235
206 241 8028
207 208 2733
207 213 7225
207 215 1486
207 217 8816
207 219 6410
207 226 9529
207 229 5304
207 230 4055
207 232 2803
208 209 2435
208 210 9816
208 211 4060
208 212 9089
208 217 4836
208 219 8046
208 230 3647
208 233 7450
208 239 6582
208 241 49
209 213 9780
209 214 9806
209 216 3601
209 221 7186
209 224 2712
209 233 588
209 234 3731
210 212 8317
210 213 3046
210 218 6800
210 220 9156
210 223 7629
210 231 6467
210 233 7957
210 234 5852
210 236 6652
210 240 7671
210 241 8868
211 213 4737
211 214 9119
211 219 5110
211 229 6020
211 230 1192
211 235 3234
211 236 4933
211 237 8766
211 241 7047
212 213 7961
212 221 8180
212 222 1955
212 223 9783
212 232 5404
212 235 9315
212 237 5239
212 238 9265
213 217 4676
213 218 667
213 222 5683
213 225 1354
213 231 220
213 241 751
214 217 5337
214 225 8876
214 226 5226
214 228 6839
214 233 5592
214 237 2477
214 239 1722
215 216 209
215 219 1694
215 224 1944
215 231 8502
215 234 9481
215 237 5914
216 221 4934
216 226 7146
216 237 8398
216 241 2546
217 220 3615
217 224 7079
217 228 7259
217 230 2228
217 231 9531
217 234 95
217 236 2773
217 238 7145
218 222 9657
218 224 1227
218 229 536
218 230 5054
218 231 522
218 237 6982
218 239 977
219 221 8944
219 223 8177
219 231 9752
219 239 2166
220 222 5903
220 227 2891
220 229 5728
220 230 5937
220 232 6838
220 238 1253
221 224 9639
221 228 2130
221 233 3182
221 234 7835
221 235 3335
221 236 1943
222 230 4433
222 238 3377
222 241 71
223 224 6582
223 225 878
223 234 9090
223 241 5030
224 226 8037
224 227 9339
224 233 5177
224 236 7941
224 237 5248
224 238 4206
225 226 9445
225 229 8871
225 237 484
225 238 804
225 241 82
226 227 7525
226 228 6620
226 229 9165
226 231 1900
226 234 3159
226 239 4956
226 240 7557
227 233 8330
227 237 5318
228 232 4650
228 236 6316
228 237 2797
229 230 1116
229 231 2155
229 232 2296
230 232 2153
230 234 4530
230 236 181
231 233 1578
231 241 1747
232 238 8164
232 239 731
232 240 4940
233 237 7492
234 237 3957
236 237 3415
237 238 9415
238 240 2158
239 241 4933
