65 523 33645 56
0 9 8627
0 14 7228
0 17 4284
0 21 160
0 22 6074
0 28 5393
0 29 3525
0 32 540
0 34 8124
0 36 2954
0 38 6361
0 47 209
0 52 5539
0 55 4966
0 56 5734
0 58 2318
0 60 7191
0 62 5996
1 2 5382
1 5 7470
1 6 1386
1 11 8281
1 17 3335
1 22 3213
1 27 1711
1 36 9890
1 42 3614
1 43 5985
1 48 3511
1 53 9187
1 54 5181
1 56 3627
1 58 3002
1 64 5450
2 13 8551
2 19 1757
2 21 834
2 26 5915
2 30 2897
2 32 8993
2 35 7256
2 44 7977
2 51 9673
2 53 4027
2 59 5599
2 63 9363
3 4 4840
3 5 2455
3 6 8617
3 8 5179
3 11 774
3 13 4203
3 19 5365
3 25 7305
3 39 7139
3 40 8547
3 43 6656
3 47 999
3 50 8465
3 53 3050
3 54 9400
3 55 4292
3 59 1887
4 11 4893
4 14 6077
4 15 1673
4 16 3629
4 17 6148
4 19 9220
4 23 8915
4 32 6413
4 42 2727
4 43 7178
4 57 8307
4 59 7511
4 61 6982
5 12 3303
5 17 7844
5 18 983
5 22 6546
5 23 5386
5 32 261
5 37 2091
5 40 4378
5 44 6184
5 47 4904
5 54 9728
5 56 1488
5 57 4819
5 58 798
5 60 6311
6 7 9779
6 11 4845
6 16 5482
6 18 8217
6 20 7759
6 23 5742
6 24 9637
6 36 508
6 46 945
6 50 6314
6 55 6306
6 60 7132
7 9 8574
7 18 7132
7 19 7900
7 21 3558
7 25 9919
7 35 1365
7 37 7001
7 49 6626
7 54 243
7 62 9974
8 9 3258
8 14 2895
8 15 7308
8 17 9502
8 19 9578
8 20 5074
8 22 6759
8 31 2012
8 34 7579
8 35 5080
8 36 7298
8 46 3380
8 50 8571
8 54 1954
8 56 86
8 58 5775
8 61 5722
9 10 8661
9 16 8129
9 17 7055
9 19 6523
9 26 7710
9 29 9384
9 33 826
9 34 8624
9 36 5633
9 38 5343
9 43 1073
9 52 4421
9 53 5679
9 55 6761
9 56 8087
9 57 682
10 11 8927
10 13 5241
10 14 2654
10 15 9853
10 16 8732
10 21 6564
10 28 8540
10 43 6062
10 44 6451
10 46 8263
10 49 4814
10 56 6244
10 58 7595
10 59 5746
10 60 1880
10 61 6840
10 62 1060
10 63 5635
11 12 7636
11 15 8686
11 17 245
11 18 7869
11 20 4725
11 24 740
11 29 9360
11 30 9638
11 33 7210
11 37 3043
11 41 5593
11 47 9212
11 54 8264
11 55 3816
11 56 5681
11 57 6594
11 59 5252
11 61 7244
12 17 810
12 23 2553
12 24 5390
12 28 6628
12 33 1554
12 45 5072
12 50 5851
12 53 7820
12 60 5295
12 61 4921
12 64 9507
13 21 2208
13 23 3361
13 27 822
13 28 9648
13 30 6950
13 38 4532
13 39 4620
13 41 9229
13 45 1567
13 51 2128
13 52 3997
13 64 1786
14 15 5038
14 16 7793
14 21 5243
14 22 9329
14 26 4741
14 34 2182
14 37 3864
14 42 8653
14 55 3520
14 58 5637
14 63 4724
15 28 6979
15 33 8122
15 36 3845
15 37 3729
16 22 8605
16 25 7064
16 29 6610
16 34 2200
16 38 9733
16 43 9013
16 44 3587
16 50 8543
16 54 2347
16 57 6717
16 58 4844
17 20 6357
17 22 9043
17 26 9751
17 29 5040
17 30 2255
17 32 2507
17 38 9373
17 40 6460
17 42 803
17 45 2547
17 47 4153
17 60 6865
17 63 2731
18 20 6681
18 21 5303
18 23 8378
18 31 5677
18 33 3404
18 34 6593
18 42 6830
18 43 2515
18 44 9682
18 45 2323
18 47 6853
18 51 1431
18 54 7386
18 59 6221
18 62 5522
19 21 9863
19 27 1006
19 29 5787
19 32 7923
19 33 6096
19 38 6519
19 48 6540
19 53 3544
19 57 4228
20 26 8233
20 28 1726
20 29 1184
20 33 9552
20 37 6164
20 43 180
20 48 5410
20 50 3101
20 51 7473
20 52 198
20 55 9312
20 58 4374
21 33 1527
21 34 8263
21 35 941
21 36 5906
21 41 5381
21 49 6243
21 50 527
21 51 4520
21 52 979
21 54 3674
21 55 9264
21 59 9253
22 28 9520
22 30 2767
22 34 8230
22 41 6383
22 47 3711
22 53 2314
22 54 9369
22 56 4842
22 61 8265
22 62 3964
22 64 715
23 24 1668
23 25 1543
23 27 9616
23 29 9164
23 30 4573
23 31 9449
23 35 2127
23 37 4679
23 39 7635
23 41 9747
23 42 5035
23 47 8030
23 49 7339
23 51 597
23 55 6536
23 56 8012
23 60 8047
23 61 3058
24 32 973
24 36 8753
24 45 485
24 46 2929
24 52 1610
25 28 1088
25 36 417
25 45 5951
25 48 3518
25 52 2193
25 57 8921
25 60 3608
25 61 4821
25 64 1974
26 31 3699
26 32 3048
26 39 1646
26 40 6765
26 42 3072
26 43 6338
26 44 6334
26 56 6416
26 58 2254
26 59 6481
26 60 9787
27 30 5540
27 33 9178
27 38 2677
27 44 5259
27 45 7722
27 49 391
27 51 9823
27 52 2736
27 53 2875
27 59 526
27 63 1755
28 31 8036
28 32 4729
28 36 1080
28 42 5747
28 47 5561
28 48 9848
28 50 5870
28 54 7137
28 58 1458
28 59 2393
28 60 3681
28 62 5056
28 63 6198
29 33 7901
29 34 1126
29 35 3436
29 38 323
29 55 53
29 61 2544
29 63 3041
30 40 4215
30 45 8770
30 48 9635
30 49 2049
30 56 9008
30 63 4611
31 34 6621
31 36 6129
31 37 8224
31 40 432
31 43 1257
31 45 5804
31 46 7495
31 49 454
31 54 3764
31 56 3492
32 33 1614
32 38 5584
32 40 842
32 43 4845
32 53 6349
32 56 6294
32 60 8600
32 64 915
33 34 6279
33 36 6426
33 40 5116
33 44 1802
33 50 713
33 55 3425
33 58 2131
33 59 2243
34 37 9966
34 38 2471
34 43 9793
34 45 4614
34 47 7539
34 48 9609
34 50 3623
34 53 7297
34 55 9070
34 57 5789
34 64 8720
35 40 1007
35 42 3578
35 45 4436
35 47 7650
35 48 560
35 52 2560
35 56 3226
35 58 312
35 63 7338
36 37 4380
36 41 8792
36 51 9133
36 52 3713
36 59 5657
36 64 5004
37 50 6579
37 51 8542
37 52 2503
37 53 8447
37 55 689
37 57 4660
37 59 4426
37 62 6985
38 40 1887
38 41 8174
38 49 6640
38 56 2735
38 57 4509
38 58 8263
38 63 7264
38 64 5442
39 43 1134
39 45 2025
39 48 888
39 51 9692
39 52 1716
39 62 1213
39 63 1269
40 44 1135
40 46 2537
40 49 3013
40 59 6689
40 60 633
40 61 3710
41 45 9149
41 46 7240
41 56 2207
41 61 5436
42 44 3945
42 46 5426
42 55 4895
42 56 7792
42 61 4519
42 63 2178
43 50 437
43 55 5370
43 61 7092
44 56 7909
44 57 5438
44 64 5202
45 47 2249
45 49 532
45 53 86
45 57 1607
46 48 2674
46 52 9300
46 54 2543
46 55 7845
46 58 403
46 61 5977
47 56 6972
48 52 4997
48 53 9885
48 55 6889
48 58 7760
48 62 9748
48 64 9518
49 50 7115
49 59 8776
49 61 5557
50 56 2571
51 54 4293
51 56 8472
51 60 5580
51 64 5065
52 59 6057
52 62 7560
52 63 3045
53 60 7522
53 63 6603
54 58 6098
54 59 9429
54 61 7913
55 59 9596
56 59 7434
56 62 3095
58 59 1000
58 62 8847
58 64 9920
59 62 2282
60 64 1073
61 62 3339
61 64 2877
