186 4314 32267 42
0 3 8521
0 12 3939
0 18 633
0 20 6792
0 24 983
0 25 3260
0 32 7286
0 37 545
0 41 1759
0 47 729
0 48 5351
0 49 4860
0 50 9945
0 51 2606
0 55 7956
0 62 9794
0 63 7195
0 67 5758
0 70 4945
0 73 1897
0 74 1586
0 79 8674
0 81 2708
0 82 8658
0 83 1737
0 85 9678
0 90 2486
0 92 5834
0 102 9239
0 104 1252
0 115 5422
0 123 8762
0 126 9263
0 135 9630
0 136 1371
0 149 8866
0 154 1408
0 155 9973
0 164 6578
0 166 8637
0 173 5240
0 177 230
0 179 8068
0 180 7324
0 181 5904
1 3 4269
1 4 180
1 7 330
1 8 3235
1 9 1250
1 10 6468
1 14 3910
1 17 4098
1 18 6439
1 27 6150
1 36 943
1 38 3423
1 39 362
1 43 5510
1 44 856
1 55 8926
1 71 3241
1 75 4901
1 76 8267
1 77 4022
1 80 2485
1 81 7420
1 84 3189
1 87 63
1 89 2773
1 95 63
1 101 4249
1 102 9350
1 110 2713
1 113 9204
1 119 2833
1 122 5782
1 123 5868
1 127 7328
1 132 8956
1 133 3658
1 136 35
1 139 7613
1 140 1593
1 143 5545
1 146 1366
1 152 3551
1 157 3558
1 159 5662
1 165 4381
1 169 3078
1 170 3602
1 176 8790
1 177 6208
1 178 2254
1 183 65
1 184 5737
2 4 5154
2 8 2884
2 12 8101
2 16 9359
2 20 3476
2 27 9225
2 28 9771
2 29 8999
2 33 9102
2 38 9542
2 39 250
2 40 642
2 46 5967
2 49 4244
2 51 9913
2 55 917
2 62 5320
2 76 713
2 82 5401
2 84 9449
2 90 6424
2 92 9817
2 94 6801
2 100 7216
2 108 9078
2 112 7913
2 114 8496
2 117 8059
2 125 7743
2 134 1731
2 135 5914
2 136 2841
2 140 5385
2 143 1989
2 147 2820
2 161 7923
2 170 8888
2 172 4568
2 185 7460
3 8 2043
3 13 1246
3 27 9688
3 32 5413
3 33 7749
3 38 1262
3 39 2476
3 56 15
3 67 6913
3 72 1220
3 73 1749
3 78 1846
3 80 8652
3 84 8490
3 86 1270
3 87 4682
3 90 844
3 93 3616
3 99 1755
3 106 1454
3 108 6495
3 111 849
3 113 1635
3 117 8218
3 120 7722
3 121 9023
3 126 3853
3 131 4727
3 135 6674
3 137 4518
3 138 4869
3 143 7428
3 150 3854
3 154 8002
3 157 1277
3 158 6804
3 163 7733
3 171 4343
3 176 2716
3 177 6646
3 178 9366
3 180 9663
3 182 149
3 184 7351
3 185 518
4 12 4602
4 14 3160
4 19 713
4 26 402
4 32 7480
4 38 7512
4 41 8361
4 43 9750
4 51 4516
4 52 4625
4 56 8604
4 61 6641
4 67 3710
4 70 7714
4 75 6885
4 76 5192
4 82 8641
4 83 6565
4 86 7258
4 91 4126
4 95 8534
4 97 4310
4 100 4775
4 101 7334
4 104 1583
4 108 2753
4 109 2287
4 110 7870
4 111 3280
4 122 5723
4 131 8578
4 135 9886
4 137 361
4 142 4009
4 143 9372
4 145 8802
4 149 2376
4 150 8067
4 151 9208
4 162 2951
4 163 5314
4 164 3921
4 169 7532
4 170 2627
4 177 6476
4 179 8881
4 181 5758
5 10 2666
5 15 4577
5 20 1876
5 24 9208
5 25 63
5 33 674
5 35 7405
5 37 7471
5 40 933
5 43 3041
5 46 9130
5 48 3030
5 50 4459
5 51 1415
5 52 4185
5 54 8969
5 55 9406
5 58 1413
5 62 7314
5 66 548
5 71 9494
5 72 282
5 74 9211
5 79 1769
5 80 8759
5 82 9411
5 88 4619
5 89 2637
5 90 9022
5 94 8010
5 95 7090
5 96 3831
5 102 1821
5 104 7673
5 109 1082
5 118 2323
5 121 5153
5 128 1464
5 130 6596
5 132 3334
5 138 2307
5 140 2937
5 146 946
5 147 9079
5 148 8616
5 156 8944
5 157 8320
5 160 5949
5 164 9570
5 170 2575
5 178 9613
5 183 8114
6 9 8875
6 12 9533
6 16 4932
6 18 5527
6 21 1432
6 22 5664
6 24 6211
6 25 1461
6 33 6230
6 36 5158
6 37 7839
6 42 8137
6 46 4615
6 58 4174
6 64 3730
6 66 5289
6 70 376
6 85 2088
6 89 8193
6 91 1784
6 95 4148
6 96 3194
6 97 1292
6 103 9686
6 109 5799
6 111 8954
6 112 4802
6 113 2240
6 118 3492
6 124 1177
6 127 8071
6 130 7120
6 132 1238
6 138 5678
6 151 2819
6 152 47
6 158 1222
6 167 9663
6 169 7861
6 171 1606
6 173 3349
6 177 3101
6 179 2814
6 180 6909
6 185 2255
7 9 3114
7 10 4590
7 15 4811
7 16 4945
7 18 7779
7 22 4897
7 42 2104
7 43 8716
7 53 8762
7 55 3700
7 58 2350
7 63 2967
7 66 5443
7 68 6778
7 74 2223
7 80 9683
7 82 8256
7 87 1520
7 93 9010
7 103 4450
7 105 6956
7 112 8789
7 116 5758
7 117 4068
7 123 225
7 126 914
7 129 9219
7 131 6105
7 132 3996
7 135 9710
7 136 1916
7 139 344
7 142 4126
7 145 8429
7 146 9563
7 147 2629
7 153 81
7 154 4737
7 158 4859
7 159 2383
7 160 724
7 162 8186
7 165 40
7 167 5800
7 168 4842
7 176 790
7 179 3759
7 180 2478
7 181 6025
7 182 4718
8 9 7614
8 12 1392
8 14 9280
8 15 8935
8 16 7035
8 17 5632
8 29 3058
8 31 8524
8 35 4170
8 37 3930
8 42 4571
8 58 834
8 60 6013
8 69 1332
8 71 2401
8 72 8888
8 73 8593
8 74 898
8 77 4700
8 81 5590
8 83 4839
8 86 4960
8 89 2706
8 97 8356
8 99 6219
8 100 428
8 103 689
8 105 3384
8 111 5414
8 113 4968
8 120 4738
8 123 7425
8 126 5554
8 128 37
8 147 9351
8 148 9902
8 153 2066
8 160 514
8 163 6753
8 164 2461
8 166 6361
8 167 9383
8 170 4660
8 176 4584
8 178 2342
8 181 2882
8 185 9061
9 12 4596
9 14 916
9 19 7959
9 22 6677
9 25 792
9 27 5190
9 30 1958
9 32 7032
9 37 5864
9 41 9682
9 42 9835
9 43 853
9 45 85
9 49 5106
9 55 7911
9 56 7231
9 61 1897
9 63 8607
9 64 5503
9 65 4066
9 76 2613
9 86 6049
9 96 3301
9 102 2208
9 107 6692
9 108 8651
9 109 1622
9 120 7985
9 121 9479
9 126 9392
9 127 2064
9 132 6265
9 137 5683
9 138 7030
9 141 1737
9 142 7798
9 145 8978
9 146 9411
9 158 1494
9 163 8290
9 164 1336
9 169 8973
9 172 4403
9 178 3319
9 180 2326
10 11 7002
10 13 9250
10 15 8271
10 16 8004
10 17 6464
10 20 7590
10 21 3316
10 23 4412
10 33 82
10 34 1621
10 35 6007
10 40 1152
10 44 4652
10 52 4348
10 55 7840
10 60 1166
10 61 1129
10 63 8172
10 72 5821
10 74 3574
10 77 4802
10 82 3210
10 83 5599
10 84 9812
10 86 7818
10 87 9798
10 94 1522
10 98 6353
10 101 260
10 109 8971
10 111 2748
10 116 6053
10 117 2672
10 118 6978
10 120 8139
10 121 638
10 126 1338
10 127 1596
10 130 8368
10 131 3613
10 136 6368
10 147 7654
10 150 4411
10 151 8066
10 153 350
10 169 4615
10 171 2436
10 172 8841
10 174 5559
10 179 2847
10 182 1200
11 15 3545
11 31 6568
11 32 8866
11 33 7915
11 36 8559
11 41 1701
11 43 6997
11 51 9021
11 54 2701
11 60 2464
11 63 4826
11 64 7499
11 71 6158
11 75 6460
11 76 7353
11 81 7266
11 82 1052
11 87 7522
11 97 9043
11 101 9006
11 115 2854
11 119 3741
11 121 5839
11 122 1543
11 125 412
11 128 5691
11 133 312
11 135 362
11 138 5187
11 139 7519
11 140 3396
11 144 2651
11 148 3879
11 150 5452
11 158 6269
11 163 9494
11 164 7226
12 17 3993
12 19 613
12 21 4358
12 23 5221
12 27 5380
12 35 3475
12 36 1746
12 37 7139
12 38 1913
12 39 1811
12 42 3012
12 47 4148
12 52 6963
12 54 6895
12 60 5947
12 64 3858
12 66 7257
12 68 2627
12 69 356
12 72 6842
12 75 1401
12 79 3055
12 86 3023
12 106 2045
12 108 2602
12 116 35
12 117 3776
12 126 4159
12 127 6014
12 128 1487
12 137 4553
12 138 4515
12 140 367
12 143 628
12 153 7609
12 156 1553
12 159 2482
12 160 5867
12 163 6321
12 185 4441
13 16 4194
13 19 2300
13 22 5382
13 23 1176
13 25 8215
13 28 1252
13 29 8836
13 30 9648
13 41 7940
13 42 7327
13 48 4038
13 56 631
13 70 387
13 72 760
13 74 4891
13 76 6391
13 79 5645
13 82 108
13 86 2922
13 88 1513
13 93 9690
13 99 43
13 104 4891
13 108 1350
13 115 7502
13 121 5081
13 122 2709
13 123 4060
13 124 7884
13 125 6223
13 132 2068
13 134 7819
13 140 4819
13 142 2639
13 149 9041
13 151 2776
13 152 8061
13 155 6151
13 157 4658
13 172 5253
13 173 7376
13 174 7073
13 177 3559
13 181 2700
13 182 5426
13 183 2173
13 184 6093
14 16 664
14 20 8495
14 23 6251
14 27 6736
14 28 1703
14 30 2311
14 35 8378
14 37 6635
14 47 9869
14 54 5067
14 55 2036
14 57 6465
14 59 6781
14 66 5531
14 69 3981
14 71 4600
14 72 9925
14 73 8806
14 76 4810
14 84 8359
14 87 4146
14 89 6323
14 93 4058
14 96 6819
14 97 6593
14 98 1697
14 111 4645
14 116 897
14 123 8663
14 127 6824
14 128 2485
14 130 8280
14 132 6660
14 134 9511
14 140 4940
14 148 8888
14 151 6333
14 152 4561
14 154 5444
14 168 9189
14 170 251
14 172 5077
14 174 1814
14 177 8250
14 181 2288
14 182 785
15 16 2956
15 19 9797
15 20 4765
15 23 7378
15 24 5340
15 29 2432
15 31 1092
15 33 9155
15 34 80
15 36 2479
15 38 3833
15 44 1134
15 47 5041
15 50 8515
15 64 9292
15 68 102
15 75 7540
15 82 6347
15 83 9631
15 84 3528
15 86 4813
15 87 3999
15 90 8920
15 97 9899
15 100 9314
15 101 5386
15 102 3032
15 103 4470
15 104 2476
15 114 6527
15 124 954
15 126 5771
15 129 7163
15 132 3767
15 133 8435
15 135 8823
15 139 6425
15 147 5972
15 151 3256
15 152 5138
15 161 8348
15 166 4746
15 173 3198
15 174 5678
15 179 6100
15 182 3650
15 184 7982
16 20 9951
16 22 4964
16 24 3229
16 25 2817
16 28 1895
16 33 3157
16 34 741
16 43 6893
16 46 9076
16 50 6851
16 55 3929
16 58 8592
16 62 2613
16 64 3144
16 74 8579
16 77 525
16 82 4561
16 83 9699
16 93 117
16 98 5455
16 100 5851
16 113 6417
16 114 6316
16 117 4065
16 120 1658
16 122 2935
16 127 2413
16 137 4447
16 143 3173
16 148 3600
16 152 2167
16 154 3268
16 164 5054
16 165 4448
16 173 6712
16 177 6843
16 178 6048
16 179 9329
16 182 9364
16 184 7673
17 20 2967
17 22 7025
17 31 6118
17 37 3926
17 38 9378
17 48 5445
17 53 2325
17 55 6984
17 63 6575
17 69 9471
17 78 3925
17 85 2707
17 89 697
17 93 376
17 95 2925
17 96 4015
17 97 2551
17 111 5803
17 113 4434
17 115 8506
17 120 5739
17 123 1187
17 129 557
17 132 1119
17 136 4875
17 142 5942
17 146 5469
17 148 8204
17 153 253
17 158 2384
17 159 1442
17 161 8715
17 164 8029
17 168 2932
17 171 1631
17 176 3899
17 177 7787
17 179 3884
17 180 7319
17 182 1622
17 185 1863
18 19 6142
18 22 5019
18 23 1269
18 25 6170
18 31 4716
18 35 7945
18 40 5985
18 42 9875
18 51 2813
18 59 8425
18 61 9125
18 64 5442
18 67 1081
18 68 6944
18 70 7676
18 77 8478
18 87 3131
18 88 5601
18 90 7014
18 104 6902
18 105 6232
18 107 5367
18 111 1079
18 119 8439
18 121 3358
18 124 7214
18 130 9225
18 131 8427
18 142 4427
18 143 9269
18 145 9215
18 150 8553
18 151 2271
18 153 6660
18 160 6966
18 164 8262
18 169 3292
18 172 7634
18 176 1838
18 179 8960
18 183 4831
18 184 9694
19 21 8269
19 35 8575
19 36 8201
19 42 5432
19 56 4491
19 60 254
19 62 2837
19 81 1212
19 88 6365
19 90 9336
19 93 692
19 98 9313
19 103 2642
19 104 6492
19 106 7658
19 113 7609
19 115 2766
19 122 2804
19 123 3718
19 125 7796
19 129 5277
19 134 9126
19 136 7804
19 141 785
19 146 8180
19 150 6373
19 159 2533
19 160 117
19 169 5917
19 170 402
19 171 3146
19 172 5691
19 180 259
19 182 991
20 27 3968
20 28 6624
20 33 608
20 36 5075
20 39 7427
20 41 4378
20 42 5684
20 45 4216
20 51 9928
20 54 374
20 58 8995
20 60 1360
20 63 6579
20 69 6816
20 76 4533
20 82 8092
20 83 5175
20 85 3179
20 87 8847
20 92 1952
20 94 4822
20 100 2494
20 103 1403
20 108 3041
20 109 1546
20 110 9576
20 112 8963
20 121 2997
20 125 463
20 131 1912
20 133 1514
20 134 460
20 137 8971
20 140 9080
20 141 6050
20 146 8813
20 154 9301
20 159 6235
20 165 9648
20 175 7136
20 182 3776
21 28 5419
21 29 7910
21 31 6919
21 33 3118
21 38 9918
21 49 1400
21 51 9507
21 58 9603
21 59 5554
21 60 6230
21 61 3944
21 62 1402
21 66 7456
21 71 3983
21 73 7861
21 85 4705
21 90 8062
21 96 6857
21 98 8041
21 100 7078
21 101 8934
21 103 1491
21 104 1894
21 107 3129
21 109 8189
21 113 4004
21 118 8955
21 119 8214
21 120 3138
21 121 8701
21 122 6294
21 127 1556
21 131 609
21 135 4971
21 139 8669
21 144 5522
21 149 6389
21 150 8072
21 151 6974
21 156 6401
21 161 7358
21 163 9224
21 166 4327
21 169 113
21 171 8089
21 172 3082
21 174 1301
21 176 1977
21 178 1285
21 180 7640
21 181 538
21 183 2882
22 24 846
22 31 3777
22 33 5770
22 35 1093
22 38 3089
22 42 6511
22 43 5619
22 48 5152
22 50 9542
22 61 9880
22 70 6552
22 79 7888
22 90 9770
22 94 4436
22 95 8053
22 104 6548
22 105 2687
22 106 1109
22 108 6534
22 109 5385
22 114 95
22 124 7802
22 127 921
22 133 4574
22 136 6920
22 138 1409
22 139 603
22 140 222
22 141 3649
22 142 2952
22 147 6484
22 155 9421
22 156 9572
22 157 3110
22 160 9919
22 161 5600
22 164 4083
22 175 9240
22 178 4233
22 179 5801
23 24 8017
23 25 1637
23 30 269
23 31 3471
23 34 8269
23 35 43
23 36 9008
23 42 9921
23 56 8318
23 58 1456
23 60 2502
23 63 3440
23 64 3170
23 65 6795
23 66 5181
23 71 6956
23 79 5752
23 82 766
23 84 2417
23 92 9013
23 94 442
23 96 6434
23 97 1685
23 99 2378
23 100 2032
23 107 5677
23 108 4514
23 109 4464
23 112 1194
23 115 4181
23 116 6479
23 118 1825
23 120 4762
23 123 8448
23 124 3573
23 126 3224
23 127 4943
23 130 8581
23 138 9274
23 140 3075
23 151 8234
23 154 5138
23 157 1473
23 160 5348
23 164 6253
23 165 6581
23 167 2858
23 169 8136
23 175 5127
23 183 8760
23 184 5635
23 185 6545
24 25 2426
24 26 4948
24 32 2470
24 33 6551
24 36 4037
24 38 5859
24 43 739
24 46 1130
24 50 7302
24 52 1457
24 54 847
24 56 1323
24 61 6149
24 63 4005
24 70 5635
24 71 7523
24 73 6376
24 76 7917
24 77 1755
24 81 8789
24 82 4179
24 84 8803
24 85 7129
24 86 9504
24 94 6233
24 98 9492
24 100 2007
24 104 124
24 105 3237
24 106 2970
24 110 2248
24 112 5450
24 113 5482
24 114 3305
24 117 9149
24 124 9678
24 129 4772
24 130 6774
24 131 5516
24 135 2656
24 139 9424
24 148 4011
24 152 9328
24 154 561
24 155 5349
24 159 5670
24 160 1678
24 167 444
24 168 9168
24 171 1468
24 172 6876
24 177 2591
24 182 7207
25 27 9670
25 35 6854
25 37 4236
25 42 6246
25 45 3424
25 46 4733
25 50 8933
25 53 8163
25 55 9710
25 56 7446
25 65 8846
25 66 7256
25 68 1977
25 73 9850
25 75 3195
25 78 4264
25 82 2593
25 84 7805
25 88 5680
25 90 1817
25 91 9572
25 94 6509
25 106 6227
25 112 8413
25 118 485
25 120 1700
25 127 1248
25 130 7952
25 140 7247
25 155 8788
25 161 9256
25 168 2104
25 170 3864
25 174 8399
25 181 5089
26 27 2503
26 28 3227
26 31 3354
26 35 1794
26 36 184
26 37 1130
26 39 5557
26 42 885
26 44 3050
26 45 2652
26 46 4201
26 51 1898
26 52 4071
26 57 5252
26 67 5761
26 70 4218
26 71 459
26 73 8416
26 74 7730
26 79 3147
26 81 9151
26 91 1330
26 100 7877
26 117 6547
26 119 8772
26 120 4632
26 128 6560
26 131 9602
26 140 1469
26 142 8567
26 143 1989
26 148 2930
26 151 106
26 155 8989
26 157 985
26 163 7272
26 166 8031
26 175 8701
26 179 2947
26 183 747
26 184 5662
27 30 3283
27 37 3448
27 39 326
27 41 3082
27 42 7326
27 53 7823
27 62 5255
27 63 5236
27 66 9024
27 69 1834
27 72 2087
27 74 9139
27 77 4918
27 92 486
27 100 3214
27 101 8685
27 102 5778
27 107 6859
27 113 1312
27 119 9992
27 122 7502
27 123 1359
27 126 90
27 129 2432
27 132 975
27 133 2654
27 136 1756
27 137 1224
27 142 9406
27 151 1273
27 152 4470
27 160 1779
27 162 3881
27 164 6752
27 166 98
27 167 57
27 169 1705
27 173 511
27 174 6343
27 177 832
27 180 5627
27 181 3103
27 184 2735
27 185 1868
28 29 1172
28 40 3547
28 44 6602
28 49 9583
28 60 4074
28 65 9015
28 66 3803
28 68 8812
28 69 6722
28 70 548
28 75 9174
28 79 9560
28 85 3936
28 86 8067
28 87 9317
28 89 3503
28 100 705
28 102 9232
28 107 4881
28 108 9229
28 111 8173
28 113 1287
28 131 6895
28 133 2541
28 142 2229
28 144 9455
28 149 5828
28 151 1115
28 157 8115
28 159 4792
28 163 8860
28 164 474
28 169 1604
28 174 8955
28 180 3703
29 33 1339
29 43 3972
29 49 630
29 50 7780
29 52 542
29 54 5755
29 57 8604
29 59 8579
29 62 9206
29 67 2417
29 71 7614
29 72 7987
29 83 4459
29 85 4208
29 89 9052
29 90 6981
29 91 5605
29 95 1461
29 96 1021
29 98 8045
29 107 8964
29 109 1731
29 110 1113
29 115 2424
29 119 4927
29 125 4593
29 126 8927
29 127 4861
29 134 4295
29 137 5458
29 154 8628
29 156 5941
29 161 6494
29 163 3219
29 176 3648
29 179 616
30 37 3175
30 38 2242
30 53 2395
30 56 8096
30 58 6248
30 59 5349
30 66 5974
30 69 6589
30 70 9957
30 76 3508
30 77 4273
30 80 9768
30 88 9663
30 89 4556
30 95 4465
30 104 7326
30 116 3736
30 122 4873
30 124 4584
30 132 4948
30 134 4733
30 136 6646
30 140 6113
30 145 2315
30 153 497
30 155 6121
30 156 3330
30 157 2949
30 170 9156
30 174 4705
30 177 7164
30 183 9160
31 32 5712
31 42 4555
31 46 7732
31 48 5966
31 52 2711
31 57 5007
31 58 6377
31 61 6935
31 64 3390
31 65 2489
31 68 2624
31 70 8041
31 74 7539
31 79 2134
31 84 3505
31 85 3776
31 87 1907
31 96 7762
31 102 2271
31 107 1940
31 111 9580
31 114 9505
31 115 5959
31 117 6715
31 123 3652
31 126 690
31 127 9003
31 132 7509
31 142 4576
31 145 4085
31 148 3306
31 153 3423
31 155 9520
31 159 8046
31 161 6422
31 162 8038
31 165 5285
31 166 8142
31 176 1362
31 178 9162
31 179 9442
31 180 392
31 184 2686
32 34 5313
32 35 6751
32 36 4432
32 45 8174
32 46 5240
32 47 281
32 53 4832
32 55 2400
32 57 8831
32 67 1430
32 68 2434
32 69 3003
32 73 2696
32 74 8164
32 76 8560
32 80 8364
32 97 1197
32 104 5632
32 107 3495
32 108 9249
32 111 866
32 113 2621
32 116 1841
32 123 902
32 125 5013
32 126 4111
32 128 2627
32 130 9440
32 131 595
32 132 5014
32 135 1202
32 136 7961
32 141 1069
32 142 469
32 147 6431
32 149 8438
32 152 1681
32 154 5879
32 156 1201
32 159 4351
32 163 3051
32 165 5565
32 171 9068
32 172 5901
32 175 8338
32 177 841
32 178 6984
32 180 4252
32 182 1846
33 37 2999
33 39 7495
33 40 8355
33 41 5751
33 47 1847
33 50 4996
33 53 5953
33 55 9568
33 61 575
33 65 7936
33 71 2119
33 72 1999
33 78 2204
33 83 3822
33 95 7710
33 96 6857
33 97 2043
33 99 132
33 102 6725
33 105 6562
33 106 9874
33 113 6666
33 114 7025
33 116 2405
33 117 9655
33 129 7845
33 138 2523
33 150 5409
33 154 7305
33 156 5517
33 160 5397
33 163 8677
33 164 6281
33 168 3732
33 178 4
33 180 6753
33 183 3159
34 35 5174
34 44 4488
34 49 9205
34 52 9632
34 55 8569
34 58 8654
34 68 7170
34 70 2479
34 83 845
34 84 914
34 85 3280
34 87 1834
34 92 3946
34 94 8809
34 96 5508
34 97 7012
34 103 2614
34 106 9809
34 111 2882
34 115 7359
34 117 3820
34 118 9694
34 119 3610
34 124 9589
34 132 743
34 135 664
34 139 8551
34 147 8685
34 151 4484
34 152 8925
34 154 3742
34 156 8903
34 157 9200
34 161 9945
34 165 9283
34 166 2126
34 168 7180
34 169 2799
34 172 4467
35 43 8758
35 44 3936
35 50 7624
35 52 9424
35 56 8963
35 59 8512
35 63 7594
35 65 4615
35 66 5417
35 81 9511
35 89 3795
35 93 2015
35 95 4767
35 97 3404
35 101 6478
35 102 5350
35 104 250
35 106 1121
35 108 1769
35 112 3759
35 115 2614
35 117 6330
35 129 905
35 133 8589
35 146 4771
35 147 2546
35 152 2050
35 154 2719
35 155 3244
35 156 2998
35 160 7844
35 161 1421
35 162 2541
35 165 6858
35 173 3737
35 174 4317
35 175 7603
35 177 1478
35 178 3271
35 181 9702
35 182 3174
36 38 4754
36 41 2206
36 44 5929
36 46 1715
36 47 1846
36 52 747
36 53 5209
36 55 6750
36 68 6089
36 73 6408
36 75 4303
36 82 6453
36 89 9336
36 92 8560
36 93 1174
36 101 1761
36 108 5172
36 112 1073
36 113 4065
36 114 9686
36 122 5483
36 124 7935
36 132 9359
36 136 9712
36 148 1822
36 152 4285
36 153 3753
36 154 3186
36 155 2196
36 159 5693
36 164 7089
36 167 7936
36 170 2374
36 174 5171
36 175 4504
37 43 6271
37 44 7672
37 52 5578
37 58 796
37 63 3081
37 68 8954
37 70 6805
37 72 4499
37 74 1550
37 77 6343
37 78 4180
37 81 3639
37 82 1919
37 86 1261
37 96 4619
37 108 5192
37 114 5816
37 115 1465
37 116 2525
37 122 8489
37 128 6815
37 147 8828
37 155 1449
37 160 4937
37 163 9217
37 166 1661
37 179 3779
37 182 4528
37 185 9059
38 39 656
38 41 6422
38 45 7024
38 51 7924
38 54 3973
38 56 1545
38 59 740
38 61 8254
38 64 2577
38 77 4545
38 79 1165
38 81 6157
38 82 9661
38 86 6787
38 89 441
38 95 7642
38 115 6836
38 118 9049
38 124 2620
38 127 9283
38 134 5245
38 143 417
38 144 5228
38 147 3586
38 157 3763
38 159 8798
38 160 5043
38 162 5928
38 166 1731
38 174 1020
38 179 386
39 45 6792
39 47 729
39 58 1358
39 59 7256
39 60 5772
39 70 70
39 71 1889
39 74 6424
39 75 4174
39 80 2811
39 82 8703
39 88 305
39 92 1989
39 94 2132
39 100 7761
39 105 9383
39 107 3087
39 111 5757
39 113 1683
39 116 5861
39 117 3608
39 118 5198
39 126 5059
39 127 825
39 130 2807
39 131 1940
39 132 3160
39 133 3912
39 134 6483
39 138 1788
39 140 7037
39 143 1066
39 144 7923
39 152 8699
39 155 628
39 159 2838
39 161 4992
39 163 774
39 166 6932
39 171 3103
39 172 9595
39 173 6346
39 177 5074
39 183 5936
40 46 4578
40 49 4057
40 51 1459
40 52 8306
40 57 2508
40 59 389
40 68 8868
40 69 7035
40 75 7161
40 76 3480
40 80 2709
40 81 4622
40 83 8962
40 88 5059
40 102 8185
40 103 9006
40 105 2210
40 113 7282
40 115 9411
40 124 1403
40 125 3695
40 129 962
40 131 9013
40 133 682
40 134 1782
40 137 9855
40 139 2570
40 142 4875
40 143 5236
40 146 8420
40 147 1217
40 148 8917
40 149 5699
40 152 8126
40 157 6578
40 158 4324
40 162 2918
40 164 9849
40 166 1504
40 167 5660
40 173 180
40 174 9800
40 176 5867
40 180 137
40 185 5652
41 60 100
41 65 1940
41 68 4064
41 74 759
41 83 8175
41 88 7320
41 91 1459
41 92 8631
41 97 2008
41 99 2132
41 107 168
41 113 628
41 116 9415
41 117 9433
41 119 3791
41 120 3246
41 129 5812
41 139 150
41 144 8893
41 154 6001
41 155 1420
41 165 5535
41 169 8391
41 172 6124
41 173 3416
41 175 4433
41 177 5430
41 179 2126
41 183 817
42 49 9182
42 50 525
42 66 9441
42 73 183
42 74 9567
42 75 8667
42 82 4386
42 86 1435
42 89 4640
42 94 117
42 97 6267
42 101 9518
42 103 6268
42 105 6851
42 113 6620
42 118 3
42 122 823
42 123 9753
42 124 6613
42 125 9838
42 129 4535
42 131 2046
42 135 3964
42 138 6575
42 151 7269
42 153 7505
42 166 8449
42 178 5579
42 180 9626
42 182 6427
42 183 7511
43 58 1382
43 70 5967
43 81 6722
43 85 9269
43 86 2871
43 89 8183
43 93 5562
43 96 5116
43 99 8427
43 102 2276
43 111 4813
43 119 9539
43 123 9244
43 129 2988
43 131 1980
43 139 7724
43 140 6233
43 142 2414
43 145 8010
43 147 2865
43 150 2243
43 160 8642
43 163 3332
43 168 5198
43 170 1033
43 173 9384
43 174 7666
43 176 8156
43 180 9583
43 181 6508
43 183 7401
44 45 1140
44 51 8052
44 52 7987
44 59 6970
44 60 3486
44 63 9958
44 68 3252
44 69 2069
44 80 3950
44 86 8852
44 94 7674
44 100 7340
44 101 1690
44 102 4086
44 109 6994
44 113 1345
44 120 9895
44 123 8865
44 130 4557
44 142 4556
44 147 8854
44 152 5191
44 156 5824
44 158 2994
44 159 9264
44 163 1196
44 167 3353
44 170 7704
44 176 1955
44 179 9366
44 184 5672
45 47 4859
45 49 7400
45 51 9278
45 55 3299
45 59 2510
45 60 1978
45 63 2250
45 66 6783
45 69 6265
45 71 7525
45 72 8292
45 75 3615
45 77 6873
45 84 5833
45 85 5169
45 100 8576
45 101 5783
45 102 8632
45 103 8575
45 105 9233
45 108 707
45 117 996
45 122 9122
45 123 8456
45 126 1243
45 127 7804
45 131 2560
45 139 3012
45 148 171
45 152 6429
45 157 9422
45 158 7607
45 161 4325
45 162 5601
45 163 8095
45 164 558
45 166 4029
45 168 8610
45 170 3959
45 171 5416
45 175 2579
45 177 1096
46 48 3778
46 49 154
46 51 1007
46 56 7457
46 61 6298
46 62 7335
46 64 5849
46 77 7457
46 80 6852
46 81 9163
46 86 7336
46 94 2395
46 100 7053
46 101 841
46 102 2021
46 103 8301
46 110 3454
46 115 3397
46 122 3061
46 124 7131
46 132 5149
46 134 3318
46 140 6790
46 146 4304
46 147 7354
46 153 8536
46 156 7953
46 159 4699
46 160 9857
46 165 2419
46 171 5999
46 172 4166
46 175 3719
47 50 4994
47 51 1508
47 52 5780
47 55 6810
47 66 6030
47 75 4410
47 79 2333
47 80 822
47 82 9415
47 83 9466
47 84 8675
47 86 6212
47 92 6922
47 94 5069
47 97 2553
47 99 9665
47 112 8072
47 113 3846
47 117 7487
47 126 2127
47 128 7500
47 130 7410
47 133 3098
47 138 5767
47 144 768
47 147 3756
47 148 6356
47 163 6231
47 167 6344
47 168 4813
47 171 3794
47 182 4352
47 183 5930
48 50 7459
48 56 515
48 58 4161
48 59 3036
48 63 9765
48 64 2958
48 67 9772
48 72 7642
48 78 8761
48 99 9227
48 101 6350
48 110 2579
48 115 8080
48 121 8175
48 122 7195
48 123 6147
48 124 4465
48 127 2077
48 132 5446
48 133 8472
48 160 8701
48 163 9023
48 164 7149
48 165 7476
48 177 2329
48 181 8094
48 184 3866
48 185 2744
49 53 2262
49 54 8553
49 56 778
49 65 8642
49 67 1377
49 68 8821
49 78 3779
49 81 8298
49 82 6018
49 84 6087
49 86 8223
49 87 769
49 91 2580
49 92 6641
49 96 4852
49 98 8026
49 99 6716
49 102 2421
49 105 6307
49 106 6363
49 122 4017
49 125 3317
49 128 903
49 130 6704
49 135 7610
49 136 6538
49 138 1626
49 144 8474
49 153 2593
49 154 8094
49 155 2329
49 159 5182
49 162 1104
49 165 8859
49 167 6255
49 171 6454
49 175 486
49 182 5960
49 184 4891
49 185 9823
50 57 4873
50 59 4967
50 64 7585
50 69 7941
50 73 2498
50 76 2746
50 78 5846
50 81 462
50 84 7353
50 92 6380
50 97 286
50 106 9506
50 107 6214
50 116 1207
50 119 6708
50 121 3476
50 122 6294
50 137 8267
50 138 2314
50 140 8941
50 143 5299
50 146 9866
50 147 1035
50 151 2130
50 153 5945
50 155 5684
50 156 9191
50 157 1858
50 159 7200
50 161 6551
50 162 3989
50 164 7337
50 172 5221
50 176 6185
50 177 1981
50 180 7605
50 185 7229
51 58 3472
51 59 2953
51 60 480
51 63 5930
51 64 2646
51 65 9605
51 66 6715
51 74 5914
51 77 1964
51 79 622
51 84 8703
51 86 2485
51 91 4757
51 97 934
51 100 3321
51 101 1981
51 102 1178
51 105 614
51 115 7736
51 116 2049
51 118 9498
51 121 4680
51 122 6756
51 130 5608
51 136 8520
51 142 5430
51 148 5623
51 151 1564
51 159 5346
51 166 2572
51 170 1025
51 180 9148
52 62 2563
52 63 4475
52 67 2124
52 68 5985
52 71 5339
52 79 1664
52 80 1130
52 84 1270
52 85 2573
52 87 3464
52 89 5629
52 90 3185
52 95 5211
52 97 5470
52 109 9913
52 110 3547
52 113 2812
52 116 6575
52 117 5941
52 118 7540
52 120 9722
52 126 1564
52 130 6083
52 138 6313
52 139 9739
52 151 407
52 154 5982
52 157 2546
52 161 7689
52 162 8810
52 164 2210
52 173 1848
52 181 8897
52 182 5914
53 58 5359
53 61 8172
53 67 4288
53 72 4646
53 86 7249
53 89 9872
53 92 1120
53 100 7606
53 108 8946
53 110 9334
53 112 9107
53 118 6196
53 122 3270
53 128 2434
53 132 7430
53 136 4572
53 137 6310
53 143 3791
53 146 5944
53 149 8214
53 151 4686
53 155 7205
53 161 5584
53 164 3530
53 170 7951
53 173 4308
53 174 4953
53 182 6046
54 56 8892
54 59 8002
54 71 3401
54 72 3171
54 76 3584
54 88 1762
54 90 9528
54 91 505
54 92 9973
54 93 9677
54 94 5243
54 99 5833
54 100 4489
54 103 983
54 115 2340
54 116 4314
54 119 3772
54 124 61
54 132 1704
54 133 7694
54 141 4818
54 144 8317
54 145 8335
54 151 8255
54 154 3677
54 159 1339
54 166 5871
54 170 8096
54 171 9625
54 172 8434
54 173 7184
54 178 1678
54 179 774
55 58 6875
55 60 3128
55 61 7071
55 71 5044
55 72 5037
55 73 2924
55 74 7887
55 86 9570
55 87 1836
55 90 4538
55 94 5273
55 95 4082
55 100 2217
55 103 5460
55 108 109
55 114 2663
55 115 5556
55 118 7470
55 121 6796
55 122 1670
55 124 4717
55 125 5205
55 145 7712
55 148 3424
55 151 5006
55 156 7596
55 157 820
55 159 9990
55 167 7912
55 170 9248
55 171 9268
55 174 9300
55 177 7342
56 65 7131
56 74 3445
56 79 8931
56 82 1321
56 84 8097
56 85 2613
56 90 8318
56 91 6517
56 101 68
56 102 4666
56 125 2269
56 134 6333
56 150 361
56 151 4348
56 153 8598
56 164 885
56 166 449
56 169 1833
56 174 7057
56 176 3255
56 178 4183
56 179 5678
56 181 6159
57 66 35
57 68 7932
57 78 8888
57 84 3882
57 86 6252
57 91 8933
57 94 1250
57 100 286
57 101 1124
57 109 7883
57 110 777
57 123 3865
57 129 1865
57 134 8184
57 138 4588
57 144 7687
57 152 3364
57 154 3279
57 157 7247
57 158 7776
57 169 3166
57 171 8821
57 174 1973
57 175 7671
57 178 6863
57 180 8475
57 183 2635
57 184 6797
57 185 8541
58 65 3075
58 72 325
58 73 1552
58 75 2316
58 82 4480
58 85 5008
58 89 6040
58 90 7215
58 95 9392
58 100 1178
58 110 5844
58 119 5103
58 121 3810
58 123 7140
58 124 1908
58 130 868
58 131 350
58 139 9876
58 143 4331
58 145 7536
58 150 5873
58 153 8204
58 159 5414
58 160 2809
58 167 9446
58 170 3236
58 174 3440
58 175 6252
58 176 4221
58 180 4196
58 181 4770
58 182 6074
59 66 8872
59 67 8513
59 77 9048
59 78 5724
59 82 2988
59 84 9793
59 86 5316
59 91 9374
59 95 7565
59 97 3932
59 106 696
59 107 114
59 108 7034
59 111 9755
59 117 9267
59 127 1243
59 132 8479
59 135 5747
59 143 4930
59 145 7497
59 155 2509
59 166 7803
59 169 2477
59 170 9191
59 174 6601
59 177 4518
59 179 5261
59 183 2676
60 61 7658
60 64 3251
60 66 5182
60 69 4038
60 76 652
60 88 2313
60 90 8278
60 96 6447
60 97 6245
60 106 718
60 107 1896
60 109 9100
60 112 9419
60 115 441
60 123 9994
60 134 7497
60 135 3832
60 137 5601
60 149 2374
60 151 9987
60 157 7095
60 163 3631
60 174 8899
60 177 231
60 179 3778
60 182 1635
61 64 5598
61 66 5675
61 69 4824
61 80 3025
61 81 7550
61 88 3006
61 91 6194
61 104 1397
61 105 5415
61 107 6080
61 108 1316
61 117 1421
61 120 8126
61 123 8835
61 124 1496
61 130 9621
61 134 992
61 144 6088
61 148 950
61 151 2523
61 153 6090
61 154 2969
61 155 7414
61 160 958
61 162 350
61 168 8284
61 174 3061
61 179 2199
61 185 2521
62 63 568
62 67 2466
62 70 1339
62 74 4658
62 76 7781
62 81 368
62 85 17
62 89 4615
62 95 3454
62 104 7688
62 105 1992
62 108 2199
62 112 5965
62 117 8422
62 124 7746
62 129 5495
62 133 585
62 136 8471
62 139 9349
62 144 1285
62 145 5248
62 154 9336
62 156 4788
62 162 1816
62 184 1753
63 65 8838
63 66 7718
63 67 4624
63 69 1929
63 71 7197
63 83 9593
63 84 6000
63 85 2696
63 87 5203
63 89 6824
63 94 6878
63 97 8501
63 99 4090
63 100 4212
63 101 2835
63 102 7457
63 116 6618
63 122 4486
63 126 9716
63 127 2621
63 132 1362
63 134 4717
63 146 871
63 150 4995
63 151 8364
63 157 906
63 158 6164
63 159 9149
63 161 5054
63 163 1109
63 178 1309
63 179 6479
63 181 2981
64 68 7822
64 71 859
64 76 1110
64 77 3168
64 88 148
64 96 1259
64 97 6679
64 100 3608
64 103 9011
64 104 5040
64 105 434
64 107 8583
64 109 6193
64 110 9005
64 111 850
64 112 4787
64 113 5810
64 141 8617
64 143 2437
64 148 6362
64 150 692
64 152 2466
64 158 8643
64 161 8228
64 169 7746
64 176 7281
64 178 1827
64 180 7695
64 184 4450
65 68 4531
65 73 9654
65 76 6582
65 77 4129
65 79 6702
65 81 1580
65 82 7846
65 89 1807
65 90 9581
65 98 5895
65 99 9555
65 103 9205
65 109 488
65 110 6615
65 125 4060
65 127 7863
65 131 5299
65 134 1057
65 135 2964
65 142 8773
65 148 5085
65 149 2784
65 150 7902
65 155 741
65 156 3649
65 159 15
65 163 8127
65 181 3355
65 184 759
65 185 2642
66 72 7168
66 76 5287
66 83 2537
66 87 8847
66 89 2512
66 92 4754
66 93 4706
66 100 3091
66 101 1072
66 109 7698
66 111 8168
66 117 4090
66 120 7258
66 126 5909
66 130 1374
66 137 6002
66 140 3648
66 142 6583
66 145 8448
66 147 2361
66 149 4639
66 151 3757
66 152 3022
66 154 1713
66 160 2609
66 161 6784
66 163 6644
66 169 810
66 179 7546
66 180 5412
66 182 9815
66 183 8186
66 184 6885
66 185 1563
67 70 5439
67 78 1664
67 87 4839
67 90 440
67 97 6549
67 99 9200
67 114 7566
67 115 793
67 117 9641
67 118 4850
67 119 8043
67 127 9321
67 139 8339
67 143 8581
67 144 4505
67 158 9021
67 167 8450
67 173 1597
68 70 2170
68 75 9645
68 76 9112
68 77 884
68 84 8892
68 87 3271
68 88 4015
68 93 6125
68 105 907
68 117 7831
68 119 344
68 123 7474
68 130 6476
68 147 1404
68 148 4244
68 152 7153
68 154 1894
68 155 3199
68 157 912
68 163 7751
68 167 3657
68 170 6049
68 176 1529
68 179 244
69 70 6019
69 71 76
69 72 9476
69 79 8435
69 84 9610
69 86 129
69 89 4341
69 91 2149
69 96 529
69 98 8304
69 106 2992
69 114 4406
69 119 6677
69 126 5597
69 132 9657
69 134 1025
69 135 8413
69 142 1621
69 154 9776
69 160 9317
69 161 7040
69 162 9600
69 168 2043
69 169 4271
69 170 6795
69 171 6089
69 174 7641
69 175 7084
69 176 234
69 179 9140
70 72 5566
70 82 3713
70 83 7342
70 85 9249
70 86 5312
70 87 6851
70 98 9745
70 102 5348
70 104 1522
70 110 5665
70 112 6888
70 113 4941
70 124 1329
70 125 6362
70 135 4035
70 137 6065
70 145 5884
70 147 3321
70 148 9951
70 154 8587
70 157 1693
70 162 6122
70 163 4616
70 164 8005
70 167 7217
70 175 605
70 180 668
70 182 5612
70 184 2030
71 75 3518
71 76 3243
71 77 1498
71 79 4093
71 87 7536
71 92 7650
71 95 4107
71 97 8507
71 98 5266
71 101 8142
71 103 5136
71 106 6468
71 109 3830
71 111 569
71 116 8146
71 117 9341
71 121 3403
71 125 2271
71 130 3295
71 133 2631
71 140 8504
71 141 5897
71 143 3274
71 145 8269
71 147 7751
71 151 3769
71 154 5597
71 158 6161
71 159 3129
71 160 9762
71 162 6214
71 172 7108
71 176 7234
71 179 682
71 180 1114
72 74 192
72 75 2505
72 77 3220
72 81 4632
72 82 757
72 86 5446
72 87 4815
72 89 1558
72 94 7531
72 96 6421
72 99 4857
72 101 2691
72 104 2536
72 113 4528
72 123 1060
72 124 2314
72 127 1364
72 132 6643
72 135 3465
72 138 266
72 140 3622
72 142 3109
72 145 3549
72 148 7791
72 152 3445
72 161 2093
72 164 8541
72 166 6225
72 173 7367
72 174 9801
72 177 5195
72 180 225
72 181 7784
72 182 6910
72 184 8137
72 185 6004
73 74 6243
73 78 2321
73 83 8866
73 85 8377
73 89 2481
73 102 654
73 108 3672
73 112 8336
73 114 760
73 122 6740
73 126 7752
73 130 5607
73 134 4074
73 136 7034
73 138 456
73 142 1697
73 151 9540
73 153 4366
73 164 6712
73 168 5394
73 169 3571
73 176 734
73 184 2777
74 76 3793
74 79 1194
74 81 7137
74 84 2318
74 86 618
74 89 3327
74 94 7502
74 95 8915
74 96 7369
74 97 4833
74 98 6158
74 103 5379
74 105 769
74 109 4561
74 110 5864
74 111 4336
74 112 4806
74 114 6451
74 122 9570
74 134 1663
74 135 2394
74 136 5483
74 137 653
74 138 8418
74 141 7472
74 143 4348
74 156 6225
74 158 3406
74 164 198
74 167 3539
74 175 3190
74 184 7520
75 78 2138
75 80 6181
75 82 2508
75 89 382
75 95 6543
75 106 6582
75 107 7600
75 109 973
75 110 9930
75 114 1084
75 120 8282
75 123 7873
75 129 4132
75 134 9008
75 146 4137
75 147 2174
75 149 4365
75 151 7749
75 152 9168
75 153 9699
75 154 8434
75 157 3568
75 158 7901
75 159 624
75 166 8614
75 174 8542
75 181 2011
75 185 1961
76 82 5114
76 92 918
76 96 3884
76 99 9935
76 101 1191
76 107 9466
76 108 9516
76 109 9820
76 112 3437
76 113 4965
76 118 2651
76 127 5348
76 128 3306
76 131 2967
76 138 7052
76 145 4715
76 146 3917
76 152 5797
76 157 3867
76 161 3817
76 162 1814
76 166 7364
76 172 5703
76 175 8763
76 176 417
76 184 8499
76 185 4574
77 80 1372
77 89 6264
77 98 6849
77 99 1476
77 100 5359
77 107 9830
77 113 1406
77 116 8603
77 122 1212
77 123 9031
77 124 370
77 128 2228
77 131 2000
77 132 8031
77 145 5767
77 147 6526
77 151 7048
77 154 9171
77 155 1311
77 157 2938
77 169 6747
77 170 2559
77 172 5344
77 180 8008
77 181 2761
77 182 7541
77 185 8568
78 80 8051
78 83 4329
78 86 479
78 91 3241
78 93 9449
78 96 8959
78 97 454
78 105 6341
78 106 8538
78 113 6231
78 118 4584
78 121 3500
78 124 701
78 127 1915
78 130 8093
78 132 9236
78 135 6398
78 144 9528
78 146 7200
78 156 3951
78 158 7205
78 163 9483
78 164 4222
78 165 9179
78 169 4847
79 86 5879
79 89 6576
79 102 5429
79 104 221
79 107 8583
79 109 2406
79 114 9219
79 117 6277
79 119 2689
79 120 7621
79 123 2016
79 124 759
79 133 7838
79 135 9073
79 141 9775
79 143 888
79 151 6149
79 153 6094
79 154 8750
79 156 6345
79 160 7704
79 167 8869
79 168 1653
79 170 8379
79 179 5220
79 185 7106
80 86 2521
80 93 3063
80 95 1079
80 102 2920
80 105 2413
80 108 9664
80 109 5531
80 113 5988
80 120 9448
80 121 9474
80 123 1521
80 125 263
80 130 4975
80 131 717
80 139 1973
80 142 9292
80 149 2718
80 159 5730
80 162 662
80 165 3818
80 172 8834
80 173 5237
80 178 7856
81 82 696
81 83 7654
81 86 871
81 88 2922
81 100 5111
81 101 1925
81 102 5382
81 103 2785
81 106 9755
81 109 2592
81 120 1085
81 132 3509
81 133 3211
81 140 1542
81 143 7205
81 145 39
81 147 1521
81 149 3197
81 150 2814
81 156 1441
81 157 1910
81 158 4737
81 162 8850
81 170 2743
81 175 6219
81 179 994
81 180 680
81 182 6585
82 84 9388
82 86 5670
82 90 4903
82 92 6680
82 95 1179
82 101 9210
82 110 3366
82 121 345
82 126 617
82 130 1445
82 131 7098
82 134 2025
82 135 3473
82 136 2545
82 138 20
82 139 1936
82 145 6824
82 151 630
82 163 4034
82 164 9436
82 169 3513
82 170 4140
82 171 2325
82 175 8826
82 179 8545
83 87 660
83 91 4213
83 101 9993
83 112 6561
83 116 5225
83 120 4878
83 121 5918
83 122 7243
83 124 7265
83 128 6570
83 130 6151
83 134 4655
83 136 3820
83 137 8895
83 142 2916
83 146 8180
83 147 7724
83 148 4453
83 150 5854
83 158 8370
83 162 775
83 168 6582
83 169 1002
83 173 2202
83 176 1727
83 185 5839
84 86 1414
84 93 446
84 97 8962
84 100 7584
84 101 7457
84 116 2128
84 128 4178
84 130 6999
84 137 5610
84 140 9689
84 141 8271
84 142 6374
84 151 3674
84 154 5844
84 158 4231
84 160 6085
84 163 4334
84 165 9090
84 171 4418
85 87 8988
85 96 1584
85 100 2705
85 103 6522
85 109 5956
85 110 8846
85 116 8705
85 119 3852
85 120 3414
85 142 5958
85 144 5111
85 146 52
85 149 7709
85 150 5665
85 155 6664
85 156 4523
85 161 516
85 167 523
85 170 2539
85 174 9106
85 184 9473
86 92 8299
86 95 2854
86 98 4012
86 103 9562
86 104 291
86 105 8273
86 114 7440
86 116 520
86 117 118
86 143 4125
86 155 8026
86 159 6922
86 165 9801
86 170 1416
86 176 5626
86 181 3500
86 184 5643
86 185 7592
87 89 6878
87 90 5473
87 100 4223
87 101 7270
87 105 736
87 110 3328
87 113 5868
87 115 1925
87 117 5412
87 121 3683
87 122 3604
87 124 6813
87 127 4674
87 132 3225
87 137 3263
87 144 6835
87 146 9350
87 147 4351
87 151 7411
87 152 2848
87 153 2561
87 156 6873
87 160 8174
87 166 6358
87 167 761
87 170 8016
87 171 5113
87 172 6927
87 173 6766
87 176 5427
87 181 4579
87 185 9059
88 96 6022
88 103 793
88 110 5341
88 114 6429
88 117 588
88 121 5688
88 127 7371
88 129 7846
88 132 2387
88 135 5082
88 141 7129
88 147 920
88 150 4553
88 151 2040
88 155 591
88 156 9400
88 162 5713
88 169 4195
88 177 7376
88 178 2257
89 90 5562
89 92 5557
89 94 8074
89 100 4927
89 102 380
89 104 7800
89 108 8397
89 110 8594
89 117 9620
89 119 9151
89 126 210
89 127 1192
89 131 5849
89 132 7219
89 135 4474
89 136 8047
89 142 1151
89 147 8029
89 148 9488
89 149 3650
89 156 3276
89 157 5476
89 159 8631
89 161 6724
89 165 8492
89 167 5859
89 169 1687
89 170 8211
89 173 3342
89 179 3698
89 181 418
89 183 8094
89 185 6950
90 91 1689
90 94 1177
90 95 7580
90 103 9691
90 104 6332
90 107 9435
90 108 2371
90 116 6198
90 119 7056
90 121 7828
90 123 9417
90 124 6101
90 126 8483
90 127 3436
90 141 9452
90 144 7926
90 151 9369
90 156 7494
90 157 3183
90 166 2030
90 169 1032
90 175 1217
90 176 3371
90 178 4848
90 183 6615
90 184 6069
91 105 5041
91 110 6420
91 112 8195
91 116 1341
91 123 78
91 126 3169
91 128 1177
91 129 8917
91 131 5193
91 135 7892
91 137 213
91 148 2992
91 152 6809
91 154 4332
91 157 9750
91 161 9896
91 163 7243
91 172 8490
91 177 2817
91 178 9445
92 93 5089
92 99 7704
92 102 6778
92 105 5722
92 109 7932
92 111 3067
92 112 2243
92 121 3354
92 126 3346
92 133 8795
92 136 1082
92 140 21
92 142 335
92 146 7708
92 150 6795
92 153 8995
92 154 849
92 164 7468
92 169 1372
92 170 367
92 180 3148
92 182 7218
93 94 8228
93 101 6046
93 102 3399
93 107 8321
93 109 9636
93 113 2012
93 115 5767
93 116 3810
93 118 1417
93 120 6055
93 125 9246
93 130 1093
93 134 2566
93 136 5766
93 142 6983
93 143 2549
93 146 8104
93 153 7928
93 163 5383
93 164 4445
93 170 8870
93 171 7817
93 174 4812
94 95 2970
94 98 53
94 100 169
94 101 6628
94 107 2259
94 109 9004
94 110 8671
94 112 277
94 115 8020
94 118 1399
94 119 8183
94 120 2051
94 122 1287
94 123 9741
94 125 3685
94 127 1592
94 128 36
94 130 5297
94 131 7812
94 139 373
94 143 1965
94 147 7570
94 148 167
94 152 1628
94 156 1332
94 160 6128
94 166 5261
94 167 6790
94 168 8031
94 173 6313
94 179 469
95 96 6016
95 104 3823
95 107 2193
95 113 2982
95 114 6695
95 118 2969
95 124 2711
95 133 406
95 139 5100
95 146 2919
95 149 5087
95 151 6926
95 155 1066
95 158 2688
95 163 7852
95 174 4086
95 176 8613
95 179 470
95 181 4993
95 182 9753
95 183 2587
95 185 5682
96 99 8747
96 100 4974
96 102 1092
96 114 2052
96 115 6591
96 117 4484
96 125 8063
96 129 3835
96 132 6724
96 139 161
96 140 487
96 153 8178
96 157 1909
96 161 9170
96 162 8442
96 164 8146
96 165 6743
96 166 9429
96 168 6422
96 171 289
96 172 5143
96 176 3317
96 177 1456
96 178 7208
96 180 1076
97 102 9401
97 104 9382
97 108 1756
97 119 7883
97 121 9313
97 123 6149
97 124 2386
97 128 104
97 130 8345
97 133 4598
97 136 837
97 138 9312
97 145 3629
97 146 9218
97 149 3699
97 150 9731
97 151 6030
97 153 8323
97 155 2170
97 159 7257
97 160 2354
97 162 2042
97 170 3866
97 172 1167
97 179 3008
97 183 9767
97 185 7480
98 99 633
98 107 8774
98 110 5732
98 112 4622
98 114 2479
98 116 9993
98 120 6165
98 122 5658
98 140 3215
98 142 4949
98 146 2387
98 152 7755
98 157 7040
98 160 6392
98 165 5350
98 167 4128
98 170 2698
98 173 4920
98 175 5002
98 176 7227
99 103 6461
99 104 4775
99 109 6680
99 116 9999
99 120 7974
99 129 441
99 131 6602
99 141 5647
99 144 6150
99 149 5681
99 151 4421
99 159 3575
99 166 1353
99 169 2161
99 170 7810
99 174 2067
99 175 7509
99 185 720
100 103 2979
100 104 973
100 106 5894
100 108 5265
100 110 6586
100 120 7618
100 121 1655
100 124 7744
100 129 1175
100 142 5566
100 145 8468
100 146 7859
100 154 4375
100 156 1536
100 162 2767
100 164 2130
100 166 1060
100 170 3498
100 177 1981
100 182 7006
100 183 3550
101 104 2811
101 105 3837
101 109 6692
101 110 8569
101 113 3044
101 114 3759
101 120 4933
101 123 5441
101 137 762
101 139 8634
101 140 5336
101 144 8669
101 145 8325
101 161 841
101 178 9216
101 182 9302
102 112 6750
102 113 5079
102 115 2633
102 117 6483
102 122 5420
102 123 921
102 133 6852
102 135 9954
102 142 7046
102 146 5169
102 151 147
102 152 9900
102 153 3095
102 157 4945
102 159 3360
102 163 6050
102 164 7959
102 176 8867
102 178 4182
102 184 5781
102 185 7042
103 114 8455
103 122 3809
103 128 7425
103 129 6940
103 135 173
103 137 9591
103 138 7299
103 145 3024
103 147 2034
103 154 6182
103 157 1722
103 158 9206
103 160 2131
103 166 643
103 170 9151
103 172 4295
103 180 9412
103 182 529
103 184 9109
104 112 4898
104 115 4988
104 126 3339
104 127 8340
104 133 7695
104 135 1993
104 142 3247
104 148 2925
104 150 2290
104 156 3506
104 164 2092
104 168 4416
104 177 9535
105 110 6211
105 112 1690
105 114 8188
105 117 7699
105 119 1431
105 127 6567
105 128 1056
105 142 6514
105 151 1598
105 152 586
105 154 3605
105 162 1906
105 165 2482
105 167 9331
105 175 1664
105 177 9421
105 179 4285
105 181 9951
106 108 9144
106 111 4085
106 115 8111
106 118 138
106 123 8941
106 127 1576
106 135 1424
106 140 9534
106 142 1669
106 145 5122
106 146 7542
106 150 5369
106 152 4522
106 153 9168
106 155 2872
106 156 168
106 157 7149
106 158 1607
106 159 344
106 166 3894
106 168 8886
106 174 9908
106 176 4132
106 177 5642
106 178 3438
106 183 265
107 113 6155
107 120 8388
107 124 1600
107 130 5546
107 140 4226
107 141 7899
107 143 4400
107 146 5042
107 153 6335
107 154 6479
107 159 8563
107 169 1167
107 172 6703
107 177 8211
107 184 3287
108 111 5419
108 112 4000
108 114 5688
108 115 8045
108 120 2459
108 127 1385
108 131 3489
108 137 6038
108 140 543
108 141 9568
108 152 258
108 158 7568
108 160 785
108 162 477
108 164 817
108 173 4119
108 176 8360
108 179 8618
108 183 2872
108 184 5149
109 114 8688
109 116 1324
109 122 5959
109 123 8643
109 126 1967
109 127 2232
109 128 6849
109 137 711
109 143 6950
109 146 3905
109 150 7632
109 154 4619
109 155 2040
109 160 2452
109 161 6829
109 166 6846
109 174 4471
109 176 2167
109 178 423
109 179 6688
109 183 6001
109 184 647
110 122 7387
110 124 1701
110 131 1902
110 134 1548
110 152 7185
110 156 6401
110 160 3379
110 161 1874
110 165 721
110 168 6013
110 170 507
110 177 4975
110 180 9190
110 183 439
111 113 1734
111 114 8598
111 117 5406
111 118 7970
111 123 1047
111 124 8255
111 126 6577
111 130 4273
111 133 989
111 138 1195
111 141 8745
111 142 9074
111 145 2433
111 147 2597
111 156 5133
111 161 215
111 166 6977
111 168 193
111 170 4956
111 172 9618
111 175 6976
111 178 7714
111 179 7223
111 180 7349
112 114 2975
112 121 8165
112 129 3062
112 130 8447
112 135 9249
112 139 7477
112 146 908
112 150 972
112 151 8119
112 153 922
112 156 1334
112 158 6222
112 161 3067
112 166 7451
112 177 6818
112 178 4703
112 180 5954
112 184 1568
113 116 8246
113 117 3708
113 120 9805
113 123 3779
113 131 190
113 138 9282
113 141 6477
113 143 1629
113 144 5526
113 146 8125
113 148 3941
113 150 8847
113 151 594
113 152 2180
113 154 3641
113 155 2494
113 156 870
113 164 6426
113 165 352
113 166 7003
113 167 349
113 174 5219
113 176 2215
113 177 1939
113 178 8914
113 179 6310
113 181 9904
113 182 8852
113 185 1090
114 117 1124
114 124 1708
114 127 8452
114 134 3009
114 136 7076
114 137 2122
114 146 2826
114 156 9988
114 165 3844
114 171 9850
114 172 729
114 181 120
115 116 6724
115 121 6593
115 127 4650
115 130 9500
115 132 2744
115 133 7465
115 136 5708
115 139 5817
115 146 7381
115 147 8027
115 148 2178
115 149 5723
115 150 7047
115 151 2433
115 152 8193
115 153 5106
115 155 8673
115 158 1021
115 171 6926
115 176 824
115 177 1487
115 178 7636
115 183 913
115 185 68
116 124 3068
116 125 3035
116 128 2723
116 133 1245
116 149 3482
116 150 9341
116 154 8167
116 162 668
116 163 9214
116 164 2107
116 168 5017
116 172 7806
116 174 5616
116 181 5640
117 121 3064
117 125 2532
117 130 3985
117 132 171
117 137 2316
117 139 736
117 140 4726
117 141 4278
117 145 4837
117 148 6130
117 154 4042
117 158 4765
117 159 3810
117 161 8611
117 163 4681
117 169 9459
117 176 2172
117 177 7571
117 178 5368
117 179 8210
117 181 7955
117 182 8958
118 119 3404
118 120 6654
118 123 3103
118 125 9034
118 127 2914
118 129 8261
118 132 4956
118 137 3330
118 139 4842
118 143 7538
118 146 9131
118 148 3148
118 153 1097
118 155 6898
118 174 4326
118 176 4234
118 181 882
118 183 1782
119 123 3424
119 127 7500
119 132 1624
119 134 4342
119 144 4831
119 162 7443
119 163 1856
119 164 1642
119 166 9319
119 169 7121
119 170 7357
119 171 4425
119 176 345
119 177 2706
119 178 6098
119 181 8939
120 122 6724
120 124 1275
120 127 6152
120 131 9068
120 137 5599
120 142 7529
120 147 3979
120 148 273
120 149 7746
120 156 2736
120 162 1368
120 163 4609
120 172 3721
120 182 9973
121 125 1106
121 130 9216
121 137 1106
121 140 8554
121 143 3234
121 146 5040
121 150 686
121 153 5308
121 154 9929
121 157 2015
121 160 4295
121 166 4404
121 177 1392
121 179 639
121 180 3790
121 181 7949
122 130 4307
122 135 8257
122 138 2411
122 141 2992
122 142 1124
122 144 3721
122 147 8555
122 148 5879
122 151 1438
122 152 5551
122 154 9498
122 161 3349
122 163 9152
122 165 6762
122 168 3393
122 173 826
122 174 7927
122 175 4726
122 178 5347
122 179 346
122 181 9751
122 182 6278
123 129 8545
123 135 326
123 143 3581
123 150 4381
123 166 6579
123 170 5925
123 176 2141
123 179 8948
123 182 6720
124 130 6003
124 140 6143
124 145 5968
124 146 869
124 148 8982
124 151 4863
124 152 1278
124 154 2115
124 156 5593
124 159 6040
124 160 8526
124 167 5433
124 173 3384
124 174 6709
124 177 1268
124 179 9072
125 128 5660
125 130 7275
125 131 5267
125 132 8752
125 133 5359
125 135 3523
125 140 2916
125 141 7032
125 145 5548
125 146 7089
125 150 8601
125 151 7422
125 153 2010
125 159 3501
125 164 4445
125 169 6373
125 173 325
125 175 4761
125 180 6550
125 182 3218
126 132 9294
126 135 3964
126 136 8862
126 139 1349
126 140 9051
126 141 3822
126 145 3240
126 146 1979
126 151 585
126 155 8478
126 158 3961
126 161 9880
126 163 9845
126 166 8179
126 174 1768
126 179 7191
126 180 8785
126 181 7514
127 128 9309
127 133 4288
127 138 870
127 154 9508
127 168 3462
127 169 5796
127 170 2329
127 180 6809
127 183 8289
127 184 7989
127 185 4236
128 142 5061
128 158 7534
128 159 3182
128 160 4991
128 164 7305
128 166 9494
128 170 1183
128 176 8573
128 177 1932
128 183 9490
129 133 2280
129 140 2390
129 144 205
129 149 4160
129 153 6651
129 154 6634
129 155 452
129 158 2357
129 159 8393
129 160 9955
129 162 5096
129 169 6943
129 172 4809
129 177 924
129 179 6557
129 181 3967
130 139 412
130 140 6819
130 142 5789
130 143 257
130 145 4496
130 146 7225
130 152 1327
130 154 9721
130 158 6628
130 163 6000
130 165 6092
130 172 1670
130 174 2823
131 137 7580
131 143 523
131 156 930
131 158 9541
131 159 5677
131 166 2695
131 170 3912
131 172 9488
131 175 8816
131 176 3402
131 179 8337
131 181 3971
131 184 6747
132 136 5067
132 142 9512
132 143 3644
132 147 60
132 149 8073
132 150 364
132 155 1757
132 157 894
132 158 9577
132 166 9663
132 174 6831
132 177 965
132 179 285
132 182 3334
133 134 3976
133 145 5689
133 153 5397
133 157 4325
133 159 6274
133 166 475
133 171 3890
133 174 2332
133 177 9757
133 182 7315
134 137 1922
134 138 7918
134 144 5356
134 147 3353
134 149 5717
134 156 1151
134 159 5569
134 163 1736
134 164 6563
134 166 7765
134 168 9496
134 170 8039
134 180 2014
134 183 236
134 185 2965
135 140 9014
135 141 5416
135 146 3456
135 149 339
135 157 2572
135 161 1982
135 162 6988
135 163 6825
135 168 1738
135 173 4142
135 176 3703
135 185 6658
136 137 756
136 141 5201
136 147 9357
136 148 3468
136 149 4630
136 158 7954
136 162 6526
136 173 3074
136 174 7867
136 178 404
136 180 1410
136 182 3515
137 140 8573
137 141 5380
137 143 1302
137 145 8434
137 146 9728
137 152 5782
137 165 5021
137 171 2566
137 172 3576
137 173 1597
137 183 2805
137 184 8685
138 142 1486
138 143 4002
138 149 4955
138 150 8452
138 152 4138
138 160 7696
138 165 9379
138 174 4742
138 176 178
138 178 5644
138 183 9529
139 141 236
139 146 1857
139 163 7915
139 164 4537
139 177 8393
139 180 727
139 184 883
140 142 8413
140 149 1524
140 152 3812
140 157 7037
140 158 4350
140 160 5391
140 164 5822
140 173 9177
140 174 9597
140 176 3400
140 177 6778
140 180 6504
140 183 2761
141 143 7213
141 146 6671
141 154 6548
141 163 4948
141 165 3066
141 169 6628
141 173 4864
141 177 14
141 183 8498
142 143 9491
142 144 184
142 148 9294
142 156 8484
142 157 7063
142 160 395
142 161 5330
142 162 5611
142 163 2973
142 168 3705
142 170 6276
142 172 2784
142 183 6680
143 144 947
143 145 1518
143 148 3944
143 150 3560
143 154 1391
143 159 1032
143 160 5898
143 169 1924
143 175 631
143 177 2518
143 180 2981
143 181 3567
143 185 9825
144 151 7660
144 153 770
144 154 1523
144 155 1876
144 160 7778
144 167 9603
144 169 9826
144 170 891
144 172 7758
144 176 8182
144 177 5753
145 150 4238
145 151 9436
145 154 4278
145 155 1100
145 170 9753
145 174 2390
145 175 7716
146 148 7988
146 149 5441
146 160 5721
146 170 9483
146 172 5217
146 174 2251
146 184 356
147 151 6178
147 152 439
147 158 662
147 161 6407
147 167 4370
147 169 4463
147 171 2247
147 177 7628
147 179 3208
147 183 2658
148 153 9995
148 155 9787
148 156 2423
148 157 6970
148 159 7203
148 169 9805
148 171 9590
148 172 6047
148 173 3682
148 176 3815
148 178 9758
148 181 6373
149 150 3275
149 151 4011
149 155 4420
149 158 5083
149 159 6807
149 160 2160
149 162 8369
149 174 889
149 178 4883
150 154 7851
150 162 2276
150 166 3835
150 167 1431
150 177 1849
150 179 9442
150 185 2488
151 155 4801
151 160 4832
151 164 3659
151 165 6709
151 168 6351
151 169 7257
151 175 9691
151 179 7048
151 180 2979
152 160 8824
152 161 9468
152 164 1026
152 166 272
152 167 3796
152 171 460
152 172 8361
152 174 968
152 175 4011
152 178 7290
152 184 2203
153 155 8925
153 156 5621
153 158 2791
153 169 8860
153 171 5302
153 174 7166
153 181 1643
153 183 1169
154 155 4720
154 156 2214
154 161 3838
154 162 5516
154 163 4511
154 176 2286
154 178 8866
154 182 8355
154 183 7422
154 184 1776
155 161 4632
155 162 3301
155 170 7783
155 173 6859
155 180 6505
155 181 5461
156 163 4012
156 165 7149
156 172 9506
156 176 1188
156 180 5954
156 182 8905
156 185 4896
157 158 310
157 166 2000
157 172 2146
157 177 2831
157 181 2341
157 185 7628
158 162 1286
158 166 7034
158 171 2022
158 172 4877
158 181 1359
158 182 6702
159 160 9111
159 162 2115
159 163 4772
159 165 721
159 167 666
159 171 9762
159 172 2190
159 173 3233
159 177 7642
159 180 4099
159 185 3289
160 169 1121
160 170 2043
160 174 9282
160 175 2387
160 176 6950
160 183 9725
160 184 7561
161 165 1894
161 168 5741
161 177 3232
161 184 5093
162 164 7798
162 167 4324
162 168 7016
163 167 9286
163 168 8367
163 169 1571
163 170 2978
163 174 4353
163 181 5151
164 165 5424
164 169 7211
164 170 7308
164 180 3591
164 182 5706
165 168 6600
165 179 641
165 182 356
165 183 5268
166 169 4560
166 170 4474
166 171 8630
166 176 2567
166 178 9850
166 181 318
166 184 4628
167 176 9608
167 180 8864
167 184 4185
168 169 5014
168 173 9723
168 185 5651
169 173 3429
169 175 8621
169 180 7129
169 183 7839
170 174 7278
170 176 4269
170 178 258
170 183 7667
171 176 5131
171 180 2954
171 181 1613
172 174 9375
172 183 3624
172 184 2398
172 185 2918
173 175 8258
173 178 665
173 179 2017
173 182 4722
173 183 2256
173 185 6714
174 175 6762
174 176 4470
175 177 5780
175 179 8480
176 178 2491
176 179 5445
178 184 9098
179 180 7641
179 181 2854
179 182 1627
179 185 3302
180 184 1790
181 184 5037
181 185 4235
183 184 502
