154 2982 74453 131
0 6 7223
0 7 3551
0 13 3935
0 14 7625
0 16 1156
0 18 6077
0 23 4564
0 24 2179
0 25 9509
0 28 7817
0 31 5349
0 38 5295
0 52 3313
0 63 2502
0 69 8327
0 74 1686
0 75 977
0 76 686
0 86 2686
0 90 6569
0 93 9517
0 96 3148
0 98 5480
0 99 8540
0 101 1771
0 114 1503
0 118 3132
0 126 3338
0 127 5294
0 132 3669
0 134 6894
0 142 159
0 146 4363
0 147 1836
0 149 4362
1 4 6982
1 6 9453
1 13 4326
1 14 2758
1 19 2388
1 26 3438
1 29 574
1 30 5901
1 43 6984
1 51 1719
1 53 3399
1 54 3490
1 60 5989
1 68 4882
1 69 7689
1 71 8363
1 73 1563
1 78 6023
1 80 8985
1 88 1516
1 96 3664
1 98 7556
1 99 492
1 100 1059
1 101 7179
1 102 7099
1 103 3317
1 107 7724
1 109 7021
1 114 2345
1 116 673
1 117 2615
1 132 1753
1 133 9272
1 139 5654
1 141 1072
1 149 3986
1 151 935
1 153 8864
2 13 2143
2 15 4055
2 17 8535
2 21 1543
2 24 532
2 25 6267
2 37 8958
2 39 1686
2 40 4540
2 43 8747
2 48 5160
2 51 3127
2 54 6588
2 55 9147
2 58 2733
2 63 5132
2 64 7266
2 69 4726
2 72 1617
2 73 6784
2 78 418
2 79 6929
2 83 245
2 85 6678
2 89 7344
2 97 564
2 104 5014
2 108 5520
2 109 6396
2 116 1844
2 117 1335
2 121 4648
2 123 2377
2 131 8061
2 132 2944
2 134 1208
2 136 9363
2 137 997
2 138 5033
2 146 6465
2 148 4589
2 152 3745
3 11 8324
3 12 6236
3 14 6515
3 17 4208
3 20 5892
3 23 68
3 26 3006
3 29 8872
3 30 3445
3 31 2621
3 37 4766
3 41 9195
3 43 777
3 50 5269
3 52 9317
3 56 4369
3 58 9813
3 59 3742
3 62 9439
3 66 369
3 71 7671
3 73 3708
3 75 4206
3 76 4720
3 84 8960
3 94 6815
3 95 6388
3 102 3263
3 103 5340
3 106 6225
3 107 4999
3 113 968
3 114 3935
3 122 8161
3 124 227
3 127 6704
3 128 1584
3 133 5802
3 135 8720
3 136 271
3 139 8841
3 140 6278
3 141 7217
3 145 1646
3 147 9012
3 153 7833
4 9 2344
4 11 7227
4 13 6040
4 26 3178
4 28 7962
4 32 5933
4 37 4930
4 39 9567
4 51 1980
4 55 881
4 58 3263
4 60 8167
4 79 8760
4 89 5928
4 96 9860
4 98 2432
4 99 3197
4 101 6342
4 103 9232
4 105 3522
4 108 9446
4 110 9304
4 111 4274
4 117 4979
4 122 6919
4 123 9545
4 124 6944
4 129 6097
4 134 6112
4 135 6362
4 137 629
4 150 2466
4 153 76
5 12 1458
5 15 1165
5 32 9001
5 33 3835
5 34 6004
5 39 3834
5 42 7636
5 44 4735
5 47 4263
5 48 6132
5 50 9861
5 54 6512
5 55 1786
5 56 4540
5 59 9840
5 63 8850
5 68 1341
5 69 497
5 71 8553
5 72 1305
5 80 8670
5 81 8556
5 85 1408
5 96 4402
5 97 9807
5 101 2433
5 102 4137
5 106 706
5 109 3673
5 111 327
5 112 1620
5 116 7325
5 121 4599
5 123 4620
5 127 1992
5 138 8145
5 147 4180
5 148 8573
5 150 9080
6 8 9933
6 11 8741
6 12 2558
6 18 8202
6 19 6973
6 29 7599
6 33 7523
6 34 5713
6 38 4060
6 51 6207
6 57 8797
6 65 4521
6 66 4281
6 73 6874
6 76 8664
6 78 3875
6 84 3481
6 88 4470
6 97 8247
6 98 320
6 99 6454
6 106 4965
6 109 5486
6 111 4621
6 118 3837
6 119 7950
6 121 7368
6 123 9181
6 129 4675
6 133 3453
6 136 8317
6 141 412
6 144 9922
6 146 8097
6 150 2174
7 9 5041
7 11 6217
7 13 3389
7 16 2251
7 26 1729
7 30 7796
7 31 724
7 33 4815
7 34 3478
7 39 4371
7 50 6671
7 55 8991
7 57 4304
7 58 6673
7 60 8270
7 69 6977
7 74 1778
7 76 8286
7 79 8587
7 81 9539
7 88 5812
7 90 2207
7 96 1880
7 100 6056
7 104 5057
7 112 1383
7 115 9577
7 116 8715
7 119 2536
7 121 9159
7 124 3713
7 129 2281
7 130 9835
7 138 8678
7 139 3619
7 142 8602
7 143 9954
8 10 7971
8 14 5895
8 16 2495
8 18 2812
8 19 2931
8 26 8463
8 27 4256
8 33 1695
8 36 1435
8 37 1114
8 39 8024
8 40 3979
8 44 6676
8 45 4033
8 47 6235
8 48 3001
8 56 2286
8 57 569
8 59 8956
8 60 5123
8 65 9281
8 67 9617
8 69 5929
8 71 5099
8 72 8480
8 73 9847
8 74 6371
8 75 6031
8 79 3601
8 81 4436
8 85 2086
8 92 1190
8 94 2748
8 95 6825
8 96 395
8 98 1234
8 100 6354
8 111 9931
8 112 2919
8 113 6705
8 117 7318
8 127 3678
8 130 195
8 133 2202
8 135 7118
8 141 6372
8 144 6006
8 149 9507
8 153 3890
9 16 8514
9 18 4927
9 19 8145
9 24 8324
9 26 4543
9 28 8144
9 33 7093
9 35 5381
9 37 1335
9 43 2359
9 48 772
9 49 6659
9 50 6471
9 54 9814
9 63 9285
9 69 238
9 80 7181
9 84 1065
9 88 2328
9 96 3979
9 97 8221
9 99 5859
9 100 9271
9 102 839
9 103 2366
9 113 9050
9 117 2135
9 118 4034
9 124 4254
9 125 5203
9 129 1006
9 137 9024
9 139 4243
10 16 8570
10 19 896
10 21 4504
10 22 4362
10 25 945
10 36 5553
10 40 3577
10 41 8198
10 46 1680
10 47 911
10 55 8695
10 59 2715
10 63 359
10 65 3153
10 72 1022
10 74 5685
10 79 115
10 81 4283
10 82 7499
10 84 5684
10 93 3026
10 96 3494
10 98 979
10 109 5483
10 110 7112
10 113 8741
10 114 2342
10 118 1599
10 123 2338
10 131 1237
10 133 651
10 134 3714
10 140 8330
10 143 6582
10 150 7726
10 151 685
11 27 9514
11 34 5591
11 37 9770
11 42 6733
11 45 6203
11 50 9395
11 52 4979
11 54 3673
11 66 6883
11 72 9419
11 75 846
11 77 7584
11 80 6568
11 86 6755
11 87 5574
11 93 8305
11 95 7117
11 96 3806
11 101 6178
11 103 3095
11 110 5707
11 113 9257
11 114 1029
11 119 3899
11 122 2659
11 127 3089
11 129 9786
11 130 7537
11 131 1348
11 133 3929
11 135 5900
11 143 1485
11 149 6303
12 17 2231
12 19 3313
12 20 3130
12 28 8574
12 34 3115
12 35 5283
12 42 808
12 47 5934
12 53 3920
12 64 5527
12 66 892
12 67 3452
12 68 8234
12 70 6645
12 73 3617
12 80 5741
12 85 8591
12 86 9087
12 95 9477
12 97 7725
12 101 3487
12 104 3605
12 106 8713
12 107 1651
12 108 4474
12 112 2830
12 114 8366
12 115 2040
12 116 1027
12 120 2904
12 121 2262
12 122 6493
12 123 7545
12 124 2504
12 141 6069
12 143 852
12 145 5319
12 148 9384
12 149 9779
13 26 2523
13 28 2240
13 30 2959
13 34 9886
13 38 7761
13 45 9792
13 51 811
13 55 3213
13 56 3650
13 58 140
13 61 607
13 75 6986
13 77 8616
13 81 9933
13 83 7935
13 87 7294
13 90 5815
13 91 7718
13 94 1512
13 98 686
13 102 753
13 104 9715
13 105 3677
13 111 3263
13 117 7367
13 123 9985
13 126 2865
13 127 1818
13 133 6071
13 134 7316
13 135 3767
13 139 1402
13 150 959
13 152 1856
14 21 4413
14 25 787
14 26 8977
14 27 6514
14 28 4470
14 38 9383
14 39 6913
14 42 8361
14 49 2897
14 50 9632
14 53 7554
14 57 2233
14 58 1170
14 61 6024
14 64 3575
14 65 3760
14 67 1429
14 71 1574
14 77 7413
14 81 6020
14 83 8251
14 87 5196
14 91 2239
14 94 9902
14 95 5483
14 100 4684
14 103 5027
14 112 6700
14 119 6697
14 121 3945
14 126 9315
14 128 5670
14 130 9330
14 131 8819
14 134 8369
14 137 5537
14 140 9889
14 143 8858
14 144 6091
14 146 2550
15 21 7166
15 25 7974
15 27 4947
15 33 8744
15 34 325
15 35 7575
15 37 5070
15 40 5026
15 43 7214
15 44 2258
15 48 2777
15 49 6381
15 50 1143
15 59 9450
15 60 7789
15 62 6811
15 65 6761
15 73 3652
15 74 273
15 83 2158
15 85 8136
15 91 3716
15 93 3671
15 97 5027
15 103 6831
15 104 3005
15 107 369
15 111 4077
15 113 7793
15 115 3672
15 120 431
15 144 3169
15 148 5612
15 152 3171
16 32 2036
16 33 3229
16 35 6660
16 37 5368
16 39 2688
16 41 8192
16 49 7425
16 52 1318
16 53 9882
16 56 1291
16 61 8995
16 62 371
16 66 7209
16 69 6953
16 75 1289
16 77 9394
16 87 4195
16 98 8837
16 103 3503
16 104 6881
16 107 1173
16 109 9076
16 110 21
16 113 8972
16 115 4808
16 118 961
16 119 6131
16 123 4859
16 125 9638
16 131 7578
16 133 9332
16 135 7114
16 137 8461
16 142 9913
16 145 5764
16 149 5792
16 151 6676
16 153 1943
17 18 1203
17 19 294
17 21 3879
17 22 1912
17 23 1931
17 26 643
17 30 911
17 33 9422
17 55 6851
17 56 9201
17 64 2030
17 65 6601
17 67 3822
17 68 8016
17 75 874
17 81 5267
17 82 4040
17 85 4457
17 93 1686
17 96 6413
17 101 8432
17 112 4859
17 115 7936
17 117 2967
17 120 7826
17 141 3916
17 142 2035
17 147 66
17 150 1970
17 151 7779
17 152 9213
18 20 3065
18 21 1137
18 22 8690
18 27 7612
18 28 493
18 29 8974
18 32 1165
18 33 7294
18 37 1440
18 40 803
18 41 4211
18 43 5763
18 45 990
18 48 802
18 54 8271
18 56 5658
18 63 1989
18 67 5447
18 70 2084
18 72 9249
18 75 7686
18 80 1450
18 82 7159
18 83 7348
18 89 6274
18 99 7860
18 100 686
18 104 231
18 106 3671
18 108 8585
18 109 5855
18 111 5366
18 112 3166
18 117 3959
18 118 3425
18 123 35
18 127 8783
18 134 6630
18 138 3562
18 145 9869
18 147 4272
18 148 3908
18 151 7818
18 152 6632
19 22 4501
19 25 9682
19 27 8405
19 41 4819
19 42 6753
19 44 7481
19 45 283
19 47 5026
19 51 1295
19 52 7793
19 55 9413
19 57 7298
19 64 7261
19 69 9939
19 71 8760
19 73 5750
19 74 6860
19 77 6342
19 80 8352
19 83 6966
19 87 6206
19 88 1290
19 92 5604
19 94 7526
19 102 1822
19 106 9299
19 109 7031
19 110 1630
19 126 2746
19 129 5381
19 138 5026
19 144 2550
19 145 5964
20 25 701
20 27 2056
20 28 1233
20 29 4193
20 30 43
20 31 9096
20 33 511
20 39 1151
20 41 1984
20 54 6897
20 59 4844
20 61 8222
20 65 5354
20 74 8852
20 75 3159
20 76 6697
20 79 260
20 81 1844
20 83 7573
20 85 6037
20 102 8629
20 105 2650
20 107 6541
20 108 2332
20 117 7708
20 120 1623
20 123 1480
20 125 7943
20 132 7602
20 138 2403
20 149 9039
20 150 1862
20 151 8658
21 23 8806
21 26 7437
21 31 6331
21 32 6870
21 34 4219
21 36 2667
21 37 1141
21 42 7103
21 45 3572
21 51 3534
21 54 4872
21 62 4762
21 63 2310
21 64 1950
21 67 3233
21 68 7381
21 70 7585
21 73 5845
21 75 7476
21 82 2417
21 84 8456
21 90 6946
21 91 16
21 98 2652
21 102 4118
21 103 4883
21 108 3190
21 109 3484
21 110 1501
21 125 5412
21 130 7917
21 132 6165
21 136 3358
21 139 6542
21 140 6796
21 141 208
21 143 8966
21 144 2678
21 145 5516
21 146 5984
21 149 5484
21 150 2299
22 27 4148
22 30 1873
22 34 4446
22 40 8080
22 45 3778
22 47 3493
22 52 4370
22 54 7564
22 62 854
22 63 6232
22 64 1385
22 72 6447
22 74 4914
22 80 4794
22 83 961
22 90 5071
22 98 3256
22 104 9551
22 105 281
22 106 3900
22 109 2515
22 111 7395
22 114 2558
22 115 5167
22 134 6767
22 135 4006
22 148 4665
23 28 8476
23 31 523
23 34 1081
23 35 5839
23 37 8154
23 41 4899
23 43 5884
23 45 6430
23 46 483
23 47 2475
23 48 2722
23 54 8243
23 56 278
23 70 4686
23 71 6120
23 73 6377
23 74 7198
23 77 7921
23 86 1889
23 87 6929
23 88 4501
23 90 2203
23 91 6806
23 94 6273
23 97 968
23 99 378
23 102 9943
23 106 9326
23 108 9391
23 110 3948
23 116 1448
23 125 5112
23 134 536
23 135 6771
23 136 4812
23 139 4754
23 141 4683
23 144 448
24 25 7181
24 32 6212
24 33 9496
24 39 8809
24 42 1850
24 44 6033
24 48 7363
24 52 8959
24 60 8549
24 62 5373
24 67 8824
24 71 6136
24 76 1872
24 78 9541
24 82 7779
24 92 2407
24 100 378
24 110 1092
24 114 7377
24 116 4303
24 117 8296
24 119 4019
24 120 314
24 124 6754
24 132 3440
24 137 9234
24 141 2086
24 148 4289
24 149 5051
24 152 4408
25 27 8342
25 29 9696
25 34 4949
25 35 1860
25 38 505
25 39 3424
25 40 7395
25 43 4021
25 44 8351
25 46 3553
25 54 124
25 62 7424
25 64 8538
25 65 5316
25 71 1117
25 72 1382
25 74 5323
25 75 9255
25 76 9038
25 81 4274
25 84 2584
25 88 7832
25 97 3338
25 99 6112
25 109 3988
25 113 5173
25 114 5948
25 116 9389
25 121 616
25 122 9184
25 125 5787
25 126 1858
25 127 9819
25 128 1568
25 131 5290
25 134 967
25 135 7385
25 137 3981
26 27 6615
26 34 2079
26 35 8719
26 46 3957
26 51 2032
26 52 7313
26 60 3748
26 63 6551
26 67 7588
26 69 5104
26 70 7516
26 76 7421
26 78 276
26 81 5952
26 82 9483
26 84 3406
26 85 6428
26 92 6787
26 94 5034
26 102 7166
26 111 3992
26 117 7426
26 118 3296
26 129 3977
26 135 8572
26 138 7951
26 141 8393
26 143 752
26 152 4753
27 29 671
27 35 3711
27 41 1294
27 43 8301
27 45 9096
27 50 9258
27 61 5868
27 62 1233
27 72 9118
27 76 3510
27 78 6933
27 79 8228
27 85 1019
27 93 5347
27 104 7769
27 120 2806
27 122 2024
27 123 832
27 126 6630
27 127 2914
27 128 3455
27 129 2408
27 134 8671
27 135 4056
27 140 4083
27 144 4568
27 147 5833
27 148 8978
27 149 2788
27 153 6394
28 31 8484
28 32 4817
28 33 2389
28 38 3793
28 39 67
28 41 7536
28 44 5448
28 45 1619
28 49 8173
28 58 2992
28 59 8540
28 62 6445
28 64 5528
28 70 3668
28 72 5196
28 76 5938
28 78 268
28 79 3182
28 84 2853
28 86 2237
28 96 6130
28 102 2595
28 105 4097
28 107 9720
28 110 5389
28 111 4871
28 112 3609
28 113 9851
28 119 7893
28 120 3797
28 122 1158
28 123 8423
28 124 1206
28 132 2678
28 148 1926
28 152 9490
29 36 5323
29 38 6994
29 41 8105
29 43 1031
29 46 1361
29 64 662
29 68 1218
29 74 7619
29 76 9676
29 77 6720
29 87 2737
29 90 7777
29 95 7838
29 97 217
29 106 4775
29 109 8396
29 110 7096
29 117 8737
29 121 2025
29 127 626
29 129 2475
29 139 4269
29 142 1356
29 144 7279
29 148 472
29 150 5346
29 151 8760
30 31 9680
30 34 6943
30 39 2857
30 55 8939
30 57 7734
30 58 9029
30 69 870
30 71 2460
30 74 1240
30 77 3700
30 82 618
30 83 7300
30 92 8890
30 96 9680
30 98 7216
30 105 9858
30 111 5564
30 114 5795
30 115 511
30 116 5229
30 119 5704
30 126 7440
30 139 9787
30 143 2440
30 148 5650
30 149 3013
30 150 8964
31 32 1233
31 39 7737
31 41 8289
31 48 4535
31 50 5168
31 55 8524
31 59 7125
31 60 7341
31 66 8581
31 70 449
31 77 1412
31 80 4678
31 81 935
31 84 3863
31 87 415
31 88 314
31 100 6342
31 103 1766
31 110 6446
31 117 9800
31 150 4686
31 151 7512
31 152 9636
32 33 3343
32 37 4270
32 40 6374
32 47 4659
32 51 2562
32 53 5713
32 54 3370
32 56 995
32 57 1728
32 62 8218
32 68 194
32 72 9902
32 73 7041
32 80 7363
32 82 7655
32 83 7891
32 103 5185
32 105 3256
32 107 8652
32 114 3383
32 118 3939
32 119 40
32 123 5346
32 125 4195
32 128 8473
32 129 2141
32 134 4052
32 136 7669
32 138 53
32 140 8388
32 145 1446
32 148 1904
32 149 9560
32 150 5867
32 151 2997
33 39 5660
33 41 6378
33 42 5473
33 50 9227
33 55 4292
33 56 2459
33 59 92
33 66 1152
33 68 9070
33 71 4466
33 73 5683
33 74 3317
33 75 437
33 78 3531
33 80 7064
33 87 2078
33 93 9806
33 96 1855
33 98 9694
33 101 3387
33 103 6395
33 104 1335
33 111 927
33 113 8196
33 118 8298
33 121 2376
33 124 7264
33 125 6974
33 134 7226
33 137 4034
33 139 2692
33 143 5537
33 146 2203
33 149 1987
33 153 3292
34 39 6142
34 44 5163
34 48 4177
34 49 7419
34 62 5163
34 64 2385
34 71 6870
34 72 5524
34 75 8497
34 76 5921
34 78 9262
34 92 1658
34 101 9953
34 109 8847
34 112 5030
34 114 2060
34 117 9474
34 118 9632
34 121 2380
34 124 3142
34 126 9257
34 129 7013
34 130 3548
34 135 493
34 139 8034
34 148 5817
34 149 3551
35 40 7901
35 47 2018
35 48 9062
35 57 120
35 63 6977
35 64 996
35 73 1850
35 75 4948
35 86 5071
35 88 2191
35 90 9193
35 96 450
35 104 1885
35 111 8669
35 117 2683
35 121 5290
35 126 7290
35 132 2045
35 133 7783
35 136 7320
35 152 7049
36 45 8703
36 46 2327
36 48 9512
36 53 1819
36 57 9203
36 61 522
36 62 5739
36 64 1382
36 66 982
36 67 6496
36 69 4551
36 72 2731
36 73 4566
36 78 2944
36 84 3007
36 92 5501
36 93 2737
36 95 3368
36 107 8379
36 111 7834
36 113 2275
36 114 6346
36 122 2426
36 125 3745
36 129 7715
36 134 3266
36 135 8305
36 139 5853
36 140 6382
36 150 2551
36 152 8671
37 39 3756
37 44 196
37 45 3422
37 55 625
37 56 4410
37 57 846
37 59 8052
37 69 6118
37 70 9768
37 80 3650
37 82 5316
37 83 7320
37 90 5417
37 94 2652
37 99 4495
37 102 9407
37 106 2158
37 110 8310
37 113 3739
37 116 4736
37 120 2160
37 122 3559
37 127 474
37 128 5105
37 129 6668
37 135 4375
37 137 5411
37 138 166
37 146 7180
38 41 9883
38 42 3775
38 44 8564
38 45 2855
38 48 8087
38 52 7768
38 55 4170
38 56 204
38 64 9853
38 66 4676
38 71 9309
38 76 4468
38 82 7418
38 83 6637
38 85 9088
38 87 1888
38 94 6514
38 102 1619
38 108 8049
38 114 4569
38 117 5219
38 127 2521
38 135 9123
38 137 7496
38 146 2953
38 147 6870
38 150 9335
38 152 8292
38 153 2235
39 40 3503
39 48 3287
39 49 5056
39 50 9923
39 56 5287
39 62 4751
39 68 8934
39 73 6373
39 74 5522
39 75 7901
39 79 1901
39 82 9890
39 90 776
39 92 2939
39 94 245
39 111 8259
39 117 1545
39 121 5207
39 124 8214
39 134 9208
39 144 8618
39 147 2670
39 151 1795
39 152 6460
39 153 355
40 41 1178
40 60 8775
40 63 492
40 66 6389
40 67 8847
40 79 1138
40 84 3415
40 86 6271
40 88 6921
40 89 2997
40 94 7015
40 101 7334
40 107 8945
40 119 6355
40 120 2008
40 127 9236
40 131 5225
40 139 4268
40 145 1594
40 149 5275
41 55 6532
41 60 5865
41 61 964
41 67 628
41 69 3758
41 70 6100
41 73 5581
41 86 2673
41 88 8880
41 90 620
41 104 9657
41 107 580
41 108 9510
41 110 116
41 111 6412
41 114 5873
41 117 7873
41 118 3705
41 123 7494
41 133 8278
41 134 3996
41 137 8774
41 138 1258
41 140 2691
41 143 8219
41 145 2503
41 149 5956
41 151 3936
42 46 4930
42 51 5159
42 56 4548
42 57 4253
42 58 4130
42 61 4230
42 63 6576
42 65 1905
42 66 4477
42 68 6055
42 72 2636
42 73 446
42 74 534
42 75 4889
42 77 8887
42 79 5802
42 80 6553
42 81 8516
42 87 8176
42 91 1659
42 93 9727
42 98 9565
42 99 2774
42 101 2848
42 102 1775
42 103 4329
42 106 1806
42 107 128
42 110 3988
42 114 3110
42 117 6531
42 123 3787
42 126 4713
42 130 2441
42 134 6595
42 148 3989
43 46 5947
43 47 6814
43 55 6307
43 57 5381
43 59 3603
43 65 5919
43 69 4193
43 76 7013
43 80 6473
43 92 6901
43 100 4213
43 105 5040
43 108 6658
43 109 3342
43 111 3774
43 117 1559
43 118 8197
43 120 4792
43 122 4665
43 135 4689
43 137 6539
43 139 6488
43 145 6990
43 149 6876
43 150 5873
44 45 75
44 46 2791
44 49 9492
44 50 570
44 54 4031
44 55 4058
44 56 1653
44 58 4966
44 60 338
44 65 6644
44 66 80
44 70 9634
44 72 6315
44 75 8049
44 76 982
44 77 8253
44 78 8273
44 82 2686
44 92 6915
44 94 1774
44 98 3667
44 105 9261
44 123 8644
44 127 967
44 130 5025
44 134 2107
44 135 2094
44 138 3127
44 145 7378
44 146 9040
44 148 6718
44 149 5462
44 150 8471
44 151 8048
45 46 9581
45 49 614
45 50 7451
45 51 1519
45 57 7408
45 59 9365
45 62 8542
45 64 3710
45 66 4125
45 67 6394
45 73 1917
45 76 4764
45 77 882
45 79 9896
45 85 2034
45 87 5382
45 90 9324
45 95 3469
45 97 7487
45 100 2340
45 103 710
45 112 7867
45 120 2252
45 121 3209
45 122 4579
45 127 7563
45 137 1143
45 140 3221
45 149 4722
45 151 4998
45 152 5053
46 60 7401
46 72 5146
46 74 8257
46 87 3684
46 89 9040
46 91 3776
46 94 9476
46 95 2727
46 104 1538
46 109 2922
46 110 6957
46 111 7038
46 113 6071
46 116 8865
46 121 9117
46 126 661
46 129 9498
46 131 6291
46 141 3636
46 146 142
46 149 8626
47 52 6631
47 53 7271
47 55 181
47 59 7969
47 60 4603
47 62 6438
47 66 5775
47 70 1850
47 71 6439
47 77 4501
47 83 1156
47 85 8770
47 89 7259
47 93 8741
47 95 4253
47 99 3878
47 100 4668
47 101 9852
47 102 2270
47 111 2964
47 122 9767
47 123 9362
47 133 2825
47 151 7264
48 57 5399
48 62 7411
48 63 9549
48 68 2578
48 70 8485
48 78 7429
48 80 252
48 83 1672
48 85 8016
48 87 1310
48 88 8075
48 89 6526
48 98 763
48 99 4784
48 101 3363
48 103 1488
48 117 302
48 123 7374
48 129 5021
48 130 2812
48 131 9171
48 132 7142
48 135 5006
48 142 2692
49 52 5507
49 56 2856
49 70 3657
49 72 9210
49 78 3704
49 79 5987
49 80 6643
49 81 3618
49 85 4654
49 86 409
49 89 6490
49 90 2373
49 92 2090
49 95 6387
49 97 5116
49 99 8614
49 101 7864
49 102 9394
49 111 8494
49 117 3579
49 118 8196
49 121 4871
49 129 1738
49 132 8547
49 133 3876
49 143 2759
49 147 9066
49 149 9876
50 51 8010
50 53 3337
50 57 6813
50 58 6054
50 62 6237
50 63 7301
50 66 2861
50 67 1559
50 69 4689
50 70 1765
50 74 9723
50 75 4468
50 77 2457
50 80 2512
50 81 6256
50 87 1450
50 88 5935
50 89 8791
50 96 4952
50 97 2843
50 107 1154
50 113 4227
50 116 9108
50 117 9612
50 119 2897
50 120 8052
50 126 5845
50 128 1744
50 133 9010
50 149 736
50 150 4179
50 151 6269
50 152 9223
51 60 6869
51 64 5114
51 69 939
51 75 1057
51 83 6630
51 96 6604
51 101 889
51 104 6746
51 110 4108
51 112 2025
51 114 6645
51 122 7635
51 123 2731
51 124 1322
51 126 6806
51 135 6706
51 138 295
51 140 7826
51 144 4503
51 149 3063
52 63 1694
52 67 2545
52 70 9600
52 71 2164
52 73 6264
52 75 3585
52 86 1467
52 91 7350
52 92 4653
52 94 5537
52 97 8313
52 99 1225
52 115 3
52 124 585
52 130 7650
52 134 8500
52 136 5286
52 142 2671
52 147 509
52 151 6401
53 55 5203
53 63 4621
53 64 3293
53 70 9753
53 75 4100
53 78 8962
53 79 8691
53 80 3965
53 82 9721
53 85 3435
53 91 2610
53 94 6230
53 105 7430
53 110 7087
53 117 1714
53 127 8545
53 138 5721
53 139 7924
53 142 4838
53 143 9036
53 148 8882
53 149 4867
53 153 3948
54 55 5454
54 59 1015
54 64 9282
54 68 3475
54 71 2176
54 82 4861
54 88 7579
54 92 2532
54 93 1087
54 94 6021
54 95 4161
54 98 6131
54 106 8318
54 111 1530
54 112 7003
54 115 4456
54 116 6349
54 122 5537
54 123 8623
54 129 2138
54 136 3579
54 139 7256
54 140 3517
54 145 3525
54 153 893
55 61 4397
55 64 1826
55 73 6328
55 79 38
55 85 6680
55 86 171
55 87 172
55 89 9123
55 96 5374
55 99 1379
55 101 5891
55 103 7349
55 111 2457
55 116 3013
55 121 7639
55 130 4546
55 132 5291
55 139 2748
55 140 8264
55 142 246
55 148 7852
55 150 3722
55 151 4456
56 57 726
56 60 8676
56 63 9097
56 69 8718
56 71 8240
56 72 7961
56 77 5893
56 81 6025
56 85 4011
56 93 1378
56 95 4993
56 99 2781
56 120 6035
56 128 9419
56 132 9329
56 136 5777
56 140 6803
56 142 5353
56 151 353
57 58 1264
57 61 5217
57 62 5225
57 69 72
57 70 2572
57 71 572
57 72 9599
57 75 4006
57 78 6453
57 84 6631
57 90 9024
57 91 4536
57 93 2913
57 101 2481
57 103 7075
57 104 6236
57 106 9177
57 111 2683
57 115 3530
57 118 558
57 128 5087
57 129 7572
57 137 9418
57 138 8153
57 140 5824
57 142 5084
57 150 8043
57 153 7816
58 60 2491
58 61 6559
58 64 2032
58 69 6636
58 70 5501
58 71 3910
58 73 2492
58 76 7210
58 77 4636
58 82 6049
58 83 319
58 85 8399
58 93 6921
58 97 643
58 100 877
58 103 217
58 108 8490
58 114 9339
58 123 1284
58 126 5788
58 133 8674
58 134 2014
58 141 4216
58 142 77
58 147 4094
58 150 2312
58 151 589
59 60 5383
59 70 5081
59 78 944
59 79 2613
59 83 3266
59 85 1329
59 86 4675
59 89 1594
59 92 5900
59 95 6183
59 97 5291
59 99 7725
59 111 4574
59 114 6075
59 117 429
59 122 6062
59 128 7575
59 129 6808
59 130 3699
59 132 1187
59 134 330
59 137 5959
59 141 8881
59 144 3068
59 146 9280
60 63 9038
60 65 8192
60 70 3189
60 75 6946
60 85 1418
60 89 6544
60 95 1782
60 104 3093
60 108 5058
60 112 4837
60 115 4393
60 119 8298
60 127 955
60 128 5751
60 139 4733
60 144 2517
60 146 3306
60 147 4828
60 148 8787
60 149 7845
60 151 6594
60 153 7806
61 67 5173
61 76 5485
61 85 7035
61 87 7792
61 88 8732
61 92 7831
61 93 1818
61 94 5072
61 97 5601
61 101 308
61 106 2290
61 108 7556
61 114 2823
61 116 879
61 118 6419
61 121 6675
61 122 8326
61 124 7049
61 126 6594
61 130 3460
61 132 159
61 134 772
61 140 9554
61 149 6431
62 66 7678
62 75 8278
62 81 9615
62 90 7681
62 101 2178
62 102 9099
62 104 3841
62 107 639
62 114 1814
62 119 1435
62 122 8213
62 126 6081
62 130 1987
62 132 3962
62 139 7462
62 142 8979
62 145 2503
62 146 4786
62 148 1867
62 153 8149
63 64 3433
63 68 7552
63 72 3348
63 73 210
63 74 6441
63 77 2587
63 84 4027
63 86 8480
63 90 7779
63 95 9319
63 97 9511
63 99 4169
63 100 4734
63 101 4883
63 122 6994
63 123 8191
63 127 4443
63 130 4008
63 133 9115
63 134 1411
63 136 2527
63 138 1138
63 153 350
64 69 9509
64 72 1204
64 77 7040
64 82 358
64 88 246
64 92 3520
64 95 5707
64 97 9955
64 118 2478
64 119 6724
64 124 8796
64 131 6970
64 134 6589
64 152 7588
64 153 5818
65 67 4040
65 71 4551
65 72 6042
65 76 9215
65 77 874
65 78 6104
65 79 8504
65 82 3769
65 84 6580
65 91 3546
65 92 1676
65 98 6485
65 110 8737
65 112 7571
65 113 3432
65 118 3214
65 122 103
65 130 1133
65 136 3866
65 148 3141
65 153 3392
66 67 8873
66 86 5147
66 96 3237
66 101 1116
66 106 264
66 108 6768
66 109 1162
66 110 873
66 112 3116
66 113 2917
66 114 3948
66 117 3399
66 118 5339
66 128 6061
66 129 2103
66 140 4893
66 147 7036
66 150 9053
66 151 7026
67 75 6735
67 77 7903
67 78 3632
67 81 1988
67 82 5841
67 84 8006
67 87 8338
67 89 4161
67 91 2005
67 93 8085
67 97 2225
67 98 6551
67 100 7391
67 102 5993
67 106 9153
67 109 5204
67 111 3099
67 117 5012
67 122 8351
67 125 809
67 130 3762
67 131 6678
67 136 476
67 139 7638
67 148 4924
68 73 5829
68 80 5364
68 84 869
68 86 1714
68 88 1245
68 89 5105
68 95 1552
68 101 6114
68 104 625
68 111 9572
68 112 8673
68 117 7216
68 118 3562
68 122 4435
68 123 5884
68 128 5772
68 134 461
68 139 5955
68 140 9647
68 141 2554
68 143 9813
68 146 27
68 149 5901
68 150 4245
69 73 8020
69 74 270
69 75 1994
69 77 3468
69 82 2187
69 84 4925
69 85 6530
69 89 972
69 90 6371
69 95 9709
69 97 1373
69 98 7832
69 103 4919
69 104 2459
69 106 1167
69 110 7545
69 114 8180
69 119 6112
69 129 4332
69 131 3855
69 135 5210
69 136 9194
69 140 1853
69 147 7269
70 71 6000
70 81 9321
70 84 346
70 85 9247
70 97 462
70 108 3119
70 112 2565
70 113 7243
70 115 5380
70 123 8910
70 125 1429
70 127 7314
70 128 535
70 133 1955
70 138 959
70 139 9661
70 140 1813
70 147 6587
70 151 4623
70 153 2230
71 72 1621
71 74 2962
71 75 3793
71 77 2990
71 79 4115
71 80 4929
71 90 2362
71 96 1960
71 98 825
71 102 1181
71 109 5603
71 112 6616
71 122 1610
71 124 4026
71 125 8615
71 126 904
71 128 8787
71 131 7121
71 133 5358
71 139 3374
71 140 8408
71 145 5405
71 151 1778
71 153 9096
72 79 6429
72 82 387
72 83 3826
72 89 8610
72 91 8407
72 94 3050
72 101 9304
72 112 5280
72 115 3314
72 119 401
72 124 5465
72 127 5389
72 130 9723
72 139 3475
72 145 3525
72 148 8845
72 151 7935
72 153 6872
73 83 69
73 85 6245
73 91 9911
73 93 2374
73 101 8850
73 102 8709
73 104 6282
73 109 1659
73 119 2530
73 124 8251
73 126 8468
73 130 7132
73 137 3594
73 139 1594
73 140 4942
73 142 3554
73 145 5667
73 146 6895
73 151 6257
74 75 2364
74 78 532
74 81 4718
74 83 7393
74 84 8259
74 89 3319
74 93 8995
74 108 146
74 109 8610
74 116 4262
74 123 9424
74 126 1587
74 127 559
74 128 9584
74 134 3206
74 136 4880
74 143 6104
74 146 5025
75 77 2342
75 78 6016
75 80 6233
75 81 8429
75 90 2840
75 95 6262
75 108 9128
75 119 3135
75 120 4495
75 122 4213
75 124 6449
75 127 9843
75 130 7422
75 131 6837
75 132 6121
75 134 3277
75 135 9101
75 141 6558
75 142 5599
75 144 2244
75 146 9566
75 147 11
75 151 5232
75 152 8981
76 78 1753
76 90 2088
76 96 3895
76 97 7061
76 100 3128
76 111 7127
76 113 4802
76 120 2569
76 121 9743
76 123 9224
76 127 8498
76 129 1983
76 134 4973
76 141 602
76 142 1340
76 146 188
76 147 6898
76 148 3572
76 151 7872
77 85 4683
77 91 2867
77 96 3460
77 97 3387
77 105 8551
77 108 4486
77 109 1173
77 113 3774
77 116 9454
77 124 4950
77 126 1337
77 128 7760
77 130 9818
77 133 2037
77 134 9118
77 136 6333
77 137 1561
77 138 7428
77 142 2053
77 145 501
77 152 8525
77 153 2481
78 87 6118
78 96 1266
78 97 3518
78 100 4289
78 103 3870
78 108 8736
78 111 7538
78 114 1575
78 115 4306
78 118 8548
78 122 7918
78 127 8507
78 129 6786
78 137 4996
78 139 7467
78 140 3906
78 142 5872
78 144 3879
78 145 3829
78 150 983
78 151 3454
78 153 5737
79 80 3619
79 83 8718
79 86 1778
79 92 4171
79 101 4904
79 107 7372
79 113 8263
79 117 2468
79 121 4408
79 133 9657
79 140 5626
79 145 9145
79 148 8415
79 150 1091
80 81 3244
80 82 4065
80 83 5372
80 94 9500
80 98 3788
80 109 106
80 113 5583
80 114 4137
80 117 4873
80 119 2938
80 123 7898
80 124 8424
80 126 4770
80 129 3419
80 131 2726
80 135 3495
80 141 2804
80 147 9430
80 151 2162
81 85 2933
81 88 7976
81 97 425
81 99 7045
81 102 9386
81 106 6459
81 107 7993
81 108 7182
81 118 3508
81 120 1670
81 123 5358
81 125 5230
81 127 6184
81 128 6871
81 136 7673
81 139 2840
81 142 6075
81 143 4357
81 146 7068
81 148 3389
81 149 4634
81 151 2390
81 153 2813
82 93 1873
82 100 8452
82 112 2992
82 114 1758
82 118 5721
82 124 2250
82 126 9945
82 132 8660
82 137 3304
82 139 19
82 143 4746
82 148 3696
82 149 4214
82 151 9941
82 152 6270
83 85 2013
83 86 1343
83 91 5178
83 92 5346
83 94 5688
83 95 8855
83 98 6707
83 101 4005
83 103 3396
83 104 994
83 108 6876
83 114 7867
83 115 7811
83 123 8436
83 131 718
83 133 2506
83 135 9579
83 140 6259
83 149 4114
83 153 2156
84 87 4093
84 90 7893
84 92 7571
84 96 4120
84 98 3006
84 101 8900
84 108 8702
84 116 2679
84 121 7497
84 125 6682
84 127 3954
84 133 6713
84 134 2999
84 139 3149
84 142 2570
84 145 1078
84 150 7750
84 151 5887
85 86 9986
85 87 9638
85 89 7109
85 90 7535
85 95 7043
85 98 4433
85 101 9830
85 107 4187
85 122 217
85 138 7465
85 142 9414
85 146 8818
85 151 4290
86 87 2362
86 99 9933
86 101 4625
86 105 8055
86 107 9756
86 109 3996
86 111 9823
86 114 116
86 115 3655
86 116 8109
86 119 5211
86 120 4961
86 123 2279
86 130 169
86 135 5429
86 143 1273
86 147 448
86 150 6677
86 152 9411
87 90 2569
87 96 7521
87 102 8824
87 114 3112
87 116 130
87 127 4907
87 134 5914
87 141 6388
87 145 5517
87 147 8817
87 150 5345
87 151 8038
88 89 8318
88 90 9376
88 94 3972
88 96 2706
88 97 7058
88 103 1185
88 107 9771
88 111 1027
88 115 7183
88 120 2626
88 121 147
88 124 8083
88 125 7184
88 128 1836
88 129 6578
88 133 9989
88 147 1877
88 150 1971
88 151 7970
88 153 311
89 95 177
89 97 4374
89 99 5098
89 101 9887
89 106 1234
89 107 9135
89 108 7842
89 112 5694
89 114 2059
89 115 6669
89 125 8052
89 131 1806
89 133 51
89 141 7990
89 142 9799
89 147 6375
89 148 4989
90 93 3761
90 97 210
90 101 1783
90 111 454
90 112 6120
90 113 2686
90 116 9729
90 123 2127
90 125 1019
90 128 4425
90 129 2090
90 134 9828
90 135 4308
90 138 3347
90 152 2558
91 93 6998
91 97 3788
91 103 20
91 115 6866
91 118 9811
91 124 323
91 125 557
91 129 6015
91 141 4482
91 144 2532
92 93 8473
92 95 6149
92 97 4743
92 100 7207
92 103 7617
92 104 1182
92 111 2860
92 124 2917
92 128 5573
92 130 9992
92 131 5910
92 136 4246
92 140 5742
92 146 8989
92 147 3243
93 95 6119
93 97 5735
93 99 6474
93 106 5967
93 109 2283
93 112 7766
93 115 3836
93 119 2131
93 122 5875
93 124 9410
93 126 9214
93 127 3383
93 128 7698
93 133 3751
93 134 2149
93 138 282
93 142 998
93 144 447
93 153 6061
94 95 4886
94 101 9313
94 102 1409
94 103 3107
94 109 9360
94 113 3862
94 124 1497
94 129 979
94 130 1581
94 132 6105
94 133 9225
94 137 7108
94 142 9112
94 147 7447
95 99 2479
95 101 3991
95 111 2357
95 114 7917
95 120 2287
95 122 8471
95 125 6556
95 129 5919
95 137 4831
95 150 9469
96 100 6630
96 103 2325
96 107 7058
96 108 6574
96 109 5808
96 115 419
96 117 4648
96 118 9695
96 122 5671
96 130 3538
96 136 4796
96 138 3910
96 152 231
97 98 2839
97 102 7305
97 107 6963
97 109 7636
97 113 5560
97 117 2235
97 120 216
97 122 2332
97 126 3756
97 130 2037
97 139 5233
97 142 7672
97 143 5014
97 146 2060
97 149 8412
98 100 4019
98 104 1732
98 107 7014
98 119 7787
98 122 3580
98 123 1623
98 125 6884
98 131 5667
98 132 5257
98 139 7345
98 147 7357
98 148 5218
98 149 3152
99 102 2812
99 103 3160
99 104 5117
99 106 1515
99 109 9485
99 110 3355
99 114 4572
99 121 4967
99 124 1272
99 125 4215
99 127 705
99 131 5450
99 132 3537
99 137 5312
99 141 3681
99 146 5719
99 151 9243
100 105 8484
100 109 1440
100 115 5708
100 116 5412
100 120 387
100 123 2994
100 124 190
100 141 4976
100 143 7758
100 146 5540
100 148 4966
101 107 238
101 115 3987
101 120 1992
101 126 5103
101 128 991
101 131 2224
101 133 4253
101 134 7680
101 141 963
101 143 7013
101 148 9199
101 151 8700
102 103 1876
102 107 3997
102 108 8653
102 109 6441
102 123 7475
102 126 7681
102 127 8727
102 128 1913
102 129 5860
102 133 624
102 142 5594
102 148 458
102 152 2796
103 104 4952
103 106 6429
103 109 3001
103 119 6748
103 121 905
103 127 1843
103 128 4779
103 129 8795
103 130 2633
103 136 9359
103 137 1114
103 138 5587
103 141 430
103 142 1027
103 144 293
104 113 2969
104 116 5716
104 120 6443
104 121 9315
104 123 7806
104 124 7291
104 127 7214
104 132 5331
104 138 5910
104 140 1805
104 141 4645
104 150 5001
104 153 9079
105 109 7320
105 110 7854
105 121 2602
105 122 3623
105 126 1276
105 127 4731
105 128 504
105 129 71
105 133 7756
105 138 8666
105 142 3470
105 144 1897
105 148 4131
105 149 7640
105 153 1972
106 113 8223
106 115 8320
106 117 7547
106 119 1362
106 122 4388
106 124 7691
106 130 5893
106 132 9413
106 136 1949
106 138 4272
106 140 2137
106 147 6090
106 149 5406
106 153 3914
107 116 6131
107 118 6935
107 119 5139
107 122 4914
107 128 5980
107 130 3293
107 133 6431
107 139 191
107 143 9368
107 146 8223
107 149 6448
107 150 6288
108 115 8795
108 119 1923
108 121 4886
108 126 5992
108 127 1664
108 132 4226
108 134 1045
108 135 2357
108 137 9039
108 144 6421
108 151 5048
108 153 3711
109 110 8948
109 111 1244
109 114 8818
109 115 868
109 122 7017
109 123 3233
109 126 3743
109 128 4991
109 135 9305
109 136 3466
109 137 4415
109 146 685
109 147 295
109 150 1941
110 112 6015
110 115 144
110 122 6203
110 124 6863
110 130 4834
110 132 8405
110 136 9536
110 150 9451
110 151 8756
111 118 7827
111 119 8741
111 131 5785
111 137 7129
111 139 4029
111 152 1809
112 113 3026
112 120 4010
112 121 4900
112 125 3629
112 126 9551
112 128 4957
112 131 5081
112 136 9876
112 140 5381
112 144 5803
112 147 4881
113 114 5727
113 118 9769
113 127 5048
113 130 9827
113 131 4182
113 139 1850
113 152 4064
114 116 1335
114 118 5037
114 120 3102
114 121 177
114 123 826
114 124 1563
114 128 2395
114 129 6854
114 133 5910
114 137 2730
114 140 5663
114 141 6819
114 152 111
115 116 3269
115 117 8169
115 118 5439
115 126 9040
115 133 5019
115 137 5992
115 144 2584
115 148 8992
115 151 2457
115 153 5338
116 117 6352
116 119 472
116 125 4742
116 126 6811
116 133 2154
116 136 7078
116 137 38
116 141 3892
116 144 425
116 148 7136
117 132 6134
117 133 8469
117 134 9852
117 139 8760
117 142 358
117 148 4163
117 153 6537
118 120 9903
118 125 1225
118 132 3786
118 133 5704
118 138 8640
118 139 7344
118 146 2128
118 149 65
118 150 3653
119 127 4060
119 131 1102
119 133 9055
119 138 2384
119 139 6071
119 140 2756
119 143 5529
119 144 4986
119 147 6943
119 153 1058
120 123 9390
120 126 5005
120 135 5123
120 137 7680
120 139 8719
120 141 7776
120 142 6082
120 147 2571
120 150 9066
120 151 955
121 128 4135
121 130 9889
121 134 3480
121 141 5786
121 144 323
121 150 8234
121 152 7918
122 123 8027
122 127 4054
122 129 4170
122 136 8383
122 139 6386
122 142 8974
122 143 231
122 153 2034
123 126 7186
123 129 8385
123 135 4520
123 137 2940
123 143 3011
123 147 6707
123 148 995
123 149 4720
124 128 697
124 132 3657
124 133 9494
124 134 9341
124 137 8283
124 138 6435
124 146 5733
124 147 261
124 148 1054
125 126 25
125 130 8678
125 133 954
125 146 838
125 148 6457
126 128 3118
126 130 2888
126 134 3504
126 135 7721
126 140 5106
126 143 7065
126 146 5428
126 150 9973
126 151 6591
127 129 7170
127 130 3210
127 136 6336
127 141 8363
127 142 8862
127 143 9146
127 148 1662
127 151 4402
128 131 8763
128 132 3507
128 135 6398
128 136 3177
128 141 5081
128 144 6566
128 147 8388
129 132 6653
129 133 8028
129 135 1305
129 138 8260
129 139 8973
129 140 6413
129 144 4766
129 151 7418
130 138 2707
130 139 845
130 148 4342
130 152 8795
130 153 1415
131 136 2829
131 139 1274
131 140 8750
131 141 3063
131 142 7984
131 145 463
131 147 8627
131 150 6467
131 153 5222
132 140 899
132 142 7310
132 152 3776
133 134 9203
133 136 6770
133 142 9451
133 143 2612
133 144 4824
133 147 4675
133 151 7223
134 138 224
134 145 1334
134 149 2857
135 137 4679
135 138 6509
135 142 739
135 145 5401
136 139 730
136 141 96
136 142 8863
136 144 1831
136 145 2693
136 152 5372
137 140 4740
137 142 9923
137 146 1580
137 147 5213
137 148 8298
137 149 6442
137 151 7380
137 152 4288
138 140 1737
138 141 725
138 142 3616
138 149 8037
138 151 6554
139 152 3162
140 153 1175
141 143 9637
141 153 5557
142 146 5931
142 147 727
142 152 2281
143 144 7333
143 146 7671
143 148 2873
143 150 671
143 151 6087
143 153 7006
145 146 3253
146 148 4551
146 152 301
146 153 4042
147 149 7554
150 152 3997
151 152 1839
