142 2462 3772 42
0 12 7304
0 17 4617
0 20 3685
0 22 8849
0 25 9768
0 28 4595
0 35 9558
0 36 6379
0 38 3438
0 40 3554
0 42 5546
0 49 2721
0 58 4643
0 60 5938
0 62 2595
0 65 5192
0 68 8158
0 71 5104
0 75 8700
0 77 2071
0 85 9734
0 89 7380
0 93 638
0 97 6771
0 103 5102
0 110 2304
0 112 1225
0 113 6998
0 114 3858
0 127 1695
0 130 8390
0 132 631
0 136 8860
0 139 6799
0 140 1203
0 141 6848
1 2 7597
1 7 7059
1 8 6249
1 9 4490
1 10 1420
1 14 8744
1 15 4854
1 20 1339
1 22 6849
1 23 8481
1 39 2410
1 43 3596
1 44 8654
1 53 3865
1 57 5691
1 65 8513
1 68 6258
1 71 6195
1 76 7962
1 79 3331
1 80 679
1 81 8599
1 89 5215
1 92 704
1 98 6072
1 111 3281
1 112 3118
1 115 1956
1 118 5509
1 120 6990
1 126 8886
1 130 7644
1 133 2347
2 3 103
2 4 6101
2 7 8119
2 10 3020
2 20 751
2 26 7636
2 28 9938
2 31 2442
2 36 3702
2 39 9614
2 46 4619
2 47 8882
2 48 3129
2 67 1460
2 72 6190
2 74 5200
2 75 8637
2 82 6737
2 85 2949
2 89 8369
2 93 8693
2 96 5888
2 102 5312
2 103 5416
2 106 4287
2 110 8361
2 121 7670
2 122 8605
2 124 7842
2 133 805
2 137 9317
2 141 1760
3 6 7125
3 25 3987
3 27 1364
3 28 9800
3 35 3219
3 38 7453
3 44 3909
3 46 5659
3 47 9958
3 51 632
3 58 1153
3 60 137
3 63 5210
3 64 7285
3 66 148
3 73 7915
3 75 7467
3 77 9858
3 78 6890
3 84 3945
3 85 5291
3 90 4215
3 91 6072
3 92 3657
3 100 7581
3 102 2158
3 104 4862
3 110 4513
3 112 3474
3 116 4354
3 119 4724
3 122 4911
3 124 8876
3 135 9204
3 139 3205
4 6 5618
4 10 4816
4 11 2259
4 14 9843
4 19 764
4 24 7381
4 29 8450
4 31 6689
4 33 1393
4 34 6754
4 38 8369
4 39 9835
4 40 1450
4 41 4224
4 51 6060
4 53 8819
4 54 7206
4 61 4443
4 66 9985
4 68 2173
4 74 847
4 87 9097
4 89 1441
4 92 8394
4 96 2309
4 109 5137
4 115 7000
4 117 6847
4 118 7049
4 120 98
4 127 8542
4 128 1884
4 141 5442
5 6 785
5 9 7378
5 13 3278
5 14 4710
5 15 3553
5 17 7030
5 20 2855
5 22 1113
5 25 1053
5 27 379
5 32 2182
5 36 9021
5 42 9993
5 46 8962
5 48 7798
5 51 7536
5 59 4322
5 62 9724
5 63 3064
5 74 2466
5 85 801
5 90 6848
5 91 7343
5 96 6366
5 99 4071
5 108 6605
5 110 843
5 122 5575
5 129 6623
5 137 993
5 138 339
6 11 6108
6 13 3481
6 17 8216
6 27 5766
6 31 2935
6 38 604
6 39 2710
6 41 2968
6 42 5321
6 44 8457
6 47 4710
6 55 465
6 56 7390
6 62 7770
6 66 2407
6 71 7379
6 76 1558
6 94 9796
6 99 7856
6 100 9428
6 101 4565
6 105 4907
6 107 854
6 108 3073
6 111 9150
6 116 9906
6 121 8356
6 127 3400
6 133 3031
6 134 6123
6 135 41
6 139 1292
7 10 9430
7 12 430
7 15 760
7 18 2878
7 24 7639
7 25 985
7 30 75
7 31 5929
7 32 5722
7 33 9810
7 36 1887
7 42 4907
7 50 5349
7 53 1335
7 55 6860
7 60 1641
7 66 8163
7 67 9554
7 86 7511
7 94 6234
7 105 2994
7 106 723
7 108 5860
7 109 4070
7 111 2371
7 114 9229
7 117 8815
7 128 1801
7 129 9504
7 134 7552
7 136 4778
8 10 7134
8 13 8504
8 17 3979
8 21 546
8 34 2837
8 35 9493
8 41 3347
8 46 414
8 47 4618
8 48 6741
8 54 956
8 55 4180
8 60 9479
8 63 9446
8 64 9258
8 65 2317
8 68 1705
8 75 8959
8 76 893
8 79 5745
8 84 2434
8 88 8940
8 90 2949
8 92 6224
8 97 5953
8 99 1867
8 103 66
8 108 7083
8 124 4081
8 125 9922
8 127 7907
8 132 4963
8 134 6039
8 136 923
8 141 2670
9 11 2201
9 12 367
9 15 6415
9 16 9830
9 27 6336
9 28 7315
9 37 5761
9 40 3303
9 41 9809
9 46 4508
9 47 4141
9 53 8542
9 55 753
9 58 1991
9 62 1740
9 65 3382
9 72 7068
9 79 7969
9 82 1476
9 83 1813
9 84 6999
9 85 6549
9 87 5842
9 93 4799
9 97 8350
9 101 1119
9 103 3931
9 104 1965
9 109 3014
9 120 7657
9 130 4091
9 131 5150
9 133 8184
9 140 467
10 12 5830
10 14 2270
10 18 8293
10 19 6285
10 20 2804
10 23 5527
10 25 6960
10 28 4230
10 30 5943
10 35 3363
10 40 1512
10 44 6491
10 47 4030
10 48 2013
10 61 3948
10 77 4132
10 79 4709
10 84 7360
10 86 7577
10 87 6526
10 88 5058
10 91 3885
10 96 433
10 98 6183
10 106 2889
10 111 4636
10 113 9801
10 114 3861
10 115 3229
10 119 4845
10 122 63
10 123 4317
10 124 7846
10 128 3747
10 132 474
11 12 1518
11 18 7025
11 21 2873
11 26 5726
11 27 3351
11 33 5
11 39 2676
11 43 8044
11 49 8801
11 53 8610
11 59 1471
11 61 2544
11 67 410
11 70 8933
11 73 7989
11 79 7031
11 81 8901
11 83 7563
11 85 3795
11 89 2660
11 90 5605
11 91 6226
11 97 8679
11 98 604
11 99 2373
11 100 5309
11 101 5740
11 102 1802
11 109 3715
11 114 5443
11 115 720
11 124 5032
11 129 4493
11 133 4441
11 134 5295
11 136 9389
11 140 9455
12 16 3650
12 20 2762
12 24 5612
12 26 8707
12 27 8536
12 32 6970
12 34 4703
12 36 94
12 37 3368
12 41 7116
12 46 647
12 47 5111
12 59 5135
12 62 546
12 63 4827
12 65 7098
12 77 4310
12 81 1740
12 83 1421
12 88 8717
12 90 1816
12 91 8357
12 93 6921
12 98 5283
12 104 6241
12 109 183
12 111 3503
12 113 6160
12 119 1628
12 120 1356
12 129 2544
12 130 7128
12 132 8165
12 134 641
12 135 3240
12 137 1963
12 140 1182
13 14 5991
13 15 7415
13 16 2000
13 17 8801
13 19 5639
13 21 1708
13 31 9705
13 32 6860
13 36 8479
13 40 8232
13 44 3291
13 49 9661
13 50 1146
13 51 2320
13 53 7206
13 57 727
13 58 2279
13 65 5504
13 70 1721
13 78 4426
13 89 4349
13 90 4387
13 91 546
13 99 3819
13 106 7453
13 107 5834
13 117 7405
13 123 8131
13 124 9507
13 125 1438
13 135 5933
13 137 9764
14 20 843
14 22 3966
14 23 3612
14 25 4129
14 26 5897
14 28 7524
14 29 7833
14 30 5156
14 41 3705
14 44 1286
14 49 849
14 51 1148
14 54 8485
14 55 2378
14 56 3479
14 57 6311
14 63 2639
14 66 4772
14 73 6905
14 74 2249
14 75 2572
14 77 1938
14 89 2362
14 98 605
14 99 5887
14 103 9784
14 109 9171
14 111 1321
14 114 5635
14 133 1331
14 135 7955
14 137 925
14 139 8380
15 18 6281
15 21 8582
15 23 8169
15 24 7969
15 25 418
15 26 6658
15 28 7785
15 35 1549
15 36 9392
15 38 4582
15 48 2963
15 49 2356
15 55 7335
15 62 4646
15 65 1771
15 70 86
15 71 4335
15 72 4489
15 73 2240
15 75 3122
15 76 3459
15 87 8759
15 95 1254
15 99 3528
15 106 7660
15 109 6851
15 121 8499
15 134 9802
16 23 7773
16 29 2544
16 31 7790
16 34 12
16 35 3887
16 36 6444
16 44 6720
16 47 3279
16 49 2541
16 54 6989
16 58 668
16 61 6745
16 62 8432
16 65 3393
16 71 2089
16 74 5226
16 83 5097
16 92 6583
16 93 4389
16 96 1026
16 100 6533
16 108 3574
16 111 6349
16 116 7405
16 118 9521
16 131 8600
16 134 7537
16 136 723
16 141 4831
17 19 2066
17 28 4020
17 29 8645
17 33 4478
17 34 4018
17 36 3994
17 44 8526
17 53 8356
17 56 691
17 59 2536
17 61 1760
17 62 9636
17 63 2651
17 68 3420
17 73 8210
17 77 6745
17 85 1011
17 88 5198
17 90 8167
17 93 1124
17 97 1200
17 99 2724
17 100 4676
17 115 1863
17 116 8758
17 122 316
17 123 336
17 127 3386
17 130 546
17 131 8965
17 133 9194
17 135 9418
18 22 570
18 34 2671
18 40 6398
18 41 7287
18 44 3394
18 46 9973
18 57 5970
18 60 1258
18 67 1988
18 68 6490
18 69 9022
18 72 4124
18 73 1116
18 76 86
18 82 8185
18 83 5690
18 86 578
18 88 3910
18 92 2447
18 96 7084
18 97 6651
18 99 8647
18 100 9195
18 102 1292
18 105 8537
18 109 1610
18 110 8991
18 126 1813
18 127 1368
18 129 8133
18 132 4335
18 139 2073
19 21 8618
19 37 4188
19 41 812
19 45 3087
19 46 1830
19 52 2125
19 63 9911
19 67 1405
19 73 3664
19 74 769
19 75 109
19 79 1730
19 80 2602
19 81 4878
19 83 2934
19 90 3097
19 95 8229
19 96 2711
19 99 9040
19 100 4808
19 105 9001
19 108 292
19 112 5836
19 125 686
19 126 4397
19 128 1969
19 129 4566
20 23 7499
20 26 695
20 31 4764
20 33 9014
20 34 7812
20 36 728
20 37 1273
20 41 1140
20 43 1331
20 45 7166
20 48 5857
20 51 944
20 58 5396
20 63 2461
20 65 1122
20 73 6988
20 75 1240
20 77 5399
20 78 239
20 79 9461
20 81 8876
20 84 5316
20 88 8921
20 95 3962
20 100 6336
20 101 1483
20 102 6094
20 105 8328
20 106 5832
20 109 4690
20 119 6848
20 123 1785
20 124 5601
20 128 3488
20 130 8042
20 132 328
20 133 4024
20 141 3352
21 23 3284
21 24 736
21 27 8756
21 30 3339
21 31 333
21 39 3991
21 52 9844
21 54 4061
21 55 4298
21 74 6294
21 78 3203
21 80 6672
21 87 8042
21 92 9534
21 94 74
21 95 6094
21 97 4684
21 102 3325
21 111 7938
21 118 3295
21 120 7584
21 124 181
21 125 5267
21 126 870
21 138 2581
21 139 3036
22 25 6887
22 27 1966
22 30 3489
22 31 6777
22 32 4996
22 35 4468
22 41 4004
22 45 4875
22 48 4587
22 49 1747
22 56 8809
22 58 8181
22 71 2244
22 74 2341
22 76 7518
22 77 2722
22 79 7552
22 80 1736
22 81 2481
22 86 2341
22 97 6738
22 98 4172
22 99 241
22 104 1818
22 105 4849
22 114 3922
22 115 5331
22 116 8997
22 119 1753
22 129 8385
22 134 9709
22 135 4193
22 138 7563
23 25 9660
23 30 2380
23 31 2839
23 35 500
23 46 713
23 49 1848
23 50 8356
23 53 5643
23 58 7405
23 64 2392
23 70 6135
23 73 9736
23 76 4589
23 85 4462
23 86 8444
23 89 8390
23 95 5163
23 97 7205
23 112 1339
23 113 4024
23 114 4601
23 117 552
23 118 4546
23 124 149
23 132 9510
23 133 6915
23 136 1048
24 27 2192
24 30 9522
24 31 7090
24 33 7868
24 39 4767
24 43 7572
24 53 5424
24 56 7504
24 65 5354
24 72 3955
24 75 6511
24 77 5480
24 80 7781
24 86 1745
24 94 4061
24 96 7998
24 97 4503
24 111 6930
24 114 6993
24 118 1069
24 120 2686
24 121 31
24 123 7689
24 126 4904
24 129 3585
24 130 6255
24 131 9776
24 138 6917
24 139 5622
25 29 7062
25 33 3209
25 40 3128
25 47 150
25 54 1036
25 57 5678
25 66 7750
25 68 948
25 69 9108
25 70 6555
25 72 9998
25 76 1365
25 78 6639
25 80 2833
25 82 5912
25 83 7727
25 84 5978
25 96 963
25 105 7939
25 106 7976
25 108 4061
25 109 3145
25 110 6841
25 113 9279
25 118 9477
25 121 6127
25 126 5024
25 127 8950
25 128 482
25 132 1635
25 136 9443
25 140 5055
26 27 6150
26 30 7702
26 34 9757
26 35 6212
26 38 7495
26 41 3990
26 48 3318
26 50 6607
26 53 7959
26 64 3062
26 67 5306
26 69 5272
26 72 1230
26 75 344
26 77 9752
26 78 1528
26 80 2393
26 82 1643
26 90 844
26 97 9843
26 98 5364
26 99 5310
26 101 7327
26 102 8879
26 104 5312
26 108 4118
26 112 8439
26 113 1904
26 114 2953
26 115 4841
26 118 119
26 126 475
26 127 5123
26 129 3757
26 137 9665
26 138 9350
26 140 2726
27 46 2671
27 52 51
27 57 8229
27 64 2185
27 65 5168
27 72 2190
27 73 9406
27 76 290
27 78 692
27 102 6209
27 103 1545
27 105 258
27 113 1063
27 115 807
27 119 7128
27 120 1278
27 124 5883
27 130 2373
27 133 2652
27 136 331
27 137 8038
27 139 5600
28 30 6390
28 31 7233
28 37 4894
28 39 514
28 41 1013
28 44 5512
28 46 288
28 48 2255
28 49 5420
28 53 9427
28 67 5767
28 77 7238
28 78 3815
28 80 6806
28 81 119
28 97 7720
28 99 1811
28 110 7558
28 117 5427
28 120 8745
28 122 6230
28 125 6931
28 128 7722
28 130 2215
28 136 9879
28 137 6951
29 30 8461
29 31 887
29 32 3814
29 36 864
29 38 5290
29 45 7466
29 46 7072
29 61 8591
29 72 3484
29 74 3788
29 75 724
29 77 4108
29 85 804
29 94 7840
29 104 3144
29 108 7583
29 109 4835
29 121 1399
29 128 9386
29 131 8827
30 34 3784
30 36 1412
30 38 7333
30 39 7020
30 47 4692
30 48 7658
30 57 9791
30 58 9927
30 60 6779
30 61 8665
30 62 1723
30 67 7516
30 79 1480
30 82 1976
30 85 504
30 88 6403
30 93 4428
30 98 4779
30 100 4409
30 109 3542
30 113 5038
30 119 5462
30 120 6383
30 121 7651
30 122 8024
30 123 9995
30 124 6295
30 125 2557
30 128 2095
30 132 9304
30 134 899
30 135 7116
31 36 6973
31 41 5620
31 43 5315
31 47 2670
31 49 3280
31 61 663
31 62 4403
31 63 9208
31 64 9944
31 69 2549
31 72 3800
31 77 1975
31 91 1676
31 93 7814
31 94 3219
31 106 2330
31 110 9512
31 114 1283
31 118 8171
31 119 6640
31 127 5929
31 130 3469
31 138 4088
31 139 7368
32 35 650
32 39 2819
32 41 1332
32 43 8357
32 53 2914
32 54 2598
32 59 9249
32 60 4091
32 62 283
32 65 5997
32 68 7350
32 69 2348
32 77 5467
32 78 5438
32 84 734
32 94 8529
32 102 1935
32 103 2895
32 107 9853
32 111 3342
32 112 3515
32 113 9088
32 114 4855
32 115 3532
32 120 5357
32 122 7941
32 129 3666
32 136 5973
33 37 3340
33 41 926
33 50 1330
33 55 7016
33 57 8308
33 64 481
33 66 131
33 71 5220
33 82 2416
33 84 9353
33 94 1081
33 95 3958
33 102 5068
33 104 6549
33 108 9986
33 112 2427
33 118 3822
33 121 9881
33 122 8502
33 124 9481
33 125 3303
33 131 6927
33 133 453
33 134 8678
33 136 2197
34 35 4774
34 48 4879
34 53 2349
34 58 4812
34 60 8773
34 65 9803
34 70 2673
34 72 7307
34 73 986
34 74 7946
34 78 7334
34 81 4490
34 84 2307
34 86 4380
34 88 621
34 89 3027
34 96 269
34 98 2733
34 99 7353
34 102 6523
34 107 7328
34 114 357
34 118 9859
34 119 1830
34 124 1609
34 133 728
34 140 1999
34 141 5915
35 44 3725
35 50 4997
35 56 5904
35 59 6040
35 61 1026
35 62 4139
35 65 2323
35 70 6002
35 77 198
35 80 5928
35 90 9613
35 94 3868
35 95 9500
35 99 9532
35 106 9330
35 107 1537
35 110 9109
35 113 6909
35 120 2139
35 132 7149
35 139 7276
35 140 3382
36 41 1096
36 44 8441
36 46 4004
36 55 1166
36 56 465
36 57 2158
36 59 7501
36 70 7315
36 75 2467
36 83 6684
36 88 5763
36 89 8155
36 90 7185
36 96 954
36 100 6843
36 104 2524
36 109 8887
36 110 7943
36 111 3910
36 117 3661
36 124 7100
36 126 7677
36 131 5851
36 132 8828
36 133 8920
36 138 247
36 141 9670
37 39 4488
37 43 4991
37 44 4797
37 46 3410
37 47 2536
37 52 7893
37 53 3797
37 55 6718
37 56 3011
37 58 152
37 59 6919
37 60 8803
37 64 7321
37 74 4053
37 75 7133
37 78 9474
37 80 3797
37 81 3656
37 86 6614
37 89 3469
37 91 8950
37 93 4955
37 97 5338
37 104 9533
37 108 1998
37 109 1345
37 111 9739
37 119 6133
37 122 4071
37 124 7091
37 126 5007
38 40 6536
38 46 8612
38 48 5902
38 61 555
38 67 492
38 70 2374
38 72 4479
38 73 7877
38 75 8395
38 77 5941
38 84 8774
38 94 7112
38 96 1543
38 120 6652
38 123 8432
38 125 7391
38 131 6663
38 135 8185
38 137 7124
38 138 2966
38 140 3996
39 46 3103
39 50 937
39 52 5842
39 54 5405
39 57 8542
39 62 3908
39 72 9119
39 75 4994
39 83 6327
39 92 4847
39 94 2922
39 96 5820
39 97 1593
39 99 7383
39 102 7790
39 104 1561
39 108 7993
39 118 2409
39 122 9222
39 123 9605
39 124 3318
39 126 4937
39 129 9398
39 131 9923
39 132 5001
39 134 9607
39 135 7648
39 140 5484
39 141 8435
40 42 2961
40 47 6427
40 52 3502
40 53 156
40 57 8122
40 59 7077
40 60 7769
40 62 1660
40 68 4922
40 70 2942
40 72 7973
40 82 8959
40 97 4339
40 100 8943
40 102 518
40 105 7222
40 107 6600
40 110 9749
40 111 7741
40 112 3031
40 117 3551
40 123 7076
40 128 6478
40 135 5764
40 138 5141
40 141 5089
41 53 5728
41 58 6641
41 59 8632
41 65 5138
41 67 2350
41 70 9467
41 76 9605
41 82 1052
41 85 1349
41 86 3787
41 88 6604
41 92 3696
41 94 7065
41 96 4233
41 105 7994
41 106 5733
41 110 5769
41 111 1906
41 117 5170
41 122 512
41 125 2009
41 128 6724
41 129 3127
41 131 6970
41 136 1878
41 137 3346
41 138 8143
41 141 3610
42 43 3101
42 44 9777
42 49 4272
42 51 459
42 54 5810
42 55 5380
42 59 3317
42 61 1254
42 64 7787
42 68 2088
42 75 8733
42 77 5704
42 82 2091
42 83 8788
42 108 4055
42 113 4903
42 119 4706
42 120 5976
42 125 5772
42 132 1379
42 134 7214
42 136 2762
42 140 1131
43 47 3827
43 48 4791
43 49 9398
43 54 8751
43 57 8319
43 61 7009
43 62 396
43 65 4600
43 68 3248
43 76 4002
43 85 6463
43 86 699
43 92 9066
43 94 3318
43 97 3690
43 107 1761
43 110 2392
43 114 9028
43 115 568
43 116 8189
43 122 7531
43 123 6744
43 125 1363
43 126 8417
43 127 3163
43 141 7655
44 45 5330
44 55 3129
44 60 4132
44 70 7827
44 73 5069
44 74 153
44 78 4706
44 79 3018
44 80 1758
44 83 1690
44 87 9747
44 88 6035
44 91 5111
44 96 5041
44 106 14
44 110 8334
44 115 2297
44 121 4698
44 122 1509
44 125 2106
44 134 6274
44 137 1546
44 139 1522
45 46 5798
45 48 7279
45 49 6679
45 50 3736
45 56 8915
45 59 134
45 61 4770
45 63 4297
45 65 5430
45 72 4699
45 82 9902
45 85 3922
45 86 3645
45 88 1574
45 90 7465
45 103 9630
45 104 4361
45 106 2813
45 113 9783
45 116 174
45 132 9734
45 138 4848
46 50 9917
46 51 9102
46 54 3968
46 55 336
46 56 5534
46 59 2345
46 63 4235
46 64 5382
46 65 5576
46 70 7294
46 74 8685
46 77 8593
46 84 4101
46 94 9573
46 101 3836
46 103 2439
46 104 3540
46 105 3543
46 108 8318
46 110 2491
46 114 6569
46 122 3955
46 127 6433
46 130 5678
46 141 7311
47 53 7773
47 57 373
47 61 5465
47 64 4714
47 69 5976
47 70 4562
47 71 3276
47 73 8028
47 82 4488
47 83 4072
47 87 2378
47 95 7452
47 99 348
47 100 7687
47 102 1512
47 109 1468
47 111 506
47 120 3214
47 123 9992
47 129 1573
47 132 2274
47 134 7119
47 137 7399
47 138 2520
47 141 6272
48 52 5728
48 54 3956
48 55 2145
48 56 178
48 57 2754
48 60 3288
48 67 5425
48 73 5172
48 83 5455
48 94 576
48 99 2296
48 100 3410
48 102 3478
48 106 4546
48 111 6316
48 113 5458
48 114 7798
48 117 1750
48 119 5237
48 130 2191
48 139 9712
48 140 1122
48 141 8085
49 81 4407
49 82 1837
49 88 2910
49 96 7793
49 120 4598
49 124 9254
49 128 7559
49 140 2795
50 53 5667
50 66 5232
50 72 6049
50 73 2850
50 74 2621
50 77 7747
50 78 6796
50 84 833
50 88 5265
50 90 6627
50 91 2836
50 92 206
50 100 5196
50 101 32
50 103 9611
50 105 6903
50 109 865
50 112 9841
50 113 8925
50 114 3189
50 118 13
50 128 1689
50 130 9396
50 136 7619
50 140 4641
51 56 5182
51 65 8109
51 76 8191
51 88 3985
51 91 5837
51 94 9593
51 95 8965
51 103 5135
51 105 1954
51 109 6447
51 110 7599
51 111 2169
51 116 3941
51 123 450
51 130 7205
51 132 4584
51 136 5876
51 139 6102
51 140 8658
52 54 3723
52 56 7601
52 65 9171
52 66 4031
52 72 8771
52 76 90
52 77 9860
52 78 93
52 81 8460
52 100 5618
52 103 8978
52 104 3980
52 113 3868
52 124 9104
52 128 4830
52 134 7691
52 135 4675
52 138 3463
52 140 8514
53 54 8299
53 56 9368
53 57 7972
53 62 4477
53 63 7060
53 64 5610
53 66 8329
53 68 5222
53 76 8839
53 79 478
53 82 8217
53 83 8362
53 85 9374
53 86 3483
53 87 2212
53 89 8084
53 95 3260
53 101 9087
53 103 428
53 105 3001
53 114 9776
53 118 6427
53 119 4990
53 125 2448
53 127 6567
53 130 1885
53 134 1024
53 138 6309
53 139 2291
54 64 1863
54 70 3984
54 74 4379
54 81 4121
54 85 6876
54 87 4811
54 88 8988
54 93 9031
54 95 6324
54 96 5679
54 97 8756
54 104 450
54 105 5355
54 119 9705
54 122 2728
54 129 2640
54 133 5627
54 135 6850
54 136 4783
54 137 9354
54 139 866
55 61 1532
55 63 5926
55 71 9026
55 73 8000
55 74 1419
55 81 2079
55 83 1100
55 85 101
55 90 1283
55 91 8577
55 92 2138
55 103 4600
55 111 1418
55 115 366
55 120 9494
55 122 9433
55 124 3039
55 126 3308
55 128 3171
55 131 7090
55 134 6704
55 136 4625
55 138 3464
55 140 1840
56 62 9038
56 63 8485
56 69 7595
56 78 7140
56 84 1454
56 93 1667
56 97 8317
56 102 4851
56 105 4231
56 110 5973
56 112 3428
56 123 2940
56 126 1543
56 129 685
56 140 1526
56 141 908
57 63 6031
57 64 7733
57 65 5426
57 66 9298
57 80 3588
57 82 8095
57 83 1398
57 85 1332
57 94 3169
57 98 8283
57 100 5366
57 102 5306
57 104 5872
57 106 5505
57 107 7260
57 113 1641
57 114 2949
57 116 7021
57 121 3824
57 123 7297
57 125 8538
57 129 2659
57 133 6958
57 136 5799
57 138 4391
57 141 4732
58 61 266
58 75 6864
58 84 5275
58 92 3674
58 95 2986
58 98 5405
58 99 5178
58 104 7388
58 105 3397
58 106 3007
58 108 3572
58 110 8430
58 111 8492
58 114 7238
58 120 8617
58 121 9010
58 125 4400
58 135 4350
58 136 5571
58 140 284
59 66 9452
59 67 8456
59 75 6068
59 81 9807
59 84 9379
59 85 1917
59 87 6673
59 91 7101
59 92 1486
59 106 5850
59 109 8129
59 111 4488
59 116 1967
59 117 4789
59 122 466
59 125 6102
59 137 7805
59 140 5134
60 65 4997
60 68 1210
60 69 9812
60 79 9447
60 94 8265
60 95 6842
60 101 4737
60 104 2450
60 105 5322
60 106 4346
60 114 16
60 120 7134
60 131 9766
60 138 2158
61 64 2290
61 68 5089
61 69 1616
61 71 8800
61 77 9422
61 84 7604
61 91 9938
61 92 1149
61 102 7668
61 107 784
61 109 8165
61 114 1150
61 116 8071
61 119 5136
61 141 7834
62 73 9329
62 78 2728
62 98 3144
62 100 7293
62 101 1252
62 105 4750
62 107 1517
62 108 2288
62 110 9293
62 111 4393
62 115 5385
62 116 7443
62 117 1768
62 121 4982
62 123 1645
62 125 8631
62 128 108
62 135 5132
62 136 4600
62 137 9080
63 67 3760
63 70 8265
63 75 9527
63 79 9278
63 82 3391
63 87 5066
63 89 1924
63 94 8477
63 95 1390
63 100 3367
63 102 4311
63 104 8529
63 111 3077
63 116 9195
63 117 5029
63 122 6251
63 124 8198
63 125 511
63 132 4677
63 134 6634
63 136 5891
64 69 2818
64 73 1085
64 78 5475
64 90 9149
64 93 4864
64 98 5169
64 100 7468
64 108 137
64 112 4361
64 125 233
64 134 8887
64 136 5714
64 138 7122
64 140 9716
65 83 9925
65 84 2971
65 87 6191
65 92 8391
65 93 6747
65 95 5637
65 96 7304
65 97 5657
65 100 7687
65 110 1657
65 111 8357
65 113 9532
65 115 5340
65 118 9744
65 120 4295
65 122 6912
65 125 9717
65 132 5672
65 138 5428
66 71 5705
66 74 4313
66 81 9324
66 90 9616
66 93 2235
66 95 9346
66 98 5837
66 106 336
66 109 8658
66 110 2110
66 113 1351
66 117 1728
66 119 5683
66 121 7033
66 131 7213
66 132 5401
66 133 5933
67 70 80
67 71 8088
67 76 597
67 79 41
67 81 5474
67 83 2518
67 89 2747
67 90 6810
67 92 9803
67 95 6686
67 97 1963
67 105 9292
67 113 3461
67 117 874
67 120 1901
67 122 8370
67 125 7940
67 126 4917
67 127 9311
67 128 7391
67 131 9231
67 136 8154
68 69 8428
68 75 4350
68 87 8088
68 94 7564
68 110 4302
68 119 4443
68 120 6302
68 122 4132
68 124 6039
68 125 8627
68 126 7032
68 133 6270
68 135 9676
68 137 5341
69 70 2281
69 72 9566
69 73 2777
69 75 753
69 80 7403
69 81 228
69 83 2294
69 89 4224
69 90 6629
69 101 7849
69 110 9194
69 111 6358
69 114 5666
69 116 3884
69 120 3540
69 122 1755
69 124 562
69 130 3267
69 132 168
69 134 4084
69 135 3048
69 136 8402
69 140 4680
70 76 3668
70 77 424
70 79 6184
70 85 9300
70 98 7085
70 99 8646
70 107 8353
70 108 4270
70 110 1481
70 112 4965
70 115 3108
70 116 5377
70 122 5477
70 124 5252
70 125 351
70 129 4078
71 86 7084
71 87 8395
71 88 6927
71 97 4334
71 101 2167
71 104 1999
71 108 394
71 111 5907
71 121 8343
71 123 9389
71 129 3489
71 130 86
71 132 5883
71 133 1095
71 135 6035
71 136 7773
72 77 6966
72 78 395
72 90 3907
72 91 7433
72 97 535
72 99 2335
72 103 4434
72 107 4684
72 116 4873
72 119 8023
72 120 4790
72 126 2859
72 131 4188
72 137 9879
72 138 1159
72 140 1647
73 82 2412
73 91 5491
73 100 2714
73 107 4032
73 109 567
73 111 5978
73 113 5220
73 114 6211
73 125 1200
73 126 3413
73 128 1347
73 130 8928
73 131 8627
73 134 667
73 139 2633
73 140 4837
74 76 3052
74 78 5357
74 79 9979
74 84 2755
74 85 2533
74 89 3428
74 91 8522
74 96 3369
74 99 7409
74 102 8372
74 105 6222
74 125 7224
74 127 45
74 129 9938
74 133 3934
74 139 6041
74 140 8129
75 92 6311
75 94 5189
75 95 3870
75 98 2785
75 102 8860
75 105 751
75 106 3148
75 109 9066
75 110 3649
75 117 9235
75 118 8927
75 126 1059
75 128 8118
75 129 5547
75 141 2893
76 79 643
76 87 3796
76 90 9859
76 91 3032
76 93 7053
76 98 9046
76 102 2513
76 111 6228
76 112 3035
76 114 686
76 127 2087
76 139 2936
76 140 493
76 141 7724
77 80 7859
77 82 6508
77 85 6816
77 87 2088
77 89 1568
77 91 4888
77 93 5723
77 96 2475
77 98 1068
77 99 366
77 101 3696
77 102 2007
77 103 1139
77 105 4374
77 107 8075
77 114 852
77 121 1335
77 123 758
77 124 5617
77 125 3644
77 137 2315
77 138 8021
77 141 1070
78 79 5907
78 80 3704
78 91 1116
78 93 728
78 98 6329
78 101 8130
78 102 9959
78 110 1820
78 116 5621
78 119 3446
78 120 6466
78 121 1836
78 131 3989
78 132 947
78 135 4239
78 138 9022
78 140 2227
79 81 3692
79 82 7913
79 86 5563
79 89 2439
79 94 3229
79 95 693
79 96 4786
79 106 8886
79 114 4131
79 115 6878
79 118 1409
79 124 7297
79 134 3118
80 89 5966
80 92 7215
80 101 4843
80 103 3453
80 111 5372
80 115 4390
80 121 7765
80 122 1726
80 131 6903
80 139 3271
81 91 7970
81 92 8779
81 95 9847
81 104 8804
81 106 3771
81 107 9960
81 111 5729
81 116 6987
81 120 1166
81 122 152
81 126 5983
81 131 1842
81 135 1018
81 139 4037
82 88 6257
82 90 8703
82 93 6991
82 96 7843
82 107 5491
82 108 3777
82 110 6301
82 112 817
82 113 3790
82 117 1752
82 118 6661
82 119 9666
82 121 944
82 123 8152
82 133 5171
82 135 2789
82 137 799
82 141 3442
83 85 1051
83 86 2557
83 94 8309
83 98 3318
83 101 5570
83 104 6199
83 108 3839
83 110 3321
83 116 4225
83 117 7193
83 120 2028
83 121 7074
83 122 4751
83 129 6676
83 131 893
83 136 3104
84 92 4829
84 94 150
84 95 7805
84 98 7717
84 102 1815
84 106 8645
84 116 4864
84 117 5977
84 118 278
84 124 1598
84 126 9233
84 127 7712
84 128 9779
84 133 1599
84 140 1276
85 91 4547
85 92 7368
85 96 7626
85 104 3118
85 111 7723
85 117 5314
85 118 7774
85 125 5274
85 136 5818
85 137 4967
86 87 5773
86 88 1025
86 93 1873
86 99 4849
86 101 5376
86 106 4095
86 120 6495
86 126 5573
86 129 9233
86 130 1484
86 131 5020
86 136 7326
87 92 8820
87 97 7520
87 98 9190
87 103 1114
87 104 2847
87 106 6280
87 117 7302
87 119 8423
87 120 6075
87 124 270
87 127 4437
87 133 6668
87 134 7327
87 135 5597
87 138 6523
87 140 8939
88 93 5447
88 94 7876
88 95 693
88 96 4786
88 111 4659
88 118 4487
88 119 4452
88 120 8564
88 125 1269
88 128 1383
88 137 9558
88 140 5121
89 94 9317
89 99 403
89 108 1352
89 109 2609
89 110 6603
89 123 1132
89 124 8027
89 127 177
89 136 8457
89 138 3806
89 140 8303
90 94 557
90 101 4835
90 103 287
90 106 6399
90 108 9249
90 112 1269
90 126 2913
90 128 375
90 130 839
91 92 1487
91 99 5404
91 100 7891
91 102 3493
91 103 2581
91 114 7335
91 120 1076
91 122 2965
91 131 4382
91 132 665
91 136 5820
91 141 7999
92 96 8012
92 97 2201
92 108 3990
92 115 7472
92 116 832
92 118 3868
92 126 7574
92 133 3511
92 138 1574
93 105 8654
93 107 2846
93 111 622
93 113 211
93 116 2265
93 128 5515
93 131 6482
93 140 2616
93 141 7457
94 96 8948
94 102 4326
94 107 4431
94 112 5643
94 119 2653
94 123 9093
94 124 5786
94 135 6520
94 140 1968
94 141 7281
95 98 9849
95 100 4575
95 104 464
95 112 3367
95 117 7448
95 120 6830
95 122 3551
95 129 5156
95 131 4270
95 138 2544
95 139 5520
96 100 8911
96 106 1744
96 107 5755
96 113 5708
96 114 7695
96 125 4801
96 127 6534
96 129 6523
96 134 541
96 137 1762
96 138 5981
96 139 3111
97 98 9197
97 99 4893
97 102 1662
97 106 7635
97 107 8391
97 112 266
97 114 5791
97 115 4919
97 118 3614
97 122 5711
97 123 4636
97 124 3747
97 125 7682
97 126 7920
97 128 2051
97 130 2631
97 137 8906
97 138 5279
97 141 2078
98 101 9669
98 103 4623
98 104 168
98 111 6546
98 115 3124
98 117 4657
98 118 2545
98 124 1246
98 125 1618
98 128 2843
98 130 6560
98 132 9737
98 137 6551
98 140 7888
99 101 3929
99 102 6043
99 104 1241
99 107 154
99 109 4518
99 112 5756
99 116 518
99 117 1504
99 119 6753
99 123 3306
99 124 3435
99 136 2518
99 138 7688
100 105 1775
100 114 9016
100 121 7449
100 125 3529
100 127 9712
100 129 457
100 141 140
101 105 6198
101 110 514
101 111 245
101 124 4969
101 126 2447
101 138 3745
102 106 7394
102 114 1719
102 117 5716
102 119 8828
102 123 5564
102 129 9541
102 131 1600
102 134 3155
102 140 1182
103 106 2390
103 107 2638
103 109 4023
103 111 2417
103 116 5079
103 118 87
103 126 2095
103 141 4386
104 106 4913
104 120 9068
104 121 1881
104 122 2721
104 124 9949
104 131 8325
104 134 4734
104 135 8004
104 138 7513
104 139 2266
105 109 8506
105 113 8936
105 116 5549
105 118 2476
105 124 1328
105 129 6937
105 130 1068
105 136 7543
105 137 6903
106 117 2612
106 118 6703
106 120 2694
106 122 2172
106 124 4712
106 125 4804
106 127 8087
106 131 1265
106 136 6495
106 137 6637
106 139 4185
106 140 6599
107 108 715
107 114 2579
107 115 8680
107 129 8862
107 130 6303
107 139 9411
107 141 4547
108 122 8391
108 126 4443
108 127 7613
108 132 2035
108 136 7885
108 138 1692
108 139 2745
109 110 4154
109 124 5529
109 126 8024
109 130 3495
109 134 1852
109 136 6509
109 137 8457
109 138 8654
110 113 5430
110 117 3057
110 118 1024
110 120 2026
110 129 1334
110 131 8960
110 137 9553
110 140 285
111 114 5613
111 115 2596
111 117 4029
111 118 5599
111 120 5798
111 126 1138
111 127 2661
111 133 9429
111 136 5737
111 139 8118
112 113 9405
112 114 5431
112 117 5453
112 120 8825
112 124 4261
112 125 4980
112 127 3682
112 128 2029
112 135 4535
113 115 660
113 119 9292
113 121 1749
113 123 7453
113 125 3209
113 126 5931
113 128 2644
113 129 6493
113 130 9008
113 135 4743
114 115 5050
114 119 5543
114 126 3351
114 132 4
114 140 8802
115 120 5193
115 121 6290
115 124 3539
115 125 9435
115 137 4819
115 138 5920
115 139 5924
115 141 5582
116 123 9692
116 129 8682
116 130 3152
117 120 1086
117 124 7458
117 128 6284
117 135 3202
117 137 1919
117 140 502
118 120 8563
118 122 6500
118 125 6570
118 132 5194
118 134 7494
118 138 4696
118 139 4621
119 120 1464
119 122 7499
119 125 5351
119 132 4172
119 133 9556
119 136 5422
119 139 645
120 121 9250
120 123 4976
120 127 6519
120 136 8942
121 123 4238
121 126 7688
121 128 4846
121 129 3862
121 130 3683
121 131 7125
121 132 20
121 138 7211
121 139 4075
122 124 6396
122 125 5
122 128 4439
122 131 5272
122 132 8448
122 133 9026
122 136 188
123 125 8135
124 125 1206
124 129 350
124 132 1877
124 133 4691
124 134 6755
124 137 7990
124 138 1175
124 139 7049
124 141 6645
125 127 5552
125 130 4078
125 139 452
125 140 4803
125 141 9011
126 129 5105
126 133 9677
126 135 4988
126 139 3856
126 141 5977
127 129 6087
127 140 5446
128 130 8259
128 137 4099
128 139 1734
129 132 3045
130 131 3082
130 137 1891
131 139 1864
132 133 8492
132 139 3013
133 141 7877
134 137 4731
135 140 7771
136 140 6854
