230 6592 7225 81
0 1 4933
0 2 8642
0 6 360
0 9 3195
0 17 4607
0 18 224
0 23 9092
0 24 9810
0 29 6846
0 31 1201
0 35 4208
0 38 7092
0 39 3161
0 40 6998
0 44 7140
0 48 5383
0 49 546
0 54 660
0 55 3266
0 56 7775
0 60 1119
0 68 127
0 71 1820
0 74 3118
0 75 6313
0 89 261
0 101 6261
0 105 5969
0 107 1298
0 109 4703
0 112 2640
0 113 4106
0 119 5427
0 122 7635
0 123 2884
0 124 5282
0 129 7821
0 133 7111
0 142 6036
0 150 133
0 151 9336
0 152 3480
0 153 5284
0 157 7906
0 165 8283
0 167 1763
0 168 2081
0 173 4505
0 182 8015
0 188 7520
0 208 5766
0 222 1708
0 224 6728
1 6 5136
1 9 2830
1 19 2630
1 20 6151
1 27 6117
1 28 8927
1 34 1974
1 36 5948
1 42 7016
1 49 3541
1 50 1907
1 51 1611
1 52 8807
1 53 1580
1 55 3913
1 56 7883
1 57 234
1 69 9101
1 72 3766
1 76 9536
1 80 4873
1 82 3816
1 85 6515
1 95 3838
1 100 2061
1 104 9037
1 106 6489
1 111 2439
1 112 9095
1 123 462
1 134 2966
1 139 1564
1 142 5023
1 145 107
1 149 841
1 150 8972
1 156 137
1 160 4880
1 161 9581
1 163 3427
1 175 4154
1 184 8671
1 189 2953
1 195 6481
1 196 2533
1 211 7784
1 217 7592
1 218 396
1 224 6434
1 226 3344
1 227 1655
1 229 5068
2 14 6492
2 19 5224
2 21 7486
2 26 1906
2 35 4265
2 42 2617
2 43 1804
2 45 8808
2 53 2016
2 65 2189
2 67 644
2 71 8648
2 79 9480
2 82 2103
2 91 579
2 92 2568
2 95 1632
2 106 6617
2 111 2266
2 117 2455
2 120 2358
2 123 1008
2 130 8278
2 137 73
2 139 9250
2 149 6507
2 151 8303
2 154 2386
2 155 6413
2 159 385
2 163 7942
2 178 9621
2 179 6532
2 184 9590
2 186 4196
2 187 8596
2 194 7458
2 195 5435
2 203 9297
2 209 1520
2 210 2162
2 211 7788
2 214 9218
2 220 7479
2 221 3185
2 229 4936
3 5 5257
3 8 7667
3 9 2134
3 14 9388
3 16 8364
3 19 496
3 29 7778
3 30 3097
3 35 1687
3 36 6411
3 39 5505
3 42 2656
3 47 6701
3 52 3145
3 53 2723
3 62 2323
3 71 5683
3 72 1142
3 87 9478
3 91 1927
3 92 6063
3 97 5493
3 103 5041
3 105 3198
3 108 9047
3 116 4162
3 121 5840
3 130 3872
3 132 1654
3 135 9544
3 138 1271
3 139 66
3 141 2846
3 145 780
3 152 8887
3 154 4275
3 157 4989
3 160 8910
3 169 2236
3 170 7970
3 177 9355
3 181 2208
3 186 7853
3 191 9668
3 198 8167
3 210 5505
3 212 6892
3 213 9606
3 219 8173
4 16 4406
4 17 3736
4 28 6804
4 31 7469
4 33 5233
4 35 3913
4 39 2589
4 41 7216
4 42 8061
4 49 8862
4 50 2422
4 55 6457
4 57 8768
4 58 6406
4 60 1105
4 65 1540
4 68 130
4 70 4005
4 73 6662
4 74 5279
4 75 9903
4 86 590
4 89 618
4 94 9256
4 95 9938
4 100 4688
4 102 6169
4 105 3371
4 106 5581
4 111 8772
4 113 413
4 118 7136
4 121 1734
4 131 1865
4 136 7246
4 140 9515
4 142 2107
4 150 2853
4 155 290
4 157 7137
4 159 5477
4 169 4340
4 172 1201
4 173 5557
4 174 5032
4 175 7523
4 176 2564
4 178 6254
4 179 1969
4 183 5313
4 185 8200
4 189 4563
4 190 4422
4 192 5412
4 197 4221
4 198 8681
4 202 2108
4 210 3437
4 211 7322
4 213 2963
4 214 4783
4 216 8806
4 218 5153
4 220 9076
5 11 5912
5 12 5729
5 16 7978
5 18 1891
5 26 2546
5 27 5701
5 28 1710
5 30 8266
5 32 273
5 35 4772
5 36 9594
5 37 9055
5 51 6273
5 67 2962
5 69 862
5 71 309
5 72 5900
5 80 5546
5 82 884
5 85 9278
5 86 1985
5 93 2194
5 95 2679
5 97 4951
5 98 3782
5 100 2775
5 102 5277
5 108 1173
5 110 3093
5 112 2808
5 114 9659
5 119 6464
5 122 5601
5 128 3992
5 130 7902
5 133 6970
5 136 7382
5 138 5503
5 139 2368
5 141 9817
5 142 4411
5 143 4636
5 148 9271
5 153 6240
5 154 1834
5 156 9711
5 159 6837
5 160 1124
5 163 4175
5 168 5624
5 169 5700
5 174 7541
5 175 4021
5 182 1507
5 186 7782
5 187 1168
5 194 5320
5 204 3008
5 207 4330
5 212 8671
5 220 5755
5 226 2417
6 7 1815
6 8 2668
6 18 7734
6 19 9501
6 20 9175
6 26 2907
6 29 9072
6 32 502
6 34 7060
6 36 915
6 39 3151
6 47 4256
6 54 579
6 55 8873
6 60 3255
6 62 8679
6 66 7876
6 71 5728
6 72 1094
6 74 2564
6 78 1914
6 80 3687
6 84 7776
6 85 588
6 89 7867
6 96 3334
6 99 995
6 105 1504
6 114 7344
6 115 8512
6 116 709
6 127 5166
6 129 8962
6 136 7088
6 137 8808
6 143 8777
6 147 2202
6 151 3522
6 152 6779
6 165 2319
6 166 5859
6 167 4187
6 169 6143
6 176 3511
6 179 1101
6 181 7026
6 183 2617
6 185 7972
6 187 1345
6 190 4168
6 192 9894
6 200 7126
6 201 3945
6 202 8785
6 203 4931
6 205 3619
6 208 9271
6 210 7843
6 216 2543
6 220 5830
7 9 9986
7 16 3155
7 20 2306
7 21 3363
7 23 2470
7 27 6828
7 35 7443
7 40 3458
7 45 2599
7 52 3411
7 54 9340
7 57 4405
7 63 6923
7 64 763
7 74 1284
7 75 4146
7 77 1888
7 79 41
7 85 1105
7 86 6448
7 88 7948
7 90 2653
7 91 3421
7 97 2095
7 98 3953
7 99 8155
7 100 5895
7 101 2608
7 103 2897
7 114 1674
7 116 5220
7 125 4731
7 127 9097
7 133 7953
7 144 4201
7 153 6941
7 154 9585
7 159 8703
7 167 8909
7 172 5247
7 175 5825
7 186 2021
7 187 6593
7 197 2638
7 201 7171
7 202 4769
7 205 2650
7 207 8663
7 209 8309
7 218 3449
7 221 8532
7 227 1631
7 229 3074
8 11 5623
8 13 1897
8 17 1384
8 18 6
8 20 5097
8 25 2344
8 34 2860
8 38 5716
8 39 978
8 46 8686
8 62 4350
8 65 9831
8 69 1504
8 74 1166
8 75 925
8 79 8618
8 82 4752
8 86 3874
8 91 8563
8 96 4903
8 97 4362
8 104 9916
8 105 8717
8 109 1210
8 111 7016
8 112 8874
8 115 3839
8 116 6068
8 121 9479
8 125 9011
8 132 3116
8 136 1526
8 141 4343
8 143 6440
8 153 7041
8 154 7393
8 162 1911
8 163 4768
8 166 6501
8 167 9895
8 168 4985
8 170 3009
8 172 9858
8 173 2776
8 179 1213
8 181 4115
8 189 9649
8 194 336
8 201 911
8 202 1985
8 208 1670
8 213 3210
8 218 1616
8 220 9362
8 223 9139
9 10 9116
9 16 5118
9 17 6365
9 23 2024
9 26 4868
9 27 1771
9 32 6408
9 34 7675
9 36 910
9 41 7529
9 44 663
9 45 5165
9 61 6233
9 63 7521
9 64 3109
9 72 6462
9 75 7480
9 80 8501
9 86 474
9 88 3768
9 91 895
9 95 3312
9 97 7068
9 102 3397
9 103 8358
9 105 3390
9 107 6187
9 111 8917
9 113 2206
9 115 5087
9 122 9860
9 123 2206
9 125 8852
9 127 1493
9 128 8172
9 133 3374
9 135 6985
9 136 253
9 139 2074
9 141 4123
9 142 5062
9 147 5694
9 148 5224
9 158 8990
9 159 5857
9 163 1804
9 164 1422
9 166 4895
9 169 7709
9 171 727
9 172 4741
9 173 2810
9 176 699
9 179 5691
9 183 9925
9 190 5603
9 192 7827
9 193 5031
9 202 5631
9 204 4878
9 205 1707
9 207 4688
9 212 9634
9 219 7749
9 223 9669
9 225 4686
9 228 9419
10 11 6111
10 12 3491
10 14 8434
10 19 5420
10 26 611
10 28 4489
10 30 8611
10 34 5234
10 36 562
10 44 1869
10 47 7653
10 55 6319
10 56 1507
10 59 9637
10 60 9105
10 62 1938
10 63 2420
10 64 2288
10 70 9022
10 73 4402
10 74 5524
10 77 8678
10 82 9175
10 85 7656
10 92 1935
10 94 3199
10 98 8189
10 99 5855
10 106 3592
10 109 8788
10 112 6687
10 115 9043
10 116 6855
10 118 1428
10 119 9409
10 129 9546
10 133 9871
10 134 4182
10 135 9733
10 138 2786
10 141 9865
10 142 2712
10 143 7335
10 144 6438
10 148 3150
10 150 7248
10 152 4752
10 159 6877
10 168 3979
10 176 549
10 185 7662
10 186 164
10 191 3017
10 198 8110
10 201 1167
10 202 6954
10 204 6905
10 205 6022
10 208 8170
10 215 2632
10 217 2366
10 219 5440
11 14 3989
11 17 1374
11 19 8352
11 28 782
11 35 2530
11 38 5675
11 40 7573
11 53 3613
11 55 820
11 59 1646
11 62 8930
11 64 7430
11 68 8165
11 70 4668
11 75 3483
11 76 4881
11 83 3116
11 86 8751
11 90 6114
11 107 3702
11 111 5262
11 113 175
11 114 5393
11 119 3875
11 125 6993
11 127 3496
11 133 6547
11 134 9516
11 142 143
11 143 5122
11 145 4064
11 148 2633
11 166 8208
11 170 4855
11 171 913
11 172 8928
11 174 9441
11 176 8853
11 178 144
11 179 7290
11 186 1817
11 189 1696
11 190 1835
11 192 8372
11 193 7562
11 194 3682
11 196 2795
11 201 3736
11 203 6398
11 209 9237
11 212 4220
11 215 4462
11 224 4899
12 18 1181
12 19 4017
12 21 8499
12 24 4526
12 25 1810
12 28 9792
12 34 5352
12 42 2952
12 45 4316
12 53 7551
12 58 5027
12 68 4066
12 71 3263
12 85 2705
12 89 8082
12 91 6122
12 114 2704
12 116 5782
12 122 5390
12 136 6522
12 141 5948
12 142 3381
12 144 438
12 148 5146
12 149 7785
12 153 7422
12 154 5536
12 156 7334
12 158 944
12 169 3010
12 170 3266
12 171 6166
12 177 4600
12 180 5862
12 181 6133
12 182 2968
12 183 1737
12 185 1734
12 189 2443
12 192 2106
12 197 1018
12 200 1892
12 201 1330
12 206 905
12 209 5291
12 215 8209
12 218 733
12 222 9435
13 19 441
13 24 6197
13 26 6041
13 29 6615
13 30 2130
13 34 9683
13 38 4733
13 41 7942
13 46 7390
13 52 3757
13 58 2864
13 59 8559
13 62 8286
13 63 2636
13 64 9989
13 71 2384
13 85 167
13 86 4807
13 88 7388
13 89 6037
13 100 1590
13 102 7632
13 104 6775
13 105 2200
13 108 8250
13 117 39
13 129 7118
13 131 927
13 139 402
13 141 1317
13 142 6327
13 151 5355
13 154 9897
13 157 8524
13 161 2939
13 164 171
13 167 5315
13 174 1199
13 175 5930
13 176 8369
13 177 8705
13 181 4159
13 183 8344
13 184 8551
13 189 4688
13 193 6684
13 203 7868
13 204 8863
13 205 2227
13 210 284
13 211 3086
13 222 6658
13 223 3459
13 226 9188
13 228 7946
14 20 6346
14 21 1399
14 23 9924
14 27 5880
14 30 1281
14 33 4755
14 34 1294
14 37 3955
14 42 9962
14 47 3041
14 49 3977
14 60 7392
14 65 6804
14 70 666
14 77 9780
14 81 3266
14 84 5535
14 85 4750
14 88 3914
14 90 4795
14 91 8281
14 93 800
14 95 9232
14 96 8012
14 100 6235
14 106 3058
14 108 956
14 110 3495
14 111 1953
14 121 4395
14 132 3407
14 136 2733
14 138 4707
14 139 1503
14 144 4692
14 152 9320
14 153 5102
14 155 5752
14 165 9490
14 167 585
14 168 6285
14 171 5437
14 172 2892
14 181 2860
14 182 3516
14 185 6314
14 189 1241
14 190 4036
14 196 2153
14 206 5675
14 209 1782
14 214 6031
14 215 234
14 221 8188
14 224 7005
14 228 6211
15 17 3970
15 18 2205
15 22 2908
15 23 8521
15 27 9140
15 28 6544
15 44 6968
15 50 3838
15 54 6522
15 57 5399
15 58 6573
15 59 8832
15 60 8812
15 64 3683
15 71 285
15 76 8750
15 78 7183
15 85 57
15 92 1005
15 93 8005
15 95 4892
15 102 4916
15 105 8366
15 109 532
15 113 2812
15 119 4432
15 120 4697
15 127 660
15 128 7870
15 129 2285
15 137 1790
15 138 6743
15 139 3673
15 140 3524
15 142 8688
15 150 6896
15 151 2363
15 152 1163
15 155 6493
15 160 7121
15 170 8202
15 195 5734
15 196 4449
15 201 3248
15 206 1355
15 211 6261
15 215 1562
15 216 3239
15 223 7849
16 18 5461
16 19 5485
16 20 5297
16 34 8379
16 38 9507
16 40 6972
16 43 3781
16 52 8501
16 55 5635
16 56 9580
16 58 8981
16 62 2644
16 67 3621
16 68 8716
16 75 2391
16 78 6968
16 79 7077
16 82 7916
16 85 7569
16 86 938
16 93 9054
16 97 3338
16 98 7895
16 101 1500
16 102 4690
16 107 1579
16 108 4038
16 118 332
16 120 9259
16 121 2711
16 122 1875
16 124 4797
16 130 3672
16 131 4329
16 133 8303
16 135 3308
16 141 2144
16 144 1967
16 157 336
16 160 8857
16 162 6667
16 168 2976
16 171 3121
16 172 6121
16 175 5546
16 179 8194
16 199 4114
16 202 1240
16 203 4818
16 209 3558
16 217 4343
16 222 2033
16 225 497
17 22 2231
17 26 4528
17 31 5767
17 40 2592
17 49 8756
17 50 2780
17 61 1482
17 62 8592
17 65 6626
17 71 5689
17 76 6220
17 77 8620
17 78 8681
17 85 7632
17 93 9701
17 99 5829
17 102 9452
17 105 451
17 106 280
17 108 863
17 111 374
17 114 7424
17 117 5186
17 119 1160
17 121 6258
17 124 2691
17 128 3988
17 129 3548
17 134 7674
17 135 4163
17 139 1913
17 142 3122
17 146 6451
17 149 2873
17 151 9562
17 155 9614
17 158 5077
17 159 8975
17 161 384
17 162 2930
17 163 2942
17 170 1854
17 176 697
17 177 545
17 182 9297
17 194 840
17 195 1989
17 208 696
17 209 5391
17 211 1264
17 223 7477
18 22 5643
18 29 4263
18 33 9945
18 36 1447
18 38 6455
18 40 8554
18 41 6810
18 43 4281
18 45 7200
18 46 3888
18 56 1166
18 62 5543
18 71 9986
18 80 7720
18 89 814
18 91 4136
18 95 5181
18 102 2942
18 104 4338
18 108 805
18 112 5440
18 118 9914
18 124 6319
18 125 2481
18 140 404
18 141 9494
18 143 3011
18 147 8971
18 149 3847
18 153 3360
18 157 4189
18 158 9983
18 159 5634
18 160 6833
18 161 4471
18 163 7839
18 176 4225
18 179 371
18 183 6754
18 186 5738
18 193 5736
18 196 982
18 198 4201
18 199 7278
18 207 7149
18 208 7569
18 210 5791
18 211 2947
18 214 5717
18 215 4199
18 217 1153
18 222 2125
18 225 6692
19 26 3304
19 27 7619
19 29 7117
19 34 5855
19 36 9724
19 37 1662
19 38 9262
19 41 116
19 42 684
19 48 9482
19 50 6305
19 59 1812
19 60 8847
19 62 2467
19 66 2640
19 67 6155
19 69 6128
19 75 8324
19 78 6156
19 83 684
19 88 2355
19 89 1661
19 92 5444
19 94 3756
19 95 3763
19 99 1532
19 101 8323
19 104 6030
19 107 8813
19 108 1146
19 118 4550
19 119 9335
19 120 8391
19 127 4758
19 129 1346
19 131 5968
19 132 7612
19 134 8108
19 137 6079
19 144 554
19 148 8286
19 150 9189
19 165 3809
19 166 632
19 168 8896
19 172 973
19 173 2731
19 176 4234
19 178 7196
19 186 5998
19 188 2154
19 193 2329
19 194 3246
19 208 6197
19 209 4574
19 219 399
19 220 6791
19 224 143
19 228 7373
20 25 1125
20 29 5276
20 34 5511
20 40 3972
20 42 1772
20 43 3979
20 48 2988
20 50 7419
20 51 1031
20 53 2963
20 59 9515
20 65 6600
20 77 9906
20 79 1455
20 81 221
20 84 9990
20 86 9199
20 91 6357
20 98 6691
20 106 9155
20 108 9822
20 117 3795
20 121 1930
20 123 2317
20 124 375
20 126 3529
20 128 7687
20 129 6380
20 132 902
20 149 1588
20 150 709
20 151 652
20 153 6978
20 154 4212
20 155 2073
20 158 1507
20 162 675
20 163 9058
20 172 1506
20 174 5540
20 175 9201
20 176 2593
20 184 3880
20 187 3859
20 188 6316
20 190 1582
20 194 8671
20 195 7880
20 201 9820
20 204 5013
20 205 8067
20 206 9852
20 207 6756
20 208 8856
20 210 6498
20 212 7236
20 219 8167
20 224 6893
21 23 3818
21 30 9414
21 33 6007
21 40 9536
21 49 4463
21 53 6251
21 58 3714
21 61 9213
21 63 8291
21 72 799
21 77 1843
21 83 1166
21 90 5464
21 91 8062
21 96 1857
21 103 2995
21 104 8702
21 106 3186
21 107 8977
21 110 5136
21 113 785
21 114 4547
21 117 3309
21 125 404
21 129 6115
21 130 3317
21 138 205
21 144 8890
21 145 9339
21 146 6633
21 147 2768
21 151 3602
21 152 2385
21 167 7278
21 168 5852
21 185 3236
21 199 8049
21 206 4100
21 221 8999
22 28 461
22 30 6810
22 35 8032
22 39 2590
22 43 7922
22 50 4858
22 51 6479
22 53 2322
22 61 3396
22 67 6722
22 74 5483
22 76 6352
22 78 5615
22 80 3843
22 82 1850
22 84 407
22 88 4757
22 94 5118
22 95 1225
22 96 9115
22 98 7326
22 99 4385
22 102 9003
22 103 2024
22 105 9728
22 107 1925
22 112 4738
22 114 9210
22 120 5216
22 123 2937
22 126 4782
22 131 7706
22 134 709
22 138 8159
22 140 853
22 141 9679
22 142 9504
22 144 4449
22 145 4855
22 149 462
22 150 1422
22 152 2561
22 157 1627
22 166 4342
22 168 4150
22 170 1749
22 171 4209
22 173 3694
22 174 2739
22 175 2969
22 177 2083
22 184 6795
22 185 1530
22 192 8595
22 193 5214
22 194 3349
22 199 600
22 210 1626
22 212 6945
22 217 676
22 219 7054
23 32 4115
23 35 4274
23 36 7136
23 37 5741
23 38 2744
23 42 7059
23 43 9842
23 45 2782
23 47 7223
23 60 9142
23 64 7963
23 65 9349
23 66 8089
23 67 8973
23 97 4645
23 100 2838
23 101 4767
23 108 7847
23 112 8015
23 115 5216
23 116 1884
23 118 3319
23 128 7096
23 136 2020
23 137 6702
23 138 2856
23 140 6719
23 146 3814
23 148 1230
23 149 9193
23 152 2808
23 158 403
23 160 2135
23 171 32
23 184 2992
23 192 5764
23 195 3141
23 197 787
23 198 6344
23 199 6261
23 203 9946
23 205 4383
23 206 283
23 209 8569
23 211 6074
23 214 1208
23 215 5781
23 218 5017
23 219 4020
23 229 8891
24 26 1468
24 27 2740
24 31 5924
24 33 3405
24 36 3280
24 40 4396
24 44 4278
24 49 4207
24 56 7175
24 63 8410
24 65 7228
24 75 109
24 78 4023
24 80 6559
24 82 2825
24 83 730
24 89 6439
24 90 7416
24 91 225
24 95 6994
24 97 5623
24 98 2415
24 100 4478
24 102 4959
24 103 8785
24 105 6470
24 106 4866
24 107 4718
24 110 6991
24 115 3066
24 116 3835
24 117 9296
24 133 7177
24 136 28
24 138 6316
24 144 5025
24 145 6069
24 154 6730
24 155 8096
24 156 8867
24 201 9320
24 203 7888
24 205 4684
24 207 1269
24 209 8637
24 212 7530
24 213 512
24 214 6538
24 216 1152
24 227 6437
24 229 1013
25 26 8075
25 32 9831
25 33 941
25 34 9319
25 49 4766
25 50 1075
25 54 9112
25 57 230
25 58 3763
25 60 194
25 70 5554
25 77 8141
25 79 5227
25 80 5570
25 81 3236
25 82 2441
25 83 3900
25 85 349
25 99 3455
25 102 4012
25 103 7425
25 105 2114
25 114 215
25 117 1533
25 126 6129
25 127 7784
25 133 6733
25 135 3981
25 136 7891
25 138 6904
25 141 9205
25 152 2938
25 155 5117
25 156 5070
25 163 5903
25 165 9342
25 167 4876
25 174 4751
25 176 2429
25 177 5848
25 178 5254
25 180 9270
25 181 8001
25 189 7289
25 193 9876
25 195 6143
25 197 8989
25 203 5343
25 204 5170
25 208 4199
25 209 4058
25 212 4616
25 220 5247
25 222 1036
25 223 9802
25 225 3959
25 227 4427
26 29 5455
26 32 6486
26 42 8803
26 45 9836
26 46 8575
26 47 3187
26 51 804
26 56 9690
26 57 1990
26 58 9546
26 59 1830
26 61 8403
26 65 4396
26 67 9799
26 69 2411
26 71 7517
26 73 30
26 77 8557
26 85 2786
26 104 9108
26 109 3735
26 110 6786
26 115 8728
26 117 2509
26 120 2521
26 127 4826
26 129 2564
26 130 9479
26 132 2766
26 133 6792
26 135 6107
26 136 4075
26 138 9976
26 146 1748
26 157 6946
26 158 2781
26 159 1564
26 172 4837
26 175 4536
26 177 2912
26 181 3452
26 183 3801
26 186 3108
26 197 5627
26 202 7712
26 206 2146
26 208 105
26 210 506
26 215 1458
26 221 8215
26 227 9437
26 228 4225
27 28 2411
27 35 1558
27 37 863
27 39 6486
27 41 8244
27 43 4621
27 45 5
27 53 184
27 56 6070
27 58 1839
27 87 9071
27 89 4008
27 98 5378
27 104 1881
27 109 5341
27 111 6577
27 114 634
27 119 9492
27 125 1121
27 127 9089
27 132 5359
27 135 6305
27 137 5101
27 141 3872
27 144 5955
27 145 1790
27 146 1887
27 147 3831
27 149 210
27 153 9497
27 155 6171
27 158 5529
27 171 7007
27 173 9959
27 183 621
27 184 8614
27 190 638
27 192 504
27 196 3492
27 202 7189
27 211 1484
27 212 208
27 214 5590
27 216 1268
27 217 2405
27 227 9621
28 30 8034
28 35 1729
28 44 4719
28 49 6951
28 51 1235
28 52 4117
28 55 8351
28 56 4804
28 61 274
28 62 6161
28 67 6872
28 68 6472
28 71 8717
28 78 5272
28 81 2880
28 82 9015
28 87 6953
28 93 6856
28 94 356
28 102 8049
28 111 9778
28 114 8987
28 117 8645
28 118 3730
28 119 2698
28 128 8927
28 136 6411
28 137 6149
28 143 9953
28 146 2532
28 149 8872
28 155 5093
28 161 3880
28 163 5222
28 164 9617
28 169 5175
28 173 454
28 181 1115
28 184 4896
28 187 5747
28 189 2357
28 194 5427
28 195 1466
28 198 4256
28 203 1309
28 207 1769
28 210 7620
28 211 8300
28 214 5871
28 219 71
28 220 6571
28 228 5097
29 30 4670
29 33 7667
29 38 7977
29 46 6189
29 56 8734
29 57 3495
29 71 8130
29 74 325
29 81 2868
29 83 5602
29 86 1940
29 89 6471
29 99 6358
29 102 7284
29 103 3762
29 104 8072
29 106 7676
29 119 2533
29 123 6785
29 129 1502
29 133 7495
29 136 5842
29 144 2779
29 157 6788
29 158 8815
29 160 8231
29 165 9461
29 168 4823
29 173 7127
29 177 1321
29 178 3499
29 181 5116
29 185 6856
29 187 9460
29 191 6509
29 201 5824
29 202 4771
29 203 4014
29 205 198
29 213 8649
29 222 1722
29 223 7860
29 225 941
29 226 2511
30 32 2221
30 34 9764
30 37 7385
30 42 7338
30 47 7875
30 58 6515
30 68 4776
30 69 4352
30 70 8813
30 76 5824
30 78 4577
30 79 3601
30 83 7907
30 84 1803
30 87 7902
30 90 9684
30 91 2145
30 96 7648
30 100 324
30 101 9733
30 106 7552
30 111 1626
30 129 646
30 130 7329
30 139 6028
30 144 585
30 147 5261
30 158 8750
30 159 7962
30 160 8954
30 168 27
30 170 3239
30 171 1891
30 174 5657
30 179 1950
30 185 317
30 187 7697
30 188 7038
30 193 9708
30 198 2873
30 199 8557
30 202 6237
30 213 4442
30 219 2731
30 221 6490
31 34 2307
31 36 4656
31 45 938
31 49 1034
31 55 6981
31 57 6889
31 59 1315
31 64 8419
31 71 1369
31 79 6403
31 82 9811
31 83 8248
31 84 148
31 85 1815
31 86 8376
31 92 8541
31 93 4870
31 94 6328
31 101 2713
31 102 7226
31 105 6121
31 109 2265
31 110 5713
31 122 2999
31 131 9050
31 135 6774
31 142 9255
31 148 8831
31 150 4612
31 158 1492
31 159 9969
31 160 9641
31 164 8202
31 165 9939
31 173 2394
31 174 9230
31 178 3655
31 179 2323
31 186 1661
31 187 4535
31 194 1629
31 196 8173
31 201 1133
31 202 3464
31 204 2849
31 207 1646
31 214 7818
31 216 6844
31 217 7343
31 227 1867
32 40 2725
32 42 9743
32 43 6631
32 44 2508
32 46 7123
32 47 8646
32 49 1571
32 60 3617
32 61 9639
32 62 1347
32 66 8551
32 72 7638
32 78 2037
32 80 1980
32 81 1936
32 83 7930
32 84 1961
32 90 6284
32 95 1383
32 96 2645
32 99 5546
32 104 2686
32 108 9863
32 109 6348
32 118 9798
32 119 6028
32 120 6968
32 121 5229
32 122 6168
32 123 5590
32 125 8537
32 126 9194
32 127 1775
32 146 7734
32 147 3287
32 168 5513
32 169 8542
32 175 5810
32 176 8654
32 177 3599
32 180 4119
32 183 9251
32 190 3205
32 193 8228
32 199 2936
32 203 837
32 205 9298
32 208 948
32 209 5930
32 210 7751
32 211 6378
32 219 6568
32 223 1004
32 229 9377
33 37 334
33 39 2108
33 42 4752
33 47 709
33 49 2465
33 53 219
33 55 8777
33 56 1846
33 60 7116
33 75 2634
33 78 4927
33 79 5959
33 86 2225
33 88 302
33 92 7629
33 94 137
33 95 2487
33 101 3197
33 106 4137
33 108 1702
33 112 4484
33 113 3572
33 120 8907
33 125 2803
33 126 9073
33 127 5819
33 130 4672
33 131 8919
33 133 8190
33 134 208
33 137 6590
33 138 7910
33 140 8786
33 144 5977
33 151 7523
33 152 463
33 154 8575
33 157 3209
33 159 7878
33 160 8289
33 162 5043
33 163 4259
33 167 1316
33 171 9161
33 173 6181
33 174 8852
33 176 7241
33 187 5413
33 190 1031
33 193 5798
33 194 9840
33 195 4748
33 204 4204
33 209 6264
33 211 2931
33 212 8811
33 213 2617
33 218 5371
33 219 9221
33 220 9221
33 222 6623
33 223 3506
33 224 2358
33 225 2616
34 36 5962
34 37 9618
34 39 2151
34 41 7122
34 43 7456
34 44 298
34 45 6681
34 55 4475
34 59 9418
34 66 5891
34 67 793
34 68 5072
34 72 8560
34 82 2626
34 89 5825
34 100 5094
34 106 2750
34 109 2259
34 113 6183
34 114 9486
34 115 1675
34 118 233
34 135 4597
34 143 7914
34 146 448
34 147 52
34 148 3054
34 153 6538
34 164 2998
34 165 2736
34 169 5249
34 170 9403
34 177 690
34 188 205
34 190 5710
34 194 8007
34 207 72
34 208 3833
34 209 782
34 210 1895
34 211 5468
34 213 2423
34 216 8299
34 220 9351
34 221 3448
34 225 2828
34 228 168
35 38 6806
35 41 7888
35 52 2626
35 57 9668
35 66 6738
35 74 8152
35 76 619
35 77 9529
35 84 6512
35 86 3179
35 87 5749
35 89 8087
35 90 8919
35 93 8862
35 99 4266
35 100 3806
35 107 9654
35 113 5841
35 119 7358
35 122 3862
35 123 3047
35 126 1923
35 129 5001
35 130 3122
35 131 3170
35 133 5730
35 137 6074
35 145 7397
35 147 7740
35 154 9594
35 155 7639
35 156 8505
35 159 420
35 160 9087
35 168 4706
35 170 7136
35 174 6626
35 176 8655
35 177 2609
35 182 4420
35 186 7754
35 187 2245
35 193 8610
35 194 9195
35 196 7894
35 201 8865
35 202 66
35 205 953
35 210 9781
35 211 6781
35 220 6244
35 222 8005
35 223 7494
36 37 1467
36 41 3085
36 46 8618
36 55 5218
36 58 7411
36 61 1102
36 65 5453
36 68 6156
36 78 4138
36 79 3898
36 81 4349
36 84 3561
36 85 791
36 90 5786
36 95 3533
36 102 719
36 103 5384
36 112 9805
36 115 828
36 117 2853
36 121 4963
36 125 1677
36 131 5414
36 132 9753
36 135 9543
36 136 5253
36 143 4569
36 156 1617
36 160 2526
36 161 4191
36 164 7344
36 165 8654
36 167 8164
36 174 5647
36 185 9453
36 187 7701
36 190 7497
36 208 5943
36 223 5927
36 226 1697
36 228 6361
36 229 5412
37 39 4831
37 40 7645
37 44 1227
37 45 1091
37 48 6904
37 51 6539
37 64 1367
37 65 4140
37 67 8704
37 69 7570
37 71 987
37 72 611
37 74 5678
37 75 7191
37 77 2903
37 85 7242
37 86 268
37 97 8300
37 100 9645
37 104 318
37 105 4038
37 106 1847
37 109 9258
37 116 7847
37 121 9570
37 131 6978
37 136 8359
37 137 9575
37 148 3964
37 158 6033
37 160 7900
37 164 2489
37 165 5298
37 166 141
37 171 6252
37 174 16
37 175 1303
37 177 8936
37 178 6539
37 181 1102
37 183 3822
37 193 6386
37 194 2925
37 195 6686
37 221 1148
37 222 9017
37 223 1063
37 226 6103
38 39 851
38 47 2393
38 54 9407
38 56 5416
38 60 3577
38 65 893
38 68 4046
38 69 2663
38 87 9029
38 92 4470
38 93 2719
38 96 809
38 100 179
38 102 5717
38 105 511
38 107 6676
38 111 7140
38 112 9253
38 113 6946
38 115 2858
38 116 7250
38 117 6308
38 118 2043
38 122 9935
38 128 7027
38 129 1746
38 130 6160
38 131 3309
38 134 7152
38 138 8080
38 143 6666
38 147 5070
38 149 3031
38 151 8806
38 152 5047
38 156 4489
38 160 6755
38 166 4658
38 171 4265
38 191 3654
38 192 6302
38 195 7362
38 198 5373
38 206 5068
38 209 355
38 211 8272
38 212 1070
38 215 5695
38 219 7873
38 221 2903
38 227 7278
39 44 53
39 47 9574
39 53 4665
39 55 6650
39 61 6257
39 63 4119
39 64 4468
39 68 9326
39 69 9457
39 84 9205
39 87 1358
39 89 1650
39 93 7581
39 94 8091
39 95 7267
39 96 3336
39 100 8385
39 112 7529
39 116 7448
39 117 8719
39 124 5032
39 126 6036
39 127 980
39 128 5116
39 136 3242
39 137 6539
39 143 1917
39 146 4615
39 150 8744
39 151 10000
39 161 23
39 162 781
39 164 6941
39 168 7011
39 171 4272
39 172 9251
39 173 4028
39 174 6359
39 175 4865
39 176 1708
39 181 9327
39 182 9068
39 184 5995
39 188 1405
39 197 7257
39 199 4733
39 202 8995
39 204 4019
39 206 7672
39 208 3038
39 213 8329
39 215 9894
39 216 2106
39 218 2901
39 220 1272
39 221 5894
39 225 7153
39 227 4920
40 44 2720
40 45 7638
40 46 8057
40 47 2642
40 50 8872
40 51 203
40 52 6627
40 64 6231
40 67 9361
40 68 5705
40 70 3529
40 71 3289
40 73 9542
40 76 6365
40 78 9789
40 86 2242
40 89 4003
40 98 4407
40 115 4207
40 118 4802
40 124 7477
40 128 735
40 129 8014
40 137 3192
40 147 3386
40 150 1066
40 154 9434
40 155 2701
40 160 719
40 161 4539
40 169 5075
40 171 6198
40 175 6217
40 176 2562
40 177 4512
40 178 6324
40 179 9732
40 182 3652
40 185 1628
40 189 8434
40 199 9345
40 202 8136
40 208 8764
40 213 4460
40 215 7359
40 216 4959
40 223 2838
40 228 8221
41 43 3318
41 46 3781
41 52 3336
41 54 8306
41 57 6661
41 64 6613
41 69 6136
41 70 954
41 72 7516
41 96 3575
41 99 3996
41 102 8374
41 104 7137
41 105 7599
41 106 9200
41 107 5689
41 109 6997
41 111 7141
41 112 8797
41 115 2978
41 120 3927
41 124 5412
41 127 3465
41 129 7590
41 132 8873
41 139 961
41 140 2335
41 144 3705
41 147 6723
41 150 8034
41 152 1614
41 154 9479
41 158 140
41 161 7420
41 162 5963
41 163 2593
41 164 4951
41 166 341
41 167 717
41 168 6407
41 171 2401
41 172 3969
41 174 2449
41 175 4072
41 176 386
41 179 9091
41 183 454
41 188 485
41 194 9764
41 207 2488
41 211 6009
41 216 4979
41 226 6863
41 228 4433
41 229 8654
42 44 3108
42 49 4610
42 52 9737
42 61 6111
42 71 6135
42 72 9976
42 74 9898
42 75 2486
42 76 4163
42 83 4714
42 95 4895
42 97 104
42 98 976
42 102 629
42 104 4615
42 112 6924
42 119 8731
42 120 3951
42 121 1239
42 127 8777
42 128 6969
42 131 849
42 132 2931
42 134 2168
42 135 1663
42 137 8823
42 151 975
42 153 9981
42 159 9421
42 162 1954
42 166 9667
42 181 4073
42 185 6403
42 186 8492
42 191 3000
42 194 5249
42 195 6657
42 199 8178
42 207 9515
42 208 7524
42 214 6537
42 216 657
42 217 9011
42 220 9831
42 221 7307
43 48 7222
43 49 9339
43 50 337
43 56 4814
43 57 1710
43 67 4262
43 70 8493
43 80 3699
43 81 5697
43 83 2401
43 92 2362
43 93 6333
43 102 8193
43 103 2857
43 113 633
43 116 863
43 117 3202
43 120 160
43 123 9365
43 128 2213
43 129 1410
43 143 3946
43 148 2479
43 150 6007
43 157 7770
43 166 5766
43 172 2945
43 177 9253
43 179 8265
43 180 3713
43 187 6558
43 190 6850
43 192 7262
43 199 3854
43 200 3164
43 205 6905
43 209 8655
43 210 515
43 212 3884
43 214 3115
43 217 2918
43 224 8087
44 51 9485
44 55 1947
44 62 672
44 71 1230
44 72 3595
44 73 4378
44 74 8490
44 76 3596
44 78 638
44 83 5464
44 99 7001
44 100 2366
44 108 6921
44 111 3415
44 116 2534
44 118 7576
44 124 3311
44 129 1277
44 134 6958
44 135 1928
44 139 9746
44 144 3234
44 147 6010
44 148 3514
44 149 1551
44 153 7730
44 154 569
44 159 8710
44 162 1943
44 167 4108
44 168 4473
44 171 2902
44 174 8572
44 176 9237
44 180 4287
44 184 5068
44 186 2365
44 187 157
44 189 8867
44 196 1947
44 202 2353
44 208 4491
44 218 2094
44 222 8587
44 225 2842
44 227 7537
44 229 6561
45 49 5561
45 56 5642
45 59 9126
45 65 3128
45 70 2654
45 72 4988
45 76 4882
45 77 1008
45 78 6680
45 80 6492
45 81 8009
45 83 6224
45 86 9647
45 88 5777
45 89 4624
45 94 2024
45 103 7461
45 105 5773
45 106 2853
45 115 5758
45 116 7359
45 117 114
45 119 5921
45 120 2733
45 121 4742
45 122 3572
45 125 3688
45 126 9872
45 127 5284
45 132 8226
45 134 3080
45 138 1052
45 140 2682
45 146 7735
45 147 4491
45 156 326
45 162 5670
45 166 6403
45 167 9175
45 170 7544
45 171 9465
45 172 665
45 177 1878
45 178 5449
45 183 2261
45 190 5082
45 195 8011
45 202 2680
45 204 949
45 212 4486
45 214 7876
45 219 2195
45 225 9151
46 47 1291
46 56 869
46 58 6537
46 59 3039
46 64 2806
46 68 9797
46 69 7913
46 75 698
46 81 291
46 83 5562
46 92 6895
46 96 8371
46 102 8108
46 108 387
46 114 2984
46 127 4048
46 131 5134
46 133 1458
46 136 8834
46 144 2771
46 155 6106
46 156 5902
46 163 809
46 167 1972
46 169 9319
46 175 2721
46 176 5274
46 182 5632
46 202 6109
46 209 3977
46 216 384
46 218 6431
46 226 8517
46 227 7189
47 57 7330
47 69 6591
47 81 619
47 82 9748
47 88 4703
47 91 5003
47 92 9205
47 99 7853
47 103 6883
47 105 4104
47 117 3148
47 122 4717
47 137 6001
47 138 1989
47 142 3893
47 146 5147
47 151 9163
47 154 195
47 156 419
47 166 699
47 168 9812
47 173 366
47 175 7397
47 177 6696
47 178 7746
47 180 3292
47 182 2759
47 184 2247
47 185 1544
47 193 1290
47 194 7605
47 196 6706
47 202 534
47 207 9297
47 208 84
47 212 8263
47 216 2449
47 218 8225
47 224 4714
47 227 8293
47 228 3823
47 229 2854
48 56 2418
48 58 8135
48 60 5424
48 61 804
48 63 4461
48 68 8892
48 70 1001
48 79 3804
48 83 6901
48 86 2839
48 92 6419
48 98 3045
48 109 6264
48 113 1336
48 114 333
48 115 2280
48 121 7936
48 123 3118
48 126 5904
48 127 3871
48 130 6070
48 138 1538
48 139 3051
48 140 7526
48 156 1528
48 160 1961
48 163 8594
48 164 6216
48 176 935
48 185 3821
48 186 8458
48 192 8487
48 193 7707
48 200 7231
48 204 6924
48 208 6734
48 209 5696
48 212 805
48 216 2761
48 219 2548
48 226 5046
49 57 6278
49 60 2834
49 62 9741
49 73 2339
49 75 6017
49 82 6222
49 90 7977
49 96 6068
49 98 6435
49 103 6888
49 108 9058
49 109 136
49 122 3592
49 132 7789
49 135 5855
49 138 4542
49 143 7716
49 146 5985
49 147 3135
49 149 7158
49 154 6637
49 159 662
49 167 1950
49 171 5921
49 177 116
49 180 4987
49 188 2366
49 190 9287
49 191 7318
49 192 9036
49 194 4456
49 201 8992
49 210 2178
49 212 3121
49 214 2531
49 218 4259
49 219 7599
49 220 7089
49 223 6756
50 56 5693
50 65 8759
50 66 9813
50 69 6548
50 77 7961
50 81 595
50 85 1800
50 95 8783
50 100 6409
50 101 8516
50 103 3575
50 104 3592
50 108 4808
50 114 9705
50 120 6493
50 121 1852
50 127 1648
50 131 5566
50 132 7639
50 133 7371
50 134 7422
50 140 827
50 145 4978
50 149 7914
50 152 693
50 155 3070
50 156 3739
50 159 7422
50 161 3068
50 175 8583
50 180 2345
50 182 5628
50 183 4286
50 188 6997
50 189 995
50 191 206
50 196 6569
50 197 6224
50 205 7470
50 207 1779
50 208 9164
50 209 2903
50 211 9436
50 217 980
50 218 6255
50 224 4731
50 225 1030
50 226 9692
51 61 1703
51 65 1477
51 71 8856
51 77 9128
51 81 7546
51 87 5052
51 92 6643
51 95 4429
51 96 8034
51 100 9170
51 103 7231
51 108 2620
51 113 5451
51 116 8238
51 120 6412
51 124 1305
51 132 880
51 134 3840
51 135 1743
51 140 9529
51 144 7124
51 155 7380
51 156 1101
51 165 1674
51 179 4270
51 181 8447
51 189 8455
51 190 59
51 206 7749
51 207 1881
51 215 4092
51 220 328
51 222 189
51 225 2360
52 57 9538
52 66 7865
52 69 6523
52 80 5574
52 83 5520
52 84 6128
52 91 3334
52 94 6280
52 98 7518
52 99 2136
52 100 969
52 106 2678
52 107 4547
52 108 1271
52 110 1114
52 122 4635
52 126 2363
52 141 4428
52 145 8228
52 151 8049
52 163 6061
52 170 7770
52 173 659
52 180 7421
52 181 6140
52 182 3415
52 187 3138
52 196 3572
52 199 7346
52 200 2492
52 209 2969
52 215 8919
52 216 8374
52 217 7809
52 218 3392
53 56 1129
53 61 8777
53 73 9276
53 74 1584
53 93 7372
53 96 8317
53 102 9154
53 103 3904
53 112 4975
53 114 7978
53 116 1035
53 117 2650
53 120 4774
53 126 7692
53 127 1611
53 134 7956
53 135 815
53 142 325
53 146 2121
53 147 761
53 150 6268
53 155 3539
53 157 7089
53 163 120
53 167 1706
53 172 694
53 174 2057
53 176 8745
53 184 619
53 188 7178
53 190 8405
53 194 8720
53 197 4927
53 202 7792
53 208 9201
53 210 2405
53 212 3613
53 220 3770
53 222 4770
53 223 7420
53 224 2637
53 226 4670
53 227 1087
54 58 5553
54 61 3548
54 65 1684
54 72 2347
54 85 6256
54 91 8403
54 94 6607
54 95 8784
54 97 609
54 99 7568
54 102 8580
54 111 7949
54 113 3957
54 114 2698
54 122 5913
54 131 5156
54 133 5822
54 144 5394
54 148 3883
54 152 7522
54 154 6976
54 157 5468
54 159 8977
54 162 2077
54 169 1274
54 172 8539
54 175 2757
54 182 2492
54 186 2484
54 187 5618
54 188 9077
54 193 3767
54 196 2494
54 200 8915
54 203 2449
54 204 1907
54 206 5720
54 212 7285
54 213 1889
54 216 6946
55 61 1685
55 68 5722
55 70 4394
55 73 6091
55 76 1764
55 93 912
55 96 9674
55 97 7010
55 98 9647
55 105 8686
55 114 5063
55 121 3281
55 125 4629
55 130 3298
55 133 5116
55 137 9227
55 139 3330
55 149 7709
55 156 2523
55 164 9229
55 168 2644
55 169 3561
55 170 1686
55 171 3278
55 180 9977
55 187 2943
55 190 618
55 196 1696
55 197 8915
55 199 4466
55 203 841
55 204 8743
55 212 3895
55 213 6442
55 216 6094
55 218 5931
55 221 2344
55 222 5862
55 223 1359
55 226 8272
56 61 5529
56 71 5034
56 77 2391
56 79 7858
56 80 1762
56 99 496
56 101 3222
56 103 6760
56 106 4343
56 108 1352
56 110 1691
56 112 1254
56 115 8606
56 120 2792
56 123 8383
56 124 3056
56 126 576
56 137 3962
56 138 6232
56 148 4684
56 153 7141
56 154 4885
56 155 9718
56 158 48
56 162 2915
56 166 4623
56 172 9827
56 184 2478
56 192 3353
56 193 481
56 194 1426
56 195 2790
56 198 9274
56 200 2357
56 202 35
56 206 67
56 210 5513
56 213 365
56 214 5776
56 215 7893
56 226 1034
56 227 8039
57 58 8452
57 59 5340
57 61 4022
57 65 1843
57 72 6323
57 73 6248
57 81 137
57 85 1441
57 88 9447
57 92 9970
57 97 3648
57 100 3997
57 104 1479
57 105 8018
57 106 13
57 110 3248
57 116 6745
57 118 3512
57 121 6815
57 124 6869
57 126 1671
57 127 4794
57 128 4799
57 129 3559
57 137 4923
57 139 4816
57 141 1327
57 144 9644
57 158 3187
57 159 284
57 164 7832
57 167 5083
57 170 155
57 172 7043
57 185 5655
57 187 7522
57 188 5630
57 193 6194
57 195 8468
57 202 839
57 206 6640
57 209 1305
57 211 8761
57 215 4045
57 218 8169
57 219 4958
57 220 64
57 222 994
57 223 9066
58 59 1991
58 66 5300
58 68 2692
58 73 8105
58 80 1190
58 84 3496
58 85 5009
58 91 8029
58 94 5299
58 96 6633
58 112 8398
58 113 7492
58 116 9462
58 119 2406
58 123 5940
58 124 6636
58 131 9890
58 132 8536
58 138 9928
58 142 1077
58 146 3920
58 148 8475
58 149 1551
58 150 1149
58 152 940
58 164 3323
58 165 2651
58 171 5909
58 176 9302
58 181 2057
58 184 1478
58 191 7830
58 210 7381
58 212 9057
58 213 9234
58 218 1308
58 219 3761
58 220 6682
58 225 8869
59 61 4834
59 63 6883
59 76 6874
59 77 5054
59 79 5024
59 80 8436
59 83 2261
59 84 4021
59 85 5217
59 88 3323
59 90 8363
59 92 7008
59 102 2755
59 105 2555
59 107 6857
59 111 5057
59 112 6617
59 113 4136
59 116 3961
59 121 8941
59 130 7380
59 135 6441
59 136 1762
59 139 4128
59 141 102
59 143 5719
59 149 9278
59 151 8635
59 152 7186
59 157 7659
59 163 8333
59 164 9111
59 166 8652
59 167 1855
59 178 5894
59 182 9344
59 187 4202
59 189 8065
59 205 8829
59 206 2564
59 208 3928
59 214 1312
59 215 3993
59 219 8890
59 225 4346
59 226 2294
59 229 1879
60 66 5648
60 69 2277
60 77 478
60 79 5598
60 80 1094
60 82 6420
60 91 2990
60 94 8357
60 95 9264
60 97 8080
60 99 1318
60 101 3624
60 103 8205
60 107 1993
60 114 5150
60 119 8010
60 120 9345
60 122 4159
60 125 2700
60 126 7616
60 128 1331
60 130 3658
60 135 4581
60 138 9612
60 144 2665
60 151 9436
60 154 7118
60 158 4520
60 161 1916
60 163 8897
60 172 6395
60 179 3248
60 181 6338
60 190 6423
60 200 7658
60 204 3208
60 206 2382
60 209 3122
60 220 5022
60 222 6093
61 62 509
61 66 5852
61 68 6329
61 69 6650
61 71 5582
61 85 6453
61 87 9309
61 95 2142
61 96 5841
61 103 7455
61 104 7860
61 107 198
61 108 8318
61 117 3082
61 119 1304
61 121 1474
61 122 7208
61 127 1506
61 128 1055
61 129 8430
61 136 4719
61 139 8099
61 142 1493
61 144 6635
61 153 1818
61 154 3209
61 156 2721
61 162 6225
61 164 7408
61 165 767
61 176 8077
61 178 4926
61 179 2433
61 180 7502
61 182 8517
61 185 2383
61 187 5413
61 188 9848
61 192 9801
61 193 7481
61 196 2800
61 198 7936
61 202 8103
61 203 3576
61 204 3753
61 205 4131
61 206 7546
61 208 892
61 224 8750
61 227 2481
61 228 7310
61 229 1017
62 71 3951
62 73 4833
62 74 8465
62 80 9166
62 87 6679
62 89 1166
62 100 2263
62 105 7835
62 108 98
62 112 4910
62 115 1988
62 116 2228
62 117 3797
62 119 2991
62 120 3273
62 125 4083
62 133 8149
62 141 9428
62 142 1318
62 145 4713
62 146 2817
62 149 3327
62 150 8024
62 151 8991
62 156 5671
62 158 7490
62 159 6088
62 162 6053
62 164 5500
62 167 4803
62 169 9851
62 170 7251
62 175 8633
62 176 9495
62 177 4531
62 178 2982
62 179 5419
62 181 6981
62 182 1041
62 191 5688
62 222 5986
62 223 7395
63 65 4172
63 67 3502
63 69 4855
63 81 2012
63 85 4635
63 89 7933
63 91 2109
63 96 9980
63 102 3997
63 112 8382
63 113 461
63 116 9753
63 117 4566
63 118 2945
63 119 5137
63 122 2008
63 123 9746
63 134 3106
63 140 5149
63 149 9978
63 150 5536
63 153 4966
63 154 3842
63 174 2033
63 175 6321
63 178 2645
63 180 1689
63 185 773
63 186 8072
63 189 4110
63 192 4469
63 199 5271
63 202 2565
63 214 9575
63 215 1736
63 217 4553
63 229 2798
64 65 4588
64 69 2226
64 78 8050
64 82 4539
64 92 8435
64 94 2225
64 96 3329
64 104 7376
64 105 2543
64 107 4181
64 121 1097
64 124 5948
64 128 4899
64 130 6443
64 132 4246
64 139 6306
64 141 4244
64 143 6303
64 149 1747
64 155 2383
64 169 6112
64 175 607
64 182 8089
64 185 3362
64 188 2303
64 191 4669
64 192 8367
64 193 5899
64 194 8596
64 199 5299
64 201 660
64 202 2361
64 206 2732
64 207 4944
64 208 2834
64 212 1949
64 216 1215
64 219 4220
64 221 8063
64 224 4633
64 225 3588
65 67 275
65 68 6370
65 72 4607
65 75 4892
65 77 3273
65 79 1845
65 80 4133
65 84 8454
65 85 7281
65 86 2921
65 87 6655
65 88 8527
65 98 4625
65 99 2997
65 101 8993
65 102 2456
65 105 384
65 112 4841
65 114 1729
65 117 2930
65 127 378
65 130 2977
65 133 7122
65 140 2931
65 148 3123
65 154 9268
65 155 6396
65 158 5165
65 167 9619
65 173 4982
65 174 3136
65 176 4248
65 199 5980
65 203 903
65 209 8600
65 210 5428
65 218 1561
65 221 8167
65 224 4403
66 69 4615
66 70 7495
66 74 2364
66 85 6235
66 88 5782
66 100 5377
66 101 7583
66 104 9071
66 106 3186
66 108 7647
66 112 7626
66 113 8806
66 118 5409
66 119 8639
66 123 159
66 125 8219
66 134 391
66 136 5878
66 141 2194
66 144 1723
66 146 6300
66 149 6423
66 155 8852
66 156 8967
66 157 8032
66 171 6704
66 174 6524
66 175 7739
66 177 859
66 180 6810
66 181 3230
66 184 8048
66 186 1367
66 187 4276
66 190 7615
66 195 6532
66 196 7541
66 199 8798
66 203 7822
66 206 368
66 208 5262
66 210 5940
66 211 8510
66 215 4355
66 218 2065
66 219 4666
66 227 6183
66 228 1188
67 71 9979
67 73 8912
67 84 6674
67 85 5961
67 89 1232
67 90 4386
67 91 534
67 92 7564
67 96 4352
67 97 8109
67 98 1094
67 100 4683
67 101 7999
67 103 3726
67 104 1967
67 106 9417
67 107 2580
67 108 2353
67 113 3279
67 125 7633
67 130 2755
67 137 2335
67 140 7230
67 144 9161
67 159 8318
67 160 5979
67 164 9728
67 167 454
67 168 5030
67 171 701
67 173 5554
67 176 8581
67 179 9419
67 180 4547
67 182 4501
67 185 5600
67 186 1798
67 189 9139
67 190 3975
67 194 2674
67 200 6121
67 206 8523
67 212 5840
67 213 884
67 214 2111
67 216 562
67 219 6487
67 226 2387
68 74 9258
68 85 9662
68 91 3827
68 96 6238
68 106 3380
68 122 8584
68 124 6116
68 127 2156
68 130 7790
68 137 1992
68 141 39
68 143 4518
68 144 8424
68 148 9832
68 154 7255
68 157 1557
68 175 7497
68 176 1660
68 177 2277
68 187 4358
68 191 5352
68 195 7199
68 200 7488
68 207 2107
68 211 2712
68 212 119
68 215 2531
68 220 6729
68 223 8912
68 226 6209
68 229 1789
69 74 9653
69 77 7697
69 80 5499
69 83 9993
69 85 905
69 87 7115
69 89 7378
69 93 3177
69 95 9858
69 106 9047
69 113 1430
69 114 29
69 118 4148
69 119 5405
69 121 4871
69 123 6257
69 127 2625
69 134 2605
69 139 560
69 140 1037
69 143 1709
69 146 4865
69 154 2803
69 155 3445
69 158 5380
69 163 4307
69 165 9465
69 167 2452
69 169 182
69 171 4845
69 173 1003
69 174 7820
69 177 1221
69 181 7305
69 184 6458
69 195 5054
69 200 7282
69 201 3123
69 215 9212
69 218 6525
70 71 4481
70 76 96
70 79 2067
70 84 7049
70 85 6528
70 90 1906
70 93 6377
70 95 8628
70 98 2489
70 99 1168
70 100 1198
70 111 5018
70 112 1316
70 117 4435
70 118 1262
70 129 875
70 130 6175
70 133 1739
70 135 5650
70 138 2775
70 144 5411
70 147 5478
70 149 4525
70 155 7975
70 157 6836
70 159 2703
70 166 5362
70 167 8833
70 169 8349
70 170 4086
70 175 3843
70 177 4124
70 180 4492
70 181 9867
70 188 5882
70 196 9762
70 197 3361
70 198 362
70 203 1339
70 205 582
70 208 1759
70 226 6293
70 229 1061
71 81 1807
71 84 2873
71 85 8259
71 88 6763
71 94 2958
71 106 6859
71 111 6552
71 115 7580
71 118 8392
71 119 7939
71 120 1639
71 121 4787
71 124 9603
71 126 1247
71 128 8680
71 130 6264
71 131 2127
71 134 5858
71 138 228
71 139 6226
71 140 4270
71 141 691
71 147 7038
71 150 5735
71 153 9541
71 164 1896
71 167 6322
71 170 3033
71 173 900
71 174 4429
71 179 7458
71 181 7219
71 194 8820
71 195 4911
71 196 9374
71 199 891
71 206 5089
71 207 3841
71 208 868
71 209 5526
71 210 2218
71 212 5953
71 215 4413
71 219 2741
71 220 8779
71 222 5141
71 223 4140
72 76 4285
72 79 425
72 80 9445
72 86 6247
72 89 1448
72 92 4134
72 96 3223
72 97 267
72 98 5074
72 104 9898
72 111 2356
72 112 316
72 113 995
72 118 2203
72 119 3820
72 134 5254
72 139 9427
72 145 1589
72 152 3091
72 153 1875
72 154 5582
72 155 9418
72 156 2463
72 157 6241
72 159 3618
72 160 8899
72 165 474
72 170 4893
72 178 6655
72 185 3965
72 186 1877
72 194 4340
72 206 3931
72 207 3169
72 210 2249
72 212 5322
72 214 4281
72 215 4642
72 217 9036
72 219 5054
72 220 1341
72 226 7532
72 227 9357
72 228 3050
72 229 2273
73 76 5561
73 80 98
73 83 2438
73 84 4861
73 86 6129
73 88 6466
73 90 6629
73 102 9291
73 105 5289
73 107 2327
73 110 1352
73 116 5213
73 125 656
73 128 884
73 129 8265
73 133 2245
73 135 5275
73 143 1667
73 151 8484
73 152 2276
73 159 4846
73 162 54
73 167 9568
73 170 996
73 178 9952
73 182 24
73 183 6070
73 185 6770
73 188 8689
73 195 9803
73 197 6911
73 199 7701
73 201 422
73 202 1061
73 209 7367
73 210 3649
73 211 3401
73 218 7183
73 219 3618
73 221 3224
74 83 3122
74 86 7120
74 97 8227
74 98 4021
74 99 4005
74 101 9221
74 102 6315
74 103 5743
74 120 2754
74 121 1862
74 128 8671
74 132 4694
74 133 4923
74 147 9591
74 149 2806
74 150 9576
74 155 1578
74 159 4011
74 161 6992
74 165 4355
74 168 9961
74 172 4666
74 173 7702
74 176 6296
74 178 4525
74 191 329
74 192 5498
74 193 1876
74 196 5085
74 197 9047
74 208 3141
74 213 8224
74 214 6244
74 216 5211
74 217 4005
74 218 5943
74 219 1507
74 220 2490
74 224 7822
74 229 3748
75 76 3035
75 80 42
75 85 9192
75 89 9566
75 91 217
75 92 7951
75 93 1419
75 94 2284
75 98 1991
75 100 56
75 102 9169
75 103 8061
75 104 5949
75 108 8072
75 109 1856
75 118 4980
75 119 7618
75 121 8079
75 128 164
75 135 7283
75 137 6784
75 139 7017
75 141 5073
75 151 5506
75 156 8172
75 167 5869
75 169 7748
75 171 7227
75 176 5707
75 179 4
75 181 7414
75 186 4350
75 189 3612
75 190 2631
75 191 2368
75 192 2602
75 206 8941
75 214 5389
75 218 6794
75 221 5288
75 224 2312
75 228 6806
76 77 3819
76 79 1028
76 84 234
76 87 8267
76 93 7432
76 110 9010
76 112 6042
76 113 1982
76 116 908
76 117 8846
76 122 3258
76 128 5929
76 132 7833
76 137 7432
76 138 9062
76 139 9177
76 153 406
76 165 1387
76 166 6821
76 171 1011
76 175 9394
76 183 4309
76 187 6655
76 194 7382
76 196 8247
76 199 2088
76 200 9593
76 202 2950
76 205 2942
76 209 2249
76 216 3741
76 218 9690
76 222 472
76 224 4613
76 225 9802
76 226 9547
76 227 1308
77 82 2086
77 88 1174
77 92 9200
77 96 1559
77 98 6642
77 100 8406
77 109 4979
77 111 7626
77 115 7763
77 123 7711
77 125 2121
77 126 5994
77 132 6854
77 135 8074
77 148 7915
77 157 8662
77 177 8326
77 182 2660
77 184 3164
77 190 3042
77 193 6645
77 207 1714
77 214 2915
77 215 1877
77 221 7392
77 224 52
77 225 9938
77 226 9346
77 229 5018
78 84 9503
78 93 1222
78 94 7859
78 110 1196
78 116 1602
78 122 2106
78 123 7943
78 125 5236
78 126 4918
78 127 4334
78 130 7683
78 131 8261
78 133 8949
78 138 1969
78 143 2383
78 146 3598
78 151 2194
78 152 8070
78 162 5008
78 163 7883
78 164 6254
78 176 6249
78 179 8227
78 181 3972
78 184 4946
78 186 3726
78 192 65
78 193 4550
78 201 4714
78 202 1118
78 207 9275
78 214 4014
78 219 1168
78 222 1510
78 224 4104
78 229 5610
79 84 2916
79 89 3625
79 92 861
79 94 134
79 98 4392
79 100 1931
79 103 8852
79 105 8193
79 107 7844
79 108 4157
79 118 2888
79 120 2563
79 121 2434
79 126 1607
79 132 6192
79 134 214
79 137 7755
79 139 2063
79 141 6526
79 147 7192
79 148 5242
79 149 488
79 150 8444
79 153 8116
79 155 3422
79 156 843
79 157 3759
79 158 6014
79 160 3976
79 165 4992
79 167 2049
79 169 3044
79 182 2932
79 186 1312
79 189 5664
79 192 3863
79 203 9992
79 207 6668
79 213 1162
79 216 8179
79 224 8912
79 226 6612
80 82 5667
80 84 720
80 100 2893
80 104 8554
80 105 8437
80 107 765
80 117 2277
80 118 4529
80 119 368
80 124 7462
80 125 6733
80 132 2697
80 134 2277
80 135 6193
80 147 7148
80 154 7898
80 160 2926
80 161 6435
80 173 9190
80 174 1929
80 175 2447
80 180 4146
80 181 9671
80 183 9433
80 185 1497
80 195 985
80 204 1007
80 217 6466
80 220 6599
80 221 2362
80 222 172
80 223 5458
80 225 6474
80 228 1489
81 86 5314
81 94 9267
81 113 1888
81 117 3468
81 121 6289
81 122 3430
81 127 5147
81 128 782
81 129 4094
81 133 7361
81 137 5769
81 140 44
81 141 4952
81 143 3969
81 146 362
81 151 6311
81 155 3354
81 157 253
81 159 2578
81 161 7601
81 164 4850
81 171 7922
81 172 7365
81 174 9229
81 175 7095
81 181 7670
81 186 7449
81 188 8397
81 189 9294
81 190 6856
81 191 4742
81 193 3258
81 194 3859
81 200 3950
81 201 5652
81 203 2533
81 204 6826
81 205 2791
81 209 2208
81 211 5065
81 214 17
81 222 8586
82 86 9085
82 92 9172
82 99 6769
82 102 1331
82 109 1928
82 111 8390
82 113 7887
82 116 4498
82 118 5012
82 119 3867
82 121 5911
82 123 2815
82 124 5471
82 126 639
82 133 962
82 151 8911
82 154 2763
82 160 1694
82 161 1509
82 162 7147
82 164 5068
82 166 1956
82 169 5932
82 171 7674
82 173 7465
82 182 6255
82 185 310
82 186 8485
82 193 8354
82 195 504
82 204 3651
82 205 3751
82 210 839
82 218 4781
82 223 400
82 226 1855
83 85 1138
83 87 3255
83 92 8141
83 93 4047
83 98 3128
83 106 1018
83 109 5266
83 112 9778
83 113 3341
83 134 8876
83 136 6501
83 137 3443
83 141 3156
83 149 1321
83 156 4674
83 159 1601
83 162 1429
83 166 7272
83 169 3460
83 171 6049
83 178 11
83 179 4619
83 181 6643
83 186 4600
83 191 2053
83 194 3550
83 195 3126
83 199 2867
83 209 4650
83 212 1054
83 213 5392
83 214 785
83 218 6268
83 226 4007
84 85 6585
84 93 6452
84 95 5410
84 96 455
84 107 6841
84 109 6175
84 110 2699
84 123 5672
84 124 7518
84 127 3839
84 130 4377
84 136 1058
84 143 4319
84 146 5113
84 157 5516
84 165 1666
84 167 4901
84 170 9336
84 171 5858
84 184 5715
84 189 2569
84 192 4891
84 198 9619
84 199 77
84 204 892
84 205 4390
84 215 2505
84 228 1771
85 88 114
85 91 3916
85 94 2026
85 96 479
85 103 8289
85 110 6424
85 115 8280
85 117 4174
85 118 2038
85 125 3861
85 128 5696
85 133 4664
85 141 9480
85 142 8208
85 143 4807
85 146 6124
85 151 2216
85 152 9143
85 153 524
85 154 5036
85 155 4229
85 156 9894
85 159 2357
85 161 2699
85 165 2506
85 167 6698
85 172 6751
85 174 923
85 177 2420
85 179 8909
85 183 2006
85 185 8555
85 190 8018
85 199 3425
85 207 6338
85 208 9430
85 221 8119
85 223 1688
86 88 7484
86 98 6726
86 101 9507
86 102 8549
86 103 5044
86 104 916
86 106 9237
86 111 890
86 112 3599
86 114 251
86 115 6136
86 127 7502
86 129 7412
86 133 3403
86 138 8082
86 145 6110
86 151 5610
86 159 5205
86 165 7254
86 170 8045
86 171 4261
86 174 9744
86 176 2540
86 177 8646
86 184 1734
86 186 596
86 193 1572
86 196 9292
86 197 1267
86 205 6072
86 209 7035
86 210 1523
86 213 2569
86 214 6085
86 215 4189
86 223 4919
86 225 3958
86 226 957
86 228 3693
86 229 3915
87 88 7123
87 89 3914
87 90 8376
87 91 2209
87 93 3494
87 97 2753
87 99 6110
87 103 6589
87 106 5596
87 110 6244
87 111 91
87 112 9492
87 116 3773
87 119 4495
87 122 453
87 125 8749
87 130 1813
87 131 4764
87 132 7081
87 135 3398
87 144 4205
87 145 2200
87 162 9384
87 163 7486
87 164 9926
87 166 7458
87 171 545
87 175 7550
87 178 9034
87 189 9342
87 196 2228
87 197 8046
87 199 5921
87 202 8361
87 205 816
87 206 3331
87 208 8685
87 209 5803
87 210 8910
87 214 7439
87 217 7517
87 219 3671
87 222 7755
87 225 7021
87 226 8724
88 96 8046
88 100 1522
88 106 4132
88 109 3292
88 112 2477
88 114 2926
88 119 9376
88 124 9029
88 130 2106
88 133 3910
88 137 723
88 138 2007
88 141 3106
88 143 3392
88 152 3105
88 158 6216
88 163 3940
88 168 7650
88 171 3063
88 175 7520
88 183 4789
88 186 8045
88 188 1338
88 189 1154
88 197 3739
88 204 8510
88 206 2779
88 207 4517
88 209 1588
88 211 2121
88 212 9915
88 221 3627
88 227 2521
89 95 6155
89 97 6673
89 106 9054
89 111 7026
89 112 1750
89 116 3066
89 118 7380
89 122 106
89 123 285
89 126 5555
89 128 6512
89 132 480
89 133 5878
89 134 6843
89 135 4789
89 139 2693
89 141 7797
89 144 5184
89 148 191
89 152 6790
89 154 9435
89 156 1470
89 160 8797
89 167 8773
89 168 4256
89 169 4982
89 175 3397
89 176 7998
89 177 7360
89 184 4595
89 188 4920
89 190 9419
89 196 5417
89 198 2871
89 215 8892
89 216 1322
89 219 6540
89 222 6857
89 224 5742
89 225 1079
89 226 230
90 92 3842
90 93 4808
90 94 8916
90 99 7858
90 101 2912
90 102 5807
90 110 6170
90 115 1575
90 129 3508
90 130 4070
90 139 124
90 140 4986
90 141 6241
90 149 6109
90 152 198
90 155 4633
90 159 4212
90 161 3204
90 162 1841
90 175 6404
90 177 1200
90 182 6134
90 183 1583
90 188 279
90 190 6214
90 196 2335
90 197 5469
90 205 7098
90 208 5304
90 215 2153
90 216 8037
90 219 127
90 220 5654
90 222 4978
90 223 4482
90 226 8289
90 228 2198
91 104 9318
91 107 4815
91 108 1407
91 110 4014
91 111 1526
91 112 5648
91 124 2278
91 128 5740
91 141 9099
91 144 1334
91 146 4840
91 153 3271
91 157 7163
91 164 1644
91 166 670
91 168 6009
91 175 8170
91 177 8492
91 178 3144
91 179 4628
91 192 7155
91 194 4305
91 205 9459
91 210 9822
91 213 1015
91 218 365
91 220 4360
91 221 5448
91 223 5343
91 226 9010
91 229 6322
92 103 2324
92 104 2117
92 107 1276
92 108 1507
92 110 3925
92 113 4461
92 115 5545
92 119 9599
92 126 3932
92 135 9227
92 137 456
92 140 6815
92 143 9241
92 144 4394
92 147 8637
92 150 701
92 154 355
92 159 7109
92 171 7839
92 172 2208
92 177 5844
92 178 1253
92 179 1328
92 181 5873
92 182 2595
92 183 6693
92 186 6725
92 187 6883
92 190 7914
92 196 2092
92 205 9371
92 206 1942
92 216 9573
92 224 6589
92 225 6542
93 94 9661
93 96 8438
93 97 5737
93 105 2355
93 112 6512
93 120 811
93 122 1317
93 124 7969
93 129 8684
93 136 3435
93 138 7401
93 141 3616
93 143 2090
93 144 9193
93 145 4871
93 147 7610
93 148 7103
93 154 7911
93 156 1725
93 158 3546
93 169 2121
93 170 1178
93 174 5862
93 178 3328
93 186 7071
93 194 8543
93 198 982
93 206 9141
93 216 9505
93 220 7404
93 229 2360
94 97 508
94 98 8505
94 104 5187
94 105 5275
94 125 8315
94 127 5259
94 129 9737
94 135 7597
94 138 7603
94 142 2090
94 146 7187
94 149 6879
94 150 4869
94 152 2684
94 153 9294
94 156 4702
94 174 3311
94 178 3679
94 179 3798
94 185 5312
94 189 4756
94 190 8089
94 194 197
94 200 4287
94 207 3467
94 212 7719
94 214 1071
94 215 3492
94 218 2733
94 224 8433
94 229 8803
95 97 7288
95 109 1986
95 110 7150
95 112 9891
95 122 6063
95 124 2633
95 130 9162
95 136 4956
95 137 5498
95 138 5307
95 142 9653
95 143 1226
95 144 5352
95 146 1017
95 151 4758
95 156 2807
95 160 6388
95 163 2178
95 165 9472
95 170 40
95 171 4771
95 179 212
95 180 755
95 184 7994
95 186 8623
95 187 2035
95 192 8432
95 199 7527
95 215 4703
95 222 2350
96 111 1160
96 121 1805
96 122 1452
96 125 1866
96 129 2683
96 137 3122
96 138 6675
96 140 7606
96 142 8593
96 143 8669
96 149 6038
96 151 8158
96 154 9730
96 163 7682
96 171 2831
96 173 7623
96 175 9081
96 176 1218
96 178 1845
96 188 4463
96 189 6088
96 191 6627
96 196 1680
96 199 545
96 201 2035
96 204 5682
96 210 5972
96 223 6065
96 224 5757
96 227 1050
96 228 6971
96 229 3319
97 102 5116
97 103 8034
97 116 6980
97 123 6846
97 128 2957
97 131 6846
97 138 9961
97 143 5109
97 145 2894
97 151 5447
97 152 2252
97 155 9264
97 162 2263
97 166 7533
97 170 5499
97 175 2852
97 179 2977
97 180 3363
97 181 9413
97 183 413
97 187 8827
97 191 9551
97 192 9892
97 197 5374
97 202 9050
97 203 5115
97 209 7273
97 212 7953
97 220 4469
97 228 1167
98 102 2254
98 110 2391
98 113 9764
98 122 2043
98 124 568
98 136 2888
98 137 4290
98 139 9602
98 143 9215
98 148 5729
98 153 9496
98 156 2231
98 162 7646
98 181 532
98 182 7630
98 184 298
98 187 6052
98 189 5169
98 192 6427
98 200 4417
98 210 2182
98 229 4202
99 104 7146
99 114 7245
99 116 3422
99 117 8767
99 123 6876
99 129 1351
99 130 9679
99 131 8047
99 135 6371
99 143 6472
99 144 9791
99 147 3031
99 148 1244
99 149 5074
99 152 4592
99 154 8844
99 156 4664
99 157 153
99 170 5395
99 171 9264
99 174 6925
99 178 2285
99 181 1817
99 182 7481
99 187 2075
99 191 7771
99 193 9281
99 197 5381
99 200 3819
99 202 4858
99 205 2695
99 208 8149
99 209 1541
99 214 90
99 215 4173
100 107 4684
100 111 3504
100 117 8811
100 128 6411
100 130 8421
100 132 6913
100 136 5372
100 144 1929
100 145 554
100 148 3647
100 149 8562
100 152 2057
100 158 3523
100 169 4989
100 172 9783
100 178 3783
100 180 4674
100 189 3757
100 190 3775
100 191 170
100 192 4457
100 194 8968
100 195 1891
100 208 5648
100 211 7236
100 216 2154
100 218 6007
100 219 6744
100 220 3261
100 225 5320
101 102 8305
101 105 6784
101 107 6449
101 109 5788
101 113 4950
101 115 7440
101 118 3995
101 119 5854
101 123 6889
101 124 9981
101 130 8953
101 133 6570
101 134 7331
101 148 5450
101 156 2817
101 163 2380
101 169 2563
101 184 5623
101 186 9042
101 192 5011
101 194 5667
101 196 459
101 197 9928
101 201 5715
101 202 2623
101 211 7662
101 223 8665
101 226 6730
101 227 2746
102 107 8729
102 114 4437
102 116 5420
102 119 3737
102 121 8488
102 126 5641
102 130 9086
102 131 9123
102 132 7023
102 138 5342
102 142 6604
102 145 2516
102 149 3075
102 152 2280
102 157 7185
102 158 2281
102 159 1968
102 163 3556
102 171 2525
102 173 812
102 176 2271
102 178 255
102 179 492
102 183 1819
102 186 7845
102 189 3658
102 193 3090
102 197 5376
102 200 7407
102 203 1513
102 210 6129
102 211 9711
102 212 4505
102 215 3311
102 221 1398
102 228 8304
103 106 6231
103 107 2025
103 108 7034
103 111 8541
103 118 6059
103 122 1457
103 126 715
103 129 1160
103 134 4316
103 137 5619
103 140 214
103 142 4344
103 143 830
103 159 2734
103 163 9049
103 164 8787
103 170 8178
103 172 2275
103 184 6593
103 192 4004
103 197 9866
103 208 9287
103 209 8864
103 213 5707
103 214 2174
103 215 1814
103 219 5927
103 223 1456
103 226 7774
103 227 57
103 229 3990
104 106 2342
104 110 4984
104 113 9006
104 114 7969
104 121 8683
104 126 307
104 128 9966
104 133 14
104 141 2333
104 142 6528
104 143 806
104 144 1260
104 147 6281
104 150 7494
104 154 1168
104 158 8422
104 162 8212
104 163 3450
104 171 3687
104 172 8936
104 187 4326
104 190 8388
104 192 4946
104 197 2689
104 201 1791
104 203 9939
104 209 7065
104 213 5028
104 217 8317
104 218 2232
104 219 4888
104 220 8360
104 227 4822
105 113 209
105 116 7255
105 118 1893
105 119 3394
105 126 7894
105 133 4076
105 138 3315
105 139 7597
105 154 3445
105 158 5145
105 159 7888
105 165 6054
105 170 3862
105 171 6677
105 177 8520
105 181 8942
105 183 1403
105 187 6738
105 188 1999
105 192 6253
105 197 667
105 200 730
105 201 9282
105 203 5471
105 207 495
105 208 9902
105 217 7987
105 218 4281
106 107 25
106 109 3616
106 112 6737
106 128 4906
106 130 8730
106 141 4671
106 142 646
106 148 9215
106 152 4128
106 158 9801
106 159 3261
106 160 4815
106 167 8426
106 169 8697
106 176 3801
106 181 40
106 184 5363
106 185 2127
106 193 3156
106 195 8989
106 197 7815
106 198 5327
106 199 4772
106 200 8073
106 203 2834
106 207 3118
106 211 789
106 220 2948
106 227 4542
106 229 7391
107 109 7723
107 118 4544
107 119 746
107 120 4873
107 125 768
107 127 4457
107 131 9731
107 135 6688
107 138 6904
107 139 7285
107 143 749
107 149 7817
107 150 9756
107 157 1980
107 158 2980
107 159 9926
107 160 5314
107 165 385
107 167 2563
107 176 9496
107 178 9691
107 182 1752
107 183 4909
107 187 6198
107 190 3293
107 192 1411
107 197 9828
107 200 9212
107 209 7978
107 214 247
107 224 2253
107 225 4896
107 229 6151
108 110 7646
108 114 708
108 115 34
108 118 9545
108 123 3177
108 125 2843
108 129 2891
108 130 7837
108 136 5268
108 140 6262
108 149 6510
108 153 7323
108 155 9396
108 158 490
108 159 7652
108 165 7429
108 168 9342
108 179 3340
108 181 1605
108 182 7317
108 186 5363
108 188 9693
108 192 9224
108 193 9966
108 197 7185
108 201 6927
108 211 7671
108 218 7808
108 224 1569
108 227 5008
109 110 7414
109 113 3616
109 118 3125
109 127 7537
109 129 6671
109 131 5340
109 136 4191
109 137 8039
109 138 8978
109 141 1860
109 144 5562
109 145 1248
109 147 9623
109 149 5595
109 153 8489
109 155 6757
109 156 3026
109 164 176
109 171 9037
109 177 9669
109 180 9236
109 189 8289
109 192 4719
109 193 6346
109 194 3596
109 198 8306
109 199 4353
109 200 1868
109 204 965
109 205 9998
109 212 3376
109 213 6560
109 214 7620
109 215 2450
109 216 3668
109 219 2283
109 221 2905
109 222 1940
109 225 8702
109 227 3776
110 113 6780
110 115 1342
110 117 7265
110 126 6456
110 130 9373
110 136 7058
110 139 3503
110 142 709
110 145 2107
110 148 1721
110 156 9770
110 163 7726
110 165 1448
110 170 9256
110 175 1218
110 178 5573
110 179 4252
110 180 5287
110 182 9104
110 187 3942
110 189 5615
110 193 1919
110 197 6372
110 208 9196
110 209 4779
110 214 5668
110 225 5023
110 226 6752
111 115 8425
111 123 7051
111 126 5107
111 127 6033
111 129 137
111 134 1396
111 140 6208
111 147 6870
111 149 2653
111 153 7513
111 156 1083
111 157 7316
111 158 2797
111 163 2782
111 164 5277
111 173 3358
111 174 3074
111 175 5304
111 177 2109
111 178 271
111 183 3162
111 190 6246
111 198 7949
111 200 9563
111 203 6251
111 205 3531
111 207 6047
111 209 392
111 216 3557
111 218 323
111 220 3632
111 222 5848
111 227 3795
112 113 1077
112 115 7020
112 117 1332
112 128 2805
112 131 5211
112 135 2870
112 146 6316
112 149 4119
112 157 9718
112 160 9007
112 171 3751
112 172 466
112 178 7916
112 182 8632
112 184 6599
112 187 172
112 195 6902
112 199 2875
112 204 7009
112 207 4662
112 212 3857
112 213 997
112 215 8975
112 216 3050
112 218 5702
112 219 1112
112 226 1436
112 228 6090
112 229 5590
113 116 3082
113 117 8891
113 120 6579
113 125 4570
113 130 3025
113 131 8437
113 142 7367
113 146 4337
113 151 4839
113 152 3057
113 165 9450
113 174 6283
113 177 4495
113 180 6265
113 182 7704
113 183 6844
113 193 3354
113 196 7202
113 197 4428
113 200 3682
113 206 306
113 207 3904
113 209 3456
113 211 4187
113 217 6015
113 220 7384
113 229 5186
114 115 5576
114 120 5331
114 122 7630
114 123 1987
114 129 7935
114 133 6468
114 137 8014
114 139 2248
114 144 964
114 153 1277
114 160 7100
114 163 4452
114 164 5594
114 166 2336
114 167 9534
114 171 7291
114 174 2836
114 189 2086
114 193 9704
114 204 9862
114 206 3587
114 213 9381
114 221 3714
114 224 7380
114 226 4987
114 227 178
114 229 3312
115 116 1454
115 124 3878
115 130 6553
115 131 5324
115 132 1721
115 140 1176
115 150 2802
115 160 9738
115 167 2065
115 170 3326
115 172 2050
115 175 8302
115 177 5534
115 179 1973
115 189 1079
115 201 7792
115 207 1207
115 211 7840
115 222 5592
115 227 3337
116 121 8449
116 123 9242
116 126 928
116 128 5117
116 130 5161
116 132 1811
116 137 426
116 139 8130
116 143 8451
116 149 619
116 155 6239
116 156 4516
116 161 2929
116 162 7847
116 169 2879
116 179 9482
116 180 4602
116 183 2178
116 190 7890
116 193 9475
116 196 7591
116 197 4531
116 201 9812
116 205 6461
116 215 1826
116 216 6206
116 220 5203
116 225 5490
116 226 6661
116 228 2137
117 121 366
117 133 3000
117 142 7459
117 146 9493
117 153 4814
117 157 7546
117 164 2860
117 166 3822
117 173 6559
117 180 238
117 189 1482
117 203 7553
117 205 9834
117 208 9097
117 210 6598
117 211 7723
117 215 267
117 225 6537
117 226 6614
117 227 6696
117 229 7266
118 119 4346
118 129 8425
118 132 1200
118 133 3016
118 137 5990
118 139 3431
118 141 5963
118 152 1791
118 162 5510
118 168 3586
118 170 4539
118 173 2381
118 177 7369
118 185 4964
118 190 3468
118 197 2298
118 201 8669
118 205 2061
118 206 799
118 209 8353
118 210 5423
118 213 3928
118 214 8273
118 215 2963
118 221 3906
118 226 1394
118 228 1571
119 121 8954
119 124 1412
119 125 5669
119 128 8734
119 130 412
119 131 9206
119 135 1475
119 137 1798
119 139 3781
119 142 3282
119 150 6521
119 153 8260
119 155 9710
119 156 9512
119 166 9300
119 170 1740
119 173 6244
119 179 5325
119 180 8758
119 183 780
119 184 1100
119 189 7744
119 190 7840
119 191 7681
119 192 8795
119 194 7732
119 199 5228
119 202 6053
119 204 8646
119 205 7703
119 209 9693
119 211 1329
119 213 6501
119 217 7217
119 222 6645
119 226 2503
120 124 7234
120 126 2738
120 128 2267
120 130 644
120 132 6974
120 136 3063
120 137 5464
120 139 6879
120 140 7715
120 154 2470
120 156 4486
120 157 2311
120 158 1024
120 159 8576
120 161 8251
120 164 300
120 166 6745
120 168 5228
120 169 9169
120 172 2285
120 180 3569
120 183 4402
120 189 3451
120 190 894
120 192 1311
120 201 1840
120 211 9825
120 212 1823
120 217 4618
120 221 1533
120 225 2222
120 227 8465
121 125 1639
121 126 13
121 128 6705
121 136 4478
121 140 1482
121 141 6150
121 152 7680
121 156 5656
121 158 8059
121 160 3832
121 163 9797
121 169 1091
121 172 6686
121 175 7005
121 180 2560
121 196 5962
121 207 8887
121 210 2222
121 214 7649
121 217 2735
121 218 2060
121 221 8667
121 224 8572
121 229 9656
122 123 1114
122 131 7380
122 133 8996
122 141 9398
122 143 8243
122 149 9910
122 160 4346
122 169 4803
122 170 3411
122 171 7823
122 173 7757
122 175 4909
122 189 2366
122 193 4374
122 195 107
122 202 978
122 203 6077
122 209 615
122 214 5990
122 220 3954
123 126 5817
123 131 7775
123 132 3099
123 133 1
123 146 9698
123 148 7671
123 154 339
123 156 5264
123 164 7374
123 165 5462
123 171 3583
123 174 149
123 179 5561
123 184 8302
123 192 3405
123 198 6018
123 205 1241
123 206 4020
123 208 9325
124 125 8352
124 127 9519
124 134 865
124 139 1100
124 143 5016
124 147 6576
124 149 6239
124 153 3843
124 155 731
124 160 7138
124 162 8916
124 167 4915
124 172 900
124 173 1766
124 174 2128
124 176 7948
124 201 766
124 203 8378
124 205 9019
124 206 3715
124 211 9831
124 217 1282
124 220 8133
124 224 659
124 228 2304
125 127 7032
125 132 9532
125 135 629
125 140 8278
125 142 2236
125 146 4737
125 149 7084
125 151 7673
125 152 7649
125 157 8632
125 158 4289
125 160 5199
125 161 300
125 166 5883
125 167 413
125 175 2806
125 191 2142
125 193 8747
125 196 7883
125 198 7456
125 204 6427
125 207 1192
125 216 7411
125 219 1659
125 220 9587
125 226 8875
125 227 9104
125 228 9078
126 130 6187
126 134 3230
126 137 2897
126 146 4327
126 164 3938
126 165 7981
126 178 1443
126 186 8391
126 189 6341
126 193 7872
126 197 3107
126 202 7627
126 205 3555
126 213 4816
126 220 1273
126 223 195
127 128 6771
127 138 5829
127 142 8248
127 143 3909
127 156 2656
127 158 9936
127 160 2891
127 167 5318
127 170 6658
127 171 4129
127 181 7677
127 182 8661
127 189 7560
127 190 741
127 198 8604
127 201 2226
127 202 3063
127 203 898
127 216 8260
127 217 4948
127 225 8323
128 131 9647
128 134 8098
128 136 6502
128 144 9145
128 147 127
128 149 6838
128 155 2219
128 160 957
128 164 3466
128 165 8731
128 172 9537
128 174 8367
128 178 6688
128 179 9024
128 182 2951
128 186 311
128 187 3685
128 191 4080
128 192 5631
128 196 9697
128 197 9107
128 205 641
128 206 8340
128 209 8298
128 216 5310
128 225 9597
128 228 7044
128 229 3788
129 131 8830
129 135 9922
129 147 1205
129 155 8721
129 157 3699
129 162 8883
129 167 7598
129 169 7694
129 171 9618
129 173 2091
129 182 7961
129 193 1890
129 200 4371
129 201 3932
129 203 7066
129 206 3693
129 210 5921
129 215 1655
129 219 1804
129 224 4812
129 227 3760
129 228 241
130 139 2375
130 147 5525
130 154 4207
130 161 1384
130 163 1511
130 168 376
130 171 9883
130 180 6232
130 182 1409
130 184 9712
130 188 9841
130 201 918
130 205 4052
130 206 3467
130 207 3774
130 215 4373
130 216 8775
130 220 9211
130 221 8046
130 222 3172
130 224 9652
130 225 3267
130 227 3597
130 229 6127
131 140 7680
131 144 4168
131 148 2550
131 152 2164
131 153 3644
131 169 8159
131 172 9234
131 175 9202
131 180 4185
131 186 7588
131 191 7490
131 192 9328
131 194 1546
131 199 789
131 200 1241
131 201 6952
131 209 8812
131 213 1933
131 220 9170
131 226 5374
131 227 8803
132 135 4858
132 140 3620
132 141 2635
132 142 4027
132 145 8087
132 150 1142
132 155 2232
132 159 5727
132 160 2527
132 166 2196
132 168 9418
132 169 28
132 175 1014
132 181 3854
132 183 2886
132 185 548
132 187 696
132 188 8113
132 195 2587
132 199 8811
132 211 1344
132 212 5479
132 216 8246
132 219 9683
132 220 817
132 225 9503
132 229 7731
133 137 5058
133 138 3371
133 141 116
133 145 6891
133 146 4059
133 147 1846
133 150 6127
133 152 8760
133 156 8892
133 162 5290
133 164 8645
133 171 9382
133 172 696
133 175 3001
133 177 4936
133 187 1643
133 189 9506
133 190 757
133 193 8268
133 198 2550
133 203 5911
133 205 5218
133 206 7407
133 209 2146
133 215 3113
133 216 3881
133 217 4711
133 219 9014
133 222 1256
133 225 767
133 229 6591
134 136 943
134 146 4359
134 148 3771
134 150 5574
134 152 4563
134 155 1762
134 156 3083
134 165 7016
134 168 4976
134 170 5565
134 171 5551
134 186 3171
134 191 4491
134 193 6923
134 195 300
134 208 843
134 216 4035
134 217 5680
134 219 9282
134 220 1445
134 223 8211
134 226 3760
134 228 9503
135 138 8226
135 142 4733
135 144 4197
135 145 2676
135 148 7850
135 152 2858
135 162 2898
135 167 4062
135 168 106
135 172 5442
135 173 7646
135 177 3131
135 185 6638
135 187 999
135 197 5017
135 204 8679
135 205 2506
135 210 6793
135 211 6747
135 212 8705
135 213 9531
135 214 2465
135 217 789
135 218 1884
135 219 7197
135 223 8089
135 228 8298
136 138 209
136 139 8880
136 140 5103
136 142 8708
136 160 149
136 166 6503
136 168 3948
136 173 5421
136 180 2626
136 186 9658
136 187 709
136 191 9440
136 198 5103
136 201 6886
136 202 9675
136 204 3020
136 215 1253
136 221 4714
136 222 7061
136 225 8877
136 228 4495
137 141 2186
137 143 9175
137 146 8254
137 147 5528
137 153 335
137 155 6954
137 156 6147
137 167 2329
137 168 6963
137 171 2834
137 177 1944
137 179 5848
137 182 9850
137 186 5527
137 195 6059
137 199 4432
137 202 3651
137 203 9738
137 212 2582
137 213 1751
137 215 7500
137 218 5559
137 220 2585
137 221 5369
137 229 6964
138 151 1305
138 153 4205
138 157 4834
138 159 3959
138 162 1341
138 163 7455
138 175 2723
138 184 1235
138 185 2541
138 193 2296
138 194 248
138 198 3497
138 208 6160
138 209 4993
138 210 6913
138 215 3569
138 216 4908
138 224 1375
138 225 9566
138 229 1357
139 150 8451
139 152 7249
139 154 8770
139 162 2237
139 166 6977
139 168 5981
139 170 3709
139 173 9095
139 176 7942
139 181 1432
139 183 5421
139 184 315
139 187 8868
139 190 5388
139 192 5220
139 195 4325
139 200 2844
139 204 9686
139 210 5190
139 212 3062
139 221 1218
139 222 5771
139 223 6274
139 225 5024
139 229 2279
140 153 206
140 154 3904
140 155 3367
140 156 1910
140 157 429
140 158 2895
140 165 7675
140 172 2474
140 173 1427
140 175 4282
140 180 8222
140 186 2698
140 193 9802
140 201 9756
140 207 6882
140 211 9917
140 213 2405
140 214 3505
140 223 7413
140 225 5071
140 228 5988
140 229 7326
141 147 947
141 152 1121
141 157 5859
141 159 3201
141 161 8064
141 165 104
141 166 5156
141 167 1249
141 171 8679
141 172 7567
141 173 6026
141 176 4284
141 181 9174
141 183 5341
141 191 2353
141 193 1245
141 198 8278
141 199 8170
141 200 1360
141 204 3182
141 205 9910
141 207 3021
141 209 3447
141 216 1470
141 218 4176
141 222 891
141 223 5017
141 228 4733
142 149 5069
142 154 8314
142 156 7785
142 160 1314
142 173 8459
142 179 8113
142 187 8010
142 189 1128
142 190 8090
142 198 8713
142 202 2506
142 208 6886
142 213 3849
142 216 738
142 217 3626
142 224 5333
143 145 6698
143 150 6290
143 151 5241
143 153 4037
143 154 9330
143 156 9407
143 159 629
143 160 8017
143 161 5782
143 164 2801
143 167 8923
143 170 3502
143 171 706
143 174 9432
143 176 8480
143 183 5190
143 184 9137
143 190 1571
143 201 7106
143 204 6767
143 205 6051
143 212 9008
143 214 5578
143 215 1020
143 222 9701
144 149 2354
144 150 8580
144 151 6658
144 153 2682
144 154 692
144 160 3910
144 167 1689
144 171 351
144 173 2201
144 177 8252
144 181 2188
144 189 5475
144 193 1295
144 196 822
144 197 6485
144 198 2985
144 205 4041
144 206 7152
144 213 2440
144 220 3665
144 221 9409
144 222 8568
145 155 6144
145 162 2895
145 163 3715
145 164 2697
145 172 3479
145 180 9724
145 188 4515
145 190 9364
145 195 742
145 196 4325
145 201 9214
145 206 7430
145 210 1584
145 213 7560
145 225 5413
146 149 5271
146 155 1164
146 156 524
146 158 111
146 166 8456
146 172 3588
146 179 2458
146 182 3013
146 186 8042
146 193 4634
146 194 4457
146 195 9831
146 196 5860
146 200 4469
146 204 3033
146 205 1425
146 206 2252
146 207 4331
146 212 2136
146 214 5488
146 220 6946
146 224 9156
146 225 8923
147 157 5403
147 164 1100
147 168 2426
147 171 2262
147 173 7760
147 175 2282
147 176 1095
147 180 1335
147 181 6606
147 190 1931
147 195 9161
147 196 9191
147 200 8626
147 202 8066
147 211 3547
147 217 3027
147 227 7429
147 229 9170
148 153 6985
148 155 4905
148 156 2846
148 157 9412
148 163 9078
148 182 8581
148 184 3632
148 185 8433
148 187 794
148 194 7611
148 197 2107
148 198 4900
148 201 4405
148 202 9136
148 203 238
148 208 6146
148 211 9417
148 212 3080
148 214 1
148 215 8711
148 217 8579
148 221 6596
148 226 3013
148 228 3062
148 229 8026
149 151 7198
149 182 855
149 188 6442
149 190 8664
149 191 9784
149 197 1809
149 201 4784
149 206 3904
149 207 2118
149 214 4670
149 215 8505
149 218 4238
149 225 4448
149 228 4597
150 152 4420
150 153 184
150 158 2010
150 159 9290
150 170 9971
150 171 4793
150 179 2170
150 182 6542
150 183 7038
150 184 2351
150 186 8325
150 191 5935
150 193 1185
150 195 2063
150 198 5736
150 211 7937
150 212 9055
150 213 6365
150 228 342
151 152 1196
151 153 7142
151 155 8874
151 157 1646
151 158 395
151 165 4141
151 167 5671
151 172 4934
151 187 3839
151 188 8859
151 190 6385
151 193 2705
151 194 7924
151 203 8839
151 205 8783
151 209 4574
151 215 814
151 219 957
151 221 1855
152 154 5084
152 156 8278
152 159 3540
152 167 9903
152 168 2907
152 171 748
152 172 6850
152 173 2300
152 174 1984
152 177 6250
152 180 2934
152 182 2331
152 184 8352
152 187 4595
152 188 7066
152 192 5520
152 194 1361
152 203 4792
152 208 340
152 209 4834
152 211 4238
152 212 5834
152 216 6854
152 219 6337
152 227 2325
153 154 3810
153 155 309
153 163 6692
153 164 4974
153 169 4597
153 171 3886
153 173 6883
153 180 8888
153 182 9226
153 184 3110
153 185 4633
153 186 9220
153 188 72
153 192 8719
153 199 8228
153 201 3783
153 209 9277
153 223 3894
153 224 4955
153 225 2913
154 158 662
154 165 4372
154 166 2022
154 169 2174
154 170 7336
154 173 2616
154 175 5550
154 177 9834
154 181 4313
154 182 7326
154 189 5861
154 190 7354
154 194 7565
154 195 3493
154 199 5465
154 201 4860
154 212 4838
154 213 8664
154 215 4934
154 221 5586
154 225 4144
155 157 2716
155 165 5511
155 168 6436
155 170 650
155 172 7807
155 178 1899
155 185 3751
155 193 9358
155 210 460
155 211 9464
155 215 7035
155 216 6588
155 217 8993
155 221 9981
155 223 9932
155 225 5190
156 160 9501
156 161 7153
156 162 1928
156 167 9727
156 169 2463
156 170 8837
156 173 3316
156 175 3822
156 176 7957
156 180 3819
156 185 6257
156 188 1275
156 189 5796
156 190 8193
156 193 4400
156 194 7699
156 202 4053
156 206 9771
156 209 8917
156 211 8643
156 219 6751
156 221 4153
156 222 5652
156 223 2853
156 224 4117
156 225 6405
157 159 1201
157 160 8496
157 162 6602
157 163 5501
157 165 5987
157 170 3725
157 171 7799
157 173 1811
157 176 5855
157 177 4534
157 182 5254
157 188 9063
157 191 1444
157 192 3749
157 195 1884
157 196 1272
157 198 7882
157 204 8248
157 206 5072
157 207 7955
157 212 7465
157 214 8265
157 227 8738
157 228 963
157 229 6423
158 159 7891
158 168 1812
158 178 5583
158 179 1468
158 192 7920
158 193 1524
158 198 5000
158 199 4218
158 202 4161
158 203 9288
158 205 894
158 210 7260
158 211 7621
158 212 1564
158 213 3759
158 215 3427
158 216 6483
158 218 8180
158 227 5089
159 166 343
159 172 8072
159 175 3829
159 177 6925
159 181 1956
159 184 722
159 189 7675
159 191 8721
159 192 8684
159 195 6015
159 213 7633
159 218 5992
159 221 2685
159 225 7512
159 228 6722
160 161 4884
160 162 1435
160 172 7094
160 173 791
160 178 6891
160 187 7431
160 191 3508
160 196 204
160 209 2171
160 213 2727
160 216 7282
160 223 4082
160 227 2782
160 229 1354
161 163 1358
161 171 6146
161 178 5281
161 180 9296
161 181 189
161 182 51
161 185 2352
161 191 7614
161 195 2168
161 202 7684
161 207 5034
161 211 6843
161 212 5714
161 214 1983
161 223 3871
162 166 5481
162 167 7747
162 168 9324
162 173 5785
162 174 9566
162 179 8519
162 186 3625
162 187 594
162 188 7626
162 190 3445
162 195 1571
162 197 1389
162 203 674
162 205 1816
162 211 2314
162 214 6673
162 218 1043
162 221 8740
162 225 3455
163 164 1914
163 167 8141
163 169 8699
163 171 9004
163 172 3681
163 175 3215
163 182 2532
163 183 4940
163 184 9185
163 187 3157
163 188 924
163 190 3841
163 196 4615
163 200 4269
163 201 3411
163 202 5614
163 206 7525
163 213 1165
163 214 5361
163 222 3520
163 229 9731
164 166 9708
164 173 3600
164 174 783
164 179 6177
164 182 3073
164 189 6304
164 194 7226
164 195 2102
164 196 8676
164 200 6072
164 209 6699
164 212 9682
164 220 3938
164 228 6377
164 229 1331
165 168 5093
165 170 1913
165 172 9922
165 175 158
165 179 3838
165 182 2594
165 188 1652
165 194 9124
165 195 7216
165 198 4160
165 200 3378
165 201 7307
165 203 3932
165 210 5812
165 219 6243
165 221 2367
166 171 3090
166 174 954
166 176 1801
166 177 5471
166 180 565
166 181 5258
166 184 7931
166 185 5298
166 192 8676
166 193 2961
166 194 7067
166 195 2583
166 196 4502
166 197 6468
166 199 4144
166 205 72
166 208 4101
166 223 4663
166 224 2124
166 225 7670
167 168 9997
167 173 6250
167 176 6925
167 177 3982
167 180 7338
167 183 5855
167 184 8811
167 186 5987
167 190 6003
167 192 234
167 197 2606
167 206 7589
167 213 3655
167 215 9197
167 221 5261
167 228 8001
168 173 6741
168 179 5388
168 181 4555
168 187 1551
168 192 759
168 194 2383
168 195 389
168 201 6999
168 202 1063
168 204 7038
168 209 6615
168 214 1386
168 221 8803
168 225 4895
168 226 3794
168 227 9206
169 170 8508
169 174 7618
169 179 4784
169 185 3763
169 193 6728
169 200 3405
169 207 2829
169 209 6031
169 210 6521
169 212 836
169 217 8052
170 171 3015
170 174 233
170 182 6081
170 183 4982
170 186 1411
170 194 9170
170 195 7801
170 197 4573
170 205 5491
170 209 6997
170 211 1
170 215 3391
170 229 7682
171 175 4889
171 176 5489
171 181 9204
171 182 138
171 190 5893
171 194 301
171 199 8573
171 207 2234
171 211 9315
171 214 7518
171 218 9056
171 220 2547
171 221 4450
171 223 9526
171 225 4649
171 226 6161
171 228 578
172 173 5915
172 174 2960
172 178 9554
172 179 8288
172 181 5576
172 183 6080
172 185 1345
172 188 6977
172 195 1357
172 203 9599
172 213 480
172 217 9290
172 221 3937
172 224 9645
172 227 9727
172 228 6842
173 190 6733
173 192 7546
173 197 6995
173 198 9341
173 201 6795
173 204 9852
173 206 7871
173 213 786
173 225 3221
174 178 639
174 179 3914
174 185 1618
174 187 541
174 190 2736
174 195 5418
174 197 7372
174 201 5289
174 205 1215
174 206 8959
174 212 9599
174 215 5767
174 216 57
174 229 367
175 176 6266
175 183 1544
175 186 1701
175 188 1662
175 190 186
175 191 8010
175 196 4991
175 198 6586
175 202 7005
175 207 3885
175 208 1355
175 211 4088
175 212 5167
175 217 2815
175 219 862
175 225 2984
175 227 2322
175 229 7151
176 178 5432
176 180 1199
176 183 8475
176 187 7685
176 191 4670
176 197 1526
176 198 7242
176 199 6486
176 209 9267
177 187 1207
177 188 5926
177 190 1673
177 196 2670
177 197 9256
177 199 2759
177 200 4029
177 202 1546
177 208 9226
177 211 854
177 214 6776
177 222 8712
177 223 4313
177 225 4099
177 228 7414
178 180 6759
178 185 7190
178 188 9387
178 189 3166
178 193 637
178 195 8976
178 200 4701
178 201 8119
178 202 5862
178 204 1985
178 208 4177
178 210 54
178 214 2933
178 215 593
178 217 6313
178 219 6057
178 225 5554
178 226 2335
178 227 905
179 181 1688
179 185 8183
179 187 4564
179 188 2633
179 193 3289
179 195 2770
179 200 1437
179 202 7104
179 208 2163
179 210 6285
179 212 2788
179 224 6035
179 227 2633
179 228 3255
179 229 9790
180 182 7781
180 185 8206
180 189 8904
180 190 9533
180 192 7984
180 194 4202
180 196 8804
180 199 7450
180 202 6764
180 208 3042
180 215 7185
180 216 3989
180 228 7472
181 183 6308
181 186 2090
181 191 5724
181 196 4745
181 201 4272
181 204 4340
181 209 1351
181 214 6274
181 217 9507
181 220 3656
181 226 6179
182 184 737
182 191 104
182 197 4237
182 201 7882
182 207 597
182 210 9984
182 229 9545
183 184 4722
183 186 9322
183 189 9868
183 192 433
183 200 7800
183 210 7722
183 212 3776
183 215 1050
183 220 8131
183 222 8235
183 229 204
184 188 7074
184 189 9057
184 194 9757
184 196 7141
184 199 4169
184 203 2988
184 208 2394
184 209 2549
184 217 7406
184 227 9476
184 228 1445
185 189 9348
185 190 4778
185 193 8522
185 195 9846
185 196 3724
185 199 3792
185 200 6913
185 201 3350
185 217 7232
185 219 4212
185 228 1054
186 188 4846
186 192 4613
186 193 6528
186 194 2282
186 197 9112
186 204 1151
186 205 8057
186 209 7411
186 217 1578
186 220 6345
186 223 2684
187 189 1836
187 190 9829
187 192 2031
187 197 8981
187 201 2648
187 205 821
187 206 7381
187 210 9072
187 220 668
187 224 3303
188 191 4646
188 193 9957
188 195 5826
188 209 9257
188 213 4574
188 215 2467
188 216 1136
188 218 6054
188 222 7411
188 228 1333
189 192 9771
189 196 4645
189 201 2181
189 202 1733
189 206 7296
189 207 5863
189 210 9554
189 212 9159
189 213 5282
189 217 9952
189 222 761
190 191 8389
190 196 8570
190 199 6859
190 200 2776
190 203 729
190 211 1328
190 212 3273
190 218 319
190 219 4395
191 192 1934
191 193 6339
191 195 9643
191 198 8430
191 200 3977
191 205 2206
191 212 3766
191 214 1310
191 216 1415
191 218 5970
191 220 5034
192 193 8720
192 196 4368
192 200 6230
192 204 8185
192 210 1469
192 211 8783
192 213 4868
192 216 6126
192 218 8291
192 222 1517
192 223 3065
192 226 2611
192 228 2995
193 194 6122
193 195 1916
193 204 3059
193 214 6260
193 223 2802
193 226 8454
193 228 1436
194 196 9112
194 198 5677
194 202 3840
194 203 694
194 204 2640
194 206 8139
194 207 8503
194 225 8173
194 229 8177
195 197 9454
195 202 3559
195 203 8122
195 205 828
195 206 7840
195 212 659
195 213 5139
195 215 6175
195 216 7506
195 222 2947
195 223 1679
195 226 1030
196 199 9887
196 200 2315
196 205 4065
196 207 4475
196 208 91
196 211 8972
196 213 1698
196 217 2081
196 219 2912
196 223 4108
197 204 1330
197 209 8670
197 211 8859
197 221 2702
197 223 7836
197 224 3047
197 225 1011
197 226 4031
198 201 94
198 202 4484
198 203 7788
198 204 8073
198 207 4565
198 208 7477
198 214 9206
198 215 2002
198 218 2306
198 219 7315
198 224 4828
199 202 4795
199 203 6520
199 209 5796
199 214 1
199 215 5104
199 223 1254
199 224 4776
199 228 7050
200 201 4406
200 202 5680
200 214 9897
200 220 8788
201 203 4424
201 204 6965
201 208 8614
201 211 6997
201 217 2978
201 219 6056
201 225 3520
201 227 4582
201 229 2085
202 203 9459
202 204 7127
202 206 5078
202 214 1920
202 217 5669
202 218 9110
202 222 6121
202 227 4579
203 210 7482
203 215 4872
203 220 236
203 222 2722
203 228 1274
204 205 8847
204 209 2950
204 210 2525
204 212 5899
204 214 3267
204 221 1938
204 222 9071
205 208 3128
205 209 4481
205 212 606
205 216 5251
205 219 9322
205 225 9703
205 227 3405
206 209 3613
206 217 6598
206 224 8941
206 227 7594
206 229 6826
207 208 2064
207 209 777
207 210 7056
207 222 5623
207 226 6112
207 227 8383
208 209 4327
208 215 5951
208 217 5284
208 223 7149
208 229 1079
209 211 485
209 224 7616
210 212 6850
210 224 9702
210 225 5715
210 227 4019
210 228 284
211 218 6612
211 221 7290
211 225 3881
211 228 9087
212 217 7207
212 218 9614
212 220 4565
213 215 5267
213 218 5954
213 220 9138
214 216 9309
214 223 9544
214 228 5009
215 218 1775
215 221 6967
215 224 8019
215 226 893
216 224 3268
216 228 2452
217 219 3415
217 223 2746
217 224 2718
217 225 6399
218 219 4968
218 224 3072
218 228 6102
219 221 5288
219 225 6851
220 223 5702
221 228 4282
223 227 4140
223 229 6531
224 225 4552
224 227 8564
224 229 3369
225 226 933
226 227 982
226 229 6536
