108 2983
0 1 8752
0 3 238
0 6 6884
0 7 1236
0 8 4090
0 9 5074
0 12 11350
0 16 10725
0 18 9092
0 19 139
0 21 9888
0 22 1160
0 28 4812
0 30 5549
0 32 3369
0 34 3385
0 35 10511
0 36 2379
0 39 825
0 42 88
0 43 9912
0 45 8203
0 47 9863
0 48 4263
0 51 11537
0 52 5169
0 54 2963
0 59 10999
0 61 9461
0 62 6150
0 63 11149
0 66 11286
0 68 10606
0 72 2911
0 77 381
0 78 7648
0 80 9003
0 83 11415
0 85 791
0 86 5683
0 87 4096
0 89 4145
0 90 725
0 91 3734
0 92 8176
0 93 9577
0 94 11652
0 95 4786
0 98 1123
0 99 3675
0 102 6402
0 103 2222
0 105 3389
0 107 6850
1 2 10242
1 3 635
1 5 6105
1 6 3368
1 8 6142
1 10 537
1 14 11639
1 17 3336
1 19 2876
1 20 536
1 21 6317
1 23 4012
1 25 11114
1 27 86
1 28 7643
1 39 5040
1 40 5367
1 41 6068
1 43 272
1 45 7783
1 46 5
1 49 10579
1 51 409
1 52 9836
1 53 3460
1 55 4844
1 56 5793
1 57 8739
1 59 10437
1 60 8107
1 64 3842
1 65 8747
1 72 2115
1 73 7799
1 74 8491
1 79 10552
1 80 1175
1 81 3502
1 84 5551
1 85 576
1 86 8920
1 89 1829
1 90 809
1 91 5498
1 92 2608
1 95 7554
1 97 9345
1 100 10839
1 104 1153
1 105 10600
1 107 7063
2 3 7833
2 4 6083
2 8 1548
2 11 5427
2 14 6703
2 15 1341
2 19 10669
2 20 4215
2 22 3309
2 23 8805
2 24 785
2 27 11571
2 29 4186
2 31 2166
2 37 2921
2 38 9574
2 40 9300
2 41 9392
2 46 4390
2 47 10966
2 49 747
2 50 2714
2 51 256
2 53 10767
2 55 6996
2 56 2908
2 57 8166
2 59 10753
2 60 10957
2 63 10363
2 65 4009
2 66 5451
2 67 9500
2 68 269
2 70 2682
2 72 10843
2 76 1751
2 79 9956
2 82 5065
2 84 1305
2 86 10171
2 87 10791
2 89 10541
2 94 5034
2 96 152
2 97 7076
2 100 4766
2 101 4663
2 102 2942
2 104 6862
2 105 2954
2 107 6838
3 4 8239
3 5 1249
3 6 8098
3 7 8319
3 10 11624
3 11 9426
3 13 8583
3 14 2764
3 16 11543
3 17 8309
3 21 6914
3 22 9858
3 23 4734
3 24 7225
3 25 511
3 26 2535
3 27 4001
3 28 2362
3 30 7959
3 34 820
3 35 2873
3 36 8256
3 37 2055
3 38 3738
3 41 1345
3 42 4272
3 44 7050
3 45 5746
3 47 6585
3 50 1208
3 54 8652
3 55 10228
3 57 5193
3 58 3859
3 59 3565
3 61 1710
3 62 9276
3 63 6108
3 64 10275
3 65 7668
3 70 5963
3 71 1181
3 73 4127
3 76 4007
3 77 278
3 78 8896
3 79 10572
3 81 1132
3 82 11601
3 84 7169
3 89 8528
3 91 4104
3 92 9246
3 93 1967
3 94 181
3 96 7170
3 97 3469
3 98 3176
3 99 4696
3 102 5999
3 103 6198
3 104 3747
3 107 11413
4 7 814
4 9 3128
4 12 1387
4 13 8087
4 16 7465
4 17 6602
4 19 3709
4 20 3899
4 21 2375
4 22 4288
4 23 2844
4 26 10768
4 29 6185
4 30 748
4 32 3398
4 33 11511
4 35 7077
4 36 2082
4 39 8566
4 40 4162
4 42 10030
4 43 7805
4 44 11577
4 45 4883
4 47 3158
4 48 2462
4 49 8999
4 52 4503
4 53 9814
4 60 3796
4 61 7102
4 67 2174
4 70 6672
4 71 5929
4 75 1470
4 77 6385
4 79 6324
4 80 6637
4 85 8862
4 86 413
4 88 10427
4 89 6965
4 92 6908
4 93 2020
4 94 10294
4 95 349
4 97 3836
4 100 5203
4 101 10292
4 102 4121
4 103 3802
4 105 3015
5 7 8346
5 9 2662
5 12 1748
5 14 1724
5 15 10493
5 17 1550
5 20 8006
5 21 3792
5 22 4671
5 25 4189
5 26 4795
5 28 11647
5 29 8899
5 30 5431
5 32 10660
5 33 2353
5 34 9416
5 35 5926
5 36 9445
5 37 7461
5 40 5573
5 46 45
5 47 4307
5 48 406
5 49 6064
5 50 5493
5 51 8138
5 52 1212
5 54 4760
5 55 8778
5 56 7822
5 58 4508
5 59 6395
5 60 10352
5 61 2584
5 62 2685
5 63 3314
5 68 10180
5 69 2552
5 70 10249
5 74 9559
5 75 7563
5 78 5133
5 80 387
5 83 4470
5 84 2925
5 87 7105
5 92 8192
5 93 601
5 96 4077
5 101 5614
5 106 561
6 7 3651
6 9 394
6 10 9281
6 13 7098
6 16 8657
6 17 9187
6 21 4755
6 24 2214
6 25 4794
6 26 1163
6 27 9753
6 28 11326
6 29 3683
6 33 4033
6 36 5422
6 38 5934
6 40 6681
6 42 9758
6 45 186
6 46 9238
6 47 1466
6 54 724
6 55 10942
6 56 3016
6 57 11274
6 58 7886
6 59 11483
6 61 8603
6 63 7992
6 66 425
6 68 6110
6 70 10461
6 73 5732
6 74 7529
6 75 11310
6 76 4836
6 78 7308
6 80 1965
6 82 10446
6 84 617
6 87 3539
6 88 957
6 90 5918
6 92 1479
6 93 3281
6 94 1798
6 96 11132
6 101 3278
6 107 10490
7 8 3463
7 9 7351
7 13 6353
7 14 10219
7 16 7545
7 17 612
7 19 10982
7 20 9038
7 21 5132
7 24 1911
7 25 650
7 27 6309
7 29 9521
7 31 6357
7 34 5098
7 35 7786
7 37 9244
7 39 1816
7 40 3574
7 43 10869
7 45 6752
7 46 6336
7 47 7269
7 48 3304
7 51 3978
7 53 11267
7 55 11282
7 56 6301
7 59 8502
7 60 10215
7 62 258
7 63 3736
7 65 3105
7 66 11189
7 68 2397
7 69 9431
7 70 6344
7 81 11347
7 82 4617
7 84 5703
7 86 4182
7 90 830
7 94 6791
7 97 6604
7 98 5123
7 100 3000
7 102 10234
7 104 8804
7 105 4590
7 107 9303
8 12 1778
8 14 1405
8 17 1458
8 21 10645
8 22 8140
8 23 5434
8 24 8197
8 28 5469
8 30 7602
8 33 5738
8 36 10730
8 38 3921
8 41 1658
8 43 6382
8 44 10690
8 47 5910
8 48 5575
8 54 3013
8 56 3450
8 57 7104
8 59 145
8 61 4223
8 63 4666
8 68 8889
8 69 1964
8 72 773
8 78 1837
8 79 6618
8 80 445
8 81 3508
8 83 998
8 84 2228
8 85 7202
8 88 8496
8 90 10651
8 91 11500
8 92 3410
8 97 7143
8 98 7706
8 99 5655
8 100 6783
8 103 9681
8 104 1659
8 105 4387
9 10 8068
9 13 8685
9 15 5590
9 16 3717
9 19 3457
9 20 7944
9 22 242
9 24 7972
9 27 6012
9 28 6513
9 32 457
9 35 7510
9 37 8959
9 39 2202
9 46 3157
9 49 4236
9 51 4619
9 54 5009
9 57 4832
9 59 3493
9 62 1148
9 63 4873
9 66 7679
9 67 4531
9 68 4499
9 69 10134
9 71 2917
9 72 6266
9 73 10701
9 75 441
9 80 2717
9 81 517
9 82 5379
9 84 865
9 86 6471
9 90 5010
9 92 4067
9 93 5909
9 95 8460
9 96 7445
9 98 2336
9 99 5180
9 100 5314
9 101 2679
9 102 5310
9 104 7825
10 11 6916
10 15 602
10 16 11202
10 18 9486
10 21 8241
10 26 6439
10 29 5464
10 30 6778
10 32 2148
10 33 10685
10 35 887
10 37 1126
10 40 5911
10 41 8401
10 45 7576
10 48 1554
10 50 5278
10 52 10438
10 55 4025
10 57 10453
10 59 2382
10 62 2203
10 63 11073
10 64 4558
10 65 2878
10 66 5826
10 71 7767
10 72 6341
10 73 10505
10 74 6259
10 75 8983
10 77 4706
10 78 10024
10 79 329
10 81 2413
10 82 3886
10 83 6326
10 85 995
10 86 1933
10 87 4556
10 88 9207
10 92 4164
10 93 10402
10 96 6557
10 97 10543
10 103 9538
10 105 7991
10 106 5610
11 13 9045
11 14 6635
11 16 9151
11 18 7863
11 21 1732
11 25 5477
11 27 10759
11 29 1293
11 31 11489
11 33 6719
11 34 2978
11 37 8028
11 38 6181
11 40 10772
11 41 9692
11 42 10241
11 43 11107
11 44 4598
11 46 7847
11 47 7808
11 49 9815
11 51 11138
11 54 10415
11 56 10531
11 57 1097
11 60 5863
11 61 6691
11 65 2135
11 67 8018
11 70 9950
11 71 9787
11 72 10420
11 73 5275
11 74 2233
11 75 570
11 77 2033
11 80 7410
11 81 8548
11 82 5873
11 87 5471
11 89 6007
11 90 6078
11 91 3564
11 92 395
11 95 6284
11 96 993
11 98 5087
11 99 4934
11 101 52
11 102 3487
11 103 6023
11 106 8437
11 107 6144
12 13 6089
12 15 749
12 16 562
12 18 676
12 19 10763
12 20 2021
12 21 4315
12 22 3122
12 23 8919
12 28 3486
12 31 6762
12 34 94
12 35 6621
12 36 9014
12 43 7048
12 45 5430
12 47 9139
12 48 5946
12 50 5583
12 51 9501
12 53 8967
12 54 10626
12 55 4757
12 57 2216
12 59 3323
12 61 639
12 65 4900
12 67 2262
12 69 6574
12 70 6163
12 71 9361
12 73 7910
12 74 5956
12 76 6294
12 78 11325
12 79 10345
12 80 7276
12 81 4352
12 82 2881
12 83 240
12 84 6220
12 88 6932
12 91 7891
12 94 8953
12 98 5915
12 99 5494
12 100 8369
12 102 6146
12 104 4381
12 105 8458
13 15 3646
13 16 8767
13 20 3698
13 21 1619
13 28 6391
13 29 2696
13 33 6592
13 34 6046
13 35 9066
13 40 6136
13 41 2071
13 42 11606
13 43 1593
13 44 3912
13 46 10382
13 47 1927
13 48 3841
13 49 1773
13 51 7940
13 52 893
13 53 10008
13 55 3270
13 56 456
13 59 555
13 61 8631
13 65 7368
13 67 7394
13 73 10083
13 75 9280
13 77 4361
13 78 11459
13 82 6872
13 84 6458
13 85 8706
13 87 1700
13 89 6935
13 94 4550
13 96 5995
13 98 5625
13 100 8410
13 101 87
13 102 8195
13 103 15
13 104 4370
13 105 10637
14 16 9440
14 17 253
14 18 10151
14 20 10258
14 24 6631
14 27 6616
14 31 2728
14 35 5201
14 37 4880
14 38 3454
14 39 2086
14 40 2023
14 43 6817
14 44 4453
14 46 10643
14 47 1574
14 48 7673
14 49 671
14 50 3903
14 51 10021
14 52 2067
14 53 2995
14 54 5411
14 55 896
14 56 5176
14 58 8930
14 59 7483
14 63 5344
14 68 8034
14 70 8694
14 71 591
14 73 5659
14 74 6894
14 75 1761
14 76 4399
14 81 3940
14 87 2372
14 89 2471
14 90 9721
14 92 4087
14 93 6639
14 95 3612
14 97 981
14 98 10217
14 99 6704
14 100 9593
14 102 11653
14 103 9389
14 104 7671
14 107 8245
15 17 3927
15 19 7464
15 20 175
15 21 6773
15 22 10654
15 24 5680
15 26 11488
15 28 9859
15 31 3088
15 34 4659
15 37 7418
15 39 7215
15 40 4131
15 43 10282
15 44 11087
15 45 6040
15 46 10042
15 47 6358
15 49 5500
15 50 7451
15 51 8413
15 53 11044
15 56 3396
15 58 9557
15 59 6450
15 63 4020
15 64 11140
15 65 10043
15 67 6815
15 69 1121
15 71 630
15 72 2147
15 73 2652
15 76 11588
15 77 7334
15 78 251
15 79 11332
15 81 8501
15 83 7990
15 84 900
15 91 4293
15 92 8445
15 96 2543
15 97 3052
15 98 1390
15 99 9428
15 100 3337
15 101 1083
15 102 5172
15 104 8106
15 105 9192
16 17 4258
16 18 11595
16 19 1914
16 20 1871
16 21 7031
16 26 1739
16 28 1262
16 29 4713
16 31 4413
16 32 5740
16 35 2946
16 41 9507
16 44 6558
16 48 5028
16 49 2421
16 50 44
16 54 2324
16 55 10450
16 57 8633
16 60 3290
16 61 2162
16 65 3091
16 66 10874
16 67 1079
16 68 3506
16 71 9301
16 73 6615
16 74 8901
16 77 838
16 78 8584
16 79 2250
16 80 6768
16 82 5285
16 83 4423
16 84 2118
16 85 6702
16 87 5374
16 89 6955
16 90 7173
16 93 4575
16 95 5006
16 96 4648
16 97 4447
16 100 9353
16 101 6576
16 103 10017
16 104 10152
17 18 5003
17 21 9070
17 23 10316
17 25 123
17 28 4813
17 29 1789
17 30 9901
17 31 7813
17 32 2885
17 35 2508
17 39 9403
17 41 2594
17 43 2609
17 44 3453
17 45 498
17 50 10296
17 54 7213
17 59 8834
17 61 9964
17 62 9085
17 67 3405
17 68 3918
17 70 3822
17 71 3602
17 72 2137
17 74 604
17 77 2361
17 78 3910
17 79 2607
17 84 7985
17 89 2868
17 90 5788
17 91 7836
17 93 6733
17 94 6493
17 95 774
17 96 6128
17 99 9146
17 102 1916
17 103 1566
17 104 4679
17 105 3935
17 106 3868
17 107 6541
18 20 4930
18 21 10625
18 23 3289
18 26 8112
18 28 2967
18 29 10960
18 32 6956
18 33 8872
18 35 1729
18 36 776
18 42 873
18 45 3267
18 47 9379
18 48 248
18 50 596
18 53 8170
18 54 7922
18 55 59
18 56 7776
18 57 9086
18 60 10281
18 61 1814
18 64 5801
18 65 5554
18 66 4314
18 68 112
18 70 4109
18 73 5070
18 74 3038
18 75 834
18 77 7591
18 78 7606
18 81 3462
18 82 8773
18 83 4238
18 84 7893
18 85 2265
18 86 6645
18 88 5631
18 89 1337
18 92 5432
18 93 3958
18 94 10697
18 98 8185
18 101 61
18 102 7177
18 104 5300
18 105 2922
19 21 10194
19 22 6977
19 23 9695
19 26 3936
19 30 4157
19 32 6832
19 35 8169
19 38 6863
19 39 11183
19 42 1417
19 43 1999
19 45 9671
19 46 558
19 49 11393
19 50 6933
19 52 9616
19 53 9866
19 54 487
19 60 8231
19 61 4505
19 63 6311
19 64 2705
19 66 5351
19 67 9985
19 70 9347
19 76 4078
19 77 3667
19 78 812
19 85 4150
19 86 9947
19 88 7955
19 89 3072
19 90 3101
19 91 6405
19 93 10603
19 94 3585
19 95 4480
19 96 5111
19 98 806
19 100 10155
19 101 5456
19 102 10525
19 103 4854
19 104 246
19 105 3599
19 106 118
20 23 7467
20 24 1791
20 30 4047
20 31 9041
20 33 9037
20 35 4641
20 36 10186
20 40 7109
20 41 11101
20 42 8730
20 44 8985
20 45 10236
20 46 11002
20 47 8989
20 48 9580
20 49 3642
20 50 8035
20 54 9530
20 55 9816
20 56 2930
20 58 2614
20 60 4764
20 62 603
20 64 4079
20 66 9544
20 67 2745
20 69 3976
20 70 245
20 71 5426
20 72 4546
20 73 10333
20 74 4909
20 75 9735
20 76 1499
20 77 8475
20 78 4788
20 79 7312
20 80 8744
20 81 5004
20 82 11026
20 84 7278
20 85 3516
20 87 8874
20 89 2591
20 91 6835
20 96 6207
20 99 8915
20 101 2430
20 102 4848
20 104 1826
20 105 5080
20 107 5739
21 22 2368
21 24 674
21 25 5504
21 28 4295
21 29 1670
21 31 5727
21 32 2447
21 35 3653
21 37 35
21 38 11423
21 39 2600
21 47 6495
21 48 495
21 49 10831
21 55 6036
21 56 363
21 57 10375
21 60 8308
21 63 8423
21 66 1711
21 68 4882
21 69 4582
21 70 11301
21 72 871
21 73 10827
21 75 10569
21 80 1834
21 86 3064
21 91 2771
21 93 7024
21 94 4507
21 95 2450
21 99 3871
21 100 402
21 103 5637
21 104 6761
22 24 10838
22 25 11598
22 28 3819
22 29 1003
22 30 9228
22 31 4969
22 32 8042
22 35 2236
22 37 4570
22 39 10515
22 40 5591
22 41 5846
22 42 1367
22 43 3478
22 45 10478
22 46 4541
22 47 7396
22 50 3430
22 52 6158
22 53 4296
22 54 10497
22 55 1364
22 56 2104
22 57 4028
22 62 7392
22 63 10627
22 64 6280
22 65 2499
22 66 3149
22 69 9839
22 71 9819
22 72 8950
22 73 7580
22 82 10798
22 85 8806
22 86 11229
22 87 8022
22 91 7139
22 94 8196
22 95 3285
22 97 10826
22 98 4134
22 99 5792
22 100 6270
22 101 5907
22 102 5630
22 104 2724
22 105 2651
22 107 4022
23 24 3596
23 26 11566
23 27 5928
23 28 9248
23 29 10510
23 31 8348
23 34 808
23 35 4209
23 36 9639
23 37 4454
23 38 10902
23 40 1229
23 41 7256
23 47 796
23 49 6536
23 50 10729
23 51 9548
23 54 9079
23 55 8978
23 57 1990
23 58 4678
23 59 10173
23 61 10485
23 62 1982
23 63 8725
23 64 7110
23 66 5051
23 68 3953
23 72 3036
23 74 2472
23 76 11515
23 77 2146
23 78 10072
23 79 6978
23 80 4658
23 81 10534
23 82 9604
23 86 10677
23 89 10502
23 90 7741
23 91 6419
23 94 7040
23 95 9713
23 96 6152
23 99 11518
23 104 3125
23 106 5020
24 27 6634
24 28 571
24 29 9134
24 30 9939
24 31 7417
24 33 7713
24 34 4341
24 35 9532
24 36 423
24 37 2429
24 39 8961
24 41 8262
24 45 4685
24 50 1763
24 52 1085
24 53 5386
24 57 3913
24 58 3400
24 60 632
24 62 6759
24 64 846
24 68 11027
24 69 11345
24 71 5847
24 72 7096
24 73 10074
24 75 3638
24 77 3879
24 78 10965
24 79 7889
24 84 4631
24 86 10150
24 88 403
24 93 4639
24 95 5437
24 96 3941
24 97 10723
24 98 648
24 99 4311
24 100 9786
24 101 5635
24 102 8964
24 105 1717
24 106 1856
25 31 9108
25 35 9898
25 40 2538
25 41 619
25 42 9502
25 43 6603
25 45 5916
25 47 2240
25 48 1131
25 52 11600
25 55 9744
25 56 10237
25 58 2107
25 60 11170
25 63 6915
25 64 3641
25 65 11526
25 67 4054
25 68 10789
25 71 5531
25 72 6624
25 74 3877
25 76 3846
25 77 2232
25 79 2288
25 81 9105
25 83 8565
25 85 6477
25 86 5304
25 87 3577
25 90 3189
25 91 958
25 93 6952
25 95 5849
25 96 5260
25 98 3768
25 100 2647
25 101 9405
25 103 9586
25 104 9890
25 105 4163
25 106 6523
26 29 7234
26 30 8661
26 32 2517
26 33 200
26 34 9590
26 35 8215
26 36 4102
26 37 6117
26 38 2650
26 39 11486
26 46 7845
26 47 2129
26 48 11240
26 52 6187
26 54 8947
26 56 753
26 58 5442
26 61 2332
26 64 2004
26 67 5162
26 68 2328
26 75 5658
26 78 1128
26 81 11449
26 83 7372
26 86 3579
26 88 1601
26 94 5496
26 95 3589
26 97 11506
26 99 9605
26 100 2084
26 101 1518
26 102 2101
26 106 8017
26 107 11584
27 28 11110
27 29 5710
27 31 8452
27 32 3039
27 33 11233
27 35 10073
27 37 5368
27 39 10924
27 40 8718
27 42 6807
27 44 104
27 45 7689
27 46 11193
27 51 7017
27 52 4775
27 56 4916
27 57 3409
27 58 10813
27 59 5761
27 61 3085
27 63 10362
27 64 2260
27 65 9896
27 67 373
27 69 11021
27 71 7183
27 72 8182
27 73 141
27 74 8268
27 79 7599
27 81 7301
27 82 7882
27 84 7659
27 88 5250
27 89 8830
27 93 2186
27 95 10689
27 98 8945
27 101 6954
27 102 10337
27 105 5678
27 106 4566
28 32 3545
28 34 3188
28 39 3412
28 40 8734
28 44 821
28 48 3244
28 49 11365
28 50 4819
28 51 10823
28 54 4675
28 58 3763
28 61 1686
28 63 9800
28 64 11576
28 66 4329
28 67 3582
28 68 10473
28 69 215
28 73 1457
28 77 7163
28 78 8184
28 79 10754
28 80 9923
28 81 8415
28 83 5895
28 84 4694
28 86 9555
28 88 5153
28 91 3786
28 93 10841
28 94 1490
28 96 1549
28 97 4829
28 99 7535
28 101 5183
28 102 7941
28 103 6653
29 30 6682
29 31 6936
29 32 1512
29 36 2710
29 39 2761
29 40 4990
29 41 4016
29 43 9558
29 45 7122
29 46 3477
29 47 5377
29 48 5157
29 51 2927
29 52 6455
29 53 5107
29 54 10371
29 59 6881
29 60 3645
29 62 8625
29 63 4430
29 67 6236
29 71 10630
29 73 5903
29 77 6692
29 80 11610
29 84 11654
29 85 6794
29 88 1397
29 91 5340
29 95 1664
29 101 2128
29 103 11225
29 104 6446
29 105 8808
29 106 7568
29 107 4887
30 34 5810
30 37 6642
30 38 5101
30 40 7726
30 42 4857
30 43 3094
30 44 5457
30 45 2753
30 48 7107
30 49 3705
30 50 8327
30 51 2906
30 55 5555
30 56 6487
30 60 6841
30 62 1322
30 63 589
30 64 5131
30 65 11119
30 67 9133
30 68 2979
30 69 11067
30 70 11215
30 71 2864
30 72 11544
30 73 1298
30 74 9036
30 76 600
30 77 6224
30 79 8007
30 80 2212
30 82 79
30 83 1500
30 87 2992
30 88 10235
30 89 3249
30 90 9828
30 92 4458
30 94 8713
30 95 4606
30 96 1618
30 97 9801
30 99 7979
30 100 8977
30 102 9619
30 104 5230
30 106 9540
31 32 3518
31 33 1411
31 34 9716
31 36 6722
31 37 10390
31 40 9987
31 49 5425
31 50 7912
31 51 9116
31 52 8898
31 53 6582
31 54 10815
31 57 473
31 58 6494
31 59 9554
31 60 5445
31 62 9567
31 63 8676
31 65 8553
31 66 1091
31 67 9710
31 68 7385
31 69 11429
31 70 567
31 71 2064
31 73 10735
31 74 2760
31 75 5423
31 76 3376
31 77 11086
31 80 1392
31 81 1594
31 85 3218
31 86 7842
31 88 886
31 89 6663
31 92 2983
31 93 208
31 94 1060
31 96 531
31 97 10280
31 100 2866
31 104 8046
31 105 4147
32 33 11083
32 36 10783
32 38 2487
32 46 1756
32 47 2750
32 48 2381
32 52 1869
32 54 6873
32 55 7512
32 56 10214
32 58 10212
32 60 6176
32 61 1845
32 65 9292
32 66 9803
32 67 8171
32 72 1558
32 73 11208
32 74 11559
32 75 11658
32 77 2972
32 78 9672
32 79 7194
32 81 11122
32 82 8593
32 83 4904
32 84 3025
32 87 3790
32 90 4865
32 92 5048
32 93 11285
32 94 1448
32 95 2926
32 96 6975
32 97 3504
32 98 3578
32 104 4501
33 36 6037
33 37 8070
33 38 1073
33 40 7589
33 43 1948
33 44 1934
33 48 9489
33 49 4523
33 50 11265
33 53 6847
33 54 484
33 55 6731
33 57 3078
33 59 8393
33 60 9158
33 61 1342
33 65 5641
33 68 6194
33 71 7871
33 74 2500
33 75 4339
33 76 1344
33 77 451
33 78 7853
33 80 1532
33 83 1035
33 86 2204
33 88 1682
33 92 1186
33 96 4151
33 98 4468
33 100 3177
33 106 2193
33 107 5545
34 35 66
34 36 2848
34 39 4080
34 43 100
34 44 1117
34 47 7770
34 49 10636
34 51 10692
34 52 3671
34 53 1402
34 54 6540
34 55 5480
34 56 8750
34 58 11163
34 60 5073
34 61 9485
34 64 348
34 69 7289
34 71 1028
34 72 9856
34 75 385
34 76 7742
34 77 431
34 79 4517
34 80 8986
34 81 3375
34 83 2996
34 87 4412
34 88 8429
34 89 3018
34 90 1534
34 91 3832
34 93 3803
34 94 76
34 96 4585
34 100 6139
34 101 2042
34 102 1053
34 105 545
34 106 8764
34 107 3881
35 36 696
35 38 2513
35 39 731
35 42 3358
35 43 9883
35 44 1737
35 45 9141
35 46 7243
35 47 1029
35 52 8748
35 53 10038
35 54 9381
35 55 5084
35 56 3984
35 58 631
35 59 7513
35 60 2920
35 63 2826
35 64 6257
35 68 10248
35 70 9425
35 72 8466
35 75 9176
35 76 7093
35 77 10323
35 78 5870
35 80 1070
35 81 7237
35 82 10056
35 84 4386
35 85 6491
35 86 3096
35 88 2556
35 89 7092
35 90 4743
35 93 6625
35 96 3668
35 100 6112
35 101 10513
35 102 4736
35 105 4239
35 107 1602
36 40 2994
36 44 8979
36 45 3166
36 53 8227
36 55 9340
36 56 2054
36 60 8478
36 61 1388
36 62 4705
36 63 9298
36 65 5151
36 67 6320
36 68 2040
36 69 2467
36 70 5606
36 71 2888
36 72 8039
36 73 4177
36 74 7634
36 76 6379
36 77 4247
36 78 3757
36 80 8266
36 81 5857
36 83 7986
36 88 6192
36 89 10634
36 90 6470
36 91 3239
36 92 777
36 93 4027
36 94 3161
36 97 4560
36 98 5438
36 100 1435
36 101 5541
36 102 3467
36 105 5947
36 106 1630
36 107 6757
37 39 1111
37 40 1695
37 41 4856
37 43 7729
37 45 10760
37 46 4822
37 48 10516
37 50 10259
37 55 10720
37 59 6875
37 60 5742
37 61 9842
37 63 1444
37 65 3047
37 71 2468
37 74 8405
37 75 235
37 80 9523
37 83 816
37 84 1041
37 85 1235
37 87 2627
37 88 2903
37 89 9058
37 90 6686
37 94 11261
37 95 4358
37 97 9545
37 98 9894
37 106 10784
38 42 7623
38 43 5007
38 45 2516
38 47 2088
38 52 7901
38 54 5961
38 56 7521
38 57 8662
38 58 4830
38 64 1900
38 65 8940
38 67 11333
38 68 1546
38 69 8911
38 72 4645
38 73 5819
38 75 556
38 76 9366
38 81 799
38 87 9963
38 91 8149
38 92 10494
38 94 827
38 97 6969
38 99 1847
38 101 3622
38 105 5484
38 106 6749
38 107 2025
39 45 7140
39 47 9006
39 49 10379
39 51 1542
39 52 2929
39 53 11346
39 54 8758
39 55 333
39 56 694
39 57 10926
39 59 3930
39 60 9357
39 62 5698
39 63 2360
39 66 10932
39 67 10240
39 68 6153
39 71 3943
39 72 3046
39 74 10610
39 75 4373
39 78 10770
39 79 1020
39 82 3060
39 83 10181
39 84 5347
39 85 8141
39 87 10080
39 89 10191
39 91 7503
39 93 11607
39 95 9510
39 97 988
39 98 5640
39 99 4779
39 101 1577
39 103 855
39 104 8796
39 105 6206
39 106 4804
39 107 9491
40 43 400
40 44 11556
40 46 11303
40 47 3853
40 49 6646
40 52 7699
40 53 10530
40 54 5773
40 56 3669
40 58 10856
40 59 870
40 60 11235
40 61 7238
40 62 8441
40 63 7428
40 64 1988
40 66 9951
40 69 11372
40 70 5032
40 71 5408
40 72 10009
40 74 7998
40 75 9269
40 76 1171
40 79 5018
40 80 1802
40 81 811
40 82 11176
40 84 9601
40 85 3844
40 86 4974
40 87 2843
40 88 4313
40 95 10734
40 96 5311
40 97 11572
40 98 11020
40 99 7824
40 102 620
40 103 4053
40 107 8917
41 42 2997
41 44 2010
41 49 1286
41 50 383
41 54 1888
41 56 10189
41 57 2338
41 58 10668
41 60 877
41 62 3630
41 64 8902
41 66 5874
41 69 8639
41 70 10250
41 74 3352
41 76 5079
41 78 4527
41 79 8697
41 81 7771
41 82 3150
41 83 797
41 87 5828
41 88 1348
41 89 11356
41 90 3678
41 92 4616
41 93 8474
41 94 11628
41 96 1426
41 99 6527
41 100 3537
41 101 2400
41 102 4988
41 104 11573
42 43 11226
42 45 2242
42 46 5021
42 47 7575
42 49 2889
42 50 4661
42 51 5804
42 52 3878
42 54 5520
42 55 8497
42 59 7059
42 62 3498
42 63 1231
42 65 6964
42 66 6209
42 67 11206
42 70 1193
42 72 5110
42 74 10652
42 75 8627
42 77 2281
42 79 7752
42 80 6852
42 81 11645
42 82 11133
42 83 10577
42 84 3964
42 85 6729
42 88 9233
42 92 10264
42 95 9810
42 97 1317
42 98 7749
42 107 10145
43 46 2667
43 49 5362
43 50 8648
43 51 1610
43 52 8331
43 54 10196
43 55 213
43 56 3517
43 60 11118
43 61 8395
43 62 8780
43 63 1056
43 64 9852
43 66 3744
43 69 8400
43 71 3048
43 73 6610
43 75 6528
43 76 443
43 77 9569
43 83 4469
43 85 9748
43 89 8751
43 94 3727
43 95 10797
43 96 10862
43 99 1985
43 102 6543
43 103 5714
43 104 504
43 107 5648
44 46 6063
44 48 4230
44 50 4573
44 53 1628
44 57 51
44 58 3538
44 60 8349
44 61 1684
44 63 3124
44 64 542
44 67 11592
44 68 2384
44 70 3496
44 71 9762
44 73 6291
44 75 11524
44 76 5229
44 78 6605
44 81 56
44 86 3175
44 88 8972
44 90 5679
44 93 1750
44 94 6472
44 95 9089
44 96 3949
44 97 5127
44 102 10255
44 103 2640
44 104 4790
44 105 1977
44 106 9777
45 46 4803
45 50 1526
45 52 16
45 54 7447
45 56 9655
45 57 8668
45 58 2743
45 59 5188
45 60 8860
45 63 3576
45 67 77
45 69 8636
45 70 669
45 74 1260
45 76 829
45 77 10118
45 78 4074
45 81 5440
45 82 2378
45 85 7082
45 86 9382
45 87 7524
45 91 1030
45 92 9334
45 94 6651
45 95 7441
45 96 9780
45 97 3275
45 102 7293
45 103 8746
45 104 4219
45 105 11443
45 106 3485
45 107 7020
46 47 8453
46 48 11241
46 49 4124
46 51 8464
46 52 9709
46 54 3567
46 56 5750
46 57 11180
46 59 5059
46 60 6015
46 64 8793
46 65 5228
46 66 7460
46 67 2700
46 68 1870
46 77 8283
46 79 9172
46 81 10060
46 83 6879
46 87 5286
46 88 6679
46 90 105
46 91 8304
46 94 9444
46 96 10158
46 103 2606
46 106 2180
46 107 1781
47 48 11467
47 52 3480
47 54 477
47 57 3029
47 58 3308
47 59 10164
47 62 34
47 63 6138
47 64 10383
47 66 8274
47 67 5334
47 70 5016
47 72 8545
47 76 4106
47 77 7091
47 78 8150
47 79 1817
47 80 1040
47 82 11305
47 83 5330
47 85 1893
47 86 6288
47 87 8069
47 88 1808
47 89 5390
47 90 2867
47 92 7280
47 93 6801
47 94 2645
47 95 11432
47 96 4838
47 97 2266
47 98 5771
47 99 3548
47 100 1325
47 102 4294
47 106 10113
48 49 1812
48 50 7172
48 51 8710
48 52 7029
48 54 6666
48 55 117
48 56 8942
48 57 8277
48 59 9661
48 60 5150
48 61 1820
48 62 1775
48 68 5852
48 70 2477
48 72 548
48 73 1421
48 80 10499
48 83 8127
48 86 7095
48 88 3144
48 89 3346
48 90 1137
48 91 5716
48 93 6597
48 94 6281
48 96 5114
48 97 6712
48 99 7730
48 100 3108
48 101 4881
48 103 7888
48 105 8535
49 50 720
49 56 2299
49 57 6662
49 58 6204
49 61 5348
49 62 7552
49 63 4651
49 66 5256
49 68 11262
49 69 107
49 73 11270
49 75 7309
49 76 9958
49 77 11135
49 79 9641
49 82 8573
49 83 183
49 88 2784
49 89 5513
49 91 9572
49 92 7009
49 94 3711
49 95 2208
49 96 7911
49 100 320
49 104 2425
49 105 6711
49 106 5313
49 107 4014
50 52 4938
50 53 1807
50 54 177
50 57 3594
50 58 843
50 59 6834
50 61 9452
50 62 1219
50 64 8388
50 65 557
50 66 10638
50 71 7635
50 72 6907
50 73 10675
50 76 7531
50 77 3700
50 81 10297
50 83 7051
50 84 2563
50 85 7358
50 87 9920
50 89 8843
50 90 7728
50 94 5666
50 97 10492
50 99 8604
50 100 6573
50 101 5207
50 104 10816
50 105 10861
50 106 1493
50 107 7440
51 53 4739
51 55 2905
51 60 4240
51 61 1273
51 63 7665
51 64 8201
51 66 5147
51 67 8624
51 68 5833
51 73 3981
51 75 3103
51 77 7493
51 78 4382
51 79 6503
51 80 2127
51 81 2418
51 82 108
51 84 10858
51 85 9250
51 86 9198
51 88 121
51 91 7538
51 92 2807
51 95 8389
51 98 7426
51 99 10535
51 100 6107
51 102 4148
51 104 3077
51 106 2858
51 107 7484
52 53 9633
52 54 11563
52 56 9666
52 57 7279
52 58 3361
52 63 1712
52 64 3920
52 65 2100
52 66 9370
52 67 11280
52 68 11388
52 69 6539
52 70 1377
52 75 7346
52 76 4572
52 77 4899
52 78 150
52 79 4784
52 80 7180
52 82 4495
52 85 7450
52 90 7479
52 94 1088
52 97 4557
52 98 2993
52 101 6767
52 102 11292
53 54 2142
53 56 6406
53 59 946
53 61 7495
53 62 10451
53 64 1638
53 66 7995
53 67 686
53 69 6299
53 72 4999
53 76 1176
53 77 2231
53 80 365
53 81 7951
53 85 8511
53 87 4434
53 88 11124
53 89 47
53 90 2726
53 91 9626
53 92 839
53 93 960
53 94 4359
53 96 3655
53 97 11464
53 98 11444
53 99 559
53 103 3693
53 105 339
53 107 2907
54 56 8065
54 58 5181
54 59 7604
54 60 9556
54 64 6753
54 65 5371
54 66 3654
54 67 5152
54 68 10796
54 69 3607
54 70 25
54 71 9944
54 72 10688
54 74 5118
54 75 5349
54 77 5450
54 78 9294
54 82 1013
54 83 10659
54 84 8183
54 85 8651
54 87 1329
54 88 4417
54 91 263
54 93 1762
54 94 1246
54 96 11338
54 97 6045
54 98 5192
54 99 10828
54 104 2218
54 105 6865
54 107 3805
55 57 10326
55 58 5269
55 59 1572
55 61 10305
55 63 3833
55 67 8158
55 68 11394
55 69 2840
55 70 10850
55 71 11659
55 72 8626
55 75 3544
55 76 5566
55 77 10988
55 78 489
55 81 2928
55 83 6159
55 84 7286
55 85 10563
55 86 9989
55 88 8596
55 89 8057
55 91 7507
55 96 8224
55 97 6925
55 98 4231
55 102 1031
56 57 1423
56 59 9213
56 61 688
56 64 7307
56 67 4471
56 70 9694
56 71 10065
56 72 8932
56 73 9727
56 77 11448
56 78 9173
56 80 3749
56 81 3342
56 86 6250
56 87 1696
56 89 2411
56 92 6981
56 95 6654
56 97 5490
56 99 3264
56 100 5309
56 102 3731
56 103 7627
56 104 2484
56 105 7482
56 107 11498
57 58 6376
57 59 10655
57 63 4409
57 70 4332
57 71 974
57 73 3626
57 74 2754
57 76 8300
57 83 5780
57 84 2096
57 88 3531
57 91 1589
57 94 11082
57 98 377
57 99 1107
57 100 11025
57 101 7264
57 102 9566
57 107 1835
58 59 8803
58 60 1241
58 61 9355
58 62 3230
58 63 9441
58 64 5546
58 66 8531
58 67 7037
58 71 5466
58 72 6947
58 74 9652
58 76 3271
58 79 6053
58 80 6535
58 81 9270
58 82 8962
58 84 9855
58 86 7150
58 87 7997
58 88 5026
58 92 1198
58 97 4717
58 98 5969
58 100 4534
58 101 3686
58 102 219
58 103 6249
58 104 7560
58 105 6332
58 106 8380
58 107 5958
59 61 11007
59 62 11527
59 65 8693
59 67 9223
59 73 9365
59 74 8586
59 75 3118
59 76 1471
59 77 11513
59 78 11549
59 79 519
59 81 4875
59 82 1753
59 83 3151
59 86 7165
59 87 2768
59 93 10032
59 95 6490
59 98 5681
59 99 3874
59 103 737
59 105 371
59 107 9971
60 61 1702
60 62 2057
60 63 10111
60 64 10519
60 66 1150
60 69 8916
60 70 4864
60 71 9591
60 72 5670
60 74 2333
60 77 3028
60 80 5125
60 81 4140
60 82 225
60 84 1118
60 87 10139
60 88 3002
60 89 2443
60 90 9317
60 91 2566
60 95 2223
60 99 6356
60 101 10909
60 103 6174
60 104 8868
60 105 9663
61 65 2751
61 66 4545
61 67 2706
61 68 2560
61 69 4828
61 70 8181
61 74 6038
61 75 5609
61 76 5743
61 79 7118
61 81 4604
61 87 9712
61 90 10985
61 91 6334
61 92 5864
61 93 4466
61 94 11006
61 96 9093
61 100 10981
61 101 2094
61 104 8720
61 105 9484
61 107 8465
62 63 638
62 67 3192
62 68 10821
62 69 711
62 70 68
62 73 4057
62 78 2955
62 79 4116
62 80 5167
62 82 8228
62 83 1584
62 84 3040
62 86 547
62 88 8560
62 90 2371
62 95 2675
62 98 10708
62 102 9761
62 103 9913
62 104 7894
62 106 8204
62 107 10123
63 65 8259
63 66 8483
63 68 1492
63 72 7913
63 74 378
63 75 11351
63 77 2093
63 78 649
63 79 6730
63 80 65
63 81 9546
63 83 11410
63 87 2165
63 89 3704
63 91 10226
63 92 6221
63 94 2879
63 98 8667
63 100 9686
64 69 3163
64 71 5209
64 72 3164
64 73 9464
64 74 959
64 75 882
64 76 4680
64 77 5866
64 78 2310
64 79 7892
64 80 852
64 81 8605
64 84 3873
64 86 6622
64 90 3447
64 93 7880
64 94 11454
64 95 7672
64 96 10253
64 99 3464
64 103 3185
64 104 53
64 105 6993
65 66 2664
65 70 3001
65 71 8909
65 73 2697
65 77 7931
65 78 5877
65 80 8079
65 81 9625
65 82 7313
65 83 2702
65 85 6047
65 88 3857
65 89 281
65 90 4708
65 92 3225
65 93 982
65 94 5041
65 95 10425
65 101 682
65 102 1237
65 103 5235
65 105 3334
65 106 1950
66 67 8696
66 68 4945
66 70 4420
66 71 1294
66 72 10487
66 73 1195
66 74 11219
66 75 10414
66 76 2178
66 78 2215
66 79 7573
66 80 663
66 83 3847
66 86 10836
66 87 4810
66 90 8271
66 91 10822
66 98 414
66 99 10262
66 101 1924
66 104 10005
66 105 1706
66 106 4158
67 68 4273
67 69 1830
67 71 3872
67 72 3458
67 73 6678
67 75 6775
67 77 11364
67 78 11357
67 79 9934
67 82 6589
67 83 3551
67 90 4032
67 91 695
67 93 6891
67 96 10583
67 100 3905
67 101 9588
67 102 1615
67 104 984
67 105 5243
68 69 2307
68 72 3657
68 75 9517
68 76 6366
68 77 389
68 78 8895
68 79 1617
68 81 149
68 87 8357
68 89 11047
68 90 1220
68 92 616
68 93 11405
68 97 4178
68 99 7106
68 101 8498
68 102 578
68 103 2065
68 104 9606
68 105 3338
69 71 3961
69 73 4725
69 74 4845
69 76 9707
69 78 1385
69 81 6413
69 83 8992
69 84 4781
69 85 6792
69 86 11048
69 88 9645
69 89 3141
69 90 7145
69 91 7788
69 93 10864
69 95 5960
69 97 5282
69 98 8826
69 100 2738
69 102 9421
69 103 8893
69 105 9237
70 73 3601
70 74 4237
70 75 6321
70 76 7610
70 77 5332
70 79 8404
70 86 5968
70 88 7342
70 91 126
70 93 475
70 95 3604
70 96 10952
70 98 11460
70 101 6425
71 72 5022
71 74 4285
71 75 4436
71 76 2039
71 78 7817
71 80 1166
71 82 5023
71 83 7138
71 87 8654
71 88 3652
71 92 10766
71 93 5708
71 98 2325
71 102 10034
71 105 3206
71 107 5238
72 75 3363
72 76 3446
72 77 8366
72 80 526
72 85 9098
72 88 9745
72 89 11649
72 92 4017
72 96 4692
72 97 10934
72 98 9204
72 101 8846
72 103 5883
72 104 8258
72 106 800
73 74 7712
73 80 3017
73 82 5971
73 83 2529
73 84 9224
73 88 772
73 90 8457
73 93 2122
73 94 660
73 96 3019
73 98 3007
73 100 9153
73 105 6858
73 106 7718
73 107 267
74 77 4342
74 78 6177
74 79 8554
74 80 5341
74 83 1021
74 84 10635
74 85 5871
74 87 7244
74 90 513
74 93 1078
74 96 10514
74 98 1182
74 99 2283
74 100 6162
74 102 3080
74 103 9359
74 104 6688
74 106 916
74 107 624
75 76 6350
75 79 2524
75 87 7126
75 90 4629
75 91 10774
75 92 5353
75 94 7812
75 95 3980
75 96 647
75 99 5283
75 101 672
75 103 8365
75 104 6671
75 105 5455
75 107 6417
76 77 2480
76 84 8407
76 85 9302
76 86 8206
76 88 6982
76 89 4937
76 90 313
76 92 5419
76 94 2862
76 95 2225
76 98 10050
76 101 4415
76 103 7100
77 78 2340
77 82 9056
77 83 3473
77 84 2598
77 85 3388
77 88 11565
77 91 1082
77 94 7697
77 96 4860
77 97 11470
77 98 3741
77 99 11614
77 100 7722
77 102 10935
77 104 3248
77 106 7231
78 80 664
78 83 7001
78 84 3754
78 85 1077
78 86 1141
78 87 5083
78 88 1685
78 89 9961
78 90 131
78 92 4704
78 95 6151
78 96 4587
78 98 114
78 99 4388
78 100 6423
78 102 8640
78 103 11641
78 104 3662
78 105 11162
78 106 1994
79 80 11482
79 81 7355
79 84 11352
79 88 4482
79 91 3190
79 93 9996
79 95 1843
79 97 8934
79 99 8287
79 101 8280
79 103 7745
79 105 2408
79 106 3156
80 83 8852
80 85 8295
80 86 8629
80 90 9537
80 91 6125
80 92 324
80 93 10894
80 97 10174
80 99 2457
80 101 9756
80 102 11089
80 103 442
80 104 6
80 106 10233
81 82 10452
81 83 5196
81 84 5865
81 86 8093
81 89 5853
81 92 8737
81 95 3059
81 96 11049
81 99 5785
81 100 8077
81 101 10785
81 105 2810
81 106 7639
82 84 3174
82 85 2982
82 87 10809
82 89 6246
82 90 9887
82 95 10527
82 101 10061
82 102 3050
82 103 4993
82 104 2707
82 105 3099
82 106 5108
83 85 9820
83 87 2171
83 88 11060
83 89 11456
83 91 6813
83 92 4200
83 98 1537
83 100 2736
83 101 781
83 106 11023
83 107 3143
84 85 1324
84 90 2533
84 92 237
84 93 1375
84 95 8013
84 96 3782
84 98 5514
84 103 8114
84 105 11273
84 107 1501
85 91 5063
85 92 1849
85 95 3318
85 99 8165
85 100 6587
85 101 8557
85 103 5054
85 104 1334
85 107 8849
86 88 7877
86 90 11386
86 91 10705
86 92 4276
86 93 7226
86 95 3904
86 98 7935
86 99 5036
86 100 11440
86 101 5043
86 102 8506
86 104 4520
86 105 10854
86 106 4726
86 107 9075
87 91 3076
87 93 501
87 94 3354
87 95 8324
87 96 1114
87 99 9331
87 100 3684
87 101 1875
87 105 8045
88 90 3173
88 93 9349
88 95 7605
88 97 1918
88 98 11011
88 100 3628
88 102 2182
88 103 727
88 106 3263
89 90 3973
89 93 8306
89 95 4511
89 96 6069
89 97 8133
89 98 5409
89 99 9114
89 102 7336
89 103 7838
89 104 5632
89 105 2855
89 106 239
90 91 4457
90 94 9258
90 95 9178
90 96 6968
90 97 10561
90 99 10776
90 100 540
90 102 1350
90 103 10089
90 104 8688
90 106 1608
91 93 6957
91 95 9332
91 99 739
91 106 3639
91 107 7704
92 94 5908
92 96 2251
92 98 1486
92 101 8102
92 105 4464
92 106 6715
93 94 6345
93 97 9516
93 98 9060
93 99 1740
93 104 1573
93 105 8414
93 106 1565
93 107 1571
94 96 937
94 98 2272
94 100 9285
94 102 8117
94 104 7909
95 96 6595
95 97 8218
95 98 10325
95 99 6554
95 100 5148
95 104 3394
95 106 3097
95 107 2455
96 102 10786
96 103 4069
96 104 6638
96 105 2436
96 107 6227
97 98 835
97 99 6697
97 100 6457
97 101 1292
97 102 11008
97 103 10715
97 105 7930
97 107 2131
98 99 3818
98 101 3690
98 102 6286
98 103 1520
99 100 972
99 101 169
99 103 11371
99 105 844
99 106 7296
99 107 3255
100 103 1378
100 106 3721
101 104 7442
101 105 11213
101 106 347
102 103 5525
102 106 3383
102 107 10428
103 104 1389
103 107 506
104 105 6502
104 106 317
105 106 1239
105 107 6598
